13.1883
14.3703
6.09871
8.4688
13.283
11.1667
12.8627
10.6627
14.8127
13.6734
13.4602
13.5494
5.55972
11.2298
13.108
13.6441
9.2597
6.93738
8.47086
10.2317
9.58626
13.1527
8.81181
9.90222
8.4447
12.1609
11.1884
14.859
9.81051
9.74079
11.0057
12.4412
8.12864
5.86967
14.072
14.7436
14.9938
13.8982
13.6711
6.03235
8.64474
10.1455
10.9726
5.73023
7.62395
10.6724
9.39407
13.9886
6.50946
8.19113
12.1975
14.0527
9.06491
9.83494
5.16813
9.82045
11.1355
6.60595
8.76881
11.7821
6.53617
11.5543
7.13162
7.6756
10.481
10.2272
12.8791
9.31874
12.2216
6.27158
13.6883
7.48782
10.1922
12.6848
14.6325
13.6241
14.848
9.46134
9.96093
9.74629
12.0078
9.25349
14.4088
14.2227
13.9324
6.39045
7.23437
10.6602
7.0884
11.6301
13.2043
12.5528
7.04184
12.4245
12.9944
12.8712
11.4283
12.6954
14.3523
14.3108
8.51946
12.6367
9.80105
9.20142
13.1008
9.52593
9.60915
7.03924
9.44024
5.72038
11.3322
11.9798
12.4743
4.26225
14.7233
12.6582
11.6895
10.2822
13.3196
13.4023
11.6625
9.87255
12.9268
12.5651
9.38335
11.0726
6.25738
6.97398
11.3964
9.09563
9.79577
8.63003
11.7992
11.3236
14.8957
14.9335
14.9986
12.7645
10.8934
14.0687
13.9769
13.789
5.99263
11.6055
10.051
13.3196
13.0751
8.40274
12.6854
14.6569
12.2123
14.7189
11.2827
14.3705
13.9467
8.65863
6.17886
12.9052
14.9596
14.7655
11.2963
12.216
13.6778
6.00172
10.4006
13.8995
13.7086
12.5475
10.024
9.4047
10.5903
13.7189
5.77248
9.18495
11.0301
12.1233
11.3555
11.1626
5.34023
9.73598
11.3303
9.68308
8.93034
11.6982
13.0444
12.5712
6.98789
6.04669
10.667
14.8977
8.58301
14.0189
10.4125
9.7004
14.7049
12.4181
12.8172
13.3992
4.73905
5.97867
9.25379
8.99242
11.6104
14.818
11.1269
13.3032
9.69085
9.24839
12.9372
9.54386
13.1409
9.35383
13.6125
14.3964
9.09416
11.4762
9.95577
13.9217
13.7637
7.76006
14.6701
9.99749
8.68821
13.9661
14.6715
12.1113
14.9772
10.2163
12.6954
13.6942
14.1492
10.1894
12.2739
13.7585
13.6817
11.3798
14.6561
14.5547
12.8832
14.3716
10.6772
12.4311
6.12445
8.35896
10.8533
14.5834
13.8002
5.78966
5.4242
4.59597
13.8359
14.4867
14.192
13.2751
10.5416
13.56
14.4795
10.4886
4.08712
14.0642
11.8557
13.1534
10.5646
13.9041
14.1816
12.1906
9.29622
10.8286
8.90119
13.63
9.05453
4.69293
10.8881
12.1405
13.5501
14.541
13.7786
12.0283
13.9403
11.9142
10.2571
6.61767
9.19047
12.5945
5.5486
12.0051
13.0282
12.1149
13.558
12.0657
9.32738
13.2899
8.05881
12.774
8.79038
8.27343
10.7632
10.7215
12.7295
12.7979
4.02848
8.96477
14.1612
12.8867
11.2739
9.19467
8.82625
4.38164
5.0654
6.51778
10.9316
14.7087
13.3732
14.9185
9.03593
4.92366
10.911
9.83194
14.352
14.4149
7.84932
10.9294
10.1147
8.70753
10.5595
14.8681
13.581
11.618
14.7204
14.6888
10.3743
10.6237
13.0535
10.8792
10.9289
11.8041
6.79919
11.0723
9.17621
5.35774
9.82735
14.5741
13.1419
7.43806
12.2624
12.063
9.92252
9.76318
12.4665
6.14595
11.8195
9.65754
13.5341
10.2498
12.6318
14.2057
13.3699
11.9956
9.03011
10.707
9.54831
14.8348
11.2082
14.9017
7.22021
12.4641
9.78951
9.98143
6.16596
14.0068
12.1885
14.7084
10.782
8.48804
9.66901
12.0113
8.2193
5.17741
12.3684
12.6474
13.2989
13.5117
14.1207
12.0543
10.0021
7.92906
6.88333
10.7262
5.50437
11.1482
13.5883
7.88175
11.1484
14.2839
10.9665
14.6353
13.5746
13.7205
11.1644
10.5384
13.7629
12.7218
14.288
13.7536
12.4238
10.9716
13.4727
10.0568
7.08623
5.81473
12.1388
10.0546
10.978
7.85017
11.3528
8.70985
6.16785
13.7948
8.59035
5.37094
7.2609
12.3393
13.8197
14.4124
13.4349
14.3505
10.0636
12.2588
11.463
10.7016
9.24265
14.2871
14.2143
11.89
13.0886
10.9051
5.61526
5.4297
5.97351
8.55211
8.98114
7.66944
10.3875
6.12006
14.8584
13.0354
11.3837
13.9509
8.65113
5.84927
7.7732
8.82997
14.3551
9.35533
9.60579
11.1326
8.99554
12.1309
11.6403
11.8513
9.71206
9.7601
13.0168
11.6975
13.8888
10.1917
12.0874
13.3028
6.82765
9.79927
5.49741
11.7978
10.6224
14.3634
7.3116
13.9984
10.3045
12.4896
14.2367
12.3673
9.58808
12.311
6.01918
9.15436
12.3335
13.1158
12.3302
6.25402
14.0032
14.8249
12.5855
13.2943
6.54741
8.43743
4.33119
14.3789
5.45259
8.27994
11.1071
12.4557
9.12701
5.69716
10.6749
5.88325
4.86215
11.1174
10.8014
13.8089
12.4419
14.7029
5.99706
14.7069
12.1388
12.2855
12.1076
12.9995
13.6661
10.1125
14.4692
14.2987
14.6471
12.837
8.56403
13.5526
9.20237
11.4631
12.5714
5.55058
14.5892
9.67248
14.8045
12.9988
14.0831
8.95409
9.98649
11.9355
11.3372
9.75881
4.56895
8.2438
9.57984
13.8161
12.8256
8.11307
11.3067
10.904
10.4269
10.2297
14.4264
13.4368
9.87726
10.6406
8.56054
13.0477
14.7937
10.6373
9.93344
13.4931
10.5928
6.14741
9.27349
8.61845
8.71234
10.5095
11.4552
8.35883
6.07641
11.373
5.3744
12.9366
13.3911
10.0984
7.08771
6.24572
10.0048
6.4797
11.599
12.6319
8.05396
11.2577
8.64653
13.6402
12.9948
6.43115
11.4768
8.77457
13.607
5.78177
10.6758
3.95499
12.2053
14.2494
8.37388
13.7522
13.4483
14.3606
6.87424
10.5866
8.72836
12.8241
11.2494
12.5514
8.68583
5.20237
8.66774
11.523
11.6022
12.2111
8.66393
7.41183
11.1983
14.1319
5.20622
12.6027
11.6931
9.09079
4.09729
12.5541
14.7967
11.8132
11.3009
6.75377
9.57018
13.1623
12.288
6.15651
11.7876
8.38127
13.5717
12.2779
8.47983
12.0107
14.0955
8.60225
10.9471
10.532
5.33005
13.5147
9.48304
14.2298
14.3347
10.5226
8.04691
12.45
14.1575
11.4715
10.6961
12.3582
6.74425
11.7352
14.6013
10.7772
10.7342
12.4315
8.7928
12.8991
11.9698
9.5353
6.56415
8.35941
9.61842
13.6235
11.0923
11.9827
10.4106
11.882
9.65987
6.13398
14.336
9.56515
13.1716
12.2479
11.0341
6.54846
12.0693
7.79608
10.1692
13.8164
6.94144
10.4839
8.67283
13.3877
13.0137
13.8122
10.9036
12.2527
11.2925
12.8877
12.0342
10.2602
11.2764
13.5785
9.1075
13.3971
14.9028
13.1958
10.278
10.58
9.48649
7.18281
5.69628
9.28415
14.5161
12.7896
14.1884
9.7137
13.0175
14.6568
14.9041
12.6935
13.8705
8.89197
8.33845
14.9603
13.2222
9.12326
9.97775
14.4253
14.2147
14.7396
10.9431
9.44312
14.638
14.8867
9.46316
10.1413
10.8686
11.2355
11.1382
12.0929
8.47891
12.1017
12.4446
12.0232
14.1327
14.9681
11.4663
11.263
14.9073
11.7322
14.7959
13.3348
12.9947
12.5101
13.067
10.1634
6.10737
10.9094
8.04402
9.7557
14.0321
8.00542
9.78364
7.6313
5.67945
10.9152
13.874
11.0111
11.9635
8.39621
11.7001
10.9143
8.83325
12.4691
12.4576
12.5081
4.52016
13.7488
9.9927
11.0233
3.82239
10.1791
9.6813
12.1315
9.57236
8.53709
12.3608
8.09335
9.21567
10.1029
13.5889
10.7425
4.84261
9.17078
8.86573
8.7764
14.5327
12.6284
11.7961
12.546
10.8539
12.5585
7.65754
8.93727
6.00145
8.78069
13.3975
11.2685
11.0684
13.2401
14.7572
11.3025
11.8587
12.6505
12.6286
14.867
10.1484
12.9838
9.76811
13.6203
9.5404
8.7145
14.9978
14.8684
10.3318
8.42133
6.2223
10.4547
8.72517
12.532
10.3891
12.2614
13.1041
11.798
14.657
12.7654
8.80359
13.4628
9.39664
11.5487
10.6837
11.8063
8.33218
6.02984
7.9763
14.9287
10.5791
14.1323
10.0879
8.40693
13.8534
12.1134
10.4576
5.32682
7.663
12.033
7.71475
12.9502
11.9712
10.4952
10.059
11.6804
12.254
10.4528
14.2399
12.0094
13.5767
14.792
13.3073
6.26917
8.78584
12.4909
14.164
11.2805
8.33375
11.0971
13.0113
9.04264
13.5296
14.208
13.5471
5.58733
10.5894
6.21572
8.69289
9.88017
11.8558
12.3599
13.3745
13.9035
7.5934
6.39314
8.92259
14.4089
9.32186
11.6345
9.03876
9.70388
5.9954
10.3576
9.03582
6.34743
10.106
11.4225
14.2156
13.6981
12.1853
14.5063
14.7562
7.68525
14.0834
8.73308
10.6676
14.6408
12.2318
11.2867
7.61133
12.459
5.99755
5.51129
8.0846
11.4085
8.75819
5.29172
12.9944
10.1263
13.235
8.25045
12.3825
13.8118
14.3191
12.8878
13.6034
8.97367
9.71715
9.71219
12.8543
9.65299
14.9756
5.19235
11.3663
12.9617
13.9833
11.9407
8.1391
8.81343
13.2415
12.0531
8.82928
9.76033
10.6034
12.2242
12.0266
9.19997
10.4561
4.6255
12.2994
9.08831
13.0173
7.05666
12.6287
12.3139
10.7
9.08565
13.4282
11.253
7.45334
10.4718
13.5103
8.87493
11.256
13.8414
9.714
9.68681
9.41534
6.05972
11.714
13.8194
9.49613
14.5547
9.57807
13.9655
14.1894
12.5587
8.91485
12.8055
11.3606
11.5682
9.34854
12.5043
14.2739
8.71295
14.7409
8.94648
14.1819
9.50385
9.61903
6.89374
14.3599
8.79356
6.2269
10.1848
14.1513
14.6168
11.3209
10.4603
13.5075
13.8578
13.0577
12.2029
8.46073
8.60519
10.4053
12.8936
13.439
14.9983
12.4287
5.93417
14.6258
14.3234
12.1431
8.95463
12.0099
14.9109
5.56973
9.80817
8.82425
12.9507
10.7101
10.549
13.6455
9.93795
12.8051
12.5146
12.9699
10.8846
5.79235
13.1326
8.1494
9.3163
14.5293
9.1196
13.8437
13.9585
13.0312
11.1983
12.7635
8.92229
7.0415
14.4679
13.9054
13.4429
7.89732
11.424
10.0762
14.6649
9.3713
14.3602
10.943
13.2226
12.6506
7.30619
13.3454
6.5168
10.2247
12.1702
9.19666
9.35827
9.2073
9.01178
6.33642
9.12792
14.7179
11.7898
8.03974
14.9756
9.03605
13.3659
11.7037
14.6835
13.9852
13.8914
11.7269
13.8554
14.8104
13.9124
13.3211
9.00611
13.2648
12.1756
14.1429
6.27622
14.2549
5.17372
12.0291
9.88497
14.3618
11.4428
8.5338
10.1011
5.0943
11.4782
13.5999
12.8328
14.4103
13.1899
12.2294
14.6491
9.63673
14.2552
10.7359
5.67396
12.6904
14.6691
7.49313
13.8408
14.1107
10.7628
10.404
14.7294
5.68774
11.6964
14.8781
10.0591
14.3063
14.5363
10.5601
12.2883
14.5425
5.2717
10.8862
13.9717
8.9648
14.0997
12.0596
8.91739
5.20835
13.7437
13.026
6.23199
14.3095
7.30463
5.04028
8.42551
12.4412
14.2416
12.5768
8.54107
10.8774
8.61428
7.00851
14.3207
14.9342
13.0376
8.77818
10.1586
8.76879
11.9191
10.0812
13.52
12.8376
14.4213
14.0559
7.3509
10.6176
14.7495
10.9601
10.5931
11.9596
8.40856
11.889
13.086
11.4205
14.9093
12.5698
9.68205
6.61005
12.9937
10.2886
9.85567
13.3332
9.23531
13.9757
14.4285
10.0699
9.27154
8.17002
5.96642
9.12735
10.6259
8.74882
10.8036
5.5754
9.55045
11.8315
10.6135
12.4818
12.0828
10.7788
7.276
11.2795
8.58191
14.3793
10.6351
8.59028
11.983
5.19057
14.2674
13.46
12.2661
6.95128
5.96248
11.5238
10.7344
11.7242
13.3542
14.3549
5.31047
8.39784
13.263
8.92393
13.7898
9.81762
14.8171
10.274
14.7335
13.8385
10.6064
14.4754
9.91395
14.5806
7.34093
12.5701
13.1118
11.7063
11.3344
12.7388
12.4238
7.47426
13.1289
12.4323
13.9945
8.77706
13.4847
5.07181
10.8438
8.2378
10.7228
14.7185
13.4523
10.1871
14.471
8.49041
11.5417
14.7597
10.0806
10.7731
7.94797
9.35253
9.71319
12.2722
8.8841
11.3369
10.4263
11.8706
13.9466
13.5671
12.5958
12.7552
9.03597
14.6026
7.99663
13.9872
13.3215
7.16947
8.36284
8.36421
9.31398
9.02443
9.87914
14.213
14.9914
13.7234
9.47059
9.45047
7.08072
11.8148
12.9312
8.68246
6.8564
10.6095
9.41388
9.21737
10.3514
13.4411
11.2299
13.5181
14.6155
11.3962
14.9916
11.828
7.61352
5.95012
10.0466
14.9078
12.2062
8.72685
6.10333
10.8976
11.4969
13.2619
12.1743
14.6787
12.5946
12.1312
11.798
12.7443
8.72637
12.0464
9.52594
9.5639
10.8949
13.0193
13.9213
14.202
13.2281
14.4702
11.3337
8.90206
11.2462
9.28546
11.7171
5.62471
6.38131
10.3314
11.0501
13.5173
11.2295
12.9245
7.94432
10.8178
6.65737
12.9934
13.4624
12.8051
8.78835
13.8752
8.50017
14.6519
12.688
10.5694
4.10723
11.5569
14.2961
12.5483
12.7623
12.0371
9.59752
10.0351
8.73985
6.36707
14.5903
13.0253
8.5454
9.43753
12.0078
10.8881
9.71549
14.1127
14.3557
14.6505
14.7111
8.61969
11.2569
12.3183
9.0804
10.7965
6.07191
9.74515
10.5397
12.6016
7.85858
9.65908
10.6192
14.8798
14.4596
7.54994
14.5282
4.76192
12.2125
6.53302
14.3645
5.79875
14.6504
5.80841
14.3575
12.9204
9.62702
12.5886
8.80685
6.65654
9.97474
8.9875
10.3527
10.8292
12.2093
10.7083
12.0649
13.0729
8.99797
10.3572
10.7462
12.1734
13.0742
12.4793
10.5423
11.7246
13.514
10.1312
12.952
9.59214
8.74419
11.4471
14.8035
13.6464
7.23158
14.03
10.6206
9.98548
12.3065
14.253
9.57092
14.7683
14.5977
7.16348
8.37622
7.5618
12.0574
14.4209
14.5836
13.3025
14.8937
9.84646
5.59708
14.6156
7.17341
10.0099
10.5248
11.8984
9.23555
14.5216
12.8026
9.61246
14.4754
8.21946
9.1491
14.6334
12.6951
14.535
7.38995
12.4413
9.67811
14.6283
13.4508
5.86002
12.9199
11.7402
12.0738
9.46065
12.9609
10.3232
7.09189
6.73772
6.51183
11.1909
14.4078
13.3458
11.6513
9.25845
9.56472
6.03548
11.7994
11.5893
5.77392
9.60871
11.5265
12.4279
6.65762
7.3223
9.52603
11.7769
10.7707
13.0849
12.0206
12.5002
10.6541
10.5922
11.2979
14.506
13.2054
10.8422
9.07674
10.5489
14.1704
12.7196
4.47519
6.623
9.41178
10.8752
10.9149
13.2457
11.5933
10.4108
6.99894
13.6553
11.4969
11.6502
12.5041
12.2731
13.4077
12.5511
11.1875
10.0423
13.4224
14.5639
14.6997
12.9155
13.3164
11.4379
12.9425
9.3556
14.6709
13.9759
9.83165
10.6473
12.3733
7.49001
10.6983
10.9358
14.251
7.27866
8.05269
11.2917
13.9719
14.6566
13.7349
11.2603
13.5102
13.8505
14.9861
12.0165
11.5598
7.72741
6.84744
12.5028
8.44207
7.51202
11.6256
14.6173
10.8361
6.46325
14.8346
10.8578
8.16745
14.1859
13.641
14.6478
8.04785
7.19069
4.84393
13.339
14.8058
10.4867
6.46668
8.64012
10.3929
13.1671
10.1604
9.48519
6.98545
13.3667
13.0009
9.15422
13.8569
6.10117
12.6217
14.6133
9.86431
7.04774
12.2524
12.4106
14.7702
12.5591
9.29254
10.9399
8.80439
10.1794
10.12
5.65114
13.3902
11.9907
14.661
9.61991
6.77386
10.6629
14.4892
13.035
10.7967
9.03028
5.1205
5.84373
10.1482
11.3304
9.16205
12.2498
12.0522
10.8619
4.97572
12.1073
10.3431
10.9732
14.1948
13.614
11.5288
9.15921
9.89565
13.2954
14.0957
13.0127
12.4778
11.501
14.2557
8.53497
12.9861
10.2871
13.9281
6.03291
6.87799
11.5006
14.8749
13.6214
10.503
13.5228
9.48902
13.5916
11.4878
9.79271
11.1037
11.9973
13.2182
8.46239
12.2956
11.9129
6.56471
9.57804
10.06
10.9008
14.6937
12.7746
9.70426
13.249
14.6287
14.4832
13.3701
8.35528
8.73052
14.5338
11.9958
14.0172
14.996
13.4412
12.4938
14.7604
14.4965
8.88036
10.8687
6.19463
14.2549
12.0074
6.14834
9.07613
5.67137
6.41563
6.16885
6.89585
10.3633
12.2474
8.68637
11.9895
7.90146
13.7894
13.8564
12.926
9.76185
12.0758
8.01144
10.6664
14.001
11.9038
8.35767
14.66
13.8897
9.87618
10.4582
14.359
13.6229
12.182
14.2448
11.7708
8.46634
14.1631
11.723
7.02117
12.6843
13.2716
6.78202
12.3378
13.1743
11.2561
9.71432
6.93938
11.8882
8.21858
14.9126
14.3166
8.38605
11.001
14.3889
13.3487
11.5998
14.7178
12.9287
10.2814
10.4514
6.47578
9.73554
5.99595
6.58966
8.99682
11.7464
13.0871
12.0903
14.4857
13.7798
11.3627
6.82827
14.5746
10.4622
14.5069
12.3909
13.8256
13.3916
9.92787
14.9422
13.4883
6.8982
12.8078
13.9705
6.01824
14.8836
11.3818
9.6301
7.3754
9.79114
9.63973
9.42702
11.1122
10.4038
14.7643
11.4849
14.5503
12.0609
13.2468
9.9051
11.4477
14.5394
12.4668
12.3112
9.93637
6.12688
6.61814
11.3322
13.4521
12.7634
10.4937
14.2102
13.6022
9.78999
12.5485
7.54259
14.6625
14.2008
11.0063
9.77302
8.39437
10.381
7.31039
11.9304
9.60068
14.4527
13.0584
14.8498
10.4071
14.0322
9.84395
10.3327
13.4044
13.815
12.7923
14.3027
12.9324
4.98005
13.963
10.7967
5.97855
6.27444
6.20732
13.5505
11.5477
12.9305
13.778
11.827
7.84922
9.60386
14.9122
8.08594
5.1289
5.49641
12.1235
11.0968
10.671
14.1494
9.9103
6.40582
11.0495
10.8565
14.1513
12.0222
12.1346
10.6833
6.67597
10.1921
13.4423
13.9909
13.5746
14.9487
13.0973
13.609
9.22713
10.1529
12.435
13.1408
10.4899
13.285
14.3626
13.9884
13.7727
10.683
13.0344
9.30727
11.8485
13.9205
14.437
13.014
8.92137
10.9444
12.2888
8.33733
11.0963
12.0544
13.8604
11.3147
10.7867
8.47503
10.5351
14.1476
11.1712
14.6803
9.04163
12.0461
13.441
8.52391
9.98136
6.37832
14.495
13.8582
12.5634
11.727
12.7101
13.3905
13.6698
14.4782
10.5759
10.2224
14.1909
11.2863
11.0968
8.76107
10.4227
14.8281
13.6794
5.86876
14.7666
14.1238
9.76048
14.873
12.7849
10.7762
7.85658
7.90072
7.1173
14.5861
13.0252
7.50918
11.6773
13.4755
5.63395
12.5607
8.63949
12.6974
13.8438
10.9421
9.66719
9.86295
9.76213
13.0637
12.9947
14.4521
12.1274
10.1341
14.9375
13.8548
12.8171
8.3617
10.2367
9.43522
14.5484
13.552
14.2485
9.56187
6.66521
10.2044
13.2378
13.8757
8.32187
14.3007
7.36921
14.8376
14.9457
12.1323
9.94129
13.9766
14.8648
11.0844
13.2507
6.29168
8.47036
5.6149
9.07905
13.6437
10.9262
11.3298
13.719
9.05961
10.9963
12.6603
11.2873
12.4393
9.88536
10.9206
9.77826
10.3522
9.84753
13.4185
11.128
11.6301
13.4966
8.92771
7.96415
11.4048
13.9222
14.2235
8.61462
13.0417
14.0475
12.4867
9.76228
11.4853
12.5247
8.42796
7.49917
4.54164
9.61625
9.59514
10.2212
12.6086
5.1707
11.232
8.32143
13.6331
12.6303
7.73499
11.0348
11.4781
12.5481
14.0988
14.546
6.70169
12.7244
13.7522
11.3852
12.4923
12.9841
11.6668
9.68077
12.8431
10.0427
10.2559
9.16637
9.08893
5.54717
14.4232
10.5152
14.4275
11.2097
13.0725
12.8538
9.34908
13.9391
5.36278
7.62131
9.38439
5.48301
11.9047
13.0266
10.8167
6.69717
10.9005
9.63143
14.4511
14.0819
13.4775
11.8825
6.54797
13.9043
12.4279
6.56032
8.68661
12.3448
8.66406
4.63333
7.66042
13.0503
11.9391
13.0485
11.8147
10.4355
8.12716
5.37423
14.6234
8.57776
14.0215
14.6307
12.4803
9.89773
10.5802
9.00453
14.049
13.0781
9.28624
12.7984
14.4547
14.4183
12.7758
5.90444
11.6335
5.36985
7.38952
6.81186
14.3445
11.9319
10.3541
12.0589
14.4749
14.4737
12.0117
10.1251
10.2032
8.34393
11.2255
9.9552
12.5162
12.0645
11.2546
12.7167
13.7688
9.5858
10.5688
5.50866
13.2923
10.8245
14.2121
9.65423
13.3463
7.82844
14.4522
12.3987
14.7721
12.8309
10.6903
6.22021
8.25726
6.2927
12.7622
14.2583
8.41623
9.41225
10.7077
14.3303
12.1403
14.8076
13.5249
9.40199
6.01358
10.3455
13.1419
12.1732
14.3943
5.61851
10.9794
6.84378
10.3613
11.3706
13.4455
9.48
6.07657
4.75769
12.0016
14.2797
13.344
12.5666
13.9592
8.30654
6.04832
13.7612
12.3542
10.8066
6.06299
10.3906
10.0503
12.8798
7.29186
14.6918
10.5908
11.2482
13.1046
13.7019
12.8402
9.83456
14.9087
4.27232
10.5496
14.3185
12.784
10.1716
13.3528
7.36228
11.9729
13.8743
7.58843
10.409
12.5191
10.5795
14.3061
6.65834
11.7608
8.6825
12.9323
9.88029
6.43022
14.7484
8.05801
14.4407
12.7835
13.9629
10.3687
11.2306
8.38789
13.4752
13.0592
10.5013
8.61086
8.79244
5.84641
9.65278
11.2404
14.8758
10.9643
7.5581
9.31257
12.6957
14.9652
9.02578
13.6934
13.6344
8.21305
11.6277
14.6727
14.4123
8.81277
11.0414
9.74129
5.65371
9.24222
13.93
12.6965
13.4386
8.33953
11.5297
10.7669
10.7876
14.4718
13.431
12.7428
6.18359
8.67065
12.744
11.741
10.2638
9.73127
10.4264
9.88221
14.3708
13.8307
7.1516
14.2582
11.1444
9.2029
11.562
13.1521
9.16095
10.7037
12.2682
6.05264
8.54101
8.4147
12.2389
11.129
10.1202
11.6982
10.8444
11.5579
12.2606
12.3984
12.1589
10.1512
13.0114
14.8526
9.45298
13.0285
9.47161
13.0948
14.4176
14.3278
13.8955
8.83514
13.5174
12.1777
7.47611
14.1891
13.7385
13.5319
14.3171
6.20851
12.1136
14.2168
10.6861
13.2615
8.93837
9.1071
14.9109
9.7688
6.88301
11.8296
13.1136
13.5488
13.1897
10.4086
10.6322
5.77638
8.33243
13.8367
12.7263
13.4168
4.7241
10.634
12.5102
12.3334
13.5623
5.97786
11.8471
14.0835
6.77212
13.7729
11.9712
9.93552
10.1654
5.47414
13.0506
8.77595
11.4418
6.55109
9.50246
10.0968
5.93985
11.8971
14.0253
8.38759
11.0942
14.5509
9.05299
10.425
8.55421
8.67148
14.6874
5.91106
12.4084
12.6186
12.6556
7.48524
13.0419
7.9721
12.7884
11.3582
8.84894
11.1376
12.2301
14.5551
12.2276
12.0999
9.72892
11.5985
11.8598
8.83079
11.0908
12.017
10.5808
13.4957
9.4128
14.5742
9.68576
13.0149
8.16874
9.70156
11.4041
13.9081
5.60195
11.4057
11.662
12.5641
12.7772
8.1542
9.69929
12.3559
10.9609
14.6562
14.9392
13.2799
10.3632
10.5836
11.556
13.1761
14.7803
14.2553
7.05047
9.60282
10.327
9.36711
7.46036
13.8718
14.7347
11.5148
9.7784
12.0362
10.0751
13.6077
13.3087
14.7781
11.9934
14.5331
13.9496
5.3542
13.0679
11.5064
12.2446
7.68887
9.1214
9.01338
12.7687
13.8176
5.74284
11.3676
14.6612
14.3412
12.7317
13.8485
13.4759
13.8344
10.2543
14.1944
6.07605
12.2243
14.093
10.5964
11.0415
6.19131
8.27507
9.73644
9.40929
14.4724
8.69935
10.2073
13.4103
13.8882
12.081
9.25465
14.441
9.28223
5.70908
14.3494
10.3311
8.12662
11.8067
8.36617
14.4091
12.1287
8.53372
14.5854
11.4889
11.5065
11.7399
8.4685
11.3605
12.8705
13.3988
14.8636
7.34043
10.711
11.9868
8.78453
13.2367
11.5817
13.6419
14.4627
12.5725
14.5773
10.6436
11.3754
12.9047
6.01248
9.74362
12.2814
9.37503
14.4373
9.73938
13.3725
7.18176
8.95712
14.0288
10.2623
10.8672
5.83008
14.7536
11.513
8.22099
12.3961
9.0224
11.7121
12.7562
12.619
10.2432
10.6162
5.67402
6.5569
13.2821
13.2749
10.1038
5.96747
12.0985
11.3519
6.81157
5.34509
10.745
13.7728
13.6004
11.2531
11.6812
5.48866
8.33489
11.3722
5.34913
9.29288
12.2423
12.7459
7.08908
10.4711
13.4992
14.6542
12.4859
14.7622
13.0353
10.3361
13.9449
7.72295
4.836
12.6668
13.5804
14.6927
11.8515
14.948
9.70305
9.51029
8.6182
6.14729
11.3921
7.73257
7.48074
10.1123
14.3233
7.55143
13.463
11.7141
12.4901
12.3035
14.9199
11.6996
11.8818
11.2685
14.7211
13.8832
14.1502
12.4913
14.1515
10.205
14.7367
11.7113
10.7492
14.8467
14.1014
14.4695
13.7368
9.56928
8.78628
11.6957
13.2013
13.6747
13.4069
13.8268
8.7925
13.6895
8.86987
8.80176
14.5979
10.4111
14.7476
12.1697
9.98122
10.4133
7.50808
11.4554
14.4903
13.409
13.6119
7.73916
10.7205
10.9291
13.1036
14.3318
10.3069
10.0105
12.7259
12.2587
8.77802
14.9191
9.74265
12.5161
6.01409
14.6115
9.5235
11.9054
11.0016
13.2955
10.4023
6.41714
13.8655
11.5211
9.76884
14.3732
12.3504
12.7468
6.12374
8.57853
5.49973
13.7867
10.7848
14.1466
14.2799
14.9712
8.53151
12.5874
13.506
11.397
13.2872
13.0652
6.01279
14.1402
12.0632
11.5498
11.2103
14.4564
8.65926
5.5022
14.7848
9.7696
14.4443
11.3053
14.7146
10.1359
6.17475
12.083
14.123
12.966
8.70713
8.59592
10.5554
13.9398
12.8598
9.87816
12.9195
14.5002
12.4929
14.087
10.7344
7.85803
8.62775
14.0944
12.3278
11.6997
14.3775
11.974
11.5563
12.1778
14.2123
11.2752
14.0351
14.9656
6.51841
8.00047
9.71792
11.5873
7.05794
10.7046
9.09336
9.83698
13.5284
9.13248
12.4877
14.4838
13.9588
13.3976
8.31817
11.7886
10.9069
11.3474
7.63879
10.6133
12.3224
13.3335
13.6093
14.4538
10.9621
14.8791
8.79499
9.07986
10.6524
6.27189
13.2175
10.7788
14.8746
11.7751
14.2853
12.4249
13.3772
5.89595
11.0308
10.4085
14.3609
11.0345
12.2804
12.249
13.903
10.4543
14.8754
8.41719
10.6356
12.2859
9.72145
7.85922
12.6537
14.7553
13.0332
10.74
9.84503
13.3716
10.1588
11.2122
13.1157
6.11069
6.78988
10.1512
9.89692
8.56875
13.2774
14.8856
9.05564
12.9745
14.6126
14.2637
9.47862
13.1748
14.717
7.06348
10.2532
10.5015
12.7643
14.6932
5.56178
11.8414
10.6095
12.4486
10.5608
9.69726
12.6927
13.4486
12.8034
8.57115
6.40821
13.2982
10.9542
14.4937
9.18085
9.85366
6.6772
14.6855
8.59393
5.78623
11.531
14.2717
6.36889
14.106
10.3316
14.8281
12.0426
10.4906
12.3292
13.2467
9.26207
14.2754
9.21109
9.46488
13.4911
12.0439
13.6398
6.54454
13.9686
13.7258
14.1062
9.8232
9.70663
7.41545
10.7322
13.0634
13.6237
12.7711
14.2021
7.29347
10.7674
13.8355
14.7935
8.11601
5.96094
12.479
11.1118
13.7331
7.57942
10.7726
9.53352
11.9319
12.6694
8.18712
10.0418
11.3848
14.1678
7.81874
11.3624
8.93874
11.6639
13.9161
13.4028
11.6072
12.7017
8.60812
11.2806
14.3564
12.7727
9.68683
14.3877
10.8725
6.88103
10.7465
10.1534
14.1118
11.5459
13.7352
8.86969
8.12247
7.62344
8.37721
7.22727
9.46687
11.7143
10.4142
13.9528
12.384
9.91686
14.5494
9.938
14.7115
12.8283
5.01472
8.68332
9.14649
13.4955
8.48106
14.462
14.696
14.3097
11.53
12.3926
11.4717
11.181
9.22354
10.9359
12.8675
10.5847
12.8644
12.939
6.48533
10.8885
10.0042
13.7418
4.82931
10.1169
5.01534
11.7527
8.79426
13.0141
6.19375
9.35414
11.2478
14.3185
14.4915
14.5106
11.1415
11.9555
14.353
8.36823
5.69512
12.1907
12.161
11.4548
10.4257
5.56787
14.1761
14.2136
5.70407
5.1072
9.67783
7.13764
13.5052
10.9745
14.7892
14.6513
11.0812
7.24979
6.76123
13.7252
10.8421
10.7554
12.3209
12.305
13.3943
9.80355
13.3809
11.3135
11.3507
11.1797
13.5431
8.51643
14.3934
13.5554
12.6188
13.1322
14.4906
6.54461
12.7132
14.8338
11.0662
9.70714
14.7459
13.3406
14.0066
9.1278
5.72572
5.56289
10.0606
11.0882
8.62886
8.58912
11.0418
10.5708
14.2476
9.0521
10.0196
11.9648
12.5735
12.5844
13.7058
12.771
8.74662
9.98952
10.1468
13.3435
13.1404
10.0514
14.1813
14.2621
12.2164
9.66275
8.92636
13.5108
12.1271
14.0621
14.1175
10.3609
14.5546
11.1248
8.48269
10.0375
9.75368
10.6375
8.04863
6.4448
6.59146
10.1676
13.09
11.034
12.8824
14.8801
14.5883
11.6518
12.7553
9.30564
12.4106
9.25717
8.65799
6.82477
13.2457
10.6645
12.678
12.9151
13.6466
9.39242
13.4444
13.3037
11.6859
13.7083
10.1908
9.76508
14.3767
13.4569
11.9333
12.5699
7.4577
9.7925
11.6067
13.2404
10.3929
8.18808
13.8391
12.5502
11.3223
13.0117
12.9033
14.0091
9.5522
8.78117
14.63
13.0225
12.4655
9.8578
10.6373
7.228
12.0633
12.8716
11.1363
9.15149
12.9342
14.0147
13.4615
9.33009
9.37442
11.0657
14.4024
9.88348
14.1333
7.66265
12.8463
10.3912
13.2455
12.6356
13.4672
11.1591
7.43131
10.9661
12.6023
10.3959
14.414
6.44001
11.177
10.4134
13.7299
12.0449
12.9918
4.96227
3.83239
12.7861
6.20409
10.3499
14.264
12.8968
5.36091
14.3815
12.7727
11.1348
11.0517
10.9978
11.6342
14.719
11.0172
13.0494
12.3287
13.5229
14.2986
10.4513
7.28873
14.4541
11.2376
14.8336
12.4073
11.7201
6.28465
8.42553
11.6551
13.9153
11.2262
9.99748
12.1332
14.3316
6.37087
11.8591
14.0089
11.6662
12.2174
14.0325
13.0484
10.5693
13.1624
12.0248
13.8975
13.3344
13.0613
12.358
10.5037
10.3274
12.9444
12.9086
11.2616
8.30239
10.2028
14.9068
8.07659
14.5996
13.2485
13.3146
12.2179
14.6464
10.7918
14.7512
13.7319
10.5626
10.2764
5.73475
11.557
14.0832
10.5977
11.0628
13.8903
13.508
13.4466
7.83312
13.5234
11.6908
11.7126
10.1363
13.925
6.73279
7.15072
10.0629
12.2334
11.7162
13.6833
5.97753
8.12449
11.6375
13.63
12.838
12.4563
13.8344
11.3445
9.4338
10.6542
10.3542
13.999
10.4275
12.9282
13.1873
14.6357
13.5067
11.9751
7.36685
13.3296
10.1849
8.51027
13.5955
14.1211
7.02687
13.1679
7.81941
13.1331
13.373
13.2493
10.9291
11.8155
8.78742
8.5324
13.3649
14.7868
12.9346
10.0473
14.0523
6.47488
10.8868
10.6295
10.5338
13.889
11.8972
10.8266
9.01072
9.49016
13.1051
13.619
14.7545
9.21972
13.5332
12.2225
10.5183
11.3511
14.6277
12.7408
12.6515
14.2061
6.13291
9.09401
12.6241
11.9269
11.2973
11.9433
9.29767
9.26106
9.37363
11.5775
6.285
6.12387
14.5381
7.90632
10.8893
13.5852
11.858
14.4825
10.313
12.5843
13.3424
8.64795
11.7071
14.1811
10.4128
6.58381
6.07618
11.1367
12.5583
13.9076
13.9928
9.66127
13.0376
12.61
6.40074
12.2704
14.8179
9.68269
7.57263
14.9309
10.5212
14.0502
11.2402
13.5621
14.1418
14.8151
10.2664
13.843
5.88488
10.3149
14.3602
14.9192
8.58129
11.036
7.25326
13.4989
8.72109
9.35053
14.9937
9.9353
6.16052
9.61886
14.9969
13.1342
13.6191
10.774
14.5086
9.91259
12.0773
9.45938
11.3678
9.98653
13.6566
14.2522
11.7175
13.5102
8.67783
14.553
10.2462
11.3725
11.039
9.89742
14.3702
9.13331
12.7614
12.6336
5.99369
9.19856
10.9493
12.7269
12.9264
14.5188
8.976
8.50713
11.8943
11.6419
13.0529
12.525
14.2898
8.64893
5.36084
10.7863
13.1045
12.6089
13.9535
11.6464
7.66449
9.28799
12.6474
8.73437
12.149
13.9576
14.8528
12.0797
12.2938
12.7246
6.70877
13.6923
6.85777
13.5073
6.3056
11.0465
6.98973
10.0885
12.9467
9.88663
9.47649
9.64864
12.4644
14.4312
14.7505
12.5816
14.2267
11.2919
14.5846
8.78038
10.3215
13.4276
7.31947
6.20255
11.2824
5.77211
8.74232
8.60235
9.73281
14.7129
11.4639
10.8334
8.72341
12.3432
13.0176
9.12199
11.3444
12.836
13.6831
10.1803
11.4301
5.96706
8.33488
8.426
12.0897
14.2737
12.6941
12.4581
13.7946
11.0828
9.96685
9.80295
11.3922
10.7422
13.0983
14.9823
13.1872
13.824
11.1502
7.63491
12.8092
11.9276
11.1296
14.2668
11.5684
13.0812
6.5604
14.9818
5.90367
11.9019
14.3201
14.0798
14.4758
14.783
8.86391
11.2545
9.69388
13.0967
9.94401
14.1711
14.7251
7.80506
10.8748
8.34834
13.498
11.4087
13.1874
11.3428
7.98211
9.6834
14.5023
14.891
12.8154
10.2096
14.9702
8.43784
12.2668
7.75148
10.863
10.9539
14.5019
5.69247
6.96365
12.3369
13.3773
12.9963
9.85879
10.4799
14.5277
9.60625
9.35268
14.8142
8.3485
7.75116
11.2951
10.9202
11.3017
10.6233
12.9775
9.45041
13.9191
9.18517
5.78126
12.4954
8.59656
13.9398
13.5493
6.19344
14.9026
14.8505
14.0637
14.3346
8.88615
10.1269
6.25828
8.23018
11.0743
9.70909
10.6274
11.6994
5.93798
11.2844
6.4226
10.4429
14.0072
8.45801
14.3627
6.0841
14.8605
12.3001
14.4219
5.19347
8.96821
9.27799
12.3866
10.1654
10.4091
14.4977
12.0696
10.8667
13.4351
13.1741
5.48413
12.5045
12.2694
6.10563
9.47113
8.47281
11.3343
14.0857
12.9765
12.4461
14.136
13.5243
11.62
14.996
14.3686
8.73498
7.06999
9.42538
11.5156
11.2287
11.7485
12.8649
13.0573
9.32302
14.7649
14.4984
13.0392
13.646
14.0207
8.41305
4.91442
6.07154
6.93723
14.0021
13.9231
14.5836
8.34868
11.5466
7.30758
11.0867
11.8951
13.8348
10.4461
11.0373
14.2448
12.5643
8.96982
13.0958
10.8967
9.56155
9.96588
12.883
8.59196
9.72995
14.8013
10.5876
10.6724
10.8978
10.7979
5.86463
14.7123
6.92836
11.1003
12.3221
11.1442
14.9144
11.044
9.98621
10.8289
14.4246
5.5698
13.5415
8.83012
13.4336
10.5376
12.2964
9.98667
14.2046
12.5423
14.4487
13.3714
13.3834
9.87873
12.8853
12.0162
11.183
14.7174
11.4301
14.0728
9.12707
7.85997
8.27195
4.08934
7.50055
12.999
14.9423
11.0154
8.73125
9.61006
11.2795
12.6768
11.4038
14.0262
9.63006
14.8658
11.4052
14.8984
14.7416
14.4665
14.4576
5.23189
5.27713
13.1846
10.8598
11.4687
9.1533
13.5935
13.3035
11.8536
10.2725
8.70738
13.5153
10.6737
9.46579
14.0889
14.6967
10.2943
10.6378
10.7547
11.9138
11.7234
14.9232
9.76573
11.0947
6.25608
12.1872
9.55167
8.30207
11.8601
13.998
10.3927
13.1257
5.98949
12.1121
11.1312
14.2068
14.0363
8.33499
12.3132
11.9978
13.9938
6.03373
12.7935
12.01
12.7045
9.42004
11.0306
7.15991
9.3153
14.4229
10.1488
14.7432
10.5743
12.7386
11.9526
12.1905
5.91677
5.3894
6.37089
11.4365
14.787
13.166
12.8298
10.969
11.0475
11.0505
13.4449
12.1397
13.0022
14.8128
14.4472
13.1404
12.1472
9.22746
13.7407
11.128
13.5156
14.0621
10.5271
9.46215
8.9657
9.67893
11.7104
14.8418
8.47869
13.2154
10.2273
13.4698
6.71353
11.4282
11.2083
6.99754
9.02153
13.1453
10.4537
13.5277
10.0027
12.0597
13.2996
13.9208
14.7357
9.50934
11.0801
10.1288
12.5389
13.3902
6.14385
8.51089
11.6858
13.8836
7.94108
12.4512
9.62481
13.2887
11.4815
14.5203
9.2209
12.487
13.9279
13.0763
12.2986
7.43302
9.16362
13.0343
14.6223
9.88789
11.3438
13.0128
10.4253
12.3644
9.53567
12.7033
12.0694
11.5288
8.25873
13.9612
8.62454
11.1199
9.68122
13.5448
11.1128
13.1852
14.6759
11.2512
12.7257
10.3988
12.7776
13.5876
14.5166
8.85917
6.56573
10.592
6.27046
8.5716
14.6322
9.97888
12.778
6.10791
14.0396
8.32558
8.95882
14.7677
11.8403
10.7442
7.2173
13.752
14.8975
13.3927
11.5108
9.64762
9.31306
5.24197
12.8965
8.58674
12.2238
7.46971
10.1254
13.3626
12.6302
9.24224
14.6487
6.91011
6.13429
12.3747
13.522
10.8066
12.6167
14.1079
10.8167
13.9529
11.172
9.13891
12.2051
5.06752
10.8997
9.00142
10.2715
8.01968
10.9123
10.3614
8.06073
13.6288
14.4414
10.7221
14.5878
13.7056
7.1894
14.8327
11.6839
12.2539
12.5281
13.0399
11.0463
10.6875
10.2537
12.7439
8.15173
12.9825
11.8671
13.8362
11.9567
12.5762
9.871
12.7145
12.4814
11.0993
12.522
11.7522
13.0987
8.38091
6.32382
10.7247
9.4377
12.0191
12.0866
9.85163
13.7496
13.3155
7.1327
14.9502
6.99587
14.7768
13.7979
10.6193
14.474
10.7445
10.7903
13.6737
13.2576
5.65444
13.3907
14.4553
14.7832
13.9201
14.0711
14.4586
9.74252
10.7742
6.02435
11.3295
14.2391
12.2725
10.1665
12.6365
12.4638
13.7105
14.7863
6.83674
12.4392
8.64451
11.9148
12.2551
13.607
10.2146
11.3361
9.77482
12.3559
9.46725
9.10531
6.60959
12.4334
10.1142
11.0057
10.3333
8.55876
5.47066
14.483
8.59277
9.43262
13.3869
13.4931
13.1153
14.9686
9.70528
13.1154
6.06498
6.46768
3.84525
14.6285
10.9851
9.67309
14.617
12.8762
13.3008
12.9276
14.1713
9.41274
13.5066
14.8404
13.739
7.79898
9.85647
6.096
7.15308
9.52131
10.4176
11.575
13.8483
10.4639
9.94079
14.3163
14.5375
9.22793
11.7606
8.53738
10.9706
8.90923
11.1715
14.2963
12.7769
11.6673
8.14949
11.2486
13.8766
11.7664
10.288
14.8795
10.3431
14.6306
10.5538
10.1965
9.84524
13.7251
5.88773
10.6687
13.7076
12.542
14.5532
13.8386
10.1228
5.84253
14.3922
14.0331
10.0327
12.9461
4.9322
11.3478
8.37489
10.0133
8.25324
9.88727
9.72779
12.3058
10.7534
6.38765
9.3575
14.4388
14.6135
11.2928
8.61017
13.2118
14.4113
10.7662
8.90694
13.5451
11.1728
10.6307
8.41142
12.9325
10.6827
12.5797
14.4037
5.64497
12.6496
13.394
13.6227
13.8112
13.0988
11.3826
14.424
13.6143
13.2169
13.0911
11.7911
10.2281
10.2262
12.9346
11.6047
10.473
8.677
13.0673
5.65268
12.1278
13.1077
5.93095
14.0782
10.0575
11.2987
14.7813
13.4662
13.9501
13.704
10.6486
9.21048
14.7622
10.9324
9.75459
13.3571
7.76839
10.0239
12.7462
14.6596
6.38322
11.5394
9.32166
7.57833
8.56854
8.62683
13.979
11.1314
13.5725
9.78925
5.70823
12.7817
14.9122
8.44181
11.0104
10.6857
13.0267
14.3511
5.43888
11.2291
11.4671
14.8453
14.7215
12.4978
10.6861
10.4725
10.9927
11.6987
12.4909
14.3141
9.96916
8.76352
13.6602
8.59353
11.9938
12.9635
13.739
14.9355
13.5867
12.6444
14.928
14.2386
7.5423
13.9097
3.81017
10.9417
4.94235
9.64933
13.32
6.4504
9.95659
12.236
13.1425
14.6295
13.6996
5.84364
11.2015
11.0104
14.3951
12.8297
13.9943
6.22584
9.68387
5.81293
13.0743
12.9479
4.61147
11.1479
12.0147
12.6415
14.2435
14.3345
8.16642
9.09018
8.48663
11.7558
10.4757
12.2011
11.8163
12.6414
8.26701
10.5312
14.4286
10.5715
14.6868
14.1974
14.8124
10.5129
12.6461
13.4419
11.1833
11.8541
11.1669
12.442
10.3702
11.9758
11.8386
13.3572
11.5592
11.0319
9.65494
6.03803
6.386
9.97199
11.7601
10.5531
8.95671
13.3798
11.7248
9.55103
12.2266
12.3616
13.2965
14.7068
8.86199
12.3995
9.91657
13.6548
12.3196
10.2511
14.1854
8.19815
14.1464
11.7628
14.4301
9.86846
13.5963
8.64438
8.03537
12.3432
6.63004
8.71267
8.47997
14.9183
6.49534
8.61275
12.1371
14.7703
10.078
9.67293
14.8285
9.47241
11.2116
12.3211
14.3983
5.96632
12.6533
10.8952
14.6248
9.50015
14.4093
14.633
13.4912
7.94526
8.00627
9.7217
8.52132
11.7483
14.5086
8.04305
14.6576
8.317
10.2381
5.0075
6.94061
5.42795
11.8732
9.58259
12.3265
6.35289
5.81399
13.7464
6.77518
11.4413
9.79699
10.546
9.93945
10.839
6.51402
8.4962
10.2514
10.4973
4.20242
10.8416
13.4138
13.8228
13.4227
14.3979
14.6034
14.7252
13.7562
9.18792
14.2095
10.2823
10.2216
11.7569
10.2071
10.7427
14.3774
9.91169
14.141
10.3582
12.9444
13.8426
10.7626
8.54456
13.4206
13.9967
14.7478
14.8593
9.24408
6.29909
12.4606
13.6518
11.5462
10.2635
9.75251
10.1667
12.9678
13.6412
5.74641
8.26162
11.0695
14.1907
14.8009
14.5252
11.6451
13.5612
11.8581
5.84898
10.271
12.2719
10.8263
11.8842
12.1823
7.11673
10.1875
10.0925
10.174
14.175
8.43185
10.4688
12.4348
7.34239
10.2265
12.544
14.2555
10.5157
12.0817
9.3978
14.3551
14.2884
14.0869
14.7752
8.99885
11.386
11.4129
11.237
10.6212
8.70691
11.2032
9.20147
11.389
9.93662
6.47541
10.827
14.0421
13.7477
13.7234
11.7497
13.6687
13.5404
8.78187
10.7332
14.6056
7.11887
6.8242
12.888
11.5686
11.2225
12.7946
12.5172
9.80178
12.3476
8.98911
14.5783
14.4494
5.67658
12.8514
7.78537
8.77131
14.5136
13.0486
7.02484
9.31489
13.6947
12.9277
14.4322
10.861
12.878
9.9742
8.66883
4.12147
12.044
12.6529
9.59423
10.813
8.4851
14.1884
12.499
7.07147
12.4318
14.3958
10.9606
10.6494
14.0105
12.5942
13.8625
9.25725
12.409
8.94287
12.0451
13.4479
5.11789
8.76306
6.4846
8.90981
11.5875
14.7493
9.68728
13.5822
6.37868
4.80586
11.5711
8.6767
9.47295
11.9786
14.2851
11.8391
11.7545
14.1734
7.9549
13.8756
8.37668
7.31856
11.1003
11.0372
11.7761
9.00044
11.2863
14.5657
7.5572
7.96467
6.77318
11.8494
13.2113
11.6162
11.3314
12.8154
11.2453
12.1205
11.4692
11.3524
14.2835
5.3516
6.1755
7.50567
11.4115
12.6413
13.3754
12.6358
14.9936
13.2651
12.8981
13.1693
14.5301
8.83592
8.13344
11.3628
10.2321
11.307
7.61566
13.7313
11.6979
13.4568
14.8363
13.0551
10.4076
8.67299
11.0537
8.48745
14.2557
12.9865
10.1758
13.985
13.2745
14.5275
13.2379
9.90903
10.8704
13.3939
8.38428
9.82556
9.02299
9.94666
9.30756
14.1284
14.3636
9.52973
13.3782
5.9809
10.6346
9.78022
6.01205
14.3006
14.6046
13.3305
4.42327
14.2434
8.42649
11.4637
6.69385
4.62926
12.4187
8.19159
12.678
12.9919
13.6871
14.0655
11.4595
10.3156
8.13181
7.66784
11.3019
14.7331
4.94005
10.5065
11.9913
8.68619
10.6485
11.4672
9.74128
14.4473
9.54922
11.5081
10.0166
10.391
11.6197
14.5114
9.31944
13.9318
8.24768
13.7236
9.09529
6.73055
10.7658
12.2949
10.5091
8.37724
6.24873
10.4221
6.99466
9.31415
5.87933
13.0718
11.8204
13.268
11.2958
10.4018
9.9019
11.4208
11.1064
7.65065
14.8936
12.8512
4.93101
10.8536
8.57422
11.2589
6.57101
12.5648
11.3846
6.0461
9.18551
8.01048
14.0092
11.1248
12.6626
12.8688
13.8643
8.89469
14.4585
9.14397
12.0031
12.256
13.2142
7.26228
13.847
14.8747
10.6711
10.8953
14.1921
14.946
13.4209
13.1855
14.5852
14.139
8.44953
8.67422
10.4965
13.9639
14.3301
11.8776
14.3012
10.1399
8.56046
14.1081
14.9983
6.48755
9.86186
5.82754
9.56437
12.3414
8.79524
12.4583
11.3855
13.2217
11.2474
10.6945
14.7123
11.6132
14.8441
14.5286
11.4891
10.0119
9.22253
13.8332
9.31958
14.9744
11.0008
14.759
9.20663
9.72762
6.93788
9.72822
12.7256
8.32189
11.8682
13.4568
12.7443
12.2801
13.7934
9.77551
7.33509
9.57936
12.0855
12.784
11.7995
9.16467
12.6918
7.95619
6.21881
13.6385
6.40972
6.3521
12.5828
13.8914
5.76512
11.0814
14.6316
14.686
14.0116
11.2772
13.4382
13.2524
12.6236
10.4861
10.3441
9.74859
9.97354
9.92793
8.31131
14.8729
11.7351
12.249
14.524
14.9996
14.1445
14.4937
14.8527
14.2955
11.0404
5.64249
13.9385
11.836
8.23109
12.2226
11.2865
14.9526
11.3181
13.1919
13.4894
14.3535
13.6405
9.4049
8.5663
14.0098
6.24452
11.3351
11.9412
14.5026
13.2819
12.8424
8.34618
6.1839
13.0217
10.92
9.12592
7.90183
10.4451
13.6775
12.3762
13.7769
8.56887
13.5042
11.0803
4.28604
8.25691
11.8587
12.3683
10.4135
11.916
12.4777
11.6187
10.7333
13.9765
11.7181
10.527
13.4019
14.6277
4.83882
10.7178
11.2017
9.76497
13.4293
14.9571
12.6723
13.2209
14.4423
13.769
9.96768
9.27636
7.92881
14.4179
10.8979
9.62711
10.2786
14.6306
14.8569
13.9685
10.4133
11.5223
9.5275
14.0529
11.4662
10.1938
9.20314
8.99099
5.66737
9.02934
9.92952
10.3886
10.6349
10.0419
11.9628
9.85262
13.5973
10.9454
12.4517
14.5026
10.3089
5.27459
9.78873
12.7722
11.7135
11.5813
5.94895
9.4457
12.4453
11.6265
11.2836
14.756
10.002
9.85917
8.08676
8.49388
8.37747
10.8744
14.5108
13.7317
12.4504
8.46631
10.2535
11.047
7.85936
9.6371
5.57704
14.8622
12.6193
14.8209
11.2907
9.99835
8.70939
14.1729
12.5922
8.14639
6.07545
10.0615
14.8195
13.6773
6.20494
14.342
12.9045
13.0585
14.1904
9.59134
12.811
11.2602
12.3891
10.9974
8.70841
13.2889
6.83495
10.3794
12.723
10.5981
10.4057
14.9092
12.4017
10.8727
11.1676
8.3942
9.25421
9.93237
12.9059
14.4178
12.0517
11.4566
9.31209
7.00392
7.77092
14.3792
7.61763
4.37493
7.72096
5.25025
5.94661
12.9415
13.9165
14.5557
8.84393
14.9762
9.48694
9.9248
12.7369
9.16026
14.7035
13.5932
13.1204
8.32088
5.58274
9.98783
12.3213
7.62212
11.9462
14.4515
12.9578
5.53354
10.0602
11.7737
10.8577
9.00386
9.18006
8.27303
13.1002
14.7812
7.74157
13.795
9.34487
6.14313
9.6429
11.549
8.94945
11.4171
7.15025
11.3622
11.7613
12.9333
10.2191
10.5043
14.2533
12.9678
13.6751
11.7344
11.6181
14.109
12.7482
11.1403
14.5685
6.44437
12.6055
14.9244
13.4656
12.0488
9.68207
9.33604
11.9407
8.74038
8.1916
11.5292
9.69318
10.9258
5.83649
14.1342
10.2747
8.89308
10.2425
14.3856
7.49898
9.50704
14.4398
14.1302
9.7513
12.5864
14.8235
13.1275
13.5662
13.2589
13.9684
10.5507
6.30751
10.9287
14.3239
10.6563
11.9427
14.3456
12.2155
12.7004
14.7692
9.50224
8.97514
14.0925
9.44971
14.9957
14.3859
11.8433
11.322
13.8163
10.0025
10.7383
10.7633
7.46859
5.78715
8.16775
12.2512
11.367
14.8236
11.6431
13.419
14.8149
13.3371
12.746
8.39424
9.59824
9.54315
6.99292
14.0379
9.9045
8.5129
12.8213
14.6133
6.31242
11.467
11.3099
9.62369
12.2729
6.23724
12.217
10.3939
12.8169
9.15583
10.7517
14.188
12.7713
13.9697
9.26462
8.69277
14.25
11.6358
13.2181
8.97135
8.3732
13.6818
7.1724
13.3529
11.074
13.7652
13.0564
13.7255
12.4585
13.5505
12.8393
11.7703
12.7578
12.4395
12.7021
9.41526
6.22265
14.5871
12.7854
11.5321
12.0536
12.1506
10.7142
10.9901
11.6863
12.3764
8.768
8.34522
8.65942
9.35009
9.06423
6.02163
14.9308
14.465
8.75268
5.3441
8.11049
11.8362
9.47248
7.62753
6.22843
6.45678
13.2989
10.1142
13.9052
12.8232
13.5615
12.0021
12.0943
8.87848
5.04875
6.1474
8.45867
11.3119
8.44774
8.82593
11.9571
12.9533
14.0659
9.73066
10.7864
8.19625
12.6429
11.6341
13.8722
14.5663
12.4612
12.1262
14.7763
12.4036
6.35008
9.76386
13.4163
6.74168
7.01304
4.62075
10.2536
14.892
13.3959
9.05515
14.5629
12.8767
10.6927
8.396
13.1554
9.6887
11.0947
7.82022
10.5366
13.8348
5.75503
9.92508
12.3532
11.7543
13.0981
14.2285
11.168
7.19366
10.5477
9.53165
6.60777
9.13822
13.8932
10.6194
14.3768
10.8853
13.8195
11.0378
10.1047
13.5984
13.7884
9.85635
13.1781
10.3793
12.8483
9.11859
11.9655
6.50949
13.7259
6.12733
8.8264
10.5158
11.6927
11.6596
6.76443
9.18497
10.5365
10.9132
11.3247
12.6601
14.3842
12.3938
8.74876
11.8507
8.00949
9.64344
12.5131
9.45382
10.615
11.2442
10.208
14.3129
8.07842
7.82379
9.34491
8.76171
5.64203
13.5353
13.2918
8.55975
11.9099
11.3985
12.0029
10.2021
11.3063
13.7855
13.3142
5.95619
7.41684
12.5025
12.7934
13.5805
7.73351
14.4381
10.7739
14.6695
13.6969
10.4625
10.9087
14.8303
14.7973
10.1705
5.788
12.1403
12.9993
14.0585
11.7345
13.8644
8.90163
13.1453
12.1038
10.5526
10.1727
10.2713
10.8318
5.28248
8.89826
12.2646
8.00541
12.904
14.1416
11.1298
14.934
14.0602
7.59625
12.9672
4.79709
8.49986
11.8174
13.5177
12.3694
8.11053
7.53423
8.36218
9.73362
9.57013
11.5494
6.99462
12.0424
11.9937
13.5228
11.5778
12.8149
13.1042
13.3946
13.2142
10.81
13.988
11.8456
9.92427
6.471
14.0752
13.6923
13.0952
14.8076
10.8374
6.2389
10.2753
13.4679
10.3617
8.24578
13.032
11.7121
12.5817
6.10036
10.1694
14.1297
12.8483
7.27647
12.0119
9.8696
9.90022
11.3182
14.0672
8.24686
14.3354
11.9683
12.4017
6.30437
13.6069
11.719
5.05524
8.92135
9.30898
10.7099
9.80775
9.05237
10.6613
13.1811
13.255
11.6111
8.52762
10.9245
12.3462
13.7977
10.918
13.431
11.5903
14.3636
9.5316
12.503
9.89585
13.5578
13.5468
14.286
6.09121
6.03477
6.05302
9.94212
10.3078
8.44894
9.89859
11.558
14.1867
13.7309
11.9497
14.8662
8.76658
6.07463
10.7731
5.41347
8.68748
14.0345
9.15897
7.16773
11.7106
14.8845
12.3764
11.1232
11.2158
9.67677
13.4462
12.2729
10.4999
9.25767
12.0647
11.7699
5.94541
9.89491
10.4079
8.71124
9.61881
14.273
10.7036
12.7999
13.8582
11.1427
13.1224
8.26449
5.96539
14.1549
9.9801
9.77471
14.7596
14.4206
10.8631
12.5563
11.7589
11.4757
12.3855
14.8683
11.3516
10.4155
10.9178
10.9982
13.9669
14.4439
4.94487
14.1839
11.6274
11.7237
13.257
7.89545
13.698
12.8639
12.0915
10.8654
12.168
8.80971
11.1648
12.7724
10.4323
10.9016
11.726
11.0672
14.6637
8.1692
11.0712
12.9449
11.7503
14.6861
6.19219
8.78671
10.138
9.70621
8.3447
5.90994
14.3656
14.2497
10.6255
6.49263
13.856
6.52936
11.7393
6.42845
6.13039
10.5361
9.9794
14.019
13.6705
13.1053
5.79985
9.33745
11.9605
12.7611
14.8019
12.9205
10.0082
8.52635
11.1589
13.7285
12.6071
13.9492
10.6527
10.2823
12.558
7.34385
6.58514
9.97386
14.3885
10.5936
9.61527
8.39085
14.6524
14.6743
8.37379
5.13196
6.98817
10.9413
12.2324
12.4355
9.55367
11.7677
10.3066
11.7014
10.7643
13.3056
13.6429
14.4413
14.5239
10.1472
12.2965
14.857
12.8741
11.1767
11.7618
9.91349
10.2411
6.26176
14.9816
12.6059
12.4697
12.0233
13.6793
14.0332
12.7279
10.8043
11.9538
5.42774
10.6399
9.44801
10.3195
10.5913
12.9236
12.3952
10.4252
10.8073
12.9269
12.8244
8.30468
6.40919
10.9181
13.715
8.41027
5.78664
10.7006
9.70637
10.3003
9.85321
10.4831
12.4062
9.71614
11.5848
6.361
9.91317
4.91009
7.98464
13.0286
9.50291
8.64329
11.8658
12.2035
14.1632
13.5569
13.2679
13.4167
14.8673
12.0217
10.2998
13.6193
11.9448
12.2327
5.94218
14.4171
11.002
14.036
11.1274
10.3991
14.9439
9.73937
14.5268
6.89226
10.4602
11.7414
5.37027
4.9462
8.91808
9.50078
13.507
8.78994
9.65209
9.61179
11.5401
13.9977
14.7989
13.2929
8.3432
5.00563
14.2578
12.1089
12.5828
12.4092
11.1894
12.3196
14.4263
8.65047
11.997
12.7878
8.07247
14.4384
14.8311
10.1439
8.23033
10.0438
14.2147
11.2284
11.4538
12.8714
10.5154
9.00593
7.77183
14.5779
12.3717
14.2666
12.0307
6.79198
8.51445
9.48769
11.6612
11.2192
12.4685
5.79201
11.2952
14.332
14.4118
14.1913
14.5438
13.2967
12.4921
8.10362
14.2961
12.4392
12.4095
10.0237
9.48016
8.43591
8.65573
11.1151
9.13181
10.535
10.4933
8.76955
14.7795
14.6751
8.98008
7.49043
9.54805
9.54331
11.0593
13.4643
8.70322
9.96997
14.1388
13.9384
14.8918
13.5393
11.1784
10.1675
13.1622
10.4306
9.84266
5.89939
14.9656
10.3595
8.95099
10.8179
9.20499
9.81647
14.2454
10.6061
11.8639
11.3632
13.9798
9.57737
12.2974
10.7975
9.57076
12.8653
5.79235
6.13428
13.8132
13.6105
9.63628
7.50547
14.7566
10.767
7.87862
14.6102
13.0969
14.7193
12.0123
13.5875
12.9182
10.1127
8.53687
11.0335
12.4009
11.5656
10.1098
9.49213
12.7711
8.80356
13.5785
8.22052
9.58774
10.9508
14.4892
11.3232
9.97818
11.298
11.442
12.6759
7.2472
6.30407
12.0793
14.3085
7.95387
14.6465
14.0532
9.77535
12.658
10.5137
14.4538
14.3354
10.0678
11.5803
12.7611
5.75364
14.9157
8.73052
9.61915
10.1722
14.0161
8.90908
5.94261
14.2285
8.75715
6.40504
11.3103
9.38495
9.54096
14.6557
12.1565
9.49588
9.56571
14.7498
11.5869
6.2637
10.45
14.4281
8.34084
6.11647
12.7242
10.1608
8.33737
9.72406
14.7543
6.63133
10.1249
11.3296
9.19055
13.0155
8.7482
12.1953
12.5716
6.26396
9.46604
8.59264
8.26266
12.6708
8.33162
11.0459
12.8839
14.7526
12.7789
11.5059
11.436
13.2992
8.62172
12.4609
8.64302
12.5707
14.3204
10.0236
14.0121
8.74964
6.43422
12.3877
7.99611
6.30145
10.4968
9.53478
6.12887
14.4199
10.8331
6.47278
10.9862
14.1904
12.4497
14.5447
10.0651
10.1255
12.4235
14.6329
9.93157
10.0575
14.3184
14.8726
12.3182
13.0134
13.0545
13.2548
9.67519
6.97191
12.3877
10.8553
8.76212
6.47545
9.58678
12.4155
5.04141
8.57487
6.15695
14.3128
9.75396
12.7232
12.9773
9.72497
7.74972
10.304
6.82254
5.94673
12.9665
13.983
7.82346
6.47391
10.0954
13.7956
14.7664
10.1782
5.3881
5.59708
8.05685
5.90762
10.3445
8.42585
14.5436
6.04426
13.7365
8.9882
14.6269
11.5772
12.5147
8.37347
12.6201
5.34002
9.80694
13.8476
5.88216
12.7216
9.03228
10.2667
9.61554
14.6199
9.89216
9.88928
13.3139
10.8075
13.9918
10.1797
8.43849
10.9949
12.8815
10.1187
14.3614
13.3041
13.3804
10.0339
11.3345
14.4115
6.05779
8.50438
9.97236
8.2161
13.705
10.1011
10.6146
12.3189
12.2862
14.6525
13.4818
12.1515
13.9847
14.6659
14.3568
10.2738
6.31043
5.16502
5.2984
4.11024
8.34097
10.7022
14.7472
14.7803
10.2236
13.3649
14.7081
10.9244
8.06304
13.4813
11.2667
12.5051
11.3184
14.007
4.60396
11.9563
10.2537
9.9573
13.8154
9.29723
14.6242
13.6645
5.71942
6.11022
9.43548
10.9683
14.0149
10.2622
14.3346
10.623
10.3763
13.8037
14.6155
13.4498
12.8161
14.4132
10.7939
13.7309
10.0594
12.2331
8.86383
12.9704
7.91132
10.1087
10.0248
8.43439
8.79723
12.249
11.0187
11.0656
5.30307
10.4175
9.16429
12.7778
13.4186
13.5619
13.1743
12.7313
9.68211
13.3552
14.9505
8.56133
12.6171
14.62
14.3089
13.5342
10.0165
14.7569
14.1733
13.0751
8.3639
7.41366
13.4045
13.2038
14.8808
10.2891
13.1675
11.1093
10.8244
9.86868
10.7645
11.2163
11.8276
12.6203
14.394
14.8248
14.3032
11.3353
7.42019
8.98758
14.2083
10.1371
9.33926
13.7028
9.7572
12.1053
14.2007
14.5673
10.7098
14.5562
14.5455
9.80685
12.5888
11.7228
10.4545
12.8485
9.77478
13.7906
12.386
14.2223
10.1171
5.46929
8.26028
5.87654
8.42728
10.2724
12.7817
13.6915
14.0205
6.69317
13.4912
9.62023
11.398
11.809
9.10172
14.3645
14.1072
12.8414
6.23741
10.086
12.4867
13.5168
9.92356
11.8632
10.4808
8.80696
14.2373
12.8741
14.2233
8.63815
12.358
7.53805
12.2464
10.3309
9.5061
12.687
9.11728
10.1318
9.99723
8.62718
9.80759
13.2066
14.079
14.1548
9.97126
9.33632
14.0403
9.99899
9.75976
11.7427
13.4765
13.0056
11.1552
9.7479
13.0327
11.33
8.94994
7.62709
10.1003
11.6627
6.09205
8.63191
6.70953
9.79084
14.0567
4.78367
5.88729
11.6218
13.8711
10.0328
10.6804
7.40405
13.8319
11.0838
10.5415
8.51736
10.1235
14.1937
14.3254
14.8452
14.6123
5.56526
5.51225
7.89496
10.2419
13.7434
11.2635
12.0678
9.87401
14.3781
13.2286
13.5726
14.932
13.0586
11.5491
13.1002
9.04066
12.673
12.5565
10.7588
11.5714
8.71344
14.1486
13.3958
9.97629
14.6098
10.2741
11.1207
13.0562
7.06506
8.14827
12.0255
10.6482
10.8886
4.74952
11.3959
14.6542
8.46147
11.2262
14.3884
14.0386
12.0891
6.83847
11.591
14.3675
9.10353
14.594
8.9624
10.2213
9.96363
11.4777
6.49925
4.91886
6.44192
12.839
11.7025
14.4897
9.76065
7.52829
14.6447
13.7918
13.9297
14.5209
10.4871
10.1985
11.3591
13.9111
10.975
13.5514
11.9508
8.62054
11.0667
5.53332
14.9702
14.6906
14.1499
14.5565
12.7955
8.74786
8.02998
10.5281
10.779
6.03686
13.5865
7.50395
8.78954
9.5778
11.578
6.91542
14.999
9.82573
10.8933
9.72071
10.1429
12.268
10.1053
12.0838
10.9444
7.0867
12.6092
5.55064
4.96096
11.6386
11.7574
11.7201
10.0975
14.1692
12.7345
9.3181
8.63907
14.9378
13.4946
4.75477
10.6723
14.5261
9.38982
13.249
8.15893
12.8139
5.91463
10.1035
10.9423
10.2418
14.7823
11.2687
14.6417
10.1662
11.9137
11.1168
10.2014
9.77553
9.80624
6.23712
6.14811
10.8372
8.59673
14.816
10.3451
13.7563
13.2779
10.5762
5.54467
12.9617
5.3223
9.75332
10.0086
10.4118
14.496
7.71796
12.2701
12.1718
14.6927
13.7662
10.3981
9.21167
13.518
10.0802
14.3938
13.4881
14.7424
11.8795
5.4609
10.4892
6.17629
10.7601
13.6422
8.41085
13.4311
10.7954
14.5904
11.4488
14.0897
9.68759
14.6007
8.81482
12.8625
7.77863
13.7649
9.1553
10.8023
8.81849
7.81362
7.22691
12.1733
7.91665
9.62628
11.1297
11.4154
12.7086
9.37662
9.1751
13.7061
11.0332
5.79059
7.02876
8.30811
10.4807
7.63958
10.7427
9.05508
14.5026
10.4336
7.58506
11.3318
11.8978
8.32337
9.95771
13.4333
10.8142
6.7344
8.65099
10.4905
12.235
10.0855
10.4741
9.72296
6.25061
8.46505
6.20107
7.95404
8.51575
10.5693
12.5746
14.0555
8.31189
13.9186
12.6375
9.05665
10.3764
14.5522
13.8571
14.335
9.37947
10.114
4.90367
8.80281
8.64711
8.55896
10.0381
12.4118
14.8994
13.4192
14.4506
13.2885
14.0698
10.6249
14.5212
9.17929
13.7126
13.8857
10.564
5.39808
6.17045
9.18828
11.5659
12.3241
6.20582
8.76822
14.6704
10.1213
9.96797
13.7158
9.95382
9.96398
8.48214
11.0408
6.06634
6.3184
8.95785
10.9051
10.4138
14.3845
10.4323
14.3376
12.3214
10.4627
14.2716
12.5349
6.13639
10.5881
12.2762
8.60733
10.5395
9.97362
10.0415
11.7351
14.3488
13.8168
11.0678
13.8464
14.9272
10.4082
12.5758
13.6727
14.5076
11.0141
13.5522
13.7517
10.3068
7.9333
14.075
11.5443
10.506
12.2959
14.1796
11.4716
14.4491
12.8116
8.79804
7.9793
14.1778
10.4603
11.8616
12.3609
8.72432
10.6636
10.2617
9.73237
8.88691
10.5492
12.3769
14.1109
12.3443
7.7444
13.5445
11.2009
7.68354
9.32437
10.7371
7.76595
11.3933
14.8102
14.6031
6.31528
9.93818
10.1469
12.3257
11.9914
12.2563
10.3707
14.3366
10.8008
9.90139
12.0573
12.7472
6.06661
9.9242
12.3713
12.6967
10.9212
11.2194
14.7662
14.0834
13.1435
13.2754
14.2769
13.5756
13.1779
10.9299
9.85013
14.1008
14.3133
10.6315
10.3192
6.45368
14.3873
9.84987
6.13663
9.59672
13.0095
10.0831
12.6289
8.39463
12.0881
13.9829
13.9856
10.1033
8.74316
14.9801
10.486
13.6145
11.9085
11.8483
7.50955
9.90649
11.8629
13.329
11.8693
11.217
8.62404
8.53473
13.2804
6.57836
8.12694
10.9274
14.3951
7.0909
13.0097
10.2768
14.9833
5.34528
8.29986
10.906
13.0375
11.8691
8.66744
12.2349
8.81052
9.88044
11.4569
6.07469
13.227
14.0032
10.9757
14.6097
9.98006
14.2393
8.70789
11.002
6.56772
13.0791
10.8892
12.1475
13.2659
11.28
14.5932
12.8006
12.9111
12.3579
13.2754
6.44053
14.1323
8.76314
8.99081
9.26585
9.60745
14.7647
12.2742
12.9661
14.1495
12.4486
6.07182
11.9461
10.3237
6.11984
12.0227
8.85588
13.6485
6.56686
14.9329
14.6796
10.2113
12.2961
6.04037
14.7293
6.98968
10.5938
6.66237
14.6458
12.0178
14.1238
12.7815
13.7054
13.98
9.90403
11.321
9.67965
13.8491
9.67046
11.7627
12.3864
10.1593
8.8739
11.0239
11.2614
12.7161
14.4845
8.50544
12.5893
14.4856
14.4052
10.4433
12.4643
13.7598
9.94955
12.2597
13.5672
10.4711
14.1543
9.74587
12.5051
9.78574
13.2838
14.0243
11.426
13.3487
8.91296
11.7097
13.2862
12.7931
14.4181
10.5009
10.105
10.608
12.5295
12.7033
10.1806
9.86284
9.71909
14.4288
9.71224
9.75756
6.25705
11.9986
11.2041
14.6758
13.1993
13.4126
8.67418
7.01536
10.0398
12.1322
10.5012
12.7593
9.76536
4.81321
14.7183
14.6153
13.1379
13.9863
5.60315
9.30417
12.0735
9.80344
9.87453
10.9856
7.24741
6.34486
10.0964
14.9436
12.4895
13.3451
14.6541
9.75589
6.02827
8.65877
11.6304
11.8206
14.4668
14.0643
13.0134
6.19304
11.7812
10.3231
14.1267
14.053
12.9478
12.5569
10.2114
13.9373
5.19663
10.7739
13.8214
14.2196
13.1244
6.12542
12.2384
14.6527
13.9195
8.07534
9.55051
12.0553
11.3361
13.8118
10.9928
11.2391
8.52283
10.0844
11.0293
13.8056
11.1951
11.8089
13.9234
9.19667
11.8579
6.26821
8.52108
9.81902
13.6636
10.4936
5.602
9.55403
10.2214
6.33967
10.9086
13.6675
9.14209
11.8622
10.0291
6.16224
12.3545
8.69631
11.5866
12.1657
13.3982
12.8156
13.223
14.6018
14.2167
10.9248
10.5884
5.86497
10.8107
8.32686
13.4725
9.20471
9.18055
5.72366
12.0447
10.1557
10.6763
12.309
12.328
13.7173
8.14514
5.40066
11.9681
10.1406
11.0297
13.8153
14.7512
7.34034
12.3621
12.2961
8.82739
14.1628
12.6495
13.9902
12.0983
11.8084
9.35669
6.0705
7.32043
12.5
12.2884
11.9637
14.6576
13.8043
11.8216
10.1859
13.9487
8.38582
12.0993
13.8052
10.1614
14.5598
13.5011
14.4835
14.2973
10.9637
12.8747
13.2267
13.3066
11.2583
8.21125
10.2666
12.1127
14.5498
11.9604
12.6688
14.707
13.824
11.9295
10.3187
7.32488
9.85401
5.42713
8.88077
12.3294
5.0746
9.02529
5.13408
9.86069
9.09698
12.4342
9.53349
10.3711
11.2044
10.7246
12.0793
14.8149
12.794
13.3257
11.2674
13.7849
14.3442
12.8916
11.7671
9.04296
8.63628
10.5408
14.7982
13.9134
11.3696
13.0778
14.8825
8.75748
12.533
14.3602
12.2515
8.49037
6.14427
9.7626
12.4431
14.2934
9.00837
9.38065
14.0042
6.29329
11.3937
14.7951
9.29665
12.8951
13.5422
11.0248
11.1753
7.09492
13.6543
10.7775
9.46913
13.0256
8.52183
13.3177
14.379
8.42074
13.138
8.59779
12.0911
9.3518
12.5915
10.3729
6.32855
6.04698
9.18888
8.54696
8.59969
6.32403
8.4261
7.5132
13.1315
9.82173
10.9557
9.82244
8.57544
9.18107
10.5144
10.7364
12.4775
12.2722
11.591
14.2132
14.8095
12.8057
14.9567
13.1689
14.5351
12.0247
14.6273
7.09923
10.4173
12.4687
6.25332
14.6801
12.1682
14.0401
8.51025
14.4129
12.7385
11.0196
9.55783
13.3789
11.0396
13.1392
11.6177
6.20679
9.19662
7.51976
8.03269
9.99741
11.0505
10.8352
11.0421
13.612
8.37333
12.0589
6.03176
10.0767
9.32121
11.7346
12.8262
12.2971
14.6967
12.9916
13.3321
12.5147
6.41263
11.4938
5.83232
9.99089
11.9975
12.6874
12.4519
9.70019
13.4032
10.8543
7.84245
6.29131
10.0375
9.95131
7.50842
10.3636
10.0467
14.2768
9.73292
12.0537
6.02134
13.6787
14.5557
11.2662
13.8272
5.65235
7.48657
10.4396
11.4253
14.4964
9.312
13.0681
12.2139
12.4205
9.86208
6.55919
10.5122
12.5484
13.8472
9.58602
13.1042
11.5899
10.3282
9.48801
8.5252
13.0548
10.8803
12.1256
6.00318
9.43855
14.4323
10.3869
5.72297
5.77255
10.9945
9.78947
8.73211
14.1688
12.956
11.8488
11.9826
13.2915
11.9908
11.0166
14.9463
14.5974
12.679
6.04583
8.23321
11.7178
12.801
13.1654
14.8404
10.0337
7.10063
11.5046
6.05233
12.4078
9.53243
11.2392
13.2998
9.61979
8.61553
9.7411
10.9165
5.64114
8.0096
12.8825
12.9813
11.9522
12.3158
11.1018
5.95248
11.4246
11.8522
12.2074
12.1817
9.87051
8.24556
9.96993
9.56622
7.56057
14.0005
12.4941
11.9684
10.3903
10.7
10.2673
7.81332
12.8415
12.9556
11.2333
14.1875
11.8237
9.71999
13.2151
12.0459
8.35204
6.05348
13.6584
8.03065
10.3727
12.072
6.25282
9.69701
14.8939
5.48142
10.7609
13.0164
12.1812
11.9362
12.9297
9.16896
8.11999
5.28333
6.83713
10.8969
14.4583
10.6076
9.96627
9.79204
12.0367
14.111
10.6509
13.729
9.80617
14.8521
12.5445
9.96361
10.844
6.02829
9.79788
8.80773
10.0532
10.598
14.1309
10.8235
14.2481
14.8738
9.95484
8.0821
10.2882
11.6124
13.555
14.1325
14.8948
9.89071
9.1829
14.0057
6.69221
5.65862
14.1772
10.8927
9.06372
12.4708
8.1483
10.3599
8.77825
11.2967
6.72899
12.628
10.5464
14.0666
14.6951
9.92838
14.235
13.5899
7.86227
6.93421
6.30051
10.6317
13.7765
11.1931
13.4339
10.8713
7.35247
9.86776
13.7233
4.87909
12.9241
14.7879
9.55006
10.3088
8.57015
6.34936
9.95438
11.7812
11.5897
12.7742
11.2748
12.4863
12.4494
9.89575
11.7325
12.3265
10.902
10.7459
14.9044
12.7203
10.7912
5.9861
6.04739
12.3663
14.8113
13.4236
12.4777
11.0763
6.59839
12.4719
10.6579
13.7464
11.1976
11.513
13.0879
14.7548
13.8385
12.5311
14.3421
8.68615
6.36035
14.3392
10.9012
9.94023
14.607
6.72509
14.4592
13.6914
8.63341
9.91517
14.1604
11.6919
11.2799
4.6019
6.20226
14.1639
12.637
8.26226
6.55226
9.73481
12.9657
14.1222
11.0599
11.6242
8.4927
9.11265
12.804
10.0906
8.69682
14.2815
7.74155
12.1103
12.9968
10.256
14.1871
10.6292
8.83189
10.4383
5.57804
13.5906
6.35077
10.9886
8.91236
12.061
14.2993
13.686
8.70399
12.7289
13.9771
13.1239
14.1858
12.8681
14.1016
13.5745
9.31555
7.10614
12.5498
11.5695
14.0729
11.6623
13.6077
9.44274
12.1788
11.6613
13.9561
11.6448
9.00641
6.52467
14.2326
13.2016
9.86289
8.70345
12.5699
13.0968
13.32
14.9956
13.507
13.0897
9.53853
6.11469
7.53625
8.77463
8.2154
5.32619
8.87655
10.3806
14.7539
6.14709
10.1483
13.381
11.3924
11.325
10.2891
9.24024
14.2037
13.7265
14.4925
12.5397
10.8426
14.1423
5.01834
13.7956
14.3591
14.9976
9.57272
11.8079
14.6683
13.7643
11.3837
14.8817
10.9563
6.1304
9.83747
7.95874
6.18064
7.98931
9.93252
14.6417
9.16775
9.5129
13.7195
11.2547
14.1142
8.64599
10.7183
10.5329
9.5407
13.0305
14.5742
12.5566
12.9008
7.36422
10.5166
10.7286
6.17277
12.29
14.2905
13.3827
12.7014
14.3675
12.6886
11.2996
12.2156
9.90141
10.6429
12.1763
13.345
11.1658
10.3441
10.3088
13.4688
6.22244
10.8453
13.3118
12.7565
6.23266
14.7885
6.69759
12.0636
10.9943
10.0257
5.7547
14.3161
12.5501
8.73356
14.4112
7.64765
9.91463
7.69506
4.4569
7.4269
10.3543
13.264
5.77842
12.2372
9.70233
14.9433
13.2696
13.6452
8.80295
7.78828
9.61517
10.9831
9.08617
14.3252
8.66478
13.7079
11.2743
14.5396
9.11713
10.9492
13.1963
10.0717
5.90756
5.31737
14.3844
10.3883
8.4936
14.6518
8.06408
13.6753
6.30449
10.9531
5.63194
6.45984
8.90439
12.8149
5.32667
6.22364
9.99958
12.3437
8.44898
10.7045
10.0223
11.7244
8.91975
9.9712
10.8107
14.367
10.7401
8.51045
13.0461
8.12096
8.5144
12.1161
5.96677
11.892
12.4476
7.58616
8.67505
10.1603
12.6193
12.69
9.72116
12.269
6.1257
8.61603
10.5341
12.4084
10.703
13.7885
8.53402
13.2734
11.2585
13.6865
12.1092
13.9052
10.0224
13.706
9.70803
14.0681
13.665
12.4497
10.2062
9.95665
10.2681
11.4522
7.9619
7.35065
9.68638
12.4052
5.62774
5.05066
10.8245
6.06357
12.4368
13.476
12.3315
10.4467
9.08395
11.895
9.69373
5.06606
5.38411
7.65177
13.5811
14.6797
12.5803
9.04406
10.852
12.3414
14.2911
11.5424
10.6654
13.6766
10.4868
13.3
5.6096
8.90693
11.2549
10.4226
14.2448
12.2172
10.5531
9.99156
8.49851
8.48293
10.2945
9.10341
13.6907
14.8872
11.1361
10.7435
8.4865
9.48526
13.2103
8.55948
7.21309
12.3917
9.28252
13.3403
13.8647
12.3001
5.60241
9.79154
14.8013
14.5537
8.51862
14.5351
13.2407
11.9588
13.3132
9.53542
9.69091
11.4089
6.98954
9.99962
12.4684
12.1054
6.09258
6.61965
11.2366
10.8672
11.6878
6.30488
9.71738
14.2756
8.71928
10.4974
13.6912
11.7104
5.33981
8.77995
8.82203
10.0226
8.56929
9.4492
9.325
9.24993
10.2248
9.821
12.0891
12.6008
9.96046
14.5597
13.7307
9.81326
14.8002
14.6635
5.48688
8.88268
9.83316
8.72415
14.9725
6.41143
14.3287
9.97431
9.0004
13.1665
6.31184
13.6063
8.60078
11.6942
11.1809
10.8337
13.939
10.4771
9.87278
13.4443
11.7823
12.4032
13.3246
13.3404
9.88559
10.2336
12.6131
8.4505
11.6218
9.74691
13.1023
8.50095
13.7963
4.80382
12.0892
6.76255
14.0228
12.4623
8.49806
12.1873
10.3978
8.44129
11.0964
13.1454
10.4885
13.3796
5.78134
11.8657
10.3313
9.18906
9.6917
11.4726
12.0185
11.1252
12.6693
8.42479
7.57455
10.043
10.8387
9.88976
6.1363
7.54446
6.86169
13.5973
9.67312
11.7176
14.8687
11.4634
10.726
13.1458
9.72396
13.5799
12.3342
13.339
14.5024
11.6915
12.2146
11.091
13.7161
14.5595
13.9798
12.654
12.4844
13.2039
10.2842
13.5883
12.2704
14.5392
10.5018
12.3751
14.5704
14.5221
13.6939
4.40907
14.0782
13.2762
10.3961
5.76589
6.27579
11.8709
6.44356
13.7555
10.0201
6.2262
13.3702
6.55365
8.68614
7.9042
12.5189
12.8529
9.0968
10.4377
6.70694
9.92478
13.6856
13.1541
9.36701
10.2992
10.4629
9.49533
12.3143
10.427
9.92215
14.3386
12.8352
14.4959
9.12144
13.1753
11.8506
5.46445
9.09608
14.2312
8.94844
5.38414
6.34597
14.3595
13.251
11.6479
6.92167
11.7432
12.853
13.4602
10.1533
6.42951
9.60499
6.22719
11.3803
11.9199
7.42214
10.7466
11.0977
12.4993
6.1155
10.7893
10.2494
10.0587
14.7279
13.5364
13.41
9.87637
11.1222
12.6844
10.2604
14.0718
13.6912
14.9726
14.8089
9.72702
9.15067
9.68868
10.6197
9.59978
14.6208
12.331
10.6691
8.62753
13.2102
14.616
14.8962
11.5622
13.5126
10.7635
12.368
13.0367
11.1245
10.2274
10.3103
10.455
7.11859
9.67699
9.02677
13.1134
10.0561
8.15763
4.89889
6.36569
14.0628
12.827
8.36128
10.6878
8.34071
10.779
6.14049
13.919
14.0633
11.121
9.12005
9.90008
12.5415
14.0279
8.71647
9.9461
10.5513
12.4891
10.2706
14.3176
10.7779
9.75135
5.92938
11.72
14.1909
12.4729
13.4923
8.64106
14.0689
6.02809
6.10518
7.35478
14.2905
14.2893
11.8067
11.0728
11.8025
11.1991
10.0753
12.4206
10.0393
11.4681
14.0346
14.5011
11.3485
13.1351
7.9109
6.02336
12.4537
7.0015
8.62394
9.76728
13.8694
13.6453
12.4807
12.784
12.8111
5.92107
14.946
13.4675
9.83001
9.64002
10.1845
11.1467
8.69605
12.1649
8.61794
12.1651
10.0214
7.64554
10.3321
12.3761
9.166
12.9325
14.4923
8.98562
6.41861
10.576
6.58498
8.35932
14.6417
11.8357
13.5909
12.2637
11.5173
13.2388
14.3218
12.2854
7.97492
14.6472
13.0399
8.77738
11.7396
12.8652
14.3632
12.7961
10.9418
14.2452
14.1121
10.6533
14.0849
8.72084
11.049
14.1898
13.5905
11.1852
8.77674
12.3989
12.6482
5.24217
9.50324
9.69417
10.63
10.1309
12.6994
5.83024
10.6604
14.0977
14.1486
10.0187
14.6374
12.2369
10.4784
14.7479
13.1627
8.95251
13.7099
9.80879
14.6883
12.1892
7.25432
13.2533
12.2482
14.8512
9.80703
8.31824
12.5661
12.2674
14.1394
6.30244
11.5117
11.551
10.8243
7.89345
11.2134
13.0872
11.1437
13.8323
10.4511
13.1263
14.7695
11.9136
11.9099
9.01388
11.403
12.7385
9.866
10.2983
6.03475
8.94377
5.47837
9.85047
7.85792
5.63019
11.505
11.1685
13.008
11.0094
13.6227
13.9211
11.7325
9.52076
8.9549
7.51234
6.44963
13.1733
10.9291
13.8958
14.7831
12.411
13.7427
8.57054
9.88422
10.7354
10.7646
9.75318
10.7315
8.31059
12.1903
14.0844
11.1166
14.09
13.4122
13.2585
6.34022
14.5784
9.61432
12.8302
12.3896
13.9053
6.66958
9.85913
13.2074
10.593
9.37489
13.5288
14.9516
13.1924
8.43122
5.94405
11.2773
8.58846
10.6729
13.3256
12.2947
7.46034
5.66789
10.8436
10.1804
10.7736
8.89912
10.0493
14.8992
13.7029
10.373
13.5763
14.8826
8.66242
6.29071
13.6716
14.4164
5.17454
14.1829
10.2392
10.8753
9.83913
14.0172
8.56445
14.6557
10.4339
9.96898
7.12359
11.6191
13.9458
14.3616
12.1855
6.22119
9.70099
12.2966
11.1321
9.88968
12.6071
11.3831
13.1999
5.97958
6.45095
8.43612
11.8682
14.9947
6.41728
14.2038
6.10669
10.7682
14.8991
6.1181
10.8258
14.2886
14.3778
12.9252
10.3325
8.51477
6.26844
12.2393
8.59991
14.2821
14.2069
6.16082
9.96507
9.93882
11.3439
7.87626
14.2306
8.69367
8.8638
8.92294
12.8166
11.6969
13.0684
12.1175
8.84428
13.6413
10.1889
12.7246
12.8794
14.5101
9.88852
10.8055
10.1469
10.1296
10.1671
10.5311
10.4591
10.3237
6.46232
10.0731
14.4124
10.5845
12.012
11.6485
12.3529
8.89831
6.00142
8.5151
10.5706
14.7873
12.9851
5.71695
5.46952
7.86125
7.55458
13.27
14.2852
14.2677
8.60053
14.4625
7.89057
11.1323
10.0329
13.8499
11.4119
7.62547
13.8036
5.5723
14.2806
8.93913
9.73161
14.1524
14.7788
10.3112
12.6882
9.80797
11.0523
10.4808
6.24717
11.9137
7.85494
14.8762
14.5261
6.55497
14.7672
6.11788
11.3697
11.9815
5.42579
13.2489
12.2615
8.85095
8.57983
14.8335
14.5606
13.8623
8.8854
12.5645
5.31096
9.0457
14.4261
13.2719
6.27619
8.75053
10.2389
10.2156
10.1037
13.4356
7.49737
10.996
9.81959
8.15813
5.15184
8.65515
14.187
11.9982
11.048
14.807
13.3271
7.78257
7.88698
5.47492
13.4932
12.2897
10.8376
10.48
6.32315
9.88147
11.3757
14.3784
14.6371
10.9918
10.2858
8.23004
8.57681
8.7899
14.072
11.2384
10.0794
7.73353
14.6467
14.7896
10.119
10.8972
7.20979
8.83205
10.367
9.77973
8.37976
10.5023
6.35822
6.08392
12.3349
12.0287
12.7356
10.6814
14.775
6.7532
14.5906
6.22422
5.93848
8.75256
14.9896
13.8107
9.29199
13.1367
8.77056
9.14367
10.0927
11.8256
12.3384
14.0821
10.7394
9.55662
12.6494
11.6111
13.9964
10.2352
14.039
10.0641
12.1852
14.3612
9.89225
12.6892
14.8772
12.0263
14.4638
13.3812
11.9188
14.8716
12.8891
13.1444
11.8107
10.6202
7.24528
5.20793
10.1564
14.5602
11.4089
14.6036
14.196
13.3059
10.0765
6.12566
8.62346
12.0454
10.2097
8.79652
9.43145
12.9836
13.3162
9.71517
14.8859
14.7338
8.49454
12.8072
11.1783
11.591
12.4247
6.07854
7.84497
5.81122
10.1018
8.65966
9.83042
8.94911
14.0742
13.9903
10.8451
12.752
10.5057
13.9773
13.9968
11.1526
5.79276
13.0413
8.79563
6.30088
11.6322
11.0808
8.3459
8.43859
8.61129
10.2982
9.37056
11.593
9.01083
13.2587
14.338
14.8567
5.89688
13.069
12.4431
14.0457
11.2641
13.5211
9.15484
13.9337
11.2703
13.8667
14.4465
10.7601
10.4236
9.04957
11.6003
13.6271
7.77527
6.09834
11.0834
9.28052
6.86648
10.9973
13.9856
10.6573
9.76848
13.5521
6.84817
14.5772
9.74186
9.56978
12.7402
10.8067
6.30173
11.1002
9.01685
13.2238
12.9389
11.8792
12.0657
13.8565
11.0362
11.8102
13.5885
13.9817
14.35
7.90111
9.65089
4.86113
9.8245
14.578
12.2143
12.0397
12.5396
5.05301
12.0711
14.4178
10.8582
10.1257
7.96477
12.2096
7.53173
4.41564
14.1364
6.65464
11.8383
11.4455
13.5384
10.3097
10.9474
12.4412
14.2601
14.572
11.2816
10.4008
8.03839
10.2486
14.0618
12.7883
9.76727
12.2211
6.08641
9.16411
14.3459
12.4115
10.7538
14.0936
8.26332
10.2038
10.1694
11.4657
8.52765
9.07396
13.6373
14.7875
12.3075
12.6983
14.0368
13.5839
5.22002
8.6183
8.96895
7.97888
9.71205
13.9875
13.5166
11.7865
12.5767
14.8806
6.66862
8.9106
12.3785
12.5138
14.7131
13.1877
9.93234
6.57861
14.7661
14.0679
14.2031
13.9622
12.8344
14.4672
10.9888
10.8203
12.1432
9.83015
12.1917
12.896
13.4221
14.8303
13.1624
14.3236
13.7894
8.02474
12.7433
10.1171
6.36373
14.7384
11.5776
7.45421
11.2835
10.1406
14.5321
8.15811
14.2662
13.8126
14.5879
5.7642
7.43403
10.875
7.54994
14.6472
10.2589
9.77442
12.4185
11.2063
11.5784
11.5526
13.6376
9.50123
13.8259
13.4828
12.0167
10.4283
8.25858
8.91
6.41614
8.65974
14.5876
12.3058
11.427
10.436
10.6844
13.7532
13.3044
13.3481
12.5835
9.17694
12.7197
12.9841
14.7135
9.04398
8.37468
10.9758
6.08376
13.7091
7.74084
9.26558
13.817
14.7297
12.3971
13.346
10.2047
12.9416
12.689
6.67944
10.0063
9.1214
13.719
13.0853
8.39024
6.52032
12.0621
10.691
12.8895
14.1832
11.6047
12.1665
8.22945
9.89515
12.4439
10.1783
13.2516
11.1704
12.3049
13.8869
11.9896
9.85039
13.4578
9.41333
13.4116
10.3239
12.3642
14.0864
9.92908
10.6946
9.32348
14.5788
10.1454
6.30697
10.3784
13.8097
14.0855
10.565
8.96107
13.6368
8.33934
14.3536
14.4353
11.4049
11.0241
9.61817
12.4643
14.3538
9.51741
11.9611
14.4548
6.20771
11.0452
12.1604
10.9669
9.85995
13.1119
10.7261
9.44334
13.3252
14.9444
13.301
13.994
11.1725
9.84448
14.9748
11.7833
10.9518
14.8898
9.32814
13.8148
14.1371
6.08961
9.63639
14.7059
14.6207
11.6637
13.378
8.94515
8.10513
10.404
8.18029
13.8314
12.3688
12.3139
9.94861
6.29101
10.1714
11.4063
9.05551
14.9207
14.0783
12.4171
9.6686
12.2993
12.3726
12.5336
5.577
10.3131
9.65363
8.50337
14.6784
11.6755
11.7619
12.0751
14.9878
13.1158
9.47646
7.95616
7.11745
6.55283
11.2409
7.59779
12.5985
10.5489
12.1981
9.65827
13.474
9.91451
9.83804
14.508
4.54412
5.83509
9.57481
12.1578
8.62909
8.71199
12.9022
11.0547
10.0211
13.3205
10.4585
13.3967
10.2777
10.99
12.4029
12.6155
10.5003
10.4623
10.1041
9.42019
5.91625
5.68621
14.3069
10.1981
12.7685
12.1705
12.6449
6.05946
9.36369
14.1854
12.7408
13.1971
14.762
7.57851
14.1533
10.8451
6.21851
12.0764
14.2545
7.54224
10.9971
12.9398
10.2393
7.03971
11.0551
11.0087
11.2438
14.753
11.3298
6.78276
10.5443
14.0698
14.569
5.82415
9.67406
13.5611
14.4214
11.3446
11.0656
14.3617
13.6512
12.8506
13.2584
10.4885
14.5189
5.89983
9.80457
12.7382
14.5643
14.2584
12.3853
12.9817
12.0225
13.9884
11.1835
14.676
13.3189
12.6587
10.7678
10.6693
12.1013
11.8663
10.1528
8.3541
11.4159
13.9736
10.1615
13.7819
10.1913
14.9318
8.59852
8.89092
10.1589
12.6217
8.85789
7.1225
12.2663
6.01529
7.56593
10.4498
9.42414
9.5443
13.608
14.7715
9.18948
14.3243
9.9656
13.4033
11.2035
6.87862
12.7393
11.4388
11.7487
11.2223
4.28017
12.3825
10.643
10.0593
6.52666
14.8804
8.71486
13.2975
8.48512
7.04277
10.5281
12.0627
8.52305
12.8975
10.9254
12.3462
4.79673
12.2426
9.1752
6.14138
12.4917
14.733
13.915
11.367
5.82259
12.976
11.4995
9.11019
5.29635
8.55224
12.8898
12.2504
7.91483
11.4742
12.9085
14.8587
10.4051
8.55781
13.8952
12.4752
8.1825
10.2184
12.9803
10.6105
11.7481
11.0016
12.3145
10.3761
13.9483
5.4183
13.2716
11.2962
10.7457
11.5808
11.6389
14.1281
14.0801
13.7102
8.35772
6.669
11.7669
7.38679
12.8184
12.8867
14.1077
9.62823
10.0884
14.3994
13.9539
9.28888
12.3021
11.4896
5.74915
7.5106
9.22237
12.7789
6.15833
7.23754
6.53123
5.97315
11.564
13.6209
6.68506
9.04958
7.2255
14.0739
12.4214
8.6864
8.72095
13.5993
8.43548
9.51765
11.7964
6.00163
10.2495
13.4033
9.54148
8.08565
4.77749
13.88
14.7218
11.5221
12.183
14.1848
8.86893
8.59306
13.3165
9.81367
13.6597
14.8992
8.62869
6.14247
10.8362
13.58
12.4273
9.50194
11.3115
9.92545
7.55386
5.05148
7.88536
12.7445
13.168
9.91569
10.5359
6.00984
11.2328
7.43853
11.8882
12.6662
13.533
14.3699
12.1804
9.412
12.6443
9.78504
12.2199
12.244
13.2465
11.9116
11.9085
11.9481
6.02719
14.2901
6.35415
6.41519
11.0558
12.112
6.14981
9.57507
10.5664
8.53574
10.0406
10.327
9.88748
8.75126
8.37691
9.7998
11.2621
12.5074
12.5889
10.4569
13.8447
11.563
11.5269
12.918
11.0274
11.4326
8.28626
12.6668
10.4832
9.58863
9.76962
6.12588
11.6568
14.7851
14.6071
14.3177
13.0955
14.5619
12.2688
8.24857
11.2362
7.0012
6.39701
11.5079
11.5068
10.6369
6.65142
11.3207
11.1928
9.97344
14.4613
9.60788
13.7331
7.64611
10.1922
8.89636
12.4361
11.801
12.0885
4.77981
5.65645
13.6674
13.6514
13.5759
14.3667
14.823
10.2453
5.9066
13.3838
13.0389
13.4454
10.8314
6.95548
7.73685
10.9378
12.3067
9.60741
13.9759
8.74951
12.2688
12.3375
13.5781
13.815
8.45441
14.0248
10.1794
9.76549
8.98696
13.6253
6.37888
5.08533
7.47713
8.7022
14.1021
14.6046
14.009
9.50417
12.0194
12.192
9.18083
12.248
13.2134
13.9646
14.6604
12.4256
10.2194
10.386
9.39318
12.3409
12.4404
6.54724
12.0683
10.7607
8.495
10.0126
6.06755
7.44395
11.0405
14.0973
8.81607
12.9046
9.79444
14.3303
13.6822
14.2829
13.2602
11.1925
14.1946
6.43415
7.94508
6.35082
9.20042
9.93587
10.9899
10.2237
8.41479
10.7461
11.7823
11.5168
13.3058
6.50137
9.08863
11.6824
8.83307
12.6063
9.9688
13.338
13.4737
11.263
12.6849
8.58969
13.7067
10.3758
12.84
12.3674
11.1574
7.38535
10.295
5.17575
12.887
14.6847
9.77823
12.0302
12.281
14.2504
13.7161
12.6586
11.7519
14.6174
12.2083
10.2656
8.42202
8.62676
10.4799
13.9762
8.32841
10.4311
8.11659
10.8601
9.97724
12.1286
8.38242
11.6277
12.4615
10.437
14.4835
4.92225
8.6647
13.0934
5.98192
9.91456
13.53
10.9554
12.3508
9.96549
11.0308
11.2714
14.61
6.66584
7.92521
9.50622
12.5207
13.1178
14.4761
14.7062
11.9375
13.814
14.8892
13.963
12.4802
9.95412
9.41295
10.4616
6.42797
11.011
11.1319
10.2682
10.6335
10.0071
6.23524
14.2375
7.7965
11.7156
6.49831
8.78064
6.78979
13.4745
11.2683
12.2689
10.8081
7.61933
13.1089
6.57343
8.36961
11.3813
6.32139
11.9816
9.84184
14.9498
14.7351
8.78246
11.3394
12.5484
8.92288
12.0622
11.0202
12.8407
8.60032
9.04404
14.4236
8.21452
10.2519
14.592
14.9828
11.121
12.4933
10.7207
14.2809
10.8259
12.4972
10.9383
13.1752
11.7976
7.83779
8.49265
6.11252
11.8922
13.5769
13.3263
10.5423
7.78953
13.8967
10.9207
13.2813
10.7299
10.2268
10.1479
13.0064
14.3514
12.7862
11.7909
9.60348
11.4434
9.13462
12.8432
13.4072
12.1313
12.006
10.3809
14.8822
6.08692
12.8247
9.65442
11.6449
6.53407
9.13255
8.02461
4.41666
5.70703
8.65211
9.72877
8.73542
10.5219
9.97694
9.76446
12.6635
9.79779
13.8051
7.14371
9.62052
8.96021
8.40525
6.54887
12.9351
13.1935
13.2493
10.6133
12.0885
12.6169
12.4404
9.91432
10.5292
11.9927
10.0689
9.61035
6.42589
12.1026
9.08425
13.7658
9.7161
12.1337
10.3689
13.1614
14.0301
11.7116
10.0865
10.3615
11.3623
9.85235
12.2374
10.7062
8.11217
8.59322
13.8433
10.986
6.94089
13.0573
9.30492
6.15744
10.0126
11.784
9.62671
11.0205
11.4709
10.3914
14.324
10.6265
14.7286
11.3176
10.6989
13.3083
13.135
10.0197
12.8083
10.2638
8.50094
8.41813
12.656
5.99681
14.7894
8.91884
13.9974
14.3415
6.03341
13.9893
13.4316
12.0169
13.0457
14.9359
13.892
11.5557
8.40273
11.2685
13.0931
13.8756
12.8548
9.80058
8.10426
8.72435
10.6605
12.8309
14.7666
14.6733
14.6684
5.46802
7.74085
13.4622
8.68973
12.4929
10.0451
12.2723
4.90401
12.6938
9.33377
7.4598
9.16022
10.0185
7.70808
9.8543
10.4193
5.22236
9.78483
13.1459
10.0902
5.65992
11.8177
14.7284
13.7192
5.3099
8.36784
12.2709
8.23281
6.08845
5.867
10.1666
12.8363
12.1469
11.0462
9.8936
14.8696
13.3464
10.6331
11.6545
9.80769
5.75786
6.28303
8.85542
12.8552
14.1218
14.8548
13.1857
11.3199
11.4161
12.9688
12.1005
14.0254
9.56287
11.1063
14.431
12.6031
9.94289
8.75548
6.37281
9.64813
11.7272
7.62186
5.94886
8.17108
9.55808
13.377
10.2638
14.1237
12.2714
10.5387
12.0259
11.0917
8.50979
12.1776
6.92441
13.852
14.2948
8.12562
10.3883
10.6303
6.68852
13.6077
10.6562
12.7801
6.70799
10.0475
11.8994
9.88538
10.4798
12.7598
6.89235
8.85889
10.2711
8.96953
11.9804
14.1575
12.7375
10.4271
8.90702
11.7585
13.826
12.1301
14.8596
12.4542
14.7155
11.234
9.8984
13.281
14.049
12.0821
8.28001
10.5815
10.1223
12.5424
14.6393
9.86259
11.3375
11.6711
12.3185
6.20406
13.6861
9.41238
14.6672
14.5532
7.22733
9.20293
14.9044
13.363
14.5997
12.027
11.345
10.4141
12.4029
8.23078
14.9977
10.6648
10.9649
12.0556
10.1666
12.2609
8.4402
10.0332
7.95897
10.7879
12.5995
14.4994
12.8312
13.2162
10.671
13.0453
6.83141
6.35846
11.3264
11.6776
6.2074
10.8469
6.82059
12.5547
10.9415
12.7763
8.77333
13.2174
14.1309
9.85024
12.9523
10.9795
12.122
8.77288
8.57169
13.3817
9.34006
10.351
7.71547
6.01384
14.7882
11.8658
11.6719
8.73379
10.6865
8.30123
9.62364
12.157
11.8203
11.9015
14.2251
14.5021
7.81705
8.35981
7.9777
8.74838
12.4521
11.9785
12.2169
6.24995
13.6687
12.5087
9.90959
14.4298
11.5164
9.23627
12.4829
10.4684
10.41
9.65198
9.42046
7.97992
12.8323
8.87726
9.68338
10.7499
10.2438
10.8563
13.3553
5.83346
9.70839
13.4899
8.43366
8.64887
6.29319
10.8405
14.227
10.1043
6.69208
8.23322
10.6883
11.4666
14.0376
9.71765
11.6315
10.5955
12.1069
14.5124
11.9732
9.46652
10.2849
11.2896
13.4162
14.5704
10.6466
13.9887
9.95939
11.229
6.17465
14.8712
13.8958
5.25377
9.56527
12.2684
10.6868
14.5056
8.41698
5.2889
10.636
9.85835
9.70004
5.56393
13.3432
8.00695
14.4343
14.942
10.1883
9.90431
13.662
14.2914
9.23023
10.3463
14.0996
14.9441
13.314
14.8605
13.9295
10.3924
10.2532
8.6051
5.84401
14.5897
9.88877
13.5959
14.938
11.2564
10.3958
14.7537
9.24855
12.7222
11.5297
14.1691
8.41252
11.8687
10.2674
11.5029
6.37345
8.25065
10.6202
10.7917
14.9984
11.8285
7.46617
12.642
11.1391
13.4228
9.7706
13.4395
12.8038
9.49576
7.03289
11.418
10.4108
10.7044
14.2819
8.62202
6.87812
7.38954
8.11482
10.3592
8.62676
12.9748
14.3466
12.627
11.6243
8.51591
14.8601
5.97992
11.8133
9.58272
13.7366
12.5174
13.7174
7.03687
9.82224
11.9405
6.8877
14.0343
10.4459
14.5827
10.5844
12.0262
11.1615
10.5545
7.72396
12.6412
13.933
14.5618
8.95986
8.71499
11.986
13.7099
12.5342
10.9769
9.43138
13.5436
13.9774
5.89845
10.3872
10.6672
9.71487
7.79596
13.6755
13.0491
5.08352
14.2744
11.5746
10.649
12.4088
13.9609
11.6424
7.51847
11.3188
14.3187
11.3178
14.2107
11.5867
14.1631
6.46598
14.8223
8.76526
10.143
6.7898
11.975
10.4744
7.66259
12.1366
7.97574
12.6586
5.67586
8.96621
12.3724
4.98642
8.75155
5.28332
10.2057
9.13048
11.6267
13.2057
11.5199
14.1489
9.56699
11.2476
11.3792
13.6113
12.6858
5.32004
12.5459
9.14949
13.9471
12.3465
12.046
8.3267
11.4713
10.1159
10.024
9.56867
11.0168
8.71927
13.7168
13.841
11.8569
12.7035
8.74357
9.99698
12.5372
6.30565
14.1724
14.8877
14.65
12.5147
10.4242
12.7414
14.9028
14.461
7.65541
11.1744
13.4427
9.73569
11.1714
13.3732
9.51136
8.3749
10.9443
8.37933
14.1524
6.13272
12.3064
12.0905
8.82641
14.75
12.8938
11.7906
10.3108
13.2595
12.2395
9.73595
8.47913
11.7559
11.2373
12.2959
14.4436
8.88955
6.23806
8.69406
10.3311
9.9112
8.7525
13.9151
7.15502
10.2177
13.1096
12.4879
14.3523
14.0084
10.0344
10.2283
9.6315
13.758
14.1813
13.0083
11.2225
13.9298
14.942
12.0849
12.7838
11.9011
5.78235
14.1579
12.7116
4.85589
9.87665
13.9345
12.0658
13.8794
8.00338
8.81497
6.08699
12.4026
11.3175
11.3398
6.96212
8.83276
6.4572
14.5302
6.17374
14.4927
9.78244
13.5396
9.72565
9.73273
13.3431
11.5102
9.33605
13.6422
11.2799
13.4275
9.32141
13.7656
11.6415
12.0771
12.5065
14.6603
14.3707
12.331
12.3068
13.2103
12.961
11.2111
14.4493
12.322
11.7716
13.542
12.5025
13.2931
11.3336
8.77366
11.8202
9.85004
10.7077
10.1328
8.59344
5.3451
13.8835
14.9805
14.9307
8.8732
13.0556
9.98313
13.9913
14.1877
11.0505
12.7101
10.1648
14.6208
14.3502
14.734
11.3928
6.29119
13.4677
11.7413
9.89947
13.1974
13.5223
8.16786
5.41238
11.7234
13.0083
10.1011
14.1773
11.7055
14.2907
14.1813
14.2314
14.463
14.4981
14.3626
14.2566
6.27988
9.96699
14.3159
9.98449
11.4802
8.62457
7.75226
10.7231
11.8738
12.5769
9.50512
10.2736
10.0006
14.168
8.85736
14.4823
8.70577
8.50391
14.6455
13.7577
6.85954
10.3082
12.9753
14.0857
10.563
9.77371
13.3716
13.6521
13.6038
8.92913
14.8653
10.9435
9.49099
14.4135
14.3871
9.58836
9.20882
13.3993
13.8119
10.3818
11.108
13.4231
7.27856
5.49722
10.3793
11.8271
8.00545
5.64124
14.6277
7.61613
12.8849
12.9093
12.3846
14.102
12.7634
10.8857
8.18765
9.98425
10.8414
12.1972
9.07018
12.6237
8.57743
6.54105
12.427
13.1751
13.7499
14.6905
8.18789
13.8925
10.1952
14.912
9.08052
11.3954
12.7174
9.58575
13.9441
12.8064
12.1034
10.2931
9.97266
11.144
10.2078
8.76189
6.33953
8.50502
14.6207
5.38624
5.60405
4.92127
11.2967
10.5135
11.81
9.68046
11.6886
12.8064
14.9053
11.7188
10.8745
14.9264
10.3981
11.4859
11.3137
13.5834
12.1316
11.872
8.85873
14.1883
11.8472
14.029
5.16558
12.7798
14.9269
11.9789
11.1452
13.9478
11.5586
10.2177
11.2017
12.2362
14.7587
8.30683
11.2831
11.6269
10.0732
14.4199
6.62899
12.5719
13.776
14.1332
12.5498
13.9762
13.3978
13.2509
13.2502
14.8204
12.2506
5.69598
10.8529
9.47093
11.9181
14.0337
12.5162
12.4049
10.4371
12.0036
5.14068
13.7829
8.41743
9.79701
14.1029
13.5262
14.2573
8.48585
6.16684
14.3231
12.0399
9.52602
11.3543
12.4437
12.8453
9.92564
13.051
6.07119
10.3776
14.743
12.8014
11.3854
10.2604
8.61314
12.3317
9.08331
10.49
9.8682
10.8464
11.8492
9.76623
13.0317
12.9573
9.46741
14.0425
13.3472
4.59274
14.6841
10.8107
6.14507
10.6649
14.7668
14.8218
5.73119
9.93547
13.8816
9.13848
14.8636
14.6044
12.7036
13.7128
5.71828
10.5086
11.3114
13.5522
13.7196
12.9387
13.0659
14.1567
10.9972
12.3909
11.0275
14.0171
9.21909
13.9835
9.33977
12.4387
5.468
8.50054
8.04159
8.54249
9.97233
10.3619
10.5428
8.77263
9.75769
9.42611
8.60343
10.0827
13.4297
13.9261
12.5726
10.2442
14.0807
6.60678
13.8406
13.2761
9.58473
8.462
11.1911
13.5756
13.6911
8.0897
9.61074
5.7871
9.70927
11.3068
14.3577
8.5657
11.5992
13.016
14.1904
11.0208
12.1684
11.0021
8.54814
9.47711
14.3921
8.84062
9.80765
13.9098
11.7807
11.163
12.624
13.0237
12.2612
10.8784
9.24557
13.2729
14.8708
12.9476
9.78736
10.5766
5.57429
11.6986
14.2921
9.47753
9.06844
12.7274
13.7876
11.0145
12.598
12.9301
12.6024
9.39294
6.16158
8.31391
5.83361
14.1376
12.6685
8.7756
11.7181
12.9429
13.361
12.526
13.6421
12.5972
14.7278
11.3496
8.54863
10.8219
10.3424
6.28434
9.23877
5.36413
11.8672
14.1039
8.96633
11.3723
12.9476
6.15806
8.26925
5.76467
10.2779
10.7216
9.8473
6.17049
13.344
11.443
11.8706
12.1541
13.806
13.8904
9.74932
11.8378
8.62555
10.6233
10.561
13.9267
11.5185
14.2287
10.0561
10.4824
12.9219
12.6337
8.60555
10.0922
14.2251
12.4458
9.7363
10.0347
14.0479
11.9611
6.7585
12.1996
13.5468
6.14157
8.39246
14.0142
11.8802
14.6521
14.528
6.41222
13.933
14.9763
9.10038
10.5304
12.3113
13.2236
10.4553
14.1908
9.86675
11.0932
10.9044
10.1764
10.2458
9.96282
11.8765
12.1175
5.02002
12.4124
14.1756
13.882
10.0195
10.0003
11.2447
10.2648
13.7652
7.58131
14.3707
14.8324
14.9842
7.34563
6.40814
8.66865
11.9221
9.85871
8.50669
5.89759
14.0718
11.0334
10.9519
13.0487
9.38134
13.7621
12.7191
13.1072
11.5804
11.0884
10.0375
9.52555
14.6492
14.9396
13.2822
6.26512
8.74676
6.31375
7.20087
12.6545
14.3097
11.8209
13.1918
5.6297
8.41704
9.30758
12.7617
9.11868
6.45349
7.40169
13.0642
5.84201
5.27638
6.32367
14.0163
10.6711
14.9185
14.7297
11.4904
7.95089
11.2961
8.71404
6.45609
13.21
9.82134
10.3413
6.49908
11.995
8.93083
13.8263
14.8063
14.9545
14.9714
13.1239
13.1782
11.1783
10.2483
6.15778
9.92353
8.69173
6.16565
9.5707
10.5363
10.8322
14.2148
9.67285
11.9887
6.08353
10.1947
14.1199
8.63782
10.7179
9.8984
11.9336
6.19488
14.9589
11.9735
14.0803
9.71514
10.5493
12.1407
14.9166
8.3446
11.892
8.78797
9.43385
11.0892
12.0287
14.0795
14.7135
13.8478
14.146
11.815
9.60783
8.39186
5.82642
14.2407
5.48798
12.5843
12.9836
11.2665
13.8969
11.1936
13.3114
12.5382
8.36419
14.3487
14.1523
10.3572
12.5287
7.91617
14.6851
6.33412
14.483
12.7914
11.5343
14.9881
8.18498
13.4158
13.2497
14.641
14.1486
5.41598
12.3493
9.58271
9.65572
14.2273
12.8299
14.137
9.44103
11.3434
11.7939
11.7153
12.863
5.4678
8.40026
13.1559
10.8331
14.2871
8.02911
11.8117
12.241
12.5423
11.2031
6.11929
12.7522
11.2187
8.64394
10.3826
8.87623
9.75699
14.6188
6.41479
12.8351
10.0338
6.70919
8.54522
10.4541
14.2918
10.4485
5.67034
10.3332
10.9912
13.061
9.84139
12.6412
13.7037
11.0746
9.85822
14.065
8.48329
9.95934
6.17597
9.8097
14.7514
13.2029
12.5254
14.8888
14.2658
13.1295
10.4141
13.3846
9.53026
14.3119
8.25681
6.85093
10.3978
14.3891
11.3083
14.0303
5.22343
8.00861
10.0919
8.5926
14.834
10.5026
5.53336
12.3463
14.0593
8.78016
10.2101
14.7095
12.7061
13.8507
13.3097
14.7706
11.464
11.874
12.4111
12.3064
10.5256
9.07587
12.0272
11.5731
14.3355
10.376
9.81078
14.6825
11.6058
14.4764
13.7578
8.06238
10.2198
13.4898
6.33033
10.7996
12.6488
12.6331
12.6078
14.1825
14.4167
10.8131
10.5895
10.5737
10.4317
14.6611
14.7856
8.71127
5.5093
14.191
6.7912
10.5509
9.07398
9.19635
9.8952
9.41154
11.6748
12.2893
7.43567
11.4789
13.3858
6.05961
12.0875
8.45137
10.2811
14.3565
6.359
10.045
10.3173
12.6893
10.0031
9.857
14.133
9.16264
14.7503
11.8727
10.8802
9.9938
6.16324
6.25179
8.65373
6.03186
10.365
12.86
11.8028
13.8179
11.4001
14.5928
13.8025
14.189
14.8734
10.4106
11.774
11.3002
9.83274
5.9206
9.92315
11.5017
11.41
13.6554
9.19666
9.23275
5.7652
8.65055
10.9528
6.81392
12.7895
9.77658
14.5115
12.6588
12.6986
10.5829
13.1569
10.6799
10.8674
13.5211
11.4744
10.7804
13.6735
12.0017
10.9853
9.31508
12.3376
9.98568
10.5094
7.30546
14.1377
10.119
6.30948
8.57564
10.0657
7.99936
13.4318
13.5094
13.999
12.3654
12.4517
12.185
9.83148
10.7149
14.2977
9.11543
13.4339
11.649
9.57094
13.1456
5.97924
7.06894
11.5166
12.1599
13.0522
14.6286
11.9221
12.8741
14.6831
13.2293
10.153
10.0585
13.6199
12.0464
13.0353
12.5108
11.7838
6.04149
5.84907
10.1013
13.629
14.9339
14.1266
9.41616
13.9792
9.53101
8.5965
11.8059
10.978
13.3288
13.7145
8.71244
10.6356
9.25096
10.4762
4.0629
14.0164
10.1747
13.7547
14.3944
11.9949
6.69526
9.61193
11.7548
13.2633
11.3227
6.11434
8.77955
12.9243
8.76799
10.7775
13.6494
10.1431
10.2383
8.67768
12.0049
8.61506
13.4937
12.407
12.2931
13.6507
13.17
12.3206
6.1566
13.7224
10.3741
14.5662
9.2595
9.55877
5.25419
14.274
13.7822
14.2846
11.7812
11.2356
10.5221
7.05835
8.76656
13.508
14.8216
10.5751
11.9588
5.64287
7.96443
11.7132
11.2516
8.82007
11.0957
12.3776
13.951
13.9795
5.54708
8.5247
5.26679
11.9203
13.761
14.2723
6.13078
8.73779
13.9254
13.9627
10.6928
7.60101
14.8891
14.0973
8.56334
14.3949
13.4454
13.4237
10.1187
12.3884
8.28662
13.2917
14.9121
12.5783
13.4388
14.8383
9.40894
14.0108
10.8642
13.1957
11.6042
10.055
9.06754
14.2542
13.7521
13.8551
14.1199
13.4942
9.88424
10.0932
7.37269
14.266
6.17356
12.0571
13.3615
14.5957
14.7342
10.0185
9.12224
14.6412
14.6778
14.995
13.6028
14.181
8.70319
8.77318
12.5209
10.3811
13.6834
9.44578
13.1115
14.1468
11.6174
10.6378
8.52147
10.602
7.83288
9.28751
14.0439
12.1255
13.642
7.28159
8.52692
5.75659
12.8404
14.5823
11.8305
12.2625
11.9784
8.51919
8.43575
14.2333
13.6103
14.9605
12.9731
10.9605
11.2311
9.67367
12.3806
12.9969
13.0176
8.16452
12.9931
13.0265
7.80276
13.2148
11.3441
5.90102
10.9254
9.27422
12.0502
13.0567
9.83508
13.8041
12.1167
12.1011
11.6121
12.6012
10.7747
14.7738
6.28388
9.93873
14.3283
13.6036
9.50806
14.2505
10.7125
9.69275
9.48886
12.8874
11.3
5.79316
14.6894
14.2205
11.8264
9.76289
14.3868
8.56614
11.7675
6.07674
14.3204
14.0987
8.69081
6.27282
10.4168
12.1317
13.8283
14.9139
8.94152
14.3298
9.60758
6.16298
13.3025
14.3725
13.8558
13.8223
10.7699
9.66869
13.4196
11.3343
14.9995
11.4759
13.6196
8.61932
9.68229
12.9781
9.11672
8.83661
14.7137
7.27034
8.53535
9.87955
12.3399
10.5588
8.32352
13.7796
13.26
12.5759
5.68178
13.6668
14.8966
8.53847
12.1974
9.79659
7.60591
10.6173
11.3404
12.268
12.7104
9.52798
14.9634
11.1408
14.6457
12.7482
12.3791
7.43205
10.2454
5.85556
14.279
13.1526
11.1618
13.6783
13.9164
14.008
14.629
13.954
11.9982
12.5584
10.5483
10.2325
12.4161
8.92067
11.7078
11.7153
10.0678
13.5372
12.1878
8.53931
13.0477
13.7304
8.19288
10.3462
9.42852
14.6898
13.8427
5.02111
10.2092
10.025
11.5749
12.0087
9.11836
9.9592
11.923
11.2702
7.84558
8.94298
14.3963
8.85727
8.55911
8.97571
8.5631
14.2137
8.77941
14.1847
10.3289
9.41964
14.7991
13.7172
14.93
10.2376
13.7544
13.1309
11.9219
10.1252
12.7427
10.7708
12.9552
9.71051
14.6215
7.56533
14.8067
14.2969
6.32845
6.01181
10.8643
13.4725
14.1685
13.4373
10.0605
14.7449
12.5885
5.9675
10.2697
5.83612
13.7064
8.78573
6.04123
13.0058
12.9703
14.5308
13.7029
13.0563
12.6188
10.8128
10.5994
6.24432
9.94688
6.68469
14.963
12.3824
14.4392
8.91711
9.77467
9.67414
12.9664
12.1421
12.7758
8.21772
6.22206
6.00332
8.55631
10.1732
11.0052
8.4164
12.0261
11.1158
14.9585
11.9782
13.9491
11.8008
11.6545
8.81228
12.3679
9.86857
10.1365
8.53298
9.31561
12.2673
13.6278
13.5477
11.3016
12.8558
9.35703
6.32398
8.28101
14.9412
10.7387
13.7882
8.97211
14.5073
13.4357
8.20503
10.5074
14.8177
11.706
13.7114
11.4344
12.7771
13.3452
13.8019
12.6851
11.6158
14.4612
14.7819
13.4269
11.1748
14.2213
5.44955
12.2647
12.3825
12.8175
13.1717
8.75147
13.3926
9.60665
13.4383
10.7623
10.0208
6.24934
12.7458
13.8795
13.46
14.0026
14.3687
13.7743
13.4398
9.5752
11.7688
13.8077
11.4436
11.7508
14.2372
13.1092
9.43365
13.3632
12.6797
8.46747
10.5379
8.78558
12.1045
14.7317
10.6652
12.1104
6.32446
7.17442
10.9838
13.5483
12.2203
11.0082
11.4701
14.8935
14.384
10.0815
12.372
14.7622
12.3757
13.4882
13.0309
13.0211
14.0047
11.4312
6.1784
13.5674
13.9691
8.15128
12.1253
7.97684
10.7887
9.34719
12.1532
13.5098
10.826
14.1508
13.2572
14.0715
9.79385
11.7544
14.9908
13.5869
12.5013
5.83478
9.48456
12.1148
6.74055
10.8263
8.42896
14.9639
14.4617
14.8593
14.2148
14.5786
11.4818
12.2616
8.71753
12.421
11.732
10.3448
12.3652
7.47378
11.9333
9.1097
14.5038
12.0847
7.64431
10.3874
14.2005
9.1647
6.49274
8.9402
10.4479
5.93146
12.1169
10.902
7.72022
14.4292
11.8078
12.0538
7.78057
10.2997
14.1332
7.60532
6.28006
7.61258
8.34602
12.836
12.1007
7.97837
13.3464
14.56
11.1278
12.8234
10.3953
12.0603
13.4788
12.402
9.80677
14.8513
12.125
9.49527
12.6361
8.46601
10.0051
12.743
9.976
7.7173
13.9826
9.56651
6.8741
7.18122
7.64541
10.7613
10.1052
14.5182
12.6415
12.5748
12.3081
7.30761
10.045
14.0551
8.46806
13.2148
9.74622
8.61685
6.09076
8.6288
11.8659
9.23042
12.5261
11.4447
9.08173
12.0536
14.5866
13.3106
9.71991
10.4519
10.4355
10.4032
10.2815
5.44504
10.3836
8.55136
14.6169
10.4881
8.74759
12.2287
11.8814
8.58773
6.08518
12.0979
14.1852
13.1434
14.1029
8.91545
8.75378
11.9739
8.2952
10.13
12.6552
12.2328
10.7797
10.1468
10.4273
9.08297
7.31827
9.1708
12.81
13.1414
10.9321
9.87506
13.8644
10.1831
7.12119
6.0151
12.9767
5.73486
6.25365
8.69463
6.2778
6.22425
7.70264
10.5083
12.3398
11.3142
9.51136
13.1454
11.7288
10.4121
8.13434
7.54581
8.35159
11.6307
11.9833
6.45266
12.0999
10.7674
14.2218
10.1994
13.8793
4.22836
8.48179
6.48772
14.2998
14.3489
11.4647
14.3385
8.02927
11.3649
10.1699
11.3664
12.7057
13.438
9.23094
11.7147
11.6678
11.6853
7.85688
14.4836
13.2567
7.92814
8.23143
13.8372
14.6205
6.22557
10.8511
6.87347
12.1421
6.02989
10.9317
10.4874
11.218
13.4159
14.2877
9.38837
9.26638
10.9598
7.15001
12.243
14.6971
14.221
12.0586
10.0053
13.2899
14.4275
9.09195
10.4997
8.563
6.07345
10.4499
13.4051
10.1819
10.2181
12.4152
7.24152
11.0478
14.0717
10.5072
12.4443
14.1728
6.179
10.5026
8.24233
12.6349
6.78431
9.63992
9.8569
8.30541
4.64481
9.00388
10.2201
14.5918
13.9078
13.5793
13.8746
10.8596
14.2725
13.462
14.0507
4.29403
11.3464
8.93524
9.95602
10.9675
11.0333
8.97211
6.88512
10.7461
12.2993
4.68949
13.0356
9.31444
4.36485
5.88474
10.3708
12.768
5.06192
14.7981
6.01392
14.753
13.6694
13.2252
13.5333
13.7556
11.5754
13.9131
10.7785
12.8785
12.3586
8.6231
13.9809
8.94221
11.7958
12.802
12.0882
14.0849
10.788
11.8606
8.94329
11.9424
8.35093
12.068
12.5869
10.3409
13.8534
8.69859
9.76885
14.0433
12.1136
8.63566
6.0021
10.6804
6.66683
8.38531
12.1572
9.90844
14.9599
10.3152
9.06169
12.3925
11.0273
6.60966
13.573
13.1304
11.3731
13.9194
14.1208
13.8152
12.2214
10.574
13.0784
12.6419
11.7083
11.1329
11.5044
11.0623
6.67506
14.3429
12.3376
14.2455
14.3351
10.9258
9.76301
6.56312
7.69408
9.78213
8.84853
6.07384
11.0246
4.47236
7.53867
13.1825
10.1644
11.5404
6.20689
8.35715
9.68417
6.24929
8.88666
12.576
8.58461
6.11633
7.45073
11.8077
5.92196
11.0334
10.1627
11.413
6.48039
13.1815
13.6715
14.7436
10.9876
8.14539
11.3261
11.5176
11.0344
8.57907
12.0746
10.4426
11.065
14.748
14.2876
9.86468
6.01388
12.5193
11.118
12.3433
14.506
7.96369
7.20937
12.3365
5.76929
12.4672
12.6814
5.99818
12.1362
10.5157
12.1843
6.23319
12.1667
10.3644
11.8438
12.3791
10.4001
13.5962
9.76255
8.55706
6.0913
10.1974
13.8292
14.2082
12.4511
10.9219
14.9859
9.99818
9.95659
8.18588
13.4594
12.9032
10.1069
12.874
10.8497
10.9869
10.1029
12.2592
12.2733
10.431
13.2946
9.55997
7.9699
8.98223
14.4119
10.1168
9.82079
11.2679
9.63792
12.8658
12.5062
10.3802
8.63028
11.3103
4.26767
10.4451
12.4489
13.9945
6.19822
12.4731
12.8035
10.1352
10.6094
5.80385
10.1412
6.37143
14.1599
14.9113
12.7918
7.11763
11.4028
8.56472
13.6281
6.97618
13.9285
13.0484
14.6406
6.11872
12.097
8.76613
11.1577
8.29081
9.29881
11.1568
14.1249
13.2532
14.2468
9.90103
8.58949
5.97514
9.94267
12.1765
14.4107
11.9669
10.9083
12.5739
9.55161
8.64426
10.2442
13.2723
6.07629
14.8858
11.0847
13.1933
14.8434
11.3017
8.54556
9.7497
14.0886
14.9596
12.8417
14.4959
14.5008
12.5673
14.0462
13.8035
10.8358
13.2928
14.5845
9.72782
14.1021
12.5197
11.2454
9.96749
13.8823
12.237
11.2185
14.2827
10.0331
8.6419
6.24949
12.0386
13.9406
13.1214
14.7333
12.6166
10.0797
8.99514
13.0695
14.0774
13.6723
14.0593
10.3797
9.37226
14.6533
9.45535
9.97269
10.2578
11.5601
14.6026
14.9759
7.45622
10.316
13.9433
13.8821
12.8564
8.59943
8.39279
4.83163
7.17
13.5616
12.2515
11.9437
12.8194
13.7979
10.3649
13.4806
7.70318
8.21328
10.5204
12.8494
6.27647
10.3823
9.01791
12.6846
12.1889
11.5179
9.30702
11.2826
9.03307
11.3696
14.9809
7.37088
13.4749
8.09807
4.98804
6.97301
6.15241
12.4099
14.055
14.7968
10.8217
8.7864
12.4912
6.18516
14.8179
8.74752
12.7108
5.76169
11.8085
6.60976
10.8957
10.5234
12.5053
14.0968
6.79764
8.85559
13.5202
8.61345
9.99619
14.04
5.79363
6.13488
8.49026
6.14906
12.3433
11.5464
13.2426
10.8299
6.65319
13.1707
9.53866
8.69967
8.67909
5.77387
10.1158
6.42086
8.87982
9.24598
5.60042
5.45604
9.08381
10.9131
14.1759
8.76017
11.4951
10.7965
8.68406
11.9324
8.82773
9.15645
14.1357
7.43096
6.24177
13.6599
11.5504
14.606
7.08246
5.71703
10.2552
5.99108
10.1112
10.8411
7.75621
7.44694
14.3619
7.82267
6.40711
8.52658
10.4117
12.6212
14.0838
8.45605
10.4231
6.21734
9.76329
13.9464
14.5333
10.7053
9.16359
6.1408
10.2509
12.2685
5.24579
13.7548
7.97126
8.35267
6.18456
11.4897
10.4195
14.1379
13.9698
9.18626
8.72709
12.136
10.1478
12.8708
14.7402
12.0184
5.63421
8.09643
8.77468
10.2699
14.5718
8.64504
14.491
12.7065
10.0987
10.5869
14.7702
12.8946
7.94421
9.48705
10.7773
6.18599
14.3089
10.4283
14.1263
11.9983
10.4677
10.9906
14.5681
10.4308
13.4923
13.68
14.1691
12.3698
13.3288
14.0487
8.52006
6.00563
8.61883
9.9429
13.1212
8.35732
8.71066
12.4728
10.1822
8.3459
11.9949
9.99671
9.52125
10.616
8.54335
11.2585
7.10466
13.5041
14.9631
13.6331
9.75164
5.97637
7.5823
7.04476
12.8963
11.826
12.0331
14.7063
14.4762
13.7457
4.57874
12.5756
8.87751
11.1861
14.2276
8.59711
14.5399
10.6232
10.8643
12.5837
13.5768
13.2429
8.59319
14.272
13.2053
9.97953
5.92444
14.0066
13.6478
11.7558
13.1913
11.8256
14.7557
10.491
12.4662
11.5514
11.695
13.8089
12.825
10.6231
12.0998
6.31733
14.192
8.63078
13.7359
11.2218
10.3448
9.16912
5.60648
8.26845
14.7919
6.26324
13.3418
14.6632
12.609
12.1509
11.5362
8.02848
7.7756
10.513
13.5763
13.6235
8.34562
7.83321
10.7304
14.2809
11.1872
10.116
13.1114
12.7179
11.8451
8.31325
13.3086
10.6765
7.36509
7.88531
10.9107
10.4106
10.6113
8.57398
12.9046
13.2927
11.1571
12.5379
10.8212
9.13907
14.2007
6.68672
11.9724
8.60011
7.49414
6.3257
7.62854
14.7165
5.97828
10.1457
10.8648
12.1936
12.2832
11.8138
12.9096
9.83589
10.1951
10.0184
11.0088
13.6796
13.141
8.6701
14.4165
9.97201
14.8625
9.28721
13.487
14.2178
5.5559
9.67245
5.58412
12.2313
13.4368
8.03662
9.62439
9.774
11.5005
12.0765
12.2561
13.5583
11.8081
13.4641
10.434
6.13706
9.73358
9.55136
9.758
10.2001
11.6787
9.35371
6.87103
10.3752
11.1167
8.93859
12.4726
12.1548
6.42467
11.4296
12.1211
9.81741
14.4414
11.239
6.04278
8.83843
8.36293
12.6192
9.88021
14.4346
12.052
6.54821
10.8075
14.5185
12.5339
6.26324
10.0824
13.3308
5.98122
10.3238
12.1231
9.47863
10.6362
7.15185
9.67033
10.4965
9.00668
13.6988
7.11125
10.0973
13.5124
11.0239
9.99243
6.68792
11.2287
13.1185
8.36649
12.5424
13.0756
9.01108
11.2349
9.6215
14.7669
12.1378
14.5601
13.3108
12.7066
10.4383
7.79861
13.9501
9.92325
5.73255
14.2193
10.487
13.8746
10.6671
13.5916
6.32692
8.32695
7.69377
14.2057
9.86886
9.13603
11.3701
10.0343
12.4648
9.89184
8.46753
12.0185
8.97187
12.8555
5.22774
13.1231
6.53011
4.85507
10.1413
13.1913
12.6054
12.9988
13.4602
13.492
12.5568
12.0679
12.9769
5.01459
10.4542
9.59934
12.8359
10.2989
12.9859
14.1019
10.3044
12.1508
9.95178
8.7803
8.51507
6.11913
13.84
12.5787
12.1099
14.2155
10.4151
6.27595
8.08846
12.393
10.6729
12.3495
13.7046
10.3662
13.1848
7.26005
11.7893
12.5551
5.13262
7.31556
9.8928
6.60302
10.4418
5.93238
9.91492
7.60207
8.90183
13.3308
9.30206
14.1283
10.5142
10.7386
5.61021
9.25055
9.88514
6.10457
8.56895
9.80758
9.63734
7.19257
7.67748
11.2681
10.104
10.5328
7.13019
12.7532
8.60486
6.15509
14.2291
14.0999
10.393
7.92005
9.77073
10.4844
11.2678
11.0951
14.0349
14.5858
13.8673
10.915
14.4613
13.8175
12.2468
9.38566
10.0338
11.9127
9.48449
11.3034
8.19609
12.7667
12.6628
8.21812
6.80434
8.35161
10.4441
14.98
8.68511
12.7045
6.02069
9.90545
8.66699
7.17373
12.6695
11.1539
8.47325
13.1881
5.71531
8.45655
11.9199
13.5817
9.94278
8.54984
8.56702
12.2676
8.48114
14.0162
14.1811
8.5014
9.55533
12.812
5.9605
13.9466
11.5595
13.6234
9.09277
11.3016
9.84098
6.13325
14.1513
14.3321
14.5394
14.6292
14.4571
11.3994
8.80444
12.9156
7.99368
5.90739
8.25576
12.4206
10.5276
12.9873
9.96587
13.6019
8.6306
11.1984
9.15498
14.4889
10.3693
14.6677
6.75949
10.9704
8.48269
9.58597
9.70252
9.6133
8.78862
6.75106
11.2621
12.3626
11.6797
12.7098
12.2296
8.21296
13.0575
10.996
6.49433
8.47288
14.294
10.4047
14.1305
8.53405
8.28182
13.8503
9.5222
14.5636
12.1844
13.0054
11.2203
12.7975
8.53671
10.6486
10.8634
10.3989
9.76958
11.0896
11.936
7.62619
12.3794
9.99754
10.1906
8.93894
12.7811
11.2888
9.66347
14.0483
8.41404
13.3186
8.42255
9.93975
11.1771
11.7204
14.9172
12.0221
10.2798
9.55004
6.92079
14.8532
6.86463
14.5348
14.0676
6.30468
7.67729
14.272
10.5648
8.50484
13.0941
9.92421
4.73153
12.1032
11.7901
10.5436
7.2502
9.59042
6.32114
13.0504
11.1113
6.42225
10.4989
5.69629
8.75291
12.9013
4.1873
13.6263
6.5298
8.96925
9.85314
14.241
14.3718
10.5427
6.23103
8.66573
9.78777
14.1545
10.6167
9.96708
13.9277
10.3937
5.77693
11.7942
11.4017
11.5692
11.2297
14.2212
8.93224
11.3836
8.64791
7.51455
7.92807
6.12804
10.7096
13.8864
13.8984
13.5641
14.0635
10.4773
6.28055
12.3738
10.3179
13.8891
11.9239
14.1498
14.6301
13.9935
5.73834
11.0752
10.3963
14.1993
14.4381
11.1583
13.4013
11.3493
11.4094
8.48252
8.97265
8.61433
11.5538
10.6205
11.9264
13.0359
14.2839
14.4294
10.8929
8.79758
14.9691
10.1263
14.2735
9.91876
14.8739
8.58981
12.979
8.76431
13.2602
10.2476
13.0866
10.5851
14.7087
14.6564
9.94914
13.2463
10.2036
13.7011
10.9401
11.1597
12.8277
14.7574
6.87087
6.04491
12.3231
10.3238
5.94943
8.39397
13.7726
13.2552
13.2671
12.5585
13.126
12.5093
10.4706
8.52595
11.7346
9.82507
7.42681
12.6824
5.89782
10.5332
12.755
9.70907
5.99119
6.67202
12.739
14.5208
12.4491
9.38277
12.2679
8.86323
9.99357
8.32433
13.5419
11.5265
13.8671
12.3732
9.7743
