10.3488
13.3474
13.3998
14.5463
7.42971
9.72642
14.7946
8.39378
14.1411
9.1193
10.444
14.3408
7.50014
12.3756
11.1643
12.5154
11.7944
10.5238
6.72943
14.5787
8.66618
7.57979
11.9908
10.4575
9.22127
14.109
10.4845
10.8847
12.0707
10.5217
7.88178
13.0727
14.7233
3.96897
9.41169
4.84453
9.802
10.9915
11.9877
10.6523
13.4421
11.6135
9.87699
10.52
14.6397
13.3503
8.31932
12.1705
13.4079
8.82329
9.59303
10.014
9.20033
8.54768
14.6861
9.81836
13.5067
12.7105
11.6928
12.5999
10.2282
11.8472
13.2289
13.1369
14.6359
10.1512
7.11573
5.51109
6.13206
9.19592
14.113
10.2444
14.2447
13.3648
14.2218
11.8649
13.5761
9.63989
8.33086
13.1394
12.3514
9.95305
8.88594
12.4618
11.2475
12.1729
11.0155
12.2342
12.8203
11.5886
13.1759
14.7494
8.06914
6.91363
10.1137
9.05089
7.39421
3.75658
10.9273
10.889
9.22829
8.09009
13.3146
11.1212
14.8483
6.50825
11.1437
9.86942
12.1959
13.6491
12.0995
9.83274
6.13662
8.63092
9.91594
10.3342
11.2941
13.9661
11.4423
9.9166
12.0705
8.64622
10.0732
8.2034
5.36039
13.437
8.65975
5.9318
10.248
10.5792
10.3992
10.0395
14.364
8.71611
13.7403
11.4029
12.6733
11.1901
8.95695
11.4685
10.5143
12.0344
13.1098
14.9506
6.10673
12.1578
9.75574
14.0433
11.3522
9.01488
10.4955
9.00877
5.47174
10.4021
12.9424
12.1302
12.5786
11.9165
13.8344
12.0204
9.62592
7.51787
13.8356
6.39674
12.0253
13.3686
11.1984
14.0455
13.8535
9.7291
12.492
8.13579
9.03181
13.5844
8.4929
8.60014
6.24861
14.8019
7.82707
13.2737
5.60458
14.8333
8.55863
13.2568
12.7899
11.0872
10.5214
10.6515
14.8026
10.6963
13.9015
5.33187
13.5937
14.0438
10.4644
9.30632
12.979
9.92274
8.30045
9.16839
13.4271
14.8604
12.5536
14.9908
10.8835
10.9887
13.2221
11.0697
9.72096
7.07005
5.87985
14.2396
14.8471
14.1282
9.74261
9.2367
9.90538
14.5928
13.3461
10.8007
13.857
14.5192
6.67555
10.3423
12.9085
9.97885
11.9595
14.1021
12.7164
12.3867
4.50847
10.2986
7.55777
11.3791
9.61676
13.5968
5.9005
14.5189
13.4589
13.6677
5.24755
5.31298
9.97706
10.1688
14.1259
13.7545
12.7804
10.8854
13.1528
7.58461
11.1741
14.9446
11.455
9.28238
11.8814
4.98936
8.87945
7.84487
11.4565
11.298
7.71732
8.08896
14.9732
12.5429
8.20447
11.1786
10.817
13.7854
8.20141
11.4056
13.4146
6.06643
6.76196
8.726
10.1957
10.0434
10.196
5.95875
14.0197
7.71958
5.77942
13.0334
6.78523
11.5943
14.9182
9.1115
11.0918
11.3752
11.7653
12.384
14.5625
6.32282
13.8905
8.56531
12.525
13.7026
6.44106
13.6785
9.70603
13.552
5.64376
4.68605
12.2941
13.4482
11.8606
10.4705
11.034
12.3904
6.09442
12.337
12.0221
7.96975
11.1719
12.414
8.48277
9.86575
12.7515
11.6909
10.4561
12.0981
14.4155
12.3103
9.56474
13.6617
10.4741
11.1547
14.4244
13.4889
14.0265
13.3406
5.64845
9.60184
12.9572
14.4128
8.82285
10.4659
12.9455
5.9738
9.99419
8.52934
9.40946
10.4541
14.4982
13.2971
11.9002
8.62661
12.8855
13.3388
8.63634
13.9416
14.5073
10.6034
13.8295
11.2209
12.3542
14.0874
14.8998
9.66986
14.9178
11.8206
7.50252
9.10143
12.9927
13.4882
10.2148
13.1341
13.3298
14.5151
9.68148
12.4512
8.23153
13.0857
8.1808
12.2048
11.5495
14.7617
10.7135
14.4668
14.0711
13.7601
13.1982
10.6112
9.12526
10.3446
9.08679
8.87595
9.94851
13.6109
8.24996
14.4707
14.0511
4.61803
14.6412
14.663
13.5142
7.43515
9.6722
10.1685
13.5416
13.2491
11.2576
9.44179
14.9775
10.5508
11.9476
13.2678
8.00563
11.2413
4.4224
6.58488
13.171
9.99277
13.8912
13.2955
11.3947
11.2294
14.22
7.47002
8.22325
12.9169
12.1534
12.7702
9.15479
13.4109
9.0105
8.06327
11.7741
13.1117
6.38316
9.84949
11.0521
5.17772
7.4906
7.88723
12.9361
12.4296
14.3964
4.20532
12.5295
14.7999
10.8055
13.2423
9.91842
11.1322
7.88929
9.2996
9.74017
6.95355
14.0747
7.78204
14.5058
13.921
11.457
11.3265
8.6687
9.47361
12.0655
13.7421
5.70872
9.34155
5.21756
13.8107
9.92831
13.3958
12.4008
14.4895
10.6029
13.3594
12.8446
10.7984
10.1979
14.8165
8.68201
12.0269
13.1136
11.8328
12.5218
10.9877
12.4442
10.5907
7.32131
4.73661
9.78366
9.55593
9.61907
14.7984
14.0876
14.6733
11.8905
11.2111
11.6698
9.06709
11.5404
12.1431
14.1028
13.9453
12.6736
13.8205
12.9777
9.84979
14.6761
9.93361
9.5243
9.23649
8.85418
9.96044
11.9301
14.0535
5.65752
14.2242
11.7715
10.3683
11.0369
5.26413
9.32172
9.13935
13.7209
9.41778
9.86594
14.1469
13.519
8.63362
13.373
13.9027
11.597
12.324
14.8042
9.94146
10.9962
14.3352
14.8551
14.7709
14.3536
13.9515
13.9217
9.15683
10.5352
5.86918
12.7147
12.1736
5.51536
12.0935
8.50766
13.157
11.6752
13.0037
11.3906
10.6485
14.0874
13.232
5.50682
14.8274
14.5684
9.00323
11.4512
13.8965
10.9886
13.601
14.2749
13.7664
8.78329
9.64412
8.92382
10.9937
13.0051
6.2892
11.701
12.1272
12.4941
12.1939
12.2394
13.1883
4.86706
13.4017
14.491
9.83997
6.7487
10.576
8.72475
12.9179
13.5499
13.9743
9.89868
9.87701
13.6517
14.9941
10.971
7.47631
5.97828
9.59263
12.2034
13.2748
5.10241
12.968
11.931
11.9746
12.4251
10.3353
14.1343
10.1853
10.4456
12.2481
11.5946
6.40627
10.6915
14.9467
12.9859
13.5619
14.1485
10.2461
8.98519
12.0134
6.26275
10.4196
13.889
13.0759
8.33854
12.1506
10.8411
10.2029
10.3105
6.30979
13.0097
11.9225
10.6664
9.33309
13.0852
12.4637
7.23346
14.984
12.7955
9.38777
13.9232
6.9578
8.60893
12.8369
9.84697
14.0009
14.4503
14.4974
10.2125
9.36685
14.4057
12.7502
9.78536
13.7538
11.3045
13.1799
9.98287
9.32342
9.30875
13.8816
11.8429
8.40403
7.968
10.9577
14.0607
4.23412
10.6241
14.8027
7.87753
13.1515
9.6013
7.71274
12.2846
14.1288
10.4849
9.75313
13.8896
10.6225
14.4247
13.9875
12.089
11.9393
11.6459
8.64601
6.15591
9.55539
14.2287
8.39176
6.28407
14.4619
8.62662
10.0026
5.32056
6.2878
9.45604
14.436
14.9172
9.54212
10.605
12.2238
11.3141
10.3708
12.4946
14.8226
14.6275
10.4727
6.55446
9.00337
13.2925
9.32448
14.3308
6.89009
13.5283
9.04019
10.7913
6.41798
8.62498
9.27717
6.1737
13.4036
10.8078
13.5357
12.432
13.2687
13.041
13.8533
10.3226
11.4351
9.22114
4.27583
13.0365
7.44529
13.1953
8.99912
13.5112
10.4885
5.97416
13.1389
9.24078
11.0902
13.7641
11.8142
11.7142
11.5469
7.74892
6.46402
11.6605
10.4767
9.61737
9.44751
7.33676
5.91309
10.6953
10.8038
10.8112
12.5884
8.63615
14.8046
11.4321
14.7046
10.9907
9.24331
7.37249
8.97764
5.79512
13.7092
12.0561
13.0402
11.5136
6.4808
14.5045
11.7054
13.6112
8.1834
8.61392
10.5694
11.5703
9.60119
9.04881
9.37946
14.0301
14.9195
10.8515
13.3595
13.2605
10.4856
8.89676
12.1866
8.54571
13.9854
5.97076
13.0471
7.70138
11.6517
13.8521
6.11104
9.15109
4.16633
12.1622
11.6532
7.88155
11.205
12.212
8.17345
14.6096
6.66813
8.09091
14.6712
14.554
6.20602
9.60053
8.29829
14.8251
12.3625
10.5412
14.3119
11.3398
12.0212
10.2354
10.1277
8.67463
9.8176
14.2708
8.86324
13.9437
14.1482
12.8653
14.2059
11.2521
14.3075
8.02068
10.3245
10.9721
14.6864
14.3404
5.41848
8.03684
11.9174
13.491
12.7454
13.6376
5.73074
12.379
9.2272
11.7504
11.7702
9.78713
13.9293
10.0041
9.97363
8.83012
10.5418
13.6517
14.4584
8.26645
4.67406
10.641
14.3041
14.747
11.4377
8.52493
10.0476
14.2202
10.2247
14.1801
6.24505
13.7781
10.9653
13.7635
14.3167
13.793
14.1089
14.2688
12.6141
11.8362
10.4958
8.71682
10.2058
14.8276
6.57969
11.2078
10.0902
9.61291
5.79067
11.9912
10.421
11.5362
14.5367
6.30692
13.6927
12.2368
14.4897
9.86996
9.40157
5.01421
13.7851
9.35491
14.7638
11.9419
9.33335
9.90933
9.21872
5.07348
13.8581
9.34725
14.8146
5.9249
9.16891
10.3941
9.99977
14.3487
13.8066
12.3635
13.9797
14.8854
11.553
6.50855
12.7353
13.2232
10.3262
11.842
12.554
8.18236
13.3448
10.6606
8.59621
11.7081
9.53102
9.36302
5.98154
10.679
11.4999
7.8568
4.50449
10.7694
13.7966
5.38803
14.9416
11.9558
8.6534
14.1249
10.1114
13.9064
5.49195
12.9276
12.3189
14.5666
6.1218
10.7287
12.6744
10.055
12.7221
11.2344
8.72608
9.38441
11.9274
6.28714
8.37056
11.0574
13.8671
7.85211
14.1627
14.8427
6.58906
5.49443
4.47588
13.8177
6.29956
8.85013
11.2245
5.96096
12.8629
12.1027
12.8352
12.978
5.56613
10.6279
12.1114
11.8798
11.1606
5.87427
8.78691
6.96906
14.4435
14.5183
14.76
6.72313
14.1586
11.7514
5.86694
12.5909
13.8357
10.9731
11.0747
9.41855
11.1217
10.747
14.8903
10.0615
14.8972
8.97294
10.8077
10.1075
9.76122
9.22165
11.6036
11.1316
12.319
8.29164
13.0516
14.2635
12.092
7.50144
13.6619
12.0184
13.7602
9.37019
10.5227
8.61495
13.2228
13.8571
13.5786
13.003
13.4438
10.7796
11.2358
5.47025
12.3859
14.1713
9.16535
10.78
10.7231
14.0431
13.0333
4.79361
8.41969
7.46864
11.6221
8.68858
9.59502
8.98824
5.79071
14.2134
4.90699
10.1699
13.4757
9.0623
14.8086
12.6739
8.37561
9.29525
14.0707
11.7868
13.5693
12.5165
8.48142
5.75956
9.05934
10.7173
11.7641
14.4902
12.0601
13.9695
11.1707
9.83813
14.0143
13.8452
14.1166
8.50024
11.6579
11.7014
12.312
13.1401
12.9319
13.3852
9.20341
12.8799
13.4528
12.5003
10.927
10.0398
12.3502
14.2444
12.5431
12.3045
8.42361
8.94027
9.79599
11.8051
8.94906
10.7409
12.9133
9.75037
13.498
14.6875
12.9592
8.14882
10.5696
13.8491
8.12085
11.2789
11.6914
11.6802
12.5373
12.7459
5.56893
14.1764
14.7639
10.7526
9.10673
14.2643
14.2292
12.0456
13.1868
14.2241
14.6565
10.4089
5.7313
13.7327
10.2174
9.0503
13.4673
9.66798
9.69194
8.21798
11.9477
6.69962
13.5868
12.6831
11.4831
8.01194
10.5898
9.25533
5.2245
12.1836
13.1378
9.27712
12.4745
10.206
8.78728
14.9531
11.8881
13.8976
6.04676
14.1057
13.8128
8.32024
11.3949
9.80025
13.6961
12.4895
9.71533
9.56294
13.2216
13.1356
11.3246
9.58642
12.495
14.7041
5.53503
8.10761
14.8786
12.8814
8.88249
11.7684
14.1336
10.1567
9.67521
9.07663
9.15486
13.2318
6.01802
7.30703
12.8943
8.29247
14.0798
10.9289
8.31552
7.95985
8.68615
9.54626
10.1906
14.9633
13.3494
8.67169
11.3782
9.51758
11.5193
9.02552
8.29451
11.6033
14.9838
6.51462
14.9202
11.465
10.0738
10.79
14.2134
9.16858
13.4855
10.7833
6.29382
11.6244
13.2455
12.297
4.96324
10.3032
10.6916
10.7608
6.36284
6.21969
14.2323
11.2187
8.70163
6.45654
10.7678
13.8837
13.2397
11.6084
14.1413
12.0645
8.63013
13.3084
9.88334
10.8252
10.5541
10.3944
9.25699
6.20097
9.98228
10.5391
12.4988
11.6112
9.08576
7.19536
13.0043
12.9803
5.82813
9.22096
8.39948
12.658
9.50723
11.6339
14.5602
14.6475
8.0193
9.08402
8.52285
8.36759
7.7194
10.6778
10.5107
5.3447
9.38353
13.5276
13.46
8.22629
13.7052
10.2842
12.6534
12.3443
4.93047
14.4089
9.53857
14.7414
8.92162
11.2621
12.4388
11.3413
14.6128
9.50569
12.3995
13.6024
12.6408
6.29028
7.05267
4.26809
13.7848
10.3689
14.7227
10.3255
9.57755
14.5206
12.1065
8.65113
10.4321
8.9572
12.8956
8.54985
12.6109
14.2424
14.5881
12.922
14.8726
11.0004
9.89278
11.5732
12.43
10.0197
6.7023
8.75172
9.58557
8.53893
9.03227
8.63528
14.3625
6.03626
14.2055
14.0281
9.98784
11.1497
12.4324
10.1885
13.0915
6.417
8.1951
13.1853
11.7097
11.9707
8.42189
13.7461
14.2301
8.7149
8.76585
14.3286
14.1272
9.69735
14.2009
8.74259
12.3962
9.80326
12.229
8.65626
12.5449
8.62518
10.2155
14.7137
12.4575
6.30596
7.89249
11.6736
13.9771
11.1437
12.8033
9.43662
9.02034
12.7354
11.9743
9.75931
11.0353
12.4748
9.4061
5.45652
13.2635
11.8632
5.1923
8.3487
5.63994
9.42143
13.4675
11.8486
5.22679
8.36711
5.39636
9.17961
12.0959
7.49318
6.89427
14.6709
6.82376
12.9698
8.75227
11.5194
14.4388
14.5161
10.6411
14.7771
14.8987
10.8322
9.74057
13.4835
13.2021
14.6794
10.8631
12.0054
10.8624
14.2959
12.0703
12.3165
13.0692
12.5308
9.39582
9.07579
12.9772
13.8081
14.1009
6.76001
9.97856
10.2539
14.6037
13.2985
11.1594
14.8001
12.4349
10.0943
5.98821
13.9714
8.85508
9.92781
13.347
12.4694
9.28471
10.7324
12.614
10.9228
12.5666
8.55907
13.1592
14.5487
7.41159
13.1818
9.04308
7.0159
12.0737
13.3758
14.5795
10.1782
12.1751
11.9344
6.97507
8.2043
9.80286
6.88896
4.19191
5.17401
7.36208
8.22884
12.8223
11.0456
14.7026
13.3717
5.42042
8.63537
6.01078
10.1431
10.4403
11.7463
13.9184
11.1992
5.44085
4.86452
10.1397
5.6345
9.87641
10.3001
12.2918
8.39471
13.8554
14.2903
13.2132
8.58096
7.36395
9.64772
6.42032
11.1825
11.954
6.9402
12.2559
9.43498
13.7238
12.3367
7.17249
12.8743
12.4429
7.97952
7.16276
12.6293
7.09973
7.06715
12.6739
10.437
10.8427
11.5474
9.52382
13.9186
10.2897
12.6209
9.54773
11.9919
9.6749
11.1169
9.10083
13.6686
10.1372
5.46688
13.564
13.8282
10.6276
10.4703
13.9796
10.5292
14.6904
12.0569
6.70874
10.2829
6.38704
11.2426
14.2053
13.5442
10.5604
13.8718
8.78036
8.70596
8.55023
9.10203
10.5211
12.1956
13.7837
9.30311
13.4026
7.49694
12.403
9.95221
14.6605
6.49839
14.3072
14.4934
6.03244
8.65802
9.89594
12.225
14.8509
12.0485
11.6079
6.21318
8.69709
13.5722
10.3256
13.3554
14.5035
9.37197
12.4222
13.3767
11.2028
5.90545
9.50175
8.42697
11.9146
12.9839
12.0708
14.5382
9.01319
12.9096
5.98896
14.6991
12.8996
10.9975
13.5146
12.7194
8.57938
4.01953
12.2977
11.1462
5.8277
14.0741
12.7026
14.8081
7.9033
9.10484
13.4343
14.6675
11.0394
9.26625
11.513
14.7296
9.86701
14.596
13.6003
11.5602
13.72
13.6676
9.2985
4.07377
13.7427
9.23882
12.4312
4.32571
9.12906
13.136
9.37836
10.3079
11.3296
6.72623
14.0931
11.6134
11.5491
13.7647
6.09782
14.3623
10.6756
13.5035
11.0551
11.6624
5.31331
9.66314
8.4548
14.8227
8.68542
6.14002
7.71376
8.8587
9.5449
12.8356
9.38888
5.1552
7.41925
10.3844
6.48487
5.83666
10.9851
13.786
12.0262
8.88827
14.8994
11.5162
14.8042
12.5638
13.5319
10.348
13.002
12.4722
10.5097
12.1084
12.3189
6.99453
11.7753
7.67243
14.9598
9.50064
5.67795
8.92735
9.13706
14.0463
9.85256
9.46657
8.24233
11.229
5.51626
6.16233
12.6499
9.22532
10.1988
12.6128
14.4144
14.7812
14.924
13.4824
14.1353
5.0972
14.0903
9.78193
12.6923
9.35554
10.5761
12.3245
14.7382
13.4662
14.6302
11.8418
10.4108
13.795
7.84767
13.9097
8.40608
12.0014
7.36077
14.0199
11.2767
14.0663
12.5536
9.08928
6.00762
13.1801
8.94692
12.9811
14.5928
13.907
11.0198
8.02738
10.4088
11.5445
12.227
13.916
13.5843
9.51738
6.07475
5.99606
5.30581
6.60944
8.95317
13.9592
13.1325
12.5928
8.47527
14.2039
9.19508
10.6416
11.7436
6.47407
10.5521
12.269
13.3165
11.7956
8.84394
8.74097
6.15468
6.5383
13.1998
10.1223
13.6004
12.6928
11.7533
12.1886
11.4155
10.5844
4.90783
12.8992
14.1537
10.5172
14.5498
5.95871
10.7949
12.4135
8.49938
14.2283
14.337
7.2416
13.9161
10.2603
11.9197
14.7133
14.0287
14.2226
9.89684
10.2652
13.9287
12.1177
14.7228
9.6995
7.32645
14.8665
9.12432
13.4277
9.22688
12.1281
10.6513
14.2642
13.6065
9.03555
12.6761
13.9262
13.8889
6.04279
14.0955
14.8137
12.5562
13.6947
7.33018
9.63543
12.0196
12.3518
8.71372
12.7008
12.3841
11.4756
11.3832
8.31462
12.1889
6.33918
13.192
11.7945
7.64637
13.4025
14.158
13.568
11.1717
10.0455
12.6944
10.9233
4.89041
13.6171
5.21567
6.31842
11.1321
8.25169
11.0765
8.88717
12.3692
9.32192
9.21639
13.0919
14.797
11.9409
6.28218
14.8571
9.16032
8.68395
9.35939
14.3742
11.7564
13.6529
4.08925
10.5369
9.67118
11.7543
12.5149
13.3446
5.69978
13.8247
10.1341
9.63501
14.8864
11.8875
14.5277
14.8311
13.8605
14.5838
13.4887
9.49957
14.0594
13.3856
9.1978
12.8309
14.5738
13.3694
12.4415
14.2932
13.8654
12.8909
14.1127
11.8993
14.2844
9.41456
13.4736
8.31381
8.46372
14.0595
10.8169
6.69033
8.24801
8.85248
7.937
11.9416
5.99832
9.36873
10.4356
5.21272
12.4509
10.0502
11.1838
9.94516
6.78922
9.42553
10.0389
13.8681
14.6129
13.1418
10.9804
11.4972
9.73334
14.7269
12.0259
8.74148
14.7822
12.7772
10.4158
9.12769
10.518
6.87924
11.2482
12.0281
14.7869
9.90275
9.38539
5.15087
14.1881
9.51362
14.7298
11.6487
9.37783
9.76237
9.19687
5.32159
13.8726
9.26531
9.80016
11.3748
8.76031
12.0905
12.5456
12.8475
11.1165
12.3828
10.8181
8.90003
11.7935
9.54812
13.1281
5.83407
8.53017
8.19121
11.9791
7.93519
14.6522
9.02154
11.2323
8.54582
8.46084
14.8486
4.90629
11.5805
9.30202
11.3486
8.87414
6.35008
14.2525
11.235
13.5285
10.8786
10.6481
14.4906
8.44233
10.5092
5.86378
9.69081
14.4404
12.1431
14.8282
10.197
11.0278
5.35878
5.84969
13.1446
8.04409
10.6096
11.8749
5.72954
6.34719
9.42939
9.4071
11.3018
8.20155
10.9583
13.6029
10.4665
10.1143
10.8691
7.75985
12.5462
8.46801
9.01313
10.5187
8.78896
9.95436
11.2771
8.48953
5.80018
12.9955
13.9186
11.3408
11.9044
9.98382
13.3252
10.4735
14.2728
10.7092
14.6859
13.0761
14.797
13.2429
9.47714
12.4432
5.8727
9.94142
10.7235
10.3368
9.11277
9.75558
10.5427
12.6743
10.7381
6.46019
10.9979
13.8481
11.6304
13.3854
12.2407
12.8861
12.5978
14.7002
12.8856
11.9306
8.93158
6.53331
10.9408
11.0367
10.5375
13.4135
9.60362
5.4537
10.0087
7.32682
10.2746
10.1561
9.72194
12.8677
14.1934
13.5611
11.9573
13.3919
9.2993
4.74928
14.5759
11.3976
11.5035
14.2601
13.0687
12.6527
10.7795
8.89514
12.5089
8.91967
11.717
11.369
8.62785
13.2557
10.37
13.2385
12.7331
13.0412
8.54078
14.4625
13.0312
12.666
12.1142
13.8032
13.6887
7.86696
11.2194
12.3895
10.4775
13.9633
14.4534
13.6146
12.1686
10.8975
13.3486
10.3214
11.5132
11.2681
9.96338
14.535
12.2545
12.9862
11.5662
10.7451
9.21054
14.2917
14.8668
13.098
13.5605
9.2645
13.4299
12.6301
11.0812
12.8324
8.83059
12.5949
12.1376
10.0865
13.3435
14.1851
14.8965
11.1169
14.3359
7.31915
11.4566
13.9136
14.1509
10.0731
12.5129
13.3639
11.6631
8.83181
12.9813
12.5678
10.7279
12.3225
13.8206
4.52059
11.4704
13.7366
13.6967
8.99993
9.0193
14.4729
6.44653
10.4338
9.83816
9.12458
11.6516
14.7258
9.06683
9.30844
12.137
8.78054
4.35463
11.5297
14.4602
12.1298
6.402
9.37119
14.3257
9.53255
14.1627
7.76428
8.93456
9.88479
8.78707
14.9366
11.8858
14.5079
12.9642
9.20082
10.6917
10.0019
13.1236
12.5829
13.3841
14.3595
11.2019
14.1131
9.14142
6.48061
7.59327
9.57891
6.14133
7.77089
10.6009
8.38757
7.26082
6.17219
9.12372
9.26566
5.68219
6.37972
12.2663
9.54798
11.1814
11.61
11.5423
13.5883
10.2245
8.91242
5.68687
14.519
12.0423
11.7518
14.7745
13.7369
7.03283
11.0195
11.0464
13.7857
8.2909
14.6917
10.0804
6.76803
14.885
13.1589
14.0055
13.5363
7.45243
5.72822
4.85301
7.71444
10.0354
12.6399
5.44262
7.25842
8.90943
11.3941
14.626
14.4018
6.32422
12.1019
9.291
9.83074
13.2004
14.5774
10.5012
12.27
14.015
5.13445
8.88103
8.82285
13.3791
9.82456
7.66907
13.3186
10.4869
12.9389
12.8869
13.155
13.5733
10.3745
9.23363
11.5556
12.8486
11.8652
5.10024
14.1038
8.94451
11.2008
9.35351
14.3804
8.94698
11.3087
14.6216
10.0899
13.8529
13.52
10.097
14.6473
8.55622
10.5179
13.4106
12.6238
12.894
12.0023
13.3621
8.83211
10.8562
5.41981
5.92264
14.4448
11.8127
11.9016
14.0451
9.23466
14.7111
10.9468
9.55781
6.65558
12.0942
14.2875
8.52724
6.03857
12.7562
5.79717
14.2055
10.7098
13.3907
13.6285
7.77693
8.46136
11.8559
14.5341
14.6603
14.8097
13.9253
9.0101
7.29696
12.7751
13.215
11.8002
13.44
11.3289
9.75643
13.1335
9.71503
12.3811
12.0752
13.859
9.93738
12.2096
13.0476
5.94698
10.9402
10.2308
6.85016
11.2664
10.0464
14.4217
4.49952
14.334
11.5151
12.377
8.52284
6.34191
11.0245
13.3863
9.80604
10.2776
14.1673
8.68236
12.1057
9.17223
10.694
12.0433
9.87569
13.5881
11.6613
8.34807
12.944
6.94127
13.2218
14.2055
13.5437
9.72941
6.8696
8.50874
14.0242
8.9786
8.73562
10.6822
12.4477
13.853
10.703
5.96145
13.1676
11.2399
6.16711
10.0575
13.9206
6.26525
9.79224
11.3379
8.76291
12.3924
10.1233
14.2602
10.6351
11.1139
11.4907
10.7599
9.47944
10.0801
9.93493
13.7584
10.6607
13.9589
14.1059
11.2351
9.96089
14.7019
9.13764
6.19479
10.2042
12.7922
11.7642
8.85073
13.4029
14.5345
11.5538
11.6102
6.8231
9.71472
13.7096
11.1106
7.10073
12.1821
12.4829
14.7716
13.6539
13.329
12.4942
13.0261
13.4183
9.09713
13.7473
5.53719
10.5082
10.1603
8.67015
13.9271
9.69144
11.7045
10.5796
11.1948
11.8625
6.27089
14.3421
12.4493
5.97997
12.5547
11.1704
10.4511
12.7904
10.4292
13.8518
13.7565
14.3586
13.072
12.1903
12.3414
13.4309
6.15363
8.60705
11.1649
10.2181
13.4912
8.39955
7.95929
4.48763
14.1043
11.9651
13.0529
12.7725
8.86728
14.4785
9.59722
13.16
12.8544
9.48854
6.40775
9.22628
10.2867
8.99676
6.10253
8.87563
14.7883
8.54572
10.0964
10.8809
12.1552
12.1934
8.60217
11.4167
10.8835
11.9176
13.483
14.0271
6.72667
7.14801
14.548
14.7493
13.0875
9.51874
9.82475
14.008
12.3754
12.9074
11.5861
5.95244
11.5658
14.7466
7.0281
9.78928
10.7167
12.8194
13.6166
13.2359
8.95813
10.6573
6.57486
14.2067
12.5409
12.6079
12.1512
13.3477
5.53249
4.99572
10.504
9.90961
12.085
6.3508
11.6841
12.7331
11.3308
13.7376
9.47507
8.90713
12.7216
11.0636
14.9126
7.65896
9.59
8.19519
9.68345
7.75264
8.10285
7.40902
8.46665
10.5987
14.7298
11.8999
9.18235
12.438
12.348
7.52946
6.28945
14.5782
10.6366
12.326
10.6632
10.0386
11.8807
10.908
14.7521
10.7199
14.4886
11.7644
10.2028
11.2867
14.372
5.20876
14.1619
13.8027
7.04961
12.2113
5.89214
8.09642
4.5846
8.54146
9.60409
12.6216
5.39788
10.2688
11.8645
10.2416
13.0979
8.65508
11.0037
14.7214
9.85823
8.1957
12.4866
6.50075
9.54892
9.50624
9.67568
14.9824
10.0867
12.4917
8.46
9.65065
12.6043
12.3797
11.6805
9.49885
14.0521
13.1927
9.96694
8.62698
8.40962
8.62435
6.16741
14.3423
12.9759
8.24629
14.216
8.41459
6.78182
11.3613
12.1279
11.8139
10.9453
11.4308
6.44832
14.842
11.4925
11.8877
14.4059
14.8303
10.6536
9.27853
5.78236
11.7121
11.1586
6.3333
14.6846
10.6144
11.1009
6.35405
10.6983
6.13413
8.63102
10.2384
13.0668
11.3442
13.1275
8.03738
14.7891
10.3603
13.5
14.4041
14.944
13.3511
12.2975
11.0199
9.86565
10.5829
12.4155
10.5194
13.9172
10.2237
8.72716
8.55651
14.524
10.7588
10.2238
14.4027
12.1689
10.9542
7.76086
11.829
11.831
11.5173
10.6104
9.78795
14.6105
8.94902
12.5585
14.0313
6.75827
12.0405
11.5747
7.96131
6.34085
14.1763
14.5401
10.1574
12.3699
13.1499
8.87465
14.6715
11.7128
13.8282
9.64124
6.69896
10.2044
6.00416
9.82868
10.4176
6.33164
8.60788
13.5986
11.5023
13.8527
12.0492
10.9254
9.26099
5.4201
14.8949
10.465
8.59156
6.22369
14.4775
11.0911
14.6617
12.1688
14.5075
10.7742
9.09002
12.3966
9.53757
13.4988
14.2357
12.4664
14.8775
12.2349
8.18699
9.54926
10.808
4.75462
10.8687
6.46916
8.62686
14.2108
13.3483
13.7078
5.00385
9.18061
12.3355
10.353
12.1563
9.37833
14.375
10.513
14.5984
14.8585
11.6647
14.6706
6.43923
12.5892
8.73713
13.3446
11.4203
12.0359
12.1497
9.70476
14.8433
12.4488
13.4809
13.2183
14.1669
7.84248
9.62383
8.08704
14.2063
14.2897
14.9713
14.1249
11.6293
10.2191
13.1143
4.89425
6.90803
4.40789
13.2477
11.6566
7.45781
10.5639
11.5561
8.81852
11.4667
13.1577
5.75271
9.77737
14.3618
6.00738
6.27665
14.1746
9.43308
10.1361
12.6131
9.6415
14.3153
5.62971
11.2823
11.7842
12.8054
14.0533
12.5592
13.7383
12.6019
7.62918
7.78921
13.1244
8.29646
9.41857
5.99874
12.5685
12.8509
6.576
13.2279
8.32228
11.2637
12.2615
12.8677
12.5333
13.9991
4.30793
13.8307
6.46969
11.7279
9.6491
10.6033
13.2078
14.4645
12.4138
8.33514
7.0271
9.8823
11.8016
11.3019
7.9306
9.18376
12.8661
7.05097
10.9736
8.9747
10.9608
10.6322
9.47941
12.4003
14.451
14.9199
12.0465
4.76549
14.3789
11.1276
12.1868
8.61143
13.5129
9.92901
13.7419
7.52183
9.70571
14.0675
4.76442
11.2997
13.2718
13.7571
13.6811
11.8427
12.1277
10.4954
14.208
9.13332
13.8135
12.2147
13.0928
11.5547
10.3737
12.2207
10.101
14.547
13.0228
11.6109
8.5214
9.86504
9.46143
10.6904
12.3964
11.9695
11.2529
8.09272
9.16471
4.22083
9.78854
8.42527
13.8478
13.5236
12.0147
13.1142
11.1673
12.973
12.3102
13.3012
9.89259
13.0869
5.7673
14.8986
10.1015
14.6595
10.6861
9.98027
8.84306
11.398
13.3484
9.92286
5.52201
6.61285
12.7983
14.9544
10.6478
11.4866
13.4792
12.0434
10.991
13.6879
9.3554
14.1014
13.7862
14.3783
8.465
8.87472
13.0723
10.9498
8.38638
12.8619
9.16318
9.30446
14.8628
14.2496
10.1731
9.42309
11.4397
6.1778
8.4564
6.10929
10.1167
14.24
13.7496
10.5371
13.9456
12.1533
13.2757
6.80353
11.0865
14.4737
11.2589
12.3056
12.7537
9.48634
10.7872
14.3769
8.86286
12.0262
11.6776
14.403
13.3155
13.9163
10.4361
14.2869
6.89707
11.5618
13.7412
14.6329
12.6296
8.21471
7.80071
10.94
12.0983
9.83691
14.4205
11.9023
14.1965
9.03559
4.92975
11.228
9.88074
13.9532
12.6
12.9695
11.7226
13.7666
8.7464
6.36304
14.5172
12.489
10.7223
9.56603
10.4149
8.76504
12.1176
9.78354
8.74437
9.83455
8.97155
14.7945
13.1227
12.0208
10.0743
13.3244
11.0437
10.308
12.4486
11.9906
10.1202
5.00924
5.65724
13.4996
14.7077
8.76463
12.5671
10.9096
13.4416
9.11305
14.137
13.6725
12.9709
12.8124
11.7393
10.0224
8.08967
8.4779
9.89547
6.47092
11.7631
10.511
10.6325
5.68474
11.8966
8.46998
8.04133
11.9155
12.3812
5.9183
9.82211
14.5222
12.8092
14.9092
13.9021
4.7482
6.74237
9.63176
6.8366
13.5881
9.55286
10.3256
13.0309
11.8829
12.3141
10.4402
13.4803
13.5695
13.8656
8.41784
9.37996
14.4299
12.6693
14.2525
14.3294
14.4367
12.7061
8.22806
10.1389
12.9928
10.999
12.5931
10.6976
6.16458
7.03791
11.1868
13.6869
11.3243
14.7943
12.3967
8.89732
7.06109
10.9122
11.1527
9.03947
6.13912
6.80234
13.402
10.5169
13.2393
10.0157
8.72324
13.0838
5.59403
9.32716
14.8713
14.886
12.5146
12.2575
13.0765
13.1528
5.89038
5.98305
11.8661
11.8049
13.9839
10.8693
13.6607
5.90544
8.59455
11.615
10.7525
9.57869
13.388
10.712
5.49956
13.5151
13.5964
9.46373
14.2202
13.083
8.12579
8.91685
13.3346
13.0905
9.92301
12.769
11.2821
14.28
10.9528
8.63091
10.2658
14.9865
4.15595
12.6992
8.93644
6.77995
10.5531
9.34691
13.4805
12.3577
12.4573
13.8404
8.22172
8.45944
14.1153
9.04502
13.5651
14.602
13.2279
13.141
12.9115
6.6942
9.86174
9.16961
13.4844
13.9
8.35537
9.59372
13.9209
9.44721
9.45447
13.005
14.1501
14.2172
9.18556
11.2175
13.9195
8.13229
10.348
14.434
12.7033
12.9053
10.7652
5.66461
14.4947
9.39578
13.0822
13.576
14.2616
14.825
9.5605
10.1972
13.886
12.5877
14.5973
8.49008
12.5334
8.78243
12.5031
14.5911
12.0884
12.7486
11.0691
10.7186
5.75116
10.7716
13.1109
12.2874
6.79517
10.7919
9.39654
6.01673
5.93007
10.7558
14.4202
5.83193
13.1519
12.515
10.3361
14.5425
14.282
14.978
9.11047
13.7204
14.0981
14.2983
7.75137
5.88933
13.8217
11.4667
14.9659
8.45851
13.5003
14.318
7.24419
14.1927
9.04327
11.8322
5.30628
9.57713
13.877
12.3087
13.9397
8.77686
8.59616
10.3235
9.73989
8.25344
7.54675
9.41464
11.6379
12.4074
14.3604
7.97083
7.97433
14.6193
13.8358
14.6113
6.68993
6.3322
12.8965
10.2694
14.1319
7.02219
7.03601
8.68968
14.2748
9.96443
12.1727
5.10223
12.5265
14.9109
13.0213
8.40786
9.39056
10.4774
14.9676
5.84497
8.68763
11.6901
14.264
14.956
14.3754
13.0326
8.82701
6.53671
8.71045
8.8646
7.54482
6.45538
11.951
10.5355
10.3484
12.4423
9.57023
14.4174
11.9122
14.3564
10.9766
14.4214
8.48953
9.76275
9.2695
11.3956
13.961
9.55804
10.858
13.3608
13.5018
11.8828
10.5178
9.76155
10.7882
14.4446
9.24827
11.7517
3.65795
9.92548
13.717
10.0849
10.2466
14.3144
10.0258
13.5838
12.7583
12.0508
12.9712
11.1638
13.0627
9.97104
10.7323
9.53593
11.185
13.831
13.1667
11.2751
10.2748
8.86179
9.1219
6.84129
9.34403
10.1837
14.1403
7.69634
8.45175
13.641
12.3237
14.0682
14.1059
8.7473
14.4307
11.1608
4.46645
8.13558
9.54241
10.66
12.2173
5.92882
13.975
10.0361
14.0971
14.9764
11.1856
13.8168
6.83235
13.9785
9.60861
14.5448
9.7423
11.8958
9.38852
12.2696
8.8254
13.827
5.8669
13.5184
9.47778
9.5278
9.55538
7.57987
10.7065
6.58849
8.30409
10.7218
12.3377
12.3386
14.3092
12.6936
10.3101
8.47034
10.1172
8.29543
9.81577
5.21447
11.4083
9.59834
8.66414
13.076
12.0996
12.8283
9.51139
9.37347
13.8038
12.8918
13.5107
11.1877
9.86382
5.19971
9.70004
14.2335
10.2757
11.2056
11.0017
6.05693
10.7005
13.2492
13.4512
8.41883
8.26121
8.96411
14.9469
10.4253
12.468
12.4611
11.161
14.8998
5.4741
11.933
6.63462
8.8424
8.31453
5.80625
8.62164
11.2721
14.7304
11.1327
14.9012
14.1837
10.3999
10.157
12.5848
11.5416
13.5444
5.62499
5.31876
12.6243
11.9887
13.9909
5.66641
6.45389
13.9656
11.3675
11.3017
9.01757
12.9438
10.602
9.98207
12.9214
13.2325
12.4884
13.9792
13.4346
12.1172
14.1778
14.3149
14.272
11.241
10.4083
14.3383
6.34849
13.4705
5.60679
12.2003
12.3244
10.2371
7.81523
11.9826
12.8255
14.7516
11.7115
13.8523
13.101
12.3259
12.5864
13.9905
9.50103
13.5767
10.8054
5.79189
8.18225
13.2606
13.7564
14.1677
9.14333
9.2719
14.0586
13.917
9.79488
13.1704
9.20921
9.67593
9.97071
14.4613
11.4212
9.73911
12.5526
12.6835
13.3775
14.0859
9.27965
13.6071
9.39409
14.3791
9.11638
4.66919
10.7934
9.85309
8.22402
8.41967
14.2624
14.6958
10.3257
11.151
7.36429
12.8357
10.8618
11.6547
4.11425
8.16985
14.4384
7.17275
13.6971
13.1375
11.7267
13.0671
12.4861
14.4795
13.5805
10.3045
14.0375
13.7814
13.2455
13.0289
11.1313
6.47239
14.6076
6.08385
12.0052
11.5656
13.0382
14.3642
11.5746
12.7165
6.31473
10.9566
11.5298
8.9878
11.3405
9.15096
14.4211
12.2705
11.559
14.3927
6.45446
9.66446
5.7205
8.66653
13.9285
10.7774
13.4723
14.3238
13.3574
12.9359
14.0889
8.87614
11.1035
13.2762
14.8457
12.8304
14.2775
5.88401
14.8765
14.887
14.3285
8.67578
5.93587
9.11174
10.7151
12.6605
13.9283
11.593
14.6687
10.6449
9.97529
13.8134
13.2985
13.2016
8.47076
13.0456
9.75049
12.3978
10.9587
7.38985
9.82628
11.0859
10.4462
5.73907
10.9918
8.47079
14.3305
14.5859
13.1286
11.8649
12.4545
12.2441
11.3033
9.92881
13.446
11.1278
9.87104
9.95873
14.2952
10.572
12.1487
9.7488
14.4752
13.0887
10.7703
6.29627
10.0216
14.1007
9.64907
14.8892
9.88148
13.9999
9.11296
9.79504
13.0146
11.6372
11.462
13.4691
5.2634
14.2503
9.62667
12.3969
7.84045
13.5615
11.9562
7.0586
8.52652
13.963
14.3174
11.8529
4.83506
13.4955
14.4783
9.82316
12.6956
10.124
6.05314
10.1868
8.43814
14.7005
14.2541
12.0794
13.6217
12.8172
13.6162
12.0858
14.4157
9.63366
8.49486
12.7409
14.393
13.4847
9.32223
9.95507
10.3804
11.9995
13.4049
12.2051
13.8148
5.24794
14.6604
13.0233
13.9697
14.5727
11.3144
14.3612
13.3802
10.868
6.54911
6.37325
10.0904
11.4303
14.4779
14.996
14.9847
9.72549
11.2218
10.1164
11.3052
13.6469
12.1006
12.4682
12.7145
11.5813
14.0065
13.9883
11.184
9.41992
10.1008
6.00375
9.6813
6.95381
10.3734
7.18235
11.3792
13.0463
13.6972
9.08739
14.5213
14.6714
9.9019
10.4483
8.46727
9.49331
13.1007
9.20776
13.515
10.2858
11.6982
13.9028
6.14898
9.49108
6.60003
10.9515
14.5217
9.66288
10.56
6.51748
10.1471
12.9438
8.34836
11.7169
11.247
12.5076
8.17706
7.05379
13.3499
9.88236
5.13893
12.0431
8.60546
13.0346
8.06179
9.77448
12.9644
14.1878
12.8076
9.3392
9.9514
14.658
13.9529
8.41432
10.0546
14.0941
6.88699
13.7888
9.81719
10.0288
14.69
9.04674
9.22286
8.7376
12.8184
11.972
11.6914
12.9647
5.73721
6.6245
13.0262
12.4328
13.0728
11.8387
11.7052
14.1676
14.8182
14.4941
10.4941
13.8175
4.58865
7.00448
11.6456
11.0827
12.0626
9.26544
12.2013
12.1712
13.0441
9.3122
11.7855
8.46621
10.7138
13.0448
5.55122
10.5291
11.893
12.8619
13.5529
14.7676
12.1199
14.2799
11.379
14.8269
8.43933
8.60192
12.1614
6.74073
14.3029
6.4159
12.511
6.6642
9.22864
11.5238
11.2883
11.6051
8.9134
10.8409
10.9628
11.0466
12.6161
8.19701
11.3363
7.04018
10.1107
12.3901
6.82551
13.0925
10.8602
11.9852
10.957
6.5859
13.5987
13.7295
14.3548
13.0118
13.9443
10.9383
11.5285
10.373
13.0835
14.9641
10.3071
12.5494
8.57278
12.2046
5.77821
14.3287
14.6349
14.3208
9.65628
10.1393
11.1773
8.49924
4.73643
9.22854
7.61218
11.3104
9.37292
11.2268
10.7674
11.237
11.5472
11.4688
5.38526
12.4629
13.0143
10.615
9.04968
9.10897
10.5889
12.4986
13.4502
13.6197
14.0064
9.8753
11.9723
14.3718
10.3632
14.455
10.4776
12.7936
14.1414
10.8939
12.6796
13.7934
9.18775
14.3403
11.9956
13.9685
13.3826
14.9644
14.2234
10.4905
7.76042
6.09576
13.0216
13.104
8.137
10.3923
10.461
8.07197
4.09943
10.8982
14.0719
6.86432
13.9967
3.81069
11.6708
6.22874
14.0483
7.21327
13.9334
5.5631
13.3146
12.7115
9.91496
11.2057
11.8216
11.9683
11.4771
13.3473
7.6725
10.0315
11.3885
9.35859
13.3454
10.6286
10.0232
12.8578
14.3894
10.1229
6.05809
6.64003
11.6973
11.2829
8.38349
13.4566
12.5853
6.03811
8.36943
12.5233
9.04817
11.9016
11.2426
9.60401
13.9843
13.3848
13.2073
10.4246
14.6312
7.96509
4.3329
14.8818
12.5262
13.4991
12.6053
11.2543
11.343
10.063
8.29277
4.80321
8.29079
4.99146
14.7718
13.7397
10.667
9.13222
11.4228
14.2862
10.9045
9.10244
11.7095
9.41976
8.65763
12.7071
14.4147
10.4747
12.8695
13.8105
9.95267
10.4398
13.3541
14.2471
13.8043
8.44456
12.1884
10.8372
13.6545
14.1528
12.03
13.7255
12.4612
12.9517
9.87564
5.45026
14.8918
14.9233
6.71961
9.90129
11.8705
12.4947
6.40983
14.7967
7.79613
6.88171
14.8583
9.86378
5.57166
10.4354
11.0141
10.1413
9.948
13.4162
8.67184
9.92716
10.5121
10.0261
14.0607
11.8614
11.9095
10.8642
13.0433
10.8404
9.67247
11.7687
9.86629
11.584
10.6953
10.2061
12.736
10.0795
8.93319
11.5396
9.56259
9.21219
6.40655
12.8672
14.1889
13.2218
10.9248
14.0965
11.5181
13.4556
12.2482
7.81653
14.6052
7.15673
8.62059
8.9472
12.2524
11.7776
12.4726
11.5536
11.43
14.0514
5.97289
6.84976
10.2196
9.56457
9.56265
10.1835
14.1545
9.66249
13.8615
10.9777
10.5836
13.7125
8.23053
14.8904
11.0433
14.6045
14.6842
9.72253
13.0324
8.54413
9.84495
8.00794
8.73804
5.70225
10.0179
13.6459
8.98289
13.9127
6.5119
13.1377
11.9819
7.52831
14.5052
12.7927
6.83874
14.618
10.7533
14.4571
7.93176
14.0414
9.09078
7.29145
12.7222
11.042
11.5429
9.70032
9.53348
8.6841
6.00203
14.3184
14.0623
12.9915
11.4579
9.37332
10.9629
12.3605
10.3572
13.9459
14.5379
13.3414
10.6061
12.6289
10.6154
13.0704
8.78485
5.98367
13.4811
10.943
13.9045
9.97831
11.7132
12.2825
10.6802
14.4721
10.5023
8.60949
8.69523
10.9642
9.12192
14.2918
9.6558
13.3777
12.9383
11.75
13.6265
11.3724
8.53134
11.6203
7.59681
14.6193
12.9379
11.282
14.6929
12.1748
12.93
14.6047
6.26556
13.3948
14.3021
9.19994
8.98887
13.2495
11.6391
8.75249
11.0399
8.02327
8.46918
5.88683
9.78915
14.35
12.7485
13.7182
8.75955
8.56819
6.09733
11.8802
12.326
13.8894
14.3797
10.0535
9.15678
10.0731
11.59
12.2552
12.9392
10.3251
5.86282
10.8737
13.7322
12.8422
14.0345
10.7882
11.6658
9.04484
9.47704
12.4539
11.8146
13.2111
11.9965
9.17684
10.9861
11.5721
8.22596
12.2479
12.8166
5.41866
11.2803
13.8921
10.798
14.3491
4.11937
14.6144
9.46478
14.2221
7.87834
5.27876
14.7129
10.1472
13.5326
5.01296
13.0631
11.6073
12.5426
10.0458
8.92301
11.4798
13.768
5.07008
14.7989
8.92767
14.9016
10.6449
12.8558
13.397
9.96923
6.62453
13.7915
14.3764
12.1811
11.4183
9.61812
11.4944
12.7669
8.68071
13.6254
12.0972
13.9376
9.98873
13.9675
10.7661
13.1931
14.3033
12.5324
12.5945
9.8338
10.6343
12.8235
10.1395
14.4992
9.45267
10.3732
12.4876
4.22614
9.66771
10.4669
14.1723
8.90458
14.9988
9.61203
9.89155
6.04699
14.9615
8.23539
9.48424
14.4173
14.1322
11.1336
13.343
13.37
12.3421
9.69793
10.0844
12.7475
11.6531
13.3404
13.7887
10.4849
13.8517
6.50255
9.55618
14.7311
8.00911
12.787
12.2519
10.2174
9.62742
13.6865
8.75647
11.7222
9.98456
14.1474
9.64402
12.4237
14.6002
9.08732
9.76919
10.4047
6.30959
8.46599
11.5077
13.6962
11.8245
11.2253
8.21006
8.72331
11.7028
12.4694
14.7314
12.7617
9.50757
12.9747
12.5657
8.33699
9.76731
10.3865
14.0289
8.61281
12.3519
9.00211
8.88284
14.412
11.514
14.517
9.49563
14.2151
8.23259
10.2444
6.13411
10.0155
6.29912
11.2589
13.099
8.64863
11.4307
14.4897
11.1974
6.5271
9.96174
14.5507
10.8995
10.6493
8.3295
8.83975
13.8102
11.4953
11.2309
12.0377
9.41995
10.4367
13.7531
12.5039
12.6957
12.6348
13.4764
9.42033
9.31483
10.4606
10.952
8.47145
11.7948
12.0154
12.1527
12.6808
14.6434
14.9992
14.083
14.2134
14.5102
11.0708
11.3914
5.77977
12.2838
11.5579
5.59098
4.58192
9.63309
11.8597
10.3317
11.0342
8.59467
9.63877
5.26423
12.482
9.81638
13.6867
12.7463
7.36586
9.23024
12.23
4.83487
12.2162
9.96606
8.55385
8.50618
12.071
12.6312
12.0791
14.3303
12.0424
8.59588
13.8301
9.80573
9.92963
9.91637
12.2175
7.01491
9.69537
8.96343
9.52714
4.68186
10.2652
14.4744
9.90207
10.4663
10.6229
6.10592
8.51187
6.30966
13.9715
13.9689
9.98838
12.2505
12.0476
9.84062
11.5956
14.1827
5.08188
14.379
8.30242
9.18078
11.137
5.44752
14.9961
11.0237
13.9546
5.23819
14.6984
5.45309
12.591
10.2227
6.13112
10.9556
10.0274
12.1127
11.8572
14.0205
9.13065
12.9007
9.29025
9.63251
14.3997
13.9666
11.5141
7.55247
10.6234
6.23118
9.42627
14.3868
13.5232
11.2482
14.6796
10.3724
13.4719
8.87806
8.17628
9.90719
10.7932
11.6198
11.8446
13.8689
8.28641
12.2706
11.7635
13.4009
12.2279
13.1279
5.59876
13.1528
11.9373
12.6665
12.5048
12.5281
8.86636
14.9094
9.38051
10.506
11.1643
12.8771
12.1512
10.364
11.1551
9.35424
6.96603
10.7306
9.65711
14.7441
8.39664
6.44158
14.9486
13.8521
5.89041
8.19069
10.2746
9.1196
9.02312
13.2778
8.45189
8.68141
14.0153
8.48267
5.99917
14.3398
5.91625
9.83034
10.1902
14.188
11.1238
13.3789
13.3951
10.9263
14.6361
12.3416
14.4599
13.0801
14.621
10.8007
8.32447
8.50312
7.94165
6.04228
14.918
8.10472
13.5847
9.50954
6.04947
13.6538
10.0647
13.762
10.6715
14.0043
8.62901
13.7464
12.1929
10.942
11.9062
11.3453
6.24181
10.9992
10.8243
10.7025
13.0933
14.875
9.65495
11.6095
11.009
6.15182
6.2842
10.4687
13.4837
13.4116
8.32462
13.5963
8.84104
8.54571
14.0746
5.98844
7.9179
12.7943
13.7069
9.75474
7.0278
12.6424
12.8524
9.5071
12.2601
13.4317
14.3414
13.4525
9.94164
5.58437
10.6444
6.92385
6.30696
11.0655
10.2895
12.7317
9.68845
14.2565
13.0365
7.25357
9.13668
10.5251
10.8259
9.55648
7.4605
13.1121
11.0732
9.59166
5.98336
5.39829
10.915
6.24601
8.96823
10.702
9.40832
8.77653
13.0095
13.9577
10.0747
9.90107
9.6891
8.32486
5.4628
13.6244
13.4589
10.9387
9.74676
12.6329
6.59681
13.6504
9.62568
9.31706
11.1727
9.18053
12.1684
13.0993
14.6102
13.5008
12.0225
12.2695
6.09273
14.9183
12.5245
10.3883
13.4699
13.3444
13.4218
14.4991
10.0994
14.0596
9.30057
10.0036
11.9016
6.84354
10.1658
11.9619
13.1319
12.5567
11.5605
13.2019
13.432
12.433
12.2355
4.39717
13.4322
8.81906
10.7209
8.60624
10.4005
8.40711
9.27368
9.65056
4.53274
10.3892
10.2965
13.3712
13.2657
11.1953
13.3344
5.23117
12.1094
10.3755
8.25621
7.37852
10.0591
8.54488
14.9552
9.94534
10.6043
11.5671
11.5545
8.32589
9.42173
4.98479
10.4158
14.062
9.3593
6.16522
8.72437
11.2636
12.8255
8.9889
12.6665
13.3501
7.13273
11.81
13.6356
11.366
13.1384
14.8808
5.78016
12.2262
5.84378
11.5865
8.63151
11.2313
14.6858
6.43001
5.38907
11.6645
9.01915
12.4434
13.7604
12.7786
9.98318
11.0627
11.9349
14.7721
13.3279
10.7744
13.0347
9.75465
12.8666
10.2128
14.9363
11.3825
11.069
9.94558
9.58077
13.6305
11.0841
5.07808
12.9848
12.8933
10.573
9.42072
14.521
11.3777
14.4816
9.8279
9.95198
14.8097
13.4317
13.1501
8.80947
8.80936
11.5757
9.9964
14.7387
14.2423
10.7601
14.4022
7.36726
9.93834
13.8173
13.054
12.0786
9.00746
13.0996
12.7936
8.7764
9.97913
11.6993
9.9393
11.2222
12.9274
12.6087
14.4095
10.7296
12.3533
5.23486
9.20317
9.86235
11.0532
13.7694
13.387
8.32849
10.0199
11.0166
10.9004
7.46625
13.7746
13.4464
14.6483
10.2256
12.8589
12.6153
13.3999
14
4.83354
10.9023
8.45236
14.0506
12.6301
12.8457
11.0609
9.7339
12.3764
10.1257
5.72222
11.8031
6.78811
5.79337
11.9466
5.54965
9.37923
13.46
13.3879
13.3167
13.159
10.8114
10.6326
5.41795
5.76684
11.5677
9.90997
14.8453
11.947
8.38862
14.9811
14.0494
9.655
11.5616
14.0337
6.16787
12.6963
14.9463
9.81215
4.65179
6.74885
6.38039
10.3853
12.1927
8.76252
14.3521
8.32594
9.74168
5.77849
9.04587
10.0847
10.5434
14.5515
6.05283
8.46075
12.8043
14.1148
10.7553
13.6313
7.30872
8.68488
11.392
8.60922
14.6694
10.2996
10.078
11.1988
14.5329
13.7637
9.91234
10.3757
13.4029
12.2339
11.0673
10.6917
13.7023
8.79152
13.5385
13.153
9.56793
6.29971
8.24514
12.7148
10.2977
5.39049
14.7315
9.21966
10.7631
12.6325
12.0303
12.2221
14.9243
10.6045
14.9268
9.36956
9.02005
10.1629
12.5811
7.90459
13.1584
12.9664
12.5459
12.0013
12.5205
10.7899
10.8623
11.9894
11.3843
12.2986
14.7411
5.87394
6.12158
10.4319
6.99521
11.1094
10.6548
12.9368
12.145
11.5961
11.128
6.09355
7.90889
10.0111
8.81046
13.2377
10.0678
12.5241
9.2778
9.07136
7.97816
13.649
5.93188
10.0612
12.7282
13.5873
10.4488
8.34517
5.85938
11.7507
11.3448
6.00905
13.9775
5.92191
6.3922
9.11482
10.8879
14.3159
14.4006
13.4632
13.6069
12.898
9.54428
10.2032
9.77697
13.5515
14.1334
13.2491
9.93798
12.5383
8.553
9.2817
14.4425
5.94395
11.9475
4.97005
8.39713
12.6303
13.6861
13.428
12.783
9.41881
6.34832
13.0044
14.0619
12.9727
14.8574
14.7369
9.91087
10.1972
6.49253
12.2047
12.2663
13.8341
8.38113
6.00999
14.5266
14.7797
14.6456
9.87908
13.9803
11.8303
6.24953
8.92033
13.7761
12.6519
9.42053
11.8249
10.9299
9.36899
11.9199
13.9122
14.1302
8.97633
7.73228
13.1024
10.1255
13.6984
11.6241
12.3965
13.8187
13.665
10.7345
10.1524
9.89996
10.8399
10.2369
10.4947
8.30553
5.66576
12.5298
13.9528
11.2001
13.8287
8.51606
14.9639
14.0527
10.2067
14.4786
14.7832
12.8479
6.29385
10.1175
13.1932
6.39614
9.83738
11.3766
14.871
13.1972
14.9017
14.5803
12.0675
10.8439
10.4168
10.994
10.5341
10.74
13.0761
14.5559
14.9416
10.1327
12.2457
8.87462
12.9491
13.08
14.1147
7.75344
14.3347
7.90489
11.7613
10.183
13.0691
7.97796
9.64242
11.2944
12.024
14.1446
12.2681
9.68295
14.703
10.5488
14.0682
11.6432
12.9096
9.12923
6.08992
14.1501
11.2791
10.2145
12.3712
10.5796
11.7394
8.68856
11.7165
14.17
13.3674
9.77911
13.4439
13.8338
14.2801
8.54005
12.2871
10.3955
5.90464
10.0394
13.329
14.9547
13.1511
6.24676
11.3436
13.4357
8.53529
7.57471
13.3442
11.187
12.4982
9.31906
9.67262
9.57595
14.3053
10.3283
14.1609
10.9585
13.8114
14.8457
10.3407
14.356
11.9404
14.6498
10.841
11.051
12.3185
11.859
11.9853
12.1687
10.8403
13.8844
14.3239
9.60558
9.37872
11.8543
14.8729
12.676
12.5562
10.5346
10.0978
11.3078
10.0171
8.39327
11.19
9.05606
12.6182
12.6509
9.35673
8.90782
13.5569
13.711
12.0171
12.2411
9.4457
8.88142
12.9608
13.6269
4.65819
11.4958
12.0343
8.36756
6.55868
10.4476
14.6107
13.4057
8.71762
11.909
12.8262
12.2636
6.15982
10.5009
8.94363
12.948
14.5561
8.13743
12.4308
5.27317
13.7577
5.95139
6.39502
11.5388
12.487
6.54951
10.0277
6.21459
6.58612
14.0891
13.9998
13.1364
13.4701
12.5378
12.562
6.40554
13.3816
12.9584
13.9841
11.072
12.989
9.09752
4.9895
9.16771
13.9905
9.67004
14.8037
13.4812
8.14869
14.1715
10.5078
6.69931
10.8808
5.49187
9.2121
14.9295
7.12608
9.3434
6.48909
5.12836
10.263
10.3744
9.45845
14.0647
9.46163
12.1002
14.6068
10.0619
8.91329
6.28968
11.1682
12.698
12.2895
10.0556
14.3958
10.5651
13.1499
12.824
9.94936
14.3138
10.8795
8.60999
14.2638
10.3266
9.01375
9.37365
13.1685
13.2542
14.0361
11.5049
10.4679
11.9844
11.2375
10.7049
9.96383
14.9486
6.24047
10.4453
9.51919
13.2001
8.68823
14.3417
11.3346
14.0318
12.2993
9.7044
8.50118
10.7449
5.47358
13.7088
14.2913
14.3363
13.0823
12.895
13.3223
12.8858
14.5373
9.83606
10.4262
8.61015
11.7933
5.93962
11.0788
11.6134
5.78344
13.2378
13.9555
9.0669
9.24332
8.00024
12.098
12.3159
8.27325
10.5807
8.86401
11.6492
10.0147
10.0065
8.63048
4.83338
6.28108
11.7982
10.1425
12.5286
13.9307
11.164
10.4986
13.5414
10.4568
12.3217
8.18455
11.3899
11.0825
6.07138
9.93874
12.9629
8.24816
14.6697
14.3312
12.683
12.784
14.2577
4.2588
10.5106
13.6952
10.8211
14.605
11.0838
14.1118
13.8939
11.6458
13.355
12.791
13.6523
12.2016
13.7531
5.88035
14.1068
5.96527
12.5619
11.9104
8.99065
6.39573
14.3058
9.81459
10.3702
8.69184
8.10804
13.0298
5.51231
10.2578
14.1941
8.44426
9.83367
13.7058
12.5898
6.36821
9.96163
13.2873
14.9395
14.4718
5.81388
14.7758
11.7473
14.7301
12.3793
8.78391
6.08857
10.39
14.6802
8.59943
12.4586
10.0269
7.11304
8.58496
12.5133
14.2044
11.0461
12.8149
9.91184
12.3642
8.44699
10.6566
11.5534
5.69054
13.3616
14.2558
14.4508
14.6959
12.2247
8.84914
7.37365
8.96616
8.95221
9.86933
9.55098
10.909
10.3616
14.4979
8.63002
6.08673
11.3265
10.7257
13.6061
10.7429
10.2483
12.3128
7.57516
9.20282
10.6187
14.7673
14.5047
13.2507
13.809
12.9765
12.5886
13.1658
13.149
12.8953
9.97832
11.3458
14.1188
14.8651
10.0987
7.79372
6.02519
11.2263
14.379
14.0781
14.7952
10.2534
8.46179
13.2034
8.41754
11.3947
7.5117
10.1133
11.876
13.0446
11.5924
7.12437
13.461
10.444
6.77474
12.2918
13.1605
8.39402
8.48386
13.2605
12.4201
13.9728
9.56362
6.37911
10.456
10.8535
8.55183
12.9029
14.5452
9.90756
10.5741
6.02843
8.32946
10.2097
6.93821
5.25185
7.86351
10.0837
9.8436
13.0032
9.52785
13.4204
12.1436
12.3737
13.1173
5.4442
13.7394
5.82998
12.5287
12.4212
13.1819
6.2236
14.215
11.813
12.1254
14.7719
13.8372
12.9126
12.9142
9.97086
8.52765
14.073
9.22433
14.4997
13.5517
8.13458
14.6356
11.4095
8.64255
12.9765
13.7759
13.0945
8.99819
5.73996
13.007
12.5082
8.44728
10.6314
9.14831
8.75661
14.5408
13.9421
10.2938
5.07478
8.85409
10.2561
13.2373
10.8327
6.80335
11.2872
10.7898
12.3408
12.5854
9.4182
11.1666
10.2503
13.3095
12.0763
13.026
13.5464
10.1766
10.9909
14.3916
8.70475
10.0279
11.1642
13.8165
13.228
14.7689
12.7274
12.3048
5.33193
12.7421
14.0563
8.14526
11.7737
13.7027
9.89729
5.23612
11.6967
12.8744
13.604
5.95994
8.843
5.77998
9.68044
7.46752
11.052
9.83382
9.03122
8.95884
4.99389
10.3681
8.55164
5.90221
11.3749
12.1631
10.5381
8.63459
10.1626
6.14771
10.3812
13.9916
13.1547
9.74451
13.8927
13.898
10.9303
14.7759
14.2101
14.0184
13.8395
11.1166
13.527
12.9897
14.5897
10.0654
13.6873
14.3738
12.7933
12.9419
11.9682
8.18833
8.40966
10.7326
14.7307
7.69532
12.901
8.99313
13.5278
4.8796
13.0317
11.5364
4.7619
4.5732
9.82064
14.3637
11.6751
13.7525
9.32992
8.89934
13.4491
12.3001
10.207
6.51871
14.5331
11.4869
9.90791
11.9905
8.16636
13.9904
5.95532
13.1579
12.9785
13.4209
5.63972
13.4904
14.6524
8.20839
13.1815
8.69989
9.85005
13.8936
10.5258
13.2316
9.95239
10.4739
9.24304
14.2652
11.158
6.90055
10.6264
8.53665
8.88867
12.6273
14.065
13.1163
11.2066
13.3448
7.95891
13.4179
8.56778
10.3376
12.2974
13.4897
13.6015
14.979
5.93357
10.0316
10.9713
13.6132
14.7789
11.5618
12.0944
10.5032
8.48392
11.5133
5.87763
8.16731
8.98272
10.9485
7.62052
8.2404
11.8626
8.81672
9.96344
9.82093
13.594
6.8143
11.8237
12.1528
9.86407
12.0387
14.1949
12.9143
9.2911
6.77615
11.2994
13.6601
13.7554
13.6515
9.45832
14.5712
5.97
8.59502
10.7228
7.88038
10.6859
8.1285
5.73513
6.52714
8.68838
6.95282
5.33779
10.2095
11.9434
7.29836
10.1701
9.43513
8.63153
9.9218
9.67508
10.8125
8.19678
10.6685
12.1786
14.9868
8.45674
8.37814
13.9658
14.2966
13.5742
9.1104
13.6499
14.6447
8.86278
14.6846
11.7368
12.593
9.00689
11.4011
10.1588
14.525
14.0616
10.0461
6.12752
14.5197
7.32813
6.57029
12.1085
13.3781
14.9472
11.9978
14.8393
10.4346
12.4063
9.28905
11.4733
13.0286
13.6105
13.6429
12.4714
14.3345
11.5131
12.8124
12.7316
11.5405
12.4488
13.5382
10.0152
7.92265
9.58361
12.3994
9.40884
10.8441
14.1128
14.4717
14.3293
11.4105
8.60604
10.098
13.7183
13.2136
13.8617
14.3792
8.60378
5.97853
14.5462
14.9907
14.9072
10.2534
8.41296
14.0131
12.933
10.3644
7.94159
11.8465
12.1108
7.46025
10.3379
6.46987
8.58489
8.50771
13.3382
12.8629
14.5408
14.4893
14.8742
10.879
12.3235
10.8779
10.6759
8.53402
14.0509
11.7054
10.0285
13.8266
12.8214
9.28012
10.7732
8.43436
9.70852
13.7767
9.43925
12.2475
9.88664
11.9081
12.6252
10.0036
11.9218
8.41905
13.5696
10.9275
5.25013
7.71996
11.2989
11.0759
11.2032
13.7351
8.50706
13.6949
10.3076
11.3373
5.02792
7.98282
10.229
14.394
9.53185
5.17513
9.52118
12.2562
11.9778
12.5598
7.59517
13.9237
13.8736
6.72701
10.5457
10.186
14.0012
12.2933
12.2813
10.4746
14.6536
12.4461
9.32931
12.5213
12.4362
11.0696
9.83774
11.666
13.5804
9.12601
14.2608
14.1855
11.7527
10.501
14.5748
9.60407
14.234
9.36229
10.1933
9.59918
14.2646
6.36923
8.42622
12.9148
10.7739
13.4088
12.7435
14.5005
14.7802
5.37868
5.02448
8.57891
12.3567
8.52728
6.21211
12.9382
11.7535
13.8034
13.6721
14.1151
8.42717
6.50629
9.72883
13.8521
11.2198
12.1679
6.07152
12.6539
12.5483
12.567
12.6195
12.8742
12.5486
9.42618
9.1388
13.8133
11.5557
9.8607
12.1218
10.57
13.4332
8.85552
14.2913
6.49454
11.2132
11.5874
5.98773
10.6262
10.7711
11.0569
8.22271
12.7651
13.4625
14.7836
10.4225
12.1696
12.3773
10.8497
8.6917
10.8737
6.62288
11.0844
8.37907
10.3851
8.52232
11.3947
13.3302
11.4136
9.25712
11.2913
12.2406
8.93996
6.87622
9.18262
8.64264
10.8772
10.2768
9.25452
14.3168
7.85039
10.6064
12.8596
10.1938
13.9084
11.8707
5.10115
9.84535
8.59864
6.27705
14.2951
9.94286
10.6414
13.8607
8.4443
11.3315
11.4445
10.4169
11.2894
14.1046
11.0441
12.5147
14.8576
6.46231
12.661
5.20053
7.58264
12.3748
9.69487
12.6649
6.82932
13.7427
14.8952
9.98178
11.9056
12.9008
10.4952
12.2266
7.03821
8.5623
12.4847
8.49454
6.25156
9.71205
12.3867
12.9213
13.2704
9.88414
14.4438
10.4831
14.5882
8.02166
12.2475
14.713
5.4044
14.2544
9.91583
14.0208
5.22743
13.2893
8.89393
12.1237
12.1169
9.85588
12.4291
6.30945
6.19251
8.77588
14.8394
13.6344
9.96031
7.67458
5.25163
7.96323
9.60017
12.1164
14.784
13.927
12.8899
13.5726
9.60647
12.5598
11.7905
7.0291
13.2193
10.1562
14.3931
11.4759
14.4207
10.1732
14.983
8.65574
13.4648
12.5446
10.7272
12.4919
12.3296
14.7028
5.07695
10.5882
6.1413
12.2028
12.1444
14.4232
14.6752
12.8003
8.56995
12.7639
5.64863
13.1071
14.8825
6.32762
9.51484
8.27073
13.8988
13.5753
10.3667
8.96143
10.5863
11.3334
14.8079
13.832
13.6625
12.0428
12.2382
10.1659
8.57332
9.69573
12.5802
10.3917
11.9723
12.1948
13.3884
10.8943
9.52854
13.0154
14.1795
9.91955
6.21071
8.43656
12.04
14.7047
10.6526
8.49153
10.6572
9.97605
5.78481
11.7014
10.6479
8.11381
5.91866
14.2479
8.09671
9.24458
8.60068
10.5996
11.6649
12.7512
13.0767
10.8306
8.71056
10.7235
7.96441
6.86381
9.62894
14.8675
5.79541
4.44104
9.94983
10.1035
11.1757
6.41281
8.74381
8.57796
10.2965
9.58288
5.87479
7.71787
5.83131
5.83215
10.0597
12.0783
7.79769
8.87197
5.14995
14.0908
13.1286
12.4123
11.0481
8.96951
14.0867
10.722
12.2306
14.2934
12.4724
8.65679
14.3439
6.29764
13.2582
10.8329
11.8763
10.4571
6.19305
8.69801
14.4948
12.4574
10.1523
7.19846
8.03743
14.4924
8.8601
13.7436
14.6031
12.743
14.7274
9.85045
6.02569
7.50523
7.95049
14.24
8.87115
14.7444
6.10921
12.5089
11.5035
8.71984
6.36968
10.0623
10.4257
11.9143
11.2172
9.92985
11.8997
9.0329
14.0384
14.4332
9.37754
5.66312
11.9752
11.3908
7.33695
9.51754
10.9006
10.4132
13.5548
9.40662
14.8078
13.5378
11.6125
12.1723
9.81763
9.02164
14.2705
13.7108
5.58355
14.001
14.9839
10.2828
9.28523
13.8472
8.301
12.0227
9.73301
9.81887
14.6082
11.6668
9.78988
12.4945
13.0669
13.5187
11.366
12.8305
13.8791
14.0693
11.7606
14.4488
5.6029
9.79652
12.2449
14.8845
11.9227
7.50713
13.1199
13.7787
13.6758
5.99448
9.70741
13.6004
5.40798
6.18397
14.5148
13.5845
13.3156
6.59041
10.9759
13.1305
8.63114
11.2731
6.08847
9.98323
14.5637
11.1489
7.64805
9.7674
8.70638
12.972
11.7962
8.77599
11.9306
13.4257
11.3887
10.07
8.55297
14.145
12.8324
9.37987
10.9353
14.7794
14.4138
13.8525
6.05767
8.73566
9.95278
13.9406
10.841
14.4734
9.673
10.3889
13.7275
5.33788
14.6877
7.41139
8.68605
8.65677
13.8783
11.5254
11.6875
14.23
6.38775
8.92998
6.40027
13.646
5.37686
10.8738
8.79108
11.367
13.4374
14.8252
14.4444
12.997
14.9734
11.9434
10.3951
10.2765
12.328
12.0205
14.2809
12.2938
14.591
12.3479
10.1565
13.7129
14.9912
8.33861
13.0119
9.15913
9.03013
5.48064
12.1031
10.0224
14.3408
10.8129
11.4071
10.2622
11.4121
12.1061
11.2924
10.5493
14.6623
7.01061
13.6588
9.17407
6.65267
5.27508
5.93701
10.8829
6.33487
13.6838
11.5021
8.50989
13.7331
14.8267
12.5384
12.2917
11.4212
9.24993
10.9482
12.0259
11.635
10.8819
12.3848
9.95683
9.87253
10.9297
7.79606
10.9856
9.56773
13.0649
14.4819
11.8536
10.3727
8.90113
10.3928
8.4666
13.6864
7.63906
14.093
11.7829
14.2179
8.72668
9.05396
14.823
12.2752
8.27467
14.4907
11.0854
12.5627
10.9277
6.59103
11.4651
12.7419
8.33587
6.14061
12.1991
10.9956
14.7263
12.5718
10.0996
11.9073
8.36436
7.74304
6.52042
11.3662
14.9988
13.7268
5.92978
12.1034
9.66944
12.2853
8.5166
14.4448
10.883
11.4602
8.37359
12.0374
11.234
9.78679
5.21839
9.98547
5.54546
14.6744
10.6881
12.5978
11.2613
12.2976
13.3134
14.5467
8.98663
8.86919
13.9212
14.9637
14.2862
10.1688
12.5241
9.70374
13.6162
12.3837
9.67313
13.1451
11.9086
12.2091
14.7984
10.7015
12.1048
12.8336
9.08797
12.6319
13.8582
10.4302
10.237
5.781
8.52404
13.8395
10.0088
7.10104
9.85677
12.7189
8.62043
9.61524
10.5334
11.6308
5.53077
13.2584
5.65113
10.9929
8.55522
11.4194
13.3142
8.63762
11.9219
9.8754
12.657
8.10776
11.0928
12.9766
14.4739
9.06805
10.088
13.0053
11.9203
13.0725
4.43162
12.5601
9.81889
8.46917
11.308
13.2681
14.7229
12.4951
14.8233
6.17866
12.0347
13.7078
10.6363
9.46496
10.6633
12.0916
10.8623
5.83663
11.0942
6.2012
14.1525
13.1148
8.60817
9.33148
12.7441
8.83305
10.9032
7.12794
10.9823
8.89559
11.7367
14.6168
10.7338
11.1679
9.07119
7.48944
14.7506
13.8756
9.5544
11.5774
9.62762
9.04732
12.7957
10.6132
8.67379
12.8829
8.70378
12.0301
12.2679
8.05042
11.3065
11.2986
6.5745
14.9431
14.82
13.8363
6.44305
9.69751
12.1083
13.3069
10.0556
10.059
12.1593
6.95806
8.24836
10.6727
14.7312
10.1542
8.96829
11.8739
9.89043
10.4933
14.9615
5.42867
11.9887
13.2367
10.2786
13.4006
11.9813
12.3995
13.2852
9.45167
9.11707
12.0077
10.8289
11.0317
13.4817
13.1193
10.2143
9.19654
11.7647
11.2606
8.9193
13.0521
11.8966
8.98079
8.49304
7.1646
9.89737
13.4391
9.45164
11.2318
14.2093
13.4014
13.2152
14.9883
10.5625
8.69743
14.0538
12.4637
8.4894
11.5276
10.4692
7.59581
14.9582
9.70749
14.9469
11.271
8.09066
12.3511
14.6368
14.9282
9.66239
7.39931
9.21184
9.77788
14.3992
11.0382
8.86954
10.4449
9.08117
14.4104
10.8152
12.6534
14.4231
14.9083
11.4611
10.0517
10.9119
12.355
13.7408
14.9184
12.9186
7.27182
9.33534
4.08253
14.8961
11.5523
6.56659
12.2106
10.8523
13.9482
12.9942
12.9337
14.5287
11.9898
11.5942
14.102
12.9521
13.3018
14.4397
9.73166
6.58676
9.66345
10.6323
13.6151
7.484
14.9072
9.33193
10.3477
10.7588
6.24507
11.2187
10.1148
11.3487
11.6586
10.0607
11.1771
14.6369
12.7812
14.3474
9.59973
14.4509
8.3048
5.8583
11.764
9.03474
14.3754
6.43775
11.8808
9.74262
11.5597
12.1403
10.9793
13.6166
10.1811
9.54254
12.4489
9.19037
9.5879
10.9624
10.8134
14.5736
8.86266
9.55609
12.7905
10.1418
8.64425
5.67693
13.4566
8.75997
14.9014
14.401
12.8552
10.0154
14.4394
10.3664
6.56757
9.34931
9.60336
10.2736
10.9928
6.38452
11.4308
10.5168
9.90283
12.5434
12.203
12.7648
4.93833
11.3486
9.8599
12.0062
12.462
12.5542
14.6512
11.7134
10.6604
11.5608
14.6619
11.1549
14.4186
10.3106
13.4173
12.1472
14.2605
9.69012
10.7282
14.2552
13.1323
13.0338
12.5239
12.4718
12.3975
8.88435
6.00661
11.3633
5.10795
10.0752
12.3474
6.33703
10.6092
13.4807
12.408
12.9989
7.28179
14.323
10.0657
11.8182
10.2185
6.50691
14.8306
12.8213
14.9811
13.8708
14.1974
10.611
9.47856
6.16492
10.2666
10.5674
14.5924
11.0182
8.41061
9.86087
4.77642
9.19537
8.48985
5.60677
11.1566
12.6468
13.0149
9.008
13.9961
12.9573
8.84349
11.5778
8.4267
14.5768
6.72694
8.59007
14.1235
12.4516
10.8031
13.0959
10.0335
10.0488
13.9617
13.7339
11.1156
14.9406
14.6264
10.0446
6.61731
9.65914
12.3081
13.3767
14.0461
14.5945
7.76716
14.0628
8.50144
10.9148
9.21122
8.73285
7.71216
9.82017
11.062
11.7782
7.97534
10.2346
13.3805
11.6502
8.20103
13.7587
14.6065
8.76791
11.4387
14.5178
9.09052
11.404
11.886
13.1913
7.67993
12.4962
12.5163
14.0165
10.9501
8.54268
10.5877
14.2296
9.75406
10.0238
10.7144
10.6083
8.61049
10.6905
14.9488
14.1668
9.71534
13.4569
12.6311
14.05
12.2329
10.6927
7.64788
10.7602
13.5593
9.91006
12.7217
8.62701
8.76946
13.4261
13.0526
12.2096
8.6484
10.8762
14.5433
9.11546
8.65158
14.9444
11.5566
8.64513
9.74254
13.7683
8.23266
13.3218
12.3334
14.0508
11.0131
13.9322
11.2382
12.1457
14.6434
9.88183
10.2177
14.1
14.822
11.9189
11.2222
6.91557
14.9205
13.2342
12.4363
14.9363
13.4806
6.5587
9.96263
10.0006
14.7085
14.1815
13.5434
14.9532
12.8527
11.8464
10.313
6.44876
8.78699
12.3361
12.847
10.4267
8.29731
10.0404
9.24855
8.57967
10.3083
8.51424
12.7109
11.6575
5.08825
7.83986
9.06728
8.93482
14.8138
14.6414
13.9272
6.0514
12.0921
9.64273
9.98382
14.5495
14.4463
13.5315
12.8201
9.71577
10.6275
10.7952
5.30856
14.365
14.4215
9.88581
12.7093
12.8167
6.90996
13.2606
14.5179
9.54436
10.125
14.9192
9.8377
10.243
14.9572
8.38223
8.72808
6.43514
14.2707
9.43626
13.2359
10.7499
14.9961
14.9114
8.86616
10.2061
11.8671
14.5077
12.2011
11.9712
13.544
12.4751
12.8655
12.569
6.72446
7.09047
10.0218
9.8631
8.53488
10.6632
10.2455
12.3586
11.7727
11.6234
12.9381
9.45403
7.9511
13.618
14.4649
5.60444
13.625
14.2464
13.5058
12.0925
8.56819
10.7328
12.3842
12.1192
14.878
9.69207
13.3418
13.4914
13.1665
12.557
10.8259
5.69624
8.27365
11.3734
13.9943
12.1967
9.00944
7.74928
14.4113
14.4976
8.66335
13.4694
11.4066
12.2766
8.0643
10.5841
12.1221
9.45118
11.8535
10.4953
10.0049
12.0587
12.4937
13.0726
11.5126
12.9508
14.8389
6.27979
9.01614
9.97326
10.7624
10.5517
12.1371
9.07736
13.3354
14.1896
10.4271
8.21144
9.34615
12.6048
13.3681
14.01
10.6775
10.7389
11.6825
10.0717
14.1531
12.4087
14.9944
11.3665
13.8301
7.78468
9.97153
13.0265
13.1249
10.1424
9.58792
14.2504
10.8397
10.6733
12.4219
10.2724
11.74
14.4474
9.78738
14.8881
8.77883
10.751
12.3885
11.7101
9.35581
12.9864
14.5219
10.4158
14.9836
14.9048
12.4668
11.249
13.3842
11.8667
12.5974
11.0223
9.1945
5.06813
10.669
9.36613
14.9825
6.03108
12.3988
12.4935
14.5228
13.8139
12.589
13.5228
9.11291
6.29942
10.1758
10.646
9.93336
10.9092
11.9178
12.6052
12.718
11.8056
5.91504
7.49595
6.55739
11.1565
10.4206
6.27676
8.76914
10.719
12.7513
5.41953
6.59097
12.9674
11.6831
13.8464
10.4232
11.3366
12.4842
10.9398
8.91669
9.27285
13.2466
14.8609
9.38581
6.58309
11.0622
11.8663
14.5203
6.45022
5.74117
9.83248
10.4087
12.1842
14.2636
13.3531
10.934
14.069
13.7386
11.9508
14.2047
13.5774
8.54502
10.6633
8.57512
14.8532
12.6366
4.78038
8.83015
14.2121
12.8472
9.80479
14.2036
9.97717
13.3574
8.76915
8.40319
10.7041
12.3519
14.2875
7.90022
10.5357
13.5958
12.7194
12.6268
9.92633
10.0419
12.0088
13.9339
10.3259
8.75709
8.97609
5.70397
11.3185
10.2107
11.939
8.97236
12.6022
14.9271
9.65779
14.0421
10.4009
14.6474
9.66107
12.0297
8.73267
9.72001
12.1983
9.81039
9.40417
8.06356
12.0839
13.0753
9.60016
9.70245
9.84261
12.5966
14.8422
13.6654
8.98268
8.38137
9.30696
8.63461
5.6587
10.194
9.48001
12.8617
9.88075
5.78278
5.9964
14.0867
13.5889
7.75309
11.9267
7.14886
14.473
14.0282
9.61648
11.5313
13.7805
13.2552
9.94103
8.42567
10.8912
14.355
9.49017
13.7114
12.3898
8.65722
10.0201
5.97166
14.1141
10.4444
11.2175
4.85453
4.56668
10.6197
14.7446
14.1251
12.8187
12.0044
10.7735
14.7144
7.99149
12.8331
10.103
9.90428
12.5856
14.8341
14.4936
12.2629
11.5226
11.7917
13.5042
10.4448
11.3733
13.3518
11.4997
10.6837
11.6856
14.3132
11.3764
14.4676
11.5139
11.4038
8.6331
14.0986
10.3015
8.23309
5.84151
10.2034
11.9359
5.3033
5.85095
8.26241
13.5006
9.42832
7.45679
6.16414
14.2447
13.8059
9.7952
14.127
12.6962
9.67387
14.7988
11.4223
14.5249
6.94149
14.3711
10.5423
13.7988
14.0018
13.9256
13.9878
12.2421
6.17578
11.4205
12.8675
12.3385
4.5638
10.3344
11.7343
13.6155
12.9678
14.7883
12.3481
14.3426
10.0917
12.6394
14.7639
11.9617
12.6697
12.1752
11.3133
8.85427
13.7172
14.1803
12.3459
10.2644
6.25249
8.72746
12.9815
12.7813
11.5497
8.6293
13.1226
11.2922
6.19829
12.3779
11.1258
11.8157
14.9549
8.4861
14.8356
14.2411
10.075
8.90073
5.45193
14.4278
14.7589
10.6962
10.6195
10.8566
13.8119
12.7166
12.5836
9.09022
11.6619
10.9672
9.41963
8.50066
12.1928
13.4597
9.14337
11.1014
10.4387
11.3352
14.5846
11.323
12.122
5.6022
12.4653
14.9494
10.5729
12.1673
9.30895
14.5108
9.98102
7.48793
12.6555
11.0573
12.7484
5.49498
8.52054
13.2628
11.0408
14.1602
13.6361
11.8625
10.0218
9.99473
12.3769
13.6734
14.9532
9.44349
14.1993
14.2751
8.93422
12.2385
12.3328
8.62514
9.40546
12.9304
9.73071
14.9553
9.03646
14.8267
11.357
13.6019
11.9989
9.74831
10.1193
13.0727
12.2964
6.0236
11.246
11.2586
13.9664
14.5998
8.65023
8.60486
14.0372
10.5552
8.93148
14.2483
12.251
5.257
8.55241
12.7637
14.5053
9.24618
7.52234
14.2159
13.672
13.1357
13.1576
10.5424
10.7848
10.7959
12.337
11.8739
8.37626
10.3883
8.68238
6.89109
8.69344
10.115
9.93686
5.61928
14.1382
11.9264
14.3248
5.22212
12.9929
10.9977
6.70921
14.5866
6.03666
12.6643
13.9254
14.6291
14.0049
9.2538
9.32772
8.68426
14.8471
9.83083
8.83906
14.355
8.4541
8.74035
14.4737
9.7923
7.24398
10.3748
11.3705
11.1789
12.4922
9.59113
13.0614
10.9238
7.90015
10.9511
10.0371
12.6949
11.0676
14.117
5.69494
10.4086
14.2673
6.12367
9.50388
13.5868
14.6798
12.1642
14.8237
13.649
11.5626
8.96298
10.2427
11.9839
14.3619
13.7854
14.6644
6.33235
14.8221
9.12026
14.993
11.4977
8.0312
14.0441
10.5573
8.94215
9.65843
7.96086
9.48773
12.0452
14.9189
5.07956
12.0754
13.1354
11.0471
6.07461
8.34039
5.84715
9.63622
13.5637
7.34156
12.7403
14.2423
10.1405
11.5906
12.0697
10.6908
13.787
6.1261
12.2235
12.8582
9.92341
6.16641
14.0886
12.3734
14.5788
14.5777
10.1566
7.69818
9.32374
8.40709
9.96229
14.6034
4.91077
6.33358
9.95977
6.16592
8.39355
9.86304
14.1851
10.2502
13.6245
11.3898
5.93451
14.0715
11.2664
8.65058
10.2056
9.72443
9.08959
13.2245
13.9608
6.31784
13.1896
5.43675
12.9541
11.0977
11.1839
6.35082
10.4565
4.94365
9.74495
9.23512
12.8676
12.7478
10.4789
6.17222
14.5625
6.16237
10.5932
9.80715
9.95736
7.11259
8.42722
8.06584
10.6789
14.0103
8.28313
12.661
5.57017
11.6077
9.04111
13.5
9.10487
13.3266
12.6438
14.4627
14.3117
14.0506
10.4873
9.85745
8.52594
13.5491
11.8379
4.71553
4.00506
10.6655
6.6314
10.1895
12.5278
13.0664
6.87233
12.4168
7.53668
10.75
9.74809
11.3832
6.45069
5.02477
11.2666
10.0123
13.7225
9.88362
14.871
7.84876
11.6564
8.55072
11.6981
8.72957
3.80024
11.7769
10.2393
12.0603
13.0312
7.86746
11.948
10.9002
9.1107
13.5313
6.12587
14.5064
6.28836
9.71403
13.7936
9.59974
11.9133
14.9339
13.316
13.1443
14.8079
8.81712
8.53703
9.28662
10.2393
13.8225
5.59244
8.67318
9.43352
10.6938
9.35993
8.88849
11.3075
8.79589
13.7172
9.22118
14.2161
12.7532
9.8646
12.2699
14.8639
11.0682
14.0643
5.08303
14.4259
10.9215
9.78827
11.7284
8.53002
8.69881
14.8315
8.26336
9.95357
13.0828
12.8344
12.7628
10.6924
8.59933
12.0359
8.59897
11.4576
12.2975
12.7689
14.4395
7.89245
12.8858
13.9455
13.6535
12.3675
9.84615
5.68713
8.31817
11.6495
14.6235
5.29363
8.55765
9.7554
12.2835
14.1142
11.2509
7.69836
11.556
7.82181
11.7152
13.3002
11.7536
9.681
7.94426
9.63407
9.88069
6.9494
12.6868
12.7784
10.7885
12.0927
8.80944
6.4402
14.1368
12.1909
11.1914
6.69698
10.0675
13.2382
14.7731
7.26755
8.81626
6.09296
12.1567
14.5966
10.4462
9.98326
12.1468
14.6222
8.8221
8.54121
11.8202
9.36569
9.12335
9.2369
12.5073
9.68141
9.17892
10.4977
14.9403
9.28575
9.94356
13.5656
9.89569
13.5658
13.9299
13.5834
10.3966
4.91936
7.68966
13.1251
12.8427
13.8386
8.36743
12.588
6.56354
12.4565
6.09369
9.68005
8.73357
10.3222
10.4522
14.8092
14.3987
6.45582
7.99207
8.10941
10.7937
6.05969
9.43143
14.4773
13.5583
11.2035
8.52118
6.14253
13.449
9.76741
11.819
9.61884
14.5837
9.35912
10.9548
8.43913
8.25998
10.3196
14.6201
10.9934
12.579
9.74164
8.13229
9.78944
11.3542
10.2582
13.5044
8.66184
14.1822
14.6448
10.5179
14.1118
12.8702
14.158
11.1792
11.0049
12.4869
10.4713
8.87341
8.39067
11.5171
9.31791
10.6876
11.3218
14.3174
6.53485
11.8202
11.7847
11.5828
6.94248
13.8256
13.8747
10.9872
5.95698
10.5607
6.44891
11.5945
8.59311
9.92304
12.5223
12.9033
12.4751
8.57524
10.0474
4.55637
14.4965
10.0657
11.8539
6.64059
12.8123
5.62632
10.418
8.3886
14.3471
9.35994
14.8854
13.8951
9.90351
9.90432
9.85073
5.91103
6.01763
8.76054
6.17359
12.7434
6.23142
9.76737
9.5065
13.8419
14.4187
13.7793
14.928
14.0786
12.6263
12.3253
8.63865
6.13537
14.412
10.2906
14.0493
13.604
10.2105
14.0991
10.5035
14.9831
10.2184
10.025
11.579
9.34555
12.4146
9.05419
7.82987
14.7809
8.73347
14.3154
14.171
11.995
12.394
6.27104
9.71163
7.32566
9.78483
8.80409
11.7635
13.7822
5.41618
6.47073
10.2858
9.73851
10.0315
9.5915
8.44054
10.1441
11.4714
6.42291
11.1185
12.6605
13.0931
12.7414
13.9464
8.61103
10.5877
14.2378
10.0796
8.93393
9.84906
11.4132
10.1167
14.147
7.85774
11.2327
9.90275
13.4819
10.4038
9.56274
5.27986
13.269
11.8444
12.8758
11.3317
10.2012
12.7803
8.51545
12.311
9.79523
6.67332
12.2621
13.2593
12.2866
4.33164
11.3863
9.01778
12.7456
9.13872
8.78246
9.68239
14.107
4.07887
14.943
11.3624
7.52523
7.98819
12.8205
8.00945
6.41587
10.7461
8.77429
12.145
8.58086
12.3438
9.76074
14.3947
11.6007
5.50604
12.5015
5.14338
8.25219
9.43894
13.0801
13.9897
14.4703
13.5283
13.5564
9.38382
13.2195
12.3457
12.1745
11.7763
14.7389
8.45212
14.2403
12.2927
8.6855
14.6968
7.65262
14.204
9.29252
13.2731
12.4891
6.20504
14.535
12.3829
13.3951
13.2997
14.01
14.165
6.27922
12.6508
11.6166
13.7566
12.5556
12.3192
6.02622
10.5602
14.714
10.3339
10.0879
9.95257
10.9
14.6649
14.3106
12.9212
14.8716
10.119
14.1291
5.87955
14.5584
5.83308
14.2772
12.7302
9.67235
14.1788
5.42347
6.92052
11.9934
9.63586
11.9791
8.7661
9.95468
10.5004
8.94118
5.66071
5.33316
5.35595
7.28192
12.9918
11.0783
9.18697
14.4791
13.6451
6.51228
10.1793
11.553
11.8759
8.91583
8.66649
12.8965
11.0662
11.5627
10.3247
6.17929
6.09627
10.1756
9.72267
12.6179
9.7804
8.21911
13.2475
8.61953
13.3069
11.8833
12.9119
13.5933
13.6023
12.4124
14.1802
13.3131
10.3326
14.0019
11.331
13.151
13.7514
9.71845
10.3022
14.7338
11.8774
14.8461
9.02836
9.63445
5.94615
10.7029
14.6754
9.11574
14.861
11.1676
13.0524
14.9045
13.2819
9.55032
13.2707
9.65123
14.6174
10.9228
6.96391
14.2744
14.0727
10.416
13.8825
13.0501
8.71339
8.8623
13.8805
6.20925
10.7259
7.79786
7.45105
9.51379
12.6141
10.8799
8.16771
13.6965
9.83883
11.0592
13.9367
11.9526
13.1995
12.277
9.21005
8.97118
12.6361
10.0537
12.3232
14.0038
9.92201
14.9606
12.8413
13.6208
8.78525
8.69368
12.8636
6.10172
5.84465
6.21742
8.75215
9.81022
13.4377
5.20116
12.0504
12.7803
14.253
5.89642
8.24365
10.4326
14.815
5.75794
13.2643
13.0422
11.1665
8.41457
6.09165
12.6512
13.9336
9.73562
10.6619
5.2309
14.9997
14.4827
14.3746
10.6779
9.83752
14.2417
12.5254
12.1079
9.83804
14.2694
10.0735
7.29927
14.3102
8.61502
10.5058
10.4477
12.8686
9.36002
10.4158
5.1397
10.8462
11.3031
10.3914
10.0907
9.21193
13.7083
8.30711
13.9725
14.1317
6.02812
12.9505
9.60266
14.7427
13.6771
14.6553
13.1131
10.9836
14.3261
9.49949
11.9491
9.19434
6.82744
10.9356
6.02226
5.04904
13.7956
6.10013
8.61734
11.3624
13.1802
6.29134
9.53907
10.1664
11.9369
9.29516
12.8541
11.2748
10.9953
9.22758
10.2896
8.50465
11.8763
9.07911
8.70387
10.2509
6.6237
9.8326
11.482
5.59515
7.65729
14.7372
8.9877
10.6341
13.697
13.0253
12.4919
6.29608
13.5566
13.8185
9.25526
10.2212
11.1352
12.1345
5.80398
11.9027
10.9089
5.64397
12.9536
12.5012
12.9233
14.7466
8.38702
4.75954
13.9835
12.5068
9.93931
9.95277
12.5972
12.4843
9.96284
9.98878
12.5921
12.5567
9.96645
10.0335
12.6851
12.4995
9.91962
9.96547
12.5925
12.4767
9.95177
9.98128
12.5841
12.488
9.93348
9.97785
12.5963
12.4961
9.94942
9.96314
12.574
12.5669
9.96349
10.0408
12.6777
12.4858
9.93379
9.97989
12.581
12.4882
9.96291
9.96626
12.5654
12.5472
9.9615
10.0323
12.6834
12.5082
9.98314
9.95425
12.448
9.81402
12.5797
12.1867
9.85854
10.4238
8.77431
6.30405
6.68007
11.121
11.3371
11.725
9.12312
11.9334
9.04538
11.5022
8.76419
12.2272
11.9901
8.35681
13.7587
9.6432
11.4693
9.71814
5.65899
13.0695
13.1068
12.9415
8.61928
9.98078
14.0714
14.8386
10.3282
10.3722
14.5895
8.96796
12.3199
12.2642
7.73826
5.43776
9.38261
6.59541
13.7313
10.5016
9.35411
13.5395
9.61188
14.9921
9.62228
13.9756
10.5554
10.4028
13.3587
8.86529
6.18783
13.2482
9.90443
12.6035
13.8404
3.94085
10.6704
12.9716
10.8145
9.65281
12.605
11.3857
6.38618
5.80611
13.429
10.0991
12.985
6.6048
8.85039
14.0707
9.50563
14.4034
12.9554
7.57944
14.6672
12.2345
8.611
10.5767
14.1516
9.36881
12.235
12.5476
10.1417
10.0744
10.6692
8.63735
9.77152
11.8628
11.6787
12.9871
13.299
13.4849
13.23
12.1403
5.66262
12.8206
14.3798
8.83027
8.94338
14.5944
6.079
12.0643
8.88005
11.7714
14.1992
11.2284
8.62835
12.6521
12.2187
8.03196
10.8839
12.3953
6.13466
7.00299
9.95944
12.1432
14.7915
10.3153
9.87299
14.0924
10.1402
9.67036
12.2382
6.05293
10.0802
12.0296
9.92369
8.8806
10.277
8.46102
11.6815
12.3239
14.3593
9.97897
6.23912
6.19032
10.6834
12.0833
13.0098
8.65812
12.3801
12.022
12.2073
11.6994
11.9261
12.5362
10.9642
11.4663
10.0565
14.1703
12.1199
11.0308
9.33207
13.2038
12.2775
8.06484
13.856
10.1136
11.8986
11.1056
12.9084
10.4677
14.9332
14.4533
5.3383
11.8272
13.8742
13.95
12.0875
13.2912
14.9388
13.5152
12.9073
12.8336
8.84936
13.1651
11.1674
7.60168
10.0274
8.65726
12.5006
10.3805
5.87712
4.61933
13.1454
5.40055
13.1193
10.3596
8.27006
4.9012
6.11082
12.1102
14.4358
11.7723
9.10545
6.30557
8.93556
7.7356
8.50139
11.8928
12.2129
7.93812
10.4498
12.3746
13.4254
9.77941
10.1288
13.5469
13.4408
13.131
11.6431
14.4276
13.1101
12.4806
9.41627
14.8817
13.5901
13.0202
11.7117
13.6492
10.8516
6.48571
13.0259
6.35696
5.46776
10.9627
13.2246
13.8953
11.3836
10.821
8.71649
10.2013
10.7745
9.29061
10.5808
11.0771
14.1646
14.575
5.41506
14.8948
9.60002
5.67715
5.41813
10.4254
14.4916
10.2311
14.895
8.4761
13.3964
9.58845
6.12023
4.37396
8.5119
7.41149
9.52932
14.2249
11.9347
14.1987
12.2015
6.11305
6.13587
8.5022
14.0543
12.1333
10.0778
8.72661
6.30458
14.27
9.89872
12.9949
11.895
8.92412
14.5083
13.4567
13.8654
13.6436
10.3627
11.3033
6.19335
6.32309
14.8865
14.326
12.3358
12.0276
10.7974
10.7335
6.89945
12.2345
9.54747
13.4376
8.15185
6.31444
11.5653
11.0955
11.2226
14.0851
6.87698
5.46724
9.18994
7.81622
6.14087
14.1554
10.4347
9.73687
8.59307
9.94472
10.6729
14.9353
9.98977
14.1026
14.0806
5.33789
11.5636
5.82401
14.4039
10.3734
12.632
13.6682
9.71447
9.36464
13.6108
8.98639
9.99658
6.31222
10.933
12.7293
8.86237
14.2375
13.4252
10.8867
13.8536
8.70518
8.91074
12.1494
8.46415
6.05487
6.94645
10.8172
7.88298
12.1497
5.27122
12.86
13.0955
8.34987
10.6512
5.98732
14.2641
13.4372
8.5139
10.387
12.008
14.221
9.35865
7.91848
12.6446
12.5215
13.8931
10.0687
11.2474
13.0015
10.1659
8.39322
5.92099
10.7895
9.81704
10.1931
13.0656
12.5248
10.7594
5.54778
13.3288
10.738
12.5328
9.14929
11.8935
12.9313
8.97531
11.8692
9.88048
9.67284
7.82461
6.36208
8.4937
