13.814
8.78292
12.1368
6.30829
9.75047
6.33707
9.40874
13.525
8.36973
8.96827
10.7376
12.4997
5.99563
8.37943
13.0109
13.0604
14.3075
10.274
11.0024
11.9552
14.1923
10.92
13.2518
9.76217
10.5909
10.3071
9.81905
5.42327
14.565
12.3574
13.6821
11.024
12.998
11.557
7.87544
8.39002
12.2228
13.7496
6.6473
6.16465
9.86491
10.5336
12.6509
13.3863
13.636
11.6304
7.24725
10.9473
9.739
4.21748
7.61456
5.11459
6.70539
8.99423
5.37757
10.3398
14.1952
6.49842
9.408
13.6696
11.4169
13.7414
9.59361
6.94484
8.60678
11.8034
14.8991
11.7545
11.5879
12.5313
5.56847
5.23205
10.1116
7.10244
5.54238
7.60431
5.93473
14.1273
12.3943
8.68786
9.62422
8.37662
9.00755
13.4112
14.2754
10.3417
14.2888
10.867
14.6492
14.5838
11.7734
13.3468
10.463
10.7106
10.8374
12.3769
14.1796
7.92053
13.6146
13.2828
11.488
10.0615
10.3341
13.9264
11.395
12.8877
6.05003
11.7105
7.61434
14.4632
11.6051
10.5489
13.9669
13.1133
8.68549
13.976
6.68879
11.7904
7.77158
8.2789
6.14173
10.3987
10.0161
13.0846
11.9764
6.43228
14.2225
9.15074
11.5748
11.6906
13.3395
11.3852
8.12889
13.1478
13.6543
13.1288
13.6078
13.6551
14.5384
10.3877
5.78474
9.12866
14.6352
5.49479
11.311
14.7892
7.68716
5.98873
12.5604
14.2824
11.4424
10.168
12.0582
10.9124
6.84553
5.86069
11.0555
9.30635
6.34356
10.4245
9.3353
14.6287
13.9829
13.7495
11.5425
8.79591
8.6988
8.98995
10.9505
5.30682
13.7992
7.84467
8.18011
5.54868
12.7288
4.61228
11.136
9.09519
6.92586
6.14901
14.5496
10.3934
14.2615
11.9255
13.1602
10.1044
7.08984
5.07811
8.91585
8.64438
9.01346
14.0941
13.5437
10.3754
5.33739
9.92189
10.0381
13.8219
14.6611
10.8943
6.23362
8.34495
12.2077
11.3097
10.2283
10.5293
13.5584
12.5426
13.3372
12.7228
11.9052
5.85843
14.9813
12.8117
14.2189
11.7632
13.2718
5.87293
8.97534
12.4985
4.69565
14.0839
8.73833
8.88205
12.0231
14.5043
10.9407
8.5214
5.63617
8.70877
4.37397
7.8515
5.97406
11.7261
5.46691
6.80387
9.07938
13.3354
5.05
9.63473
5.96275
13.5166
9.25456
10.8317
8.01206
11.6619
9.66609
13.991
13.6397
6.06678
10.5382
12.4795
8.88061
6.91411
9.41099
12.3735
10.3149
13.9728
7.63019
11.8847
10.4268
4.67934
11.9237
12.9156
14.266
10.7466
12.9653
13.3501
12.0855
13.7813
8.4655
13.2874
11.7274
6.98674
12.4343
12.5658
9.44301
14.2561
8.71939
11.3734
14.8079
6.19365
11.6939
7.85596
14.1463
14.9155
9.62505
9.92212
11.7978
14.2762
12.7896
7.87263
9.02772
11.0473
11.2131
13.4542
5.65012
14.6488
13.0313
13.4345
14.0433
6.30411
10.1895
10.772
10.5984
6.60332
11.4428
12.1259
10.4761
7.13143
14.5345
12.6923
10.0584
11.038
8.59573
11.7878
8.49591
8.96343
5.31419
6.74449
7.7901
6.79955
13.6017
14.1578
12.2744
11.1309
9.59938
10.4607
10.0135
6.6249
10.4067
8.76321
11.7238
8.34275
11.0223
7.98722
11.5416
9.32327
11.04
7.68759
14.2183
13.7357
10.7308
6.0487
8.894
5.93456
5.51115
9.34957
8.62617
9.58117
12.6624
8.27976
12.4811
9.25009
10.107
13.6778
8.71209
6.37258
5.95741
10.1487
8.57428
10.66
9.6292
10.1093
11.183
5.95421
7.97149
9.34762
10.0399
11.2268
12.5191
5.59508
7.66032
11.1671
6.91557
12.6102
12.2537
13.0978
9.96082
12.1005
10.5947
9.27984
5.56547
9.29848
10.6354
6.95436
13.5432
11.4347
12.2782
14.4686
8.00835
9.9881
10.7393
9.55988
10.5614
8.16696
9.70934
14.2933
10.1332
8.54359
7.78839
13.4374
11.4998
9.26673
7.89854
11.7465
14.0167
12.0282
6.76858
14.7434
13.6307
14.351
14.436
6.2094
10.3525
9.14498
6.05419
9.2764
6.26388
8.88962
10.4782
9.64281
8.6499
10.6133
10.5393
11.519
13.0036
9.88491
10.0158
5.48173
13.1697
5.82422
8.00484
7.89175
8.39574
7.72308
11.4289
11.3312
9.06701
11.5137
4.41345
10.018
8.38206
11.6361
8.68465
11.5771
6.10677
12.7142
7.53548
10.4709
8.67169
9.71614
9.25264
11.4593
11.5588
14.8889
8.43441
9.71847
13.8416
9.90636
14.0607
10.5053
11.6446
10.3335
14.225
8.32057
8.0644
5.3097
13.1795
6.91719
12.4233
8.34038
6.70585
9.84225
12.3467
10.9742
11.2072
11.8526
7.60974
9.60919
8.74509
14.8679
10.155
12.9761
5.5499
4.95117
9.51455
10.514
11.4333
12.2444
7.6372
8.01881
6.49259
4.91846
13.5456
11.3099
8.72797
8.20122
12.2537
8.81935
11.2224
10.5637
12.5935
13.6322
13.6657
13.1722
8.50096
9.35979
8.79227
14.1006
8.06128
12.2405
11.4224
8.48156
4.78078
7.01478
6.78197
8.409
10.3988
5.92079
13.5685
14.8784
14.1487
11.7222
8.76918
9.11475
13.5606
10.3005
8.77799
12.5166
9.66991
7.95143
12.6274
10.2117
8.34663
9.70363
5.83678
9.2552
11.514
9.3765
10.6978
9.72856
9.56161
4.91833
5.72888
6.45843
5.94623
6.46894
13.2982
13.9464
13.4258
9.60213
12.3929
7.59702
8.35752
8.93507
9.58404
9.45686
14.5235
12.0332
10.3716
13.0372
12.6903
14.1935
8.17989
11.858
5.44682
10.9877
13.3576
9.90863
10.0006
11.3745
6.9532
5.45016
10.4474
8.58978
8.24668
9.58355
7.78413
14.7602
9.70934
6.28068
11.2275
8.11478
9.78645
12.6711
8.39337
11.8166
9.75655
4.70081
13.4751
13.2433
6.48503
8.63266
4.8895
8.65992
5.01868
6.30848
7.26553
9.58006
6.52927
13.5361
10.4074
13.5187
13.6941
11.7958
10.9435
8.85155
8.13382
10.8146
7.60452
6.34135
11.6047
11.2997
9.53028
6.43638
13.8655
14.4028
11.9303
10.8586
12.1543
9.26267
12.7762
12.7107
10.2942
12.3812
10.5466
12.0777
14.5506
6.70146
13.8489
8.94847
10.5224
12.6509
11.2506
9.31805
8.74416
6.86326
14.0189
8.43403
12.8655
7.39329
8.08472
11.1738
14.9931
12.5869
11.6199
13.3365
10.8259
12.9867
14.1224
14.469
12.8267
8.04619
7.60607
7.48665
11.4395
9.22769
13.2654
12.0532
6.38592
13.109
4.14844
11.6142
9.28581
9.63906
10.5379
14.2257
14.2747
8.73698
11.5363
8.80482
13.4401
13.7612
8.99343
8.67451
8.68083
10.4434
10.0223
10.0863
10.5286
4.78545
9.96626
10.2041
6.52728
11.4818
14.2161
5.93566
10.2761
14.4197
6.31472
12.0114
8.43687
7.53579
10.8318
14.6769
10.6849
9.43752
5.8213
5.13827
10.939
13.4951
8.86162
9.3165
12.4631
10.0023
9.55333
6.15295
8.50915
13.4274
7.86413
5.01758
8.04301
11.2453
14.6498
8.49566
13.6054
5.0524
11.9749
9.95295
14.5167
13.5021
9.77893
7.77977
9.96504
8.51436
10.0472
10.4523
8.83716
10.1083
14.8724
10.6642
9.2726
10.0415
12.966
12.0659
14.261
5.81534
11.5086
14.3712
8.46502
8.54984
10.7995
8.55756
9.32584
10.7223
12.5273
12.3494
9.30978
11.7892
13.5538
5.68602
11.9395
12.8989
14.5937
11.4416
11.4568
7.92308
12.4927
12.8483
10.1495
8.11297
10.0239
14.2642
10.312
8.79748
8.1023
9.72103
10.2705
8.83101
8.95356
10.2939
14.997
9.11218
12.7111
9.30934
13.8529
7.33988
8.78387
11.0522
7.50784
10.0642
11.1212
9.90882
9.18083
8.73673
5.92501
14.2513
13.3356
14.3464
11.2484
8.11236
9.42847
10.9426
10.9335
7.25153
13.9673
8.90795
8.00008
8.61096
10.697
11.2088
14.5554
6.10305
11.495
12.2288
13.4269
11.9635
10.456
13.5369
14.2558
5.94862
13.3093
14.7726
10.8474
14.319
10.5365
9.01696
9.95958
11.844
14.2836
9.22244
10.2806
12.1245
11.8029
5.98044
12.9336
11.8793
12.4485
11.5274
13.7414
5.92686
7.84998
10.035
6.0374
10.4635
8.65102
11.5515
11.7958
5.81473
13.7029
8.38645
13.4318
12.6789
13.1455
13.1198
12.3443
11.8226
13.0663
9.59518
10.6312
8.64589
5.43296
5.25532
11.0292
12.6377
9.80055
7.90906
11.3502
13.842
9.31655
5.53289
14.8844
10.9484
11.6066
8.19086
10.9755
8.981
13.087
6.84224
6.66101
10.3907
13.8389
12.9279
8.43529
9.10507
10.3155
8.36052
7.60779
14.3762
14.5778
11.0873
12.0016
8.4377
12.2606
14.53
9.73576
13.7852
10.3244
11.8075
12.4092
9.02978
10.2853
10.5209
8.63384
14.0634
14.9378
6.01413
9.47682
12.4149
14.8058
14.4532
9.6531
13.7543
14.2046
12.6873
11.6607
12.8703
8.70801
11.4909
8.18117
10.5188
10.502
8.40927
7.02529
9.96447
8.35947
13.7663
14.4628
9.34629
9.86749
14.966
5.93257
4.56307
12.4708
4.8728
10.0246
14.0252
11.4058
6.03935
13.7007
13.0047
12.1584
13.9994
8.40333
11.7955
9.30615
8.73624
14.3811
14.647
14.926
11.1091
10.4648
11.0376
14.7223
10.5018
11.7912
12.5345
6.8266
14.2396
12.8339
5.85766
9.46109
9.56857
10.8203
14.1712
10.1231
6.1307
12.2506
8.47564
8.14068
11.3949
11.0631
9.43478
6.59681
10.6023
14.9972
14.7611
5.64524
10.1181
10.9361
11.9411
9.47206
14.5047
12.9545
12.4274
14.1724
10.9224
9.88948
8.1151
9.9551
13.9427
10.1758
9.91467
10.1692
12.6814
11.7704
7.2276
13.3981
8.35559
10.2151
9.52637
8.77954
8.28506
11.7799
14.867
12.9202
6.33944
8.89432
7.39038
8.76624
12.403
12.8793
14.9327
9.13868
14.248
8.76486
12.887
10.0226
7.65902
12.4458
9.8047
14.2593
9.08614
9.43441
10.192
10.2602
12.7577
14.1749
13.0186
9.51301
12.7968
14.0465
12.6229
5.73834
9.67859
12.0654
11.5144
11.3353
12.0136
8.6196
9.16071
6.98299
8.08395
11.6608
14.6572
5.665
7.54159
12.9807
5.16587
5.86236
9.57131
12.1779
13.3895
6.7226
13.1339
8.36944
11.4267
11.4811
12.0401
10.8626
10.6371
9.11255
5.41682
14.6015
12.551
6.21658
10.4242
10.5477
7.56985
10.9949
8.61262
10.8544
11.2039
10.2611
7.84264
12.9249
4.19691
7.44102
5.74702
12.9212
14.4356
12.4635
12.1904
14.716
5.05327
9.55953
7.54317
7.95679
12.79
8.0447
9.57901
12.8292
5.65146
8.69011
9.17336
7.79873
11.8176
8.47651
11.1085
12.6081
13.2317
10.1507
14.3289
5.99488
6.96802
9.1479
13.7
13.1424
5.22654
8.79734
10.4094
7.35028
8.4442
5.36055
13.7589
12.0007
13.2296
14.9629
9.97293
14.6031
8.132
11.2949
13.1363
13.8968
12.4509
13.5126
5.91286
10.5318
6.85781
13.1524
9.45432
14.0871
11.4748
9.10553
14.5634
12.4916
5.91389
10.6396
6.78363
12.0591
10.026
11.7478
9.32599
14.8344
6.06524
10.2472
9.15331
8.05016
14.5918
11.7838
10.6595
5.96028
7.56139
11.6973
13.5504
4.87597
5.25389
8.38082
11.0404
5.47038
12.5457
8.54661
8.18068
14.6267
14.6858
11.3072
6.06149
8.04075
5.69453
8.84903
12.6583
10.8474
8.25081
8.11644
13.1835
12.5043
12.6258
11.8279
8.15032
8.85985
10.6612
14.1513
12.6184
11.511
8.31127
8.0479
12.5793
11.2293
8.39195
13.6602
9.76125
10.8363
12.7638
14.7015
12.8942
9.76285
10.0761
11.6374
11.4067
13.0219
5.79497
12.9679
12.4301
13.7742
5.76063
12.6166
11.7272
10.7165
5.75995
13.9299
12.4395
4.50556
9.18223
7.76167
8.92862
9.6711
10.4915
6.3912
13.9242
14.8924
5.10751
11.7028
8.26929
9.27735
7.97212
9.60148
5.37212
6.31023
14.056
9.8684
5.34654
4.79123
6.75084
6.67184
9.219
5.2702
8.0811
6.11912
6.03486
10.3827
12.455
14.7803
10.2488
8.61222
9.066
13.506
7.74899
11.7884
13.4819
12.7614
8.6228
13.3599
8.76788
13.4262
14.2872
6.46228
5.93556
11.1851
10.817
14.3794
5.56454
6.84864
7.65057
12.0357
5.04286
13.4996
9.7334
13.5729
14.515
12.8994
6.06239
12.7895
14.7644
6.50837
13.7768
8.35798
14.5474
11.0006
13.0207
10.528
12.5439
11.701
10.7922
11.0593
9.80231
8.68979
11.4028
11.116
14.1261
6.82014
5.89072
6.36331
8.6324
12.0608
13.4878
14.1063
9.18722
11.8799
8.6471
12.8062
8.67335
8.90122
11.4206
8.24638
6.5415
10.6563
8.4636
11.2409
14.9916
8.667
13.9099
9.5805
9.79759
4.73428
11.8131
6.02056
11.3894
10.891
13.8357
13.9388
12.6995
8.18598
12.2941
13.4355
9.71734
12.2343
8.16774
11.6865
4.30643
13.8795
9.86579
9.18958
10.9204
14.3214
11.2053
7.01552
5.8012
9.7571
6.43845
11.6631
13.3482
9.02585
11.1097
8.37965
9.20982
11.9547
10.2478
12.8457
6.80989
11.2449
11.3456
5.74281
6.03446
6.96273
6.1659
7.88368
12.7597
8.66454
8.08085
14.9652
13.5747
13.9357
5.65856
8.2286
11.1968
11.925
10.9428
10.7251
9.7643
12.8244
6.20838
9.12359
7.08688
12.2043
9.82218
8.60452
10.323
6.39595
10.6701
9.31637
8.16756
9.89777
10.8345
9.63605
8.76295
10.4029
10.9709
10.0883
5.76793
13.1584
12.1868
13.3862
8.90758
12.2073
8.73026
8.82848
11.1358
10.9722
7.5661
9.25243
9.4425
9.40624
13.4841
8.37718
7.00368
10.258
7.21349
12.4287
12.9962
12.1332
12.604
10.9095
12.9859
8.17767
12.4071
13.9069
9.2752
8.94493
12.0585
7.8927
8.80325
10.3426
6.15081
8.69911
8.514
12.5408
12.4015
11.1929
12.1418
10.8468
9.13053
11.8115
11.339
9.18105
9.87669
7.90225
14.5796
10.6689
9.0861
8.89039
9.19308
4.21168
7.14457
11.191
12.1986
8.026
10.9414
12.5231
12.1682
12.4548
8.10028
13.552
14.952
9.26512
11.6514
9.47366
14.2116
12.0269
8.63906
10.5141
13.0584
8.44935
7.10863
8.80233
5.8028
8.60105
5.76417
8.42773
11.8416
14.6848
13.8586
9.37698
5.83772
4.7938
12.2456
14.6753
13.4145
11.1191
7.86252
11.8582
12.4309
11.8938
7.51002
14.4016
11.7712
9.22599
5.86666
7.05278
9.86398
8.99579
7.67445
10.8829
11.6676
7.70316
9.06677
13.5256
11.7116
11.9569
12.0991
11.8981
12.0668
8.07971
6.76668
14.9577
8.17267
5.53852
11.0244
12.8467
5.85698
9.91772
11.6899
6.49692
8.93407
10.8572
14.8962
10.8157
10.3764
10.5601
5.64486
9.24094
8.50683
9.9669
4.3332
10.8005
11.2194
14.4743
14.0067
8.97941
10.0878
10.4181
7.6198
12.3318
8.55404
13.4018
7.35267
7.86941
10.3301
8.36051
9.33504
9.4324
9.67572
12.8757
10.6652
10.1156
10.0155
8.43283
11.9315
9.76874
14.3612
13.4929
13.8913
9.60251
11.1123
11.574
11.456
14.5751
11.6516
13.3493
12.0445
10.9517
13.6107
8.35332
9.70423
9.7582
8.04923
9.44422
12.9342
11.5863
6.48962
5.55863
6.78214
9.51388
9.38454
7.78621
10.1762
5.25956
10.5116
10.0636
10.3827
12.3079
8.90139
9.05666
8.82107
13.9654
14.8748
9.24706
5.80913
11.4871
12.8183
10.9838
11.0712
9.7237
14.6542
7.53749
9.97857
8.08383
7.99865
8.68103
6.8101
11.4991
13.948
9.21573
8.79982
10.7336
5.78779
8.71583
12.9445
13.1531
8.97925
10.8991
6.50944
8.81697
10.2485
14.7874
14.2536
13.6352
10.2755
8.3785
9.38152
10.5803
6.14459
12.0287
11.1321
12.769
6.30019
11.4121
12.8015
13.9063
12.8059
9.97169
9.53246
10.3281
6.13411
10.4695
5.65596
11.2409
14.9942
12.5099
10.328
6.32685
13.1034
13.6776
8.7933
10.8812
10.7779
10.2756
12.4314
11.1459
13.6908
6.36919
8.75516
10.7614
14.5574
9.98672
7.70799
11.7838
11.2808
8.02047
12.1435
10.762
9.14429
14.4859
10.8104
9.29
7.32726
9.91011
12.4259
11.0091
10.6379
10.5443
8.70452
9.73043
9.60769
8.74299
10.182
10.5409
13.9341
6.18825
8.54539
10.6349
10.3452
9.45407
8.78363
10.0458
8.60662
10.16
10.329
9.08602
13.0085
12.0644
13.6325
7.91117
10.5166
9.83361
8.85314
7.96538
10.6562
9.58924
8.58115
9.07501
11.0013
10.2348
8.93712
14.11
12.4455
12.9085
8.81456
14.2809
13.2838
8.35898
13.1053
13.6205
14.8352
14.727
13.077
9.31174
12.783
10.9565
8.03942
14.0787
14.3164
10.3379
10.6879
7.86617
8.13064
5.95371
4.94382
10.8535
13.3599
12.9083
9.07919
9.93903
5.9004
8.74124
7.72535
4.62294
14.0957
9.55313
13.6768
7.73038
9.31322
8.03286
6.41481
6.24368
12.3772
10.4489
7.34614
7.76954
9.98361
6.25607
9.54942
8.16985
12.444
12.4854
6.70594
8.40068
7.89011
6.23548
9.95085
11.5154
12.2375
8.91003
14.4111
13.9307
13.5509
6.96251
5.9627
7.69743
11.3047
14.693
11.3114
9.7349
5.87101
13.0814
9.73447
11.564
8.79414
8.52492
10.7152
11.6265
10.9627
5.01576
14.3161
5.88648
13.8191
9.83915
13.2155
12.9496
7.97856
10.1676
10.269
9.04336
13.0371
7.88603
13.5376
8.40869
9.66347
10.63
14.9952
13.2021
7.06079
11.1516
13.8449
12.5338
14.4483
10.0063
12.1881
8.09423
13.2332
8.02392
13.0318
14.2806
12.0773
10.2913
5.30745
8.67895
12.1285
12.3748
11.4117
9.67132
12.2803
14.7166
10.9536
14.8077
5.73043
8.56589
13.8609
4.59858
12.5433
5.22658
9.99188
6.65391
8.24642
9.99314
12.0335
8.44425
8.7084
5.16052
6.46268
5.85266
9.24363
4.92423
12.5976
12.7416
5.45987
12.7798
11.105
10.7912
9.61567
6.92241
10.9668
11.8264
8.54929
10.4243
13.3925
7.71465
10.747
9.1736
13.5008
14.4542
10.1263
14.6292
8.80232
10.4933
10.7813
9.53788
12.6149
12.1544
11.1964
9.4823
8.59871
13.8749
13.5814
10.1866
11.3866
14.2305
9.12071
9.99638
13.5638
6.53652
10.2209
7.97283
9.04463
14.7873
10.7659
8.83747
8.45619
10.1086
9.94118
8.74464
13.7701
11.6887
12.4989
12.3166
14.0962
9.33809
10.3091
4.47462
9.61334
13.0426
4.81853
13.085
13.9033
7.20978
5.67085
10.51
10.7134
12.9965
11.1884
9.82162
8.31157
10.9489
8.82278
9.71855
11.7001
12.9886
5.41648
9.07706
7.00993
12.4283
8.95679
8.46392
7.42852
7.50735
11.9309
10.5415
8.52107
11.0701
9.90559
14.4235
9.21489
9.65721
13.2355
9.71865
9.14924
12.0079
11.7342
5.67697
7.90904
11.4049
8.61383
8.9639
11.7281
13.9698
9.93568
4.95906
9.29708
13.5665
14.7557
9.40855
10.065
13.0934
11.4983
6.88236
9.9642
8.9013
13.8619
10.9637
8.26735
8.69837
6.32598
10.775
8.53369
9.62292
9.27498
6.67573
10.2998
9.59208
10.8336
6.65326
9.86487
8.4304
10.2658
12.2436
6.75825
5.91845
7.90373
13.1602
9.03541
8.14116
7.15456
5.13772
12.4596
10.2991
10.018
14.9247
6.22444
5.92307
14.4313
6.47872
9.64932
9.50335
6.25844
9.2725
6.29833
7.54662
9.42547
9.14805
12.6807
5.67978
12.0383
9.70043
4.73732
11.5403
7.72544
11.4106
10.5058
11.3284
12.1126
7.25574
11.9115
5.49942
11.2049
8.90558
9.82779
11.1472
6.40442
12.5077
12.5771
7.90785
8.14304
7.48835
6.89761
10.5049
12.3997
9.42267
13.3131
5.49775
10.5471
8.34567
12.2474
5.17361
11.2586
8.40857
10.4709
4.17063
6.47942
10.7619
8.3896
13.1318
9.95863
14.6315
12.1039
8.75539
7.6721
7.13132
13.1893
13.0609
13.4792
13.9357
10.1819
14.2685
9.11917
10.5413
10.8489
8.91135
12.1732
8.89429
9.84644
11.2617
4.54338
12.6737
8.83311
10.8421
7.31199
10.5905
14.7984
14.0899
9.01663
10.7713
12.7925
6.022
8.64711
14.9645
11.4741
10.0784
14.5245
12.1183
11.3259
11.4832
5.88357
6.20121
10.2767
13.5057
8.22354
7.69585
9.80707
12.9573
5.66636
6.66393
13.9296
9.93362
7.82979
10.8035
14.9298
14.7603
9.44351
14.1488
6.96023
12.0515
12.3384
10.9519
13.4926
4.48808
7.9628
5.94487
12.3227
8.38668
10.1886
13.3567
8.89998
8.32471
12.5432
11.3157
9.3716
7.77602
6.76981
14.9513
12.3074
13.1088
10.4329
12.2928
9.13033
9.50544
12.1528
14.3777
11.8227
4.49019
8.8794
14.6954
12.5392
8.59305
8.69687
13.0421
11.2957
12.8734
14.0366
14.687
9.28307
5.95405
12.9247
10.5126
7.23648
10.3715
14.2537
10.9921
7.76419
14.4946
10.8118
5.67913
8.57535
12.4601
8.42231
7.36255
10.2119
5.79325
9.18129
10.3002
5.58166
12.8024
14.8271
12.0994
5.85216
13.3851
8.57523
8.44149
13.5152
11.8357
11.3965
10.292
13.5448
8.7109
11.1199
9.47418
11.5317
9.18308
13.4297
11.317
9.53337
14.2903
10.1774
11.9039
14.5681
11.2952
14.5034
6.12073
10.5863
10.9165
5.54175
8.07411
12.4187
11.438
14.0522
6.39028
8.08352
11.8212
5.08435
14.3763
9.65164
14.6683
14.835
7.09515
10.7074
8.43352
9.40198
11.5733
14.2114
12.9084
12.0743
14.8066
8.53702
11.5818
10.4531
13.669
14.3494
11.5663
8.14528
10.7933
13.8892
7.49641
13.7199
13.6271
8.55048
12.3173
12.9234
12.4423
8.57365
4.32239
14.2757
7.19603
8.06406
8.12903
10.889
7.84348
12.2589
6.85104
10.5948
14.4644
13.6781
6.57467
10.0281
10.9183
11.7343
12.9167
8.80954
11.9845
5.22434
11.8701
10.3009
12.5573
7.36191
13.564
6.26585
8.01567
6.5582
9.18641
10.1671
8.3002
9.97466
12.3968
10.9316
14.6821
8.61834
13.9044
9.1921
12.805
13.7118
14.0546
13.3011
11.8983
8.16143
11.892
11.9438
6.22749
14.4941
8.38316
14.9746
13.2341
12.238
12.4532
7.86338
14.2086
8.22584
10.9938
11.1725
8.82347
10.2566
14.9181
14.2763
10.7279
9.27522
13.5231
10.5588
8.65538
10.231
14.3504
10.655
9.72653
6.73161
13.918
11.0252
14.0929
5.965
13.2603
8.46616
8.80947
7.54199
6.6573
8.91636
12.2439
6.04528
10.8287
10.6328
13.3829
10.5328
14.7711
11.5191
8.80498
13.1554
11.8803
8.26711
12.8931
11.988
13.9763
8.56391
9.05841
11.0551
13.9554
5.56121
13.5483
10.3582
11.6398
8.68297
9.67319
6.44373
11.9791
13.8234
8.69645
12.1876
9.19596
9.18618
8.59436
9.95281
11.7955
8.88606
9.51927
9.22881
14.0759
12.2354
8.95701
6.43906
9.99758
8.93651
7.12066
8.79016
8.70002
5.0449
12.2886
9.27606
9.30328
7.40211
12.7734
9.00663
7.96172
10.8064
14.8412
11.9878
14.6138
13.1725
13.4032
10.7522
4.01842
12.5964
10.1278
9.1409
9.81509
8.68101
10.8027
8.50092
6.40962
13.5913
7.16008
8.77072
10.3471
14.1503
6.22893
13.1591
13.0146
6.47042
7.66604
5.91139
10.3481
9.02318
10.2134
5.67851
7.84103
14.067
9.07304
9.53713
11.4182
8.49707
14.2329
13.6261
11.1643
9.28993
13.2248
9.98304
11.0842
7.75175
12.5049
11.7605
8.40367
8.59789
7.8093
6.44337
12.0031
12.545
8.01999
8.71175
14.2835
12.87
13.0267
4.56233
8.00083
12.7445
12.4818
8.50687
10.3444
13.9227
14.9738
13.6888
12.4774
7.64361
8.19553
10.9354
10.7537
8.78107
13.7824
9.73717
8.02204
11.4351
8.91463
14.4559
6.94083
13.1575
6.05908
12.0069
11.0472
9.48711
12.1304
8.51346
8.7967
9.94302
10.4493
8.80168
9.12111
10.3633
5.78074
9.02745
10.5042
5.70964
5.66289
8.4276
10.1085
10.3208
8.68138
10.7857
8.9354
10.3331
14.7226
10.3055
8.64625
5.63437
12.5456
6.83757
9.81918
8.99818
10.7412
13.8597
14.3075
13.8226
10.198
10.0763
8.81935
12.0981
7.43881
12.3503
10.6553
13.2541
13.8415
6.16375
6.36579
12.2212
10.1466
6.8343
8.4709
13.6964
14.5715
11.7564
14.0928
6.05909
8.75715
8.5864
10.6148
10.1264
9.67735
11.0472
13.542
14.6967
10.6448
8.96986
8.97667
11.3071
12.7311
10.7622
8.2329
6.90058
12.0934
5.95083
7.15619
12.5423
9.45485
14.6427
14.5503
12.6637
11.9349
13.9726
14.0878
9.53391
7.22153
10.5567
8.925
10.4773
13.7562
7.60264
13.1477
6.11532
14.4411
9.26834
12.4581
9.20093
14.4849
10.5453
14.9835
9.32346
7.39778
9.97891
11.718
11.8676
11.6236
5.45132
5.8833
8.27997
11.257
14.5186
10.588
13.0186
9.97055
14.9576
9.95802
10.5637
14.0865
10.876
11.7599
10.8165
8.55119
8.36718
5.70183
13.7479
9.17683
14.2266
13.2241
13.708
5.7977
5.82453
8.50274
10.6634
6.23912
9.29437
9.69137
10.2395
8.62973
13.9582
12.9271
9.55887
14.3615
11.322
12.7577
7.86984
8.28081
9.82223
13.9698
5.60487
8.98888
13.2773
7.91768
7.86564
5.85253
6.852
10.2156
10.2899
6.56115
5.44737
8.36821
8.80351
8.77583
12.036
13.6806
14.7068
5.6606
11.7549
8.02039
12.8183
8.29857
13.9131
7.83423
6.09594
10.1887
12.9864
11.5934
11.9724
14.219
14.624
6.43195
13.9984
12.435
10.2978
9.87434
14.1236
9.22735
12.5721
9.95664
11.3003
6.30537
8.10446
6.42893
4.61104
9.3477
9.4299
14.6442
14.8271
14.7123
12.461
5.63475
9.88869
6.49516
6.02709
10.0535
6.78881
14.7122
11.772
14.2192
9.61695
7.52536
13.4033
11.9474
4.79353
6.09167
8.31004
9.41286
5.62227
13.7153
11.4189
13.6562
7.84144
14.0092
5.02225
7.53997
5.66652
8.32476
14.4192
9.44255
11.063
12.8139
5.94832
7.32206
13.1595
11.0847
11.1002
9.64497
12.251
13.3701
14.623
8.68098
11.8692
13.0131
11.2729
6.16345
12.3819
10.7567
10.0266
14.4749
8.67932
6.33657
9.11681
14.5059
12.4874
12.7689
8.16106
12.4094
7.2682
9.66295
7.94391
7.79237
14.6285
7.69039
13.4662
14.961
13.0026
12.6338
5.78282
9.5267
12.3512
13.1413
6.93007
11.9274
14.7129
10.905
14.3337
10.5827
9.14905
3.74552
9.94216
9.74363
11.4675
12.1339
6.01202
4.70959
9.2101
8.81531
11.9909
9.91224
8.46582
10.8432
14.3199
14.8872
14.2475
10.301
13.8221
11.4242
8.71319
14.054
12.8359
11.5378
8.22056
7.80137
14.564
10.4166
5.35678
7.12793
9.1646
12.2012
9.75586
11.1153
8.88526
11.1419
9.44239
9.57304
7.9632
14.1519
5.39161
7.5263
10.9365
10.2814
12.4019
9.09268
7.36727
4.59781
4.70311
7.11372
7.03007
12.7167
9.01636
6.67674
8.44699
13.9164
11.9633
12.0701
7.32567
10.8731
10.2407
12.0851
13.9924
8.56697
10.8756
10.0464
10.1502
9.60257
8.83238
14.1446
9.10456
13.3686
10.1093
10.8417
9.3434
5.90227
14.8963
8.4423
5.84261
12.7418
10.3611
8.73541
11.7622
14.2762
8.44658
5.4208
10.7861
7.92316
8.44612
14.2932
8.4668
8.91818
14.1706
14.7188
11.7339
7.50899
10.4206
10.1929
5.83633
8.13593
14.8186
8.92858
13.2818
11.2013
6.88525
10.0679
10.2662
5.46843
7.08527
10.8708
13.4851
8.59987
11.5228
13.2206
10.6765
13.6163
10.4476
9.31831
13.4672
14.3926
12.9088
11.9
10.2581
6.43827
12.5679
14.1093
9.3181
8.7988
5.35816
13.6132
14.7686
9.21129
9.51958
6.47131
8.27575
10.5303
13.893
9.69459
14.5923
13.043
9.3647
9.55473
5.70728
6.34731
11.676
14.1034
13.506
12.4393
12.1144
13.226
10.1436
11.7736
9.72556
10.1656
8.76477
11.0472
9.53766
10.2696
12.3682
13.3336
9.80478
13.817
14.3957
14.4301
12.3377
10.9588
9.77995
9.8561
14.6115
13.5054
9.30598
5.70523
10.2557
14.0855
9.67501
11.0952
4.72059
5.58077
6.72
13.7443
8.88284
9.9889
9.76504
13.4548
14.6334
10.2365
11.8881
11.3151
7.42954
12.5679
6.17776
7.00914
11.4468
12.1
10.6692
8.13521
10.5013
6.20043
10.7176
5.55313
9.60726
10.4604
5.87906
10.3484
7.01415
13.411
11.3587
13.747
13.3502
13.935
14.244
5.89248
10.6292
8.31435
10.3143
12.4979
8.78146
11.2472
6.09134
10.6626
7.01975
12.0897
9.85406
10.3992
12.2169
8.49307
12.9921
10.7637
12.5776
6.40038
8.45215
5.6608
8.75239
9.63824
9.0053
8.14196
11.7248
12.0999
11.9172
11.8275
11.9062
11.2063
9.6762
13.0575
10.8859
8.71085
7.47182
6.54078
6.07284
14.3318
10.8608
13.462
13.7914
9.25322
11.2396
11.8473
8.03855
12.2109
14.7239
8.28421
7.24247
7.6564
9.48005
10.8929
14.622
11.3596
6.02408
5.2672
7.0732
12.2259
11.1461
8.57511
13.9781
13.828
11.7772
14.9729
10.2183
11.5755
6.46639
8.38676
8.6888
11.0375
9.03617
10.857
14.1716
7.47369
10.3425
9.077
11.6027
13.1571
10.2433
10.5829
8.39013
9.73141
10.6347
5.44818
10.4251
4.94666
7.28685
10.8725
11.0373
9.83568
10.9968
13.7845
10.3088
14.3313
14.526
14.7559
11.1027
8.95436
10.2915
11.6277
10.913
14.939
10.269
6.71152
10.2266
14.6658
14.8938
13.8754
12.3513
11.6331
9.9997
4.65688
9.20565
8.46825
14.5636
11.0458
11.9928
9.27019
8.41766
6.0417
10.7923
13.1247
8.13275
14.6198
13.3139
7.38173
14.3963
8.85621
13.143
9.67364
9.97214
13.5319
10.3179
11.336
13.5853
14.239
10.1553
13.2496
12.4893
10.263
13.5779
9.06065
10.6835
13.3834
12.4692
11.1598
8.1705
8.82349
11.4231
10.8624
13.2819
9.78438
14.8725
9.48869
13.7049
10.7369
8.10103
9.77761
11.9637
11.2199
6.36898
8.55705
10.9076
10.1731
8.42108
11.7437
7.26895
13.3412
12.3034
9.12524
12.7908
9.74283
13.9247
14.2323
8.91026
8.88019
12.4735
13.0462
13.2969
13.1265
5.81594
13.1282
10.6133
14.3425
8.69788
8.37032
6.89922
6.59942
11.5543
11.4664
8.21395
11.9603
11.9461
5.30643
12.6284
9.8275
12.5331
8.51447
14.0108
5.11641
14.993
7.97272
14.8964
11.5473
10.6568
14.6286
9.35151
14.4257
14.8632
11.1406
10.4521
9.91688
4.91051
12.1862
13.4227
10.745
6.01033
8.15162
9.46782
7.68264
7.79965
14.4011
11.7266
11.2666
7.95159
14.7018
13.908
11.7094
11.5042
12.8394
12.6448
10.2582
14.5135
10.8453
7.2056
8.95327
11.5462
14.9206
9.95616
10.1947
11.0745
13.4973
7.76253
8.76574
10.5679
12.3399
8.8898
9.97043
13.8586
6.24179
11.3985
9.29525
9.66752
6.17028
7.52315
7.57892
9.51779
9.72808
8.76993
14.8865
7.1148
11.7552
5.99975
8.90003
13.337
14.0131
8.6986
10.7732
6.51806
9.77238
6.60756
6.71993
10.0494
6.95851
13.9928
4.66695
10.4055
9.40909
9.85578
12.2189
9.29241
13.9336
14.4302
13.3446
9.41254
13.6669
7.50404
13.4604
13.3612
13.2171
14.662
9.21692
10.9868
9.06838
11.1247
8.98646
10.4088
10.6388
10.5677
6.69047
13.4179
8.24304
8.48231
5.60331
8.09365
11.9762
13.2088
10.8459
7.44849
10.3093
5.66825
7.46737
8.45049
7.63305
10.201
7.85996
10.4558
7.29497
13.7388
10.2809
11.751
13.1546
12.0012
5.8304
12.141
6.04704
10.1733
14.0973
12.1212
13.8733
9.39632
14.4931
10.8792
13.8924
8.231
8.03135
9.5122
14.6529
13.4958
10.37
13.3838
9.4632
14.017
12.6256
6.09773
7.51354
6.30205
6.93668
12.8621
9.27755
6.02135
3.93287
12.3049
9.63528
8.53613
11.9653
6.37215
5.9435
6.21228
8.67243
9.28168
6.52895
12.0438
13.787
9.79712
9.10491
6.4003
9.21383
11.1762
9.97015
13.644
9.48804
12.5103
12.9217
14.1757
13.9029
7.71109
11.9908
11.9207
9.24591
9.49511
6.20763
6.3966
10.6443
7.47329
8.99208
10.4648
9.34915
5.05971
10.534
10.4065
10.9751
13.4543
10.5823
11.5285
13.2251
14.8006
13.2153
8.47985
9.9749
7.10675
10.6614
11.1667
11.1042
14.4768
13.6489
14.3046
7.53682
8.70253
12.7185
9.08356
10.0636
5.64843
9.02146
9.71657
9.9674
8.08797
9.17645
11.079
13.1966
6.68519
8.9545
5.9167
13.5434
10.9432
14.4357
6.19248
14.3831
8.37415
10.2995
8.50754
7.14775
8.02376
8.75102
10.2816
14.117
13.17
11.7817
14.5102
12.1513
8.00789
10.1945
13.3928
12.9677
14.8008
12.7396
12.9902
12.9894
9.09779
13.6568
12.6735
8.38944
9.0283
6.60371
8.92278
9.88445
8.10861
5.58466
6.11098
8.96784
8.55661
10.7296
10.3838
11.8698
8.21729
6.60006
14.9235
9.45433
14.8169
7.62063
12.0821
6.73217
13.6545
10.8919
6.25655
10.8037
11.4408
8.50102
8.69663
5.41084
13.2711
12.693
10.5631
6.07151
13.6191
6.94043
14.6747
10.6717
9.47699
11.4769
11.1524
11.6871
7.9805
8.38435
8.33331
13.6104
9.1193
14.0366
10.8235
12.7701
13.7861
12.3861
12.8114
8.65328
13.9423
14.5141
11.2233
6.21293
7.90539
8.79159
7.93538
6.75511
8.94108
9.33735
8.63061
4.79104
8.90601
6.89341
10.8678
8.7865
11.8156
14.4261
11.6888
9.03393
10.5031
9.9689
14.1398
11.2762
11.7468
8.42815
12.2926
12.1076
10.8158
10.686
6.20404
11.602
14.2006
7.95247
10.0973
14.9182
14.1927
13.1839
14.3077
5.6804
5.16248
6.49155
9.55925
8.18378
9.9265
10.5459
9.85294
12.4725
11.2871
12.8311
8.51101
5.25265
10.1863
11.9724
5.99718
8.97977
6.3869
9.66393
7.40699
13.334
8.81688
14.7379
11.8679
8.71306
9.33731
13.9126
8.63571
9.2963
5.68166
9.38884
11.7991
11.7619
7.07573
9.79461
11.7523
11.2271
9.75685
13.3848
11.3521
8.77925
14.678
11.7795
14.7896
12.3379
14.2663
6.6312
13.866
8.15404
14.3456
11.9259
14.0943
10.7487
14.1739
14.0853
9.59443
5.34441
13.7339
11.6241
5.27475
12.6576
8.12375
8.07657
8.23752
9.12035
13.522
13.599
13.762
9.64611
9.93449
13.6694
9.6678
14.5148
13.0939
14.9811
8.42806
8.39273
10.0405
13.721
12.8258
10.5925
10.8695
9.38428
13.4354
13.4949
9.29212
6.00335
11.4714
10.2977
14.0926
6.96755
12.7869
10.494
10.8424
7.86036
10.4266
9.28338
6.1407
14.3101
8.65353
8.46137
11.6986
11.8107
12.3511
12.8983
8.1222
8.01811
4.33285
14.7119
7.79489
11.3352
4.47096
7.17071
7.43683
13.0687
7.30409
8.9022
9.92328
8.08873
11.577
8.10714
9.00765
9.86322
8.63521
12.4611
7.98187
10.6587
13.0565
7.01242
8.10204
5.44251
12.1489
10.8133
6.03221
10.9416
14.2159
14.9233
12.9597
6.62873
10.1012
12.0439
6.88305
8.35614
11.1654
5.90482
9.5815
14.1678
6.05057
8.30011
12.6872
14.4489
8.20927
9.3675
12.4828
7.70667
5.41352
10.1546
12.3406
9.03361
12.7208
8.85859
10.7297
10.0488
8.68969
10.5556
9.41111
12.0042
12.2041
7.57257
9.75919
10.1821
9.62
8.42016
10.3009
10.3684
9.22652
9.38352
11.8058
11.5041
12.7607
10.1687
11.7556
9.02796
12.7312
12.1883
14.3123
11.8887
13.8501
12.9781
12.8949
14.33
13.3535
11.2311
6.57443
14.4233
9.76413
10.0754
5.59216
7.15662
13.2485
11.044
6.19276
9.96388
10.0854
5.73883
7.04454
10.5679
10.1095
10.4826
11.9769
10.3916
13.4498
13.8587
10.6803
8.20178
13.9908
8.55389
10.0426
6.33826
7.92891
8.87684
13.6895
10.4431
8.41841
11.5653
10.4411
11.8585
5.85255
8.4223
14.7294
9.27507
14.1733
8.36337
10.7288
9.45116
11.5821
8.19717
6.03576
13.1796
14.1212
9.20645
13.5983
8.16341
11.0057
14.8555
11.2013
8.08784
9.92027
7.63876
7.51804
5.7503
6.48309
12.9056
10.8352
8.46837
13.0088
11.5584
10.5134
12.0299
7.82131
9.92492
13.5644
7.8568
8.7393
12.2019
9.97434
5.48071
9.4008
5.9777
12.1739
14.6806
7.79106
10.4319
8.91027
12.6412
12.2188
14.4974
11.8544
10.3428
9.46824
8.08908
11.2431
14.3658
11.4263
10.0223
10.7655
6.98788
11.6232
9.13073
12.0299
9.18439
8.37871
11.728
14.0726
8.54563
13.6922
5.53419
8.43173
8.67808
9.63418
6.4809
10.1811
8.56951
7.55986
6.57223
8.27161
12.2848
13.6683
9.07569
12.5291
9.94242
12.0283
11.207
9.52911
6.33334
6.85105
5.16917
9.40166
9.45757
3.96907
11.0282
11.1734
7.28783
11.9331
8.90285
12.0645
9.20939
8.58048
12.1389
12.6899
7.09546
5.31577
9.14856
12.3791
10.4285
10.2905
8.16965
13.7959
12.1681
13.5407
13.0324
11.3011
8.92675
9.60987
13.3027
9.62318
11.0278
8.66332
13.3217
12.5873
13.4945
14.7549
11.0417
12.6327
14.5155
11.2567
14.3078
13.1279
13.22
8.16914
8.59302
11.585
11.5509
10.6686
10.239
6.09408
7.44171
11.7494
8.30465
12.3728
10.5543
9.79397
12.3147
9.48341
9.88062
6.88659
13.5117
8.77922
11.9081
5.81582
11.575
10.8549
9.47295
13.0459
7.38523
5.56247
7.7565
9.91449
13.9328
10.8535
7.58033
7.83437
10.3547
10.7996
11.0072
7.99939
10.3036
5.80654
13.2379
10.0575
13.7842
11.4618
13.4994
11.8862
12.5519
14.6643
9.27705
6.97236
11.0633
8.88692
9.98936
14.7785
5.88744
12.5238
13.5768
7.58841
9.24028
9.91479
8.61032
8.64752
10.5063
9.39891
11.4605
4.48406
5.96657
14.1936
5.46931
12.1356
7.62547
9.67036
13.9443
9.4451
13.7071
11.3252
10.177
8.52331
13.8798
12.208
9.24172
12.5055
10.7359
8.39528
10.2547
9.18719
11.6637
8.40371
5.18385
8.14385
10.279
13.8704
9.82021
10.8144
8.54804
10.9397
7.50849
13.0447
12.447
9.89376
14.2183
13.2974
13.3909
12.9554
13.5582
14.4158
8.87995
8.6976
8.35483
6.58576
9.8453
13.0344
8.83451
12.4622
9.38899
13.0858
12.009
6.13853
10.7491
10.7309
12.8392
10.3689
13.2357
6.52143
14.4599
10.19
8.5815
10.0942
14.606
10.6045
8.54501
9.24418
10.7145
10.2899
14.9884
6.78196
6.7817
11.1863
7.06543
12.71
12.9039
12.8008
6.7206
10.2794
9.92382
5.58583
9.99766
5.44121
6.03481
11.7004
13.5103
13.3805
13.7748
14.1859
14.8456
10.4415
9.52598
5.89501
8.69436
6.69831
9.50944
10.3932
12.6295
6.85032
12.3289
6.42579
12.4382
10.9647
14.3492
12.0206
10.4887
9.62733
11.2793
8.65741
10.7744
12.4494
6.76813
7.03965
9.60465
10.6054
9.49696
9.42848
10.2393
9.2379
7.02878
11.756
6.73824
12.6424
7.73796
8.0226
10.2961
9.06172
8.77263
8.54652
7.57039
8.01334
14.6763
11.6704
12.136
8.15124
5.32238
14.4665
11.602
9.72887
11.4664
12.4813
12.377
12.0678
8.23579
7.93184
5.49708
7.74438
7.23873
6.03636
8.57312
6.07938
10.5956
13.6446
8.97541
9.85658
12.6037
11.4428
11.1568
11.0815
9.7068
10.4069
12.1974
5.83265
8.71309
11.8309
6.10787
6.2727
8.29162
13.924
10.8797
10.1308
9.4235
10.5653
13.4193
11.81
10.111
11.3881
8.96428
14.7966
7.47658
7.97326
11.9886
10.1119
8.86218
10.821
7.57882
12.183
9.21457
9.72352
9.9471
6.26413
12.7315
8.84261
12.753
13.4924
10.5334
14.3425
14.7996
6.09038
8.71969
12.0375
14.4634
14.6082
11.8471
11.852
11.9987
11.1981
13.2842
10.9974
9.93281
10.496
13.4579
14.6685
9.90094
9.59137
11.2439
11.1217
14.7608
10.987
12.9304
12.5598
6.02881
9.51502
12.1622
8.81843
10.9523
6.84914
7.40647
14.1583
12.1727
8.80008
6.56678
13.7799
13.1939
14.9338
11.1861
11.2811
13.3832
10.7784
11.3657
10.1443
13.9689
11.902
11.8622
11.0569
10.8649
10.8865
13.7928
13.4418
14.3345
12.5052
6.23813
10.3799
14.3909
12.9803
14.7744
14.1165
10.1208
6.82439
6.65142
8.83485
13.1875
11.1471
13.5818
11.7736
12.4099
12.3207
4.75076
14.2776
5.06359
5.87106
5.96838
5.53801
9.65182
13.6334
9.88517
12.9115
13.1752
14.2585
14.0451
5.53442
9.96583
9.83601
10.3133
12.1143
13.6707
11.7452
10.3683
13.9585
6.94171
10.7323
10.9808
14.7367
6.01896
5.15143
10.3451
13.8019
9.19363
8.02144
5.91744
8.36856
8.63296
13.1809
8.91768
10.3904
11.2833
14.6688
11.9947
14.3298
13.9757
8.86498
13.4046
10.71
9.59984
11.8331
14.8116
12.7332
10.6162
10.9823
6.68314
7.89908
9.85492
11.9035
11.0775
12.3723
5.09908
13.3983
6.6281
7.5992
10.2796
14.0284
10.243
12.4162
8.50795
6.89093
5.38518
11.0863
9.97824
6.03779
14.7386
14.5302
13.2555
10.5304
13.8417
12.4178
9.06491
14.1182
6.98768
9.16296
11.2821
4.98304
13.5744
13.9125
12.7437
10.8661
6.94189
9.92197
9.6514
8.98236
13.3565
4.90989
11.3185
13.5403
9.53126
6.88776
11.7314
7.42887
6.66502
11.7
9.70108
14.3819
14.9266
8.16153
10.212
6.26774
7.5612
6.519
8.83118
10.6903
10.4266
14.7842
14.4819
10.6063
7.67977
6.36555
5.5506
11.2387
11.3265
7.95155
12.5862
12.8325
11.501
11.8652
6.60442
10.0017
7.98168
6.46499
12.6666
11.0766
10.1973
5.6272
8.24486
10.8995
7.04984
7.26303
10.0773
14.2527
11.4046
11.3384
14.6677
13.1423
14.2701
6.25837
7.8421
9.80699
10.1811
8.87592
7.37795
14.4934
7.89493
10.0171
10.5418
9.41582
8.14235
9.93598
10.2067
9.47751
12.3467
8.51013
10.1254
10.3527
8.83793
8.26853
10.2266
10.3818
8.96486
9.67202
10.357
9.57313
8.41074
13.5956
10.6725
9.55695
5.22143
11.6357
10.8485
13.5903
12.5343
14.1375
7.29647
8.02445
8.77724
12.018
8.71393
12.4022
10.4106
8.45928
7.36085
14.5385
10.6623
8.73906
5.11888
9.84793
14.1663
14.5351
13.1627
9.11806
12.1473
13.0163
11.2607
6.24044
12.2419
8.94105
10.6005
10.0452
8.42347
13.6478
6.56141
10.6877
6.01813
7.33727
7.9774
8.29943
10.9331
5.49128
12.8737
13.0168
13.9251
11.5815
7.91643
9.78663
9.63404
12.0363
12.8311
5.4529
9.23503
6.61738
9.19951
9.37101
5.64516
10.2552
10.3996
14.1415
5.39233
12.3874
7.17747
11.4708
11.9748
13.7551
6.35738
13.6315
5.46025
14.6454
14.1038
13.2532
12.8151
10.0271
12.4545
5.57541
14.5377
5.70856
8.61282
8.33968
8.13207
5.03588
9.8385
10.5432
6.10346
6.46055
7.69587
5.61346
14.8456
10.6392
13.041
14.045
11.4008
11.2391
13.5763
9.6254
10.1154
9.64486
11.0956
8.08559
9.89437
8.23848
9.13108
12.8216
6.74471
9.95864
10.7079
6.88204
4.74384
9.60502
14.0782
12.5988
7.74918
8.28293
10.6423
10.9115
13.4703
13.3928
7.25517
7.54425
13.7609
10.1888
14.425
11.556
11.9857
11.761
13.7346
12.7119
8.10163
5.09312
10.8172
9.1464
13.7832
11.7633
13.3227
7.58282
8.20133
13.2294
10.406
13.4456
13.9179
9.21704
11.9969
13.2992
12.4722
10.9202
14.0171
9.63271
10.5698
10.0485
11.6839
6.22596
10.6892
11.422
9.17903
10.2685
11.7999
6.60494
5.30792
12.2976
12.5231
9.40184
13.8711
7.35812
7.79442
5.89852
10.4808
8.34397
10.8742
6.51059
11.8684
8.69046
12.5134
8.84484
6.39133
14.8728
9.44964
8.58104
14.4304
10.7137
13.6281
9.16682
5.8781
8.04212
10.6704
5.55834
8.51066
8.58477
9.82031
6.49051
8.23693
9.8882
10.1252
8.87797
9.41744
12.4768
6.69958
7.90567
13.1029
6.15504
5.73201
5.99347
10.1337
6.06907
6.69126
9.48234
13.7866
8.63942
10.2113
14.1211
11.0672
11.0785
14.1959
14.7499
13.9124
10.558
6.66831
7.73339
12.3908
10.7433
10.812
8.7745
10.4397
14.5286
10.4605
9.09973
7.51588
9.69122
9.51113
9.32222
10.0001
7.93342
9.60707
14.1764
10.1463
9.06047
8.48581
10.0824
10.3886
8.92238
11.4119
13.1411
12.9233
9.25827
11.2967
12.5191
11.0624
7.19522
7.8028
9.06222
5.76807
5.71054
10.3899
11.5498
8.85683
14.0027
9.60064
12.9957
11.2186
5.34666
10.1311
8.03187
14.1199
8.23248
11.7006
13.9951
8.97879
10.1099
8.58124
13.1224
14.158
12.4773
11.8332
5.92642
9.33496
9.33212
14.0959
8.3337
8.55879
10.4201
8.15718
11.7744
5.72409
9.48945
10.3852
11.3212
8.52426
10.5739
14.7436
10.3536
5.95477
10.0385
6.52661
13.4455
6.24288
14.5067
7.38541
14.157
12.7809
14.32
12.2037
8.89355
11.2517
11.5612
9.56579
9.91725
10.8174
6.1632
13.7328
13.2025
10.5899
9.17832
9.83849
12.4619
11.1798
12.72
7.38864
10.4625
10.7813
6.47562
4.47481
11.711
14.7012
12.5587
11.2975
7.30723
6.0782
7.52599
7.69887
8.75871
7.80138
10.4878
12.8032
11.7347
8.94691
7.3706
9.8512
10.71
13.3207
8.09359
6.6652
5.74997
8.63524
12.9127
14.3935
10.5725
8.71222
14.3791
14.6569
13.9166
10.028
13.7077
10.0601
14.1221
13.0754
6.40576
13.5821
10.7479
12.3711
14.0887
12.1287
9.01763
11.0413
10.1364
8.90075
13.5532
6.89751
14.4064
13.1282
6.66255
13.0259
13.5305
11.1188
14.9009
13.5581
13.8353
14.6642
11.7509
8.80702
5.87914
13.581
8.92556
5.68464
9.18223
6.75042
13.3793
5.84748
10.9881
8.09815
11.164
9.29225
14.2266
13.0005
11.5
8.89184
13.4799
9.80813
14.2353
5.44198
6.95446
6.23048
11.969
12.3131
8.85449
9.09943
14.258
12.3611
11.1794
9.98612
8.92974
5.47087
5.46529
11.5659
11.908
7.39999
5.45784
6.84277
11.9771
12.7046
8.48647
11.2187
9.89333
14.6111
12.6855
5.25796
12.5089
13.6666
11.9534
7.67537
8.41708
10.1255
13.4597
11.8287
7.996
12.0077
5.93417
7.83034
7.95808
12.4897
11.1765
13.6741
14.6113
11.5085
13.3485
9.38315
9.00597
12.823
12.4478
11.8856
13.0217
5.97745
10.3281
10.8243
13.4277
11.0093
9.19766
7.8828
9.35792
7.04701
8.1796
9.97899
5.49553
9.91275
14.2813
13.0506
9.92027
6.96997
11.6695
5.35589
9.50957
10.7775
13.866
4.86641
8.4515
7.54093
9.41519
9.46768
12.6456
10.1136
13.9967
13.2267
6.53397
6.48942
12.1563
8.28019
9.97574
7.1295
6.00222
14.7029
6.71672
12.0956
7.72517
11.5608
10.306
10.3459
12.8458
8.65236
11.9194
7.37407
8.73389
11.7599
10.8085
14.3957
5.96716
7.95981
9.30821
7.09891
9.801
11.1375
12.8185
14.8728
9.22423
9.67764
5.37674
10.5876
14.2802
14.5461
9.34711
9.87953
12.9874
10.9749
12.3346
14.249
9.89961
12.7799
10.5829
12.5972
13.6168
9.73418
10.2112
13.9359
9.73177
14.6095
13.1557
11.4195
14.5408
9.00249
13.2558
14.6127
6.42697
12.7167
10.0502
4.89608
10.9487
13.4802
13.392
13.8047
12.9237
10.8584
12.1329
8.9654
13.3161
8.53885
7.70481
14.0561
7.96782
10.0862
13.5766
12.7743
9.67882
6.46611
5.60656
6.83338
9.3903
4.33655
6.43776
8.49794
11.0855
9.86746
8.52982
14.6729
6.45027
8.12725
12.6464
9.03222
9.80011
5.91677
8.60423
10.5526
8.16124
9.59635
10.4553
8.92564
9.56493
11.9183
9.50126
10.5689
10.2953
10.2027
9.73343
11.7391
9.81991
10.9939
14.8229
9.70796
10.9847
12.22
13.1701
9.78749
14.3624
10.952
9.6332
9.29049
13.3742
5.88232
10.1092
14.3906
9.03187
8.70819
12.9007
13.6783
12.3618
13.639
9.39687
14.7098
13.8542
10.1213
6.12383
9.10323
6.82811
13.5547
5.64126
9.7028
6.88112
14.8353
6.40813
10.5982
14.2185
9.50212
14.4529
12.6256
9.5545
14.959
9.07702
11.0965
9.83535
11.6327
6.12896
9.5467
9.84946
11.7365
10.4374
10.2222
9.51375
5.58441
8.26849
14.0674
5.96163
13.2278
10.4105
6.27427
9.17965
10.0229
9.72649
7.60757
6.27217
12.1502
13.8968
9.62425
9.12483
13.9648
7.18679
8.3156
13.0538
9.73348
8.62303
12.1092
9.13849
7.40735
12.6626
10.5912
10.72
14.684
12.04
9.35639
11.2338
13.4423
5.56084
13.3675
14.5984
11.3384
14.8545
12.9232
13.3863
10.914
11.6288
6.25978
9.5846
6.59426
8.39447
5.59939
13.3343
7.37461
8.29885
13.4365
14.8855
13.0137
7.41247
12.9338
12.2561
6.02385
10.426
10.8253
9.0874
10.1742
13.0461
8.39322
11.1767
10.8643
8.83651
14.0343
12.4967
8.49919
11.0082
13.4217
8.87823
9.8665
13.0491
13.9775
11.6742
6.03051
8.9687
6.75742
14.9549
8.87741
13.6551
8.25377
8.66608
10.156
7.6026
13.6371
7.91215
11.6033
9.10158
12.9029
9.55067
7.49188
7.87689
5.5831
8.49643
7.81492
12.6934
14.55
12.1088
10.4184
11.7151
5.75693
12.0333
14.7576
8.02469
5.94043
14.7425
7.82338
8.27247
5.7917
7.87393
7.6627
5.37996
8.05195
10.8117
5.78978
8.70325
8.06164
12.7313
6.35485
11.3564
8.59437
12.4281
14.3938
6.36214
10.2048
14.8095
5.80702
7.51151
12.5912
5.09536
5.98714
9.70464
12.352
13.625
6.70928
13.3446
8.47276
11.4779
11.4559
11.8999
10.7956
11.9062
13.0424
13.4805
13.1469
14.0604
11.2396
7.74074
8.98142
5.39487
12.2886
6.1223
9.06065
11.9267
8.37211
14.0871
12.9814
6.09152
13.3075
12.1203
7.72263
13.5455
8.16101
10.3847
10.2775
9.17306
13.3433
10.0062
4.7917
5.72774
12.3797
10.5281
8.89474
8.57292
10.482
12.3225
9.18517
6.25968
9.0921
8.89168
6.28788
10.1778
8.21312
11.9283
9.47907
9.9972
10.4587
11.9275
11.0279
6.33977
8.81906
10.2902
14.4357
12.5127
12.3765
10.2179
9.22043
12.8235
9.34978
13.3102
14.8263
11.0012
4.2401
14.2637
10.8706
12.7479
13.7165
6.16791
9.75665
13.7524
10.0003
12.0936
13.475
14.7379
9.44107
10.6619
5.50614
14.8459
11.6102
11.8456
14.6692
10.3052
14.0971
12.2241
7.93453
8.29108
10.4202
13.4796
6.36029
11.1777
6.30233
8.82284
10.9474
10.0693
13.9061
8.7728
9.9754
14.5766
12.8472
7.40437
8.02573
14.1645
14.6562
14.5223
5.79045
7.80197
12.9703
8.51076
5.4346
5.98522
8.41257
11.9044
9.80987
12.7938
5.06333
12.9717
6.57755
10.1222
11.836
6.4941
14.814
5.45491
6.49539
8.98552
12.0861
13.0406
8.11947
11.3586
10.4831
7.71713
6.72577
9.89367
6.36493
7.79856
11.5124
11.406
14.2738
12.6092
13.3817
13.6967
5.41898
10.7473
13.4005
10.5371
10.8103
6.33985
10.7038
6.10074
8.34149
11.3039
12.6662
10.4144
8.15661
7.25324
5.91307
12.8073
11.0042
6.72084
6.59382
8.88516
8.29286
13.8932
13.9549
13.7491
12.5075
8.32199
13.343
8.63312
12.962
6.23067
12.1661
10.3417
9.67015
11.0387
9.45903
14.2781
5.39774
13.7005
13.9492
12.6859
11.7834
12.3938
12.7438
13.8563
13.6608
12.3255
13.9309
13.2784
7.39347
11.8502
13.6151
11.0003
8.20503
13.38
11.6699
13.5342
11.9772
13.166
9.25593
6.7869
9.76545
10.137
12.9634
9.43911
7.84638
10.2791
6.07582
9.99493
5.54608
4.81292
14.5863
8.96152
5.35532
10.2638
9.93175
6.85445
9.83672
13.0158
12.7541
6.2104
5.97169
8.77253
9.99547
12.2312
7.08818
6.76255
9.19683
8.78314
13.2827
10.2116
13.106
14.6114
7.31412
14.7777
13.1622
9.66393
13.4191
9.58785
10.1308
11.374
9.83572
10.617
8.40772
10.3229
14.3486
8.25809
7.19798
9.67124
7.57365
13.8865
11.3287
9.90005
6.03362
10.7622
9.16484
5.98356
5.8338
10.693
11.4849
12.905
13.8541
13.339
8.9266
9.54262
6.29787
14.628
8.94437
10.1832
7.57368
9.91336
10.0005
7.96883
10.3447
7.18405
9.96197
7.92607
8.25758
10.7427
9.6086
5.88343
14.1945
8.90878
8.74411
14.3451
5.59375
12.5551
7.14707
9.42442
9.1099
12.2621
10.5302
6.04896
8.38829
8.98861
14.0362
12.6946
9.54843
7.34664
6.68942
10.2572
11.5243
11.6456
6.39766
7.9106
13.4227
9.37237
11.2791
9.48727
11.2762
10.2651
13.3558
9.83185
13.7092
12.9653
10.212
8.73279
14.6889
13.4989
11.2778
13.275
11.7253
10.0694
8.83279
8.89215
10.0551
8.36612
6.79141
5.89208
12.7251
14.7299
10.4657
7.27789
10.2304
9.76634
5.94634
10.5796
8.42037
12.249
9.01135
10.5096
10.5056
11.7738
10.4796
9.33144
10.0891
12.4133
13.7796
14.6839
11.6413
10.0191
13.862
11.8339
6.249
11.1202
7.17695
14.562
5.67819
13.1615
13.2677
13.6198
10.1643
10.5307
8.41769
13.0456
11.0018
5.3606
14.1051
10.5828
10.796
13.5515
7.2218
14.04
12.8483
6.74366
12.1058
10.4194
12.9629
14.7552
12.6929
10.991
7.91599
8.37055
10.8108
14.9713
10.5724
11.1266
8.11986
11.5337
13.3023
11.6818
11.7397
12.7547
13.1493
8.99134
13.7009
11.8725
11.5067
12.9308
12.7081
13.2493
8.17497
8.7534
6.35077
10.9008
13.4463
8.21839
9.95557
7.45649
9.58211
6.18298
7.31401
11.0767
9.38215
6.64236
6.98255
9.49435
12.783
7.80234
8.13754
11.7778
13.0122
12.8744
14.4538
9.96004
13.6074
12.8918
7.99645
11.8507
9.23317
13.9328
14.3054
9.75676
13.6884
8.32069
8.89785
10.434
11.2799
10.1079
14.4416
13.7108
10.3756
6.06309
8.33746
10.9571
14.0398
14.7819
11.2405
12.8705
10.0585
14.8961
13.4073
13.0488
10.3782
10.8464
14.5476
12.2584
8.75463
14.3129
6.20164
12.586
12.4136
13.6291
6.18042
11.5857
8.53412
14.9272
8.81295
8.40155
11.4423
5.5046
7.28841
12.0744
9.44688
8.83137
13.1316
13.6494
11.7484
10.0251
10.9798
12.7062
13.1
13.929
9.64392
9.59665
14.2119
7.70096
14.285
10.2865
12.6025
12.3785
12.2569
7.836
9.94452
8.35725
11.5733
9.85175
10.9642
8.39125
9.22623
11.8519
10.4737
5.97967
9.92093
5.67162
8.26663
9.07182
9.67649
10.3037
14.907
12.0283
7.14778
11.171
11.1823
12.7102
7.33363
11.7267
13.1282
10.4786
13.6757
12.0873
9.14651
14.585
7.62607
13.2703
12.9173
13.0346
11.1706
7.86446
9.97197
11.5844
12.175
10.6335
9.93975
5.39201
14.5677
12.5225
8.11171
8.97162
13.7398
14.4528
7.28825
10.7247
14.1092
7.44126
11.925
9.10175
11.1376
5.37713
8.11328
8.95566
13.6178
5.94707
8.28761
9.30995
11.8393
13.0782
9.22521
9.98699
9.13099
13.1322
7.9073
7.6377
9.4705
10.0869
9.1757
14.4846
6.8756
14.7688
11.6086
9.97284
13.7925
8.31004
9.69367
9.32624
8.89866
10.3386
7.88273
10.1645
5.53203
14.3482
12.5583
13.5861
12.8602
12.529
7.9271
10.0564
6.18872
9.01959
9.49362
5.91216
8.03506
12.9588
9.74661
11.1093
7.83097
9.65461
5.13389
10.2853
6.65155
11.2737
10.5275
13.832
13.3437
12.9718
9.64911
8.79531
12.2331
10.0552
13.4388
13.8967
12.8793
11.7551
8.93713
10.5763
8.67094
10.5794
11.0617
9.89369
14.3892
14.0419
9.40536
6.40572
14.3187
8.47918
13.1279
7.55503
8.37447
12.7617
6.1438
11.3885
12.0856
4.33789
5.6799
5.86784
7.60469
9.28709
12.2807
9.93301
14.8897
12.5724
12.311
14.2854
14.4621
12.8536
11.2329
8.93217
12.2125
11.0604
8.56621
6.32857
5.31245
12.5147
9.92803
14.0884
13.5169
8.57031
11.3883
14.4909
6.22127
10.2543
14.5465
14.0249
9.05362
10.8477
12.8894
7.62036
8.21523
12.0515
4.59262
9.47221
9.47222
6.00822
13.2771
6.56393
9.72242
10.5302
13.4251
10.1607
8.52394
4.51865
7.77638
11.4921
14.1574
12.5441
14.7459
10.1637
14.3888
14.2387
13.6436
13.4612
9.36183
10.8106
8.82228
11.8803
8.1041
4.76244
9.73649
7.49591
8.978
10.1821
10.8692
11.1752
10.764
6.78308
7.61383
5.7677
9.98479
9.76849
11.033
11.7843
13.7458
5.10589
8.53406
14.9248
11.58
13.578
7.56488
11.9949
12.7749
10.6914
8.07997
11.4547
13.5471
11.7318
8.67928
8.1952
8.90293
8.19791
13.6122
6.66059
10.2814
7.65285
8.69024
12.2882
8.35548
8.80662
11.79
8.93062
9.17939
11.6918
10.6319
9.69946
11.3096
13.4781
9.6514
9.60477
13.4919
9.42695
13.1975
10.4427
10.4027
10.1691
9.88895
12.506
5.81641
8.65236
11.5318
6.10321
9.00179
12.1215
10.2954
10.5374
5.29169
13.2623
10.3946
11.0421
9.5028
9.7093
12.6097
10.1549
10.1778
9.40804
10.4548
14.783
8.87671
10.3548
13.3073
14.0636
12.9863
9.98647
10.8891
11.2574
10.5581
5.93934
6.54823
9.42267
13.9102
13.19
13.8841
13.5764
13.0364
8.75929
13.7242
12.4021
7.19075
9.6441
11.7331
7.5106
10.298
11.4695
9.18138
8.44079
13.4352
5.08177
9.74782
7.92498
8.44267
9.67822
10.5968
8.9923
13.449
10.9627
8.03018
10.0029
10.1914
9.15476
7.72713
7.29365
14.7956
14.7779
14.083
12.0875
14.5494
10.4143
6.45075
10.9661
8.41068
8.33086
12.5005
8.16421
5.95982
8.82102
5.80057
6.64832
9.82751
10.6078
10.2256
12.9624
10.7143
12.6435
10.5707
6.79648
5.09858
9.45605
11.1626
6.51813
7.96151
10.7835
11.6573
12.3755
5.23555
11.2661
9.24418
5.91436
13.3835
14.8678
9.06322
5.58413
5.18361
6.31241
5.3549
7.94668
9.33228
12.9545
10.2072
13.8119
9.29328
9.2605
12.2535
9.16616
13.3834
9.18913
3.82805
8.51732
8.4292
8.44361
7.92788
11.4971
8.20592
13.6822
8.17577
10.2257
7.83612
7.93724
8.31347
13.086
9.97071
13.4135
14.6708
9.88791
10.5365
8.7191
11.1657
9.78478
11.2331
14.4409
10.1935
14.6951
13.706
14.467
11.1978
13.6533
14.142
6.61324
13.2609
9.14735
11.9407
12.0988
12.1442
12.2859
9.68152
9.32895
8.38221
9.69967
11.0773
12.827
7.80828
8.37359
14.116
12.0114
5.84431
8.40618
9.83937
11.3145
13.1085
7.70016
8.30284
11.9028
12.5646
10.1068
9.78583
8.42181
14.4255
14.4433
14.3755
14.126
9.73021
11.4764
8.96867
5.76195
11.0416
4.71782
12.0873
9.42959
6.71718
9.02657
13.0165
9.64768
14.8457
10.9683
8.08897
13.172
9.65163
14.2399
8.65551
11.8091
10.1791
14.8022
5.29097
10.347
13.0723
13.5482
11.7322
14.9052
9.90146
13.9986
10.4681
13.8648
10.9868
6.82797
14.6307
5.93947
10.4152
9.70957
11.5952
14.8901
10.2245
12.7182
14.8649
12.7568
9.78563
10.0287
11.4846
6.80108
4.12395
9.91832
10.4914
9.08318
12.871
11.1918
14.0899
9.64463
14.194
6.47919
8.65651
10.7316
8.13886
6.86171
14.8479
10.1747
12.4543
10.4495
12.0316
6.06435
5.42299
12.2641
10.2228
6.36655
13.3171
9.77178
8.19123
13.8912
7.03722
9.17664
13.1433
13.7175
9.59831
5.24582
9.47182
8.49666
6.121
14.9509
13.4698
8.06705
8.59267
8.41185
14.5491
6.07645
7.86243
9.19811
9.73641
10.1288
14.0918
11.0025
9.88925
8.35235
9.8139
8.50821
6.01618
10.0254
8.3989
12.1084
10.8571
14.9264
11.0682
11.0059
8.53886
14.5963
10.2324
11.979
5.8852
13.4357
11.298
8.19707
8.25914
11.3712
11.1916
9.9219
14.4488
8.21511
8.22856
13.4694
10.3124
6.79039
8.77486
11.9836
12.6514
9.01571
10.7231
5.61505
6.98977
10.9607
10.7058
14.9678
7.50041
6.82332
14.1563
13.9669
13.1861
8.44636
8.09677
10.505
14.0693
13.6175
6.67628
11.5324
9.14566
10.2621
14.951
14.965
13.6332
9.52468
8.00864
10.5651
5.70368
7.62235
14.2609
9.94574
8.50554
6.07905
10.929
8.80051
5.83287
5.18865
12.847
9.8431
14.3026
11.2148
12.6781
10.5525
13.928
12.0463
9.61856
13.8936
10.2426
8.1436
8.82874
12.876
12.3386
13.6433
14.5476
14.8103
5.97831
7.64336
10.0116
7.7137
11.7325
5.58356
11.4126
9.02081
11.3517
7.25392
8.56186
12.3529
8.93777
8.75383
7.02993
12.1812
9.87455
9.11851
7.97764
6.17392
12.2332
12.8011
12.3864
6.762
8.93234
11.6143
6.65413
14.5578
8.27977
9.79856
8.23828
10.4312
14.1399
12.5045
8.75464
12.1438
14.4638
14.5657
12.4185
7.63601
12.3083
5.8586
8.67361
8.5741
13.0291
14.7646
13.7034
14.2657
10.2141
8.41463
8.77324
12.9542
9.69709
9.98249
9.37504
14.6367
9.53772
10.2727
13.9741
7.80563
8.61037
11.1075
7.6213
4.54125
7.33754
8.59501
6.20046
14.5767
13.5002
10.3863
14.0397
13.4068
14.0322
10.0115
12.577
10.0737
12.6808
13.4017
11.2333
14.6457
11.3671
9.37171
11.6765
8.71857
11.4562
8.96904
8.06231
8.65614
11.7392
12.2597
8.32833
6.64977
10.2223
8.25597
11.4532
8.84831
14.3498
8.00703
9.69738
10.0685
8.40372
8.0753
9.94596
14.7377
6.31218
6.83823
14.6627
8.44295
7.44581
8.63602
12.4856
6.06253
5.08201
7.69317
8.1046
5.91896
9.26871
10.0656
5.03199
4.71347
8.15275
13.5598
6.2894
11.7771
13.4573
10.524
11.3559
10.0743
7.7549
6.45396
10.6636
14.7689
9.91429
9.28965
8.13235
13.7342
12.3699
14.6969
14.4852
13.1925
14.6831
9.13636
13.7012
9.58766
6.57061
14.3846
8.50014
12.1285
12.7856
7.6451
8.45652
12.7527
9.75378
11.8218
9.69321
14.1647
11.0773
11.5027
12.6727
13.4289
7.79442
8.43571
12.881
10.896
9.25267
13.4702
12.5533
8.53217
11.2892
10.9118
12.8844
9.79623
12.1146
12.7241
13.463
10.4497
9.81309
7.10542
7.66511
6.16413
10.403
8.92203
10.4467
9.34719
11.7316
8.57299
6.02809
13.2798
7.62326
11.0747
9.19207
10.3523
4.27084
7.50854
9.17312
11.6923
6.85199
9.87045
12.3203
13.9006
8.75346
10.7838
11.7156
8.88438
12.732
12.1622
6.98487
8.70936
6.38078
10.7149
10.3165
8.28884
14.8005
13.8426
13.7287
5.98176
10.2172
10.7604
11.9897
14.6383
10.9816
8.83205
6.10283
13.1334
8.75897
5.5246
11.8556
9.57189
10.6308
10.493
9.74783
5.22625
9.21504
14.8682
9.76503
11.5222
11.1379
10.1317
9.63329
13.0811
8.55075
10.2449
11.8153
8.96674
10.0853
8.39632
5.65546
4.38032
8.88874
9.95503
11.9067
14.2697
14.4268
14.0966
8.56006
13.3114
13.2455
10.6433
5.11875
5.76362
14.6435
12.1324
14.4158
8.43379
12.7329
11.9536
10.4862
14.86
14.8163
9.12172
11.8034
10.1126
14.3557
10.2517
14.9089
10.0822
11.6159
13.1202
10.8717
14.8077
9.05201
9.68167
11.6586
13.6681
10.6222
8.67017
8.041
11.4658
5.88367
8.18345
12.2751
8.7891
14.0388
12.4299
12.9089
10.2429
11.5406
11.9261
11.2081
13.5521
13.766
8.70727
13.0116
8.9819
5.82504
14.7035
12.4225
9.47611
6.01599
14.9987
9.10202
13.1384
8.07127
9.1026
12.5018
7.00598
12.3683
10.0125
14.1865
13.0118
13.3327
13.4821
11.3574
12.6671
10.9324
14.6385
5.80244
8.04704
9.42648
13.3177
9.57452
5.17478
13.8786
10.2438
10.2102
11.2677
9.05672
8.55771
5.36044
12.1693
10.0528
8.11525
12.5801
14.6816
12.8866
13.5909
14.3761
14.2598
11.1371
8.41758
9.38233
7.79892
10.5733
13.0353
14.0663
8.15162
11.4099
9.36089
11.4342
11.1154
7.32236
8.91632
10.9404
9.69206
6.60727
8.4321
10.854
10.7045
9.22274
14.4551
12.3741
13.455
5.76193
11.5666
8.17589
13.4232
8.68133
7.96464
14.4933
6.40023
12.7868
9.63264
11.1416
5.09211
10.6552
13.3033
12.9153
7.76298
11.339
10.3339
10.1369
14.9635
12.7398
7.63933
7.74478
10.7565
10.6209
9.01486
9.10535
11.3882
10.9414
9.17736
11.8904
13.6669
5.51218
11.6829
8.23392
13.4513
10.1778
9.18432
14.8678
14.0127
11.5582
14.9913
8.25212
7.76678
9.98204
10.0282
9.27546
8.42412
10.3576
10.4159
9.30814
9.7159
12.0182
12.4023
8.72676
14.2629
13.1773
11.9207
13.4533
10.9869
8.50481
10.6247
8.06059
14.9817
12.8138
14.6915
11.7888
8.70374
14.9868
13.928
12.9342
8.35062
12.688
6.38819
7.71783
11.0204
14.7392
9.41351
12.0561
8.5751
6.08335
12.331
14.1406
14.259
14.8088
10.1998
8.93177
12.4309
8.62722
14.1768
7.91427
5.34383
8.57136
9.80792
5.7614
8.73702
8.13278
8.36321
11.4782
14.2326
8.05349
12.7254
11.9313
7.89191
9.0815
14.2734
13.1446
14.3906
12.8876
13.2145
13.2435
10.2056
8.67148
9.10293
11.0536
10.5414
9.78626
5.82172
8.5306
7.6995
12.556
8.22381
11.7325
14.9752
13.9949
7.68875
8.67168
9.99561
14.2206
13.0489
14.664
6.08386
11.3543
9.38907
13.6426
8.92921
12.0395
10.9849
8.48547
9.95633
9.80171
10.4118
9.05423
10.8434
13.7996
13.8442
4.72031
7.50347
9.5714
10.1891
9.05546
13.2481
8.1858
10.4447
5.8785
7.82379
12.2695
14.9135
11.4913
8.64599
11.9968
7.54704
8.44203
6.37663
14.8578
11.6476
5.88663
11.504
5.52682
11.0915
12.1677
6.0088
11.0961
12.9579
6.7146
13.4076
8.12232
10.0175
9.71418
5.94426
9.10763
11.4029
12.9686
7.87202
10.8878
5.65134
10.7486
10.2336
9.47058
8.28614
12.2893
14.3654
12.7283
14.5825
7.68828
7.60084
9.75757
8.91267
8.32718
11.8287
7.09727
8.19604
12.3492
7.1319
7.88454
6.64921
8.40852
7.83427
14.506
14.6011
14.2855
13.2051
12.4015
10.6338
14.665
8.48359
12.9477
9.94469
14.3748
14.5635
11.4083
6.80119
13.3687
10.1553
8.84461
5.93925
8.23651
10.7353
14.9199
10.4537
10.4933
13.504
11.9755
14.127
9.39455
12.3956
7.79153
7.43101
11.75
13.5498
8.17957
8.89614
12.4384
13.0775
12.878
9.70183
13.0366
14.2061
6.75138
6.08222
12.5801
10.8325
11.6828
9.62338
14.6493
14.7877
6.12606
8.41303
10.9515
14.4445
10.6604
13.7866
12.6355
8.37541
14.0356
13.8846
10.6867
6.64707
12.2835
14.742
14.021
14.0297
9.90859
12.4535
12.8053
4.99006
12.6925
9.29511
9.98825
12.5592
10.1258
5.64292
9.10103
14.0464
5.06726
7.79658
8.80301
8.12134
7.79308
6.93802
13.4177
12.2246
14.1766
14.5354
10.2234
10.3134
11.7129
11.8346
12.3234
14.3992
6.40781
11.9653
12.6263
10.1665
12.5709
11.7001
9.0183
6.67022
10.3652
8.0657
10.3334
14.9547
5.96044
12.6338
5.83206
7.64736
8.77535
10.6545
14.9072
11.5687
8.34722
8.25723
11.0404
9.1089
7.18811
10.2702
11.572
9.84302
10.408
14.3217
11.3095
11.2831
13.4317
4.86141
11.4414
10.9589
14.8062
13.8643
13.5901
9.88216
5.10557
12.832
6.22142
9.02057
8.50836
11.8774
12.5451
10.034
12.629
11.2689
12.3151
8.05402
8.83449
9.84579
9.48901
6.0312
8.8071
11.2023
6.54166
6.19417
12.9292
8.05714
9.98689
10.5199
9.89758
11.9527
9.91094
8.12209
11.2516
8.29089
6.81888
12.0393
11.7633
9.4112
8.37266
14.7599
13.4541
13.7761
9.73322
9.34863
13.615
5.27512
13.4201
7.03435
8.78503
10.2012
14.2465
12.8461
9.17992
13.6197
7.19101
13.5947
12.9763
9.78032
8.30884
12.6726
9.46725
11.0621
13.9576
5.79539
10.1786
8.66432
5.73333
5.63835
5.28024
12.1818
7.9018
6.10145
6.15709
9.38362
14.1538
12.5255
13.3727
10.4314
9.58666
11.7667
8.35331
9.66114
8.29051
5.48732
4.88562
7.78011
5.473
8.49735
10.138
5.76499
14.228
9.96944
6.54791
14.8741
13.6267
5.64869
14.1547
6.40171
11.5182
14.4023
13.1788
11.6245
7.3914
12.794
5.52041
13.1001
9.91059
8.88839
12.4402
12.0484
4.80553
5.48409
5.95492
7.25163
13.5609
8.77652
13.4288
8.97312
13.4994
6.11172
11.6306
12.408
6.07194
10.4044
5.51407
13.2668
9.92191
14.3759
12.8127
7.77459
8.58819
8.33806
8.09263
13.3908
11.8802
14.9265
6.37629
7.66326
8.47763
8.00695
14.9946
12.2375
8.50845
10.3686
14.267
10.6156
10.0061
14.1954
12.9391
10.6854
11.958
10.8897
12.5788
10.5296
8.36575
9.0919
13.5516
11.6723
14.0281
13.7065
11.5394
11.8414
10.9988
11.2456
8.10153
11.4755
13.76
5.20131
13.839
11.9516
11.1589
10.4734
8.00059
8.47655
12.3926
8.97803
10.5257
10.4462
9.35113
14.099
8.94358
12.427
7.01607
7.49763
10.7682
11.8081
9.54814
13.9463
14.051
7.16589
10.6089
14.4715
9.38153
13.0498
12.9634
9.65685
14.5913
10.021
9.81566
9.76458
10.5027
14.5355
9.58925
7.54618
11.1145
14.2063
13.1231
9.52354
13.351
8.86232
10.663
7.62723
8.57819
11.3447
12.5431
8.53559
6.76288
9.67955
6.19624
9.54107
14.2164
6.10666
8.27448
6.43627
10.0398
10.9533
5.55567
14.4643
11.936
7.18225
8.76907
13.569
10.6308
9.97547
14.1592
14.7993
13.7978
14.4616
13.1843
9.2452
14.3555
8.05279
10.2601
6.20922
13.6006
9.942
8.65759
10.5349
9.15733
14.6369
6.12365
12.3989
11.2694
12.7752
7.41517
12.8856
11.4208
11.4681
14.4195
5.16058
6.39835
14.3193
13.5194
12.0455
6.15515
10.7928
8.97636
12.4243
13.3688
8.41166
10.5691
7.50132
5.42152
14.3312
6.05608
10.9719
5.80801
9.7274
10.1374
9.32727
13.836
11.2465
13.7106
14.9993
11.1597
7.72992
10.9124
7.08004
13.4724
9.0419
14.6659
13.5613
10.8766
12.8784
7.59958
7.79736
9.9546
13.166
11.2456
10.8959
14.346
10.1919
13.313
14.177
10.53
9.85173
14.2849
9.65159
5.79215
10.6518
9.92595
8.2861
8.96945
8.12466
10.116
13.3234
6.74061
10.8459
6.55605
10.5524
13.2603
6.04122
9.08018
14.5042
10.3149
13.4897
12.5752
13.3328
10.8441
12.394
14.5757
9.97576
9.61496
12.3986
11.2487
8.6471
11.2405
11.5185
14.8797
7.9711
7.92083
9.08896
8.09274
8.22136
6.40236
12.2828
9.66436
6.8122
10.4873
11.5001
13.5024
12.2974
9.39286
6.33855
10.8815
14.0865
8.39287
10.0765
12.5094
7.70159
8.308
13.1941
14.4744
13.2481
8.69231
9.22695
13.0804
13.7826
11.5099
6.75841
9.9156
8.94197
13.3558
8.34459
9.2023
11.5129
8.77025
12.3086
14.2028
9.9198
8.97857
12.3548
10.1968
10.1371
13.1162
13.3546
9.62452
6.73361
10.279
7.72462
13.1296
9.97965
14.7531
12.6933
14.5584
14.6016
8.53401
11.6264
11.1921
11.9152
11.9049
8.03393
9.67185
12.6002
8.67526
6.97452
7.46019
14.588
12.405
7.84837
10.8868
11.4933
10.3722
11.1739
14.1364
9.42842
6.74579
14.6304
8.22737
12.9043
11.5472
14.2128
10.3332
13.8656
12.2793
14.55
5.63511
9.82505
8.97938
8.59637
8.60051
11.8973
8.75339
10.1456
10.9193
11.5978
11.0797
11.0551
8.07132
5.6513
7.37053
6.28916
10.486
11.009
13.2339
10.2626
12.9917
13.8973
12.4762
11.8034
9.92543
10.0595
9.32629
4.93711
9.80061
9.60848
13.0292
8.59312
12.9767
6.85627
7.46667
14.3603
14.8385
9.73498
12.2953
9.66191
14.2785
11.3706
8.86284
8.97926
10.1191
9.70453
6.93432
10.4357
7.5699
9.60964
10.6638
9.82342
12.1664
13.4658
12.2736
13.4981
12.9393
12.5008
14.6276
13.8763
8.77561
5.05263
11.4742
12.8496
14.4956
9.23831
6.57241
14.9343
13.4355
13.1208
13.0367
13.5977
9.10893
12.4879
10.0911
6.41027
8.6762
14.3001
11.289
10.4549
12.2787
10.2079
10.9952
9.69258
10.1384
8.29637
9.08195
8.18166
9.62253
14.7675
10.6484
6.33153
11.4198
11.1559
10.4018
12.9336
10.5452
13.3013
7.93741
7.00084
6.12316
6.5167
7.96126
12.229
12.2027
10.3917
14.2457
9.631
10.7714
13.6624
10.4061
11.8548
9.89574
7.11674
9.66809
10.6207
10.5475
9.75303
14.9379
12.1266
9.22238
9.94116
14.777
8.96696
14.011
11.8586
11.3441
4.42796
12.8009
14.1869
11.7737
8.17864
12.2082
11.8173
5.88834
8.27864
9.73713
11.2335
13.148
7.74238
8.37039
13.493
14.4522
14.3718
11.1988
9.59862
11.1249
12.8414
9.22692
12.4012
10.0462
5.08935
13.0723
8.27081
11.5739
5.43101
6.34981
9.14562
8.51443
13.5426
12.0128
8.19738
9.10275
8.39906
12.8292
12.3368
14.4564
11.5945
11.4672
14.4415
7.40087
9.22007
7.17182
6.51776
11.2514
14.4529
12.1069
12.96
14.9192
9.37521
11.2258
9.2258
10.4235
13.3404
12.3333
9.32095
11.421
6.1017
7.91596
11.7586
12.9675
11.346
11.4469
13.282
8.36381
7.53364
9.26513
13.2152
10.2831
9.59775
9.88334
12.725
11.49
13.5632
9.10016
11.1203
12.9201
11.4912
8.3744
6.08891
13.9608
11.0831
8.63586
12.3481
14.0568
8.60278
14.4201
13.0267
5.17011
5.14759
8.54932
11.0921
8.54169
9.61774
11.6716
8.62619
12.9881
11.7061
9.49971
4.23093
11.0016
7.99872
14.5308
8.91053
12.2204
12.6463
9.51245
11.3441
11.5332
12.8253
10.0385
14.7744
13.6102
8.2869
14.9526
12.5861
7.33723
10.0724
10.5052
13.0779
13.9782
8.971
7.5398
7.48655
8.75024
11.2715
7.65992
11.3105
11.2619
8.92397
14.8975
10.2138
9.58565
10.86
13.0002
5.44173
6.08326
9.81858
13.9331
13.8958
14.0524
13.7775
14.3827
9.73631
8.04994
5.70147
14.8684
13.5433
11.7892
12.2455
9.33441
7.89415
14.1621
11.7635
9.15068
10.2987
5.37691
7.46992
10.2824
12.7976
12.0478
10.5434
9.70738
12.5142
12.8958
10.4933
11.0456
8.47552
8.53527
11.4214
9.14199
7.18343
10.3499
13.2348
12.6419
10.2232
4.67614
5.84623
14.9587
9.86167
8.27844
5.05492
7.88659
6.15701
8.66149
8.18968
13.3815
14.5701
10.4846
10.8855
13.4151
7.34663
8.71978
10.7195
13.9107
10.1289
9.10168
12.5108
12.1278
14.2487
13.7776
14.0022
13.42
8.16927
11.1083
12.0407
14.555
8.80518
11.5981
8.18266
11.152
10.335
6.008
14.5065
11.546
13.1341
10.8367
10.3143
14.1267
14.5182
11.9435
