6.98213
10.3506
12.0333
11.2584
12.9315
12.2435
9.83511
13.7823
5.58803
10.7259
12.2168
10.5692
14.6226
11.7198
7.63497
10.5436
11.7731
7.57872
12.8905
6.80983
7.48337
13.3534
12.2991
10.6335
11.3489
13.2367
5.33588
11.5074
13.6672
14.7183
11.3954
9.1623
10.1398
12.5835
13.0557
8.84542
12.0611
13.1178
12.2023
14.1496
12.2532
4.46295
6.54968
10.8716
10.4833
11.0423
10.1999
10.0638
6.6475
10.1866
5.09326
13.0082
10.791
12.7059
10.5535
9.18195
11.9588
10.8587
14.1079
13.4223
10.6178
10.5744
7.11253
10.1858
11.0593
9.78842
13.722
6.30906
9.20349
9.6159
14.5118
11.7814
6.35662
9.74125
6.03946
8.5325
12.0033
12.1645
9.66929
10.4978
10.615
10.4655
14.1616
13.8366
14.8321
11.6755
13.9192
6.12187
8.72297
7.83803
14.0099
7.16331
13.9094
9.30774
9.48747
8.06969
10.576
9.31493
10.9177
10.9377
14.962
10.3226
7.72202
11.7885
12.8052
10.4808
11.8549
8.09269
4.86567
10.3366
6.2146
8.85701
10.9602
14.606
7.67538
8.30233
9.76884
10.948
12.6345
14.0913
8.78709
13.093
11.9019
14.5581
7.28287
7.84902
4.31246
8.59499
13.6224
8.52472
9.92789
12.4447
8.27391
9.5965
10.6802
5.73508
4.29716
12.3749
14.8968
10.4293
9.3192
11.987
13.5525
12.484
8.07875
10.5024
14.7046
12.47
7.15237
7.67804
11.7087
12.5111
10.934
9.41611
10.2194
6.70397
10.8577
10.5668
13.3809
12.8046
10.4279
10.2144
11.8098
8.98309
10.3384
10.0521
11.4579
14.2341
9.76718
5.70875
8.95719
7.91304
9.8319
10.7414
13.7304
11.9759
10.9754
10.1001
13.3001
12.5245
4.71392
8.72025
9.65753
9.68861
11.4287
6.59748
12.652
10.5483
8.62421
5.42154
6.13249
9.25608
5.46171
10.9543
12.5191
11.0389
14.0332
10.6862
8.94632
9.09535
12.1662
12.2834
10.1706
10.3735
13.1374
6.78508
8.43538
11.3433
7.26893
8.92588
5.07281
9.18145
8.78697
13.083
8.42531
9.14101
14.6866
8.3348
8.38886
14.6696
12.4585
8.96313
9.56575
12.5108
8.49338
9.32977
10.3102
10.6592
9.61694
6.14785
9.10141
8.72336
10.0178
12.9593
12.1113
9.48919
14.8707
13.2104
10.9362
9.36203
10.2726
10.3662
13.87
8.27366
11.2103
11.9015
6.56957
5.74466
7.77163
11.8399
10.3649
5.2923
5.48635
14.0809
4.77724
9.22801
5.64218
4.44466
11.3387
9.57961
7.81733
11.292
10.2111
11.635
10.4275
6.45673
7.52989
9.35561
7.03213
6.40396
5.05516
13.5912
12.1018
11.3665
7.30354
12.5191
9.0174
4.18245
11.449
6.82335
11.4315
13.3692
14.0076
13.8742
14.6304
10.4031
11.3998
13.3975
11.7497
8.56896
11.5963
10.4852
14.9289
10.8788
10.3677
13.3188
11.8768
5.8522
8.61181
10.7876
14.4905
4.55996
6.52065
9.78029
13.5603
13.2238
10.637
11.0113
13.4441
13.8275
13.3273
10.3753
8.26175
11.3581
6.16425
8.30788
6.38035
9.68449
13.2669
10.8193
10.0724
13.8198
13.8707
6.37298
13.8847
14.6205
13.9333
6.19156
12.8265
9.67241
14.7015
13.7085
7.19478
12.3018
13.2663
13.253
8.84784
5.36659
6.81822
12.1154
10.9806
14.3682
12.8112
12.5854
10.453
6.59481
14.4035
9.98052
6.09116
8.73847
14.7745
12.0893
5.91762
9.28188
9.31877
13.8875
11.3159
10.1334
12.1704
12.7253
12.676
9.81351
14.9147
8.49733
9.97466
10.7573
9.95391
12.1524
13.7427
12.9579
13.1333
14.8878
8.24339
13.0851
14.3636
10.4404
10.8601
9.43666
13.0458
14.4552
7.76934
11.4631
7.8327
8.57087
14.5731
10.2853
14.2424
14.6074
9.23859
6.43377
8.75246
14.2146
14.655
12.3369
10.284
11.9188
12.0015
8.48058
13.9819
11.7452
8.26729
11.0691
9.28852
9.48481
7.88536
7.10883
12.1888
10.7855
9.10627
12.1245
6.31715
5.50553
13.9317
9.73326
13.8453
9.00209
13.8074
11.3944
10.5495
13.9551
6.82884
12.6524
14.2379
8.13224
11.6667
8.59618
13.0473
6.93194
12.6101
10.2394
7.99326
13.2033
9.7053
14.6208
14.7092
13.2339
8.08013
14.9493
9.00616
6.44058
9.52743
5.79922
8.06625
11.0358
9.39848
6.0717
9.81521
7.88279
10.3118
14.8131
13.1706
10.4052
8.90067
14.2209
13.9275
6.05861
7.42
10.4128
11.8251
12.9024
6.96145
4.44092
12.9953
10.8252
6.19252
12.5382
8.21056
6.17991
5.40583
8.49395
13.4025
7.65213
6.23667
10.3183
9.91438
7.77374
10.3147
9.17228
10.9539
14.2354
11.1015
9.54117
13.2214
14.2924
7.42934
9.18383
11.0642
8.68652
12.1209
8.40524
6.19328
12.3854
11.9808
14.7935
4.98011
10.2658
14.4229
10.5539
11.764
12.6005
11.6188
12.0024
9.64839
10.3502
9.5494
9.79066
13.4513
14.3078
12.9098
13.0322
11.8812
14.5492
12.9236
9.9413
14.7489
7.34155
7.09467
11.3136
9.62021
12.5505
13.9301
10.5078
12.035
8.31943
12.8823
6.06427
6.5301
10.39
5.09752
11.7734
11.2346
14.3523
13.2459
11.1269
9.58381
10.5406
8.81806
11.444
12.5765
10.2796
14.8805
9.84518
5.99665
10.9496
10.6867
10.3081
5.19894
11.8317
11.6015
10.4674
13.238
8.70529
10.8617
9.39929
14.0311
6.6893
8.63711
8.50154
11.4595
14.7781
7.54068
10.4682
14.4865
7.92114
11.3474
9.52106
10.9052
11.1945
9.84688
11.7606
14.4366
14.5488
10.7909
12.9362
13.5647
14.269
9.35498
10.0229
8.79656
11.3698
7.76124
11.9299
11.1523
9.17213
10.3002
11.6379
13.1014
12.6533
8.72389
13.8946
10.6554
6.84035
13.407
14.2466
8.10786
11.6296
5.16679
11.3681
8.88495
13.0669
7.71887
12.2768
6.20957
10.2426
5.78121
9.83915
9.89583
9.95404
13.317
5.63997
10.3202
6.45999
10.3277
12.5929
9.09343
14.9328
11.1627
5.72187
9.19588
7.92549
8.3653
11.2279
13.3466
8.673
13.9706
11.8576
11.616
12.2197
9.54196
12.196
9.7196
12.5022
10.6057
13.7066
10.2269
11.8302
11.2924
14.0601
13.2306
8.79784
9.74348
10.4433
11.4707
14.2769
11.7584
4.47335
14.7761
13.4624
13.7518
10.1333
13.216
14.5406
8.8637
9.76278
4.96978
14.594
13.2777
10.1386
13.0761
8.29461
14.3209
8.50052
8.75947
6.32819
14.1787
13.5792
12.9259
5.56988
4.99907
13.4712
7.61967
8.93355
12.5651
7.46741
13.1411
9.48414
11.1412
12.8376
12.976
6.12788
8.94265
10.9282
10.5765
13.7204
13.7372
12.7314
11.4831
14.9985
12.4207
14.2629
8.79917
13.1054
10.3454
11.4665
5.96012
9.03748
12.8095
12.7678
12.6142
9.57856
12.557
8.46163
14.8535
14.5354
10.2589
12.0564
14.7936
13.1704
11.3244
10.8937
10.9
8.46025
8.64299
5.51326
10.2827
14.1437
10.7377
10.9455
13.0372
14.4078
12.9312
9.48193
14.6834
10.3864
11.0732
12.1915
10.6259
13.1582
10.2654
9.70982
11.155
9.78793
12.7682
8.675
12.3549
10.2472
12.2772
8.51262
12.7573
12.0661
7.21337
7.89664
8.88256
8.81244
13.2338
12.5244
11.7869
12.0082
10.0581
13.8318
4.76018
11.8668
8.86726
14.4884
10.8667
7.2862
14.5224
11.0623
9.0865
10.6981
9.50092
4.51333
8.66937
11.0363
14.7499
11.2169
11.8582
6.41703
13.2543
4.172
9.01585
12.5773
13.6393
8.20717
12.5414
12.482
14.9598
9.58234
14.1613
5.95757
11.1237
12.0339
8.28691
10.5627
12.9102
11.4517
14.3319
11.2816
14.4597
14.4856
13.385
12.7542
14.9422
9.93549
5.57068
9.59339
5.84693
5.27127
6.35812
12.2948
13.0928
10.0358
5.44616
5.75859
8.37669
10.584
7.77761
14.4495
5.26345
10.589
10.0269
12.0852
12.6273
12.3916
12.8462
10.9142
9.22007
6.85197
9.38488
14.2801
9.05411
7.48502
9.42373
8.93489
13.1074
12.7969
10.5102
13.5416
8.43823
9.80893
7.66924
7.98455
10.9164
6.66698
11.2555
14.691
13.9255
10.8142
12.0172
14.6705
10.7616
14.0688
10.2951
9.07004
8.63235
9.99809
10.0397
14.0509
11.3287
5.89076
8.07291
10.8255
6.86293
4.58468
12.3548
11.1099
9.18678
12.047
10.2564
12.4998
8.42791
9.98473
12.9741
11.6538
7.79963
6.50998
8.95415
5.91753
4.3435
12.2987
9.80372
11.0772
5.54975
5.20889
8.45649
7.43402
9.21577
9.53158
9.00696
12.0391
13.674
11.0596
9.59168
6.98726
10.2032
12.9654
14.5232
9.54679
13.1202
8.92133
12.9234
14.6915
10.1058
11.3575
10.6749
12.3839
11.5872
6.86314
11.4282
13.1977
11.256
10.6452
5.84451
14.0648
13.2877
14.9401
10.5852
13.4459
13.6098
8.5307
10.0672
14.3793
14.8066
10.6601
4.74334
6.20032
6.032
12.8399
7.60483
8.87439
12.4348
14.6681
10.2132
4.14794
9.35556
14.6871
12.7012
10.6935
10.0076
13.8669
8.57871
14.9727
13.768
13.3598
14.1388
13.4736
13.7576
12.8421
10.3627
10.8001
11.5833
9.82376
8.99979
5.48247
14.306
11.8165
13.0368
11.8914
8.85249
8.93886
6.06258
8.18332
9.06232
9.46025
9.65613
8.26448
6.1488
5.10816
5.68839
14.3843
13.124
10.0075
10.4611
11.0214
13.6704
14.7385
11.8518
13.1119
13.2064
11.8271
8.5691
5.9649
12.2874
5.71615
14.3457
10.7831
12.0858
10.8396
8.62513
9.20525
14.407
13.461
11.6645
10.843
11.3014
14.6714
8.53669
5.46827
14.9815
10.1518
9.7875
12.7557
13.3
11.9302
14.0276
13.2451
11.6103
13.5179
12.3188
6.8647
8.9028
13.9476
11.4171
6.64717
12.9578
8.8702
12.7437
14.2366
9.75236
11.1456
13.2796
11.8067
10.8845
5.94624
10.4715
13.5505
12.454
10.4084
11.383
5.00064
11.265
11.6983
12.3855
10.2024
13.269
10.2964
11.0449
10.9468
9.54678
13.1918
9.15303
7.61424
14.9146
9.49027
13.2031
6.21281
7.72972
11.9105
13.4648
10.9938
5.5489
14.2456
13.4251
14.9216
14.6681
12.5514
7.73404
11.1813
13.5591
12.1963
10.6345
12.443
7.7979
11.6673
10.5156
10.0146
9.28443
10.0337
4.34487
7.664
10.2855
14.3015
10.9696
11.3682
14.7013
10.1381
12.0708
9.85672
13.0667
9.06795
13.6969
13.5546
11.3354
12.9136
12.8113
11.1381
13.4
6.41285
13.8489
8.24279
6.06265
10.7071
14.3431
14.8605
9.992
11.4291
5.33629
8.01721
5.3832
13.8261
9.66703
13.238
10.4837
7.31648
10.96
11.517
5.86827
14.6802
13.3305
9.34521
12.513
11.0865
9.09426
12.1338
9.81025
6.00363
13.678
12.6314
10.3454
8.66971
9.25808
9.6305
5.51292
9.79115
11.6459
13.3958
11.8021
11.4719
10.37
7.02738
9.36037
14.5683
12.0002
9.80611
6.3753
8.4866
12.6205
7.86593
11.2232
13.0584
10.9502
14.7027
12.876
14.0045
5.91589
10.8597
14.5636
14.6417
10.9684
4.6346
5.92078
6.54004
12.3397
12.8938
8.81746
11.9034
8.91514
9.99569
13.4777
10.1583
14.0224
8.32175
6.84254
7.94742
11.4734
10.4305
9.51477
7.84198
12.0093
14.4492
14.3635
13.0106
7.52985
9.99743
9.17942
5.39973
13.6565
12.8874
11.3952
5.90464
6.27121
11.6443
9.18746
10.0291
12.2707
13.5548
11.8406
10.3031
13.2264
6.03057
13.3451
10.5982
11.442
14.1829
11.4498
8.56406
11.4693
10.7373
4.50464
9.17919
5.64138
9.8742
8.83585
6.99619
14.1594
12.4801
13.7458
13.2033
14.726
14.7655
12.9111
5.44367
13.2373
5.76058
11.3263
10.7683
6.36768
4.11993
9.15848
7.91142
10.026
6.64799
4.61505
8.38079
8.82794
12.6381
6.22444
10.0194
13.4481
5.4172
14.3971
4.85065
8.05134
5.81813
13.1717
14.0298
9.36574
13.3769
10.0192
10.1824
8.82824
12.212
12.1501
14.587
14.6624
9.0323
11.4863
10.3191
10.7595
13.0441
9.37944
8.92777
9.71733
6.97303
6.06502
8.15984
12.8844
5.82532
13.622
6.30987
9.59438
10.0989
11.4605
10.8231
6.41041
5.70762
8.36232
6.53213
12.0617
13.3221
14.3751
12.1266
11.9269
6.68838
9.01656
9.81434
14.0433
10.9462
13.8459
13.9574
12.3728
12.2201
10.0927
12.6171
8.13376
10.646
9.19615
12.7687
6.60335
12.4454
13.1956
14.3127
7.61024
11.5631
10.6592
6.28551
10.4175
12.5259
8.30205
8.98847
5.57128
8.99035
9.92024
14.8647
8.60632
10.9127
6.1311
13.9942
13.2624
10.3617
10.9673
5.69789
11.9797
11.8348
5.66841
11.5108
5.37486
7.35034
10.0433
9.60076
4.00093
14.1471
14.1098
5.29365
13.2321
7.94163
14.1377
12.0421
10.4191
11.1599
13.8131
13.1726
13.2077
10.1416
13.7387
8.61134
11.855
3.94104
10.062
9.45853
10.7539
10.4488
11.3664
8.56923
5.25355
8.8194
7.14196
9.2919
9.31028
12.6156
4.8551
8.03167
10.0607
9.24641
8.8303
14.0053
9.90404
9.87557
9.47307
11.4716
4.1175
10.0481
13.2095
6.28376
4.31023
8.15163
9.88343
14.4172
12.9699
7.83397
8.64882
10.7333
14.5936
13.726
5.49791
8.94751
14.1047
13.6624
5.73192
12.9828
12.0636
7.96065
12.9025
11.9221
9.49492
14.3166
10.026
4.36354
9.43317
3.84778
9.02906
11.5325
14.1673
13.4193
14.2541
13.3501
11.9113
6.51757
13.2904
9.29708
6.08681
9.9852
14.4231
11.1723
9.11873
9.40168
7.64291
11.2256
14.6171
12.9489
13.7584
9.74558
14.0966
13.5439
12.6646
10.399
7.36888
9.37619
11.2472
12.0714
10.3457
12.5435
8.443
8.77134
11.8425
12.6514
14.6002
13.1875
9.67976
11.7543
9.0928
8.32217
14.1014
9.00868
13.4641
8.9501
12.4698
9.04142
8.2711
6.44171
14.7139
11.2097
6.31198
11.2512
11.0257
14.708
12.4291
9.67321
8.74551
6.49713
6.14135
9.56468
12.6869
11.3537
11.1254
13.3701
10.1931
12.0581
6.02939
10.6554
5.97551
12.2753
12.3597
11.3936
8.86694
7.55109
11.0061
11.715
8.80973
7.35828
13.1864
11.6812
10.7829
12.607
12.8522
6.40321
9.63635
10.7432
11.9354
6.65029
6.76895
9.85388
11.8121
6.65244
11.7423
11.3986
13.7053
13.4772
10.8274
12.812
9.18266
4.82399
9.63235
9.72221
12.8967
11.9556
14.3777
5.67809
8.47391
9.795
12.5238
12.5009
14.4295
8.72456
6.25589
11.1062
11.8792
13.1758
9.86311
6.98641
9.20437
11.4524
11.581
8.63526
13.552
10.013
10.2511
8.06748
6.31963
7.60405
5.58195
14.1506
10.7969
9.53132
8.16708
9.61249
14.7204
9.67833
7.15659
14.8724
10.4288
9.15681
13.163
11.7252
11.1354
12.4838
9.76725
12.5194
12.2839
5.82932
8.3784
13.5723
8.48337
12.1284
14.2274
7.48114
7.47632
9.59499
9.0156
14.3019
8.69135
14.8905
13.2883
13.5562
13.6869
13.8908
12.8474
8.78085
13.9808
13.2778
12.4701
11.8398
8.40522
9.37275
11.8714
9.13933
12.2134
8.81942
9.51699
10.0301
12.8097
8.12153
9.10469
8.26549
14.6512
12.6207
8.29877
7.89732
6.89766
5.34378
9.59192
12.5611
13.6525
13.1723
11.3633
9.79483
13.0531
14.7888
13.4439
8.89131
12.188
13.7355
9.65413
11.604
10.7237
14.6191
10.9149
14.5324
12.7168
14.0801
10.5672
14.5809
12.0257
5.9214
11.9555
11.7248
7.6371
6.91383
6.07538
11.1205
14.1224
14.4254
6.1374
10.2961
11.9783
14.1926
11.1211
8.48443
6.82952
5.03039
7.43108
10.8353
7.9538
10.6727
12.8366
12.0608
6.58947
14.9205
10.685
4.95198
10.7178
10.8366
12.7908
14.7992
8.68862
8.24686
10.2628
10.7342
12.1304
12.471
14.9579
13.5258
14.8936
10.9419
7.49974
11.2249
8.61016
11.2219
7.8356
12.8257
8.67477
14.8244
5.96045
14.1159
8.75525
13.1337
6.62888
12.1884
14.2582
12.6876
14.6154
13.1723
9.67876
8.95431
12.1663
11.7078
13.2522
9.05975
14.5791
14.7962
8.70561
12.1119
5.66176
11.422
8.37062
7.9848
9.60093
13.2792
14.6498
10.6288
10.9407
8.51033
6.64703
8.07739
9.5857
14.0972
7.41803
12.1165
6.37505
5.35214
8.97421
8.59824
10.0899
9.3656
9.69848
10.4304
6.16731
9.22281
14.6195
14.1008
9.47212
12.5444
13.9015
8.55995
13.5975
14.3205
10.8208
12.6713
9.07731
7.52875
10.7349
13.407
14.1874
12.9752
11.3421
11.1876
9.91725
13.5089
9.91792
10.3872
7.81426
10.8484
11.1727
5.80127
9.40937
8.5472
14.8217
11.7695
13.4639
11.3583
9.1369
6.9914
14.9007
7.79223
14.0067
9.00081
12.1814
12.3469
11.1244
4.65512
10.0268
8.71389
6.057
6.02056
14.2636
12.7809
12.1255
13.2142
14.6331
13.6798
7.41144
8.35199
11.6395
13.3357
13.2226
13.9841
9.08526
10.703
11.3905
10.4492
8.03416
12.9751
14.1149
14.919
12.2944
13.0228
9.74734
6.05946
14.4019
12.2191
9.42914
13.6148
4.81905
9.59788
6.12759
6.99764
11.6064
11.2342
13.426
13.7662
5.63353
13.4654
8.35236
9.10732
10.5846
14.6159
12.5025
13.189
11.6951
10.5875
8.57061
14.6835
11.8412
11.4475
12.1223
9.44285
13.544
6.07589
6.01918
4.89279
7.03045
9.42173
14.7474
11.3212
9.6679
9.47309
6.35101
5.84745
8.48627
13.1859
8.23139
8.74375
11.8314
13.5109
4.67281
6.20013
6.41707
4.40691
8.44399
7.94119
6.63412
12.1452
9.68058
11.3312
10.9276
7.71026
7.1115
9.15164
13.9879
11.127
13.8679
6.43365
14.7442
14.5907
9.9089
12.0457
8.35306
9.8138
12.3698
11.2383
12.7721
13.7607
4.83649
7.48891
9.53271
6.16914
10.3566
8.93253
10.4146
7.00836
10.3643
11.8753
11.3792
13.0292
6.65854
12.3885
8.66269
8.67624
13.0048
14.6494
12.2036
13.5779
14.0167
4.17315
8.6479
5.84605
13.8619
13.4943
9.12509
10.5348
12.057
11.912
10.7033
13.6438
9.84395
13.8952
9.13365
12.4689
10.958
13.203
7.34879
6.53306
10.3192
9.31583
13.3545
12.1966
11.0834
13.9205
7.66545
10.5948
13.1253
13.5845
9.02127
12.2899
11.6066
13.9645
9.24156
12.9771
9.79854
13.5009
12.6996
9.73026
9.22112
12.9301
12.3253
8.86352
14.5508
13.2934
11.5536
14.2592
12.8289
8.63325
9.97956
13.6858
8.30322
10.7706
13.9369
6.15387
12.4441
8.42667
11.3674
10.6735
8.48793
6.36185
10.1023
12.3086
14.4918
10.5127
9.85282
13.2495
6.70658
14.5524
14.5106
5.7827
14.8416
7.13284
10.6699
14.2996
7.92094
9.43264
12.6566
11.0085
12.8775
11.7299
9.82183
10.4327
8.92019
9.0731
12.3517
8.78871
9.54739
11.2109
9.74143
9.10551
12.816
9.59788
9.35168
11.7945
11.7748
10.9794
14.9016
6.84508
11.6133
13.344
6.46416
8.74953
11.5207
13.5655
8.44679
11.4669
11.1702
12.9568
14.3347
3.94139
6.89744
14.8456
14.0548
13.4862
9.02968
6.74557
14.7501
9.38571
13.7423
13.4781
13.1298
6.63181
10.2146
11.8438
12.326
5.81047
9.72892
14.0242
8.06062
10.7583
8.22799
10.085
10.3672
7.886
5.05827
9.6074
5.40502
14.5027
12.6396
9.48662
13.0753
13.1016
8.55554
5.95528
6.34151
5.99738
5.20832
4.72933
12.0488
6.71332
8.91325
12.9067
9.03236
12.4111
14.077
12.7769
5.62638
4.13978
8.2736
9.94223
11.4222
6.19788
13.1618
5.61684
6.52956
10.356
11.6596
12.453
11.4789
5.47204
7.68112
11.1482
10.7354
13.4496
10.8034
11.3085
11.4887
10.4456
13.8779
8.99731
13.228
9.1722
13.7566
12.0558
7.44632
10.6887
10.614
11.9929
5.72483
4.76733
6.36654
11.6172
8.54712
13.8823
11.9779
14.7871
5.46414
13.3674
9.42983
5.28275
6.38996
11.3037
14.0464
7.90091
5.29803
9.52265
11.8011
5.2361
14.7216
12.2104
6.82235
13.6156
11.1705
10.1638
6.04961
5.78087
9.00966
11.1099
10.8459
13.4092
14.1275
11.0052
11.7924
4.72023
6.75312
10.4348
13.8983
14.1208
9.76886
9.46219
11.6481
12.6996
7.26552
11.3078
14.3129
9.4546
12.2582
14.6717
8.71682
9.75565
6.16125
9.65121
13.9517
9.59207
13.0919
10.7835
12.8502
10.6788
13.4843
13.905
8.56962
6.97333
13.3241
14.3067
13.0449
13.8487
14.933
10.3346
11.6959
7.35426
10.2952
10.4831
9.93186
13.7075
14.2995
12.0955
7.19932
13.4608
8.59346
12.9632
13.0782
10.4846
14.1527
10.4645
12.5092
6.92278
13.4548
8.82742
10.2149
7.12389
9.12483
11.9631
8.28423
5.11467
10.4062
8.28141
9.82178
14.2262
13.0869
9.97399
8.31872
10.4354
5.57982
9.66391
10.8777
11.6925
12.3878
12.0366
12.7499
13.6543
14.7299
13.9525
11.8719
13.2188
13.6738
10.1038
9.95893
7.3996
9.46971
14.2845
10.0894
13.8225
13.6441
13.1592
12.8382
14.9813
6.81843
14.7425
13.5583
11.2395
5.82532
10.5263
9.50064
12.3096
13.3926
6.29899
9.97518
9.17183
14.4916
14.7067
13.0534
13.3796
7.15171
7.48661
12.3062
7.59406
5.84577
10.268
9.49374
11.2616
10.7269
10.9584
9.22586
14.0275
9.77882
13.5859
10.7624
14.5082
13.4437
14.3242
11.9988
9.3003
8.47843
10.7932
7.96726
11.2668
9.9496
14.8418
14.6542
14.3971
11.2309
13.0565
9.64829
7.96935
12.9072
10.2788
5.61402
11.6581
13.5188
13.9156
12.9285
13.8245
10.9141
6.30861
10.0492
13.6444
14.2796
13.762
10.0533
14.169
6.152
7.72115
10.9568
9.12203
13.3667
10.1544
5.80266
7.54748
5.57118
13.775
10.1737
9.06219
13.5157
11.6679
11.7491
13.3723
10.5335
14.5576
9.5589
9.60252
14.9416
10.8676
13.8277
13.5148
11.3795
13.7355
12.0146
11.6933
14.6467
5.9782
7.99519
9.84641
14.4404
11.2979
13.0631
5.10312
10.4261
9.35549
8.47413
4.54591
8.02819
6.05619
5.43507
8.73435
5.69773
13.7677
7.81983
9.71498
9.21623
12.0364
6.337
13.5713
9.58087
10.6627
11.1684
9.83064
4.71494
9.70942
13.9828
9.90664
11.7045
13.6346
5.40127
11.8416
9.25536
12.4963
9.51667
10.6921
10.8459
6.73571
10.8906
8.50893
12.207
11.1901
10.0995
12.9029
14.6618
6.29106
9.98922
7.41204
5.32181
9.55807
12.8616
9.35689
6.64973
10.8342
5.5419
8.46353
13.1272
13.9481
9.97479
14.1821
9.07226
12.2084
11.0945
13.1841
12.9377
11.523
11.4599
9.5949
14.8274
12.5987
14.2622
10.6153
13.1417
5.45368
11.8079
7.02178
7.237
11.5172
7.94179
12.6579
10.4636
10.3927
13.2855
13.6182
13.2499
14.9563
8.0545
10.0501
14.7884
14.1963
13.097
12.3357
10.3787
8.98449
9.97597
9.79313
11.3193
10.6489
13.3642
9.2606
9.77776
9.34718
5.87162
5.28543
9.09949
9.98251
6.71849
12.2705
12.1209
10.3375
12.645
8.27538
14.5172
8.48326
9.56712
8.44223
8.83589
8.2372
12.9411
12.6535
10.8977
12.0583
13.175
5.05364
7.57382
5.98269
4.31428
9.91896
9.92245
10.048
12.779
12.443
9.21487
12.2935
7.10281
6.30053
13.0182
12.2891
14.9921
12.7818
14.732
10.4891
13.4863
8.36409
4.81664
7.90983
12.3071
12.1587
12.7455
13.1568
7.32171
9.81048
12.4565
12.6263
13.4508
7.24341
12.2943
6.46533
11.6891
13.9489
10.3186
8.06279
8.24251
12.089
10.8487
7.40062
8.54674
6.06675
10.5656
9.90353
14.3412
9.88351
13.1051
12.402
9.44178
14.7783
11.2583
8.98244
9.34486
13.2529
14.5411
13.8351
13.1887
12.62
13.1222
13.0781
11.077
11.4356
13.5128
12.3231
12.3178
6.29216
12.1861
11.5532
14.7933
8.64698
13.5404
8.34176
9.38685
8.56389
9.85212
11.9516
12.8048
12.717
5.4229
10.0464
13.6947
11.8964
6.06567
9.59415
11.8812
10.7394
7.77655
13.7541
8.10128
13.6843
12.8117
6.43974
13.6405
14.1087
12.2608
9.51468
9.19466
9.77652
14.2112
5.73308
8.29009
8.96755
10.9996
13.1429
11.2732
10.3877
10.393
13.6231
12.5446
7.13125
11.6066
11.1524
11.8825
12.1081
7.52214
11.2686
14.3788
8.87617
11.4235
6.88421
11.0435
11.5872
6.08039
11.9388
10.7081
6.64329
9.84234
4.36938
8.76025
14.3386
12.6543
14.6556
13.2717
13.2733
10.2084
9.8885
9.48174
14.5597
8.69674
9.94213
7.09187
14.4336
8.91903
7.61522
11.7606
14.2007
14.0579
11.8768
13.1231
7.62759
11.2331
14.1822
14.5359
10.085
5.17407
5.77578
9.04964
6.75628
10.4681
9.08235
11.8944
14.3606
8.72524
14.542
10.1223
9.87616
9.30523
10.9576
13.4876
12.7694
12.6589
14.7619
14.8272
9.44749
12.8506
9.66018
9.43569
12.9113
8.4944
12.3136
5.58898
10.7428
10.0256
11.2312
9.31847
10.0605
13.6001
11.7908
13.1184
10.6329
11.6123
13.5246
10.4754
9.72306
8.26588
13.026
12.6034
13.6452
14.072
4.09779
10.3695
9.80793
13.6803
8.57329
12.8092
12.3431
10.3594
12.8802
13.0507
11.6051
9.97731
12.002
9.40549
13.9777
6.11705
12.3422
10.9564
4.33943
9.93569
11.5995
6.1442
4.49012
11.2446
9.86969
13.8103
10.6439
13.2901
8.75927
14.9144
13.9023
13.4956
14.9304
11.1222
9.64984
12.6206
11.9287
9.71753
14.9534
10.0061
11.4848
11.7128
14.7931
10.6151
12.3121
6.81221
6.42713
5.33297
9.33543
10.8762
10.2452
12.4895
12.3299
12.2471
13.2085
12.3885
13.3981
11.2673
11.3855
11.9205
9.88903
12.4179
7.3406
11.2353
11.3732
5.53698
13.0241
9.97738
12.3168
9.05775
11.4231
14.7941
10.3249
9.44782
10.5826
12.8956
10.4912
11.9719
13.5246
13.9152
12.6027
12.8793
14.1647
14.3672
9.03524
7.82147
12.3284
14.4311
7.6406
11.7647
8.83117
14.7765
10.7991
13.4513
9.48945
6.1334
4.6368
8.51849
10.3891
13.3523
14.1271
14.843
11.2713
10.7929
9.06437
13.9655
10.78
11.8852
8.65053
8.67495
12.3639
14.9809
6.72794
11.1049
12.5657
12.1897
4.88626
14.3643
13.6054
10.4634
12.5039
8.63477
10.9745
14.4638
6.20816
8.04658
12.461
6.69144
10.4487
12.1807
10.8637
12.189
10.7036
8.38895
11.8177
9.46284
14.9059
9.53499
8.76614
11.1466
10.6218
12.7763
12.5364
13.6569
12.6045
12.178
12.4971
12.2307
9.87597
6.42326
11.3716
10.6192
8.77001
13.8582
14.2483
8.56811
8.31693
14.3235
12.7568
13.2215
8.19907
8.29987
12.5076
10.0299
12.8476
11.9367
6.71246
11.3567
11.0974
12.4163
14.821
14.7655
11.0184
10.4085
7.05482
9.37821
7.47215
14.3799
11.9122
8.3081
13.0081
7.94266
11.5959
5.53321
12.9292
8.01655
10.1544
9.57783
10.2988
10.8942
8.24745
8.75043
10.1454
9.54738
12.5667
10.3503
7.02673
10.0294
6.84864
8.60821
12.7424
5.88722
4.57843
13.2866
12.4619
11.1851
5.27594
9.37982
12.1668
10.5709
14.3602
8.32114
11.8115
5.17945
11.1887
9.00292
8.58926
14.8182
5.53045
14.8729
10.7484
12.8422
8.48111
12.1545
9.49306
13.9281
10.4087
8.18809
4.69356
13.6042
14.1082
14.3117
9.61048
13.7561
12.8682
7.75696
14.5543
8.61559
12.4188
13.336
7.44187
8.23944
11.8883
9.95551
12.9094
14.4399
14.4231
13.648
11.5937
12.5682
13.9666
13.2197
13.7151
11.3138
13.975
6.65412
13.6036
6.10334
8.92274
5.35788
9.3459
9.81589
11.7812
12.698
10.0347
7.51774
7.92313
10.0426
12.3606
11.0129
7.77656
11.0518
4.59135
10.9429
5.32314
14.0599
4.90722
8.61205
12.1304
6.9883
9.91562
12.2218
14.5506
11.4518
13.4969
12.1852
14.1574
6.41837
13.3905
4.00088
8.37593
7.45743
7.44521
11.798
9.97891
6.29923
8.50569
13.8425
8.5425
12.2317
11.6321
14.2111
14.8884
12.7228
8.05156
9.99854
6.37193
11.0276
8.66807
5.26663
12.966
10.2814
11.1303
9.92662
13.0153
12.424
5.7729
12.4965
12.9432
12.9641
10.4063
9.49255
8.59838
11.5598
13.3312
13.6469
14.6495
11.414
8.87689
14.7098
14.885
6.53048
8.29739
10.745
8.85705
11.916
12.3413
10.5185
11.8236
7.85619
12.0062
11.6017
6.08249
8.03914
9.56558
14.4697
7.58401
5.27499
8.21823
9.00262
13.1153
12.8413
8.87602
12.4053
10.7305
14.6668
7.1155
12.8547
11.6718
9.13203
6.60698
11.6721
13.0717
5.80617
11.1861
13.2925
11.8856
6.56044
7.57499
6.52342
7.80039
9.87553
12.1607
11.7315
9.78288
11.6266
11.8773
10.9678
7.16277
10.1567
5.56378
13.051
5.56456
7.47954
13.4893
14.2778
11.2538
9.35477
11.5822
13.7525
9.83727
11.7133
8.67784
13.67
11.8715
10.4267
6.20496
13.5735
11.9593
13.7456
8.24695
5.74632
12.9187
9.8114
11.005
13.3187
8.90052
6.61631
9.45834
13.2482
6.14859
5.05185
11.3255
14.1872
13.2009
8.43829
11.6772
6.32516
9.27288
6.97373
7.9145
11.5631
7.74669
8.69423
8.99619
8.48947
6.26613
12.7506
13.1481
8.41856
11.73
13.7227
9.35581
11.9952
13.7584
14.7924
14.5766
10.7223
11.9697
10.2097
8.60549
6.87859
12.6986
14.2391
12.7994
13.0827
7.92248
14.1035
8.00632
9.88617
14.7027
12.6753
5.39268
5.35381
11.6384
13.291
12.2591
9.81419
9.28281
10.7273
14.8265
11.7459
11.5095
9.07316
7.08956
8.0188
9.33089
14.9434
13.8402
13.7214
7.77033
10.1244
8.26877
13.0133
11.9136
14.1438
11.0163
11.0912
9.34892
13.764
10.4421
14.5727
13.3938
12.3488
6.60002
10.8944
7.58414
13.1151
10.0918
9.35983
11.2978
4.54439
14.9388
13.7434
5.55976
8.45829
11.7135
14.1119
12.7752
11.3141
13.3785
8.92622
12.5583
9.66198
11.6855
7.31189
13.6101
11.619
14.0525
6.15414
9.21438
13.3233
12.0391
5.36954
9.43153
7.75243
12.5066
11.0774
9.61654
13.1589
5.74275
10.4045
8.52015
14.9763
12.2987
5.85146
5.85156
6.16406
7.87279
10.4666
13.7304
12.9694
12.3554
12.9254
12.5442
11.0046
12.0061
13.7927
9.02092
11.0263
9.21684
9.11794
6.28276
11.6417
10.1381
12.5119
13.7732
10.3914
11.75
11.9875
7.25859
5.45875
5.69168
9.89223
9.61928
11.0401
11.501
7.29987
6.22378
12.0336
11.7232
11.8377
10.4089
9.92002
8.63984
11.7261
6.81859
9.33744
9.40414
13.0296
12.603
11.5486
13.1566
12.3746
9.93848
13.7587
5.41543
14.2264
14.5876
12.8639
10.6346
11.9026
8.51039
13.539
12.2076
13.1804
12.7486
14.7693
11.7829
7.97111
14.5359
10.2545
8.05043
6.76787
11.3828
4.25182
11.0669
13.8451
10.2209
13.0106
13.8612
9.34703
6.44866
9.49388
8.50028
11.5849
6.26091
9.24846
7.62083
9.34036
9.14947
9.52497
14.3714
9.79413
4.86156
6.592
7.12886
10.8652
11.5505
13.5487
12.6027
8.99686
11.7144
6.69714
12.0552
13.6024
10.8214
8.55648
11.4993
9.33899
7.84721
13.1712
13.6981
9.82434
14.7055
11.9102
9.21675
12.7376
9.81706
5.11081
6.77802
13.9364
11.4448
7.95763
9.35548
13.2058
12.3501
9.30762
13.1235
7.86361
10.9791
11.0035
14.0188
6.52728
10.545
9.96084
12.4821
13.2633
8.20216
7.03727
7.8324
11.0268
8.68447
14.0848
11.5445
11.6881
9.81841
8.78096
14.8747
12.1822
9.57864
13.3334
10.4862
10.2474
12.5116
14.7395
14.4357
11.2525
14.4842
8.23908
5.73483
13.317
14.102
12.8174
8.60387
7.09529
9.70953
14.5139
8.96107
6.12578
12.8865
12.4579
9.53307
10.0703
13.1635
11.1275
8.42764
10.5173
14.9746
10.8909
11.3794
12.0777
9.95041
11.9421
6.18286
7.35833
13.6428
6.75712
13.174
7.93528
7.58117
10.5061
14.9739
13.5724
14.7805
14.589
14.2851
13.7601
13.2403
5.05093
9.57436
10.1845
12.7925
13.6581
4.65183
10.5782
7.85104
11.7576
11.4542
12.8912
11.3154
13.104
13.7247
14.9633
8.63208
11.7702
8.78206
12.4965
7.11534
9.04421
12.0321
9.83479
9.44033
9.50109
10.2835
12.9297
10.2414
13.0831
14.5099
12.958
10.1857
8.90305
12.2536
10.5129
14.1209
10.4027
8.77128
6.20891
8.62608
14.0322
11.0421
14.9836
8.9183
12.1848
14.5735
13.5327
11.0151
5.15871
14.7422
10.756
13.4425
14.0943
14.5159
14.2094
8.53442
5.71453
8.48663
8.95318
14.1237
9.77265
9.45297
12.2434
10.099
13.3183
14.462
12.7189
12.7112
14.3443
13.6108
10.551
11.0357
9.96161
14.5853
11.5714
10.4473
12.3891
14.5184
14.9357
14.0607
12.4082
8.55427
12.2962
6.16508
6.28575
11.1014
11.184
10.1557
13.1635
14.3595
9.21624
9.51054
9.31691
9.06658
10.2485
5.74724
7.73317
12.8624
6.44355
6.72333
8.6963
9.86478
5.79099
9.84157
6.31024
6.41905
11.0192
12.9523
8.73222
9.58506
13.8735
14.8201
14.0669
12.7233
13.2546
13.8211
14.1407
8.61281
10.1
14.6712
11.1075
12.6164
13.99
11.5327
11.9111
14.4108
4.51797
9.09665
9.87384
7.00872
13.8952
12.2857
6.35235
6.3545
6.29183
8.79156
12.947
6.14127
10.7097
7.23074
8.28929
9.63378
9.70708
11.3388
13.7275
12.9499
10.4372
14.6756
5.55657
9.69551
14.6016
12.6921
9.8255
10.3773
10.0303
8.93534
11.0999
13.2731
9.27649
8.10726
10.9962
12.4795
13.9089
13.6804
14.5958
9.45154
6.01076
10.4159
8.23406
12.7597
9.85839
7.61117
10.5814
10.2735
9.96402
6.3003
14.2131
6.08978
13.5982
14.2818
12.2721
14.9971
4.1175
8.5756
12.4186
13.838
8.59165
11.9006
9.2298
6.1744
14.7975
8.16971
9.1848
12.0125
11.6977
9.63216
14.178
11.9382
6.80394
14.425
12.4929
12.003
7.55382
13.0917
10.7479
6.55573
13.5386
10.8263
13.9674
6.65803
9.67969
9.92518
11.7559
14.0797
8.89311
13.0112
12.7215
8.46724
9.18616
9.55667
14.5179
10.3807
13.7312
6.02432
11.7848
9.62334
10.184
9.88464
5.81486
10.0896
7.34458
5.55051
14.9292
12.5516
14.9035
13.1017
14.1792
4.86371
14.4449
13.5452
11.195
10.0822
8.52156
11.6257
14.4728
11.2162
13.3694
12.4734
11.2999
6.12791
13.8136
7.24533
12.0761
5.76748
12.8315
8.68006
9.63491
14.0211
11.9811
14.9826
14.1028
14.9311
9.60215
5.76627
14.1844
14.473
12.8966
9.50111
12.1576
8.07049
10.4026
9.02163
9.44318
11.4892
11.5499
11.7457
12.6126
14.4376
14.6018
10.29
13.7207
12.4905
10.636
13.7945
8.75729
13.7744
13.1748
8.33054
6.85088
13.0213
8.18449
7.04324
10.5129
14.7046
13.9935
14.01
13.0728
13.5259
13.1448
9.01274
14.705
10.8394
13.501
12.9718
13.3714
11.0225
10.7462
4.17587
7.73392
9.80842
7.24985
10.3055
11.768
12.5357
12.6874
11.3569
7.85425
13.6942
5.6894
12.6537
14.2729
7.62637
5.25898
9.6271
12.5826
9.29022
11.532
14.7542
9.91268
7.95088
12.0278
7.59804
9.77085
9.78033
11.4541
10.227
9.96126
8.46666
6.916
11.9529
10.9049
10.2564
12.0374
8.50324
13.8492
12.0985
8.73018
11.0978
8.99822
6.83573
8.89821
7.80127
7.78952
9.0445
14.7927
11.0568
7.58927
14.8083
8.1354
11.3027
10.7587
12.4513
13.6438
10.5264
10.4889
8.79962
14.5297
9.83975
5.9519
9.61696
10.9594
5.97223
7.82551
8.23449
14.4034
11.5501
9.02184
11.0039
10.4651
13.628
9.35708
12.2614
8.73815
7.62574
12.2179
5.98482
10.1275
14.6592
10.1219
12.5271
14.6365
11.1431
9.93085
11.3997
5.42574
12.0369
8.6192
13.395
10.8745
11.8279
7.83737
5.96797
10.77
6.31824
5.25096
14.9733
8.22069
10.1318
9.83884
12.972
14.6681
10.6559
8.50609
6.06739
9.75401
13.3173
12.2303
9.37628
8.75942
13.9177
12.7256
14.4105
10.1133
8.54822
12.6551
14.3018
9.23201
9.42164
10.8538
7.9173
11.203
13.5766
8.39337
10.017
14.9444
11.9673
14.7454
14.3408
11.5879
14.5732
8.159
10.9909
6.45995
8.59729
8.38833
10.9459
9.98586
14.0212
5.8931
14.1787
11.0157
14.9755
10.3924
7.85605
11.2378
7.80979
11.2013
5.99927
9.42782
9.39471
12.2999
10.3076
12.5133
14.3512
9.67522
12.6669
10.453
13.0462
10.2738
12.6686
9.391
11.1746
8.58245
5.91595
5.16759
7.32875
11.859
10.8097
11.7373
13.7663
10.2706
12.2939
14.0786
11.1105
8.36947
9.9982
8.78281
12.7358
14.9218
9.8942
13.2194
12.2338
11.8696
9.43475
6.79931
9.58398
12.5217
12.2406
11.1128
9.73526
5.56326
13.7583
10.7581
13.0448
10.3249
13.3754
5.27259
13.8235
14.0562
10.3543
14.929
8.46189
8.68906
14.2293
14.39
13.2655
14.547
5.24183
10.4821
14.2821
7.44477
6.875
6.11554
8.12677
11.4231
13.2241
9.54189
8.66679
14.7548
14.8696
11.8397
5.72933
7.81542
14.1019
8.83651
12.4196
8.73168
5.79934
14.2942
9.51385
6.24199
13.5707
14.7435
12.1175
10.1506
6.48232
10.4123
12.8911
11.1265
10.091
12.2497
9.15397
14.3586
9.97972
10.6248
6.96898
10.5848
14.5921
9.39058
12.1808
12.1883
8.96534
9.16989
11.7008
12.9298
13.021
11.4085
13.517
12.0084
9.20114
11.3143
10.1795
11.1743
13.2125
11.0723
10.8367
11.6629
8.46273
11.1976
11.2041
12.2893
9.41371
13.9225
10.7304
14.0367
11.802
12.0158
10.8571
9.85071
5.90584
10.8002
14.7867
12.7013
13.9632
5.29187
13.1599
10.8894
10.0644
13.3484
13.749
7.21583
9.27963
13.1508
5.78491
4.98281
10.9801
12.385
14.8017
13.5932
8.0419
8.27949
11.9907
9.37732
12.8144
12.0169
12.086
13.415
14.2539
12.6578
8.56016
9.83296
10.1322
12.1266
11.664
14.1926
10.5938
12.922
6.66369
8.18826
14.2811
11.656
7.85597
12.0784
14.423
9.39727
4.21517
9.59264
13.9257
12.5484
12.9609
8.7412
9.81599
12.7599
8.60155
14.2784
8.97053
11.1144
12.0207
13.6342
13.6337
7.765
4.92458
6.62784
11.6039
10.1933
9.90687
12.0492
14.7951
8.60549
14.0695
14.6266
7.74507
6.39137
8.30957
12.6938
14.2848
12.115
9.98528
8.83619
8.74236
14.1233
14.37
14.7339
14.8382
13.8917
11.1822
14.9037
13.0898
14.2511
14.6812
9.85651
13.2983
14.4989
11.5054
4.79419
12.3816
8.80373
12.165
8.14133
9.48505
10.8692
8.57509
7.19073
8.87037
12.688
11.0621
14.3832
6.59858
14.9275
11.9831
8.83796
11.6245
10.7723
7.47951
8.60621
6.3482
13.4039
8.1858
10.6413
12.9058
9.44575
12.698
14.5099
8.57784
11.0616
14.3738
12.4309
9.78615
12.8747
6.4824
11.8326
5.73786
8.7477
8.72824
11.5055
7.14349
8.19049
13.3651
10.6807
14.1745
13.1613
8.11887
8.62026
8.25184
14.1537
9.57869
12.1081
6.29351
8.75891
7.64478
10.774
11.0885
14.6656
14.6098
12.8467
12.4451
12.0574
5.50359
11.573
7.59086
8.8181
9.05322
7.80179
8.65266
9.94857
12.3229
5.63853
5.49484
5.47842
6.73637
5.87418
9.26229
6.80261
13.625
13.9741
10.9587
11.1274
10.4074
10.5407
10.6472
9.83969
9.62004
10.7728
12.3812
11.7122
13.1786
14.0481
10.641
11.7339
9.00817
14.4745
10.8155
7.52127
14.8494
10.7142
6.3855
12.6787
13.601
10.096
14.9388
14.1725
7.99927
10.621
12.91
14.2654
6.44161
13.009
9.92618
8.69225
10.9629
10.3654
5.55672
9.07511
13.0763
11.0157
13.3447
13.0265
10.2264
9.01713
6.41878
13.1466
6.67737
4.56516
13.8474
13.6792
11.8191
14.6232
12.1831
12.5319
13.4988
9.31011
12.2782
8.42122
9.43036
9.43941
13.433
12.492
13.2673
14.2518
11.0851
13.5936
11.2502
9.25512
11.8622
9.67643
10.1029
14.4587
6.86512
12.7246
10.296
8.53088
7.39154
11.5197
6.16402
12.4315
8.64494
9.55512
10.4206
9.70928
14.6714
14.7002
9.16224
12.1741
9.7937
5.40308
10.8058
5.86129
6.85457
12.021
3.50927
9.37619
8.57424
14.438
13.4233
9.60149
14.6933
8.24841
10.8056
5.39194
14.8718
10.4948
6.37845
12.3309
13.4469
14.214
9.26076
8.31099
14.3076
12.6667
12.7037
14.0035
14.0048
5.0149
9.96511
11.585
12.4687
13.7327
6.88241
8.58611
10.7674
12.484
7.25151
12.2394
14.6497
4.59916
9.33793
4.95353
8.75768
12.3494
10.8222
11.2822
10.5442
14.6833
11.1849
12.4235
11.8827
8.82887
13.4452
11.9163
8.64948
14.1802
12.1153
6.77397
9.69766
13.4627
7.06659
9.57205
9.99098
14.6047
12.5039
13.8227
12.9585
12.0981
9.52398
9.93712
6.62398
10.2932
11.6374
9.12105
8.89452
4.14066
12.3918
14.499
5.94646
8.96613
11.7408
10.8647
11.5503
14.8078
10.9799
12.4123
14.2437
14.2614
12.6407
11.164
10.0428
13.6268
5.17221
7.55964
9.88382
12.308
12.2087
12.2742
13.9751
14.4309
5.77189
9.34392
14.6215
9.26045
10.2774
11.1228
9.88404
9.79684
13.8801
9.82436
10.8746
14.3731
14.587
8.76033
13.8622
11.0704
12.6694
14.4584
6.19712
11.8411
10.9572
8.57575
5.96442
8.57979
6.13949
10.9158
9.68367
13.7024
11.534
6.34121
8.39871
10.0073
11.5726
9.50003
10.5528
9.65387
13.391
11.4246
14.6565
10.1899
12.8371
12.9479
10.85
13.045
12.0115
6.17016
6.43936
6.58132
6.08158
14.2703
11.4807
9.3408
13.9643
10.403
14.9037
6.96652
12.4115
11.64
13.3281
6.13852
14.9994
9.76683
8.26035
10.3477
12.2144
8.54114
13.6058
14.2603
14.7067
13.7294
6.6883
13.8661
13.6335
10.8225
11.0992
7.17722
5.99515
7.99235
6.71053
5.51567
8.66156
9.84167
6.93393
14.3814
11.0292
13.0357
11.0221
5.57316
11.1537
4.12606
10.0117
9.67278
12.4411
12.9716
14.9643
8.27973
8.23125
13.7748
12.5545
12.1827
6.99808
5.71045
10.6583
7.34529
8.2267
9.90029
10.3393
11.992
13.3711
12.923
10.4569
14.7084
13.5951
10.9747
14.7346
5.91189
10.9667
14.9673
13.2456
12.6441
12.4228
13.9931
8.26304
11.0857
12.7417
10.0325
12.0688
12.5899
14.5368
13.1924
10.777
14.8767
10.7825
9.75064
13.2162
12.5978
10.4261
12.8907
11.8568
10.6442
6.07545
6.6942
11.862
12.1926
12.4177
10.0457
8.10768
13.9758
13.0329
13.236
14.1051
13.7823
7.78029
11.5386
10.5193
8.33912
10.68
6.35691
11.6719
11.7264
13.4793
12.7942
12.8899
13.2029
12.5095
13.4275
14.8863
8.25419
13.7219
11.5431
7.73871
14.7207
14.0323
6.33231
11.9128
9.97759
9.85032
12.5203
13.3985
8.55346
10.6499
9.83675
9.91223
14.2445
11.6008
12.5518
14.5687
5.47428
10.487
14.8013
14.672
7.34132
13.3821
14.5249
7.6111
12.0858
10.1309
14.7194
13.343
14.9749
12.9868
13.4156
8.00877
10.8668
6.22523
10.3569
10.8881
12.8612
10.3673
6.64752
14.6386
13.6437
10.4754
14.6487
11.7647
