14.4743
10.4374
12.5836
13.9106
14.4653
14.4664
8.64434
10.1139
14.2699
13.4042
12.4074
9.86554
8.65097
14.5735
12.5913
10.6441
9.87683
9.72399
7.09197
13.4128
9.54994
10.6507
8.41846
11.1106
14.6434
9.36309
12.803
11.2435
13.0035
13.8835
14.2158
13.253
8.92491
7.65826
7.58926
8.4552
11.8044
8.9624
11.4362
8.92438
11.3299
10.1019
7.71058
8.73562
10.1705
5.17914
8.59243
10.9366
14.9712
12.8222
14.1901
5.79532
10.1866
9.88741
8.53284
12.765
10.8576
9.65979
9.98912
10.1075
14.1654
12.0198
13.4661
14.633
8.03517
9.03098
7.90055
10.9808
13.7653
10.1688
13.6499
9.58971
12.0509
13.5233
14.0102
5.55655
9.62945
10.016
6.85106
8.85851
5.11142
5.31176
11.8932
10.6963
9.64851
7.76838
11.588
7.96472
6.02186
9.94789
10.5871
6.22896
8.85155
12.6424
12.9589
12.1717
10.7599
13.5245
10.2862
6.44922
10.7492
5.4977
7.27763
14.9579
12.3646
9.23721
8.7152
11.0635
14.7807
13.2198
9.18175
11.8487
8.68488
8.64482
11.8228
8.94367
12.5092
9.98588
12.3314
8.69535
11.2484
13.8718
14.1629
7.6203
7.10377
12.5259
14.0117
12.5052
10.1319
10.2466
11.6682
9.39482
9.54043
10.5912
6.55371
11.3399
8.26804
9.94571
7.48266
13.6337
11.4733
9.01676
9.34424
14.105
14.8924
14.4539
13.5577
12.5108
13.8552
11.7381
3.95051
13.8374
5.21629
9.70441
9.8917
13.9181
8.53547
12.5289
10.5458
8.87281
6.37444
14.7238
8.63224
12.364
13.694
12.1017
6.31786
11.7779
8.21958
14.063
10.5287
14.1811
14.7133
11.5963
12.6185
11.9886
10.251
8.47366
12.7024
10.1366
9.89939
5.1008
12.6951
8.77824
9.97413
7.30778
12.0515
10.0523
9.02773
9.75655
13.0134
14.0531
12.335
10.0495
14.0913
14.484
13.3029
10.1637
14.2518
8.91041
12.3018
8.9556
9.51243
11.1985
13.842
8.75776
11.3812
9.58229
12.1268
9.57541
12.9148
11.7098
10.2182
9.31577
9.77031
8.54265
14.8167
14.4131
7.75755
7.03328
8.66665
5.23835
6.29317
4.36259
13.402
9.97425
8.55855
14.0438
13.7552
12.4278
13.5617
14.1172
10.411
10.5115
5.34899
10.4142
9.82577
13.3456
5.82068
8.169
8.43603
9.95804
10.4962
5.81543
6.31191
13.8878
8.92334
4.42859
7.98261
8.03568
8.70737
14.0612
13.3444
12.2283
13.4823
8.33601
13.8732
5.09118
9.13773
9.30374
14.0892
14.2464
13.0299
13.2405
9.30677
14.1904
6.58355
10.9471
14.344
11.6677
9.52532
9.43989
13.197
8.40192
11.9327
9.13823
10.8547
13.8012
11.4384
6.17009
11.2557
7.21439
9.58796
7.56083
8.99506
13.15
14.7145
14.2107
14.784
8.66552
10.6974
6.82348
9.53699
11.9917
12.4211
9.39161
9.03461
13.9039
10.4568
11.5339
7.40236
6.20348
13.1092
12.0511
11.3661
9.38462
8.43812
11.5465
13.461
11.4601
12.2446
8.47419
13.5264
14.365
10.9318
11.2679
14.7062
11.8501
14.2476
11.4503
7.57857
11.519
7.25229
13.6899
13.1879
6.6824
12.9897
11.1973
11.0879
14.8083
6.02568
8.86822
8.59888
10.2437
14.5823
10.0387
7.54579
9.244
13.3629
9.26947
8.95408
9.08543
10.7973
14.7989
12.6896
11.7389
13.2334
12.1722
8.39353
12.11
9.36147
10.6642
10.2825
9.33445
9.66595
10.3381
11.6453
14.7965
8.39551
8.08401
7.07193
13.1065
9.48037
6.70222
13.987
14.2782
11.0212
10.6015
12.3973
13.9794
14.8036
10.3852
9.97101
8.79707
13.573
9.6225
7.84267
12.094
7.73366
12.3559
14.364
7.9496
8.18142
10.7999
11.8266
7.49828
11.4073
12.0787
12.0223
10.4035
14.3304
12.9017
10.1313
13.0429
10.5349
9.32115
8.48915
5.80709
12.5884
7.82853
9.59999
14.9614
6.1253
12.9695
13.023
11.8019
10.5547
8.60438
4.91435
7.62855
13.3865
14.3566
13.8904
13.1945
14.6229
13.4446
10.1231
13.7615
14.0912
10.3968
14.4564
14.5328
10.2016
6.48325
6.96358
14.7735
13.1567
9.00546
6.15021
10.2021
14.5494
13.5402
5.3841
9.27345
13.1362
9.70233
13.6218
6.10099
7.81092
10.2666
7.65275
6.38826
10.2313
10.5275
5.71922
12.7227
12.6509
10.5068
9.14047
10.5269
11.8081
14.0536
11.4832
11.5447
14.8536
8.10148
14.4223
11.4868
12.1053
13.1641
10.5228
14.9826
12.5244
14.2293
4.88512
9.7311
12.5759
12.3453
12.2883
10.3768
7.71113
12.0602
8.71377
7.2862
9.69218
6.10694
9.82624
11.2329
13.969
14.9523
6.19174
8.77713
13.0115
6.29137
14.8939
11.4565
10.6845
10.4459
9.92264
10.4297
11.685
13.3673
5.42707
13.5273
8.9685
12.4272
8.77943
6.749
9.2782
13.8097
7.4501
12.5747
7.22504
14.4243
9.8594
8.64887
5.0349
10.1413
12.2918
8.55089
10.209
9.2992
5.78554
5.29164
8.57553
11.3508
5.46826
8.0372
11.5176
7.25955
14.3446
12.2001
14.5569
13.7676
8.57605
4.7398
13.0729
7.36258
13.148
12.5802
11.7166
11.6123
10.262
14.3733
13.1633
14.0347
10.1727
7.50904
9.26039
10.4525
10.7317
5.0752
10.2838
9.6199
9.93878
7.6052
10.7736
10.7336
13.5591
10.7871
8.48505
9.41677
11.4726
9.18304
14.888
13.0176
8.65644
9.60615
13.061
13.0048
14.3891
13.051
10.9453
12.6265
14.6189
10.936
6.1285
14.0389
7.71708
9.6705
8.86944
8.48255
10.9547
11.1206
8.89042
10.0469
14.405
13.6597
9.80729
9.50321
14.4562
13.9386
14.4161
14.2494
13.7239
8.0093
10.4342
12.8651
7.51007
11.2013
8.41662
7.75616
11.7182
12.3745
14.5382
9.57716
10.6412
14.6018
14.6583
11.1339
6.72751
13.6728
9.46881
11.4213
13.4286
7.69118
9.94781
8.70473
12.6278
13.0645
6.7634
14.2429
14.0266
12.2435
13.3936
7.34433
9.11829
10.2031
12.6667
12.2763
8.93451
11.2553
13.3522
8.24998
10.026
6.21951
12.5609
4.78212
9.84498
9.38588
10.892
12.6465
13.137
14.2772
8.55221
12.7204
8.70439
9.71627
5.03555
8.63336
14.6572
8.83789
13.7211
8.30397
12.401
6.54244
10.8078
9.3616
11.7948
13.5868
13.4111
14.4369
13.6754
13.1257
12.1471
11.3968
11.2036
9.62574
12.2667
13.794
8.76832
11.905
10.6069
14.656
11.8681
10.8294
8.73424
10.2468
11.8396
13.9656
14.8
14.9456
9.67663
14.5092
12.3047
9.2404
12.7551
10.5214
10.5526
13.8509
11.9766
11.6655
13.7257
11.5314
10.4348
8.2234
11.4157
7.00517
10.0595
6.78887
8.66024
10.995
10.1953
11.5061
9.65598
13.9962
12.8404
13.1662
13.492
7.82358
10.5444
11.5932
4.43283
12.2755
10.7167
8.3718
10.9212
9.8129
9.18396
12.5689
10.1456
14.4133
9.53568
13.1214
10.3039
12.2247
4.93104
4.66674
7.91455
8.19786
10.8325
12.1004
11.7867
9.45421
10.4316
14.3568
8.95752
12.1906
8.63214
10.6796
10.7285
7.98198
10.4778
14.1959
12.4907
14.4803
10.1774
10.9496
7.15637
9.75638
12.7765
11.5164
4.42581
11.2651
10.4913
7.4834
6.31346
13.3254
8.87223
14.0225
6.09194
7.73568
14.7923
14.4021
11.8848
7.0521
12.0364
11.0819
7.65322
6.2822
6.36917
6.58062
14.6836
14.0879
11.0272
14.0122
12.2492
7.83719
11.3174
11.7779
7.17745
9.17519
13.9352
12.4629
12.0661
9.95391
11.9824
6.13138
7.92968
12.0734
13.9499
9.87871
11.4518
9.75077
11.6955
8.81496
5.3922
13.3772
10.278
11.9773
9.84012
11.2423
14.7422
8.77564
9.94932
13.5055
12.8762
13.9673
12.9615
12.744
10.6992
10.3991
12.9196
12.2718
10.6044
9.25269
9.55021
12.5493
7.56338
9.87384
12.9225
13.4337
7.45382
10.7173
9.2346
8.30651
12.9391
10.0946
6.14559
10.38
8.73746
9.50811
13.0818
10.9103
10.0204
6.39126
10.6918
8.45364
10.2888
5.87037
5.96377
8.96136
5.24728
14.5591
11.878
7.65297
9.91061
6.80754
12.4903
13.9709
12.6119
10.9169
13.3811
10.3371
10.7229
8.57404
14.4952
12.7483
11.5972
14.0115
8.09083
5.62695
10.8866
9.02759
13.4875
11.7733
8.05945
7.37411
9.96705
5.12283
11.1662
11.2504
9.70569
10.2848
7.52829
7.87177
5.47189
8.52103
12.0618
7.56112
13.2612
8.92135
10.5314
13.9081
14.8876
13.2482
12.3961
9.27713
9.18286
5.06539
11.5806
8.3669
13.2391
11.4668
10.7105
12.9367
10.3225
14.1621
9.12567
8.96117
12.3379
10.4421
14.8634
5.02923
12.3212
11.5815
9.27822
7.35758
9.09779
10.6747
12.7005
8.27467
10.4494
13.5501
14.9812
6.74695
9.96423
12.1609
14.5643
10.335
9.54281
12.1877
11.4575
11.0671
13.0077
9.13217
14.1891
14.878
14.934
13.1762
12.3512
12.4802
12.5294
9.49735
10.1403
11.727
5.29372
8.39831
12.637
9.3252
5.90376
14.4172
13.544
8.8173
9.03981
8.24776
11.5649
12.0257
7.09673
10.0689
7.12192
13.3369
11.6524
10.3185
12.0455
12.155
9.87767
7.03588
12.6266
11.0277
8.33326
11.8944
11.4174
9.91145
8.19153
11.29
11.6165
14.482
8.91068
7.33471
13.223
14.5948
7.98271
8.68594
10.0306
12.417
13.8127
9.78666
8.09127
12.2062
13.6335
10.5435
12.2753
9.92714
9.82016
4.81273
12.0872
9.14422
13.9031
8.52851
10.5826
11.7296
10.0235
8.1014
11.4683
11.7242
14.4943
8.94541
5.70102
13.2057
7.95872
8.27046
9.80544
9.20052
8.18093
10.2863
6.6783
10.5353
9.7641
14.6577
6.7656
4.57697
13.7565
11.2188
13.7222
10.1916
14.3522
9.3848
9.15696
11.7976
7.61333
11.7983
13.6904
11.6762
11.4344
13.6656
8.25916
12.2012
9.35472
6.30161
11.4919
13.8002
12.399
14.306
6.79109
13.7569
12.1944
12.112
12.2382
14.7488
9.9552
11.4737
14.0338
10.125
14.1752
14.7775
9.3815
14.5425
7.99312
4.68323
14.261
6.3625
11.4991
10.7315
12.6597
9.86745
11.6324
11.9219
11.8097
10.6978
14.0989
14.7402
13.3826
5.20551
10.635
10.2044
13.3022
14.1391
14.2865
13.9319
14.1986
10.9364
4.92181
14.8547
9.05821
11.0505
8.14328
5.27593
13.9329
6.73018
11.0723
7.90836
5.5704
9.01809
14.8494
5.40848
10.4015
9.22682
9.80779
9.72215
13.6569
11.635
8.04345
8.7065
7.51697
10.5601
8.72148
12.2903
11.5736
14.3813
12.8581
13.5969
11.6201
12.6953
9.0721
13.6576
5.19935
10.4768
10.4146
12.7021
11.4887
11.6935
12.0699
12.3267
13.1996
9.73159
14.4078
10.2493
7.9338
6.21357
12.2699
12.5284
13.7019
11.3171
11.8656
12.7326
13.0019
9.25975
5.65243
10.7794
10.6357
13.219
14.535
14.914
4.91635
8.23305
10.7502
8.31778
8.52047
12.673
9.44475
14.0263
11.4839
11.6015
10.6672
7.57166
12.2004
7.66014
10.6339
10.5192
14.2272
11.563
14.3952
10.846
13.1421
10.9643
11.6716
7.19266
10.5033
10.7004
10.0547
13.7741
12.7995
10.8871
12.1166
7.79707
9.57074
14.2284
8.42734
12.917
5.35195
9.93189
8.55587
14.8328
12.2658
14.8983
13.9816
6.12014
8.1772
9.60903
11.4478
8.19051
9.20106
11.697
8.17889
8.70193
4.473
7.73243
13.8994
5.81461
13.4329
10.8971
8.46308
11.871
14.0902
14.2394
8.7056
10.1577
11.9267
14.5908
13.9503
13.0289
5.56741
10.0022
10.1733
14.7853
6.3746
13.6683
8.26238
9.69682
10.9873
13.6102
11.8795
13.1842
10.2621
8.51265
14.3623
14.0887
11.7305
8.80101
11.1656
8.93605
13.7432
9.78567
8.05804
8.51215
5.0361
9.3358
13.7601
13.0666
9.65082
5.54258
8.09993
10.8936
14.226
10.3498
8.72367
13.3491
13.4916
11.9066
14.1233
10.2591
11.4013
11.1089
14.3353
14.1292
8.5618
10.0204
12.6216
11.4965
9.04794
12.594
14.9311
13.6693
10.189
12.2412
13.9413
11.7615
12.4799
8.91825
13.4439
9.34713
14.701
11.3174
8.24844
14.8396
8.39649
6.11319
10.5351
10.8048
12.7783
10.8597
12.6007
7.75583
11.8371
12.4661
8.40208
9.05846
5.4346
6.21567
8.34142
8.14641
10.2092
10.4286
6.36839
10.5618
5.20802
11.1924
9.48683
5.89158
10.0022
6.37274
6.37127
7.6518
13.8899
12.7039
13.4602
11.951
11.5052
9.67991
12.6293
9.86181
11.4854
7.9471
8.49903
11.3252
7.55714
8.83166
4.40397
7.55058
12.1851
12.9806
9.89201
9.86773
9.09586
6.8571
14.5882
9.71317
8.30645
10.4897
12.2139
9.37637
9.08801
6.20583
6.37111
8.75868
7.6869
9.69149
11.3594
5.88159
10.02
6.19832
10.7731
9.33632
6.04212
10.6563
6.17497
6.91423
12.8592
14.8764
8.15595
12.8204
9.50113
11.9651
13.8128
4.97581
12.72
9.96111
9.06069
9.13198
12.6768
13.7687
12.7457
9.57062
13.0674
12.3433
8.17455
12.1918
9.53615
6.17434
10.9449
11.3131
11.4966
6.16162
13.5999
10.1785
11.0148
14.635
10.5968
11.7524
9.4769
12.4752
14.9636
13.5003
14.1139
11.7856
14.7428
9.98645
13.0941
13.3457
10.6732
8.36844
9.22563
14.7773
14.1063
10.0028
6.03615
13.2295
10.0654
14.7222
14.027
8.72933
9.71705
11.9669
11.3109
9.7642
5.90677
12.529
11.9299
8.44575
14.7438
12.0818
6.28376
11.7602
10.6106
9.28388
7.76234
7.99576
12.6308
5.15031
4.34282
10.8151
13.299
12.5962
9.80315
14.5178
12.139
9.93351
9.66444
9.21836
7.37391
13.2119
6.02469
5.63924
14.1746
12.3366
8.34072
12.6243
11.0578
13.6523
14.1195
14.4013
10.0254
6.22194
8.67102
5.26524
11.7153
13.0496
13.8126
14.5506
13.3088
11.1693
11.0625
11.3136
9.13797
7.98947
13.9913
11.8722
7.37148
8.20135
14.6583
10.5325
14.5867
14.664
6.40829
6.32721
13.1657
11.7592
14.1984
10.1228
14.1601
12.1275
10.1382
10.2931
12.4613
10.2139
7.97033
6.01683
12.5224
10.6425
9.25458
9.04389
12.8268
12.2497
11.2468
7.79944
7.30435
9.87352
6.66622
13.398
9.37179
11.0698
14.8181
13.4313
12.9787
13.274
13.7823
6.78052
14.1115
10.0655
6.56254
11.2539
14.8912
10.9556
10.9393
12.7038
11.8879
12.2435
10.7062
7.56889
6.3371
8.50387
12.5449
11.7093
11.4644
5.99996
8.89687
9.89392
11.5847
12.727
5.9571
10.2964
6.23682
13.9087
6.59923
13.8069
10.4327
4.04936
10.3284
9.75059
12.5505
5.82272
11.8892
8.52365
9.76949
12.6731
13.4127
13.9726
10.0779
12.4168
9.46495
7.63423
12.3691
8.31063
11.4995
9.02871
14.17
12.1093
11.0993
12.4689
11.1804
12.005
12.5459
14.018
11.2562
14.4984
12.965
14.9623
11.0998
10.6588
6.6051
13.6954
13.3153
8.01043
11.7006
8.52556
14.3881
12.9932
14.7045
7.95316
13.1241
11.8761
11.4079
13.8397
10.4085
14.4963
11.3933
8.29893
13.6674
11.6495
11.0072
6.36154
9.73199
10.0856
11.4949
13.3293
4.91111
12.7027
9.88522
10.499
12.4795
6.68282
5.4418
13.7065
12.9328
11.7061
10.9446
13.0275
9.93615
11.7794
8.14231
10.5824
5.63747
8.39474
10.9994
13.8465
8.85412
12.6788
9.38536
8.29116
11.5405
7.72536
7.88599
6.77599
8.80981
11.9674
11.9162
10.5965
7.48557
12.7446
14.8626
9.89361
13.2414
3.89897
6.48206
10.649
12.9526
12.7942
10.2302
6.99187
5.60021
5.61129
9.53782
9.51362
9.29549
11.9122
10.8418
6.93429
8.65692
6.34462
8.54688
12.4433
14.6225
5.02328
9.56962
13.347
11.4143
11.3468
14.6121
14.0684
13.4984
10.4922
12.7732
13.8143
5.12093
7.07163
9.24847
13.1552
14.2816
9.64457
12.8885
12.9975
6.43048
7.08986
7.11686
14.503
10.7279
14.3546
8.37849
14.8611
12.4199
13.8925
9.03918
7.82807
6.57965
8.55879
9.35824
5.19833
6.24935
5.97871
6.40231
14.9286
7.49738
14.1887
13.4378
13.1197
11.0747
12.6154
10.6175
8.53886
12.6823
9.40145
6.02258
5.60227
12.9945
13.4535
12.9488
14.8826
13.0908
14.7917
13.9606
10.0841
11.2591
6.50088
5.08665
6.0056
13.3278
12.5662
9.98799
7.07742
5.4123
8.86926
9.14237
11.8169
11.5235
14.5624
12.109
10.3613
3.72335
13.9354
13.3463
5.70006
10.3409
14.1597
5.34518
11.8925
12.927
8.98139
12.5136
8.09604
11.4423
13.4771
13.875
14.3062
14.1208
14.1375
10.4019
9.75612
13.6384
10.9094
11.5589
14.2128
14.327
14.2284
13.1387
13.6853
9.15344
10.0803
7.73097
7.76368
9.17799
14.8202
14.3192
11.8097
8.32949
13.884
10.9953
10.0203
6.96084
13.5194
8.31612
14.1727
11.2146
11.8611
9.30109
13.1103
9.06139
14.1915
13.4286
13.6214
5.69049
12.7314
6.36559
9.17108
14.3918
11.763
10.9538
14.7226
11.8311
14.6984
14.5634
13.988
5.09603
8.1347
5.88238
8.73209
10.5123
13.9259
9.16824
11.0613
9.5221
8.43154
6.05653
10.7821
8.31359
14.3336
11.1736
10.4828
12.7012
7.98253
11.6646
14.5884
11.9929
12.9226
10.2678
11.6165
13.8712
10.7883
10.3689
8.32528
9.99136
8.66467
14.5373
11.4713
12.1089
14.9917
13.8773
11.6509
7.28032
13.4957
5.82897
11.8089
6.55994
7.258
12.1848
12.6307
13.5161
8.61176
9.54226
12.0928
11.3751
11.3419
9.95599
8.25793
14.0781
6.21597
10.5777
8.31117
11.8036
13.6898
12.18
12.3007
8.72559
6.38584
12.9908
5.12366
14.1262
5.50811
7.26179
10.6005
7.30554
8.52521
6.14257
10.1352
10.4838
9.44951
4.91139
11.2471
9.68528
14.1233
9.6108
9.28119
7.5777
13.5406
12.3941
9.71617
12.2693
13.6574
10.624
9.95679
13.6287
10.9149
10.726
11.6011
7.64007
13.1121
10.0658
11.9426
8.37694
8.47813
6.68188
13.1474
11.9501
5.81113
10.2611
6.38509
10.4047
9.72712
8.19702
13.7046
13.2172
13.8879
11.191
8.24375
12.3552
8.13101
8.9231
10.4572
8.85911
11.4621
5.99712
8.54381
10.8155
7.22578
6.66645
13.3609
11.9341
8.18297
8.47339
12.9292
12.4759
12.9027
9.09041
8.13675
14.9523
9.8558
8.71173
14.9497
11.3998
13.4685
8.48454
13.1339
10.4377
12.5147
8.13961
10.7159
6.31839
8.89579
11.2519
10.01
5.97757
5.48172
14.5916
14.8958
10.1512
13.9648
11.3558
12.385
9.63233
10.9154
10.2865
12.5334
11.6471
14.1101
14.444
12.3968
13.7354
13.9248
13.8039
4.64223
10.8012
8.89232
12.9809
7.64354
9.93831
12.2671
6.19949
9.02623
12.4623
13.6558
11.3799
11.0195
8.26733
8.30702
10.8041
11.5102
12.1149
10.9291
13.1976
10.8701
13.3463
9.71473
6.84584
14.2816
12.5347
12.5334
11.617
14.4754
7.88538
12.5274
14.1559
9.88359
9.18811
8.47581
14.3966
11.8457
8.26613
14.8555
10.7476
7.95775
8.0606
8.49982
13.1239
9.31143
8.06813
13.8133
11.6064
13.1716
14.9629
14.1987
12.0964
7.91794
14.3979
14.1258
10.9826
4.96726
8.05359
8.58343
9.30283
4.74655
12.1796
10.2698
4.68131
8.39753
11.8897
11.4517
13.6309
11.1012
8.43855
10.0638
9.48081
13.3227
14.7174
11.4942
13.0084
9.69761
8.51485
10.7204
6.50267
9.13417
4.9022
12.0191
13.3412
10.1112
8.03923
9.58556
8.58921
9.84835
11.4011
14.2485
9.67796
7.92676
11.6937
6.90621
6.48839
10.0964
10.0823
9.35104
11.8157
10.0976
11.0731
14.7184
14.3583
10.711
11.2263
13.015
12.7335
14.0527
9.73287
11.6293
14.1524
11.7295
12.9524
9.26751
13.8521
13.0685
8.9114
10.7268
11.7339
12.4031
13.2929
10.2029
12.1677
13.9731
13.2223
12.8256
5.39759
10.0929
6.52643
11.1623
11.9994
9.5193
12.2261
12.2775
10.6886
12.3698
9.8995
10.4825
9.35773
5.88562
11.5177
14.0109
12.8672
7.02667
11.1641
13.6918
13.0139
11.297
14.4169
9.30605
10.917
5.32255
10.2737
9.25498
14.7739
8.38817
10.7805
10.1736
9.71697
8.19349
12.976
14.3219
5.80772
9.52648
9.54672
10.5675
12.3775
8.20128
5.00013
8.97618
10.8691
9.72173
5.85189
5.84893
13.8351
13.2767
13.5993
6.90108
8.18835
6.42222
10.6037
6.11166
10.576
6.271
13.1983
9.53803
8.70844
10.4838
14.8851
9.05769
9.97333
8.45926
14.8131
6.55846
7.1286
11.0219
9.99703
11.9959
11.4496
14.3924
13.2297
11.5804
7.22144
8.5529
11.254
10.5612
12.9467
12.9089
13.5626
14.7356
4.93959
6.39123
7.63231
6.0229
13.025
13.7586
7.23038
12.9231
5.58332
10.6057
6.36102
11.9256
11.1377
13.5917
5.11628
5.04587
8.84084
10.0055
9.93016
12.5503
10.7432
10.9968
8.06382
9.04611
14.8781
7.38897
11.9923
12.6401
11.4125
12.7059
14.1527
14.3771
8.7379
12.8598
12.6984
9.60669
8.95454
14.39
9.29049
11.2538
9.94657
14.9119
11.5233
8.72859
10.1867
13.9339
14.2766
12.7904
13.5332
13.8238
12.7027
6.94426
9.09436
11.2007
11.5537
13.3532
13.4813
13.0686
11.3855
4.80397
11.8536
6.76171
8.06818
11.0573
10.5356
14.2577
14.517
11.4663
13.8488
10.6625
5.29022
14.1663
10.5764
9.38734
14.1451
13.9771
12.8612
8.64575
10.9146
6.01302
8.89829
7.0327
14.0638
8.81622
6.55969
13.2702
14.6933
9.84731
14.9098
14.3703
8.43378
13.395
13.7606
12.5055
10.8019
14.71
14.1317
11.0136
14.4232
14.8176
14.4678
10.5478
10.0965
10.1341
11.5384
14.8163
13.162
8.23372
12.8455
8.2173
12.4385
10.0013
11.5129
7.23553
8.6586
7.97571
14.1399
12.386
5.71509
7.84971
11.6438
12.5945
7.30654
6.67151
11.6212
6.48813
11.1424
14.999
14.4912
12.6225
8.86549
12.6683
9.11085
6.46899
13.1013
13.1348
9.2414
11.6077
13.647
7.9813
13.5875
11.5942
13.5449
13.229
11.8062
10.3242
14.434
9.63483
11.3701
8.03056
12.8126
14.1892
13.7794
10.8759
5.05711
14.904
8.91169
10.2702
7.1036
12.8626
6.94815
9.88715
13.7265
11.1785
4.80902
8.45686
10.9321
7.62885
8.74038
7.28513
12.5623
13.3502
7.36544
6.82551
8.30035
9.37903
10.2054
9.95967
9.53533
10.4419
14.3015
7.0315
14.3562
10.682
12.9128
14.4628
11.9084
11.1788
12.9116
8.19888
5.879
10.6091
6.38966
11.2002
10.2064
12.1471
7.99648
8.88909
6.28944
9.46675
10.2072
8.98826
6.47579
10.245
5.30229
9.02033
5.13243
10.9845
6.37794
8.11327
10.269
5.59723
8.75564
11.7555
13.3153
10.1072
5.50919
6.08226
9.67644
12.8593
10.9978
11.7216
10.9982
12.974
6.33673
12.6849
9.41735
7.70068
6.00274
14.2279
9.57761
11.6143
9.02879
14.2569
14.9153
11.9145
8.75801
9.38253
13.5275
11.894
14.4134
9.78304
8.43415
10.5621
10.4517
11.1566
7.9444
8.77983
6.10567
12.9912
10.4813
8.02738
5.13822
6.46754
11.2515
12.7481
11.7698
14.154
12.811
6.12604
6.93137
11.2609
6.02264
10.8885
12.4483
12.4106
13.876
8.89582
5.92899
6.71066
11.1134
7.2353
14.3364
5.16593
10.3697
9.49347
12.1187
10.1055
10.9062
8.03952
9.1573
10.1668
13.434
13.9905
8.5079
9.49431
9.08136
12.6949
8.31554
11.2801
10.1521
8.60741
13.0683
8.71023
14.6977
10.0726
10.3765
7.41385
9.67738
5.8465
8.85456
11.9552
12.9876
5.15816
10.4065
13.6069
12.1406
13.4086
11.6409
10.6616
12.6916
14.6649
13.464
9.50439
14.9165
11.008
12.2329
12.2588
7.53892
6.56208
8.6271
14.8505
9.34737
13.9952
11.5793
14.8664
9.84282
8.67062
12.841
11.0069
14.2141
13.9706
13.5078
10.4909
8.89998
11.331
14.4074
13.5209
12.6511
14.6023
14.7019
11.3672
9.88894
13.7106
12.3327
14.9114
10.2582
14.2149
9.30953
9.53485
9.85045
8.04612
10.7718
11.5484
13.866
12.0269
11.4966
12.4753
13.9316
9.4389
11.6631
12.5127
10.7946
12.4276
9.24441
14.089
14.3891
13.4772
12.4433
12.3967
11.5411
9.40817
13.5761
10.8296
6.32676
14.2615
12.5467
11.2516
14.4045
9.65638
14.4314
10.4007
11.8155
9.53754
13.0984
14.528
14.2749
9.75072
7.70327
14.2575
8.84812
9.14215
11.4532
7.98618
13.7572
8.73049
10.0176
13.2794
13.7285
11.3135
10.4072
9.70256
12.7087
10.2805
13.1668
7.90748
9.56137
14.242
13.9606
11.9669
14.506
14.9379
14.2716
6.02421
12.1028
9.2246
12.0177
11.8581
11.2501
9.2947
10.1463
9.27675
10.91
12.9298
5.49233
8.49057
10.0528
10.7539
8.44484
7.01605
7.01063
12.0274
9.79972
5.59413
11.7562
11.1387
13.6473
13.4892
8.27798
9.5466
11.5072
12.3774
8.46375
10.7084
7.85445
8.486
13.2685
14.1265
14.6072
8.95909
10.0405
10.2889
9.10867
13.5139
9.89741
12.4158
9.50856
7.38221
11.3453
14.29
14.2902
13.6622
13.7626
14.5697
9.99448
8.42384
10.4874
12.9304
8.67512
5.39942
10.0439
12.5771
12.9126
9.0145
5.0236
10.0308
5.72718
11.494
10.2848
13.7547
14.6767
8.51928
12.4194
8.5963
8.92971
14.6108
11.9461
12.1772
14.0218
12.6722
13.5542
13.318
10.2592
14.2615
14.6798
11.9659
11.4938
13.4304
11.1721
13.1459
11.3322
9.24482
14.5569
9.26766
4.86082
6.1371
11.125
7.15603
11.5899
13.9872
11.0403
8.89204
13.8577
13.279
14.4951
12.4953
10.4882
8.35218
8.21869
8.23499
14.0123
12.5789
9.35864
12.3621
13.1083
13.1374
9.91548
12.5851
14.526
10.2797
10.1802
11.9227
14.8522
11.9303
7.67297
12.3399
9.02487
10.8186
14.301
13.0076
14.7665
8.41429
7.92426
11.2816
7.05522
12.5866
12.37
8.35387
5.3506
13.3361
12.4323
8.12742
10.3076
7.93625
5.35444
11.9218
10.6076
6.03236
6.69188
10.1329
6.92967
9.19614
11.3644
11.3264
6.24234
11.8372
4.97143
6.3109
9.9507
11.9146
7.65419
13.5376
14.4652
9.85323
10.5409
11.9441
9.95117
12.7472
6.23873
8.80251
14.0213
14.4267
14.7052
11.4063
4.17035
11.4214
10.744
7.21878
5.34001
9.47431
6.86552
7.21893
10.7861
14.1528
11.9291
12.6228
12.8473
7.59263
9.81822
14.4547
14.9669
6.41017
10.2438
8.27471
12.0838
7.27926
9.35827
9.86036
10.8193
13.5561
12.4678
10.9967
14.7932
6.71927
11.288
9.20243
12.1647
13.0282
9.66683
13.0637
11.8291
9.09037
10.3862
6.67259
6.1816
10.8922
10.8949
8.00001
9.67989
10.3816
12.731
8.40956
13.2556
9.19658
13.0084
8.04811
8.83189
9.63277
11.669
11.2553
7.553
13.1684
8.99662
12.4564
12.368
10.5703
14.337
13.0939
7.69955
10.935
12.3762
14.3064
14.9742
11.2802
11.7077
14.1477
12.4553
13.1449
14.7324
12.4375
11.3511
12.7372
9.89571
13.0673
12.7089
14.7501
12.0086
7.6301
10.6675
7.96567
4.53006
9.28278
7.40258
12.1192
14.6873
14.4235
11.4759
6.95534
9.74548
10.1875
4.99477
8.56196
9.37502
11.09
11.8349
11.5774
8.20057
6.79299
9.98967
13.2098
10.4238
10.6333
14.3793
10.416
12.9945
9.58331
5.69756
14.7601
12.5224
14.6485
14.6378
10.8853
14.4354
8.6254
7.90471
13.4365
7.9288
14.5927
13.7982
10.9469
13.9643
13.0916
8.3504
11.4312
14.5923
13.7285
8.40522
13.6973
7.95891
11.7953
12.9551
13.5951
8.6843
12.9182
14.867
5.25382
9.88185
13.1116
10.7053
8.22243
7.09359
10.0865
10.9301
9.59082
8.17616
10.0839
14.2388
9.47339
8.91117
5.91562
12.1574
13.458
8.57859
5.41058
11.6127
6.51599
11.2854
10.4258
13.9267
13.0898
9.76183
10.4709
13.0707
14.2618
12.2295
13.9216
12.6105
12.472
14.5948
12.6811
14.8886
11.3532
14.1763
14.683
12.8235
13.944
8.23059
11.6816
13.5333
10.1097
11.2493
11.5226
9.85596
13.2993
10.3219
13.7843
13.6576
14.4367
11.1277
9.31595
12.4245
12.0219
9.58898
12.5512
7.93645
6.22959
7.77287
9.73606
12.3174
14.202
9.26972
11.6596
13.0075
11.5405
9.04882
5.78318
10.0312
12.916
7.85065
7.26424
7.26111
12.1182
12.5076
11.4362
11.2994
14.7198
5.38893
9.80553
8.54451
13.3824
14.0943
5.27706
8.65821
9.84921
5.63556
11.2201
6.89044
9.66802
13.0176
11.3546
8.51802
12.3794
11.4312
8.98704
10.7634
14.4884
14.8605
8.19755
8.43393
5.15041
11.2897
9.85488
11.8749
14.0229
13.1855
8.97755
11.9566
10.2781
10.1155
12.6578
8.32811
8.22291
8.78
9.71505
13.2387
12.7278
13.9098
12.767
12.8051
9.74835
12.0564
10.7136
9.22876
12.1949
7.76812
10.4555
7.82851
5.6295
14.9449
9.65062
9.49107
10.2513
5.57927
8.91574
14.2463
10.7231
12.8713
12.2007
13.8231
13.1456
14.7504
9.90003
10.0266
13.2529
11.1559
13.2629
14.8994
8.11461
9.56242
7.70188
11.4006
9.73247
10.4795
13.4119
14.3588
9.71704
10.4148
11.4834
13.8035
7.85544
13.5866
12.1726
13.2236
10.5879
14.8562
14.3
10.2745
14.4011
13.3586
5.56289
11.0805
12.5296
10.9409
14.3259
13.3568
9.92279
14.8274
13.7775
11.0847
11.4382
14.4378
10.776
10.3728
12.6771
8.95562
10.5742
6.21589
12.6955
13.4429
10.8607
9.90787
12.1288
6.00284
14.4291
8.51578
13.6456
3.85773
11.5802
11.2096
9.6369
9.83437
14.3762
10.5357
8.18378
11.6357
9.35616
5.133
11.606
11.2946
13.6022
11.7477
7.10333
13.2723
9.58967
6.57874
11.5404
12.832
11.5565
8.39314
7.51869
10.1319
13.9015
14.1761
8.159
13.7784
11.3726
11.4748
11.0099
9.86256
7.88942
10.106
12.9671
10.2888
8.82819
7.87266
6.34088
6.56521
11.1913
7.46676
11.0715
8.28744
11.209
9.15975
12.8538
6.0698
12.528
13.9728
11.3436
11.4816
6.23037
13.0488
12.1171
14.2762
9.88545
11.7652
11.1762
11.9546
7.27662
14.2985
13.2229
11.3264
14.6045
13.9188
7.67698
7.09255
8.82745
11.5631
11.547
8.45573
8.3572
5.22965
12.9184
9.17141
10.4495
11.7326
8.58602
12.4905
8.87003
12.2074
10.3032
5.89039
11.127
12.5067
10.3248
12.3808
10.6114
14.7315
5.33995
12.619
7.70732
10.5201
10.4656
9.3793
8.68762
13.1251
14.1645
10.7737
9.9712
10.9906
13.27
6.22673
9.70784
10.4491
12.0347
11.6792
13.3786
7.53103
5.46019
10.8877
9.27344
6.22555
11.3318
6.7933
8.71029
5.7668
8.30941
11.875
8.38352
11.3578
9.47206
11.5411
13.6936
6.71767
11.3381
12.18
14.9373
10.675
7.12846
9.16565
5.67538
14.2014
12.498
7.40717
11.9602
11.4967
8.84896
12.297
7.7052
10.5097
6.66985
4.25837
9.76029
10.0495
13.1111
7.26446
7.78939
10.8336
12.7739
10.0283
9.02677
13.134
14.4185
13.5568
8.40895
10.0764
14.6083
13.9254
11.3034
8.9118
11.6084
12.7015
12.1702
10.0417
13.7227
9.94318
13.8468
13.2687
4.12011
7.33246
9.77098
11.5861
10.8908
10.8184
8.99177
9.64275
5.85107
10.7621
13.6636
14.824
14.3384
8.01443
6.33261
7.6617
12.5864
5.85234
10.4223
9.92052
11.8046
13.9454
10.0193
8.0465
9.18773
10.9799
8.04995
11.8998
9.10809
10.7495
10.2959
5.46845
7.4347
11.2703
14.4451
9.01288
9.64077
13.3951
7.27484
8.3377
11.3083
5.07585
11.3258
10.6885
11.3622
8.91039
12.2903
14.2795
8.00752
8.44149
11.6871
10.2406
13.6667
11.6745
9.70659
9.93948
10.3463
11.1514
5.15691
8.35473
12.6551
11.4202
8.30058
9.9543
13.3166
6.56215
10.087
6.24107
11.2151
10.1841
9.60993
11.9748
11.9419
14.5368
14.2658
9.55033
4.87326
13.676
10.2456
14.542
10.7478
9.05615
11.9464
13.5306
11.731
6.29713
10.2377
9.9225
14.1311
4.71062
14.0498
12.7062
13.5617
9.58576
10.5924
10.8123
11.9079
8.30993
9.54411
11.2774
10.4321
9.31004
14.342
12.8171
4.53638
4.80538
11.7247
10.3008
8.69917
14.8177
11.6341
12.8781
13.5122
8.859
13.394
7.31734
12.7653
14.3224
12.2976
12.555
12.5056
12.3003
10.728
8.80065
11.6248
14.5558
10.1056
9.59402
14.6917
11.7668
6.86922
8.46957
5.50964
13.0152
7.6977
10.3063
6.69196
9.35548
9.56312
13.0018
14.252
13.0157
13.0644
9.95428
4.18528
14.7251
8.58707
10.3157
9.41011
14.3767
14.8538
12.2538
9.83289
9.3354
6.78278
10.5252
5.87955
10.3916
13.977
6.54752
7.24567
10.8819
8.40256
11.513
9.59469
14.768
9.3393
14.6399
14.6933
10.2816
9.25891
14.312
6.15701
8.46393
7.7376
8.79982
12.467
6.71795
10.4893
9.48742
13.1083
7.57191
10.7352
5.41472
8.10293
14.041
10.6337
9.22842
14.8712
12.4858
8.90518
11.8152
11.1978
14.461
11.6204
6.30832
13.8019
14.6929
7.96996
8.17102
5.62931
10.169
14.3437
14.9853
5.32874
10.4297
14.2321
6.9901
7.16957
8.87747
12.594
10.5902
13.7435
14.1913
13.9649
12.5484
12.6845
11.6235
7.09458
10.3307
13.704
9.86453
10.2969
13.6798
11.3717
13.394
8.22073
10.2507
7.79938
11.9964
12.7046
11.2177
9.37191
12.1134
11.2388
10.3147
11.2475
8.46218
9.36236
12.1224
12.7881
12.2068
13.3543
8.57907
7.27408
10.0603
14.6779
11.8122
12.7524
13.7171
13.5767
12.761
5.23092
6.87309
5.52241
9.27712
14.1965
14.6523
10.6136
14.027
11.1753
12.9717
13.8702
10.794
13.1159
6.09462
9.55603
14.4806
13.8373
11.0984
11.3038
5.86669
9.94984
8.50653
13.4044
14.7081
13.562
14.4393
11.7733
9.12603
13.7246
11.3818
7.86612
10.0303
12.0786
14.9096
10.6003
11.0103
13.495
9.12798
4.31712
9.26456
12.587
8.58749
7.81209
9.32633
5.01806
7.737
10.8732
11.2003
13.8695
5.37478
13.527
12.376
9.25875
9.78168
10.2575
13.0485
12.6535
12.5151
9.73783
14.7806
10.0245
11.4411
9.68036
10.5908
11.9369
14.1913
11.3883
8.00745
11.4723
11.9878
11.2591
9.52424
12.0431
8.63968
4.72951
9.38241
12.9638
7.48559
8.94409
5.12164
10.422
9.90892
13.6216
14.1209
13.3911
5.85148
14.857
7.4415
11.0466
14.0379
13.0084
12.1384
14.7443
8.11623
10.2637
12.1196
13.665
14.883
14.6952
11.647
14.9303
5.13073
8.32483
9.88456
14.7921
8.99781
13.1335
6.60632
4.48936
14.103
10.5943
10.6945
9.74412
9.41187
11.8937
13.245
9.13124
13.5315
6.97148
10.83
6.15066
10.6026
7.2132
10.3292
11.2908
10.6719
14.3376
12.7013
14.9013
5.98043
10.5431
8.02133
13.4275
12.4913
13.5819
5.66492
10.6888
11.9637
13.3461
13.9042
12.8241
10.0546
14.0443
14.822
13.6722
4.65693
10.2249
9.59469
10.8119
11.6214
11.0846
14.2411
8.56271
12.6304
13.2577
10.7289
14.0236
14.443
14.5998
13.2967
10.3721
8.66681
11.4481
14.7909
12.7339
14.5006
13.1841
7.90515
11.2919
14.6694
10.4606
13.374
10.094
9.15989
8.49391
10.5356
14.1288
10.5927
7.56176
5.62681
11.0343
14.2408
12.8584
10.6078
14.0696
7.5937
9.30696
9.4484
12.908
14.1597
11.3693
6.05195
10.8605
6.31396
9.89187
8.36543
12.0099
11.7304
10.8413
8.38285
12.0902
11.2314
13.0867
11.2784
12.2909
13.0845
11.858
12.6647
9.90548
9.96659
13.9948
12.9559
14.5675
10.3133
6.03793
12.6435
9.98862
14.3134
14.1649
4.86538
9.01451
5.54945
10.5864
12.4771
8.05987
6.27813
7.67521
13.0178
9.76667
13.8705
13.1007
13.73
11.6858
12.411
14.3953
9.62602
6.36269
6.62361
13.419
14.0438
11.1396
9.33105
12.6679
10.7524
10.5549
13.165
11.4315
13.5914
14.5137
13.6981
12.4514
13.7125
12.1273
14.8631
14.0218
10.8036
11.0674
11.5081
14.7798
13.3445
11.3237
11.8391
6.90178
11.8088
11.5052
7.31704
11.1605
8.007
12.3971
4.81211
12.2471
7.43672
9.05711
8.57393
8.35233
9.01533
9.84892
9.15826
12.0303
8.03061
6.68297
10.865
8.49708
12.876
8.45199
11.3664
14.6142
6.09823
14.0652
11.9447
10.3737
11.3293
8.39264
5.57761
11.9919
12.7894
11.0737
9.07867
13.5636
8.7388
8.84627
9.85721
12.5043
13.5704
11.2027
7.49901
12.3749
14.5323
7.82073
11.6022
6.14733
10.8468
4.27483
10.2089
9.78358
13.3345
5.74787
11.066
12.5847
13.3332
14.6984
10.5038
12.1041
9.36458
14.0732
9.82859
13.5618
14.6451
10.0847
14.9468
10.8507
12.4556
8.64753
13.3225
12.8879
14.3376
5.73688
6.69625
13.76
12.1064
14.8358
9.79093
13.0647
11.5941
7.64116
5.82302
13.8558
14.1353
9.94928
9.31386
10.9779
9.01616
7.65121
8.30752
14.4217
12.8842
11.3711
11.422
5.76459
13.3174
14.335
8.10463
11.4079
7.03777
6.97062
12.8953
6.49101
10.1089
7.98582
13.7442
12.2161
10.2959
12.1147
6.17025
9.51339
9.56482
12.4944
7.53959
6.95189
8.61051
14.5705
11.5631
12.1319
10.6297
9.22662
9.18194
8.86895
9.62549
14.0134
14.8307
8.46254
13.8355
8.29917
12.4496
12.0036
10.5023
11.477
13.6179
9.45948
7.21022
10.0739
7.90219
14.9322
14.8376
14.7737
8.35403
14.7289
7.41783
12.5541
11.2378
12.338
6.63125
9.36861
8.47725
9.78535
5.62324
9.85974
8.6577
4.96707
7.90808
8.41832
5.90738
5.88644
11.1639
6.6459
11.4438
14.6445
12.6715
6.01752
11.4068
14.1878
9.80552
14.937
10.7881
14.215
5.7084
6.81598
7.65121
9.50008
6.91283
10.6826
6.64964
10.761
13.7722
9.90201
14.5902
10.4278
13.5911
14.339
10.3049
14.6571
10.1775
13.6242
14.7001
13.9817
6.06356
7.3518
12.1183
14.5527
13.5366
10.7388
7.18053
14.2467
9.25991
10.5295
8.85509
12.4918
10.5586
10.5994
14.1681
10.5282
10.2073
11.1514
12.7755
14.4914
14.8458
12.0612
5.10304
4.77438
9.56198
9.9497
5.86874
11.1393
8.9025
14.3607
13.5281
11.4439
12.0688
13.1824
12.6563
11.3154
12.0601
8.57251
12.2857
11.6853
14.7983
13.3586
13.1111
11.5781
11.7708
12.5122
10.8726
7.25613
9.00514
8.2739
9.72144
12.2382
8.61859
10.7649
8.67286
13.5166
9.35118
5.33322
12.8576
10.6687
10.1527
7.05562
9.84685
11.8671
13.1603
14.6578
4.89356
11.6189
13.8053
8.88004
14.7204
14.901
8.35913
13.2174
10.8076
10.2127
14.7781
10.0218
11.5112
14.4951
9.95755
11.4398
12.4604
11.5909
7.97142
8.08315
14.7318
5.12212
7.05689
10.4154
8.42819
14.9432
10.2394
9.45943
9.83191
7.78585
8.17733
10.6029
8.42513
7.98368
13.7178
14.9336
8.97993
8.70046
12.3955
13.922
14.6291
6.59558
7.85377
6.60765
12.5377
7.25039
8.55328
8.26647
6.01692
12.7859
13.3444
11.2122
12.2523
5.81268
11.4489
13.306
9.30989
12.7868
14.641
6.84997
9.71757
8.93923
10.5061
8.59974
14.4111
12.7126
12.0265
12.6977
7.42351
12.8799
5.56899
12.1751
12.4109
9.92178
11.5752
10.1331
14.4145
9.27539
12.3791
9.17158
12.4955
14.1999
6.8061
11.7417
13.9994
6.75036
12.6565
12.5626
10.4236
14.5362
10.3038
14.9827
13.618
13.3966
12.7562
10.2234
12.0578
8.4735
7.12428
8.95018
12.9689
10.9548
7.74205
6.51998
11.2225
12.0181
9.12829
11.948
11.7516
14.1692
9.07255
14.5339
9.61918
13.3058
14.4231
13.4166
14.6736
4.90487
13.7803
12.664
10.1351
9.72526
10.4593
13.0305
11.8475
11.1094
11.0762
8.91665
8.74324
6.0339
14.6397
10.6167
9.44116
12.7363
12.3978
13.8093
12.9013
9.27302
13.5596
14.5123
12.0328
12.863
9.65603
12.0053
13.0372
12.1155
13.1928
13.4479
5.29895
8.59906
5.79737
14.1374
5.96909
3.20814
14.5214
14.7422
11.8005
6.72927
9.81885
10.5152
9.00731
7.57256
13.3034
11.1538
8.49028
5.39472
6.95138
12.4809
9.897
14.9958
12.5672
7.314
11.6126
8.5774
13.1325
11.7012
10.3567
13.8484
5.33451
9.82594
14.7508
8.60122
14.1845
10.9828
11.9656
13.9115
9.12488
12.4436
13.8383
12.8405
11.3196
13.717
5.90967
12.9307
10.6757
12.4599
8.47537
11.0902
14.5831
12.8142
5.73448
7.46525
9.23365
12.4948
13.2534
6.51197
10.8117
9.78888
11.6178
11.0074
14.5019
13.1055
8.70263
6.68869
14.2136
9.08903
9.38261
9.71738
10.6776
8.74052
14.0251
11.7694
14.9936
3.98618
14.8881
10.9804
13.688
7.04275
14.154
6.30905
12.8245
6.37013
14.7883
12.3291
13.0915
5.64268
8.47808
11.4293
7.10114
6.9922
8.55003
9.12143
8.93803
8.89073
8.63145
5.09768
8.8594
10.2408
9.97417
5.27884
10.1099
9.38957
13.3876
12.0298
10.9279
8.86413
9.09815
12.5313
11.2883
6.3241
12.1648
14.9835
7.82639
10.2463
11.7967
13.5738
12.5005
9.8935
12.6836
8.70569
10.5647
12.0954
9.70276
11.8023
9.19271
6.08754
13.7436
13.5523
7.17075
6.53936
11.9881
13.4914
14.907
5.3705
9.33795
13.2714
12.5548
12.4868
8.21393
9.68027
14.875
9.42086
8.69727
11.8602
7.13456
14.664
10.9669
4.1848
6.38188
12.7719
4.52435
6.45786
10.1701
10.6034
9.54225
10.2281
9.94859
8.17996
9.86455
9.39574
13.8748
11.8555
8.11305
9.9713
12.6923
9.52578
10.2365
9.32143
12.8524
11.0531
12.474
13.0514
10.3684
14.3748
9.03112
11.0659
6.9555
10.2803
12.8602
11.4573
8.34843
8.34812
6.29787
6.60506
14.8239
10.3383
11.7213
9.28283
8.84314
10.5916
13.9318
9.8275
4.88418
6.58028
7.96755
9.56145
13.8142
10.1554
10.2321
10.8612
6.05969
5.55639
6.16724
8.69203
7.6803
12.7452
12.438
11.4116
12.391
11.7418
9.04557
9.09293
12.3601
13.0133
13.6778
11.7792
10.9052
10.4882
14.3633
12.5308
12.936
9.97882
11.8792
13.5743
11.3253
14.921
13.3356
11.0231
14.0486
14.0077
14.8643
13.6867
14.0889
6.48684
11.1004
14.096
14.9496
14.8958
10.1545
8.89681
8.31088
11.7494
9.8708
13.5553
14.4091
9.51887
9.68574
11.4277
9.17743
10.6265
7.27347
9.0298
8.42785
7.49798
11.8455
9.46316
7.60245
10.8732
10.5058
5.66193
12.0289
9.43364
10.9978
6.82929
6.94247
12.8925
14.7068
8.01287
12.404
10.3559
10.208
11.7669
13.0237
10.3559
10.3692
13.6516
13.8751
9.8865
12.7597
14.9972
10.4013
14.2479
14.1566
9.91606
13.1169
10.7338
7.51573
12.157
12.981
5.56938
9.81666
8.38307
13.0868
11.0953
7.28802
13.6752
14.8253
8.84261
11.4192
14.1394
8.84542
14.306
9.32958
9.72594
13.0956
10.4939
5.02062
5.25477
14.3476
13.6268
9.561
14.2973
14.7182
6.40653
12.9865
13.6944
9.24787
7.80478
12.4823
10.2318
14.2208
9.71635
5.21802
6.44089
11.7059
11.7211
9.42949
12.631
5.99307
8.1602
14.3092
7.0099
9.99283
11.9601
8.54256
10.4984
7.76452
4.35357
5.6143
14.5173
12.7089
12.5824
14.7413
7.8472
12.7575
10.4307
6.18748
14.6491
5.91171
6.41925
9.14713
9.57177
13.2573
6.30699
5.45097
13.8487
9.25259
11.3292
12.6291
14.1306
14.8341
9.46956
8.70786
11.9101
9.7543
12.7549
8.04102
9.38244
11.6458
8.36718
10.8386
11.6207
12.906
5.76367
11.4167
12.4015
10.8128
13.1594
11.1623
14.7848
9.65812
10.7397
11.9274
13.9191
12.9324
12.7069
14.4361
14.5727
14.0637
10.7633
13.2604
9.06658
13.3709
10.2455
14.5569
10.5237
8.89322
8.76918
14.3193
7.73431
12.8573
10.7832
6.36739
6.58165
13.4345
10.2062
9.61704
6.04331
11.82
10.8843
13.1945
9.09931
12.8268
11.335
10.2917
10.8489
8.513
9.73787
6.13797
8.70033
13.2007
13.7845
11.4802
9.43023
12.517
13.7084
13.7564
13.4144
10.6268
7.64131
8.98121
7.53643
8.56404
6.62678
13.7333
6.1367
10.8642
10.0644
8.37263
13.4544
13.3193
14.9208
9.90377
13.877
11.4738
13.7282
13.5926
9.04582
9.83463
8.70336
10.6725
8.62291
10.6786
11.1208
14.0287
9.62394
9.15598
9.68861
14.6406
10.8131
12.6883
9.98624
11.8235
8.1052
11.7151
9.04751
12.8672
11.1936
9.45015
12.711
14.475
10.1736
11.0648
10.7795
12.601
7.35266
4.32156
9.00588
9.05925
10.8438
9.44729
14.1671
6.43915
9.8507
10.2052
10.6769
12.6891
14.6248
12.1447
14.8379
10.3973
14.8755
14.7514
14.8757
7.56859
5.69137
10.2425
14.2433
11.6076
5.59351
5.19275
7.36447
8.6673
13.8477
6.46512
12.7245
6.7028
9.15576
13.5624
11.7925
11.6969
10.3926
10.5047
14.8519
12.0158
14.7965
11.9812
10.5687
12.3351
13.2526
14.7775
9.96011
9.23386
14.5612
11.6484
8.65263
9.40206
13.6534
14.7145
5.79221
10.8592
9.66365
13.2455
7.90283
6.50974
8.97647
5.81455
10.6083
8.51096
14.3813
14.954
12.7139
9.78475
12.0089
12.3693
11.4634
11.8174
13.267
6.91699
10.3479
12.687
8.01588
7.48846
10.9954
13.3919
9.11775
13.8051
6.2779
10.6612
8.47638
11.8989
10.851
10.3263
13.4325
10.8142
14.0492
11.1281
7.26147
9.63357
11.808
8.73921
12.5158
8.23198
10.7955
9.03312
8.58928
9.23382
8.36815
10.5624
4.64267
6.89483
8.3772
12.8785
8.98561
10.6303
13.508
6.68985
12.4774
14.6415
13.6459
13.2704
8.73326
8.61936
9.8731
12.0154
9.51865
14.9576
11.6132
9.2105
10.128
11.32
9.40545
5.25134
9.21909
7.22495
14.5438
7.84039
6.71449
11.0871
13.1316
12.2686
13.4907
13.4283
10.6972
11.412
6.10933
5.0087
12.906
12.1498
14.7008
13.5477
10.3036
7.62996
12.7167
12.1349
6.9661
6.83975
7.46165
9.05186
9.53853
14.2361
12.7766
13.5284
14.4923
9.56662
9.95702
11.183
10.7179
12.2573
9.72534
8.33872
6.44749
10.5953
13.9734
11.7046
13.4312
13.5315
13.7487
13.3059
14.4759
12.565
8.86593
11.0788
9.80966
14.3835
6.46891
6.62047
4.35812
8.83714
8.02048
4.64086
8.09387
11.2979
6.48801
7.71234
11.2083
12.1448
14.9183
10.5523
11.7766
10.4526
10.8114
13.5409
11.0119
13.6573
6.10556
8.19664
13.3871
10.367
10.448
12.4052
6.23662
8.55094
9.49992
12.4081
6.80817
12.2155
11.3577
14.1134
5.83104
9.85811
5.32932
9.12321
10.6197
6.43603
10.6947
9.79895
13.9679
14.0304
10.3907
12.9359
12.2069
12.9617
13.6485
13.8367
12.8371
10.9325
12.653
12.6613
9.56837
9.86692
11.6987
12.6199
8.30032
14.8364
9.77884
5.12748
9.32687
10.1782
10.4874
7.50764
7.64387
10.373
11.2749
11.9761
9.24566
12.9998
14.1235
12.3278
8.58294
10.6058
13.3867
7.07078
12.0469
9.90912
8.21848
9.41372
10.1943
14.4036
10.2559
14.0304
13.5434
11.6955
8.48167
6.94773
6.43624
7.0929
9.53327
10.3575
10.4331
8.41382
11.9675
5.94689
10.7958
11.4714
13.5526
13.9246
3.98921
11.4156
10.178
13.6008
9.98298
11.449
14.2277
14.932
9.75388
13.9558
6.50572
8.80852
13.6627
12.0865
10.7598
13.3653
8.94511
10.0383
14.6329
12.5458
12.5049
10.0333
14.6146
12.9694
11.0356
12.0716
5.24262
7.97993
6.13935
13.5861
12.5769
9.46293
13.1532
14.7646
14.786
9.31529
12.0665
11.4094
11.9793
7.00585
7.21237
13.1507
9.72556
14.4482
8.74462
8.82465
11.559
12.5522
5.60094
9.07679
14.9313
5.80921
13.4837
11.7431
6.79073
14.6115
12.4655
11.5856
9.43753
13.0667
10.2677
12.9174
9.32352
9.80956
8.08282
11.7304
8.13531
10.0497
13.0142
8.93306
12.9968
5.13994
13.1099
14.6422
14.7871
8.28959
8.52201
9.21958
12.0573
6.29845
9.10499
9.45479
10.917
8.4906
11.9928
10.2559
10.4123
14.7163
14.2698
12.3525
14.9864
14.4848
6.34304
5.75153
10.046
14.4976
6.41068
8.45808
10.5087
12.7029
13.5099
9.74602
7.99005
13.1134
9.2719
9.9109
14.0257
11.91
10.7592
11.2885
8.64423
9.6202
13.9088
10.5239
8.40606
11.7485
10.7491
8.8512
10.5761
5.09316
9.79215
13.1084
12.4929
10.3694
9.86153
9.00019
4.64676
8.19956
10.9961
13.3149
12.5005
7.18838
11.4163
9.91584
13.5002
13.9941
13.7453
10.1763
14.5074
11.2592
8.63126
10.714
11.3906
13.3912
12.8048
12.4328
14.7637
14.4797
12.5269
9.50042
9.60948
9.89885
12.7227
11.463
12.7486
12.3602
14.76
11.1214
8.17469
14.0655
12.1863
14.4717
13.0142
9.23904
8.9493
10.1292
9.94494
7.63796
9.33183
11.2389
8.47372
13.7274
9.95707
13.4509
10.4538
9.045
9.96637
11.5603
10.1698
14.2052
12.563
8.80574
6.15661
8.43207
12.9427
6.66553
10.5398
13.9273
8.3993
11.0647
8.01485
9.75389
14.3911
9.57154
8.49535
8.6311
12.1954
9.49152
8.1208
13.1441
9.38682
12.3677
12.1733
14.2926
11.0494
11.1899
9.52992
10.795
13.1384
12.1737
14.3266
9.91466
11.2603
9.40094
9.55047
12.0548
7.29734
5.92411
5.84463
14.4265
14.7998
13.9193
7.7358
11.9773
10.1231
13.3793
12.9612
11.0408
13.6282
9.87439
10.7577
9.98387
13.4174
10.143
8.54581
8.5992
14.5647
11.146
7.88373
12.5757
12.0877
14.6376
14.0156
12.0194
14.0584
12.8559
10.3801
9.11528
6.91165
11.7276
12.716
14.3936
12.6337
12.3654
7.78089
7.21646
8.75531
11.9498
11.454
10.2752
7.56895
13.8657
12.9636
9.88263
11.6947
8.42431
14.4946
7.74445
12.1531
13.8718
12.924
10.5373
8.17294
13.646
10.6613
6.47051
12.4049
14.4276
11.0852
10.4739
14.7656
5.29733
13.9763
9.99264
9.89406
12.1659
8.30494
8.39027
12.7815
11.658
7.56586
11.1248
9.96035
8.99027
9.46591
8.59809
11.3086
8.71636
9.89889
11.7467
14.6875
12.9413
13.9957
13.6075
9.34182
13.1957
6.61783
8.9414
11.6775
10.6584
7.05306
8.01038
8.07098
9.68456
10.3029
10.7635
8.84159
10.8425
14.9273
8.25749
11.5931
12.0519
14.3898
11.0718
11.666
13.8451
11.9844
11.4648
10.8404
8.49048
4.77989
5.87749
9.7667
7.28174
12.6776
7.6695
10.8359
5.63622
12.9197
9.14422
7.98494
9.28032
10.0966
9.98097
10.698
14.4708
12.3785
11.3975
14.8534
12.5583
13.8265
10.8977
12.8356
9.72313
14.8871
12.3096
4.06953
12.2449
8.89565
11.092
14.4613
14.9028
14.0983
12.5303
13.0108
6.2892
5.31328
11.8407
14.2813
10.5398
9.25844
13.405
13.2612
13.7503
14.2266
10.8118
9.55032
13.3942
14.9863
10.7214
10.9609
12.6468
9.10591
13.5436
13.6643
11.887
8.97235
12.0892
12.2249
9.05667
13.5049
8.99593
14.1436
13.7288
9.32874
11.0214
11.2043
12.2871
12.1797
13.0494
11.8252
14.519
7.72276
12.9756
12.6545
10.0803
5.28357
13.0412
6.60267
14.0071
12.4595
13.2008
6.79199
12.3319
14.9105
11.5755
11.7205
9.0671
13.2926
13.7929
8.7366
7.57529
6.17608
8.73935
11.309
14.961
12.6893
12.4522
13.1486
10.2854
12.0675
9.91919
12.9415
9.8346
6.17784
9.56875
14.9962
12.098
12.1935
13.4005
14.9598
6.17264
12.2436
13.6964
10.0306
6.73202
10.5297
10.6096
8.38718
10.9627
12.5739
11.4866
9.34257
11.878
8.66489
13.3653
12.8651
13.0618
8.63099
7.32196
10.6826
12.7868
13.8258
9.17268
11.9829
10.9615
11.4025
9.49301
8.53513
11.7182
6.22812
9.83283
6.49316
8.51057
5.32468
12.3242
13.5373
12.1239
7.23154
6.43212
11.0259
13.981
9.82835
6.0894
9.47212
8.46809
9.60111
14.7027
11.8592
12.3446
7.40645
7.16815
11.523
8.70292
10.061
8.10181
9.6146
11.7598
5.79035
9.14785
12.4327
7.39749
8.27156
10.774
10.2266
9.88366
13.5752
7.94577
5.60756
10.0499
4.54101
8.58384
10.8788
12.736
11.1251
9.29915
11.7046
13.6993
10.0464
5.35462
13.1115
12.7424
8.55305
11.3636
9.35362
8.70835
13.1913
14.5593
13.9296
10.6124
10.6419
11.7738
12.3371
10.8452
8.3045
12.6066
9.94059
8.25089
9.15998
14.7714
12.8109
11.256
14.9149
11.1683
14.2597
8.64373
6.25556
11.1834
11.6303
7.96625
7.7844
5.38219
8.26995
12.3909
11.6079
7.79398
8.64348
10.5208
12.5334
12.6643
8.9723
9.95659
8.20232
14.5756
12.5843
7.32996
9.88801
8.88111
7.16267
9.64685
13.5593
7.32782
9.1043
9.83902
12.6312
11.6018
14.0556
8.84114
14.0144
9.66276
9.80721
12.4405
10.9088
9.98553
13.619
14.5975
6.33302
9.73313
12.5361
13.6199
13.9397
5.83831
11.0515
5.90636
9.22841
14.3182
13.7034
13.9692
12.2397
9.38648
8.46184
9.85604
6.74348
10.3389
12.7966
10.5413
10.5897
6.39722
8.74962
6.53943
6.02247
10.3692
6.5982
5.03535
11.2791
14.3869
11.4374
5.13397
13.4137
8.24711
7.98124
5.33572
12.9219
12.5817
11.4632
9.84589
6.66399
6.96668
14.6973
14.0254
12.14
11.0451
12.2709
12.2747
9.49799
12.339
12.4249
14.9683
14.559
12.563
11.688
12.9283
11.3116
9.8114
10.6098
9.76443
5.76392
12.8953
13.5974
12.8437
6.48104
7.9723
12.3616
13.2778
9.82576
6.3887
14.2049
12.012
6.77343
11.7491
8.36633
9.58788
10.1371
5.9947
6.90905
10.1338
9.08466
5.67244
11.6708
13.7013
13.4821
9.26363
14.6149
13.2613
13.8349
10.499
14.3044
11.1538
7.64487
11.1867
12.2293
7.25005
6.69511
6.49051
5.98379
9.3254
14.687
9.61386
12.8933
11.2782
10.6763
9.7137
7.93891
8.51802
9.51003
12.9752
8.92076
13.8553
9.78633
14.7136
13.6351
8.53208
10.2663
9.77134
10.4344
6.53166
10.6841
9.10141
11.6436
12.6747
8.69175
8.80996
10.5817
8.55477
11.3254
8.9038
4.2888
11.735
10.675
10.2167
13.7403
7.70051
7.62304
7.66007
10.7324
14.7909
8.71826
11.9
6.23943
12.9371
13.4389
6.87873
5.70477
14.7522
8.42939
13.9092
14.2383
5.53228
9.04516
8.63176
7.96961
8.00798
10.3262
12.9343
8.66839
7.73777
7.01761
6.69101
14.7599
9.15775
13.3805
10.1951
8.11533
13.074
12.8153
10.0281
14.2623
10.9228
7.7862
13.6848
14.1254
12.3718
13.4391
8.32395
11.4255
13.1411
14.9465
6.76307
14.4404
14.9569
11.353
6.76313
9.36059
13.6834
10.7794
9.61686
5.11098
10.6773
8.59892
11.6814
8.12619
9.5842
13.7483
14.9903
10.6935
14.579
10.7685
14.5992
9.74654
6.72525
10.9158
13.0809
13.0419
14.7329
14.13
8.57635
9.02631
9.23101
4.99601
8.27822
10.1824
7.05197
12.6057
11.3651
13.1755
8.50491
14.4535
6.40499
10.0071
12.3435
13.8466
11.8565
14.103
14.5111
10.0797
9.63954
9.56911
11.1119
13.6932
10.1177
12.3152
11.869
10.8034
10.6037
10.111
11.5201
8.82115
11.2051
11.3356
9.47531
8.73417
13.3138
6.61224
14.5553
6.26784
9.84732
9.02837
7.98858
11.4805
4.38705
6.21017
5.34674
13.2653
12.8872
6.99643
10.7368
10.6183
7.84477
7.55044
7.08914
7.79499
13.2694
13.8752
10.2621
14.9942
13.9703
6.63848
8.63087
13.0356
10.9992
8.86443
13.6235
11.684
11.4908
7.47351
10.3119
8.61584
4.44636
9.20923
5.791
12.2812
11.7235
14.2902
14.6933
5.64417
6.2149
12.2709
11.1882
10.5278
8.9727
8.3311
10.0369
14.9237
13.8461
12.7888
11.5829
14.2202
11.4743
9.48189
14.117
9.26251
9.5715
12.5532
12.2064
12.4498
10.7233
10.2206
9.84383
13.1371
12.7607
10.7932
10.0389
5.56677
9.53843
9.38617
9.56748
5.5572
13.247
10.7679
12.2834
14.7912
10.6291
12.6849
12.5333
10.3475
13.7252
7.07614
10.3258
10.3392
12.8649
7.02178
10.183
12.8836
7.98872
8.20297
7.56474
9.46461
9.56903
8.85546
10.506
13.818
13.7519
9.35628
9.10924
9.49832
10.931
7.33239
13.0567
13.6372
12.9152
14.9197
11.5498
10.0913
7.46259
6.44784
12.0318
12.1227
10.6907
14.3218
11.0457
14.1794
13.3041
9.19811
8.40475
8.65445
8.26393
11.6987
7.6666
9.16562
5.1848
10.2476
14.7198
9.74859
10.819
5.33352
5.29496
9.48707
8.96184
13.7309
14.5607
13.1552
14.4417
13.3836
13.4953
14.2002
13.2394
13.7932
13.2828
10.5928
12.5496
9.33911
14.4795
13.3028
12.0976
10.7029
11.4597
8.63005
7.0589
11.5496
12.6128
10.2356
11.5336
13.8956
11.3413
5.84158
10.0841
10.0973
5.89347
13.3547
12.5316
11.5372
14.6827
13.6922
12.4111
8.77235
5.3917
14.4863
5.11896
14.3781
8.66604
11.9417
10.3734
11.941
9.48774
9.55677
14.7182
14.7936
14.4003
10.4948
9.79413
9.87301
10.9488
5.32297
13.4084
12.7596
4.50089
9.98062
13.5463
11.8982
8.29406
6.2002
12.8897
12.8264
12.5735
10.6088
12.62
10.9822
4.81987
9.77288
9.61551
8.82915
10.0322
6.4876
13.0774
12.4765
11.5554
12.3386
10.615
9.40146
8.30321
9.35265
12.0336
8.59481
12.4332
9.74578
14.6291
8.75958
10.0439
12.3321
10.9026
14.2718
9.33863
6.42469
5.95592
14.1046
14.104
14.7342
12.2992
7.32143
12.3016
12.5853
10.0187
8.6938
12.4786
11.7394
11.9449
14.2997
11.805
10.0121
8.36267
5.50935
8.51804
13.0044
7.48323
8.78965
10.6638
11.4597
11.8787
5.51906
10.955
14.6953
13.8992
6.11488
9.00422
9.9615
10.9431
10.7944
9.00203
5.36384
7.99724
12.2773
6.38436
9.19
6.71831
11.7244
9.64177
8.95069
12.6375
13.3083
14.0522
13.2554
12.2643
10.0944
10.8088
11.7019
12.1178
13.2563
14.4441
14.1529
14.6666
5.95566
13.6865
12.9537
12.8537
14.906
13.3527
13.3924
14.6748
14.9693
5.9271
6.52928
12.7911
13.6501
13.4064
8.68695
8.84674
9.92455
13.9815
12.5458
11.1852
7.96325
10.4025
13.9174
11.3698
8.44456
14.3504
5.61097
10.6485
11.404
7.64629
12.7447
8.5474
10.786
14.233
10.3549
13.9532
8.59955
12.1973
13.4044
12.5833
12.4898
13.87
8.73368
13.3554
10.8343
10.1944
12.1231
13.6325
14.446
12.7852
4.71962
12.2397
5.92729
7.75504
10.5004
11.4456
14.2572
11.5822
11.7467
12.9039
9.40784
12.5912
8.41601
9.15594
8.59634
11.3551
10.9991
10.7413
14.5439
11.5032
13.6859
11.6731
14.4779
12.9082
12.7101
6.90814
10.398
8.54679
13.6936
5.5107
7.65739
5.17167
8.59396
14.182
13.7129
11.4617
14.9315
9.13455
12.3259
13.5919
7.79318
12.9101
10.5524
9.09329
7.9738
9.54947
10.6266
11.8971
9.11132
12.9085
13.7235
12.4601
9.92666
13.7296
13.6689
5.04195
10.2736
12.8639
10.6909
10.5174
10.7315
11.0473
9.08071
14.2736
13.3237
12.4112
13.351
14.7033
9.48564
6.36794
9.64184
6.36813
10.16
10.6161
11.7317
11.9906
7.2623
12.2369
13.7512
13.1845
3.89287
6.7991
13.0007
14.6188
7.47896
7.43942
12.3327
6.74483
13.5646
9.95625
11.8861
11.8658
12.3065
8.48463
13.656
11.4577
5.7573
6.79427
7.60663
11.9929
11.503
11.91
11.4876
12.4724
14.8751
10.6531
11.1605
14.5475
13.036
10.6153
11.696
5.86082
11.2057
10.8285
13.3995
10.3073
11.7742
13.7972
13.9588
7.31163
8.86963
14.8075
14.9608
8.5155
11.5822
9.01604
13.7891
9.12925
12.9745
9.04149
11.3979
9.99359
10.3457
6.09067
8.04576
11.4126
11.2791
7.26269
10.9339
10.1338
9.23609
8.12873
6.92955
13.0899
10.6847
10.0004
9.65862
7.8726
7.98258
10.5985
13.6145
9.64498
6.57154
11.9718
8.19253
7.83934
11.1136
5.69475
7.46039
7.73876
13.0688
9.1201
5.85
9.00069
8.67051
12.1904
7.93412
9.73533
10.5798
5.72583
9.79632
13.6292
7.56912
5.52083
13.2182
10.9179
5.84985
13.0765
10.1422
9.05276
10.8631
7.91996
14.7116
10.2597
13.2564
14.8458
8.75137
9.66047
11.9675
9.95328
6.4829
12.6679
9.14533
14.8622
10.8272
12.7098
12.3657
12.5419
14.2665
14.8552
11.4852
8.2093
11.1634
11.089
13.8089
9.95057
10.2418
12.6237
11.287
6.75813
14.3614
10.9375
13.7385
14.6419
14.4635
10.5157
7.98636
12.6904
14.7572
11.7467
13.3151
8.23871
12.3896
9.55378
14.5267
11.3024
5.18555
8.53559
8.43687
12.137
9.80064
11.3073
10.5578
12.4314
13.5604
14.7888
11.1135
8.27744
13.1295
14.6869
9.85799
13.7813
10.6462
8.2787
7.02349
13.8994
12.4314
10.0737
11.7663
4.86288
9.02586
14.1373
13.1963
10.0706
9.42994
11.3035
13.2138
9.55298
9.72617
13.2836
14.1873
10.5158
9.06462
11.7858
5.96194
10.5256
8.96587
12.9888
10.4602
7.80963
11.5303
12.2116
9.42756
11.4229
9.92871
12.4026
11.8865
13.9984
5.38814
13.0263
11.3323
10.5275
9.00221
14.8162
5.21374
13.775
14.0595
10.6236
8.1939
12.7645
12.4464
13.6914
14.9838
6.42654
5.02762
10.1681
14.5943
14.4135
10.517
6.63071
14.9402
5.38799
6.31536
10.3154
10.5846
7.44117
12.7461
10.192
12.1776
9.08952
13.2567
4.74017
11.2135
8.16725
10.8478
11.1733
12.2029
12.2613
10.4244
9.19788
10.6022
6.65903
9.18807
14.6999
14.702
8.52088
6.60483
6.4577
11.353
7.72968
14.3428
11.9886
9.893
7.53211
10.961
10.0329
9.65993
12.4247
8.14933
8.3371
11.3576
11.0782
9.34677
12.0395
13.9782
11.6147
12.1768
8.29862
9.90006
13.8869
8.67923
13.2533
10.962
9.44199
14.209
6.31279
11.9156
13.686
11.5751
14.3812
9.58772
13.0434
11.293
14.9873
13.144
13.6881
10.9203
7.93653
13.3233
9.1756
12.1663
11.3226
10.2315
10.1423
7.56521
9.82736
9.16083
10.5493
10.2398
9.55476
13.6569
8.10276
6.6016
13.6841
12.0835
9.01187
14.5427
7.0152
9.75478
7.86317
12.4137
14.0315
13.1311
6.73737
14.8551
14.1386
11.6578
13.6353
9.56711
7.12736
10.7386
6.33828
10.7339
10.7346
9.92158
12.2526
14.8589
14.3706
14.0539
12.8993
12.3187
11.824
14.7542
11.6452
13.2686
8.43016
12.5576
6.47461
12.124
12.3196
13.1891
11.0979
11.8301
13.9951
7.96706
11.3263
12.6223
12.6457
7.11627
13.6377
10.2492
13.9432
9.55109
4.59629
9.11485
14.568
13.297
9.84309
13.0173
4.15826
7.32617
7.75291
9.56854
11.9442
5.78555
8.77277
13.077
14.2559
9.25848
6.17358
10.5202
14.587
14.1249
12.2017
8.43857
6.17369
10.4079
14.1519
14.9038
11.6064
11.1256
8.70179
8.65722
10.7416
11.4645
12.3979
12.2267
12.8004
10.2055
10.1828
13.7698
9.71483
9.58042
13.8507
8.42592
5.41113
5.32126
10.1901
8.74586
12.4521
8.4462
12.4244
11.1268
10.9085
12.6085
9.2914
13.4921
8.28355
13.8872
11.1083
9.69556
10.4143
9.63918
8.08024
13.9783
7.69942
7.02702
10.7132
6.29497
10.8774
9.86039
13.595
8.85591
11.8571
8.46155
10.3393
6.39906
10.8039
14.4179
10.4681
13.7766
11.315
9.4429
10.6622
14.9268
13.9304
13.3549
9.96423
13.5273
14.4408
9.99323
12.4422
9.01043
9.20401
13.7525
13.8974
11.7092
13.1193
12.8522
14.5863
10.0309
10.372
5.52349
10.436
13.1714
8.50758
13.5925
11.881
8.22005
12.8004
9.94115
9.37479
12.7928
9.45212
9.32394
14.1898
14.9523
9.80303
14.5632
5.51751
13.1161
10.1362
8.5138
10.5979
11.0326
9.74907
6.454
14.3605
12.1967
6.64777
5.29617
14.9991
10.9247
8.46942
10.4272
5.04826
6.06132
8.96744
12.6853
13.3308
8.09218
11.3552
14.1484
9.88266
5.05621
14.8966
13.3949
9.10301
14.723
13.7174
11.7713
9.78146
8.65446
13.2995
8.22991
7.01636
11.9979
11.4568
10.1052
13.8374
14.8179
10.5269
8.1834
8.1411
4.56931
9.46342
7.75585
7.88521
11.7111
9.86125
9.94935
6.30221
11.4451
7.70434
14.3349
10.8005
14.076
13.148
11.4198
13.2867
13.0231
9.60097
9.33881
9.73657
10.5118
13.9072
14.5702
14.315
12.1693
9.25101
8.71179
12.3799
9.87514
4.73463
8.70315
7.97471
10.5546
4.99269
9.44087
12.7729
13.6481
9.17138
13.1665
11.1768
10.4974
12.025
11.643
11.5754
14.8247
11.7641
8.6949
7.62324
6.64227
7.70202
14.4934
6.57027
10.7232
8.56376
9.46907
12.196
12.2413
13.3119
14.4843
10.4351
14.2055
7.23695
10.3796
10.769
6.43452
11.1649
12.38
6.99851
10.8044
6.35041
11.0432
7.37066
9.87485
5.95063
10.6487
8.01083
14.4388
10.0011
6.01659
14.9743
11.8819
11.8992
10.4853
10.133
12.6745
11.9432
13.3008
10.8649
14.9598
11.6308
9.39047
7.0788
11.7505
12.0965
9.09892
11.6612
5.1643
14.6472
9.44524
10.8892
14.2117
9.81299
8.41556
6.98666
9.8662
11.4354
14.6987
14.5314
9.98802
5.75789
10.6498
8.56542
11.9562
12.4169
13.7316
14.6905
9.54065
14.7596
10.4995
11.6861
13.0725
6.85702
14.5388
14.004
13.4049
11.6351
10.5482
6.40103
6.8917
14.5175
9.11598
9.27629
14.9176
9.84035
14.7498
9.10645
10.1721
8.37393
14.8134
13.9508
10.0012
12.9511
5.30993
14.1812
13.1824
11.2063
10.1822
12.9673
8.42514
9.31655
5.34178
11.6753
9.64594
9.23597
13.5777
5.80468
12.6762
8.43594
9.72241
12.5214
14.4722
11.0511
10.653
13.3075
11.6284
13.8091
14.066
11.002
10.5057
14.5406
14.9061
10.5051
9.75552
14.1181
10.9434
14.0534
11.7498
14.0731
13.6837
11.268
11.7562
12.6963
12.8463
7.3435
10.9827
8.23482
13.2569
5.02482
11.6592
5.52488
8.99047
14.3353
5.26712
13.5891
14.3638
9.21518
8.78779
11.6971
5.45627
9.18724
11.1668
8.84975
13.5433
9.27978
14.1362
10.0868
10.0756
13.6476
14.986
11.5243
11.0479
7.83212
6.57067
10.5014
14.2785
10.9424
13.117
13.7361
14.6241
13.829
11.3935
12.9456
8.72819
12.9713
7.36714
12.3961
12.2963
6.63422
13.1365
14.8632
6.20662
12.8537
6.62381
8.54388
11.2687
13.3073
11.1675
14.0765
7.92971
11.7229
13.5099
13.5536
5.99005
12.133
8.20878
6.45608
12.4206
12.5405
9.008
8.22507
12.7522
8.48465
10.2978
9.62405
7.41561
5.25445
8.18235
14.5021
8.99122
12.7653
8.95827
8.84399
5.42228
14.4139
7.04985
8.72805
13.1837
8.80355
10.2683
13.6629
13.6632
6.99249
13.3085
14.4419
14.4724
11.9732
12.188
9.87221
5.48651
6.73588
10.2922
13.9297
9.59453
14.2941
6.99712
8.95806
10.7192
7.77373
8.27331
12.6741
10.7897
12.5924
10.7367
6.33801
14.2452
13.4941
14.9893
10.559
14.648
13.9059
12.6159
14.01
9.95481
8.6364
9.78907
9.03614
11.4999
7.98484
14.1425
14.5109
9.90363
14.4644
10.1858
6.24338
14.6878
6.20367
8.68033
9.82771
9.06573
11.5373
8.27047
14.8784
14.6248
13.9303
8.20134
9.59725
14.9745
9.91582
11.2265
13.7494
14.947
13.4925
12.2094
10.929
10.5653
8.96021
7.74964
5.95659
14.0932
9.10345
10.7481
8.98651
12.9589
12.0661
10.3028
8.8426
5.1457
8.98976
12.8275
9.9882
7.08248
5.90263
11.4164
10.2817
14.0658
11.0897
8.00946
11.2013
14.7301
14.2831
11.2437
5.99115
10.1375
14.0792
14.9093
10.6034
7.62475
14.6454
13.5521
9.29157
12.8714
13.609
13.6092
14.7927
11.9228
5.63031
8.29627
10.7847
9.73806
9.12387
13.9637
5.59098
10.6681
13.9626
14.2493
13.3606
12.073
14.5355
14.0359
11.1524
8.36431
8.33241
14.889
8.14685
14.0358
8.19416
11.6326
13.1128
14.1089
12.8715
11.0692
11.9122
8.27479
6.64011
9.07886
8.37016
11.2452
13.6301
9.02148
13.9691
8.44203
6.832
11.2582
11.9319
10.4677
13.3427
10.3901
7.72338
11.6993
8.74366
14.946
12.1565
11.9753
6.87842
10.6387
8.51195
11.7842
10.3147
8.43599
11.9108
9.74156
7.4075
8.61004
13.9161
12.0785
12.4222
10.7898
8.28915
11.4202
10.4803
14.395
14.6304
5.59519
10.5721
14.7845
7.91364
7.95479
9.12423
11.3458
10.8835
8.79106
12.8449
8.99997
13.2148
13.4014
12.5932
5.54091
10.18
6.60495
10.7806
11.7209
9.40717
12.3403
11.6317
10.9428
11.6795
6.22208
9.94881
14.9107
13.7378
14.7157
10.7036
12.183
14.1642
8.66555
5.75106
9.38423
4.74542
9.81835
14.6691
13.8494
9.64437
13.5856
7.70336
9.3162
9.09918
13.2978
14.6334
11.5522
5.97103
10.9826
6.52472
10.6515
13.9371
14.3017
8.51668
9.21583
11.3541
5.91128
13.4121
13.9735
6.59091
11.4514
9.58037
13.7531
5.46727
14.9249
14.7364
13.1485
9.52038
6.72381
9.14155
5.57602
13.5206
8.64764
9.86242
11.5887
8.93135
10.7857
12.066
11.878
13.2222
11.56
14.1248
12.9516
14.4995
9.72794
8.16378
11.1635
10.6717
11.2078
12.7553
8.77145
12.7378
13.9781
13.4462
8.79675
13.9422
11.2721
13.2831
12.2624
9.79932
8.89028
10.7623
13.7318
14.7861
6.91775
13.2572
13.2794
13.8585
13.8492
9.29692
12.9897
13.9664
14.6755
6.8783
9.25443
10.4892
8.18298
8.87721
12.9751
14.9488
10.1225
9.07349
6.09406
10.1236
8.59705
8.86911
8.73765
11.2003
4.6497
13.4326
14.814
11.3018
11.3735
5.32952
5.52684
6.88859
12.7701
9.87355
5.45715
12.7704
8.02658
6.30152
10.166
6.50373
9.34108
9.3608
12.2283
9.8133
11.6263
10.8583
5.65189
6.25142
8.99841
10.5799
8.64844
9.14295
5.94646
14.1642
6.05474
11.4226
9.73077
12.1484
9.92931
14.5175
14.6466
13.0469
11.9751
6.12789
13.7442
10.5084
10.3881
10.1471
14.2148
8.75169
6.62631
6.73834
12.4993
10.269
10.3876
13.3599
10.8219
3.89544
13.4479
11.0517
10.4902
7.89178
7.35506
9.46295
4.99698
4.68966
13.2908
9.64507
8.36092
12.7594
6.44598
8.85724
13.3191
14.9589
5.28213
9.7286
9.40877
5.0571
11.9394
5.84095
8.75674
11.9878
11.2707
13.4549
10.2453
7.72439
5.27903
8.86011
14.8815
5.66576
10.0049
9.18634
9.76224
9.9586
13.4482
11.3336
7.77446
8.119
7.54556
10.2715
12.7911
10.7731
12.4698
4.47261
14.6054
10.8958
13.5551
8.30652
11.5869
13.1312
13.1613
5.28968
12.9881
14.2949
7.37223
11.0869
8.17896
10.0024
9.05387
6.39592
13.3086
8.45147
12.4053
8.78037
7.79805
12.8154
9.56541
8.9295
9.26796
10.2653
13.5149
12.1653
12.5169
11.9574
11.2999
13.5349
14.1974
14.9774
4.86363
9.83221
12.1984
14.7372
12.7552
13.1481
7.94824
14.631
9.71876
14.4734
13.9516
9.43816
13.2179
14.147
10.7282
13.2015
12.8125
9.85146
14.8841
9.70089
12.9826
14.0597
14.9865
8.8955
12.0341
9.08885
9.27867
8.43335
9.59692
13.7694
8.35017
10.1068
13.5487
5.70929
13.5411
11.8442
14.6679
10.14
6.34326
14.6937
10.7019
13.7737
10.4449
11.8532
11.6012
13.5993
14.6582
13.4007
11.2205
10.1824
14.5633
6.78747
9.57137
5.08914
14.6073
10.3816
7.43532
9.19899
13.6259
12.3933
10.0692
9.04744
8.24252
6.959
12.787
10.3611
9.80275
8.93111
10.63
13.7089
11.1187
13.4189
14.0863
8.88472
14.6456
9.07296
14.9674
14.4834
13.7369
11.4201
14.9091
13.6793
11.8334
5.50478
13.3333
6.55617
13.3721
10.6479
10.4486
14.9188
13.0291
13.4177
9.05047
10.5746
12.5133
11.3859
11.7075
11.8187
10.4283
7.62712
11.2677
14.3719
14.0456
11.2297
12.3874
6.15393
9.01946
6.54718
13.712
12.7571
14.6606
8.99639
12.7704
11.7427
11.5768
8.7054
9.20688
14.4482
14.6312
11.6571
6.76304
9.17986
13.7913
13.1501
6.62673
12.9489
14.4406
10.5492
9.29565
13.1889
9.86242
6.45973
14.1302
10.4495
14.6945
8.06455
12.2789
9.34949
10.436
10.1626
12.7234
12.3534
9.58956
8.83071
14.2138
14.713
10.0247
14.5278
5.83179
9.7949
14.2341
12.6034
12.9052
13.0075
14.3188
13.1042
13.4567
13.9004
9.75641
8.97367
5.865
5.22019
14.1783
13.7724
5.20534
10.8418
6.92321
11.4099
12.2631
12.6123
7.27575
12.9402
12.478
13.2795
13.2628
8.52255
9.89603
13.8236
10.1139
9.96533
14.9434
8.24476
10.0993
7.85259
12.6403
10.8314
7.84135
14.9138
12.5715
8.32553
13.5876
8.76294
9.4679
13.6104
11.4121
9.53586
10.0827
5.56463
10.8922
12.0054
9.52078
10.3922
11.3806
13.9589
13.3786
12.2474
12.7058
5.40549
9.86043
12.6427
12.2726
7.04535
14.7917
10.6811
12.6067
9.47487
9.78505
13.1083
9.58221
13.7779
7.29442
7.8969
11.4996
12.6988
8.1508
13.0341
10.6315
14.7437
12.5398
13.8997
14.5107
14.1666
13.0421
10.7149
10.5966
13.3915
13.1018
13.5869
13.8732
9.95887
12.4371
14.2731
10.9297
5.77055
6.58998
11.5714
13.5293
13.0626
14.6122
9.93285
11.9804
9.64683
7.89278
9.63556
8.73228
8.77228
8.32102
9.69176
13.8671
8.83627
8.63962
13.9236
7.54343
6.91967
10.2231
9.4997
9.95945
13.8053
10.4569
7.60336
13.725
6.50138
7.24881
9.55785
9.19187
13.5153
6.39973
5.2288
14.2941
9.43189
11.2674
12.3709
14.6935
8.52983
12.5539
11.0486
6.38421
11.067
12.9095
9.33303
9.32614
9.82674
10.255
9.64913
8.21363
7.99689
11.5195
8.4422
14.1888
12.1243
9.53907
5.06575
4.95794
10.4844
9.9992
7.9176
9.20887
12.736
9.27875
6.55933
6.56374
8.68313
6.58539
11.2524
10.9962
10.1692
14.6769
14.7239
8.78709
13.556
9.76339
13.7395
11.0422
11.4869
9.99391
13.4548
14.3256
11.6594
5.38356
10.1998
12.542
13.4887
11.8074
5.20919
13.9764
7.72713
13.4358
12.2649
13.7384
12.121
5.78178
13.451
12.9595
14.4338
6.12815
9.86974
12.6437
14.8172
12.7707
13.833
6.24735
10.356
12.8036
5.63693
8.18528
9.63461
12.7473
8.99777
6.05239
9.1923
11.7085
5.09699
10.5585
10.14
9.18149
12.9435
14.3178
13.4266
11.6767
4.28739
13.8619
13.5628
14.777
6.44495
12.5852
10.7093
5.63286
13.3794
9.12127
8.29544
11.4174
12.2541
6.91574
6.87275
8.57356
8.53009
11.8606
12.4143
10.8106
12.9048
9.85488
8.50035
13.8489
14.6344
7.89619
13.0192
13.2917
12.59
12.8135
10.4809
13.8984
12.0534
8.2385
10.3782
12.8936
5.82231
10.2258
8.73614
14.8338
9.24665
11.8048
7.44516
13.7311
13.7552
8.30912
14.9072
10.0715
12.1582
7.62167
14.2068
8.03994
10.3722
10.0013
13.7684
8.73718
12.0988
14.8225
9.38871
12.9397
13.7518
10.0857
11.3815
14.4201
14.7381
13.7162
10.401
13.4518
9.91219
8.65026
11.9465
9.55051
6.60896
13.2992
14.4972
10.5354
9.46668
13.1194
9.65249
13.2329
13.5293
13.8458
13.1635
9.04161
8.52139
8.01291
11.8074
11.353
8.0788
6.32279
8.25928
12.4769
9.52563
8.94069
9.02202
5.24454
8.68833
10.4564
14.2099
11.2647
5.56892
5.86734
4.17649
13.8185
9.00595
6.2758
14.5298
14.2132
6.37298
9.87954
5.89168
7.40856
8.48587
9.06721
9.13825
12.9906
11.3811
7.81097
11.3601
8.28773
5.76568
12.9848
11.2063
10.6823
12.1348
10.1167
8.38787
5.83965
7.53089
8.71357
5.29325
10.8266
13.4102
14.1088
4.55063
9.17398
9.86712
9.548
12.8344
6.83847
10.5614
6.42845
8.50828
12.2528
10.8317
11.2104
11.4738
7.16546
7.88919
7.93934
8.30573
12.8109
11.8859
7.50698
10.3875
11.9174
14.3901
5.92516
14.0202
7.64116
9.54831
10.7445
11.1061
6.15194
14.7697
9.98191
10.2152
10.0864
12.6143
13.5899
12.3815
13.1626
14.2305
9.54207
11.6089
9.69825
14.6968
12.4874
14.6081
14.4163
9.79112
13.6862
5.29916
11.7154
11.2717
12.1369
12.0142
12.9813
13.7017
13.426
6.90308
10.4916
12.1739
12.3991
14.4486
10.807
9.38554
13.1921
11.8377
11.7207
9.9928
7.68781
14.7632
6.97221
5.63517
10.4361
4.4825
6.06873
10.1145
10.825
8.86911
12.6276
6.0696
8.89072
12.4999
13.6503
11.1496
14.5298
10.0237
12.8686
14.1606
8.75314
14.626
13.4163
10.3066
13.2634
9.46581
14.8519
13.5035
8.94687
10.0853
9.14236
5.40317
9.95271
11.6331
4.08607
9.40134
11.8012
12.1669
9.19783
11.1257
12.8778
14.5259
8.03245
14.4667
9.42803
8.85327
11.7725
9.30354
11.6547
4.814
9.17273
12.3859
9.71158
8.86458
6.5972
10.4758
13.7834
13.4127
5.79715
10.3712
14.1327
10.3325
5.91422
13.7246
14.4094
10.5239
8.57139
14.5099
12.3489
13.5624
14.2002
11.8755
13.0063
9.70449
12.1673
7.54293
11.4673
8.30054
8.49904
10.1031
9.82895
13.2475
11.5127
10.2946
11.4307
6.63542
11.8674
8.65907
14.2717
13.5614
9.89796
10.3967
12.8963
12.2025
10.2641
9.92084
8.44396
13.4809
9.00052
9.00532
14.9675
13.9182
10.192
14.5727
9.60127
11.4234
11.101
10.2197
12.2184
10.5691
13.586
13.2102
9.62201
13.6185
10.3979
14.5927
12.5615
10.6749
10.6501
11.6769
10.3848
9.47473
9.23488
8.24982
11.7444
12.8367
7.18584
10.7827
9.9511
13.1546
14.1168
10.8666
14.5566
12.4119
13.8761
13.4462
14.1365
13.7744
12.7271
14.7039
10.4928
14.5262
14.2836
14.8225
14.0128
11.774
8.20723
12.4077
11.8226
12.9158
8.892
8.88653
7.05141
8.26624
11.2767
14.4579
13.0882
9.59621
6.86447
12.6808
12.6527
6.20746
12.4023
13.4097
8.57932
11.1522
10.0982
9.83611
9.88117
13.0253
12.9802
11.5006
12.799
7.29956
6.47677
12.8716
6.88758
8.80904
11.1962
14.2145
10.7378
12.2745
9.55891
14.4884
8.48024
5.66104
10.9844
14.5084
10.183
11.4228
4.98597
13.9713
9.62495
12.9741
11.5628
12.3454
9.63163
14.6578
14.0015
10.3068
5.65726
7.52754
10.9161
7.0121
11.3433
7.24355
13.7252
12.0745
14.9443
13.3657
11.9163
10.9272
12.7613
13.3494
13.1612
5.91674
6.61668
14.9027
10.3373
12.4309
7.13428
14.5684
14.2635
6.53826
10.6752
10.7229
13.6948
9.8417
12.2573
12.7966
6.37628
12.7808
9.35801
7.87951
12.7694
5.2586
14.1238
11.2889
14.6904
14.6334
8.87453
12.3076
10.7366
9.32315
12.0697
9.58205
5.87128
10.7009
9.84473
9.78953
13.4042
7.53874
13.5176
13.2572
12.9036
14.895
13.5208
5.81376
6.17053
9.87818
14.5101
8.1148
8.95477
13.3072
9.5008
13.1692
12.3631
14.1317
12.7695
8.05553
14.5807
6.49122
12.3998
11.3259
9.87971
10.0517
9.60053
13.922
7.45692
12.0884
13.5963
11.7672
13.4183
14.8721
9.1454
7.28128
13.8007
10.8897
7.20423
14.0627
13.0118
12.0351
10.6606
12.1994
9.85049
9.81614
8.296
9.81522
5.78902
10.3328
14.826
10.8346
10.1042
14.0911
11.846
14.6384
12.5052
9.03268
9.40777
5.04647
13.3917
13.6133
9.39431
14.2002
14.3236
12.9264
13.4333
9.14243
7.82683
8.41504
11.2975
9.60085
9.27267
14.2417
13.7816
12.4321
8.24405
7.053
12.4925
6.54955
10.8648
11.1056
6.62883
7.76005
11.0687
10.0335
10.7167
13.1745
11.0081
9.82786
11.3127
11.9356
12.9192
10.6876
10.0416
12.4355
13.2115
13.5653
12.485
9.22583
12.8021
13.3312
7.72472
11.8924
14.7011
7.18287
13.2176
10.4228
12.4008
8.90602
6.27365
11.5763
7.93894
8.60966
8.53958
6.49993
13.3131
8.74785
14.1069
9.71746
13.6228
11.8897
9.4313
11.0112
14.3608
12.562
9.70571
14.9775
11.3709
5.00884
8.43165
13.3506
11.9706
5.94634
14.311
13.6792
14.1745
10.9664
9.10824
13.2045
7.96823
8.23039
12.9427
11.3175
8.8014
14.8148
10.4352
13.7421
12.777
10.7641
8.56076
13.5214
8.79908
9.26179
6.32173
9.43259
14.4472
8.94214
7.36763
5.69917
13.311
9.51196
14.7823
9.23335
6.2777
8.1372
6.19673
6.43546
9.14046
11.1029
6.9379
12.6901
11.1732
11.5139
13.3293
11.862
12.1625
8.92902
11.2243
8.92477
14.3981
9.01246
13.394
5.73373
9.87107
8.1655
10.6644
6.52554
5.09664
3.74329
8.24948
12.412
12.2456
13.6789
11.0244
8.00903
8.1826
7.76747
10.6949
13.2393
8.38583
11.6826
9.83362
13.4641
12.0054
9.62271
14.1194
12.8639
14.8422
14.3033
12.0732
8.79848
13.5191
12.0568
13.9524
10.9044
7.01429
10.4807
7.96992
9.62084
12.0891
10.6136
5.70636
12.6694
8.7845
13.4209
6.15797
5.64162
11.0248
11.3939
9.64256
11.1638
10.1736
6.20131
14.3403
13.3341
8.14672
12.3603
10.2418
9.86505
14.4714
13.5585
12.3727
14.6616
13.4788
12.296
14.9376
10.7146
14.4355
10.4573
5.3715
12.5019
12.6812
6.95138
8.1497
8.54192
14.5226
10.9075
13.248
9.70323
10.0588
10.4147
12.0909
8.86918
8.68301
5.6872
6.29706
11.563
7.07538
9.71795
11.4408
8.53184
10.7673
13.0532
5.87763
11.7574
14.5091
13.6855
8.91118
14.9638
13.0781
8.92244
14.2986
9.80197
12.6191
11.4421
7.94298
10.2719
10.2395
13.1783
9.90225
14.9188
14.338
13.2065
8.19181
12.5223
4.78062
9.86721
14.8519
12.6461
14.5889
6.73939
13.4719
10.1357
14.8455
14.7379
9.81873
14.0177
8.4446
14.2136
8.57406
11.7037
12.6417
8.92889
6.65618
5.93453
7.93126
12.4381
14.8579
12.7388
9.8851
13.9147
11.0893
7.93511
13.879
13.9635
11.2868
8.90005
10.2221
12.583
9.91847
9.19502
12.8766
8.06536
13.2199
13.2858
6.9688
6.9009
11.5813
5.26716
13.9557
9.84372
11.0868
11.4759
9.00914
10.8273
6.81602
11.0758
7.11837
12.8796
7.07882
9.20744
13.0278
10.1632
5.42836
7.72829
9.81476
8.43277
9.00957
8.45293
10.8408
11.6896
10.3634
9.53296
14.3658
7.45726
11.0034
10.633
12.0322
12.6375
9.57111
7.28529
6.9362
11.5262
10.8993
6.59179
12.1455
7.00675
8.12673
9.77984
5.16954
13.5419
5.89429
10.3319
9.60979
10.0466
13.3758
13.6906
14.6201
8.45468
9.24277
12.5475
9.67411
9.84999
12.9998
10.8766
13.3085
14.2457
8.03228
8.90318
7.51461
10.7679
8.46918
12.9782
13.4926
9.01957
10.47
14.6187
12.7286
12.5795
10.4557
11.1334
10.1819
8.66217
11.0206
12.9936
8.40497
12.7682
12.36
12.4456
8.40425
10.676
10.3947
8.77506
5.75541
14.2489
12.6257
10.647
10.2646
14.8048
5.50182
10.0635
10.0171
12.5881
14.5978
11.3269
14.6413
9.77986
12.6792
9.04184
10.8791
8.31867
7.01274
12.4308
10.7646
9.50265
9.80566
8.06725
14.2835
13.1845
14.956
10.7348
10.175
5.637
14.8604
9.59067
5.15363
6.56933
13.0707
10.7147
10.8956
10.054
12.3439
8.63219
7.40847
6.67558
9.48889
10.9972
14.3917
13.8519
12.8851
9.57204
12.8549
10.7245
13.5314
13.1367
14.262
7.76277
14.7834
6.27197
11.8865
8.29566
12.0609
11.2194
7.47119
14.0601
14.4589
11.1964
13.8193
4.81087
9.04744
10.653
9.06137
10.0035
10.7002
9.39836
9.77363
14.937
11.5806
12.7727
10.6473
10.1859
6.17796
8.72874
10.5723
9.55142
13.2334
10.4129
12.9281
12.9725
10.3455
13.8427
13.6903
9.5275
11.8282
9.47627
12.1322
12.626
13.6254
7.93631
11.8521
14.3654
10.768
8.90158
10.1597
12.8509
14.5986
8.39283
11.9976
11.7626
8.26391
14.5634
11.4442
11.9473
12.0747
10.9097
12.9518
8.9509
14.3134
11.9276
10.553
10.5486
13.4152
9.43046
8.63576
14.3341
8.6757
12.1987
14.4308
14.932
9.69685
7.64181
10.0107
12.3728
8.53321
11.2579
8.59372
13.9407
13.0583
13.3965
14.485
13.3399
8.70044
8.85447
12.394
10.3084
12.7339
13.37
12.5825
12.1339
9.36525
11.0557
12.2869
6.92666
10.4046
13.8861
12.8344
9.928
14.2227
10.6015
12.1104
7.17156
9.15626
8.13748
14.3298
10.3161
8.84319
14.3286
9.05291
7.03335
6.92233
12.9885
8.41989
14.1302
12.3189
13.7326
7.88396
13.2582
8.0007
11.0006
10.2732
11.0337
9.50525
5.43986
6.49617
9.14739
10.1859
5.51912
12.3921
13.5872
12.7789
6.80573
10.0647
8.01133
13.832
11.5545
9.96057
13.5892
9.54015
8.87918
12.6388
8.2181
7.21676
7.00638
10.7097
13.4993
13.2686
9.69176
6.77474
12.9589
12.7058
8.32404
5.79284
5.0527
14.593
12.9883
13.9976
10.785
10.411
10.3289
8.53122
12.3162
10.8031
9.00477
13.4977
13.4732
13.9436
10.1893
10.4013
10.0825
12.6774
10.5751
12.5028
10.9906
10.9751
9.44953
11.4118
13.9883
11.2146
7.0762
10.4509
9.92291
14.167
5.0238
13.5736
13.014
13.7354
10.0276
11.1198
13.4863
13.2118
12.2216
7.21806
13.1663
9.13859
10.9651
13.4982
14.3769
8.58848
11.752
11.2892
8.06296
10.5585
9.44948
5.1538
12.1207
13.9342
9.19388
10.0445
5.90293
9.43448
11.4358
10.5728
9.21578
11.9556
14.9578
13.9349
13.7918
8.19895
14.7917
14.3871
7.54643
12.688
10.5343
8.79295
12.9802
10.2783
4.96505
8.31381
11.6047
10.0049
9.29043
14.0706
11.4903
9.27438
12.6128
14.2948
13.8646
10.3093
9.61014
12.9485
10.5892
9.9228
5.56054
5.53086
9.70904
13.9617
12.0537
8.4093
13.4902
14.6529
5.99085
9.971
10.3033
14.1831
12.1516
13.9333
8.92426
12.6902
12.7259
7.21206
12.2787
9.55523
13.9624
11.9927
10.9915
10.4707
13.3157
10.1431
11.5004
9.52147
11.5011
13.4678
9.8835
6.81552
14.3838
12.9749
14.0871
5.82223
9.06595
8.4055
6.50425
8.87916
9.05893
9.12765
12.2463
10.5133
13.4707
6.93644
6.65809
8.66407
13.1211
5.47714
14.7525
14.2711
11.882
9.37967
10.0002
13.3678
9.42911
14.1375
14.9525
12.2183
11.4189
12.8487
13.6533
14.9426
5.99029
9.31573
4.78185
9.06398
10.1647
12.0194
12.4837
8.38857
8.93814
9.19435
9.59285
13.784
12.8683
13.3933
14.5991
10.6748
10.6371
9.76064
6.36399
13.1779
11.2741
10.7564
13.9422
13.0479
12.2952
14.0854
11.7533
11.6477
9.21466
12.7048
11.7667
9.65914
8.75352
5.74786
12.1648
10.0279
14.4774
9.44583
9.26628
4.7804
12.7935
8.02855
9.20399
5.18684
14.316
8.87933
6.04455
8.93466
6.29475
13.1914
7.93003
5.82047
8.8768
12.5892
13.9785
12.7938
5.76282
9.11469
11.5937
14.1782
10.4097
11.8496
8.56811
11.4973
8.24194
9.357
9.82416
9.28212
5.18872
13.6197
11.0304
14.2435
13.1843
13.9538
5.6811
10.1309
9.74054
7.45852
7.79095
11.9728
9.62029
6.58179
12.0169
11.3903
14.8565
10.8545
13.4247
9.73005
14.4336
13.3012
11.9098
5.77946
13.7176
14.248
13.9872
8.85582
9.27232
11.1976
14.3433
10.0166
13.1235
14.6906
8.11119
14.0156
12.4789
11.3861
13.8593
10.3285
10.2217
9.14288
12.3372
14.1688
12.0765
9.55267
13.9874
12.8181
12.7687
12.3816
12.3846
9.37422
14.5532
14.0359
14.1493
11.8684
11.3246
8.95743
6.84723
5.88241
13.2919
12.2285
8.58375
13.6121
9.84567
9.97655
12.7048
9.87568
12.8042
13.7716
14.9032
9.02826
11.7457
9.35407
9.55459
8.21108
9.67357
14.5027
8.66014
7.94613
12.5611
6.61848
10.2503
5.91845
13.0193
12.3058
9.70239
10.6979
13.5836
8.77626
10.9972
9.22554
4.92086
7.43598
14.4309
9.98172
6.98129
10.7108
10.4718
7.99684
6.28525
11.9028
10.1434
9.23783
5.19871
8.19221
9.16302
6.05917
11.5274
10.8818
5.39026
5.92048
12.7906
12.4654
6.37394
12.7232
12.5621
11.9734
12.7891
9.98232
7.10246
7.52605
9.88362
13.6911
12.2676
12.6336
9.89929
10.3472
8.99703
8.20355
9.44665
14.6199
8.76628
14.3618
13.4631
6.98469
7.72659
8.69768
11.2572
8.28078
13.8595
4.41179
8.81492
14.5422
11.1894
8.5835
11.463
7.74789
11.2602
12.3771
11.5934
13.5885
13.214
6.87311
11.7556
11.1036
12.07
9.87783
8.96987
13.5497
12.1195
8.97021
10.3223
14.8945
5.64676
7.54215
10.6453
10.7569
11.488
8.99348
13.6357
11.2086
11.2773
7.17419
14.7446
12.4095
8.84393
11.1839
9.70871
9.95448
7.10814
6.38357
6.76353
5.51441
5.60133
10.8374
7.54139
9.2879
10.7032
10.7897
10.0644
10.5282
13.7526
5.52485
12.4381
14.8638
6.29826
13.9912
9.08814
6.34839
7.71821
11.8991
5.37963
12.0624
8.16082
8.33896
13.9071
5.57197
13.5794
9.01343
12.5157
12.5733
10.6539
14.3723
10.0384
8.94611
9.47624
9.22569
12.0695
9.1316
11.4243
8.78115
12.0584
5.77962
9.33902
14.1929
13.364
10.1378
10.2811
9.84062
14.1019
13.3772
12.5467
13.5789
11.6422
7.8937
14.0845
12.2398
11.9223
10.309
8.04999
6.38374
12.0632
9.36882
9.19697
13.751
13.7805
9.96392
10.3152
11.6273
13.7371
14.7617
12.5908
10.4477
12.1221
14.2935
8.09952
6.14441
7.70257
14.3698
14.3442
14.3174
14.6037
7.30963
12.3337
13.1402
13.1546
10.8903
12.2627
12.2348
10.6072
13.0008
9.4873
10.2873
11.4838
10.0118
9.27066
10.485
12.6608
12.2369
8.00824
13.0262
14.7364
12.9957
12.5421
12.449
14.0954
9.97318
10.3759
13.0427
7.48129
8.31895
10.192
8.42274
10.5707
13.5788
5.2767
4.67681
9.91524
14.2666
14.8806
5.19915
9.93074
9.46375
11.4367
12.558
9.43483
9.01307
9.67381
6.27282
13.421
8.0203
14.1437
9.09786
13.7316
5.79664
4.96256
10.9606
12.0935
14.4704
11.9686
12.1691
11.946
11.7399
14.153
14.1877
11.3169
11.3037
5.71115
11.7729
8.80633
11.4144
11.3379
6.31184
11.942
7.77576
9.94325
7.60862
9.64894
4.78748
12.4067
9.36384
11.0093
9.30258
12.5776
12.6469
12.6251
6.21026
13.2998
12.097
14.5209
14.7937
13.4623
11.5859
13.044
7.80619
12.7395
10.8876
9.5478
12.678
12.512
10.1893
12.308
14.2119
13.325
12.1836
14.3111
10.6877
12.9848
8.9383
14.328
12.308
11.3714
11.8713
8.75335
8.99623
12.6175
6.17115
8.87512
12.2881
9.76118
14.3513
13.1452
7.54772
13.8982
11.4226
13.5021
10.0076
5.9285
10.6846
10.3399
13.5585
7.50494
14.691
13.6609
13.1433
9.76989
9.71697
13.6693
9.62983
6.3514
12.5789
6.3568
11.8854
13.5241
5.28956
6.78856
10.2111
8.42167
8.70656
7.67959
10.6742
14.9545
9.29337
7.40859
8.80812
6.36395
11.0497
11.9373
10.9367
12.8717
7.49087
10.5236
8.9205
10.4821
7.44405
10.5574
13.6751
12.0324
7.23836
11.2901
12.0712
10.4665
6.42379
10.7158
9.10238
11.9719
13.2523
11.4711
8.24306
10.0292
10.7578
11.3287
11.7882
7.92582
9.80423
9.38957
10.5593
5.62309
7.36595
13.0661
14.5881
14.3306
9.37251
11.95
14.9633
14.4827
8.73232
9.76002
14.1072
10.7207
11.3583
12.3008
14.7847
5.19368
9.18735
12.4805
10.3785
11.5233
14.7413
14.5612
9.93911
12.3608
14.9381
14.3919
9.47881
10.2788
10.4659
11.1102
14.9808
10.0054
13.1659
12.5146
9.12243
10.8753
13.8495
6.13904
14.8047
13.2355
10.3082
14.2704
9.19167
13.4543
10.2001
13.6005
12.5452
14.1029
14.6767
9.04499
13.895
13.8994
13.3866
12.0708
14.1266
12.0913
14.9205
8.25242
6.61474
13.391
10.8277
12.0593
9.96835
11.9898
8.21811
10.8704
10.8532
12.554
13.6235
9.29645
10.1638
11.1107
6.54432
8.20994
11.6069
8.16761
6.05221
8.27264
10.8769
10.074
8.28342
10.4087
11.1032
13.5455
8.20544
13.1269
9.64832
8.16389
13.6846
10.0768
9.32985
12.6526
12.6523
14.7545
13.7076
14.8888
11.8842
9.50793
12.1851
13.1856
12.0781
12.6834
13.8061
11.1564
14.2784
8.26828
12.2931
13.5892
13.4848
13.8712
14.7978
12.4544
11.1351
6.84565
12.2193
10.2738
9.97615
13.2641
5.58923
10.8193
8.88044
9.7965
5.3705
10.1487
9.99157
14.3884
9.12644
10.7993
14.2605
11.6196
13.6485
11.1185
10.3665
5.991
11.9476
6.49977
10.6157
5.88391
11.4188
9.02207
12.7101
8.5643
13.0174
5.58747
12.6794
13.409
13.3139
11.3398
8.64252
12.7331
13.235
12.0876
11.2871
10.3079
14.9177
10.3038
9.77669
13.2871
13.9368
10.7739
14.2962
11.1761
13.5456
12.7242
13.9691
9.72529
10.967
13.1692
9.82915
10.3142
12.2719
5.73045
14.3861
14.478
10.6836
6.87078
11.3992
11.8765
14.4459
12.4051
12.0572
13.1379
13.4759
12.5328
8.14513
14.3746
12.4605
8.76459
12.9818
13.4851
14.9769
9.55365
13.9583
10.5064
14.2472
11.6025
6.84392
14.7276
13.1641
11.7113
10.1379
12.7119
13.6735
8.10842
13.4318
10.7111
5.07034
13.0653
13.142
9.33813
8.53428
14.8462
11.9525
10.3802
14.6742
11.6053
10.6838
13.8804
8.50088
14.0172
10.0803
13.7875
11.2557
13.6298
11.2769
9.35517
11.7607
8.74131
10.6185
14.2112
13.0356
14.099
10.8658
8.84633
11.3183
14.2891
9.68729
14.9084
6.18181
11.9726
12.1239
10.8918
9.65166
13.2418
14.3114
13.587
8.51376
12.787
8.23434
11.875
10.0685
9.24268
13.5158
14.5308
8.42797
7.30916
11.9704
10.3457
14.0779
9.85611
6.94561
11.7607
8.61184
12.3678
13.2379
9.50294
14.7557
8.61857
9.03946
14.5876
12.8079
14.4295
9.87618
5.12043
11.196
9.4972
9.60917
9.19256
10.1374
13.1003
14.0354
13.7702
11.0537
14.1935
14.622
9.93376
14.1365
4.97294
10.2869
12.9939
9.11286
10.9273
8.05801
12.839
14.1154
10.2634
12.2718
11.2391
14.6449
14.8905
10.1517
11.8797
13.13
9.7309
9.22102
13.7893
10.2491
10.8499
14.7414
7.75262
13.19
9.52543
11.9463
14.3643
8.65337
8.07428
8.73171
12.8879
10.7626
13.5898
13.0084
6.50344
13.7735
12.4547
12.9302
14.0041
13.2654
8.90081
10.473
14.543
13.7848
9.54536
14.2564
14.3552
14.4575
10.5422
12.8144
12.3954
13.9912
11.6693
10.8019
13.8043
12.1197
13.3767
12.9362
6.63966
9.81551
13.1787
12.7801
12.6309
14.5301
5.61766
7.71211
9.48769
11.885
14.7589
14.217
7.75933
5.89663
9.76313
8.84271
10.6209
8.95094
10.5302
10.9384
13.7495
11.8117
12.2862
13.9168
14.1645
13.8566
8.22857
4.40605
6.62615
8.3026
10.8927
8.63696
7.83623
13.725
10.38
5.68879
14.0577
13.2184
14.4816
7.11322
9.05064
11.6753
8.24769
10.6233
13.7852
12.6653
8.87938
10.3807
7.19865
11.4354
10.6145
13.8182
11.2497
6.54473
9.85182
11.8769
9.85288
14.0612
10.754
11.7717
9.95128
13.0323
12.1102
13.7599
12.1238
11.9779
9.6829
13.8374
10.8113
13.0499
8.41227
11.1036
6.10008
8.14805
5.63093
10.309
13.8035
8.52424
11.439
10.0151
6.23452
6.57574
13.446
8.94845
10.0696
8.8256
13.565
8.02017
11.2892
13.5174
8.61251
8.04842
5.8427
14.027
8.38727
13.8653
6.12797
10.1541
11.0787
12.5117
13.2872
8.59197
13.0797
8.32425
9.63935
10.05
10.6334
14.1049
6.09172
14.5486
12.5083
11.2234
10.0538
6.04838
8.60489
11.9867
12.5811
11.2781
12.372
10.6469
12.8955
10.5379
10.5717
8.19096
7.34671
13.3042
11.7416
5.96089
5.4361
8.86857
4.89275
8.44457
9.30945
11.4325
12.9672
8.75058
9.66059
10.4421
6.39233
7.27425
11.2281
8.28971
6.14616
4.79868
11.2816
10.3694
6.64564
8.58689
12.6021
14.5039
13.6403
8.81992
8.55829
9.27145
9.7316
11.208
10.2728
5.06726
10.2999
7.00723
12.2066
13.3657
6.23316
7.9161
14.9693
11.5248
11.8505
11.3161
10.4017
10.1761
9.18775
11.752
6.13148
11.1758
10.1258
13.2181
13.0344
11.8605
14.309
13.0062
14.3396
9.77496
10.798
14.3562
9.31905
9.13014
12.5738
12.7324
13.021
12.896
10.6596
10.3021
14.2041
10.2732
13.1016
8.49644
7.86865
12.1699
9.33832
12.3054
6.85473
9.3851
13.5469
12.952
12.9089
14.7079
10.877
13.305
14.5789
10.3951
14.9737
10.4972
6.4625
10.3505
12.9197
5.72063
10.9148
11.5434
10.0268
9.66838
13.2563
13.4581
8.13299
8.09772
12.6016
11.5651
9.93169
11.8535
13.9745
14.3256
14.9166
9.61312
10.9318
11.8228
7.71855
6.35218
12.1524
9.88136
14.5398
11.0485
9.24165
7.54756
14.9891
8.25579
9.9191
13.0267
13.8108
14.3948
13.3603
12.4185
13.3519
12.9778
10.9745
10.5698
8.88597
12.2934
8.24604
11.9494
8.11387
9.41388
9.99064
11.8803
8.56931
8.44847
9.91067
12.7348
11.9376
13.5955
12.9978
12.5317
14.5185
14.7289
10.5957
13.221
14.2836
9.91636
13.7622
14.8294
14.4859
12.704
9.26491
12.9354
8.95937
11.7275
6.40086
11.3468
13.8863
8.67412
10.8444
14.6278
14.161
11.1065
11.1494
8.92545
13.8777
5.72877
12.1617
8.69869
14.2289
11.2458
11.0041
11.7219
8.53078
12.7671
13.5898
7.40245
13.0201
6.83417
12.9584
5.20364
7.79156
8.73471
10.1499
6.08366
14.0522
11.1713
8.30104
13.807
9.92471
7.50761
11.0162
6.62668
11.304
12.0445
8.43465
14.2095
14.4568
10.292
10.7312
11.5621
12.8279
13.1806
12.4463
11.1841
14.7817
12.4321
11.9992
14.2126
13.7271
11.3098
7.12369
8.56466
13.6455
12.2146
9.98313
13.8636
14.0021
12.5548
8.9457
7.74411
9.05885
14.8754
9.25231
12.2323
11.2246
13.582
10.6503
6.57363
4.8064
13.4011
8.76599
10.2121
8.04728
8.86375
12.9217
12.6475
11.8362
7.12696
11.6065
12.8792
14.3181
8.81666
13.5103
11.1709
9.19423
7.95395
8.10412
6.82243
11.5504
10.8297
11.1781
14.7859
13.5837
6.06568
7.96222
14.4328
8.32076
9.82795
11.8566
14.0984
13.8568
14.3543
14.1014
11.1584
10.2617
12.8738
9.3687
7.67709
11.7647
11.4872
9.37235
11.3886
11.5234
8.11238
9.14664
10.8579
13.3504
10.1763
6.47806
10.201
13.851
12.9005
13.6541
8.50889
11.428
14.9609
13.1966
4.9725
13.5899
14.6319
14.7126
5.64481
10.8422
13.329
12.3647
9.68521
6.25725
12.7582
5.54525
7.15704
9.73637
10.4729
14.8188
10.3815
9.17434
9.51057
10.0894
7.86179
10.6506
6.83213
6.04331
14.8357
13.6725
12.5197
12.048
12.9554
12.9334
8.77071
14.8357
13.9271
7.20061
11.602
12.7424
8.33419
5.31113
12.2334
14.1164
10.0687
14.4092
13.6399
11.185
8.66091
10.6116
11.9343
10.5302
10.4447
8.1672
12.1458
9.23989
12.4971
6.70584
9.94489
7.50728
6.59661
9.68745
9.83596
13.4414
7.97019
6.0364
10.4026
12.5497
7.25357
9.35888
7.97056
10.9836
9.3124
5.32996
9.8204
9.76606
6.24069
8.08299
6.73101
14.3911
12.8924
6.48271
9.08942
13.7363
10.2976
14.6022
8.31083
10.8334
10.2508
10.0617
12.6475
12.9501
8.08631
11.9041
9.44667
8.71981
12.0071
4.37937
12.1009
8.56472
14.2376
10.9053
14.2585
4.77602
8.53873
11.7967
7.95944
11.5844
13.3005
10.3842
10.7327
13.5796
10.8574
12.7968
11.0262
12.493
13.4208
14.3353
14.1607
10.4788
13.5657
14.6184
8.27758
7.2812
10.0072
12.8361
13.1947
9.48643
9.94261
14.764
14.4895
10.5883
12.6579
9.5348
14.0362
12.2444
7.32648
12.0361
9.9379
14.0328
9.50588
10.5217
13.5631
12.2385
9.57698
8.91564
14.8424
10.1057
14.0583
7.92707
13.1042
14.689
11.6006
14.145
12.9184
12.1813
10.1819
6.36317
6.05304
10.7981
7.00024
9.43819
10.9377
8.96767
4.84325
12.9409
12.8338
9.81694
11.1277
8.98906
4.66492
8.9927
11.4739
10.8163
8.86309
14.2283
9.34206
5.55787
8.15181
10.1872
12.9444
6.11527
6.05116
11.9379
10.6959
7.19589
11.878
10.2761
14.2169
6.30381
11.4579
10.947
10.4677
6.79105
14.5475
14.6749
11.8
7.3912
14.8138
14.8358
8.66047
12.7752
14.029
9.16921
13.3646
8.76012
10.2093
6.11547
6.04825
8.97984
12.0777
10.7934
13.1784
13.4521
14.7264
8.67418
10.1412
12.3924
10.5637
12.982
8.3537
8.84723
8.8711
14.3027
11.5574
14.8482
12.9845
12.5226
13.3134
10.6784
12.9707
13.0211
11.0063
8.65613
13.2924
14.8039
14.9624
11.1323
9.32825
11.4185
14.6915
7.51245
13.4142
12.0752
14.4851
7.07864
8.12245
5.93226
9.63389
10.7896
11.1893
10.1049
13.7281
13.9857
11.1096
8.93189
8.26498
14.6274
14.4188
12.216
11.8001
13.4304
12.0296
6.0329
14.8651
8.16643
12.6841
11.6376
12.8764
14.2908
9.80144
13.9987
6.94642
9.713
8.58572
7.25434
10.6536
7.22936
12.5161
10.3085
14.5194
14.3605
12.6088
13.0622
11.9432
9.16805
12.718
14.6575
6.68336
9.79634
14.8234
13.6354
8.87363
14.6883
6.83536
12.2854
13.2005
11.589
9.69906
6.3616
13.9357
8.94048
7.4252
12.1878
11.6984
14.0815
9.29487
9.48439
10.4398
9.07926
13.8539
12.424
10.6787
13.8464
13.2853
11.9385
13.2935
6.53138
7.55569
10.3352
10.4528
9.39864
8.63763
14.0639
9.43083
8.6032
7.72509
8.20047
9.58049
5.43635
10.8429
11.3892
7.86832
14.8082
14.1004
8.4853
11.619
10.2766
8.58893
8.61553
11.1614
9.95835
13.6581
10.3211
13.7802
5.2078
11.4584
11.6256
14.6028
13.8514
4.93102
9.62632
11.0215
6.02078
13.6959
13.7151
13.6193
9.4053
14.3386
10.6105
11.0127
5.6358
11.3455
9.77722
6.91412
8.70218
13.9734
7.79111
5.74325
13.8666
10.287
14.2141
13.6138
8.30974
12.5501
4.81084
9.90721
14.9193
14.991
12.6069
14.278
6.62258
5.15055
12.1664
8.86384
12.8631
9.64497
12.5612
8.46396
9.84539
5.29005
6.77375
11.4105
8.30085
6.68617
12.0954
9.05281
13.8455
5.6851
5.31668
10.9163
8.62675
9.8092
6.1247
14.4402
13.0873
9.28479
10.7275
9.18003
9.82904
12.6692
8.66124
4.51048
13.7141
8.58139
12.6281
12.1652
8.44932
9.00214
11.7482
10.9011
9.63928
7.66154
11.0107
8.19348
13.611
11.0561
6.04448
9.45102
10.0094
10.6381
13.261
9.00443
6.66026
11.2048
13.2417
5.98866
5.94766
11.5974
9.90198
6.11092
8.88186
12.0471
13.468
9.76507
9.62197
10.3881
12.3399
13.3875
7.35882
6.74182
6.75184
13.1273
14.4731
14.4827
6.65105
14.7444
14.7538
14.5569
12.8981
14.8964
4.95789
10.7276
8.11224
11.6672
7.79743
11.8501
14.144
9.9503
12.6224
14.9763
14.9206
14.6879
14.5109
13.2629
7.69944
12.7059
13.3798
10.9282
8.9257
10.466
9.45841
8.78123
13.5557
14.5884
13.5783
7.90905
11.0563
10.9091
14.9355
4.79752
10.449
14.2506
13.4209
11.1194
14.1216
10.1629
10.453
14.7468
12.7408
10.5451
5.19257
8.71613
12.3171
13.9284
14.5364
10.0468
6.91715
10.9553
13.9668
12.8586
14.2722
5.7397
12.4726
6.81417
8.09562
4.3763
10.9352
9.98817
9.41361
7.69923
12.7478
10.0214
7.80276
10.0555
14.4328
13.2666
13.664
12.8893
11.9827
7.30543
8.30812
12.2578
14.0453
9.08414
11.2991
11.2392
7.45841
12.2458
10.2542
8.82478
8.1901
7.24622
10.346
14.3594
11.6515
11.8467
14.7544
8.06774
7.07608
5.85969
9.68572
5.02093
10.0992
13.6139
11.9921
11.096
8.07205
11.3859
12.9986
11.928
12.0513
7.06015
9.04418
11.3042
10.5725
10.6042
13.9837
12.8607
8.45368
10.6494
10.4902
10.8289
14.1892
10.6343
9.81544
10.9998
7.18364
14.4109
8.95039
8.84802
10.5825
8.73968
7.29898
12.919
12.4372
13.3171
12.1905
13.2885
14.3443
6.23091
8.5177
10.119
11.3919
11.6138
14.2034
6.23574
9.47065
4.99765
8.81318
11.3931
9.11921
8.56537
13.9013
14.8392
11.6484
13.6087
14.6993
9.91957
13.5919
13.1467
7.34176
10.8364
10.7453
8.94424
12.6367
4.96445
11.9355
6.80197
12.4164
9.40565
10.0565
10.6514
7.63524
10.9283
10.2315
14.0401
9.38547
7.78106
12.6516
