11.6598
14.5781
7.93519
14.235
10.5939
10.4814
14.1641
9.22809
12.265
7.93866
12.7195
13.5472
13.5127
7.93041
14.2169
5.01212
13.2713
10.7497
6.62187
13.8232
14.6193
8.56005
14.5747
12.9006
10.7001
10.0575
9.32526
14.4796
9.21918
13.6884
14.2641
10.7467
7.72628
8.61719
10.7158
7.99149
10.8386
14.6972
9.76382
10.3299
12.7011
7.7358
12.488
13.1511
13.6823
9.3618
8.49042
12.9629
9.71861
11.9368
10.3014
6.25936
9.60771
10.7104
7.9267
4.91303
9.60948
9.68827
11.4579
11.9287
13.4049
10.442
11.8381
8.76082
8.68473
8.94697
7.64189
12.9857
13.4808
6.29917
12.7038
10.6813
13.0271
7.70117
13.4517
7.51128
11.8635
10.372
14.1276
8.70527
8.30139
9.06608
13.299
9.17084
10.9593
13.9592
11.613
13.5939
11.339
14.2676
11.6398
9.60063
9.29142
10.5066
11.4158
10.5304
5.27052
9.64126
13.2015
14.3235
8.64637
14.4462
10.1665
12.4058
9.22712
13.5241
13.2948
10.5715
13.6413
12.0885
14.5109
7.2417
12.3904
11.9843
14.4315
9.38374
11.6701
9.21078
12.678
11.8104
12.2965
12.3357
14.8364
10.3675
9.9719
12.8276
12.071
14.2362
12.2257
11.5464
12.5346
8.73695
14.6465
13.8897
12.7701
10.1493
6.46295
8.64818
11.2599
10.1628
10.6172
13.7578
10.5752
13.6502
10.2742
13.3053
11.7664
8.73088
6.29492
9.39189
9.41499
8.56472
12.724
10.3628
14.0043
12.3456
10.7815
8.34927
13.717
9.58653
8.90293
13.5643
12.9475
11.7323
9.42065
7.04727
10.9549
12.7736
12.1261
11.502
10.6938
11.0124
8.63363
6.63494
5.31465
10.3042
6.30901
8.84366
11.0859
8.68285
6.10756
8.39028
11.9513
8.04909
9.14354
10.6733
11.5717
13.3851
12.9592
8.03157
12.8468
12.0414
12.8834
11.6284
14.0263
11.7658
11.5218
9.435
9.45324
14.2671
10.3712
10.2845
11.2153
11.2934
7.95006
11.0607
10.5268
13.3867
11.2037
9.63637
10.5353
10.9842
8.05318
12.6567
8.64612
12.5579
11.8612
10.6467
10.0121
13.8991
14.5804
10.2349
8.41262
10.6088
13.989
9.87687
11.9047
8.62407
8.29044
9.83167
8.03716
11.2567
12.605
9.60412
8.30309
13.432
14.0185
6.48412
6.49857
8.36654
12.0797
14.8882
9.04783
5.91167
12.6278
14.2726
12.6474
14.831
6.38199
8.13244
9.95544
9.68503
7.17186
14.9818
13.9061
11.2843
9.35244
9.63843
13.4425
9.0431
10.0368
13.3762
13.9376
12.8089
13.8777
9.75368
9.0986
7.03354
8.89796
10.3979
8.74281
10.4497
6.65976
12.1677
12.1746
13.0003
11.3715
9.7594
8.04088
8.5018
9.53913
11.34
14.7933
10.6744
8.03109
13.3702
9.78482
7.06571
12.9663
9.40828
12.3629
13.3757
11.884
7.73741
12.7992
10.2158
12.6921
14.552
12.7784
10.8997
8.58333
8.99331
11.8535
7.88672
13.4588
13.5442
10.1655
11.7207
8.94989
10.4489
13.4782
13.573
13.0125
11.4693
12.4032
14.9027
14.9178
14.6557
11.8602
11.5628
6.49075
7.70878
4.65269
8.65003
11.0971
14.7581
11.0986
8.92154
14.6874
11.3309
14.2273
12.6478
8.76209
7.70617
14.6595
11.1925
9.95904
5.80533
14.6196
11.4546
8.53473
13.8229
7.90015
9.50436
10.0318
13.4667
10.4463
14.7874
10.4059
14.1145
6.6244
10.1694
9.47516
10.5431
11.9989
14.2143
9.1698
9.39014
12.6633
9.02112
10.0408
12.1825
8.28133
14.8525
10.9707
13.1286
14.2267
8.01205
14.8852
10.7382
9.01077
7.798
14.5855
10.7568
10.4435
13.7573
12.7769
8.56892
10.7847
12.7675
6.52375
14.1242
11.5461
12.5546
10.5228
10.5083
13.4562
8.78756
10.8488
12.4433
12.9983
14.6374
6.93394
12.1028
10.9294
12.9325
5.49756
9.34595
13.9099
9.80605
9.44899
9.27709
10.4688
7.89857
11.1476
4.48739
8.86878
10.462
10.8403
12.8115
11.1877
9.50128
13.3317
13.0083
11.3377
10.3178
6.71293
8.19146
13.5587
10.2353
8.71106
7.25865
9.52739
11.4013
13.5353
10.2168
11.9861
8.66556
12.3648
9.6412
13.3499
14.0883
12.9844
12.1415
13.3197
14.4625
13.1564
9.23057
7.85326
9.41653
9.05183
12.3677
13.2442
13.4366
14.6861
14.1783
10.8032
14.12
12.4299
9.38551
7.32258
10.585
5.32826
11.0018
9.42882
6.19841
5.47021
10.5834
6.85558
7.41674
13.9946
8.4011
11.9206
7.48678
10.4724
7.84394
8.77706
9.29753
5.70582
10.3413
12.4689
11.6889
10.5881
5.33521
10.3371
8.90317
14.0437
12.4783
14.9491
14.6858
7.97539
9.03852
11.0388
9.86729
11.9927
6.5724
4.68664
5.91046
5.86183
13.9776
12.113
8.59888
14.2883
11.0485
13.3206
14.3014
9.54935
13.6768
10.7591
4.96459
9.55233
10.5081
12.3745
14.3387
9.94256
8.70738
13.2759
8.8132
6.84877
7.07638
11.6094
9.26474
10.0545
11.5025
5.49553
10.6713
7.43604
8.12597
9.87048
6.80441
11.2157
9.99194
10.052
5.37651
11.1648
10.8459
10.3125
8.27089
10.6279
13.5105
13.6719
12.6417
14.4942
11.0978
9.05632
11.7556
6.70178
11.4703
10.8953
10.8356
14.02
8.3963
11.0437
10.9881
5.93474
8.01145
12.1405
10.484
8.88674
11.6681
8.28288
5.98416
6.64819
13.1099
11.7368
6.75712
8.53769
10.7185
10.728
5.39792
8.24618
11.1243
10.8589
8.41306
4.27782
6.54954
7.99508
10.1366
14.0297
10.3691
11.8991
10.3092
9.83014
9.29582
7.8826
7.45121
8.26599
11.4934
4.82327
8.07708
8.31131
14.0736
11.6093
9.39169
11.5327
5.80398
13.9757
9.89453
11.2841
9.25199
13.0233
11.8595
7.70301
11.6516
8.91297
14.3851
7.4744
8.99574
14.4471
11.7654
13.5406
4.793
8.30381
13.9629
14.1704
13.5265
8.75619
9.32152
13.7903
14.0603
14.7385
12.9401
8.48674
13.1708
14.329
9.8977
11.2588
5.22848
11.763
10.5622
14.6815
8.92506
7.96723
7.34598
8.91695
9.34486
14.3972
13.8128
5.79583
13.715
13.2622
11.8466
12.2748
7.67078
8.6259
8.03232
10.286
8.05016
12.461
5.88267
10.5689
11.1123
14.0826
14.1768
14.4944
13.7125
14.6267
9.95894
9.60762
10.94
13.2145
11.1513
9.03574
8.83041
8.89933
12.6419
7.72654
7.0189
9.00511
12.3497
12.3569
11.4506
14.1362
12.155
12.6311
9.55063
10.5195
11.9695
12.6669
12.4394
8.9971
9.00348
11.6876
9.396
9.49011
10.7085
11.6119
7.83253
13.7766
10.5004
12.7812
9.69191
7.53666
14.127
6.44927
12.4264
6.45655
12.5025
13.505
12.4615
12.4864
13.0703
8.96426
14.749
11.7159
11.3628
6.44269
8.99095
8.16189
14.5705
11.4436
8.63252
12.7452
10.1676
9.50295
8.90579
14.601
9.88948
14.1189
13.7838
8.9906
11.6108
11.6395
14.5448
9.34676
8.44482
9.47476
14.9873
12.7682
14.6761
11.7207
10.3723
11.1866
9.89697
9.9401
6.33402
10.675
7.29049
13.5655
12.6678
11.0505
7.13655
14.1146
10.0712
7.78883
12.0725
13.2309
10.3819
9.79131
13.1727
13.4659
14.7742
10.7733
6.1842
8.83413
12.8211
12.8503
14.736
13.9787
14.5441
13.1724
12.5014
12.7326
10.605
6.58174
6.70986
10.8164
10.4672
14.0741
14.3649
8.32267
8.1675
10.7625
7.1553
11.6363
11.4397
14.7289
13.1631
7.4597
12.8078
10.5086
8.6415
14.9986
13.4227
13.0399
6.85217
12.3854
14.3094
14.1348
14.2325
8.64266
9.69522
13.8738
14.5311
13.6795
8.56908
12.4164
9.20529
9.65022
7.31144
11.2303
9.54105
7.24347
6.04743
10.882
10.5983
10.8337
10.3737
14.1261
11.5548
6.22059
10.1106
11.0571
12.847
10.3638
8.47297
9.54332
14.9198
11.0327
11.642
5.20638
13.171
12.8977
13.8203
13.8772
7.54334
9.14213
8.64218
12.5995
13.219
9.23373
10.568
8.23462
8.95552
14.1164
11.0194
11.715
11.6387
6.53121
14.2746
10.0157
5.87281
9.72159
12.7027
10.9273
9.52095
8.93599
8.94192
12.568
14.8273
8.39868
11.9997
7.88542
5.89946
12.5457
9.63858
6.17871
13.5963
6.61124
9.95424
7.86663
10.3433
6.31655
13.0455
8.87827
11.8932
9.93325
5.07751
12.8717
9.30481
6.27502
7.34298
8.06138
11.4134
8.97258
10.543
11.7957
7.88105
7.68856
10.1711
12.8173
13.2327
7.30984
10.0515
14.8699
11.6298
9.3265
12.1212
8.91142
8.45831
11.1819
11.3254
8.74013
6.87961
9.08012
6.09964
6.02337
9.38716
14.0108
11.8724
6.11836
9.27348
7.95273
14.4113
13.8555
10.9242
11.3674
7.17781
13.2386
13.0207
11.89
13.2414
13.4477
14.4098
11.3442
14.2741
9.37933
10.9533
6.65053
12.7225
11.8552
12.1862
11.4141
10.2028
14.0091
11.069
8.50588
13.1419
10.7856
11.6237
13.0164
10.5485
9.4122
8.84067
7.99477
9.29317
9.71172
14.7082
13.0806
14.5981
10.8518
9.76806
11.9125
10.3592
14.6201
11.5934
8.46672
7.07708
13.4641
8.89745
13.1499
11.585
12.4371
10.1486
12.3233
12.8513
6.23127
13.2348
14.7363
10.9813
11.1188
12.7482
6.84361
9.83599
12.1947
5.17918
7.16444
8.34949
10.1092
12.3186
13.6758
14.4436
9.78564
7.05174
14.2671
14.5722
11.2378
11.6381
8.00001
9.70085
7.95695
9.80843
13.1806
8.67877
9.84114
13.5947
11.7349
4.86229
9.04116
9.14878
6.98933
11.3025
14.1347
10.2273
9.81918
13.9911
10.4313
14.993
10.1508
10.0082
9.82133
13.2941
8.01286
10.9495
8.35055
14.4261
9.27513
6.68274
9.64453
11.6058
8.37944
11.6989
12.1095
7.34608
7.58328
14.8349
14.3022
10.98
7.8014
7.97061
9.47697
10.4735
9.6778
4.79223
12.1093
9.23938
14.0202
12.5385
11.5125
7.81133
8.65483
14.4213
7.66258
14.6899
12.0708
10.8219
11.7018
8.51211
11.5337
6.95087
8.35194
10.583
10.3016
6.8555
7.37981
11.7655
9.19277
13.1571
10.4466
5.45401
10.1062
13.0024
14.2115
14.32
13.4525
13.115
14.2339
11.1883
9.25313
13.4018
11.4611
14.7282
13.6354
9.18431
12.6821
11.3866
14.4711
9.91415
13.9404
10.9872
13.8486
11.259
6.73268
9.53054
11.4996
13.7476
13.0474
14.1452
10.7237
13.122
12.483
13.456
6.83486
10.924
14.7987
10.122
8.91438
11.4624
13.8018
14.3412
9.23656
10.6371
9.09558
6.28623
12.183
12.4596
7.54671
10.0129
11.5756
14.69
13.5815
11.3375
9.04142
14.7078
12.01
14.9026
12.3082
10.2882
10.9288
11.6717
11.27
5.21268
9.41546
12.8593
11.0323
11.7411
7.15358
9.84781
7.61387
12.1007
9.10847
11.5882
13.7907
8.7265
14.4815
12.0956
12.2022
7.36134
8.1596
9.60513
12.6044
11.6891
9.01494
14.6783
11.5051
14.8337
9.70749
11.1972
10.1315
9.28036
13.6967
9.47867
12.7638
12.392
9.34411
7.1596
7.76951
10.2439
11.1872
14.688
9.58918
12.2517
10.7875
9.15555
8.98876
7.43752
7.13257
14.6784
10.8814
13.662
9.57762
9.38008
5.54869
11.7007
6.40746
4.69523
14.2078
11.6799
9.58564
9.72429
10.8978
6.21925
6.14538
7.29327
14.1585
12.626
12.6422
12.8784
10.9496
12.5212
14.7729
13.5188
11.0446
14.1907
7.10842
14.8089
12.2301
6.85157
11.6755
10.2681
11.3949
14.7721
9.242
13.2107
14.9519
11.8745
13.7447
10.0022
12.276
13.1944
9.82915
14.0673
9.39768
8.16641
13.2399
9.42474
7.79531
9.20312
11.4255
7.67354
6.50717
13.3076
10.0819
3.79997
7.84245
12.3697
14.2826
10.4597
8.40129
7.78781
12.6682
13.8439
10.7492
9.8553
8.16841
5.30541
4.98217
11.7263
8.90133
9.98941
6.15992
14.5412
12.6127
13.2088
9.85837
13.9115
10.4029
12.5937
14.1473
14.7598
9.84353
14.8405
12.1633
13.9947
14.409
13.5402
9.77448
9.79081
8.58365
9.7979
12.7982
9.04954
11.7155
8.36422
7.93298
4.96948
11.693
10.7969
10.6145
10.179
9.50558
8.61351
14.4333
9.63906
7.6724
12.9372
9.22766
9.81114
13.779
13.2735
11.3674
12.4023
6.25756
8.24876
9.0954
4.95494
7.20993
10.2652
6.37106
8.25591
8.74516
13.7176
13.4825
8.41385
11.01
14.2782
8.4215
8.63279
10.5585
8.24758
13.8283
11.0869
10.3094
10.5193
8.00385
10.1101
11.4478
14.6736
10.7764
12.9953
9.05534
9.59052
10.2301
7.89938
14.0267
14.1815
8.83192
13.9395
13.5169
14.7685
10.9371
14.4401
9.27005
14.4432
9.67208
10.1279
8.32063
10.2023
13.414
10.2359
14.4431
10.6012
14.39
13.3774
13.4306
9.70741
10.8717
6.11625
6.39999
7.42332
12.5616
14.9033
12.9641
14.3126
14.4516
12.3443
13.8708
9.84634
11.7033
9.117
10.0329
7.32756
10.023
11.8537
14.8705
9.55537
14.3529
9.67454
14.1525
12.6495
14.2205
13.6405
11.0148
10.8194
14.0898
13.5748
10.2357
14.153
12.5984
10.7273
8.04317
13.4452
8.59465
9.49082
9.5193
10.6565
9.02786
7.66128
12.1275
5.54374
12.0242
9.90929
8.18221
10.4117
6.12779
14.771
12.0202
9.37487
4.83774
9.46075
13.609
13.3932
6.33299
9.88937
9.4835
7.42394
5.55351
10.9262
7.22993
10.0491
6.05983
12.4907
10.7641
7.4297
11.7626
10.8492
7.49882
8.72908
14.8354
12.9875
10.0804
14.8338
11.0657
10.5933
12.2371
7.87803
12.4896
10.5617
7.83265
10.641
8.11155
12.2233
10.9609
7.16955
10.3504
9.04362
7.08783
8.00885
10.7074
6.28602
9.48828
12.3339
8.63643
6.23925
6.35764
14.0723
4.87277
6.21041
11.5221
11.6563
11.7147
9.04191
8.80318
4.66601
10.6616
9.85097
8.47796
12.5193
8.03063
9.95382
14.5731
10.9279
9.0037
9.11398
13.1836
10.0179
14.9671
14.605
6.71225
11.7719
9.66355
13.1403
7.63584
11.0346
11.6132
9.15849
10.681
10.3262
5.28504
5.36466
14.9157
12.2569
8.36932
11.2173
11.5862
9.65658
13.9675
14.5253
10.9556
13.2808
13.7762
7.08583
13.5342
9.98676
12.1402
12.7245
14.7753
11.5314
12.6119
7.8767
6.01299
12.0819
4.99611
10.5893
8.75699
11.6915
13.946
8.47602
7.34524
9.87852
13.9136
14.6199
5.19266
14.7923
7.38305
12.6891
7.74677
13.0146
11.8445
8.56544
10.6567
11.1964
10.0829
13.6485
12.7662
10.9766
12.9949
9.04481
9.63346
11.3599
9.74105
14.0932
7.3302
13.073
8.79141
10.1218
10.5512
5.47621
9.1836
11.1153
7.21222
9.00646
11.3376
9.63322
11.9742
11.1131
9.46779
12.5646
11.1572
10.4561
10.4958
11.1668
12.7327
11.9903
13.1694
7.69417
11.8636
8.77348
9.89201
9.12982
9.51441
9.56017
13.6906
8.81893
8.72978
10.7909
11.6532
14.6057
11.1599
14.3998
12.1053
14.5759
13.967
13.6578
10.2549
6.57402
9.37444
10.8132
11.5068
5.97162
10.3922
12.3186
8.81398
10.4976
13.1935
12.4946
12.7314
9.57613
13.4138
13.8978
12.4301
7.58896
8.48022
8.50037
11.8013
5.95849
6.33321
12.6522
10.4315
13.9677
14.9967
10.953
10.641
10.3788
11.7384
6.82724
13.1757
14.8904
10.8557
10.67
9.71486
9.18081
9.05026
10.7035
14.6466
11.1433
12.8199
10.9973
8.61604
10.3332
14.1411
13.37
8.31185
13.1744
10.3741
13.5299
13.9439
11.9947
14.6833
10.011
14.4004
8.52585
13.9656
11.5767
12.9376
13.1442
13.5797
13.6441
12.224
8.48758
12.7676
14.8217
13.6006
14.6225
14.676
9.38215
14.9514
13.0264
12.1471
9.39561
13.2346
10.6698
11.8056
7.66475
11.931
11.2299
11.7003
13.3865
13.1226
10.4694
10.8004
13.6668
14.4543
7.94974
10.7324
10.8234
9.41698
10.4756
12.5408
12.0456
10.2431
6.99524
9.99839
14.276
4.83424
11.1028
9.0422
7.51707
8.13346
12.0685
6.08931
12.9998
5.6365
10.9622
13.8828
10.9051
10.1424
14.7936
10.572
11.6428
8.18056
10.7012
4.6468
5.16589
11.2171
8.5534
11.897
13.2215
11.6776
11.9619
12.2838
9.64341
9.27486
6.28602
5.917
13.1399
4.8382
10.4814
11.6447
7.72112
9.96476
10.2894
12.3227
12.1952
11.6791
7.61097
12.6194
6.16781
6.29584
9.37961
13.0808
12.5726
11.9895
8.97448
12.334
7.97387
13.6615
7.89014
8.94561
9.07643
13.8698
13.1207
10.0758
11.3026
14.8439
4.59897
12.8389
12.6463
13.7296
11.6983
10.8382
11.7205
11.4513
10.5046
5.41563
10.6553
11.1829
12.0719
14.2712
11.2255
7.90215
11.3295
13.1834
14.9949
14.4611
11.3015
8.70023
12.8931
9.01624
8.7936
4.99448
11.1197
11.4145
12.0898
6.87068
8.14621
10.3816
11.2933
14.1466
13.8367
8.84494
13.7526
12.9904
10.0053
12.172
14.9083
4.88428
7.36422
7.27153
8.31545
13.9601
7.58215
12.9867
10.42
10.6088
12.3834
8.23309
11.2326
14.4101
8.54713
13.2094
7.94422
11.108
12.6179
6.62403
10.6614
14.0523
7.43292
14.2503
9.29392
7.83975
8.51889
14.659
12.3239
9.44147
13.6523
9.68167
11.637
14.5715
14.8189
14.6939
14.0525
7.01327
6.49799
11.0328
10.2063
9.77626
11.0745
9.54653
10.034
10.5941
11.9232
12.1232
10.0856
6.7895
9.65065
13.1146
14.6812
12.0587
13.9027
10.0646
11.8177
9.66169
6.39757
11.7232
8.86509
6.68646
6.05151
14.1715
9.38381
8.52019
13.9127
12.3919
13.0403
12.963
13.4151
10.6057
5.73265
11.5166
12.3523
10.8354
14.4834
12.9931
13.7164
7.62925
11.5701
12.2118
12.1287
5.74705
13.2188
14.6883
14.9025
11.4995
12.019
14.2928
9.02182
13.8849
11.1165
5.12857
9.67421
8.98499
6.05473
10.0347
7.30684
7.66254
12.6265
9.35547
7.06293
12.0192
8.73931
12.9971
9.32938
6.44196
12.9433
12.4645
12.841
13.743
12.2214
7.14374
14.6369
8.27647
9.81039
5.67526
7.00311
10.5466
10.8796
14.3058
14.9903
11.4176
14.0609
13.2508
8.03779
5.3944
14.003
13.153
14.3128
11.967
11.2035
13.5611
11.4801
7.98737
11.3778
11.3098
11.6925
11.0908
11.3489
8.23719
8.84642
10.6144
13.6041
14.6205
11.5894
8.28308
5.46501
8.9656
14.4356
9.73574
12.0944
10.7642
10.9169
13.2843
14.7345
10.659
10.0533
11.4448
8.18928
5.86668
7.95091
9.04873
12.5037
7.68328
11.4016
10.9297
12.1517
9.79846
10.179
11.1806
12.8556
12.5109
11.4962
12.6316
4.81392
11.8855
11.7582
12.5756
14.5749
14.7786
13.9307
13.46
13.7552
6.20563
8.4708
9.46569
12.9209
8.99975
9.99588
9.39087
8.52259
12.2951
12.3366
8.59684
10.0782
14.0829
9.27196
8.55425
11.5211
8.8619
6.30421
9.42584
10.6341
10.7839
14.331
10.6078
12.2205
14.3758
9.76465
13.4894
12.8521
12.8546
6.38818
9.31715
10.3979
9.65633
14.5413
6.1382
14.2146
10.4868
9.98276
8.10985
9.19077
9.65007
12.3439
11.8367
9.84703
9.87877
9.16582
13.7317
7.98538
14.9186
12.3325
13.0733
8.95535
7.68217
8.24296
6.8187
12.67
13.4395
11.4079
14.4787
12.6997
12.9527
12.469
10.1031
10.4762
11.8085
9.65717
12.1985
14.9634
7.97415
6.15176
10.9017
5.01238
11.7112
14.6537
13.1269
14.5596
11.1369
13.0758
9.23014
9.82959
10.7845
10.7721
9.03033
14.3016
9.95607
11.5582
9.74583
8.92124
7.99869
13.3267
9.91564
8.76512
9.65717
14.5346
14.8338
14.4115
9.10399
14.4537
12.1847
9.72287
11.9203
11.2539
7.29969
4.96017
7.20322
14.0699
14.1641
14.8586
11.2425
14.3303
9.79297
10.5488
14.1707
14.824
12.0409
9.77672
8.71544
9.37811
5.71324
8.31454
14.7339
10.3074
11.8417
5.71435
9.19292
7.90321
8.54091
10.2476
7.01487
5.88529
6.80389
13.103
13.2352
13.0262
6.24379
9.68993
9.11177
10.3655
8.81746
5.31103
9.88707
8.86489
11.938
13.4022
11.1529
5.58193
9.56523
8.51873
7.24584
8.22417
13.3097
11.9943
7.79936
12.075
9.00452
9.4141
8.82592
11.853
9.74529
5.95659
13.0319
13.4426
10.608
13.7861
11.0547
11.7695
10.2634
6.46353
13.2222
13.1884
11.1065
7.32762
5.9276
14.4283
12.1855
13.2452
9.78848
12.1258
8.84253
8.69515
10.3471
10.2507
13.024
10.5363
9.5798
10.6861
14.2989
13.0081
11.7325
9.48891
5.28311
13.2083
13.7245
11.5881
7.49237
6.40544
8.0155
10.8957
13.4212
14.6316
14.0654
11.1777
11.7302
10.2524
5.20946
9.3767
13.7844
14.9483
9.56975
6.47023
3.79984
10.6656
12.4625
10.2057
9.71697
7.0005
10.8139
10.2715
11.2589
9.09605
14.5615
12.0651
14.0401
14.0764
12.6822
14.1792
10.3253
7.74578
9.62038
12.0396
6.66194
13.3943
7.84
14.3945
14.0339
10.8268
12.0672
8.11398
9.8035
10.7773
9.47888
11.0461
10.9942
9.77359
13.3305
13.1491
14.3015
11.7405
11.3958
10.729
13.4443
14.9023
11.4288
8.9784
11.5641
10.6681
6.11377
14.7997
14.2421
12.3735
10.5686
12.7885
14.2533
8.90666
13.9064
7.61039
12.2073
13.5429
14.5016
14.2656
12.0111
10.1958
9.25102
7.09333
13.4928
9.20388
12.9999
8.84711
8.89202
10.5723
11.7186
9.02525
12.288
12.5423
7.11412
8.59611
8.11312
6.07172
10.7082
10.0293
4.72025
7.82525
9.84091
11.6296
10.1671
14.9906
12.8433
14.1442
14.7004
6.16515
10.5449
12.7508
14.2087
14.4707
11.8689
9.15555
10.5978
10.2234
9.1138
11.2075
11.7668
9.11389
12.9717
13.0658
6.64078
3.72004
14.2976
11.4405
7.23509
8.26219
13.3228
7.2139
9.11532
8.49352
6.27249
12.9862
9.71377
11.4179
7.77688
9.84897
11.3914
9.62558
9.85604
4.66302
6.34229
9.24919
6.48761
4.8957
10.626
9.98396
6.63719
11.9449
9.43862
9.55478
7.36787
11.6241
12.6003
5.56726
14.8204
9.74663
9.02035
10.8681
8.35694
7.39612
10.1983
14.9548
7.87706
11.2941
11.349
11.945
10.3996
10.4206
12.9744
8.27896
13.6052
9.9057
8.88434
9.05877
10.1852
11.6771
14.2554
13.7667
12.7852
11.6376
6.12456
14.384
11.6012
14.9767
12.2524
14.8812
6.53257
10.8345
13.7571
11.1762
11.4717
8.73534
8.25788
10.834
7.74003
8.72863
11.3875
9.47128
10.5627
8.54598
10.5351
9.63965
10.4868
9.70376
13.9189
12.3849
12.8733
8.30263
9.06726
7.19084
9.49225
14.8517
13.1883
13.9086
14.4466
13.2574
12.152
14.0959
9.5591
12.4605
13.5791
4.98567
13.8013
10.7929
12.6722
10.1159
10.9692
11.3624
14.3661
11.4268
14.1254
11.9326
7.86209
9.59914
14.1825
6.72626
14.4174
14.9892
14.4536
13.0158
4.50642
9.06871
9.1462
9.1457
9.92646
11.2355
7.90504
14.1791
7.71024
14.4261
10.7043
13.913
12.8311
11.0243
11.3753
9.31101
9.70489
10.9378
11.5731
11.0464
9.22388
12.1637
13.7864
14.828
13.4193
12.3922
9.19992
11.9141
12.5795
14.3816
8.00987
9.41584
14.247
10.16
12.1334
12.9024
12.796
13.538
12.5998
7.91561
13.5476
14.8605
10.3206
10.7729
9.27233
12.3216
11.7214
5.79525
7.31838
3.8533
9.45284
10.8642
11.6898
9.67238
5.85659
13.1622
11.3031
9.06685
14.5686
12.7043
10.3893
10.1327
14.3263
13.1908
10.9899
11.1231
13.0107
10.4544
10.6912
10.424
13.2525
7.57185
9.99841
11.1177
14.7319
6.74676
10.2731
7.9667
14.7133
11.8002
13.6381
10.4502
8.71069
7.78121
6.04341
10.3715
14.7656
8.20587
14.2024
13.3586
14.2499
12.6333
5.78543
10.8687
13.9475
13.5086
12.9017
9.11042
12.2076
14.1135
14.8534
7.60155
9.99943
8.48662
9.44971
7.68873
13.4491
12.3443
7.5897
8.46346
7.10851
9.32579
5.79012
6.66033
14.372
10.6669
11.0299
10.8507
12.8811
12.6242
13.9398
14.7174
14.9467
13.6587
13.8931
14.6319
10.223
10.6296
10.6252
10.0119
8.2635
14.2899
9.29489
7.74835
6.50142
12.5993
13.7743
10.8972
11.3911
11.1564
10.5157
8.78176
13.8368
11.3835
6.97161
14.1171
14.1684
11.9442
14.0616
11.539
11.718
8.95495
11.041
14.7834
11.0705
12.5477
13.8129
9.68392
11.7141
11.2213
13.9596
10.1437
13.5384
7.7175
14.0308
14.2366
5.52258
14.3374
12.1974
5.33811
11.6103
8.10769
10.9534
12.3393
12.7838
12.8989
12.9732
6.55465
14.1281
5.89234
6.4679
7.11565
14.6948
10.4974
12.5102
14.7967
7.34965
14.1472
14.4042
13.6376
6.84793
11.7326
9.74529
14.5269
5.6708
10.7013
14.967
13.8245
6.50402
14.1071
13.3754
12.8149
12.8984
6.10951
11.316
13.2798
5.19142
9.43956
5.26415
9.94633
8.79759
12.786
9.18726
9.60424
9.86382
6.66109
11.0154
8.3387
12.4525
11.3044
5.993
13.1391
11.5506
13.9097
9.46022
14.6622
12.3797
12.3472
14.2199
14.2476
11.4832
11.0065
11.2606
11.6361
14.9073
13.083
13.5938
14.8833
6.19796
8.74334
14.7973
10.2424
8.31809
10.9779
14.5388
12.8889
10.9776
12.9503
9.6155
14.5495
7.80217
13.4045
10.1772
9.05815
8.75309
14.3182
10.9076
9.47405
13.0357
8.07584
9.08785
14.5923
9.89932
14.6123
9.38491
10.8609
13.6394
9.54908
11.1274
8.04861
11.8191
10.9752
13.6995
11.7279
5.31575
14.6666
13.4344
9.34698
11.8209
9.61741
10.9744
13.1253
9.79639
8.96791
13.7518
9.49728
9.05125
9.83975
8.24272
14.0793
12.8243
13.7613
9.58585
5.81487
12.6221
11.8348
12.7559
9.913
14.1602
14.8472
10.3726
7.54316
9.03389
13.6618
6.21578
13.0412
11.6069
14.6276
14.4512
9.79934
9.48498
12.379
14.5726
11.651
8.06289
10.6269
9.68295
10.6053
8.32303
12.0726
10.1213
9.28337
7.09641
10.6719
12.5662
11.8592
13.4124
11.0562
6.30264
9.79098
12.5344
11.2499
13.7327
9.65819
6.16647
12.9416
9.20855
9.51805
5.96672
4.44138
12.9606
14.5785
14.3443
12.3216
14.5125
12.5847
8.96135
12.4823
12.9048
13.6279
11.2934
13.1177
8.00179
7.01353
12.3753
9.95435
12.8486
8.32057
8.72235
7.6174
12.3441
12.2964
13.2036
13.8498
13.8754
12.4582
11.6339
14.7851
9.68458
12.6061
9.33634
8.87553
8.24236
12.6081
10.2985
13.5709
8.16623
9.30898
10.0802
13.9435
8.29662
11.893
11.7127
5.09485
7.81472
12.7943
9.18986
10.1334
14.7401
10.7558
6.03884
11.3557
11.0776
14.7759
12.366
12.2242
5.06099
6.12618
10.9799
10.2737
6.05722
11.9482
13.2758
8.07648
9.15312
12.9585
10.7652
12.6172
8.66547
12.582
13.186
9.134
8.78739
11.9865
13.3647
4.49086
8.9468
9.82322
5.99823
9.98953
12.4953
11.652
14.6116
8.99313
5.08463
9.54991
7.65305
12.8221
13.7875
12.1607
14.2102
12.797
13.915
14.9983
14.3809
8.55945
10.8686
12.8185
9.60658
7.62166
13.7537
11.1545
10.5446
10.6236
14.5683
10.752
9.01992
7.92791
12.5721
14.4758
13.2036
10.8812
14.9923
8.67684
11.3589
6.26696
10.4434
14.5026
12.7455
12.7372
4.42896
10.1303
12.7491
9.78314
9.4727
12.9096
7.09374
13.3591
10.0299
10.4508
9.28481
10.2586
11.7059
13.3274
13.9095
10.8788
13.4766
13.9739
13.4653
14.3352
7.17368
10.5616
14.2752
13.6222
13.97
11.5955
9.7366
13.681
11.8392
11.9479
11.7965
13.135
10.6871
9.34438
11.5279
10.9577
11.3692
14.8305
10.046
12.1861
14.6579
13.3094
12.5881
8.85677
13.0963
12.3425
11.6934
11.1678
6.03626
13.3468
10.4509
11.1446
7.03257
9.55066
11.3342
9.53407
12.2408
9.96515
10.1716
9.50465
10.3235
14.7888
14.4432
12.4058
10.2812
9.45219
14.4553
13.6218
5.95623
7.76231
7.48023
11.5712
9.70163
10.0441
14.7922
14.6611
13.3249
14.6497
10.7062
5.66863
13.9833
7.52346
13.6388
13.6401
13.068
10.5282
7.43712
11.9949
9.18075
13.892
11.9985
14.0176
14.235
13.7108
13.0405
10.4247
14.1397
10.2897
10.8408
14.034
11.0663
14.7136
8.47406
13.7411
10.7517
8.37029
9.00581
10.7183
11.1932
8.84215
10.2994
8.57837
14.6192
8.97571
8.77367
5.32505
14.0112
6.90454
14.4032
5.81149
9.75702
12.4818
8.19776
8.83781
8.84507
12.7249
9.6484
13.2447
13.178
5.84458
14.857
13.4951
12.6532
13.1909
9.91201
9.08533
4.48704
8.73434
12.9125
13.6599
6.12018
13.3768
6.96658
13.0136
9.69869
13.0072
7.5313
10.7531
9.39708
9.69228
10.6035
9.98463
9.17174
9.97956
9.14933
10.8767
13.6844
11.134
8.65967
11.0072
12.1982
13.2607
12.1917
13.1706
12.7613
8.28315
10.7821
9.59574
12.7635
10.2492
13.8638
6.14061
12.6799
13.0169
9.15487
10.359
11.4391
10.3168
9.58475
13.5498
14.1324
13.3916
9.43894
13.7353
11.799
14.1042
10.9408
8.42831
10.5056
13.5799
11.3578
12.9648
14.4637
14.847
10.7305
14.1498
11.3625
14.9015
4.76305
13.245
9.80234
11.2639
13.5047
12.5899
9.36798
11.3365
9.40536
10.8048
10.6802
9.78691
14.2612
10.2369
11.6138
10.6355
8.90369
10.1954
12.9303
14.9835
14.6868
13.8328
7.18109
9.76241
12.8601
13.7983
14.9333
14.0365
13.0205
12.0472
12.6881
13.3345
7.26885
8.81753
13.2712
11.2191
5.47672
13.8221
7.25319
10.9625
14.5806
10.7905
9.3024
14.5159
10.1333
9.45588
10.1807
12.7819
8.11138
13.0835
7.67987
12.6656
14.7414
12.6993
9.20778
12.9449
7.24277
8.92574
13.8714
6.56547
14.5162
12.6676
12.3752
12.1009
10.0751
12.4256
11.6501
6.80703
11.185
5.60378
13.1469
11.1321
7.96716
7.35816
9.52591
11.9323
3.70126
12.8975
7.35334
12.8787
8.26435
8.13783
9.01576
9.49373
8.89968
10.6897
5.34386
10.3327
14.9888
13.3193
8.82932
8.81281
9.73858
9.57716
13.72
14.2689
12.3879
9.68169
9.03085
11.1708
8.01257
8.27778
5.68831
8.74981
6.26045
7.99114
9.88354
8.36292
10.2099
12.7697
10.0959
13.5291
14.2242
10.7014
9.06177
10.4123
12.3114
10.8296
12.8613
11.3575
9.28724
13.8912
12.2855
12.5695
9.95241
7.61211
6.00238
12.6044
12.8591
9.98484
13.222
9.25003
13.102
13.478
10.6168
9.96
12.7859
8.07651
13.6714
8.79321
11.6836
10.6848
6.76521
12.9627
11.2301
9.80385
9.05659
11.1791
10.3751
9.01142
13.851
11.4873
12.2627
10.0276
14.6092
10.479
10.9163
10.9021
8.51877
7.01812
13.2306
12.8989
12.4513
13.032
8.44664
11.6269
8.56042
11.4892
13.5524
5.07796
9.47557
12.2955
9.64483
9.83368
8.46895
8.46524
5.72972
9.67522
14.7384
12.9198
11.551
10.3687
11.2658
13.4729
11.2166
5.58393
10.4959
8.3245
6.32394
10.6308
13.7624
8.86575
7.11338
10.4577
14.2106
11.771
10.74
11.2475
9.37024
8.13506
11.5856
8.03849
13.3698
10.2954
8.52777
11.8137
14.0127
11.2106
9.74228
12.4328
12.2742
8.07883
8.21667
8.97181
4.81334
13.4229
5.0158
10.4429
13.2638
14.9466
5.87519
7.54156
7.99208
11.0957
14.3108
9.99312
14.4729
11.1018
11.7404
9.55504
13.4427
11.0452
7.51045
12.9141
10.6216
14.4438
7.66625
5.60534
11.5072
6.14556
4.09617
9.1711
11.7319
13.6779
13.7413
11.9531
14.755
10.7502
11.9813
13.5302
12.4879
6.51919
9.18919
8.66202
8.81641
10.8881
8.49345
13.7239
13.3029
10.0418
9.24579
8.83482
9.41295
14.7968
13.7117
9.62406
13.5838
12.7604
11.6663
8.02719
14.8263
8.63665
13.7901
4.50857
8.03468
12.1154
8.37771
13.736
7.51986
9.87673
13.2009
9.70323
14.4474
11.4174
14.7353
12.9051
11.7583
9.55292
14.6529
11.543
10.1304
13.7176
9.65139
6.86347
7.45245
14.0371
13.9863
9.06711
6.66772
12.9507
7.93326
13.5274
7.38236
10.3923
6.23395
11.724
11.8123
14.1318
8.31411
12.2338
8.01938
12.8127
10.0541
10.1495
13.1114
7.57383
13.037
10.8749
10.7279
12.2093
11.7486
11.8073
11.2397
7.39318
10.871
14.6737
9.24479
14.6385
6.19428
11.6442
8.86493
12.4985
10.0415
6.61722
9.43058
8.5449
7.18964
10.1374
12.3481
4.93665
9.1972
6.68397
5.69854
6.90063
10.254
8.413
9.23114
11.0277
6.17279
9.373
10.4272
9.67085
5.99341
7.70891
14.3305
12.2563
14.6344
13.3267
9.25671
10.7475
9.01998
14.4419
12.3572
6.2588
14.643
10.6478
11.7518
12.2518
12.6017
13.3519
11.6695
13.2265
11.9157
9.55748
12.1285
9.52026
13.5249
9.5842
10.8452
12.2798
6.94987
8.20933
14.6206
12.1919
8.21022
13.5281
13.3257
9.7558
7.47612
13.7767
6.51855
4.50678
9.63217
11.33
14.8809
10.4345
12.012
10.0218
11.9484
13.9251
13.8706
10.0013
10.9688
5.36749
9.8671
14.8472
10.9617
9.08072
14.3723
11.0136
13.2134
11.6022
14.4108
10.8993
12.5915
10.3381
10.3731
8.94449
8.98877
9.12388
9.14225
6.43828
10.533
11.3183
12.0956
14.6479
8.64312
14.0255
10.0677
13.1732
7.98799
8.27913
13.2138
3.89957
9.7938
9.21782
12.9961
12.0619
9.61693
10.8158
14.9208
9.25478
12.4614
10.43
9.92175
9.05458
8.01143
14.4052
12.2496
11.3998
10.3344
12.0433
7.63044
10.3782
13.8725
9.802
11.6833
8.3657
12.3847
11.2861
11.4419
10.7454
10.0219
13.8321
14.8211
11.8494
10.278
14.9306
9.17459
8.78345
12.6223
9.07285
12.8531
14.6613
9.43471
14.8698
12.7322
14.6961
13.1851
11.1373
10.1475
14.8868
11.9978
6.57317
13.7145
11.959
11.2144
11.7009
8.22969
12.3977
11.4863
13.8487
8.26768
10.8583
8.98668
13.6163
11.4141
13.1874
11.0566
9.89929
7.62445
9.41142
10.0051
10.752
14.2668
11.9728
10.8015
14.6939
12.8188
9.80046
10.1053
13.0668
11.7811
12.2484
8.54247
10.7648
14.7925
13.778
14.9083
14.2048
11.492
13.3479
14.8283
11.2482
10.4183
11.9464
9.40197
12.5757
6.37617
9.14173
9.3752
10.7102
13.6478
9.77119
8.57229
13.6005
12.6293
11.2397
9.91878
13.9008
7.21006
8.75974
8.08212
9.60628
6.03905
13.0591
5.30519
5.05871
10.4126
9.46021
10.6619
8.74894
14.0199
9.69814
13.6442
8.22157
13.0864
13.3127
14.4616
12.929
10.3917
14.3023
11.1351
10.6872
14.979
10.1537
11.8296
11.984
9.779
7.09504
14.0256
14.983
10.167
11.3446
14.8792
12.7924
10.9281
8.93425
13.6747
11.8085
9.01032
13.8694
12.1135
13.9973
12.7289
6.35338
14.3999
9.7893
10.7582
14.5967
9.97831
4.89086
9.92503
9.55993
10.1684
13.6319
9.87918
9.1829
14.5064
14.4458
11.3078
14.2096
11.3868
10.3711
9.9508
14.3864
6.33101
9.86183
6.25613
9.32626
14.8377
12.3678
13.7504
12.87
13.5146
11.965
14.394
14.8684
9.72791
10.7829
8.52395
14.0093
14.0513
13.9271
13.9946
14.6224
9.89228
10.4929
11.5829
14.3479
13.0452
11.2948
13.6918
10.6861
11.6585
13.8207
8.22507
14.5116
11.1553
10.5978
13.244
14.214
11.7827
9.87508
13.9313
11.5102
5.89173
13.0003
10.0059
14.1548
12.866
14.9639
11.8166
13.3624
13.504
13.5128
12.4895
14.8614
9.71401
9.01546
14.6535
9.65929
12.9253
14.1273
8.52061
11.5939
12.2227
9.84497
14.7011
10.2307
11.0012
8.80464
8.24052
11.0087
12.4889
5.71863
9.46396
13.7174
7.99932
12.6425
13.6261
5.22835
9.8751
13.1939
14.0779
9.586
10.5325
11.6063
11.0395
14.5738
11.105
13.0748
14.7561
10.9677
9.85221
12.5905
10.2273
11.1948
14.9226
12.7272
13.9782
14.785
13.4162
9.54273
14.1866
14.7867
10.1384
11.6149
13.2363
8.87289
5.86544
4.85516
10.557
12.1037
9.90827
13.8815
9.21166
13.0988
9.28668
8.43295
12.7041
11.6796
8.44242
10.1615
8.19444
5.81263
12.3091
13.716
14.524
13.5357
11.6463
10.9025
13.4643
13.3357
9.16791
5.95859
10.177
8.03965
11.921
12.0857
8.87165
12.4204
13.9394
12.4348
6.92623
12.8087
7.12518
8.7689
13.8137
10.1414
11.0686
13.7114
5.86628
14.3181
12.781
7.12569
12.1715
12.0386
14.3729
6.58394
14.2756
7.89172
10.556
12.6173
12.5437
7.13245
13.5497
13.1582
12.2163
12.8368
8.19278
12.0967
8.66033
7.59006
9.19273
13.4802
8.3434
14.9743
13.7596
8.86184
11.2066
14.5756
9.44437
11.0769
9.14569
9.83981
12.6274
10.3823
9.79178
8.77609
8.42123
12.9548
7.69832
11.5771
8.66009
11.3117
10.2192
9.75089
13.775
12.8688
13.3668
14.143
6.39383
13.2565
14.8244
14.1248
13.4511
13.2932
10.3057
12.0914
13.496
14.1905
14.722
11.0961
5.29157
10.4635
14.697
11.113
12.0361
3.95934
8.55794
7.75944
11.7113
12.1978
12.8301
6.22874
13.4618
14.9499
8.89437
12.4771
14.5466
12.1279
8.21794
12.6933
9.17089
12.5678
8.07085
7.69576
14.1045
14.4052
7.85296
14.4458
13.3297
13.1041
14.6218
11.3492
7.13441
9.46724
13.2622
14.9158
8.71103
8.52644
12.1361
13.5594
14.0022
9.6477
12.0965
8.43625
9.72289
12.9258
9.15014
6.64747
12.2353
8.69166
9.04897
11.1643
10.8205
10.2717
12.1339
14.3891
12.0665
12.5613
11.1992
13.8953
7.29121
9.50082
8.42506
6.80841
7.24189
8.84301
10.9851
12.2803
10.158
10.7016
13.2645
14.9991
11.2324
8.78082
9.5468
13.9074
11.7029
6.79374
11.4068
11.8179
9.58826
13.0688
8.28984
11.7152
12.3295
9.08684
14.069
10.1027
5.42351
6.15907
14.9818
8.73063
9.43991
12.363
5.9407
7.93866
11.5613
10.6638
12.0068
9.14439
8.14273
8.3249
9.06837
13.3162
14.2089
14.8256
13.8817
10.0643
7.66344
6.75166
8.9068
11.0135
11.2355
8.80025
11.6424
10.2563
11.6942
14.0615
9.13887
14.5983
8.431
10.7005
14.1069
6.06751
8.56251
6.3032
7.78913
10.1722
7.12185
7.22214
10.3558
11.0424
9.9568
10.2141
5.6969
9.32897
12.0794
10.0254
12.0698
14.4663
14.8655
13.4123
14.8702
12.6115
14.0904
13.3967
14.6401
8.6675
6.36565
9.08905
8.34526
13.7191
11.0166
11.0082
12.4368
10.3015
8.41098
12.2281
4.41703
10.1696
14.466
6.32122
11.5348
14.5826
11.574
7.71293
11.741
6.1877
11.6671
10.9198
13.201
13.5808
8.1719
13.0256
10.3122
13.5119
11.3116
12.2891
8.46212
13.0779
12.3785
10.192
13.377
8.97252
13.4128
13.5332
13.9677
13.8486
6.94629
12.9469
12.3105
13.7401
12.9087
5.91793
10.657
8.13334
9.6183
13.4173
10.7742
7.99218
13.9256
12.9354
13.4923
11.0058
13.6521
9.87764
11.0798
11.025
13.194
11.1527
14.9421
7.36717
12.6135
13.2488
6.02606
10.9175
13.4185
11.8947
14.2362
11.0191
11.1566
13.6706
12.179
14.2591
11.1766
11.0191
9.33787
11.1752
14.869
10.9522
9.60691
14.7176
14.7681
10.735
10.8983
12.3538
13.2666
14.0172
12.1048
13.4891
13.2139
13.8819
7.14483
10.4049
9.00327
12.4507
12.592
8.51214
12.0925
11.35
12.987
7.59562
11.1214
9.23082
14.6616
14.1412
10.0283
9.8334
14.0392
10.0376
13.1242
9.11012
12.7014
11.2917
9.25459
11.0501
14.3037
12.3842
11.3802
6.96901
6.55784
11.6312
11.8179
11.6854
9.7275
10.9893
9.63924
13.5064
11.5495
12.427
13.2534
12.4393
9.09161
9.59566
11.1296
11.1107
13.7767
9.84241
13.1618
12.3017
9.48053
6.05737
4.95408
9.00906
6.41626
13.8399
5.73285
5.68666
10.3499
14.3956
9.38817
12.4003
10.1981
13.1861
11.9403
12.2988
10.5772
13.7592
10.8021
11.0908
8.19659
14.8463
8.36959
10.9269
8.07118
8.11198
13
11.7586
9.4256
13.7525
8.5551
9.44292
8.82769
14.5343
9.15879
11.3991
13.2356
9.14012
13.261
9.6885
8.53862
13.1731
14.649
13.095
12.7514
14.3091
12.6304
9.20017
9.79765
11.2937
8.75267
11.6048
8.28371
7.44294
8.46309
9.0063
13.0377
9.26788
14.5597
9.8416
9.42382
9.47453
13.2792
9.44171
9.7361
13.4211
6.4227
7.35152
10.6918
12.0816
11.7343
7.50135
8.4576
10.188
9.87924
11.5724
13.5196
14.6443
13.7393
5.50464
13.2331
10.0164
8.0365
13.3769
12.3868
9.87739
14.3019
10.9338
11.1016
12.0158
14.2705
9.95075
14.5512
9.14301
7.63321
14.0306
10.5442
11.8585
9.7839
9.81843
12.1643
14.5797
10.1087
6.78594
10.3609
14.1234
14.0378
10.3357
13.6432
8.59505
12.8861
14.1629
10.5385
11.707
10.8387
12.8144
12.2835
10.4177
13.644
9.53351
14.8677
12.051
13.666
8.13863
11.3939
10.9796
12.4269
14.8697
11.141
12.9791
11.9381
11.9214
14.9587
13.9435
10.6466
13.9684
14.0251
13.4377
8.77019
14.0289
14.0096
14.4691
6.29669
14.8525
14.7997
9.10142
9.89917
8.21167
4.58594
12.7161
9.58046
11.1054
8.11375
11.4321
11.6493
11.0174
12.1839
8.31044
9.22187
11.1891
9.87785
10.2507
13.8825
9.96467
9.70732
6.54272
8.47548
13.746
11.1237
13.7115
11.0695
10.3436
5.47249
13.1753
12.3431
13.0072
14.7233
11.2312
13.3107
8.48427
11.5086
8.06359
5.96992
13.5978
12.2134
9.71096
7.51376
9.4521
14.9781
13.654
14.0869
13.4998
11.1525
10.4426
7.14332
8.22868
9.32193
9.86615
6.71332
10.2374
7.13334
10.6812
8.52008
7.96896
7.14885
9.41241
10.9276
11.246
6.09536
12.5196
12.2473
11.4601
7.86885
8.59052
9.02026
12.0744
10.8228
8.0752
9.37068
10.0721
8.49768
8.28474
14.3458
12.7134
10.9756
9.16483
14.0923
9.38284
10.7244
10.4566
7.98637
9.77645
13.436
9.17389
12.7399
10.9853
6.97163
5.44966
10.1033
8.34889
9.95094
14.515
8.29681
12.433
10.3298
9.32604
11.0486
10.8764
8.04021
13.2665
9.60768
9.00047
12.4664
13.4677
6.36174
12.8919
11.4032
9.6364
10.2003
13.2285
10.3561
9.27701
14.048
11.7202
6.44395
11.5033
14.1385
9.43922
12.1135
14.2655
13.5857
9.07182
11.446
10.196
8.24833
8.99636
10.4794
14.6571
8.26063
14.4004
5.1919
14.8941
11.4902
11.8915
6.88391
8.82997
7.06515
13.5291
9.81145
12.381
14.742
9.68487
13.0976
13.5455
10.1579
8.12678
14.8557
13.5213
12.5954
10.8898
12.059
10.0817
8.93673
9.48727
10.4359
14.5802
11.8619
12.5439
12.1677
14.0242
6.28133
11.759
13.9276
13.4086
14.8388
11.9263
8.37611
13.8325
14.4581
12.3134
14.3774
11.0371
11.5524
12.5518
11.1521
7.21125
12.3477
13.2771
8.30098
10.2595
12.1845
14.5954
14.6154
10.0643
13.8118
14.8643
9.48148
9.15479
10.0219
11.3981
14.4253
10.229
11.3703
13.4711
12.7204
9.10853
10.6461
13.1361
10.2998
7.66551
9.67635
10.5152
10.9635
11.1369
12.7873
10.5905
8.08329
14.3037
9.28076
12.1302
14.1107
10.9156
12.9399
11.3187
9.60948
14.0303
11.5631
11.6409
13.5187
10.8934
10.8249
9.7877
12.2975
9.60831
10.5052
9.31639
8.78592
13.8269
12.4111
11.3073
11.171
9.67372
9.95022
13.4685
14.2382
13.498
14.7184
14.924
13.843
6.78016
11.6291
11.8534
11.1499
9.19348
13.5115
11.1513
14.2962
9.40104
6.43903
10.9872
8.45639
9.55478
13.9508
5.92607
14.8195
9.88528
13.2033
10.4472
13.0947
11.3152
9.97299
12.2378
10.3745
5.41316
6.7364
9.92945
12.1519
13.7643
13.2571
5.39858
12.0515
7.75445
7.17019
9.72444
11.8969
9.65264
7.8644
10.3804
10.9109
13.4383
8.90877
10.0244
9.86385
9.99373
9.61232
10.7501
11.5043
14.3014
10.6205
12.0164
11.0336
13.217
9.94126
10.6516
8.45137
12.1
8.0593
14.3122
9.51067
7.57127
5.89695
8.66756
10.9571
12.5701
13.4969
14.1825
7.33505
9.46376
11.1973
13.5901
11.8098
11.2672
13.4957
8.19241
13.6548
10.37
7.26223
10.1787
8.02531
10.8589
12.0335
10.9209
10.7251
12.7069
6.87847
11.0232
7.94382
8.44237
7.05131
11.7604
11.5456
13.3592
14.5803
10.0486
9.07765
13.6917
12.988
12.3027
7.74985
12.0246
8.91
9.76498
5.74814
8.45776
7.41938
13.941
12.8048
13.2024
14.9802
7.78424
6.14078
12.0054
7.91181
10.9829
12.3442
10.9723
10.0862
11.1697
11.5318
10.6942
13.9145
10.6946
13.3873
12.0294
13.2534
9.42535
14.4853
10.1806
7.76518
9.5801
10.7947
6.79378
10.9336
8.04474
8.68486
10.2165
7.53596
7.77513
10.9424
14.537
11.438
9.31749
12.5185
14.0893
9.26793
7.86746
10.2265
11.6902
13.8363
11.6493
10.1225
10.3703
9.2376
12.565
8.44414
10.5304
9.59499
9.04
9.53572
10.0774
9.04674
11.8153
14.8683
8.78293
6.73499
9.55765
8.83252
12.2612
8.84727
9.00348
14.4118
11.6182
13.319
6.35369
9.58992
14.9246
14.9063
13.3084
12.4087
12.6793
12.7349
4.80058
8.93246
4.43225
9.90459
6.10508
11.4885
10.6871
10.8862
11.928
11.7855
9.22294
9.42829
11.5085
13.6284
8.81966
10.4516
11.5387
13.6124
10.5959
14.5485
14.5969
11.6173
12.3488
9.82152
11.43
11.7594
14.5221
9.07329
12.7808
14.6173
13.6335
10.6674
8.46316
12.6236
5.11784
8.44373
14.0108
13.272
10.391
14.4076
5.75733
10.0588
6.9528
7.24186
10.9371
7.28285
9.37461
10.7313
9.81521
8.47912
14.3873
12.6607
6.51012
10.2989
8.1755
8.48482
10.7781
8.54987
14.5244
9.41173
9.78218
8.77779
9.39595
8.3887
6.68995
13.2697
13.3596
11.3515
14.9356
11.1775
14.6214
13.6324
14.3859
9.11406
13.7248
12.8515
13.2821
11.4189
14.1245
13.6763
11.2014
14.2875
10.9453
5.73018
9.14248
4.90282
8.83482
10.3203
8.98266
10.8164
13.7069
13.4969
14.4888
12.9316
11.8532
13.7877
13.4301
9.876
14.1429
14.4837
11.7769
14.5174
13.1229
13.5382
5.17431
12.0706
13.1484
5.23928
10.7626
9.97588
10.326
11.8452
7.24667
10.2094
11.1636
9.98713
10.7269
10.8277
10.2282
11.7313
11.1684
10.8465
11.7151
13.2967
5.72738
9.05247
8.68763
5.72135
8.16492
5.18372
13.251
11.6596
8.82099
11.0518
12.3254
11.7699
12.2332
10.1732
7.86315
10.3862
13.6359
11.8586
13.5997
9.86149
11.3126
11.7712
10.9804
14.4468
14.6332
5.78978
8.06634
12.9422
10.3477
13.8885
14.1662
11.1837
14.5211
14.4588
12.3241
11.2758
8.88942
14.2006
11.5857
11.4545
12.607
8.14138
9.23616
13.7437
14.5545
7.65342
8.77153
11.8899
11.9765
14.369
14.1056
13.4924
5.00294
7.56737
14.3546
12.0579
13.6724
7.65772
12.1429
8.73692
10.3878
13.4307
11.1272
9.26456
4.87182
5.14615
7.43027
6.79401
10.6252
10.218
12.3993
9.80831
14.6541
12.0351
12.5268
14.8573
12.5863
10.9647
9.33749
14.4118
11.4822
12.441
13.8273
11.3494
11.4488
8.01782
11.0824
10.4987
13.602
6.39516
10.9783
11.4768
11.4074
11.3374
8.64115
9.1209
10.7227
8.71874
6.56083
11.7323
13.8612
12.2375
11.938
5.29527
8.73811
8.39045
14.8764
8.16157
14.95
14.6451
6.6792
5.25859
9.76176
13.9295
13.0441
10.5558
9.33218
6.15557
7.81796
8.77683
7.43696
11.5347
9.1514
9.73489
8.1226
14.5846
12.5102
9.64949
14.1449
12.7108
9.95441
9.7032
12.8161
9.16462
12.3546
8.99183
13.4003
14.6522
14.7216
4.57286
7.19762
14.4343
9.52674
13.2942
12.3592
7.54732
10.1884
10.0098
11.5163
12.3601
9.2236
12.3713
10.0241
13.8856
9.00917
12.0973
13.7327
13.9393
12.5297
7.57365
14.9043
13.328
11.7435
10.2111
11.9463
14.2315
13.2473
8.45029
12.7082
12.9094
14.203
12.3615
10.6312
11.3904
10.1387
6.95057
8.39562
13.0386
7.43356
11.3696
9.00127
13.5652
9.97912
10.4942
14.0527
12.1697
11.4681
9.50531
11.8782
10.5154
11.8005
8.6659
8.62659
10.0116
4.45647
11.0079
11.7822
14.4491
9.31469
10.2877
6.68607
11.7555
9.45197
9.84591
9.78664
14.9977
12.6467
7.97526
13.4045
9.05488
12.2474
8.86433
12.2286
10.7591
12.193
10.3263
11.1154
13.1959
11.5009
12.9239
10.0232
6.49331
6.03561
10.5262
6.93253
12.5594
9.0478
9.1075
8.40734
12.9211
9.53944
11.5912
8.03653
11.1833
13.9275
12.4762
12.2339
9.00543
14.8192
12.659
6.63815
14.5322
10.9057
9.09745
8.40371
7.16125
13.9461
9.92379
10.5278
11.9569
11.4702
10.0543
7.7373
10.8044
9.98555
13.0087
11.4293
8.30152
8.50689
12.7522
13.5744
6.93383
13.4646
11.6242
9.70329
10.935
6.56544
8.31675
11.138
12.5113
9.92088
10.4407
10.348
10.9808
10.6848
7.91737
8.75498
14.4784
8.97952
14.1151
9.91921
12.7851
7.09614
11.3021
8.20454
12.5519
14.9685
9.09743
13.2062
12.0401
14.7163
11.7817
12.2135
13.348
12.8766
11.855
14.1158
5.01463
6.17321
12.929
13.2193
12.8958
13.1745
14.4841
12.2679
12.9065
8.01581
12.5346
10.0497
8.50197
10.3946
10.3258
10.6253
6.92125
9.89909
10.6977
10.646
13.5679
14.5334
13.7687
12.3169
14.0651
14.0481
13.6033
9.82994
14.2887
6.42181
5.80529
6.19353
10.3437
8.828
5.97865
8.3729
7.02086
4.86728
13.9722
10.2018
11.4638
14.2901
12.8872
8.33013
12.9701
11.499
10.2195
14.6181
14.4664
12.6097
12.2732
9.17906
10.2007
12.7516
11.2267
10.3799
11.699
13.1637
11.6502
13.1116
11.5279
11.4451
13.6922
13.4922
12.1307
11.6759
7.71049
9.12899
5.96379
12.9071
4.54919
11.1211
8.52634
9.21042
13.1689
14.2858
6.93136
10.4581
5.9105
11.3095
10.0729
9.58167
10.183
4.5488
12.2423
14.0007
9.856
14.204
13.6872
11.179
11.2541
11.8306
10.0381
8.21987
10.7699
13.1582
13.3759
14.8165
13.0802
14.6626
10.8331
13.9304
11.9501
10.0245
9.06032
13.3779
5.34966
10.9176
12.0738
8.45575
10.8276
10.2959
14.1348
9.91648
9.61974
11.9193
8.30171
7.99302
10.3255
10.689
14.9273
12.2033
11.3437
14.0414
10.908
11.6877
12.598
14.3854
14.8534
13.2418
11.5152
10.6298
10.0527
11.1103
12.6577
10.637
12.1996
14.2119
12.8924
9.98301
11.9753
10.3319
11.4251
9.80324
7.56373
10.3304
14.4637
11.8602
9.75298
9.49913
11.6827
7.92868
13.4008
11.5368
12.6289
6.91849
7.56092
14.8793
13.0818
14.9838
14.474
9.07001
12.1638
9.96783
10.8578
6.72931
9.28562
10.4197
8.66477
12.439
9.53884
11.0679
14.0267
12.6956
12.6697
10.4261
14.2005
12.1659
12.0158
14.056
12.4891
13.5321
9.17513
6.18995
11.0572
6.61472
5.2194
14.7578
14.8526
14.4952
8.53872
6.6364
10.852
10.4255
13.5244
10.1416
6.87768
14.889
6.97627
8.96596
12.8765
8.05946
9.82374
14.8401
12.7628
11.8595
11.7636
12.4003
8.92242
11.4957
7.42831
13.6285
12.953
10.4037
8.92752
12.6549
14.9466
11.1083
14.524
12.9981
10.2137
13.3017
8.58626
10.9869
13.0876
12.3087
11.2519
12.1737
11.6749
14.7608
13.9194
14.5946
10.4317
11.0087
14.2544
14.181
14.6805
6.60596
11.221
10.2757
10.2393
12.046
12.7315
13.3048
7.38589
14.9845
10.7038
11.951
9.41925
8.77949
10.0442
10.6659
14.9528
9.18813
10.8264
9.77569
7.5529
11.0282
13.4596
10.1923
11.7236
12.1755
6.14367
12.1094
11.8437
12.55
13.4342
11.0013
10.0466
11.9062
11.0776
11.3847
9.33453
14.2791
12.8925
14.9709
8.57225
14.3463
10.1033
6.40114
6.11038
13.5225
13.4729
14.4191
12.5631
10.7336
10.3071
14.4376
11.2481
12.0251
13.9401
13.4845
11.7584
9.85581
9.23871
11.8156
13.5621
12.0932
10.4963
12.4035
11.572
6.95956
13.801
10.5001
13.2876
12.8894
14.6529
14.9702
10.3409
13.1406
10.7734
14.6121
9.42337
7.28318
8.85762
9.12551
12.5586
13.3955
10.5971
12.3721
4.81723
8.71288
9.36221
5.21261
6.91875
9.92672
12.9001
12.5548
9.5219
13.9623
10.9911
13.9523
10.4007
7.75141
12.6362
10.4544
7.77656
9.44497
12.1366
10.5629
5.26764
10.9394
12.4577
11.161
11.9849
8.97272
8.3439
8.59375
8.54461
13.05
13.693
10.2096
14.7434
8.82584
14.2612
9.57954
14.2696
11.9538
10.8715
13.9415
9.64717
9.33217
10.1623
11.6794
8.93923
13.6766
10.0279
13.0019
6.06101
12.2374
8.60409
12.6841
10.5967
5.68002
14.2659
10.7855
12.6497
14.1322
8.37036
11.5372
8.07091
5.72244
12.084
10.6043
14.2957
9.07282
9.69957
11.8317
14.0753
10.6524
14.4378
14.1442
7.60743
5.49541
14.5069
5.40517
11.1658
14.9105
12.224
12.3702
12.4837
7.57907
9.84789
14.2091
10.4683
12.6926
8.72008
10.3852
12.4487
14.2572
10.3066
12.2534
12.4367
8.0611
9.83369
9.19235
8.4101
7.59098
14.1415
7.23605
6.80767
9.36503
13.2424
10.8082
13.842
13.096
9.73167
11.8957
9.80652
12.664
8.98056
14.0103
14.4549
13.4602
5.72356
6.2411
13.9059
7.29646
8.60096
9.42731
13.2983
10.4371
10.8583
13.9787
9.37317
10.8439
9.86494
7.49985
12.392
14.0359
13.3159
13.6245
11.0943
10.0364
10.5489
5.02045
8.21726
14.6489
5.39391
12.1212
9.46877
8.47362
7.72086
9.05059
11.9483
12.396
10.3345
10.0027
9.58712
9.45278
13.061
9.30582
8.42176
8.90192
4.67209
10.3392
7.7338
13.5946
10.4952
13.033
5.7647
12.3072
13.054
11.6843
5.00131
12.526
9.79749
14.6511
14.1154
9.74306
11.8883
7.6251
13.1314
11.7171
14.9957
13.712
13.4798
11.1573
14.9232
12.6328
10.929
12.9192
12.7651
14.4008
7.9422
5.17084
7.25225
7.55635
13.3776
11.4291
10.1507
12.4197
12.638
8.48093
13.0895
5.48849
9.1694
14.942
6.88033
9.04069
14.5588
9.82389
13.8685
6.7166
11.2131
12.8963
10.4557
14.0666
11.8532
10.5039
11.4997
12.4574
13.0831
14.6764
9.77668
11.4939
13.0538
11.921
11.8848
9.05205
5.23
7.61691
8.00459
11.7212
13.9526
6.62798
14.6298
9.47853
14.2057
8.5128
8.39144
11.5615
9.53173
10.5856
11.3995
12.5529
10.0673
9.84085
14.7383
13.7435
9.90772
14.5911
13.5573
12.9176
9.99597
5.80681
10.9427
9.77455
11.8627
14.7072
7.74781
13.5611
6.97538
10.717
11.6833
12.159
13.0039
13.4076
10.3898
10.4743
14.5351
14.458
14.1947
11.8217
14.63
9.82951
12.8001
6.10113
10.2759
9.8322
4.43117
12.3766
9.21581
8.39594
9.29324
11.1289
12.6559
14.1669
12.4536
14.0725
14.191
6.34816
8.03969
5.59842
11.5485
11.4409
12.3213
14.1045
14.4511
8.79958
6.64888
11.3224
9.32284
14.984
11.3569
14.8466
14.8385
12.3636
13.9384
9.83498
14.419
7.18195
8.34646
12.5204
12.5349
11.3127
7.35871
8.93444
10.896
10.8621
9.51177
8.37806
12.4537
11.6467
11.2296
9.35054
10.8069
10.1531
11.2659
12.0543
14.8967
11.0832
13.2204
12.1956
5.40018
12.9134
11.6819
14.2839
12.8061
9.95456
10.3084
6.34669
8.60099
10.297
13.5063
12.2436
14.0931
14.405
10.9682
11.812
14.3855
14.3954
13.5325
11.3407
13.7072
14.0333
12.699
7.00176
10.9239
13.7828
12.1535
13.2381
14.8572
10.6733
9.27341
8.5151
11.796
7.07414
11.2742
9.84383
8.60619
3.8348
13.4108
5.74945
14.5173
6.81827
8.86613
14.4581
13.4996
10.0112
14.3634
5.53604
7.87937
8.7619
5.32047
7.44437
11.8077
12.8818
8.58389
11.4336
9.3083
12.7757
7.99329
14.6263
10.116
6.50562
9.94882
11.4425
12.9514
11.6053
9.31385
11.544
12.753
10.8023
11.3649
9.43034
11.4223
6.4172
10.6648
6.50161
7.09497
14.8018
6.26409
11.1562
14.4269
12.5311
12.6783
11.5638
12.4735
13.3635
11.0336
12.9252
9.51641
11.3525
13.1749
13.8394
10.2425
14.8123
10.4174
9.08484
13.442
9.53033
9.37051
10.671
9.90403
5.65471
10.0277
13.5128
12.6164
9.18871
12.0614
10.7591
12.9773
13.8853
8.09741
10.8311
10.81
4.69194
7.46016
8.24046
7.66066
9.45698
6.26715
13.4543
13.7095
8.86669
14.7122
11.0501
8.29515
13.1924
9.17904
10.0626
10.4511
9.55995
9.44718
11.3374
11.5497
10.6386
12.5712
4.76189
9.17643
10.6392
13.6853
13.871
8.47202
5.7918
10.7028
10.0471
12.4296
10.9651
14.7373
12.2519
12.338
13.4385
14.0577
13.7507
13.001
11.3875
13.8534
10.8846
13.7863
11.725
12.1405
8.49032
13.0173
14.962
11.2258
4.01858
8.86896
6.89652
12.8547
11.3927
12.6658
13.3534
9.73859
8.08225
8.22818
12.5677
12.5327
14.6135
14.9998
12.8428
10.8523
8.11346
9.60011
10.1495
6.6776
10.8199
8.08733
9.60789
10.1574
6.72203
14.0084
14.6868
9.04277
10.4034
10.8832
11.3768
5.68129
11.6596
10.6621
10.5388
9.50028
8.98166
13.7814
13.9424
14.5496
14.125
11.6856
10.173
13.153
9.30567
7.33976
9.44106
10.637
12.9351
9.15394
9.63953
13.3105
6.53579
11.489
6.07753
4.84307
7.70069
11.8761
9.18482
9.93671
11.5191
12.695
8.58459
13.899
10.5656
14.519
10.8839
9.10009
12.5883
11.6769
11.0107
11.7414
11.5958
12.681
14.8838
12.6333
12.9199
14.7547
10.168
14.7295
8.1533
14.0589
11.3436
8.19804
13.1603
14.0588
7.90535
7.4883
9.15494
13.8252
14.5121
13.0848
10.7514
9.3168
10.6573
14.4863
6.79672
14.9992
12.9164
13.7678
13.4661
11.3232
11.9171
4.8743
9.7063
9.71948
10.9134
6.36376
10.878
13.0987
10.6991
13.7505
7.04827
11.6256
9.88866
8.95135
12.2147
8.85415
13.7937
10.6199
7.72858
8.65454
11.9335
9.61786
13.3613
6.44362
8.41822
13.4583
10.0194
12.4616
14.346
7.37156
11.4609
14.5685
5.68582
10.892
5.4288
10.6641
9.57758
11.87
13.0461
12.9892
11.8981
6.41993
12.0181
9.26135
4.69131
8.02869
14.2357
11.5593
6.01398
9.12941
8.22206
11.1883
14.9377
10.4559
5.90066
6.50914
10.17
7.46432
14.7013
9.17388
8.44374
11.804
10.0217
14.1032
12.0072
9.79555
8.40318
8.91485
12.96
10.9499
11.3379
8.78905
9.25215
5.67642
9.51508
12.0682
12.8383
4.74159
9.53144
11.4168
10.9508
12.3374
6.99443
13.3743
13.1306
11.2
7.99572
8.27818
14.2602
13.8898
14.3293
12.0748
10.6392
11.1236
13.0857
9.64052
13.3816
8.95888
5.63495
6.52533
11.8111
12.3595
14.6594
12.2497
13.2306
10.8515
12.4648
9.35312
14.8464
10.9671
9.26631
14.5525
14.5119
6.45072
12.3636
13.5659
14.7584
11.4365
9.16586
12.4013
13.0646
6.7493
8.81957
13.1464
10.1218
14.5142
9.11044
9.51556
13.2394
8.29416
6.61634
7.79229
12.9883
12.8848
12.6948
7.90554
10.9809
11.9382
7.11955
11.8077
14.4608
13.7099
8.97924
6.00188
9.38104
8.77778
7.88691
11.2053
14.6032
10.0074
11.216
11.0234
7.94271
9.77215
8.17086
6.8955
10.436
8.86729
12.6462
11.6472
9.00066
6.33737
12.863
11.3391
14.7888
11.0997
11.601
14.0692
11.8602
9.69734
9.81889
11.643
8.59698
10.8154
13.8314
14.8182
11.2542
13.5073
11.3938
13.5099
9.81606
8.17778
12.8236
13.0893
14.8651
13.3509
5.09761
9.31889
12.6052
9.18435
14.1913
11.3802
14.0896
9.64473
10.6522
5.33917
14.2311
8.75645
7.52883
6.08537
13.2332
13.1291
14.3592
14.9213
11.9821
8.92032
8.86365
10.018
8.30975
14.6058
10.8589
9.78643
13.5254
14.1321
9.14374
14.9417
13.4359
12.8962
3.99004
11.5124
12.2978
8.67881
11.9556
7.10737
9.95688
8.4616
5.45575
4.97598
10.0158
12.98
10.5486
10.1142
13.8145
14.5508
13.797
13.6644
4.53769
13.8341
10.0522
5.3562
9.07735
14.8637
12.2591
14.8195
12.9153
10.1548
12.2075
9.7691
5.3761
4.69374
5.48814
11.7785
7.1813
7.59457
12.7819
14.5389
9.59979
13.6934
13.8636
14.957
8.94625
5.57323
5.09196
10.0063
12.8238
6.43961
14.4961
12.0542
12.6267
8.929
13.2527
10.6082
14.462
11.1753
12.8094
6.31397
14.8284
14.0518
11.9842
12.2793
12.195
13.5317
8.05278
7.71207
10.7508
10.2872
8.97469
12.9335
10.6806
12.802
14.5011
13.9341
7.77701
10.3482
9.39183
10.8461
12.2728
6.26468
10.0802
5.43957
11.7149
9.90481
8.24374
13.3776
11.7418
10.3003
12.2413
6.43138
9.37699
10.3295
14.9543
10.9384
8.0551
10.6591
11.9402
11.1179
6.45601
10.207
11.1343
8.1407
10.2138
13.4641
4.89656
7.19737
13.0126
14.5508
14.8296
11.8889
8.62759
11.2728
11.4833
13.9144
8.9399
9.10668
14.2097
8.99719
7.95358
11.6503
9.8778
7.85359
13.1571
12.4042
12.3861
12.6407
12.8977
10.3781
13.6722
5.97254
8.36474
5.97461
6.81243
9.38964
14.9405
14.9917
7.29225
9.79613
13.2933
13.1677
8.77924
13.5014
6.3544
14.2651
8.44572
9.35029
14.124
10.2738
12.5568
14.1989
11.1032
13.7271
8.8737
14.732
13.0558
13.8761
7.90051
12.0255
11.1453
12.028
13.4833
7.78921
8.43465
10.1135
11.0301
11.1102
9.05473
8.04302
10.3063
10.6858
6.03913
14.8738
14.2045
6.70053
11.0986
9.66364
11.8593
10.2798
9.57114
10.5279
14.1108
10.0657
9.11213
9.51622
13.7355
12.2355
10.3712
9.39671
14.3612
9.11643
12.7033
12.6126
10.7178
14.0657
12.9342
12.2274
12.8358
11.7683
9.52381
8.8816
9.0895
11.4551
6.33176
13.0766
13.4805
10.9834
10.7098
10.7892
9.57128
12.2726
13.1092
9.70255
6.79022
14.1439
9.43977
7.5298
6.15038
9.23719
9.0432
10.1172
12.6667
14.2281
12.7092
11.8009
6.56282
10.1064
13.7342
8.19052
9.29517
8.4857
6.28466
10.2044
5.13614
14.1618
9.06199
11.7783
12.8251
7.82019
8.13472
14.1657
14.7522
14.4352
13.6222
9.89037
14.5216
14.344
14.0461
13.5306
11.2354
10.2937
9.70716
12.8424
8.61889
11.3458
14.541
12.781
11.8317
8.87747
9.1927
13.034
11.3788
12.2549
9.88348
4.66979
9.91441
10.8639
14.1662
8.17147
5.90521
10.9132
10.5094
14.428
14.1145
5.87954
13.94
7.30542
13.2596
14.1584
14.1994
13.8742
11.1238
13.0392
10.1981
12.5203
13.3076
14.1607
10.8722
12.7465
9.9986
13.8557
9.5683
7.31121
10.5307
9.47959
12.4415
11.3978
11.42
12.3283
10.6739
14.8135
14.5598
14.1868
11.1071
10.4399
10.3993
8.38606
7.73474
11.6115
11.6137
10.3385
11.9628
9.16577
13.7064
6.84108
12.8227
10.3976
14.1317
14.2664
7.65181
5.47032
9.36069
10.501
12.8757
14.2716
6.43199
7.75864
13.2353
9.12951
6.02597
12.1718
9.46449
10.6121
11.2269
9.34233
14.3492
11.6519
10.2819
9.35243
10.0088
8.4948
8.635
9.00129
9.32547
13.6698
13.5937
8.69028
8.53762
7.63329
14.3635
10.4191
12.5599
13.619
13.7917
13.4792
8.34652
14.4484
12.3227
9.74866
10.237
13.8181
14.8452
10.5009
12.8426
12.169
14.4873
14.8367
13.0383
10.7525
7.55843
13.3981
11.5334
13.6881
10.9018
9.78845
9.00572
12.9428
11.7548
11.4749
6.83718
14.813
6.19481
11.4157
12.7694
13.3008
6.08395
10.1879
6.6196
9.25299
12.9544
12.0918
9.93909
14.8302
11.7641
11.4397
13.2384
10.7816
8.1637
14.93
12.9337
10.6808
13.8297
14.8962
5.17052
6.12056
13.3348
11.9771
13.0019
8.30104
12.6628
14.8131
11.9871
10.6684
13.3512
7.69051
4.23515
14.5418
9.95211
12.8607
9.73776
7.76026
8.23374
13.0796
7.40077
8.8567
14.5816
14.8873
13.5341
4.0089
10.4668
7.90048
8.1474
11.5962
5.48151
9.38757
5.963
10.7168
9.0939
8.78547
11.8604
5.29388
8.94678
6.88906
11.0515
10.6301
8.64081
7.74084
10.8936
14.399
12.9626
13.0265
13.3067
10.5306
14.0432
9.42268
13.236
10.8575
11.064
11.6694
10.4604
9.7359
10.8152
12.8975
11.6
12.4219
10.1898
11.4595
13.2014
9.58949
10.8574
11.4643
6.6266
13.3462
13.5275
10.0292
11.4604
14.3902
5.13625
4.91269
13.5956
6.9777
13.8756
10.962
10.4166
13.7901
9.31262
9.45048
8.69051
14.9773
14.1641
10.1963
13.4217
14.0088
12.7653
13.7549
13.5421
13.5629
9.40483
12.7788
8.89894
10.1057
9.68819
13.6183
13.4836
11.9833
7.93405
14.9505
10.1405
12.9727
9.84513
14.6553
11.8588
11.0163
14.4561
7.55116
12.4107
13.4571
10.7703
14.4028
13.446
9.75856
8.71509
9.67376
13.8497
9.5301
14.0999
8.00833
11.4857
5.0737
10.8797
7.27053
14.0434
9.70064
8.79193
10.5091
13.5625
13.2163
11.5565
14.9575
14.7818
14.6515
10.7947
11.5618
11.6246
10.2921
14.5544
9.97351
9.91263
13.4889
13.7722
11.3372
14.3867
9.0814
10.4836
14.8303
9.60288
12.9362
13.6166
11.4201
11.6774
11.3682
13.0313
13.2085
12.4333
13.2662
11.3785
7.67521
12.7824
7.35599
10.9597
14.3623
13.3965
9.73696
11.6304
9.66845
4.56906
10.4046
11.8747
13.3983
10.6251
14.2593
6.238
8.44318
14.259
10.8574
8.82599
8.02351
8.88603
13.4998
12.8842
6.97962
12.255
9.2599
14.7251
14.8478
9.94551
7.59822
12.9936
13.854
14.0992
7.39872
11.694
8.49982
10.5328
14.6532
10.0959
9.35788
14.3771
13.4704
6.06104
10.1625
8.64045
14.8801
11.2417
8.89324
13.6868
12.8748
12.1545
11.4313
11.3016
8.66381
13.9787
13.0396
12.331
7.89511
9.38671
14.2068
14.7576
14.9406
8.58165
12.3546
8.1139
14.1675
10.8494
11.5028
9.16905
10.8951
14.4011
7.90971
13.4317
14.0843
14.9174
8.81858
14.2088
12.6696
10.166
6.59718
8.11794
12.9776
10.8422
9.6849
12.2463
13.7145
13.4664
14.922
14.4324
6.19853
6.65604
7.0764
10.4375
9.89517
7.48694
14.0021
14.1475
13.8919
9.59831
13.4172
9.34589
12.2847
6.97281
8.88893
11.8009
12.3082
11.9012
12.7548
13.0057
9.07125
5.95215
8.12873
14.9024
11.0526
14.8322
11.9216
8.30801
12.6357
12.423
8.70673
6.92563
12.2022
12.4367
10.7791
12.9011
8.19055
10.3624
7.97849
13.8416
9.77718
14.4906
12.7944
14.1337
10.5976
11.0833
9.34695
11.3625
13.6036
6.88015
12.3479
14.598
12.4398
14.9002
11.3001
10.6129
13.3564
9.10794
9.41826
12.5706
6.40175
13.4402
11.8669
11.8506
13.9168
13.7775
9.71359
12.4991
10.0657
13.1267
8.73014
10.5123
10.3868
12.4294
13.2063
7.79939
12.3249
12.2949
7.52939
14.2881
12.0348
9.38371
4.25971
6.13117
10.9337
11.1255
12.1417
10.3477
12.583
13.3072
10.8794
12.0229
12.0977
10.9784
9.12099
10.8885
12.2595
10.4079
12.6124
8.69412
11.7796
10.6281
10.7178
13.3799
13.3699
12.7203
13.2365
14.497
7.76538
10.1726
9.94816
12.2666
12.9484
7.67494
8.32315
12.4008
11.5019
12.2687
12.0406
6.37281
14.4438
8.94759
10.1012
9.54889
9.71261
7.19101
6.97576
12.0225
14.1829
14.4514
10.0051
13.3458
14.093
11.8184
11.8492
10.135
13.8973
14.801
10.6395
13.1109
14.4231
6.79785
10.4554
13.4332
11.6311
14.9072
13.2064
13.6736
13.0985
9.78501
12.092
14.9292
11.835
12.7797
12.4169
9.52691
10.054
12.5843
8.03864
5.49513
9.44103
8.29041
14.6521
11.5262
8.77318
14.1987
12.0655
8.59436
13.1337
10.1071
9.18053
8.19688
11.4581
7.71975
14.3595
11.0496
13.7053
14.7472
14.8745
11.2177
14.895
10.7843
12.0955
9.90946
10.7802
14.9852
9.90794
9.23744
10.4866
13.9896
9.69199
11.773
12.2664
11.1374
13.5135
5.76137
10.5192
10.9037
11.4257
5.84423
14.5402
9.53897
11.5808
13.479
14.23
11.1216
12.3533
13.9554
5.44845
13.331
14.3016
10.4971
8.85498
7.97333
11.8667
13.5645
12.7675
9.79283
13.3921
8.86257
12.8663
10.1114
9.81147
13.7052
14.4227
11.2352
8.31512
9.27523
13.7032
12.522
8.37264
13.2516
8.52928
10.5609
8.0516
12.0569
12.5984
12.1838
14.8678
10.8049
6.15234
8.23854
5.53813
6.40289
8.29945
10.7679
8.94786
13.762
13.0955
11.6391
8.20995
10.2715
13.9292
9.72964
11.617
8.7669
11.592
10.7095
10.0257
13.1096
8.14748
10.7998
10.2273
7.89731
11.1738
10.8883
10.9307
12.9582
8.64585
11.2308
12.9495
14.3595
11.5756
13.3332
14.7921
12.5402
14.5947
10.1833
14.6405
14.8435
12.5603
13.9909
10.6856
14.6446
10.5941
8.33273
10.5936
12.8189
9.51795
5.8411
8.67552
8.15571
6.93697
9.99942
12.3784
11.5066
9.43807
9.66606
8.55024
14.7146
11.7038
8.97909
12.9454
11.8128
8.51043
13.5028
10.6898
9.18967
10.7748
9.43917
11.4147
14.357
10.5099
8.91711
11.2658
11.2822
11.3867
11.0365
9.56097
14.5835
8.28837
10.6891
11.4746
9.04413
8.35239
11.4896
9.4043
11.0289
11.5179
14.8966
13.2411
10.4965
12.9641
12.735
13.0122
12.0118
10.7947
14.8314
13.4819
12.7661
10.6154
11.971
11.131
11.7635
14.4339
10.5781
12.5106
13.2984
10.9807
14.5638
12.1946
10.1329
14.8992
13.1672
8.72803
13.1295
12.3531
10.7313
4.63471
9.46153
9.92359
12.6286
13.0787
12.8171
11.2817
11.6749
11.2128
13.2258
10.233
11.668
11.9495
11.5324
9.7582
12.3135
12.79
13.5636
11.0234
14.3458
12.4733
9.89969
11.2335
8.78994
11.2734
12.1428
13.3012
12.6554
14.8745
10.207
11.4358
10.3949
9.12461
12.5358
10.6092
13.5601
11.8194
11.397
9.3495
13.471
5.40598
14.4277
4.42572
9.41428
9.77386
10.5049
14.249
4.17404
9.97159
7.00506
9.26883
13.5181
14.1592
10.5186
4.2028
9.23243
12.0438
11.9885
12.628
14.2426
14.9598
13.6463
12.5745
10.2525
10.3454
11.9256
14.8752
14.4303
13.3568
11.4588
10.196
12.7747
9.68285
11.7027
12.2223
10.2638
4.29791
11.4502
6.61503
11.7868
11.0337
13.139
10.4636
7.50177
13.8427
12.6949
7.66608
12.0935
7.77734
10.4638
7.91666
10.5289
12.5859
12.1534
12.2582
10.0895
9.19906
5.82615
10.0858
11.4137
9.04089
8.01304
9.59563
14.408
11.4804
14.5988
9.99188
13.3103
14.5791
14.7075
9.90862
13.0967
9.99871
13.0672
7.5912
9.04582
9.16135
9.89768
11.887
14.3679
14.3773
11.2996
7.68217
8.44615
14.3423
9.5262
12.328
11.4667
13.5258
11.4037
14.3154
10.9403
14.4261
12.5411
13.22
10.2242
10.4809
10.4053
10.128
10.0719
12.7705
13.637
12.8896
14.6909
10.8778
12.2099
10.2741
14.4231
13.6349
11.7378
12.8369
14.8687
13.5218
13.1424
13.6986
8.98023
9.32487
4.28017
9.70282
4.26931
8.74228
13.1689
13.4291
13.163
12.598
12.3605
12.8163
11.2113
11.345
12.0371
7.7453
13.2773
13.6884
11.0998
13.2566
13.7812
10.7751
10.9109
13.2183
12.5278
6.41238
6.46689
10.3159
7.15586
9.77135
11.9525
12.6041
14.1921
11.1639
11.1954
7.64884
9.68753
10.4987
11.5258
12.9252
10.4093
14.4461
11.8623
8.81659
9.87336
13.5269
11.9932
13.5825
7.78652
12.3372
6.85471
10.7574
10.623
7.54919
11.7099
5.49023
8.46232
10.8414
11.5792
9.19028
14.4098
13.8682
11.5628
13.3859
11.2516
12.3582
11.889
4.98809
8.73185
10.8863
13.3218
9.80473
10.2904
12.1703
11.5885
8.0173
8.98881
9.92562
9.66183
12.9206
12.398
13.5093
14.413
13.7142
12.6328
4.80275
12.4154
11.73
10.1892
6.30103
7.80102
8.14095
11.994
14.1955
9.02393
5.89556
10.8945
10.2046
9.29567
14.3886
11.2851
12.7731
13.4407
11.9022
10.2658
8.81862
14.065
10.3026
11.2218
13.4346
9.61326
14.6708
5.52033
8.45872
12.3329
12.5994
13.981
12.0745
10.3966
12.4781
7.70277
9.60527
12.9145
8.7105
14.1022
7.26539
12.3376
11.7834
12.7912
12.5849
13.3007
7.91716
5.93953
9.79878
13.7239
11.5451
8.44838
8.73767
11.6385
13.4063
10.6144
6.09674
10.2779
13.8061
12.4349
12.1875
9.15269
14.7745
10.4229
10.5183
14.4917
14.9341
12.6037
10.4164
8.03086
13.4335
9.7122
12.5834
12.2733
14.4716
13.0477
8.88172
13.9864
10.5795
11.1491
14.2944
10.7952
8.82688
14.854
6.88509
12.9482
7.76635
9.20217
14.8138
14.8095
14.6655
14.6151
7.86235
14.7191
12.553
14.7264
9.99289
9.93573
13.3323
12.5949
10.6441
11.7578
11.148
8.74966
11.1004
8.78023
9.87845
12.2866
14.0558
14.1291
8.91623
7.6281
13.4795
14.8091
10.156
14.8852
14.3485
13.4162
9.48019
11.0271
10.2152
7.53327
10.873
8.7384
5.52697
12.6676
8.11658
14.9837
13.6612
13.4335
12.9843
7.94865
9.26435
14.6745
13.4543
12.0917
13.6792
14.5399
10.5362
8.91376
5.86843
8.57049
8.05189
4.17924
6.10664
5.59887
4.98884
9.82419
7.63349
6.42299
14.6307
9.15887
11.363
8.88488
14.3898
13.7902
9.43637
12.4791
9.09603
8.02655
13.7777
11.6712
10.8178
6.83184
10.8622
8.47741
8.57217
5.83795
10.4489
12.8834
9.90586
9.17001
8.86149
6.40965
12.3318
8.69764
12.5715
10.1671
10.1774
11.6028
6.33727
12.212
9.30779
9.72546
10.3956
6.42206
11.5211
13.3279
9.61917
10.9954
11.3383
8.38915
8.30845
11.5676
12.8796
10.4879
6.28067
10.1338
13.4178
12.6821
12.1753
5.06306
9.27249
11.6668
14.3827
9.69181
9.06148
13.5819
11.4637
4.94868
10.6385
9.26673
7.72717
8.4872
5.35169
7.45539
8.00095
9.95607
12.8349
11.3272
12.3547
9.45856
13.3516
14.2381
10.9901
9.03858
10.2312
14.1794
14.2051
12.9789
14.5116
11.845
13.3353
13.707
12.9244
14.4585
11.9744
12.2023
11.3421
9.98023
10.2742
8.4019
6.77747
7.42576
13.2904
14.0564
13.1879
8.05285
14.537
12.1878
8.88092
11.3224
12.5169
9.20261
12.2501
10.584
7.41045
6.11087
8.4917
10.2885
7.4062
5.83101
8.55082
11.4425
8.73777
14.1115
9.90968
9.4047
12.8216
13.0537
7.55249
8.06387
12.5235
13.9198
13.5189
9.97489
12.0788
9.83665
13.7849
10.2163
7.71492
10.0457
14.0316
10.329
8.48089
11.3402
12.0239
13.7406
6.00911
14.5219
5.11047
11.1424
11.1487
10.955
11.4461
12.4158
12.2178
14.0752
10.7302
14.5706
14.383
11.7855
10.366
12.2207
11.9951
13.1482
12.3133
11.064
5.89528
14.2645
13.326
14.5004
12.6264
12.5087
14.2228
13.9498
11.8951
9.42463
14.1084
7.71735
13.0557
8.96714
8.52909
11.9861
12.3092
9.24605
3.91198
12.8701
9.88672
13.1914
14.0885
14.6274
13.6121
13.8124
9.08192
7.97226
14.0415
13.8047
10.5987
9.48322
10.8151
10.9828
9.33273
10.2326
11.7363
14.4393
9.41762
10.3118
10.7588
10.4032
11.4453
9.37866
12.2334
10.1961
6.58132
13.088
13.963
14.3699
8.92479
12.4231
9.47353
13.3543
12.3782
13.14
8.86352
13.8926
13.6151
13.6617
12.8555
10.2361
12.1145
14.1275
11.6576
13.9957
9.75031
13.5804
12.3445
11.4223
6.66944
8.72977
11.4402
8.38018
8.31386
12.6719
13.4325
12.4669
13.0636
14.6566
7.84498
11.9881
9.77019
7.3479
11.6581
11.2462
12.9223
13.6182
13.4343
12.122
11.0591
13.2456
14.8739
12.8849
11.3709
12.0065
13.5016
12.154
14.4802
5.23062
14.771
10.8906
8.29461
10.3009
14.8826
12.8662
9.61449
14.4006
12.2808
9.53061
14.6638
11.6304
10.574
13.3804
14.9122
13.9648
8.48599
13.9279
10.148
14.8819
11.3323
9.64625
12.7721
8.02843
9.5784
9.1595
7.95115
10.4485
13.357
13.7306
14.1022
11.9402
13.2341
14.2849
11.7708
14.8255
7.21939
11.1929
10.1098
12.012
9.64395
14.4021
11.4735
11.2382
14.1611
10.0024
8.05242
14.1793
10.7288
14.102
7.39386
9.2667
11.4158
11.4431
10.0389
9.46392
12.9247
9.77439
11.4629
10.7581
10.1089
8.99132
10.5032
11.647
7.25498
10.8992
12.9477
6.80252
14.5458
11.7945
13.306
7.15923
10.1078
10.9199
5.91982
11.0898
10.5894
10.6364
4.79932
14.7747
10.8612
4.97333
14.0223
4.69581
14.7189
8.36362
14.8733
8.74633
13
7.60935
10.1097
11.2382
11.0499
12.2617
6.08389
12.8502
11.4222
11.0207
8.57835
6.86376
7.57449
12.8453
9.93915
10.062
9.40055
14.8688
7.63421
12.9802
13.5969
11.2556
12.3059
11.3678
9.99125
12.7593
9.90717
7.70162
12.232
10.8442
14.2526
9.98285
10.7839
14.244
10.993
11.7062
4.48334
6.68772
14.2243
12.3306
12.3649
14.3969
10.6258
9.49613
8.48197
13.6814
14.5253
11.4502
9.92743
8.00694
5.27324
4.90157
14.6903
11.3006
8.42148
9.4221
5.67293
13.9164
11.7162
12.7408
9.42345
13.3166
10.0277
12.451
14.6958
14.8932
14.7306
9.37227
14.8727
12.7331
9.43953
6.1804
8.74041
11.9008
6.54792
9.63659
13.3109
13.5305
14.8321
11.0416
14.0632
11.8706
8.23168
12.7898
12.5003
11.4256
9.65539
8.77506
13.3681
11.1443
13.3676
11.1802
8.88765
13.4871
13.262
12.9929
14.535
13.1729
14.5727
13.5712
12.7671
11.8418
9.03422
10.4971
5.99053
14.4471
11.4783
11.9985
12.155
11.9292
8.25741
9.47516
12.9074
7.11011
9.17135
13.9156
8.95363
5.50804
13.045
12.1078
12.7568
12.1514
12.9355
14.4627
12.0005
10.7121
14.8349
4.78275
7.06087
6.04824
14.9328
13.5569
5.78878
10.4914
9.57738
4.32597
12.7737
12.0976
8.73176
12.2408
14.4661
4.78729
7.41953
5.88112
13.7897
8.81053
13.0199
9.50494
5.74773
5.01438
9.8757
8.16604
10.0664
7.564
11.5555
11.2007
7.28409
9.85412
11.1135
6.15345
13.5736
11.4895
12.1611
14.0643
14.7769
6.9948
5.85573
10.482
10.4168
4.90534
7.49371
6.21678
5.60327
14.2645
10.3107
12.3003
9.60623
11.5308
11.5656
14.117
6.9948
12.6864
5.15169
12.5152
11.1279
8.78953
14.2356
10.1886
9.51331
8.13245
7.07033
14.2242
8.78089
9.7304
9.3727
9.32126
12.3003
12.2069
13.5041
14.929
11.9344
6.61693
12.3116
13.7922
8.41685
8.24599
8.52111
9.29129
12.4922
14.4271
10.2545
12.3646
9.18668
8.00495
14.6176
10.6404
11.2867
13.613
12.9918
11.6677
10.5445
8.23981
14.2653
7.64856
9.28628
10.3373
10.1585
11.7471
10.6736
13.6509
9.48944
11.6604
11.3168
8.59374
5.69
13.1501
11.5233
5.08927
7.82699
9.78944
10.1417
14.2631
13.8648
14.0776
13.18
8.50542
14.8982
9.49055
10.4572
10.891
13.7616
10.0371
14.3714
12.0384
14.2829
8.63029
11.5521
8.29035
8.15674
13.9336
12.3066
12.2614
14.4417
11.6171
11.7879
8.56494
12.4143
13.8966
8.83674
14.2753
7.49796
8.5604
11.7411
13.1218
12.5136
9.16784
11.9054
9.55254
12.1728
8.89099
7.43897
12.7143
12.7545
9.25418
9.62468
14.4269
11.3077
10.6021
11.9201
9.26453
13.006
14.2732
10.708
13.5906
9.71361
9.72519
7.4693
11.6477
6.66856
9.16955
13.3809
13.4964
14.6121
12.4921
14.0623
9.3638
13.3024
14.7335
10.6128
10.6312
14.4174
10.3197
11.1657
10.6446
10.9625
10.3546
13.5309
11.8251
11.3421
9.40998
10.1088
10.4035
12.0349
11.4149
13.8098
14.821
14.056
13.4366
7.24388
9.55509
12.0175
12.0905
11.2228
6.51233
6.74484
7.32377
12.6799
8.93689
6.42998
10.507
13.2226
10.0872
13.1069
14.3009
12.6847
9.49833
7.47596
9.57447
4.96839
8.30142
13.9615
12.7211
12.3261
14.2826
14.0008
8.86489
12.595
10.6628
12.2888
11.7806
10.0364
10.6835
13.1848
10.7594
13.9158
12.3652
8.59825
12.6098
8.88875
5.46638
9.75247
14.1841
12.8206
11.5038
12.0393
13.2821
12.357
11.6012
13.742
12.7052
11.2556
9.94091
10.9414
8.70018
10.9343
14.5507
10.5772
9.5804
7.95515
13.7321
14.9086
8.35458
13.5846
11.9623
8.89649
8.99594
12.3026
13.0913
6.09845
8.25906
6.85665
12.0741
12.3738
6.66505
13.7375
11.1745
5.11144
12.6147
5.54693
10.866
8.10017
7.94702
10.768
9.75581
9.75198
6.41186
6.1338
10.5434
6.45002
9.57139
9.15619
9.31186
13.8831
8.42704
11.1678
8.29303
11.3715
8.5094
5.83512
8.80167
12.9529
12.499
8.57328
12.0852
13.4665
10.5486
12.9114
11.2016
9.96499
11.0344
10.8254
8.23391
9.57266
11.9194
10.1946
11.215
6.27512
7.83676
9.36487
12.6655
14.523
14.6697
12.899
13.6217
10.4019
14.0984
8.81896
10.1604
10.3856
13.8411
7.70257
11.4313
9.58568
11.5384
13.3567
14.2808
6.38497
5.39229
13.6764
11.3671
11.0838
11.9592
11.7385
12.1129
9.00799
11.1128
10.5879
4.64645
10.5949
10.7495
13.9444
12.0302
4.5101
12.6089
13.3674
14.137
14.6177
12.8461
14.7668
12.1969
12.9184
8.6902
14.1672
7.32582
8.09221
11.2768
8.96386
10.0468
7.84608
11.4314
10.2807
6.32495
8.7864
7.59956
13.636
5.76461
8.62542
14.2021
11.4227
6.56621
9.21215
11.6606
13.666
12.9266
14.3795
10.6831
13.0321
12.1773
13.039
6.95159
14.9585
11.3648
14.7731
11.7087
10.0047
10.5971
14.6592
11.2926
11.2127
12.272
5.53983
9.89028
13.3805
5.84395
12.4164
12.9015
10.5567
13.888
13.5685
12.6439
13.699
5.99565
14.7729
14.3189
5.16108
5.47697
11.6293
9.68462
10.6003
11.9129
10.8357
14.59
9.00663
13.9422
6.43694
9.46981
8.27041
10.3713
11.3401
10.4048
10.0595
12.151
10.7722
6.23603
11.8215
10.0081
6.22907
12.0192
14.8807
14.4057
13.1858
11.7515
10.3442
11.2768
7.35187
10.2534
9.13642
13.5513
8.52714
6.70641
6.14505
14.1427
10.9721
12.3134
13.265
9.6577
11.4694
7.42419
11.4333
14.6417
10.864
12.4823
12.6855
11.295
12.3997
13.453
5.44344
10.584
7.80966
13.3174
11.0709
7.6828
10.5952
12.0206
14.1669
12.6557
5.59831
14.4321
12.4595
11.9336
7.10488
12.2772
14.7958
11.4689
9.17947
8.86569
13.7112
13.4416
11.8701
13.7765
14.5778
12.8129
13.2958
6.62174
14.2269
10.2095
13.1
8.73111
9.68883
9.48119
8.72296
9.14559
11.9072
11.2095
9.95364
13.8369
13.6206
11.237
9.56688
11.7915
11.6092
9.288
7.77221
12.1188
10.0575
8.64552
10.2849
8.2284
4.98127
11.2059
12.3888
14.1931
13.7022
12.353
13.3821
12.185
12.5975
13.8503
5.71915
14.6383
10.4737
10.5438
8.21305
12.381
13.335
12.2343
9.57589
11.1752
9.06808
12.3641
13.3837
14.2428
10.4332
10.016
9.08663
9.63954
7.88298
13.9538
13.3468
7.68283
14.6233
10.1759
14.5967
10.306
13.6034
6.45433
13.8006
8.04668
12.8304
8.0597
14.7122
10.2532
13.8258
14.1281
10.9762
10.1918
8.73178
12.2485
11.5507
12.8491
12.0518
11.9062
8.82173
10.6796
13.6609
9.63267
11.9135
11.2621
10.9369
11.8252
9.34161
13.1231
14.5974
10.5975
13.0764
12.7158
7.6847
6.93364
11.2697
13.0178
13.5302
5.57808
12.7303
9.42167
9.75893
8.71733
13.866
13.8135
13.8294
6.5737
10.9383
11.632
5.96235
11.4355
6.43084
10.5967
10.2886
10.8311
13.4487
12.4039
13.6625
12.2938
11.4315
14.5647
10.343
10.7389
8.63092
11.7319
10.287
12.2731
10.8159
5.4631
8.71762
5.88289
10.3228
11.8469
11.0445
10.1224
11.7928
13.6185
8.88184
10.4531
11.1272
14.4812
12.3971
10.6756
14.5297
11.0985
14.67
8.07576
9.98788
7.07829
6.58944
14.73
11.1846
6.95022
9.21835
7.12615
11.6201
6.44364
8.12334
6.69373
14.9713
14.6315
8.03385
4.29979
10.0236
10.8914
11.2859
10.1278
13.7472
11.5001
7.82794
11.8192
13.8238
14.6109
10.2226
13.4463
8.10078
12.674
11.5095
9.32751
11.3856
14.4478
12.7129
14.0857
10.1697
13.9315
10.0846
14.282
12.9538
11.2889
14.9283
9.9732
8.14558
10.7054
13.7107
10.4551
14.2662
9.96306
8.83703
10.2175
7.66574
11.0741
11.4818
13.356
11.7289
14.5496
10.4045
13.9258
10.1974
11.3824
13.9244
13.0261
12.3349
12.2844
10.3474
13.1535
9.48858
10.5002
14.1074
11.6135
9.42571
14.4721
8.45124
6.48611
9.3646
12.5741
8.3092
12.3566
14.536
11.1055
7.05054
11.0055
8.29518
10.6126
11.4648
8.53068
12.0169
8.65284
13.7074
13.4878
11.8321
10.8573
13.2607
11.2291
11.7122
12.9923
12.9753
14.4177
12.5564
11.751
14.7324
13.6504
11.5206
12.0559
10.7485
10.8809
13.4502
8.79251
12.6817
13.9229
5.51797
13.1354
9.18077
13.2219
11.0761
10.6323
8.94979
8.45054
11.1723
10.5821
11.7386
12.5486
10.1733
10.1276
7.02869
13.7743
11.8634
10.0073
13.3738
9.81301
13.092
14.7461
13.7059
13.9698
10.3445
7.00489
9.20422
10.0364
12.2634
8.91005
14.6904
10.2935
13.2484
8.6431
9.92004
14.1532
13.5569
8.33745
7.76604
9.54094
11.3555
12.1014
11.4398
13.3416
10.4013
8.34498
13.3364
7.90984
14.6021
8.01198
11.7252
13.4564
11.275
13.1485
10.1286
13.711
11.7851
14.0992
13.9266
12.714
7.56972
13.5321
12.1292
10.5893
12.2081
13.641
13.5183
8.80756
12.8204
12.8209
11.2485
10.31
8.68198
14.7281
8.171
13.3375
14.2429
14.4844
12.7328
14.6209
8.22468
11.9182
13.3558
6.88843
10.7887
14.3456
14.9557
9.07315
13.6817
11.9045
11.2208
12.3386
6.70362
8.37915
10.0192
13.767
14.8062
12.8025
14.8916
13.4817
11.0533
10.8833
14.4048
13.1151
12.7831
10.0117
8.71649
13.6512
6.16892
8.54783
11.7292
8.429
5.00848
6.85141
11.471
8.53601
9.69561
12.3874
10.8608
14.7321
8.68925
12.3792
13.2888
13.8808
13.268
8.11034
8.40352
11.854
5.98468
4.03786
13.6727
14.7209
7.81974
9.70555
12.3658
10.1467
13.7157
5.76398
9.42819
10.4431
11.4207
11.9075
10.8371
12.2294
10.2005
9.59471
14.2104
10.7028
11.3818
7.9512
12.7555
5.8327
9.10597
8.31316
11.0852
8.36805
12.2353
9.72438
12.5517
14.8953
12.5695
8.99905
11.7017
14.6764
12.5417
14.5668
13.1576
7.43057
7.33607
14.8909
12.6879
14.4206
14.3123
13.2551
8.19557
9.39879
9.93691
9.90697
10.6033
11.3689
14.2674
10.8692
13.8469
11.4382
10.4876
7.31113
14.7438
13.6728
10.8679
4.77234
7.78429
8.20011
8.89406
9.52006
8.79327
10.8691
5.57363
13.9508
10.476
10.0853
10.6538
10.4654
10.5483
14.9849
5.61402
8.0246
12.5962
12.7901
11.9287
14.2808
5.36671
12.991
11.0875
4.77337
11.7172
8.47844
14.1675
10.5074
11.7074
13.8619
6.81809
11.7242
12.8541
10.701
12.2446
9.97132
9.44655
13.9211
12.6794
7.73004
8.29218
12.3432
10.2146
8.68482
13.9559
12.2487
11.527
6.21568
11.4903
11.8535
14.6016
12.1372
9.20641
9.37359
13.6002
13.7778
7.31974
10.3781
11.8829
14.9053
9.44257
11.3844
8.07801
14.9011
12.3565
14.3368
10.3608
7.93638
11.7899
8.36826
8.28397
6.86264
6.49053
7.11874
7.95052
8.39401
10.1527
10.3606
6.28522
10.3684
10.74
14.3608
13.073
12.5045
9.61671
13.3775
8.95967
12.0364
9.74171
9.85587
9.44316
10.1606
11.4077
12.8499
6.14035
7.64747
11.3401
11.3519
14.1434
13.6439
8.84062
10.3784
12.2296
4.73558
9.02804
13.1191
9.60886
10.1075
13.8058
13.4984
14.8084
12.7664
4.50594
14.3234
9.78005
5.19824
5.36679
8.84157
11.9195
12.7316
13.996
9.97043
5.94041
11.0929
14.2551
6.66115
7.61803
14.2187
14.4662
11.0809
13.5175
5.17226
8.56238
9.8781
11.8858
13.1632
10.652
5.85042
9.73998
11.2282
14.2198
10.8801
9.10364
7.66216
11.6672
7.7566
7.08883
8.5704
11.4864
12.5505
8.5526
13.7548
14.3284
8.59452
9.35551
7.41175
14.5277
7.1286
14.872
7.78011
10.0689
10.6692
11.6666
11.1782
12.7983
13.582
6.94436
8.06169
14.3497
14.468
14.5193
14.8243
12.7149
11.5718
11.4665
11.7715
13.7149
13.1423
4.60233
11.4401
13.0723
10.0331
13.5255
10.5159
14.474
9.57149
11.2903
9.48998
14.8994
13.7557
13.5842
9.48097
10.4802
10.9875
10.67
8.14236
9.99459
14.3181
8.12981
10.3249
13.6611
9.12073
7.65963
13.1316
13.6978
12.4666
12.3155
14.0978
11.2231
13.3616
13.3503
14.2533
13.9766
12.5468
14.4775
10.9499
12.113
8.7896
10.8953
10.7461
10.8309
11.6059
12.7381
6.55158
8.8087
12.8121
13.0529
7.40115
11.8448
10.065
14.0361
8.44053
13.2088
14.3206
7.0291
7.50767
12.4226
13.3641
10.7016
8.31572
7.68248
10.6454
11.3029
13.2286
9.25543
9.45495
11.0047
7.99011
13.243
6.15623
9.87062
14.1655
6.00654
10.6911
11.3727
8.65618
9.48315
11.9038
10.3925
10.5795
8.71984
12.8144
9.32904
12.0755
6.21216
10.256
9.95789
12.0592
11.0132
12.2854
13.4165
10.7141
11.5479
14.9953
13.2096
12.2245
10.0825
8.26958
10.8123
10.3641
8.50101
10.8998
14.4047
5.50399
14.7824
8.70476
9.08905
9.8793
13.0775
9.72129
10.7313
9.59728
5.21002
7.50688
12.4917
14.9274
8.42831
9.55706
11.5218
13.0032
12.1008
12.8142
14.0135
4.50375
9.88231
13.9264
10.6382
12.9341
11.2061
10.2162
13.7078
14.5026
14.1548
13.6697
13.7369
12.0928
12.8834
11.8278
10.333
14.2374
11.9017
10.752
14.8682
9.78079
13.4182
9.38459
11.0379
8.64855
11.7184
8.19269
6.34456
10.2034
13.9714
12.4656
10.1855
12.6031
11.6393
13.1682
6.42681
5.02964
13.29
13.814
11.8023
11.5061
13.0012
12.7364
12.9726
12.045
5.76012
11.01
11.6004
12.7472
7.74477
13.7702
13.2519
12.3995
14.3088
14.0803
13.9702
13.6613
9.6753
13.0828
14.1956
9.2104
11.6864
8.54012
5.45568
8.84758
10.2599
10.3629
12.6457
14.9193
12.5828
13.4781
12.9045
10.7962
12.215
14.6567
13.2436
13.1259
13.1485
13.3094
13.3441
12.803
11.2021
8.1243
5.63599
14.5979
11.1968
11.6369
14.5268
11.7583
5.73248
8.74416
11.6389
8.66402
7.94759
12.4623
10.456
13.8701
8.90738
9.20228
10.6786
10.7696
12.2604
12.6263
7.70619
12.7797
14.1077
5.41377
13.8293
14.2421
8.29752
5.78841
9.68051
10.0759
12.6966
13.5539
6.02602
6.95829
10.8176
11.5488
8.76337
14.6882
13.9684
8.45514
5.59868
8.8189
9.64468
11.4426
13.1048
5.9688
7.11819
14.2854
10.9361
9.40173
14.0565
8.95104
13.8279
8.11588
5.75163
13.1791
14.862
12.5306
14.6742
11.5714
9.07938
8.76255
11.0002
7.44717
10.2408
13.3516
6.78774
6.22455
10.2134
11.1995
14.0676
7.57818
14.9855
10.2264
11.2058
10.726
11.3212
8.7353
14.5364
12.6406
9.38397
11.3192
11.9454
11.4396
11.626
14.7436
8.55099
12.317
11.0737
9.37995
11.2499
6.22971
8.93131
13.4046
13.3926
12.6008
4.67102
12.0284
8.16086
10.0464
12.0854
11.4417
14.7728
4.69202
9.48188
14.0045
14.8642
9.77094
12.3976
11.3382
12.4056
13.0172
11.206
13.4304
13.8795
11.5154
9.40668
14.1292
8.82747
6.15041
12.0566
14.8652
9.07863
9.8371
12.9496
9.7706
9.35514
9.72273
13.4229
5.82724
9.21753
11.778
12.102
8.66894
13.4223
9.87689
8.23566
9.83821
9.66592
10.5185
11.8562
8.61899
9.6892
9.00356
11.3925
13.0879
13.2752
14.7582
7.7337
11.7284
7.59315
9.96789
11.7275
9.12812
5.71702
11.6561
4.99044
10.8356
14.7362
12.9918
11.562
10.6174
9.64557
8.11092
14.2644
13.1455
13.8961
13.2359
13.7559
7.03599
12.1581
5.06175
14.0224
12.2647
14.027
12.0134
14.2309
13.5504
11.6059
9.07541
7.34901
11.0679
13.6601
14.4558
7.98039
11.7667
14.2389
11.7949
11.1227
14.2333
10.297
8.26431
5.62172
14.4579
13.0582
14.9163
12.8395
7.61804
9.02291
10.2652
12.8623
9.2056
12.3678
12.1011
14.9445
5.18913
8.739
10.5123
13.4397
7.81986
11.3403
14.9267
14.9092
13.5575
12.9491
8.10298
11.0725
10.5425
12.1334
14.7514
10.2649
14.5977
12.553
10.3434
7.74856
12.954
12.8187
7.31317
11.4728
14.0926
12.0865
9.38235
14.6278
13.4386
14.5529
13.6573
14.3139
5.05068
12.7112
8.34479
11.9386
12.7958
13.7039
9.85554
8.76002
11.0596
5.91933
7.69487
10.0112
13.2125
14.1813
8.96784
11.7804
7.6674
13.3747
13.6652
8.03593
8.00637
11.7129
5.32182
12.5676
9.62675
13.7908
5.67144
10.6805
12.8414
11.0975
14.6841
7.98071
13.3152
7.61533
11.5129
5.44595
12.3923
9.73741
13.632
11.1725
5.57606
10.7788
12.95
11.7122
13.1627
12.9791
12.9026
11.2334
7.92177
6.19317
11.5597
7.0857
11.5458
9.99011
11.5035
13.6438
5.73471
14.99
13.6842
13.9156
14.414
9.99185
8.48286
4.74548
11.5304
13.7381
7.66584
12.4106
9.57319
13.9338
12.7613
14.309
9.17909
14.0182
8.89876
11.5815
10.1798
5.61946
8.83845
10.5989
7.02013
4.7671
9.81386
10.9102
6.00904
9.06644
11.8359
10.2537
9.14531
9.71013
6.57573
6.07735
14.8482
10.9726
7.22073
13.2139
14.1191
13.59
7.90753
11.5881
7.27547
11.5712
11.7656
8.8505
12.1285
10.2214
9.59439
9.28091
12.3915
13.6154
9.47357
7.78927
13.878
7.53
12.449
9.44497
11.7825
10.9872
12.1793
11.5468
4.89064
8.67171
12.374
11.6841
12.5211
13.4856
7.88522
9.48658
8.56709
12.2813
9.42831
4.813
7.94429
7.93162
10.912
12.9982
6.79742
11.8895
14.7501
12.8721
13.1162
10.1012
13.9354
13.6376
10.0883
13.4091
14.3078
14.7942
11.3383
13.747
12.8901
7.07905
11.8043
14.1192
6.89287
13.1767
11.3087
12.3854
14.5664
9.04259
12.7725
10.9631
10.7314
14.8257
12.3419
11.709
5.7716
7.03627
10.9059
11.2273
9.65348
7.81978
9.88148
12.3856
11.2489
14.7136
11.4321
6.72919
11.05
8.49096
11.7543
14.5991
13.9675
10.6389
13.5917
6.96924
5.71041
13.3821
10.6219
9.48008
9.22954
13.0728
8.52608
5.52193
7.96368
14.6021
12.1653
5.92218
12.7734
8.32029
6.99448
7.97506
7.30596
11.5708
14.362
7.15002
12.1772
13.6245
10.9987
10.5699
14.7965
8.92326
12.2009
11.7247
12.8725
14.4352
12.31
9.82079
14.0374
10.3455
9.83682
13.4611
13.982
10.2541
12.2666
13.3474
12.6146
9.64603
9.3044
9.17855
12.95
13.3427
10.1824
12.081
9.33768
14.0136
12.6088
14.6167
11.4367
12.5133
13.3762
14.8124
14.1269
12.196
7.64891
11.0159
9.61461
13.1349
8.85428
9.88668
12.5712
12.9972
8.88533
14.4702
12.0727
14.843
11.2194
6.81361
10.2464
14.3854
8.93262
12.9001
8.54806
13.4471
9.86241
10.7813
9.20666
14.0999
13.5485
12.8318
6.10305
12.0293
11.5894
9.06067
9.92124
5.4278
11.6924
10.5735
12.229
14.2805
7.04954
10.8149
13.6528
12.3134
12.228
14.7701
8.83557
12.4587
13.1152
11.0847
14.3486
12.394
11.9796
10.4529
12.328
12.5142
8.71947
12.2284
11.1939
13.1014
12.9484
12.8818
11.2718
13.8563
11.984
14.509
13.0673
14.8894
14.0903
9.29767
12.1324
10.0107
6.90226
11.8065
11.4467
9.21835
7.053
7.68637
13.3464
9.38521
14.4674
13.0429
13.9675
12.737
11.2519
9.23359
10.4249
10.7132
14.6838
12.6375
10.8154
14.8711
11.6062
8.53658
7.60988
10.0367
9.79673
14.4968
14.5546
13.0918
13.2618
14.5906
8.99769
13.8034
9.442
9.93651
13.3496
10.2928
12.2027
6.71327
11.7747
14.0645
12.2634
7.00885
7.62918
14.1926
11.305
6.41996
12.7798
11.5445
9.2671
13.8771
5.62989
6.2535
7.0969
13.081
11.9586
6.93605
11.7876
13.2321
11.7274
11.097
13.6113
6.82514
10.4977
14.281
14.5538
7.01628
11.2436
8.22499
13.2096
13.3114
12.183
10.8451
10.9282
12.7366
5.89943
10.5299
10.3343
14.3744
13.9685
14.0692
12.0834
13.5575
8.49177
8.71902
12.0264
13.9095
12.6793
9.37506
10.6266
11.7316
8.01787
7.70763
8.99708
5.48691
10.7287
10.6125
7.70267
9.93728
12.8662
5.90076
14.0902
9.63384
9.24437
14.6805
11.3165
9.82169
9.87446
8.34935
11.0007
10.3285
8.78727
7.56852
9.30265
6.15669
10.9913
9.18477
11.4567
6.46237
9.61213
4.48298
7.71353
13.2877
13.3006
6.4323
9.88266
11.8664
8.20476
9.90754
9.91429
13.4652
9.14149
13.7573
13.794
9.91261
7.09963
10.9771
13.553
9.63889
8.37804
5.52659
11.3515
6.89387
9.57868
10.3225
6.67573
6.90564
10.4048
7.19338
7.0126
8.63534
8.68732
14.3714
14.2889
11.9493
13.6904
10.8382
10.8942
11.4818
10.7847
9.06223
9.41968
10.0558
10.2123
7.73194
9.31238
13.9381
12.9774
13.274
10.6533
13.6104
14.5605
9.61971
12.1266
11.0805
13.5764
11.4934
9.81004
13.8743
8.6952
11.2955
6.19134
9.33973
10.2591
7.88595
13.1469
6.16637
3.80326
7.5043
12.7648
13.1096
12.537
6.04467
13.2471
12.608
9.17105
14.2771
11.314
13.0701
12.075
8.51067
6.1419
11.7271
14.2837
8.54163
13.3099
13.7976
10.8377
14.0521
13.7211
11.5
8.3033
13.0558
9.50803
11.7675
8.71662
11.8153
14.1113
10.6423
13.435
9.37234
10.2463
10.5501
9.56056
11.5324
9.3954
14.8935
13.6038
9.62731
9.19891
11.2781
8.63129
12.3628
14.9155
12.5637
10.7519
13.7829
14.606
12.1389
10.7978
12.5925
12.3112
10.4404
12.8249
12.9021
12.2873
6.86932
14.5989
5.61206
6.45672
11.9708
13.4376
10.4617
6.08049
13.1131
13.8112
13.9378
7.23568
11.2692
7.37523
13.9539
10.8862
12.2584
8.2251
11.4359
13.3192
14.2353
14.1167
9.3165
10.3759
13.7063
12.0978
7.70434
10.7748
11.8326
9.12492
10.709
10.4554
8.84313
11.6275
10.6689
5.33904
11.1687
7.73907
8.15937
10.6898
8.20189
6.08879
14.7313
13.0138
12.4178
9.14008
10.7002
10.5352
12.315
5.19797
6.25637
11.2675
11.5602
6.78547
8.84717
12.957
9.81966
10.2801
12.8658
9.80375
12.7322
7.53506
8.10223
13.9097
11.8356
9.86842
14.4754
14.1917
14.2431
11.0447
12.3671
12.0349
14.2986
9.12033
10.9445
10.7898
11.8304
8.30203
13.5251
10.9764
12.174
13.2142
11.976
12.2831
12.1985
9.57245
11.1866
12.1572
10.8411
13.3824
12.051
10.7228
5.3506
11.2874
11.9887
8.70907
9.56654
7.99959
7.64253
13.4956
13.5776
9.69348
12.4833
6.00147
5.64654
14.6331
11.2099
7.76666
11.0979
12.1011
11.4126
4.22626
9.61735
8.66332
10.7737
6.07931
12.1485
12.6723
13.6204
12.506
14.812
7.26106
11.3917
13.9109
12.3097
5.91294
8.31845
10.4554
12.2361
13.8456
14.559
14.1218
14.8193
13.2945
8.00443
13.9973
13.5501
9.02266
6.11222
12.4944
13.147
14.4442
10.8054
9.72525
10.7743
13.93
14.5171
9.30994
5.45368
12.8214
11.5609
12.8858
13.5109
14.4695
5.36147
14.9503
10.2121
7.55452
13.6062
10.51
7.90299
10.8691
11.816
14.3854
12.9413
5.81202
14.5426
12.8672
12.4357
7.30509
12.6473
10.4947
14.946
11.5708
9.78413
13.0794
7.93383
9.43085
9.37334
9.16133
14.9424
5.34456
9.48378
13.9839
12.9139
9.54768
14.7531
12.3451
11.8164
12.2878
9.29656
9.42525
11.8239
14.4475
7.24404
12.1544
10.3341
10.3341
5.00429
12.1263
10.9097
7.58507
14.4132
9.73758
10.0273
12.359
14.8798
14.9052
5.00658
7.48934
6.25404
7.98313
5.87098
5.08276
9.95596
8.34522
14.5325
10.3331
7.66179
12.0199
11.7378
9.80471
13.1301
6.78391
9.56871
10.6528
14.0316
6.11972
13.7954
11.7372
7.79524
14.7932
12.7112
14.593
7.13752
6.05002
14.6925
10.8217
10.7879
9.4479
12.5701
13.1502
13.307
14.0207
11.2378
10.5077
14.9366
9.9888
14.3588
14.4283
8.22095
7.61705
14.3275
13.6015
10.1893
7.15742
10.6737
14.1944
14.809
12.3493
14.511
12.0343
10.263
12.8411
12.1023
9.32798
8.33362
9.42756
8.364
4.39289
10.879
9.89002
9.13058
5.07901
5.9332
6.15532
11.6778
7.52237
12.3163
11.5314
12.8914
13.1526
8.9286
8.38321
10.5637
13.3093
9.18062
6.77783
10.5693
9.55152
10.0745
7.04424
11.3938
12.2523
14.6311
12.2228
9.44812
9.30363
7.63126
11.3954
11.3194
10.4415
8.83436
14.8254
14.147
14.8985
9.54664
9.60477
11.4851
9.08261
8.1332
4.56575
13.7619
8.94577
14.3626
11.3916
7.43163
14.5205
7.55276
14.8325
13.1921
9.48304
12.9503
5.58496
9.03226
14.3928
11.8671
9.83101
11.7744
13.7183
10.6433
11.2991
7.97997
11.3127
7.83538
8.95234
9.64189
6.06435
5.72075
10.0092
6.55992
12.2696
12.9475
7.38661
10.4748
12.5613
10.3581
9.65679
5.90889
8.44654
8.36679
14.8125
14.3238
10.4881
12.4705
14.5958
6.23014
14.4659
7.91431
12.3813
8.48964
13.4288
12.0721
12.426
10.5508
11.7728
8.86293
8.67502
12.9421
9.77035
10.1779
12.3096
9.29248
10.3238
7.92596
9.92121
10.5141
13.726
10.6801
12.6317
8.86398
9.66163
12.3694
8.05962
7.72886
14.0664
10.5532
14.0817
10.9964
10.1915
8.73676
14.818
10.4873
11.3434
13.7662
13.7529
10.386
9.01269
8.51641
11.4782
13.0827
9.56576
10.879
14.9033
6.4999
11.1438
6.48675
6.51342
8.92756
9.26302
6.38305
9.51266
7.23443
14.1685
10.307
10.955
10.8287
10.2294
7.53332
12.7387
9.76442
7.04823
14.8313
13.3986
11.4785
9.25993
13.3343
8.27902
9.15272
9.05385
14.7069
9.42165
11.6777
14.0534
12.7827
10.3565
6.12251
9.44883
12.3485
8.48093
9.35109
13.9261
13.8521
12.6214
9.35427
14.0969
12.1039
12.1181
9.32311
9.27495
9.79113
11.6538
11.9612
6.48528
8.90713
7.64308
14.5801
9.06492
10.3719
11.573
12.4026
11.6743
9.57151
12.1549
11.5555
8.32498
14.9154
10.4093
7.2936
6.05412
9.75475
8.35475
9.38869
7.37788
8.55764
8.73546
14.043
11.9409
10.4813
9.39908
8.8767
10.3116
13.6203
11.8024
14.282
10.2523
14.4469
10.1636
12.1754
11.9183
9.14433
11.1744
6.9472
7.96129
6.83678
10.5897
14.2891
12.7984
8.52544
13.7907
10.459
13.2468
11.9573
13.5643
14.6868
12.6105
12.2464
10.7477
7.13821
10.9689
14.5298
14.3378
6.78002
9.86865
14.808
11.8475
13.3681
6.80236
11.3027
11.7323
8.36214
8.34902
12.9891
11.1696
7.79072
6.38433
14.9524
8.79853
7.62849
13.7219
7.89198
8.72069
12.3414
14.6004
13.289
12.9333
9.54769
8.55117
8.35144
10.7527
7.90288
9.994
7.47044
8.53732
9.82712
11.9378
10.3606
11.8424
6.3081
10.688
14.0958
9.89864
12.1891
10.6958
10.3914
11.9537
5.47377
12.9082
10.5298
13.7514
14.6572
11.6337
10.7765
5.45018
5.48873
12.5847
8.69428
12.4229
5.88574
14.3756
13.5984
5.14089
14.3305
11.2041
11.2412
10.9358
13.0594
12.8625
12.7016
10.4733
13.0652
10.0469
11.3404
10.0471
12.3299
12.0729
8.98715
14.9169
8.99119
10.8956
11.7833
12.6025
11.9897
10.0221
10.9564
9.87337
11.1188
8.79044
13.1926
8.76242
7.07315
8.91718
13.8796
11.3186
12.2626
7.96173
5.49069
8.21324
10.1905
10.5048
10.0425
12.3643
13.0377
12.957
13.6824
10.9494
13.5986
11.7357
12.5357
10.0589
13.0598
11.4973
6.73557
10.6698
11.3114
12.0611
12.8868
12.0915
9.06448
11.2593
10.0345
14.9349
10.7017
8.64429
13.2714
8.75347
7.20613
10.147
13.8041
11.5921
13.8791
8.44236
7.82032
8.45965
11.2728
10.6597
11.3674
5.45703
13.8588
9.02659
14.5163
14.3458
14.5774
6.33969
13.9476
14.4785
12.9715
13.1576
9.89731
9.79727
9.73451
13.7069
14.3971
11.1354
7.21254
10.6488
14.4249
10.6755
12.8824
7.34002
13.35
11.2664
12.2098
7.35877
10.544
12.3095
11.3536
10.3215
10.8445
10.3082
12.8092
6.28635
10.2895
13.086
9.04151
8.53738
9.30016
13.9752
10.9826
14.9951
8.78345
13.8562
9.70229
9.60692
14.0145
7.07214
10.2292
9.45104
7.62785
7.9071
8.18632
9.26928
10.295
5.60473
12.6781
7.79391
14.6453
13.3799
9.96115
14.9756
11.9324
11.8096
10.0469
10.006
14.0436
14.3971
4.60784
9.20241
14.0744
14.4793
9.73844
10.5043
8.49097
10.4516
10.6096
12.228
12.6652
10.2417
9.67242
10.5847
14.603
13.8252
13.4325
14.133
11.2906
13.5498
8.63916
11.4414
12.1265
6.72589
13.468
13.1711
9.47102
6.66843
6.06915
9.65554
14.2989
9.46188
8.39163
9.9013
10.7149
8.89487
11.9032
14.3448
13.4127
9.19382
11.5254
10.6786
13.4349
10.8405
14.0631
10.2266
8.25035
13.3916
12.9085
13.7971
12.0073
13.5204
9.62797
9.20969
14.4578
9.20268
14.2079
11.446
10.5707
10.9677
12.803
8.47798
8.2374
9.34556
12.8563
6.71743
6.20358
8.26483
12.2032
9.07057
5.43195
6.67291
10.3259
12.026
8.67363
8.15361
14.506
7.95379
12.2878
8.86095
13.3973
12.2917
13.8318
10.5351
10.5616
6.72216
9.30876
14.8043
14.8284
13.4128
14.278
10.0187
12.61
11.2123
11.8173
4.37517
11.6012
14.5175
7.39999
10.7237
13.791
11.6255
7.95449
9.4437
12.7547
11.6069
11.4673
13.849
14.3431
14.2121
7.11801
9.59447
12.7769
12.4483
6.57987
6.93716
13.9815
14.7405
9.75725
12.8647
10.7704
11.363
14.1321
9.75473
12.6715
5.77437
8.19285
12.1958
14.2927
8.17013
11.5402
9.6789
7.29013
6.79409
9.69403
11.7243
7.74284
14.7724
10.465
13.613
14.2972
10.9142
13.812
13.4161
13.6797
5.94422
10.6991
10.28
9.95595
13.7643
9.37785
12.2184
8.75023
7.64223
13.7384
12.7342
9.15305
9.90281
10.8888
13.4935
14.3112
8.17802
6.72293
13.9579
8.53155
12.2015
14.0739
9.49135
9.87363
13.7768
10.6171
13.0965
9.13932
14.6125
10.9181
7.86222
9.35658
10.1907
11.0815
8.53698
10.2099
8.28224
10.0264
9.4347
13.9004
14.3642
10.4381
7.23428
10.0454
11.0384
13.119
14.2227
14.6322
10.8572
10.0673
8.76337
11.4028
14.6564
8.90776
5.46952
10.0784
9.50818
9.14786
9.09758
9.97777
13.0553
11.9977
8.53881
9.01134
8.72445
12.6273
13.5437
8.69386
13.5483
12.1274
11.4468
9.62799
10.3289
10.1403
13.1747
11.9209
13.8586
10.0722
14.5285
12.6908
7.24283
9.06727
12.6257
7.50245
10.3087
6.36946
10.1933
12.9563
8.71261
13.9571
12.7694
10.318
7.95919
13.9712
13.4823
14.6649
13.1325
12.9876
10.1475
10.0677
8.35285
12.237
13.6003
8.33629
8.76845
12.428
12.6123
9.34703
10.712
12.1821
10.7232
12.9374
9.75214
8.53048
5.0339
7.76412
14.0636
11.477
5.90345
11.5167
7.98634
4.90866
12.6358
12.2911
6.61915
5.69447
11.0947
12.527
9.75398
8.6295
7.91564
14.0882
12.1327
12.4917
8.06724
9.50681
10.6701
10.7143
14.6467
13.319
10.3578
6.5583
8.6884
10.7426
9.99741
9.11516
14.6533
6.20517
9.66354
6.2154
13.3868
10.5563
12.4823
10.1818
14.5362
14.6808
12.0985
13.8212
14.4657
11.9009
10.4128
4.78163
9.37287
9.53682
14.8101
10.4695
10.6537
10.8009
9.27658
5.97712
11.122
6.24426
3.96582
12.4726
13.9994
9.47634
11.8312
10.3746
9.76896
7.44734
13.2415
13.513
10.8845
11.1852
10.676
9.16873
10.6676
11.9913
5.92066
12.9888
12.9537
8.8334
6.89502
10.6349
8.41454
9.29984
12.7925
14.1526
10.0772
10.0362
9.48813
9.9397
14.1906
12.103
12.1226
13.8423
14.0665
13.7645
9.93745
6.69657
10.6628
10.4259
10.1492
8.79107
4.91161
12.9373
14.0564
8.24765
13.0423
10.9312
14.4871
12.4787
9.79153
14.3003
10.4243
14.9733
8.66828
9.77583
11.2416
13.8771
9.78899
6.24347
5.22889
13.5462
14.6462
6.12073
5.41504
10.6591
10.8439
14.3523
5.82408
10.8447
6.39086
9.37893
7.32578
13.6195
13.7615
9.80315
10.7512
14.3839
12.0197
13.5202
14.1939
9.93154
14.9765
9.9746
12.9617
9.82197
11.0657
12.6743
10.7652
8.01939
14.0222
6.12066
12.0356
10.824
7.21366
14.5023
10.8842
12.6219
14.8293
14.8319
14.6518
8.29554
9.50641
9.48717
14.4126
9.85515
5.62929
5.39774
11.1135
5.67481
14.0073
14.4267
11.0766
6.0628
11.8868
10.5423
6.89208
12.363
5.59141
12.3333
10.3322
11.0755
10.9973
4.8416
11.3312
14.1576
10.7325
14.3231
8.28005
10.9733
8.58719
12.1894
7.70686
12.4006
6.22317
14.7738
9.22869
4.99948
6.77082
9.34531
7.0514
9.46497
14.5666
12.2453
10.3427
14.32
10.6105
10.2649
9.52297
8.4057
14.198
11.9741
12.8352
10.9432
10.2979
14.0808
7.96309
8.67684
8.16204
7.44825
10.7805
7.15468
10.1936
11.7112
13.8458
13.9238
10.9172
10.987
9.87808
8.62533
8.49376
9.09075
14.6521
11.6125
11.4588
7.94319
12.6248
10.8841
13.6559
10.7185
7.72915
12.4493
8.76781
14.2008
9.67131
8.85104
9.63745
11.7179
9.88764
10.2677
10.7041
13.9398
10.0452
9.25265
8.43221
11.7095
14.6715
12.1193
14.6703
11.6466
8.47712
13.0785
9.39308
14.3464
13.1654
8.16036
9.60729
11.9387
10.8284
11.1954
9.38737
12.6455
8.14314
10.2099
10.087
8.51927
14.1269
7.94092
12.9491
11.3433
10.6851
14.7357
12.7311
9.14089
7.78747
9.24683
5.35485
8.79079
11.5218
12.9193
8.70262
12.5363
10.3538
12.8757
4.60914
14.0358
11.3603
13.609
11.487
14.5442
6.13507
12.4661
9.32906
13.115
8.25686
10.5191
7.97921
12.4909
14.7753
8.93536
8.33314
9.34099
14.7964
9.45923
10.0872
14.7728
9.67496
8.20427
12.7258
8.89025
12.9283
10.4597
13.6073
13.4129
14.097
9.8794
10.4857
14.2388
10.565
12.5342
9.12726
9.85552
10.7176
10.9242
10.083
11.625
9.89238
10.433
7.8974
13.6592
10.8041
11.3182
10.3955
7.89187
14.7241
11.4635
12.8377
7.04953
8.67451
7.3742
9.11255
14.0872
11.5973
10.3714
14.1834
11.9652
12.9571
12.8087
8.04878
12.2898
12.826
9.89655
8.568
7.39752
9.33025
10.6511
9.52246
8.88192
13.6975
10.9019
11.1555
13.5924
10.7503
8.58957
9.39748
8.89022
12.7977
14.3996
6.16853
9.96188
11.1586
14.7164
8.67925
10.2625
13.1635
14.5111
14.975
9.82693
12.2728
7.75134
13.0027
8.00836
12.1637
11.2102
11.6235
9.81396
13.2642
8.35347
7.91192
8.16868
8.59742
7.83367
10.3199
6.21293
6.70705
5.91379
8.42866
10.6671
14.0845
14.431
9.01686
9.34388
10.5445
11.623
12.1064
11.5392
8.58379
11.791
14.3317
4.75106
9.67414
14.5415
10.619
13.6209
12.2298
9.77422
10.6172
13.6875
11.6594
14.0989
8.27972
10.0342
8.17944
10.9586
8.32516
10.6982
11.1832
12.0735
7.91905
13.1933
13.6376
12.6116
12.9597
13.4084
14.8067
8.68156
5.08308
12.739
12.6814
13.0276
11.4138
13.7682
9.76958
12.4196
14.7962
14.1172
14.5607
14.5045
6.37751
14.2043
13.7785
13.6753
9.04608
9.72749
13.7651
11.1055
7.95106
12.7162
14.9122
10.9996
10.4852
11.3499
10.4429
10.717
8.83628
14.7692
14.1069
9.36201
14.5785
12.7316
12.5558
11.7059
6.83057
10.3425
14.2639
9.17876
10.7232
13.2526
12.5739
14.9313
11.3374
11.6617
11.2823
9.7132
10.1215
14.2677
13.8357
10.3425
12.0425
13.9153
12.0851
9.99669
14.2711
13.0683
11.9812
12.3791
14.9748
9.82638
14.4054
14.6682
10.9955
13.0828
9.33275
10.3908
8.37416
9.30599
9.933
13.5625
12.2185
14.6658
9.28793
13.0092
14.195
10.4989
13.1923
5.35621
9.47114
10.0007
12.2235
13.3888
6.33418
7.58908
12.8287
11.5824
9.09552
8.6853
11.5902
8.81056
9.43325
9.38142
14.1955
14.2462
12.9118
5.69466
12.8092
13.5223
14.0333
13.4366
10.9702
5.88703
10.1317
5.94473
8.39361
7.13883
13.286
7.25215
13.6372
12.8706
14.8766
14.0289
8.29135
8.51057
11.7045
9.63528
9.84085
7.10398
10.0257
9.97315
13.1676
10.7492
13.369
12.4203
11.5052
9.95479
6.39106
10.0043
10.5957
8.86756
12.6653
12.4791
10.0349
13.1976
13.8465
13.3578
11.4802
10.1219
4.77262
12.4968
5.74385
9.77919
8.71345
14.5715
8.3745
5.75984
14.2589
13.075
12.1854
4.96547
7.48105
8.76224
14.9021
14.3807
12.4886
7.61438
12.0991
9.8835
9.87581
11.6401
8.04617
10.6093
9.23626
13.065
10.4106
12.5594
11.9928
10.8533
7.41421
13.2362
9.18039
12.8906
13.754
12.2449
14.7306
11.123
14.4396
9.96321
9.53536
9.38939
4.97797
7.32343
12.0893
8.96464
6.82834
8.79955
12.7545
14.3302
6.81707
6.02583
7.47997
14.2833
10.1478
12.1881
10.9118
9.4006
11.6473
8.53771
11.2044
6.54642
9.56209
14.979
10.7876
11.3181
13.7807
8.70688
10.017
11.9817
9.88315
14.0896
7.08085
9.69186
11.9026
10.0105
6.93848
7.04413
10.9849
12.5156
11.575
8.54731
13.1277
4.37039
11.6541
8.22866
8.60437
13.342
11.0804
13.3287
14.355
8.44122
9.95378
12.12
9.65911
7.8971
8.13257
11.9634
8.16871
9.22818
10.7554
14.6116
6.15375
9.67468
8.46089
11.464
14.5525
10.5214
11.3246
14.2078
13.7186
10.9183
11.8484
8.67551
11.9731
10.6381
8.1632
14.0718
10.829
11.7554
9.19631
11.0404
10.7761
10.5356
11.2118
14.9291
12.5531
12.6526
11.9597
10.1182
9.75962
10.1169
10.9505
13.1554
6.72589
10.6564
14.9979
11.3762
12.8388
7.75931
14.6829
11.1689
9.55196
13.937
13.7333
13.2599
10.1405
9.11353
10.8996
10.5203
9.08655
11.3402
13.4795
12.4256
6.00465
6.34882
5.22585
14.6697
11.8127
7.29509
7.57125
12.9814
10.9959
6.11625
12.4969
11.5752
9.54839
7.51657
10.1436
8.8665
9.42861
10.5347
11.8465
10.687
12.7723
7.66755
8.59235
13.4927
11.7374
7.80018
12.6708
14.3968
7.4406
13.1864
13.4049
13.5069
9.59519
13.5729
9.47913
12.2523
8.81285
6.93284
12.6127
6.66793
9.7974
4.57443
9.29279
11.4712
12.5045
13.2135
6.20022
6.97174
11.9537
8.1169
13.6544
8.53902
8.53684
12.158
9.02548
10.5781
10.1634
12.7067
9.93422
10.4642
10.8279
13.9399
13.5183
12.2986
10.5862
14.9444
10.8631
13.3084
10.803
8.74233
10.4452
11.4539
11.4818
7.74494
12.1996
9.37156
12.0153
9.51904
13.2168
6.7757
7.3659
7.87063
8.44822
11.9819
12.1938
8.38012
11.6465
14.1914
12.5919
13.9058
9.87199
10.3761
10.5137
7.34928
10.0368
14.7869
11.0925
9.53964
5.79886
9.13097
12.3388
14.3907
11.9186
13.9229
9.67337
14.9604
11.2319
12.7897
10.698
12.4264
11.1026
14.4005
10.445
10.4794
10.6049
10.5826
14.7168
10.2521
14.4795
14.1854
10.9088
7.20376
14.9044
12.1969
13.6576
12.3356
11.596
9.77885
5.53627
11.4636
14.7824
14.0237
14.432
14.3046
12.2442
9.35651
7.78238
10.6523
9.7752
11.1621
13.4864
13.5989
9.45211
9.46065
10.2441
9.63626
14.7492
13.2771
8.52587
8.99171
9.04551
10.0486
9.02956
11.3939
9.63305
6.54132
5.55254
9.26321
7.63946
7.21302
7.48103
9.26733
9.11327
11.5571
14.7551
12.1305
10.5155
9.95248
9.12481
14.1717
5.6198
9.52534
5.99249
8.01184
6.82704
11.6113
8.43046
12.9481
11.2573
14.9712
4.48201
8.58823
11.0194
5.78135
12.6267
8.15469
14.35
13.1949
9.9895
8.36496
6.59269
10.8736
14.3742
11.6174
8.07578
12.7128
14.5141
14.4908
7.89576
13.2557
7.94273
11.5765
5.54889
12.3342
9.46492
13.7556
11.0774
5.53
10.4974
12.9423
11.6519
13.0812
12.9143
12.8665
11.251
7.88991
6.18077
6.12253
6.07518
11.7287
9.31528
9.07315
11.4428
13.3523
9.09109
5.80513
8.80689
6.30164
9.33368
6.57182
12.0285
9.79865
13.9323
9.9514
11.2858
13.8157
11.4759
12.5118
9.45632
6.94209
14.767
9.77823
13.7582
11.3557
4.72832
11.6354
13.4069
14.4455
11.8679
7.6059
14.3549
10.2904
12.1589
10.5355
11.0942
14.7964
12.0032
10.584
5.26175
10.2169
8.88733
13.3942
12.2665
7.1506
8.32546
14.63
12.5382
13.8945
9.30447
10.7624
10.897
12.0694
13.8828
6.85736
5.43052
14.7394
10.0118
14.5206
10.4286
9.96792
8.38332
11.6893
14.4141
14.5791
14.3679
12.0288
9.59704
11.0479
14.2158
8.49567
6.27123
12.2392
14.8586
12.4213
6.23219
9.09407
11.8685
11.6058
12.6564
12.8527
14.4738
9.06144
9.99809
4.75569
8.62723
9.34884
14.3677
14.3835
7.80648
9.96908
12.885
6.27206
10.5214
10.588
10.9065
14.7421
10.1765
10.3688
10.945
10.1087
14.5006
8.15979
5.2057
13.6485
10.622
12.3156
9.81977
13.0318
4.85997
13.8389
13.5774
10.1892
9.08525
14.1217
14.8153
5.86552
14.8949
13.6259
11.8321
10.1347
13.7088
13.6376
12.8836
10.3511
6.88595
4.39269
13.0684
9.74942
8.34723
8.52879
8.98055
10.2143
6.43477
10.3323
9.34667
14.1264
9.35267
9.61742
12.8688
12.0137
11.445
10.986
10.4689
12.2244
8.31687
13.3137
13
9.87035
5.60928
9.16335
11.8901
5.35024
5.60756
8.91426
10.4961
10.4191
8.57424
11.8307
10.7414
6.56972
5.99082
11.3305
12.2968
9.46758
8.39815
10.9234
9.1682
13.5335
10.9865
14.1958
10.9439
11.5436
8.65534
9.8682
11.9915
8.20459
11.8352
12.6017
8.85669
12.8175
10.7803
6.15124
5.99305
12.3004
8.13581
10.3027
13.2895
8.37109
9.64281
14.9126
14.8458
12.7003
14.7821
11.1703
9.4395
10.6631
10.9255
10.0758
14.8696
10.7756
12.015
13.4383
13.9587
12.75
10.1753
14.503
10.1564
10.4752
8.63278
8.23876
5.68766
8.04324
14.7658
7.66047
6.24372
9.72181
9.34562
12.5053
14.2383
8.52399
8.52687
9.39822
14.2244
9.29688
11.5474
9.6353
14.6783
7.29188
11.6476
13.6196
10.4461
14.2561
13.9639
14.2552
10.9538
14.4786
9.85677
12.7802
8.13829
10.8939
11.1815
12.0953
13.2373
5.85581
11.0775
13.6979
11.7058
11.3408
14.6283
9.39338
13.9155
9.23322
10.9489
14.95
12.9615
14.5616
13.4341
6.59648
14.2225
14.7495
14.367
10.16
10.5911
