13.9348
10.0545
12.9525
14.0627
14.4317
13.0633
9.13511
9.78676
8.67847
10.6505
12.8595
14.2607
13.6461
11.0187
12.8948
14.0539
11.389
12.7537
12.6605
7.97556
6.25436
9.46456
8.83095
10.4489
9.8111
10.5883
12.6151
12.6769
13.1952
13.6877
11.6962
8.44161
12.6273
12.1491
9.50103
9.7506
14.0577
8.7667
8.11065
6.5517
10.7028
14.622
14.1551
13.9997
14.2663
13.9454
11.3855
9.92414
10.4558
7.23342
8.25529
7.50611
10.1977
11.3169
14.879
14.478
9.89206
13.1076
13.6682
11.805
13.536
10.9891
13.3574
11.6861
10.8652
8.20302
6.50985
9.45446
6.20541
12.1811
14.4037
13.551
14.6108
8.19249
8.67601
14.3001
13.9854
11.9025
10.2457
4.44584
7.87158
10.7645
8.93543
6.98756
6.51181
10.8057
11.3373
12.7297
8.16779
7.2399
13.0369
13.0321
10.7816
6.92708
10.0069
12.2868
13.8227
11.1063
8.01815
5.65645
10.4757
14.6487
14.9746
11.2406
10.0598
12.5602
12.4395
9.7625
11.6421
12.9846
13.9205
13.9863
14.6897
12.25
9.64788
5.4794
13.0461
8.95533
6.52083
12.2426
10.1719
9.53246
10.4646
9.37958
11.5175
14.9941
13.6396
10.4452
9.59923
9.03972
12.1123
9.6562
10.3989
11.4176
8.40493
7.76819
5.94954
13.8725
10.3745
12.8951
9.92173
8.66989
5.72787
14.3735
11.5625
14.8086
10.0094
4.41885
8.14927
9.84703
9.2396
9.68042
7.48957
11.6826
11.045
12.1079
7.43923
5.96778
11.9881
12.2001
12.0883
8.11599
10.0934
11.274
14.1254
11.2884
8.8615
7.03132
8.58302
14.1054
11.1754
10.3397
11.4876
13.0252
9.49303
12.3104
10.7047
10.1882
9.95112
8.79162
10.3207
8.41299
11.413
11.823
11.7727
9.944
8.87069
8.93136
9.85019
9.87083
5.64805
9.81973
7.94528
12.5183
6.21306
13.0119
9.18385
4.83403
11.9279
10.5353
8.4622
8.53001
6.23266
8.37728
5.15502
10.6757
8.9525
5.35014
6.31322
13.4542
9.95179
11.9584
13.6146
10.1725
13.2274
5.49675
13.0382
6.93947
11.2427
10.745
11.1591
14.0768
13.6906
14.4948
9.80331
5.90712
11.5311
5.68384
6.31359
11.7803
14.0931
14.9646
12.9443
13.9751
10.64
13.7748
10.2345
8.88994
13.0316
10.1222
13.459
13.0217
11.7614
9.30792
8.69501
14.5583
14.788
14.0252
12.9884
12.279
13.0166
8.4474
5.53881
11.5753
9.89561
9.1174
5.77439
12.0552
8.00471
8.05355
8.13544
13.9169
10.4936
9.4357
5.75541
10.5586
5.40999
4.233
8.41518
8.87817
6.13565
13.9978
14.9198
10.3333
10.325
12.2955
11.5506
10.7348
13.076
8.43707
13.5138
10.7767
4.27645
11.7766
13.6837
9.32477
13.1279
6.22089
6.60822
11.1619
12.8716
11.8291
8.09735
6.91943
14.605
10.3102
7.74329
10.3638
14.0175
11.052
7.56483
11.304
13.2396
10.9406
13.6332
10.1706
9.39718
9.04993
7.47162
7.2243
10.2781
7.26352
10.4086
8.21317
8.37366
7.81614
10.4581
8.55764
12.2096
5.09619
13.9423
12.0686
12.5764
9.84197
10.4131
5.39969
5.83354
4.2149
7.44543
13.5545
9.93577
9.12621
5.62792
14.937
12.6516
10.7092
8.4756
11.3843
5.71513
12.0502
11.6465
7.95401
7.62939
11.3449
12.9459
14.8155
11.1889
7.94283
10.9746
12.8775
10.0408
8.48421
14.4223
11.5206
11.8743
10.483
12.6321
13.1669
13.0867
14.9791
14.8238
13.8755
14.0372
8.11531
10.9103
7.79119
10.4375
13.8836
9.18706
10.2547
10.4556
14.2509
12.3741
12.7981
12.4222
12.6909
13.117
11.3444
14.2859
12.1168
7.52261
8.04108
14.8342
4.35455
6.40543
5.23174
10.0815
8.0412
9.54902
14.7081
14.934
12.3104
10.8715
12.5291
10.8588
13.5501
12.1831
13.6959
12.9518
10.506
6.23914
10.5842
10.3557
11.6875
12.1545
9.09274
7.45348
12.4773
13.7359
10.5471
8.59263
9.42781
9.42912
12.1668
7.96044
6.55007
12.9215
12.2266
14.0274
8.60993
12.4095
7.23274
10.1
12.3798
11.884
12.6448
7.92926
9.51807
11.857
10.5725
5.62863
10.1413
6.5824
11.2813
10.7399
12.7973
12.9998
13.6368
11.1789
13.345
5.25069
6.86507
10.0047
10.1844
12.3336
9.46971
10.0129
8.65847
8.49832
11.8729
8.09291
12.277
13.2668
11.6068
10.8015
14.6768
9.97302
8.89804
6.95532
5.94146
14.0408
11.5324
10.3403
13.2444
14.4537
9.98566
13.645
14.7674
11.2861
12.6279
12.8591
14.8432
12.6911
9.92531
13.3622
13.3772
10.0495
10.6294
12.1824
13.1034
14.9996
11.4445
13.4177
10.3919
8.33379
8.08349
13.392
9.63855
12.3294
5.43332
5.88245
9.88797
11.9503
6.72924
9.27968
13.7532
11.6547
12.1295
8.74865
14.2033
12.4292
14.569
8.88489
9.69353
9.88879
7.11834
12.3379
13.3342
8.35911
8.39617
11.1733
8.99026
14.7292
10.2083
11.6278
12.3172
6.79648
13.5053
5.68261
12.4946
12.196
9.70621
10.4973
11.9115
12.0709
14.5828
14.6794
14.6339
8.87947
10.0655
10.3775
14.2907
11.9751
13.8548
12.3377
10.4682
5.72291
11.7742
13.6966
13.9394
11.7862
10.9617
14.3652
13.0154
14.6857
12.4479
10.1089
9.62561
13.4484
11.6824
13.0095
12.1187
11.0199
11.0253
9.51668
11.2783
10.0659
6.63813
5.77961
7.30349
5.45307
5.8613
7.32703
10.9794
6.87249
9.14973
9.38776
11.3738
10.1689
11.0123
9.05736
7.7776
11.3916
9.26578
11.5694
14.7645
11.2626
10.8939
10.1416
9.86883
10.0076
10.2485
7.88183
9.70397
11.3184
9.35352
7.46626
14.1863
13.1778
13.4217
9.2376
7.43785
12.0051
9.45847
13.3171
12.3119
11.9786
14.7498
12.1797
9.3256
11.8512
4.57061
6.234
11.6129
10.7621
8.82014
11.0115
8.5842
13.1846
9.71822
8.60712
9.55357
10.8344
8.59671
9.63183
10.2342
8.92985
12.8363
10.9536
6.43944
10.3027
12.4099
11.7086
9.69509
13.7616
9.89025
9.83273
10.5858
8.21789
8.86174
9.47793
13.0213
9.83337
8.72126
13.6422
8.36787
11.4423
11.7901
7.22588
13.6238
13.7898
14.6064
11.4747
11.8875
14.7019
14.9758
11.2541
10.8131
8.20541
8.35679
9.00434
9.53031
9.45306
13.4526
7.63068
8.90212
9.99751
10.0707
7.69379
8.75059
9.31968
9.41715
13.2006
10.2531
13.0579
10.5517
8.71572
9.21237
10.1946
13.8688
7.65561
8.18877
13.8624
13.2697
11.8512
11.5591
9.23429
13.1413
11.6721
11.8113
9.13925
12.3771
11.7164
11.4485
10.883
12.7289
11.3356
13.7439
6.54536
8.54652
8.54046
7.75322
8.17971
14.1708
9.61621
5.85151
10.5381
6.34562
12.382
4.31694
10.4521
9.8753
5.45584
10.0042
12.9893
7.59583
12.7481
11.8789
14.0346
9.6951
14.3508
11.9338
14.1041
9.89367
12.8194
9.74564
13.1361
14.0351
10.2227
5.08899
7.28862
9.3942
9.38206
10.874
4.8896
9.47411
8.99439
14.4037
14.6614
12.1131
5.86765
7.80786
11.7467
14.8865
12.6689
5.86688
9.52685
5.66283
5.62508
5.66996
8.34679
9.33872
9.76196
13.0407
14.4306
11.8184
9.52222
12.3942
9.17025
6.50245
6.04655
8.06606
12.0023
9.95213
8.45584
13.2525
12.7087
12.1605
8.37727
8.87738
7.89201
8.54652
9.97494
12.2347
13.6411
5.76003
12.5378
8.16541
6.93986
12.5527
9.26783
11.6774
14.8693
8.41857
9.17884
13.3603
14.4972
7.77206
12.7267
12.6082
13.5108
9.28534
14.4515
12.1645
14.7277
13.3409
9.81094
13.1176
13.9012
12.6985
11.9339
10.9294
13.4294
4.05034
9.77096
8.33147
11.7847
11.836
13.4643
6.01627
6.12148
6.54058
13.3638
4.41066
12.4684
9.3739
11.4809
9.61164
9.70109
9.92178
7.43896
11.9843
9.00843
11.4596
6.47731
8.16152
6.50169
9.3149
5.80321
9.4577
9.34628
12.1712
10.0114
5.69658
14.8224
14.7968
9.33301
9.14625
14.7541
10.8639
5.55083
8.48436
10.1763
12.8625
6.54848
14.4877
11.4263
13.4897
9.27874
13.3829
12.5609
12.493
11.4105
14.0707
7.99989
8.91486
13.8285
8.68812
13.5013
11.7464
9.00651
8.84284
11.9211
8.82989
6.4318
6.07484
9.02487
10.7258
4.9138
11.6979
10.862
14.2641
13.4811
9.49217
13.4551
11.2928
9.50408
13.9741
13.7013
14.608
11.2008
11.9099
12.6432
11.7451
14.4045
5.60665
10.5088
9.39431
9.91302
14.8314
10.9756
14.0593
14.6405
9.87863
5.61837
8.631
11.1729
10.3348
12.2251
13.877
11.7869
14.8153
7.74311
14.5376
6.43468
4.98369
8.53812
12.442
12.9308
11.8109
14.7556
11.0089
10.2682
11.5717
8.43719
12.6355
11.4202
8.3631
11.1179
5.25113
6.13596
14.8171
14.9229
10.2256
5.1963
14.1638
9.2912
14.0995
8.98466
14.3983
10.1662
5.37833
11.4853
14.0909
10.2328
9.13265
9.34414
11.9192
10.0819
9.98
10.8741
14.7342
13.395
11.1715
6.01945
7.76566
10.5197
5.32433
8.86193
12.5432
12.7458
9.73973
9.98443
14.2887
10.7517
13.7323
8.1639
12.8582
12.0712
12.525
10.9081
10.4141
10.1186
4.97132
7.72242
9.6333
8.53353
9.48372
12.776
11.4059
9.0531
11.9186
8.21288
11.4213
10.6688
7.30388
6.67904
13.589
10.3611
11.4271
9.97446
8.31974
5.5634
9.13253
9.76648
11.1788
11.1737
12.5975
6.18065
8.8048
10.6578
10.5238
5.32224
8.56535
8.90346
12.8599
12.8187
9.66868
9.81852
14.2178
9.71809
14.2414
9.39854
8.91056
13.1904
14.3891
11.723
10.5048
7.97145
6.52674
13.2711
10.8871
12.183
9.01796
8.47723
5.41514
9.22859
9.34453
11.5257
11.3619
12.1048
6.85623
9.23838
10.2375
10.3947
5.83395
11.3676
5.78511
11.4822
7.31413
9.27902
10.0554
10.238
10.7732
14.3105
8.42004
10.644
9.61689
12.6208
10.2239
7.36038
7.98776
6.75181
9.54754
9.11045
5.81629
10.2501
11.8744
13.5397
13.8315
14.1411
12.474
6.31077
3.99767
6.3515
13.3665
10.5531
8.44315
5.5017
8.9142
14.4179
5.67152
12.8661
11.9664
12.9017
11.9283
13.6107
9.23958
12.5594
7.33029
7.61402
9.15741
8.62309
7.27164
10.8995
9.23551
7.22441
9.75739
13.01
6.61596
8.70967
7.16127
9.51469
12.0923
8.8476
12.4365
10.6627
11.371
12.3715
9.67232
9.14929
11.8423
12.694
13.6628
14.804
12.8564
6.65313
13.3501
10.3841
11.0791
10.226
9.49839
13.92
14.0212
5.93834
14.9967
14.8184
14.0909
12.7858
12.7435
11.667
6.74037
14.7224
9.80072
13.4612
6.87183
11.5982
9.67116
11.3581
6.67175
9.30722
5.47634
6.08858
9.45779
8.00353
6.79509
12.0885
13.3206
13.4227
13.2989
8.65652
6.04761
14.9151
14.6142
10.0145
9.78071
14.9545
14.6995
14.3359
14.0681
7.86805
10.5955
6.83716
10.5027
7.10575
8.69317
9.97457
13.51
9.32153
12.0048
13.2234
13.9661
13.9919
8.86143
11.6854
9.85762
12.0867
12.3662
6.26866
11.1772
10.6097
14.3088
8.93075
11.8259
9.90015
9.78567
11.3254
9.47754
13.4972
4.74147
7.70416
9.31769
13.8593
14.69
9.58495
12.1033
12.1169
10.4791
13.9347
12.2556
13.7386
7.18633
14.9654
13.6224
9.24119
9.42734
12.6045
13.9408
10.7748
10.7172
10.0049
11.4172
7.2132
14.1872
13.0969
9.72574
12.3064
10.2056
10.4064
12.044
5.42497
13.4235
14.1396
11.3726
14.6029
14.9831
11.3727
5.9347
12.1642
8.95533
14.4665
11.1572
14.0747
8.92342
10.88
7.3743
13.9933
5.70082
6.66124
9.96834
10.9916
5.84378
9.60869
7.90044
10.4673
8.22293
12.2048
5.44148
12.0893
5.47741
10.0485
11.823
11.503
13.5076
7.27805
13.9069
8.00276
14.6365
14.3204
14.785
11.6402
9.74318
11.1966
10.2874
14.9135
10.485
13.9854
12.3638
10.5305
4.52598
9.2168
10.5563
13.84
8.25104
4.84295
11.2603
5.37952
8.83463
12.67
10.7476
6.52442
10.952
7.25665
6.07617
7.71757
12.2174
14.0838
11.3951
7.66454
8.86098
5.01375
12.558
7.59768
12.9233
8.50419
10.0131
7.48026
13.7884
9.63534
9.82232
12.2649
8.93325
9.33922
6.65207
9.58028
5.28771
4.49312
8.53921
11.8685
12.5293
8.69233
9.31237
8.42871
14.6173
5.86124
4.5683
9.21402
13.7133
11.0875
6.58523
9.00322
9.40773
13.4167
14.5963
11.1793
12.1481
10.1137
11.7407
8.97802
12.6219
10.1888
14.116
14.8804
13.8062
12.9861
10.0863
5.54836
9.28201
5.88653
13.7537
12.5436
10.1051
10.1686
11.9488
9.57852
13.2927
10.7563
13.218
14.195
11.1848
6.99681
11.9759
11.4621
8.81792
14.6406
9.06326
8.54191
8.88444
14.9826
8.18099
13.9028
11.9597
9.92539
8.71451
9.55021
13.0962
8.95868
10.6711
12.7543
12.8238
11.349
11.6586
10.3635
11.1577
11.184
8.81857
14.5969
13.1896
4.65803
11.6831
8.95403
10.8764
8.94683
11.2671
9.76671
12.0986
9.56754
11.9099
8.13525
12.0707
6.54715
12.8292
5.1676
13.5015
12.3898
8.60605
10.4887
9.83323
5.86036
7.17851
8.76228
12.6635
9.90373
11.8473
13.9756
10.3377
6.99042
10.5797
12.6105
11.2824
14.8194
7.80096
9.46634
8.30366
10.6558
10.7622
9.26142
11.7177
5.65543
10.4133
6.49958
10.2817
8.70972
14.4179
13.9677
10.7141
12.9919
9.13791
10.7192
13.4623
13.697
9.73266
8.8748
12.4893
10.7602
11.7927
13.9671
13.0606
13.2672
12.7738
13.4275
9.659
7.54294
14.2084
11.7514
9.45395
11.6183
11.788
9.19891
13.3662
5.62468
9.86909
9.49983
10.0016
11.8835
8.31514
10.8882
8.83276
12.2653
13.9043
11.9802
8.22249
13.1868
9.52928
5.41236
13.085
10.1257
14.051
10.4953
14.2203
8.35875
10.7301
12.4814
10.7123
10.2133
12.7914
8.15041
10.0535
11.0496
13.0076
7.39168
13.7389
7.07821
4.91333
14.3333
12.4703
9.87743
9.60078
8.13856
9.44989
14.6569
8.66659
5.63274
8.51014
10.7692
11.7344
12.6055
12.047
10.7859
6.05648
11.3342
8.05998
12.0392
11.9418
11.6406
5.26903
12.8444
13.8631
10.6152
5.99514
12.3847
10.1232
14.0083
8.74553
8.70619
13.2489
10.0668
12.5451
13.6958
12.5185
12.9846
12.2717
13.1825
11.9979
12.4674
11.14
13.1892
11.0981
14.7973
6.83427
10.9593
11.5939
10.197
8.27347
13.0495
12.3489
10.2953
13.6753
12.936
14.8765
14.2878
12.385
6.41949
10.0165
9.26113
7.29869
12.4958
11.4328
13.0333
13.4932
13.2077
11.9389
10.0767
10.5018
14.9318
10.038
14.6372
8.73562
11.2348
5.86073
11.9096
14.7688
10.9919
13.5809
7.97852
11.7325
13.7847
13.2309
5.4919
14.1798
12.3028
13.4588
12.4103
12.4815
10.5228
12.0797
11.1752
12.4568
7.74627
11.861
12.0539
8.4844
14.827
7.9243
8.61376
12.935
13.3203
12.1202
10.5924
10.26
8.50276
6.53597
13.9553
10.4705
6.47638
4.54443
13.6758
7.54747
14.5586
8.9486
9.25537
6.07735
4.93846
5.93934
11.1035
10.8802
6.14551
12.1557
14.6407
11.1921
10.1765
10.4531
8.66902
12.6055
8.42604
14.6529
10.1781
9.48314
13.6968
8.69522
9.98477
14.0582
8.38824
13.5196
7.67735
9.92459
7.95373
12.5931
11.4817
8.49841
12.516
11.7059
8.17781
10.9053
10.6881
12.9875
14.3426
11.7145
11.7413
14.4942
10.8834
8.45616
8.63158
4.87094
6.12594
9.33925
7.38818
11.8784
12.7567
13.0478
9.60377
9.36997
8.17797
13.4391
8.93269
8.22505
14.5364
8.4537
9.65565
12.9984
13.5123
5.40846
11.0194
12.5199
4.8265
11.9963
10.4105
8.48949
9.07314
14.4097
13.7518
5.06733
14.0287
7.82074
9.19881
10.2615
6.0802
13.7629
9.23664
10.8037
14.7903
5.77348
14.3085
6.28182
11.3854
14.8342
11.5862
13.9465
11.5524
10.9457
14.5485
8.39909
14.2508
11.9083
9.19581
8.79686
12.6747
12.3429
8.48574
14.4659
13.4063
12.5293
12.2955
11.1335
7.0426
14.0254
9.36529
13.8432
13.3292
8.1464
8.8734
9.30234
12.6541
13.9385
11.6314
9.40504
9.87385
13.2929
9.59665
13.9276
13.4278
11.7044
10.6748
8.32433
9.84605
10.8361
8.44082
9.71353
10.3056
9.94304
11.8732
9.65046
8.39027
7.65796
7.87318
9.97191
5.16996
10.2965
10.4084
12.1286
9.93185
13.5415
14.6449
11.5545
8.65812
13.6659
13.3004
8.90023
12.5107
14.7638
10.2812
14.2951
11.5006
10.2798
13.0603
13.1315
8.53141
11.4845
14.82
9.07199
12.2146
8.56884
12.2425
7.94508
8.14822
12.745
11.5206
13.2117
11.6944
9.79769
9.287
10.1548
14.3814
8.51752
13.6509
14.0232
14.1599
13.072
9.23013
10.0954
10.4381
10.0479
13.0761
9.65633
8.47641
13.655
11.2084
10.0927
11.7186
9.98945
10.0652
10.0134
12.594
12.8864
12.6261
9.06351
10.589
8.05878
9.00421
8.83882
6.4206
8.39766
11.6149
14.0368
14.2222
13.4935
7.94388
11.6905
10.1489
7.08827
9.95079
7.88227
12.2734
13.8709
14.3473
6.54521
9.72476
12.2923
14.8212
14.4735
10.2357
11.8753
9.07369
8.82526
11.5871
11.5497
11.2933
9.0805
10.962
14.1147
6.26991
12.5763
11.5556
14.7269
14.4305
14.6389
5.20821
12.1494
6.36554
12.1974
14.332
9.88773
9.76374
9.68948
8.16704
13.8788
12.3598
12.3037
11.4484
14.1237
14.4279
10.7534
9.30866
11.0105
14.9868
14.5475
12.5514
14.6959
9.3543
11.2856
12.9845
9.38833
10.4639
9.84137
13.5004
11.1268
12.4788
8.04849
10.0284
13.0831
8.51435
8.72216
12.4185
13.7272
9.98545
13.2181
8.32916
10.8605
12.3868
9.31422
11.4042
12.5447
13.0165
12.4111
10.0157
8.23751
10.8473
7.85729
6.44197
11.2017
10.4144
6.90245
8.78107
9.07678
13.0515
10.8485
10.9272
8.63902
7.69446
8.85747
12.8957
8.29691
13.1621
14.496
8.62595
12.8454
12.5944
13.2098
11.9486
9.24431
9.05674
13.2229
8.38822
6.54734
12.6473
10.2579
10.6877
9.06321
14.6682
6.90105
8.82631
14.53
9.27727
9.0917
9.05663
11.6668
10.5515
11.144
13.589
10.2739
5.26472
12.3798
6.06577
13.3578
8.07642
8.52889
7.07542
8.62552
14.7816
11.9373
6.57447
10.5724
14.2585
7.8165
10.1348
8.37802
12.6244
7.54118
4.7331
9.20205
5.6116
6.62518
11.9236
13.6171
10.0568
8.33472
8.51741
13.4878
13.682
8.7014
6.97608
6.32641
10.4582
13.0411
8.50067
12.3609
13.3305
8.19357
13.1939
13.0824
8.79829
8.72922
10.6271
14.4385
9.9956
9.89887
8.81196
7.61001
9.03826
12.5711
9.89453
13.2409
8.30749
11.8418
7.94554
10.0611
8.72686
11.0808
12.6103
7.16915
12.1781
8.45833
13.5074
8.57341
13.3475
12.8254
9.55015
12.9085
12.2994
8.13681
7.85154
7.30781
10.2513
11.7578
13.7833
11.4352
10.1597
6.13426
8.0607
11.5332
8.52236
7.23891
14.1887
9.1001
13.288
14.4846
10.6717
12.1816
14.9541
12.5696
9.79323
7.64702
14.32
11.7106
8.45002
11.5386
10.4131
13.0374
10.025
9.43404
8.70542
13.2268
8.60408
7.75704
10.223
8.92753
10.5987
13.8095
11.5244
11.8329
13.2817
14.6827
10.586
12.9089
14.213
13.3576
13.0361
6.22029
9.59678
14.6754
13.541
14.7157
8.7438
9.72214
12.2402
10.3715
10.2862
12.4152
14.2982
11.8406
13.1619
14.5242
11.6868
9.12156
8.25585
12.602
11.2866
10.1348
14.5011
12.3374
14.3982
12.3969
11.6912
10.2539
6.08416
7.18496
8.75191
9.88071
14.0245
14.7852
11.9535
7.01141
14.5099
11.558
5.24866
13.4948
8.55799
5.47027
11.5835
5.32656
5.39375
7.81284
8.36368
10.0767
6.60947
13.4272
8.21688
11.3254
8.7528
10.2853
12.4506
10.0135
13.7916
11.8234
13.1841
14.969
10.5002
12.0499
9.74264
10.3623
10.5409
12.5768
14.9142
8.52479
11.5421
11.9516
12.3317
8.77616
13.8914
11.9711
14.9637
9.81104
11.1424
13.5463
14.7558
6.90001
12.9144
12.3336
9.58173
14.4363
12.2851
14.5198
10.3742
14.5707
10.5936
12.9775
8.88377
9.87609
6.05894
13.4606
7.72841
5.66304
8.08305
10.0274
13.484
9.43077
9.82249
5.52275
5.34677
8.4475
9.3535
6.57926
8.94082
9.30441
10.8292
12.0612
7.62766
13.5091
9.25137
13.5352
13.247
9.28363
9.60635
6.62815
13.4962
12.2668
11.251
12.091
13.5884
5.74004
13.1137
9.50622
8.79114
10.6938
12.7863
10.4888
7.80951
11.0841
7.41771
4.87367
10.9141
5.43505
6.71572
9.75993
9.12461
5.12198
10.8139
13.9172
10.1214
9.83429
8.22996
7.80411
9.41584
12.1155
12.0174
14.119
8.47295
10.9098
10.2983
7.91579
7.46656
4.87264
5.29974
6.75708
10.0261
9.84865
8.29405
7.80785
14.3888
10.6708
10.0552
7.04658
9.01588
10.7274
14.3369
12.6061
9.30517
7.75729
9.96328
14.5997
10.22
8.29642
14.3209
10.3881
13.9269
13.7862
13.8284
7.64987
12.4687
7.34457
10.0479
10.4141
13.2184
9.68717
5.59066
6.68337
4.75485
6.30916
12.3652
12.5795
13.0402
14.1379
10.2987
14.4658
11.5164
6.91
5.38627
14.1255
13.4789
8.76696
9.43541
6.83083
10.4822
14.437
12.651
13.9636
11.574
6.30856
14.0737
12.0095
7.24752
14.9002
9.31682
8.67176
6.30908
12.728
12.0976
14.3942
8.33883
14.927
7.54794
14.3644
14.5169
9.79819
14.7418
13.8823
13.0954
13.1741
9.36594
10.2392
8.10873
7.92984
10.8377
12.503
11.8687
6.79073
8.02188
13.4249
12.0053
6.58458
11.0594
11.8783
5.94352
10.5743
9.08757
8.65913
13.408
11.2754
6.14764
12.2998
14.3754
8.27272
10.0564
14.3637
10.5306
14.394
12.4877
12.4978
5.37457
10.1517
13.5671
8.26744
8.89445
8.58024
9.15572
6.56786
12.436
13.3656
8.86416
9.41978
10.1495
12.7327
12.3113
9.94877
9.67696
9.36897
13.3706
11.319
12.798
9.06074
13.7821
11.5385
8.12881
9.36878
12.3289
11.2447
13.1895
8.7113
13.187
5.63028
12.5014
14.0609
14.9792
7.20671
11.3979
11.5559
9.15054
14.9658
7.48775
14.7631
14.052
11.2012
12.931
11.3846
14.9506
10.7692
8.97894
11.7408
6.21109
10.5204
13.346
13.1851
8.96346
5.79701
9.85061
14.025
9.33136
14.4474
13.0647
11.7877
9.99936
13.5611
9.69608
14.5524
11.4307
14.5543
13.4988
8.4559
9.39422
10.9108
10.3765
8.29443
11.3201
9.95228
14.4091
9.61777
9.3363
9.43003
11.82
9.00634
5.08858
12.6258
14.2854
14.1873
13.7059
8.81758
8.27676
10.7769
10.0536
14.1112
9.47923
10.8062
6.08557
14.5037
11.4407
14.8843
7.9738
12.7436
14.5243
10.7495
13.1874
9.57501
10.1585
14.3856
12.9888
10.523
9.49514
10.3782
13.8997
10.2044
7.12703
7.7835
13.3337
11.9686
5.96133
10.1128
13.8599
9.54582
14.0639
11.2144
13.4415
6.07499
11.2249
11.5653
9.1338
10.948
12.0244
11.1867
14.1001
8.01986
10.7213
12.6384
10.9736
12.866
13.7135
13.4098
10.8845
13.9943
5.71478
10.3481
13.0879
8.91769
10.9126
6.87844
11.547
13.5465
10.3733
9.92943
9.8419
13.1155
10.2234
12.7465
12.9024
5.95655
10.3688
10.7518
12.0411
14.1913
7.72231
8.46062
14.5583
14.3577
14.5376
12.8383
13.9809
9.19922
12.2459
6.14
12.5635
12.7157
10.8248
14.8531
11.5962
12.5656
14.6356
12.9876
12.1226
7.54303
9.82484
13.6027
12.0885
10.0096
14.228
6.88837
5.56941
11.7773
11.5856
9.26501
14.1272
11.1645
12.5008
14.5324
14.2748
14.9562
5.31541
9.32533
10.2124
7.49394
5.42271
9.12979
8.9845
11.6695
13.8943
11.6223
11.2431
8.83777
9.20321
9.77033
10.6195
6.60093
8.95955
8.42632
7.96686
9.81244
14.911
8.31822
4.75531
12.7927
9.3307
14.6914
10.4508
14.8757
6.07263
12.7483
14.6965
11.0943
12.8866
12.0585
13.5666
13.8695
10.9201
9.47606
11.8659
12.7057
9.49822
10.9973
9.37259
9.48497
10.2167
14.5093
4.71425
9.24298
11.6494
13.2306
14.8246
13.5652
14.3859
8.34905
8.19718
9.512
12.3996
9.21714
12.5699
6.77081
10.6171
13.2145
10.3718
13.6353
12.8007
5.62178
14.5709
10.7019
12.2614
10.6795
9.50184
11.1702
10.7694
8.36882
12.2088
14.801
13.6722
11.5581
13.8954
14.6783
5.05774
12.0343
6.91029
8.92704
5.31934
12.9035
3.85712
12.5184
9.49495
14.89
14.9774
13.0518
12.1898
11.1659
11.7259
8.46383
5.78689
5.94159
11.6185
10.2649
6.61499
13.2813
8.70509
11.5734
6.86491
8.47175
13.4527
8.62956
10.8562
6.16314
12.3688
14.9354
8.40153
14.0813
14.4232
13.3255
10.4112
10.5824
10.7231
13.0221
12.9756
12.4735
7.64363
13.2107
10.6696
10.2429
7.21358
7.19265
11.0681
6.10346
13.6666
11.2511
10.1236
8.75256
11.0022
8.7984
5.18918
7.80145
12.3318
9.52677
8.35334
5.98003
8.81729
13.9125
7.74565
11.1457
12.0184
8.88972
13.8641
9.64365
10.8206
11.8247
9.47325
8.41235
11.1162
9.59134
9.7037
9.50705
14.5453
10.354
9.24815
9.89145
13.1645
12.1824
8.72222
8.33261
7.20123
7.84138
14.4313
11.6783
14.4806
13.0389
14.2553
12.9397
11.0378
11.0589
9.61284
10.563
7.1095
11.9622
14.8134
10.4575
14.5874
14.9946
13.7181
8.97224
13.5492
11.6854
12.4843
8.09518
13.4639
10.7145
9.68825
11.1496
8.36105
10.8176
9.85984
9.57778
11.9056
13.7987
5.54974
13.3255
11.5222
9.91768
13.3159
5.79085
12.1172
13.9124
14.1931
11.6434
12.6582
10.8816
12.465
12.4142
8.38426
13.6754
11.241
14.7898
12.2474
12.1732
8.31617
8.59494
9.7642
10.2543
13.4801
8.26189
13.1821
11.4448
13.5075
14.7036
5.8534
12.3545
9.2101
13.2357
14.9884
14.6622
9.97486
10.4749
8.35566
12.2082
6.32552
12.5864
12.6387
11.3887
8.45453
12.5568
11.6493
10.6111
10.2429
7.46743
10.0896
9.00377
11.2702
11.9316
5.54354
12.1489
11.0107
9.03804
8.85999
14.8361
6.42438
14.5738
14.302
8.08369
12.7778
12.6298
11.6755
8.20648
14.4096
10.0291
5.70349
12.549
6.85723
8.21931
7.0957
9.22847
9.61049
14.9796
13.6211
5.75564
6.83087
12.0086
12.1883
5.64728
9.68498
14.6856
11.127
12.7707
14.4506
9.13126
13.4263
14.4073
13.5053
10.5613
8.81277
8.75224
10.6968
9.05586
9.2843
10.7425
12.1903
11.1606
5.95753
11.1163
8.7742
11.0769
11.781
10.4568
6.63255
8.43482
5.4087
14.7215
7.21643
9.29777
9.37388
12.8943
9.06089
11.5156
13.8485
12.8749
12.8996
10.6705
9.22365
14.4295
13.5431
10.7305
11.3439
13.756
10.152
9.91585
8.87982
7.82135
6.85939
14.112
9.38521
13.0584
12.0511
14.4165
12.4289
11.4726
10.0995
14.2908
10.3448
11.8953
13.0106
14.4802
13.1974
9.02374
12.3875
9.04714
13.4934
12.4373
11.1935
8.96668
13.4334
4.66011
8.38104
11.3001
14.2676
9.29575
9.25582
14.393
10.0171
13.9787
12.3336
13.6347
13.3576
12.9733
11.689
9.99196
12.4578
8.95299
10.0488
10.1572
12.9418
12.4261
14.3866
13.49
9.50181
13.73
12.7541
10.4895
7.10042
11.6862
11.7345
8.31997
9.92662
8.36971
8.30648
8.75585
11.3002
14.9323
5.47288
6.48397
9.98215
13.038
10.5289
10.3097
11.7981
10.7899
11.6135
8.1493
10.1722
13.438
14.669
14.8591
8.39362
9.17455
9.87144
10.4265
10.6445
14.1348
11.9374
14.1628
12.1045
10.4004
13.1712
9.83639
14.1687
9.42389
9.47583
12.9049
8.52676
10.5712
14.2697
9.2842
14.2389
10.4733
11.7846
14.9004
14.257
4.39739
13.3792
13.8572
11.3523
12.4023
12.6775
13.0555
8.71824
10.1705
13.8881
10.2515
11.2252
6.40989
4.70786
8.95316
6.62707
8.4952
11.2847
11.0877
9.68995
13.9719
11.4076
9.94306
11.8107
11.471
7.01968
10.4244
14.1531
7.53353
10.5163
8.72808
11.4239
8.86576
12.0723
9.59296
14.3824
5.04154
12.6289
10.2125
9.19993
12.4077
8.349
6.02859
13.3419
14.5295
8.22927
9.63357
10.4757
9.55799
10.8607
11.9853
12.7809
9.35468
10.6805
13.6219
14.6102
8.52697
12.269
12.7614
9.89545
9.94704
6.99998
5.69355
7.89763
9.00333
10.0343
13.3907
7.74431
8.93782
11.8566
12.0813
12.6624
10.6701
9.15764
13.5254
7.72237
10.7532
9.58406
11.5358
12.6872
9.36764
14.144
13.1256
13.6083
13.9634
14.3741
14.6389
12.8249
5.01878
12.4815
9.29963
13.3382
13.139
13.1426
13.6433
14.0509
10.0473
4.0053
14.1606
8.80388
10.0645
12.7196
10.8877
12.0859
9.27095
11.4896
10.6427
9.50053
14.582
13.6061
13.0291
12.1952
12.5968
9.55244
10.7794
14.5539
9.85096
12.9785
5.93461
9.49125
8.73746
10.1327
10.9479
9.8139
13.3622
13.289
8.62706
11.1586
13.812
14.1408
8.97052
13.2252
13.2849
5.88096
11.89
12.077
14.3224
6.58979
12.0578
12.4104
14.2503
9.96515
10.9752
10.6175
6.12421
9.5223
12.1028
8.30863
13.2487
12.4578
11.6385
13.0099
8.62877
5.61892
10.2484
14.3809
11.6931
13.1887
11.5926
11.6831
8.22513
10.0186
13.3305
8.7474
10.0658
6.40922
7.54343
10.5988
12.015
10.0148
8.78891
13.2178
14.2368
10.5491
9.68394
12.9319
12.9052
11.6526
12.0114
10.3312
12.4783
14.9076
11.9219
14.0182
14.1817
14.7345
11.4624
12.9282
13.6866
14.6588
5.5376
9.48332
11.1687
6.24255
13.9246
5.22935
12.3557
14.2821
5.98891
9.34192
14.1149
11.9269
7.67691
14.5457
6.21463
12.2253
12.367
14.7494
12.2094
7.34579
13.9787
6.60425
10.9087
13.7389
9.09377
12.8409
8.46817
13.2498
9.72169
12.3318
14.967
14.6193
12.9628
13.5869
12.6999
10.4394
11.7077
8.95514
12.6238
9.69645
8.55718
13.4555
9.8805
10.8931
11.5112
14.8582
13.8197
11.6732
10.0933
6.22701
10.0409
12.5028
14.5152
12.6819
7.97282
9.79945
4.30342
7.21769
11.8
13.3972
14.0994
14.569
8.87505
8.09308
6.73205
10.9571
10.8103
11.6255
10.2516
14.0384
14.608
9.71078
8.25764
14.9662
9.59415
10.9625
9.89791
14.9295
10.0469
10.1722
12.1519
13.4973
11.8627
11.8703
12.0174
8.43461
10.8526
6.27877
8.96724
8.83486
8.19644
11.9035
8.08928
8.68657
6.55334
12.7831
8.79354
11.2425
14.3131
9.18658
9.26812
5.34927
13.274
13.7566
10.633
5.28989
9.39904
11.0549
10.8039
7.4811
9.50642
6.54923
12.5221
13.1843
11.7449
12.5464
14.4257
8.87806
10.7756
9.08347
9.66884
5.49329
13.1423
10.5393
13.6406
10.7527
9.82593
14.7887
10.8504
12.3097
8.42952
11.719
10.2901
14.1284
13.592
13.846
8.98487
10.2066
8.11298
9.75256
7.88272
13.919
14.7132
12.2012
11.2083
9.78785
14.4447
13.7826
7.81344
14.5437
12.7088
10.8662
10.6258
5.38641
5.57829
11.4455
12.8305
12.9632
7.59758
11.5666
7.76143
12.6204
5.87509
13.2518
9.58316
13.346
11.2542
6.59751
8.84733
5.43765
6.25871
9.81166
12.1151
12.449
8.59816
12.9617
14.6426
11.9417
10.4875
6.73558
11.5146
13.6667
11.5138
6.61913
13.0168
14.5396
13.4188
14.3832
9.764
12.1672
9.53427
13.312
11.7702
13.0267
14.585
13.3944
11.4275
14.9059
10.1458
14.704
13.3951
14.5094
13.6192
8.83038
6.77483
14.7804
11.2614
14.7735
14.82
7.21455
9.85141
10.3671
10.8043
6.33441
12.5553
10.1437
5.62847
14.0836
9.56564
11.907
10.2414
9.25138
12.4167
14.2573
12.3279
11.9665
11.6616
8.81989
10.3307
9.46368
8.11099
7.90975
13.4802
14.5977
13.9273
14.4651
14.2924
14.2083
9.54768
6.13091
11.0628
11.2458
12.9031
14.6039
14.287
10.8202
14.3696
13.4576
12.2431
9.84631
13.0537
5.8663
8.10633
10.8475
10.3042
10.2882
13.2784
12.4899
13.9099
8.62576
9.98919
14.4087
9.07664
11.8072
10.7729
12.4668
14.5791
10.368
9.483
14.0425
14.958
11.3123
9.58551
12.4098
10.0504
12.8413
8.13208
13.5598
3.73358
7.77106
13.8672
9.37178
13.8017
6.37446
14.2822
9.44437
12.8999
13.6096
12.0804
10.8269
9.03948
9.0118
13.0545
12.065
14.4397
11.4199
13.2378
10.1096
7.74484
11.5894
13.8636
9.44139
10.4676
10.6678
8.61671
6.32994
13.7414
11.5129
14.4287
11.3
11.315
14.019
10.4627
11.791
12.5777
10.6038
14.9051
13.0856
13.7646
8.77187
11.705
8.42014
12.8537
8.84559
7.37297
12.6055
9.64876
11.9279
8.54293
13.5321
13.7466
6.49831
8.87343
11.8522
13.7585
8.88094
8.62475
10.0063
10.8142
13.6089
11.3211
11.7934
9.75107
13.0162
10.5634
12.7086
14.0526
14.3193
13.2859
14.6795
10.0617
13.5489
13.238
14.2458
10.9358
6.29247
13.7248
11.7082
4.85805
9.73069
9.9357
14.8556
13.6727
14.0206
13.9172
12.7445
11.1507
9.90725
12.9954
7.19836
11.8397
5.53583
14.793
8.4594
14.0568
13.2452
11.4197
10.9899
9.10144
12.2296
9.72865
5.62569
12.3516
12.1459
8.65552
9.61093
6.16212
12.2129
11.616
6.72727
9.31932
8.36946
8.78372
11.6117
14.9368
10.7662
6.39878
9.5746
13.3869
8.1974
12.5324
8.90475
7.97256
13.2348
9.30287
9.77528
9.06426
9.82816
14.8424
12.9839
7.82234
5.61594
10.5421
5.47968
11.2722
9.41368
6.76794
9.9359
13.0351
13.6412
10.8535
11.1753
14.009
14.9139
9.93653
13.7964
10.017
9.62067
10.7851
11.6988
14.6473
10.3448
14.642
11.7272
4.36368
7.7637
7.79429
6.76475
7.63714
7.90016
8.206
10.4124
11.6706
14.7841
5.43808
10.3552
14.6781
8.51572
4.07911
13.657
8.36149
10.102
14.3348
12.9471
9.49335
14.2565
14.2274
14.2586
11.8103
12.525
12.0567
13.9862
6.97039
14.9183
13.5821
10.4419
9.06983
10.2797
14.0801
10.1389
12.7826
13.2779
10.5374
14.1725
10.9728
5.87358
5.96903
7.62352
10.7352
12.1272
12.6015
10.7822
12.1472
9.58836
8.36016
11.2487
5.9936
13.4361
13.764
9.69726
14.6624
6.81494
3.97266
9.39273
4.26721
12.2032
12.6184
11.4859
9.05685
9.36934
14.6124
6.42135
13.0851
5.16609
8.20469
13.8597
9.17509
11.5384
14.4913
14.0262
12.474
14.8936
12.9431
10.1037
14.4103
8.97059
11.1163
9.11479
5.78966
6.15329
13.4704
12.333
14.4098
14.1261
10.8965
10.6935
8.52876
13.7395
8.37647
13.3582
8.60393
8.7299
12.9559
10.232
14.2026
8.52691
4.44408
14.9938
9.08017
10.1781
4.93651
6.93886
7.80015
11.7138
7.46682
14.1778
14.0778
11.526
9.73774
9.48288
11.3597
10.6799
12.5237
11.6702
10.324
10.2498
14.2198
11.8724
7.29286
9.53159
11.2891
11.1124
12.5975
11.3229
14.9034
12.8029
12.5076
11.9673
9.53517
6.23388
13.8429
9.53034
9.80403
8.00062
10.1767
11.5892
7.7697
9.66899
9.74366
10.8743
14.0895
13.5077
8.79787
13.529
9.68724
12.2745
9.64383
8.26198
13.6688
14.4535
8.34188
9.57516
11.6315
9.69479
13.2531
10.9064
11.6688
7.47812
10.0594
5.97238
6.5688
13.5503
12.3604
14.9635
13.0013
11.7264
14.442
5.80048
8.54727
7.95172
10.5833
14.3305
8.74002
9.13467
11.0302
5.42819
13.2702
9.48186
9.46112
10.3635
9.82094
14.7313
10.6142
9.48148
13.4701
6.14094
14.1451
13.3388
11.0555
12.1831
7.80483
12.097
14.4368
13.9953
13.3435
13.4863
10.3731
14.0255
7.79925
7.90605
14.4703
10.0272
11.1387
14.3123
14.1658
9.73639
6.63292
9.95678
8.02925
11.321
14.0536
10.8126
11.2386
9.65699
9.38182
10.1945
10.3262
6.36883
7.95005
11.0851
8.58371
7.32063
14.8675
10.5399
11.6563
10.0705
14.6597
11.1519
6.62966
13.094
13.6528
12.1493
9.09734
9.54602
11.6106
14.5896
11.0044
7.92353
10.421
7.92354
9.74648
10.3716
9.1348
7.94786
14.3926
11.4473
12.4622
13.2989
5.78769
7.95032
8.23383
12.9153
10.9463
8.61529
13.5384
11.9698
11.0098
13.6895
11.64
14.6065
9.24191
9.72835
8.03597
14.7095
10.5461
12.6466
11.7731
9.6198
13.9012
8.24435
13.2412
7.59916
13.0743
5.65631
9.218
13.1347
9.76883
11.5707
11.4346
5.53363
9.17134
13.4521
12.5965
12.4391
11.9176
8.30652
14.9413
12.9262
14.0189
11.0214
8.75828
12.2176
10.8142
9.67425
13.8251
14.6977
11.7035
13.1516
13.5441
14.0665
10.7936
6.27868
10.7086
13.6811
11.7774
5.14138
8.95066
10.7509
11.4671
11.4842
4.01635
12.7188
7.86398
10.2202
6.93006
13.5898
14.9944
13.4758
9.56655
9.96211
4.27093
9.15831
13.463
4.77449
10.8022
9.59922
8.39821
8.79698
4.86615
13.7423
10.9643
11.2735
14.6672
11.0026
13.119
11.0613
8.10148
8.86175
5.99598
8.60659
12.8126
9.69197
4.85216
8.2351
7.65006
9.29336
14.2449
7.04753
8.56014
13.0525
13.3992
7.12308
11.3703
14.2657
9.28531
12.8708
14.0418
10.1532
12.847
12.6849
12.9856
12.3413
7.08691
10.7838
11.7312
10.9742
12.3055
9.03422
4.66729
11.6396
7.3489
10.0599
10.2577
11.1081
13.2842
7.35565
12.1843
14.9791
14.0868
12.0138
9.65213
10.7447
8.90138
8.06287
11.0717
6.59586
11.2227
9.06254
12.6618
12.507
13.8737
6.31179
10.4503
11.7584
12.5304
11.8078
12.4968
3.87855
14.3911
14.1461
12.1271
3.97147
9.69742
14.3091
8.81982
8.46787
9.02431
8.77935
14.1698
14.6783
9.29708
10.1412
7.83124
14.1257
5.93301
12.5391
14.7223
13.5538
5.72773
8.32613
10.5264
11.297
10.287
13.0523
13.2815
7.5722
10.845
9.98763
14.2485
11.7531
13.8877
13.4343
11.277
10.0465
11.7714
13.3532
9.61365
11.8593
10.0004
9.66022
11.6618
12.5297
9.63374
12.4069
13.6222
10.6404
10.8614
4.75441
7.94231
5.6897
10.4835
11.8072
9.88956
14.5764
12.8696
11.0135
9.7435
12.6605
10.2694
13.0516
9.38578
10.7183
8.098
11.6079
8.36244
9.06386
11.2454
6.52596
14.5828
12.3914
8.83194
6.16868
11.5291
10.6273
12.7355
12.46
9.5029
11.3573
8.53614
8.31727
9.3442
9.71316
6.85123
6.7507
10.7881
8.44391
12.6443
11.4421
5.12933
10.9195
13.9645
11.9667
11.1566
11.3737
13.96
14.157
6.89553
14.7902
11.6327
14.9891
7.84623
11.1911
10.696
14.8551
8.24505
13.8798
11.2409
11.7642
12.6272
5.06662
7.57105
14.1074
10.3989
14.871
13.4905
14.7429
12.7804
12.575
11.3796
12.0404
14.1629
11.447
8.81654
9.36099
10.9295
9.36613
14.668
11.451
13.221
12.531
12.7125
6.26891
11.4959
8.99637
13.972
11.7568
10.6915
8.81692
11.5519
5.73483
9.57833
10.5026
8.25557
5.80874
10.7649
10.4942
6.92306
6.79927
5.74647
12.3312
8.65658
8.66766
11.263
13.6049
13.4805
9.11986
11.1212
8.00442
9.75832
14.3998
4.84228
6.58296
7.5707
11.1827
12.4399
13.8416
11.5983
11.4732
13.7033
12.5486
7.68994
14.7614
9.75363
13.326
8.87895
8.37697
14.3566
12.443
13.7688
11.0946
4.45627
8.9441
7.65156
12.0222
11.3896
13.2915
8.55622
9.47049
13.0733
10.58
10.7163
10.6349
6.14612
12.8594
14.1026
11.5143
9.24032
14.1191
5.37156
10.019
8.7005
11.7762
10.6681
14.6621
9.63087
12.8169
6.48583
13.9187
11.0108
12.3888
13.5459
14.5484
14.3939
12.1644
11.2597
9.96453
11.8965
14.3439
9.53077
11.083
13.8939
13.3225
12.4786
13.0069
11.1754
10.3478
11.731
10.1363
10.1718
13.9466
9.78322
13.0897
6.10664
12.2216
8.67919
14.1229
10.7303
13.3714
8.79809
8.67751
10.0466
13.3647
12.8685
12.2901
14.4507
14.0878
13.9727
14.8322
8.69179
9.2585
14.5611
7.58724
7.61635
12.2071
4.06694
14.3825
7.94069
13.2901
8.78922
11.9287
5.91276
9.55082
7.87636
14.887
13.9057
8.74422
7.93943
10.239
5.61533
6.72569
12.554
7.23048
8.31263
7.05898
6.18252
12.4588
11.3422
6.68438
8.56771
5.14256
11.8777
12.2667
13.5877
9.45383
9.09701
11.6721
12.4971
14.8605
5.78105
8.70659
11.7709
9.82034
9.26651
10.2331
10.8825
14.0661
13.9607
8.54529
10.6978
13.501
14.3353
10.0448
5.55078
11.7161
8.39002
12.8339
8.59511
11.1705
11.4847
11.3348
13.0741
14.189
9.5214
9.67428
13.0362
13.575
14.862
11.8484
12.4211
6.82914
7.68336
5.16543
13.5929
7.73016
12.9862
13.1069
10.1225
8.18985
6.39351
6.3666
8.87647
6.59208
5.90445
11.5996
14.2744
8.01809
12.4148
12.4278
13.2918
11.9915
9.04735
13.2388
10.8529
8.04382
11.5623
12.0002
12.2458
9.27946
8.78699
9.09272
10.4194
11.5906
9.72597
14.7579
7.46971
8.557
10.3573
8.41627
11.7794
10.0743
11.4195
12.547
8.37135
10.3591
11.4734
13.8506
14.7454
8.76671
14.4507
12.1413
11.766
8.3333
14.46
10.9032
13.0461
11.8724
9.24159
9.69568
7.73474
13.6197
9.47934
8.1169
11.045
7.00311
10.8888
11.4137
13.8448
13.8241
13.4259
14.7097
9.85434
7.0554
10.321
8.06272
5.59639
11.5026
14.2107
6.16755
9.6661
13.4616
9.45997
14.4544
12.0812
9.28757
13.0812
8.46965
9.91313
7.56687
11.7353
8.36275
10.9684
10.3238
10.5192
10.5788
13.9966
13.3865
5.66626
11.0605
5.21301
9.96961
7.04038
14.748
6.47302
6.3182
9.77099
12.9123
11.8911
7.51845
6.96895
6.26754
12.7258
5.97983
9.41135
12.8763
9.2235
12.2634
6.45556
4.57864
13.3708
14.3073
11.6384
10.4775
13.7623
14.0612
9.63887
9.63618
9.83344
10.4825
10.1411
10.4053
9.62117
12.8132
10.7907
8.49963
13.9663
11.8252
9.87476
13.4303
11.5509
11.8782
11.0417
6.43523
12.7381
11.9846
11.8879
10.878
11.1802
8.07751
6.39775
8.30378
7.6741
8.42236
14.647
12.17
6.87553
12.5397
6.3754
8.99684
10.2811
13.8833
11.8334
12.8081
12.3915
9.73969
8.50881
13.834
8.06615
11.9214
11.3999
7.29496
7.7938
14.3927
14.4235
13.9749
10.4197
10.5408
10.4874
10.9422
11.3891
11.4531
14.5457
10.0734
12.1363
13.9177
8.53286
11.2822
6.00335
10.0537
10.1304
7.05568
8.82638
14.2179
13.2744
13.0443
13.5985
12.9567
10.2325
11.263
13.8704
11.1975
10.9606
12.036
5.93276
7.0493
14.1444
9.6333
13.9801
6.96781
9.49783
4.93982
10.0198
9.70876
9.07174
9.04461
9.30031
7.97659
10.1717
9.55871
7.92935
11.2395
8.35482
10.6832
7.64056
8.37407
11.3785
8.80053
11.1768
10.5408
10.5607
6.78058
13.7194
5.84803
14.6483
9.15087
10.4388
7.18462
9.22683
6.66285
6.35981
10.3227
10.9506
5.11709
7.66664
6.95266
12.6187
11.0227
8.43035
8.78346
14.2549
13.2484
7.55353
11.3898
11.7457
10.6888
10.6881
9.58258
9.23082
10.9839
12.1683
12.3258
14.7553
14.611
11.0675
14.3559
10.3324
11.5679
10.0587
14.3626
6.0615
11.5399
12.1145
12.2278
11.609
10.444
12.6734
13.6724
14.0943
9.18285
13.7703
14.5547
11.7542
7.5502
10.1741
11.2915
9.59923
8.05592
10.6488
9.81743
10.1944
9.57786
4.86535
10.1813
12.1056
10.3818
5.9913
9.01073
14.3451
9.21356
14.8486
10.494
10.9007
13.0283
9.99478
8.23062
7.36806
10.3436
14.5734
13.5091
8.32265
11.4504
5.941
8.75309
13.4909
13.7659
12.8356
14.1194
12.3258
10.9262
5.59262
10.7203
12.6883
9.4112
5.78001
8.91219
6.79431
14.7935
12.2625
14.9408
13.8732
10.7219
14.2868
6.65884
11.4424
9.97992
12.7457
4.36143
14.1864
13.018
11.3628
9.34778
9.66464
9.76064
10.8259
14.1694
9.21774
14.4954
14.9953
11.7517
11.0276
6.08924
5.4435
6.18554
9.36361
11.7254
9.09054
13.0952
4.62169
12.7411
12.3019
11.8774
7.42392
9.29932
10.8182
10.0022
14.204
10.6291
11.8878
12.5749
9.88764
13.3658
14.5561
13.9682
12.83
7.47136
11.3411
9.30522
6.36612
8.21607
5.49424
13.7511
10.4023
12.7832
8.51247
7.22715
12.2916
11.65
14.6534
12.2739
11.1811
12.5176
13.8388
13.8692
7.7479
14.211
12.218
8.81204
12.5278
9.86866
12.34
6.53612
10.9047
14.9208
7.06233
13.7512
12.3833
9.38788
13.0291
11.6856
12.129
11.7762
12.7888
7.98429
12.3107
9.65768
9.04475
10.1487
13.9794
10.26
7.49493
12.6371
5.66819
8.90209
13.8567
13.8792
13.9394
12.2707
9.29944
11.56
8.14895
13.5464
11.2333
11.5504
11.0529
14.2272
11.7853
14.627
8.59136
9.99163
10.7985
9.33296
12.2433
7.55926
6.75678
13.9781
11.3278
14.4199
14.3308
12.9695
14.1374
11.0226
13.4544
14.2502
12.4503
9.08594
9.03263
7.37986
9.05309
8.5833
10.242
13.6899
14.0416
7.70058
8.61248
10.244
9.6891
11.7079
14.41
13.8703
14.5583
10.9933
7.69917
11.1989
10.6806
10.9131
10.7692
8.47568
12.048
6.32337
12.69
5.3326
5.8241
9.77529
10.1863
12.9746
14.407
11.3115
10.5777
9.91149
10.3279
9.07195
10.5929
7.75003
11.1089
10.4426
6.12959
9.55398
4.7859
10.7673
9.89127
11.0925
13.2725
4.48565
14.411
10.0099
8.65967
6.21143
6.62348
14.1061
7.53632
10.669
11.3636
11.2883
7.185
7.62635
12.5544
14.2085
14.0607
7.64893
6.14305
9.49496
10.0231
11.8343
6.44141
8.18953
10.1755
6.77416
13.6613
12.0099
13.0514
12.0318
14.6845
11.3066
13.3911
12.0439
9.07542
11.6124
11.9259
11.3159
13.8498
7.62773
12.3631
12.3435
14.7039
9.84764
8.77756
14.0148
13.6831
9.2131
13.7994
9.89695
13.2531
12.5323
10.7025
14.0117
12.5227
7.35404
11.8176
11.228
7.21984
12.4629
10.2074
12.7185
13.7121
11.1943
10.6255
11.6529
12.3258
9.08477
8.51731
12.9869
11.0066
8.46787
14.561
8.53379
12.039
14.0663
4.94942
11.7934
12.1964
13.4214
10.9726
7.24232
9.26355
10.384
13.0321
4.463
9.7924
12.9499
14.9628
12.3696
12.9523
13.4928
12.735
8.55237
10.1002
14.848
9.79589
5.14799
6.16258
9.14971
11.9411
13.7588
9.67635
12.6499
10.3906
10.6963
5.76954
8.01792
5.75708
13.371
11.732
4.9184
14.6181
6.00187
10.2094
10.1644
13.4719
10.7054
9.45502
14.7852
8.82538
12.1592
5.58045
5.90303
13.8189
13.0561
10.9337
8.48349
13.3663
12.5362
11.9304
8.78527
13.6467
13.4943
14.2051
14.2839
14.6386
6.7812
12.515
12.8088
10.3665
13.6041
13.7064
13.5075
5.87736
9.57173
11.3987
13.4576
10.9267
13.6841
6.36024
11.3237
12.9833
9.88278
14.0418
11.8924
12.7052
11.7529
11.5492
8.65466
8.15616
10.5587
6.29129
7.65785
10.3664
5.4661
8.59128
11.7747
10.859
11.7267
7.88422
4.87637
5.85681
6.12652
7.03663
6.549
8.34486
6.57655
10.0661
8.64385
8.50561
6.31897
13.6265
12.4398
7.94892
10.4944
9.48435
6.78966
6.56227
11.1752
10.1163
14.1572
12.3066
14.3143
14.8358
8.80795
12.3676
10.4973
12.8477
7.06305
13.3607
10.1345
8.61565
5.98696
8.26645
12.7413
5.36025
8.24222
6.96642
12.719
8.51147
11.6528
10.1221
12.2149
8.04095
14.3118
9.92336
12.3181
14.6745
8.39226
7.96041
8.20615
6.79758
14.4231
12.8734
12.6753
10.6669
11.4029
7.29977
11.8629
9.76746
10.7513
10.2028
9.8984
9.1649
8.33581
10.6644
9.40553
5.98779
11.8238
6.15528
7.16911
14.3459
6.68592
4.87205
9.07821
11.3196
11.0327
10.3149
7.99323
14.1777
13.0556
8.41108
9.66251
12.955
8.86289
10.9359
12.6628
14.842
9.78712
12.3716
11.1483
13.4741
10.4008
11.9923
13.7015
13.2138
10.9046
9.76463
12.3033
11.5538
10.267
8.54333
14.312
9.15011
14.2694
14.9683
9.56537
9.57848
14.7642
13.8598
13.2472
13.1683
13.5962
10.9489
7.59963
8.31926
7.35711
12.0829
11.7636
14.3783
11.6906
11.3641
13.5064
12.5865
10.8739
5.6686
8.75473
5.51571
6.09958
6.19868
9.35848
10.1616
11.4148
11.0573
13.5177
13.3768
7.10791
14.6151
6.61257
13.5179
10.4357
11.5008
10.3794
13.4116
6.41337
5.85318
7.37878
8.80937
8.65
6.99304
9.28686
11.6238
6.2609
6.32089
14.0352
13.7857
12.8531
9.65137
6.1191
6.40333
12.0392
11.5147
9.04255
9.80543
10.6726
14.6084
11.7321
12.5202
11.3758
14.24
9.16006
13.8498
14.5321
5.74976
10.2349
13.2099
9.44835
8.1723
11.4122
10.2855
9.75078
7.72679
6.07321
13.5592
14.3518
8.51619
14.7336
14.7585
10.5856
8.48317
10.3867
12.466
13.5942
8.408
14.2126
8.56705
11.4369
9.42079
14.5167
12.6967
10.5158
9.44179
8.45622
14.9343
12.6803
13.2864
8.77064
11.5029
5.8594
8.22529
13.9522
10.5826
9.87944
8.58126
8.6123
14.529
10.7626
14.9856
5.47857
12.561
10.8587
10.9267
10.5531
10.8024
5.89224
7.37884
13.7244
14.6181
14.7638
14.7425
9.78911
14.0408
11.6065
12.138
14.0617
12.9823
7.42519
11.8576
5.5664
9.96932
12.7455
10.7941
11.8498
8.66931
7.54596
10.6409
12.7485
6.13336
4.52336
13.5577
8.29087
14.2048
12.216
11.904
12.6336
12.2643
13.6645
7.76929
13.7583
14.1349
12.3399
12.7374
12.1907
7.55194
11.2858
8.79758
11.7215
14.7385
11.3866
12.9949
5.99675
7.00833
12.127
8.07549
13.2374
10.7725
14.3139
13.6139
13.5802
7.09012
11.3926
12.1256
8.67543
7.46972
9.90649
11.8359
10.951
13.4547
14.817
9.44061
12.4989
8.87618
10.0739
10.3147
10.4587
5.7408
8.01493
9.73609
12.6769
12.8933
7.86039
12.1458
10.8784
8.23102
9.00626
6.67143
7.48499
7.8572
10.5228
8.12954
5.86034
14.6764
11.7921
8.9422
13.0465
12.7639
7.62771
7.88888
9.49309
11.7878
7.92977
9.93211
12.7411
10.8324
10.4441
6.49897
13.0306
11.2109
14.3824
13.132
8.03517
11.1977
13.6781
14.6401
10.586
13.57
13.9652
13.3224
14.0759
13.3809
14.2521
14.1824
14.9322
13.7806
8.70515
11.1434
5.6832
14.1857
14.5529
12.0435
14.0445
11.7381
8.23373
13.9511
11.8077
9.32865
9.85629
12.7769
14.2457
10.5276
4.95332
10.8474
9.8497
7.64287
10.9904
11.0017
11.8094
11.1666
9.51539
10.7511
10.0215
14.0237
8.92321
9.05799
6.28261
10.1211
14.8513
12.5611
6.95284
10.6036
9.23949
5.35399
11.7143
13.6446
10.7545
12.0839
14.8324
13.2976
11.2353
9.13341
12.1979
8.14491
6.00794
6.02918
9.49678
14.0418
11.1041
10.4359
9.45241
14.1753
9.6838
8.95668
9.21613
11.2962
9.82704
9.53693
9.5503
13.2113
14.5749
13.4898
8.41528
6.18476
5.36616
9.98212
6.67578
8.44641
10.3963
9.03314
14.3907
10.3715
9.19357
8.16299
8.85291
7.49062
14.749
12.945
14.1818
11.4404
12.411
6.67902
9.96029
9.32061
7.55869
9.58881
5.90502
8.65349
7.57435
9.48902
12.2534
13.9326
12.0025
11.548
9.02081
11.8365
13.5614
10.6157
12.8459
13.1257
7.67021
8.13503
11.0108
11.8687
7.41088
14.3165
9.38184
9.41194
14.5145
14.0561
12.7846
9.57774
12.4353
10.7688
10.8171
12.8674
10.1555
11.8671
5.39349
14.8821
13.2454
10.8234
7.23423
12.2095
9.42655
12.8785
11.3279
10.8934
11.7707
13.9834
5.49666
9.12339
14.8196
5.83361
9.9408
10.4524
10.2846
12.529
9.72864
9.32506
9.04922
11.8213
14.5711
8.92307
13.2683
9.48934
8.31781
11.9285
10.0505
12.6819
8.29796
7.10927
11.6881
11.0892
11.3437
14.0259
8.87671
9.23607
14.6533
12.4365
12.4627
9.87647
14.945
11.2467
12.7757
14.5706
8.60193
9.31933
8.08287
12.3618
12.5123
6.80843
7.96821
11.4933
11.3577
5.61451
10.5356
7.44048
14.0104
11.5256
13.0561
11.1307
5.31563
10.0683
6.88811
8.1815
6.62978
14.7114
11.5355
9.90716
14.9092
12.4272
6.25084
8.50563
9.2672
9.6819
6.22718
9.23266
8.6538
10.6368
9.69535
10.8866
11.5159
11.2066
11.4069
12.6951
12.2562
11.0905
13.3436
11.3149
12.495
14.4762
8.33374
12.5728
9.77352
13.3181
8.04304
11.6014
14.3616
14.1457
13.1409
10.1814
11.282
10.5386
9.62576
8.47414
9.35543
8.93266
11.347
14.8861
14.2394
13.9619
5.26596
10.102
8.99882
9.05222
14.0397
11.276
13.256
10.1545
11.3615
14.0586
6.30643
10.0484
9.75013
10.7718
12.5137
14.0663
14.7106
8.72202
10.055
11.2054
14.7922
13.4153
6.11282
11.4694
8.87047
14.115
8.49958
10.0418
12.147
8.04835
14.577
11.1424
8.62378
10.8903
11.1204
11.8152
13.0321
4.83558
7.70743
14.9353
8.81029
10.9224
13.1369
14.848
5.30231
14.5612
8.75943
11.5311
13.2913
12.0236
11.5143
8.56766
12.7837
11.5929
9.99026
9.89833
6.5014
9.0906
8.26068
13.338
14.3285
10.7479
13.0475
14.5536
10.2583
11.7076
9.23634
6.10403
6.44065
10.7275
5.95142
14.267
10.7888
12.4246
11.6962
9.69396
10.667
5.57098
8.84028
9.84743
14.9679
14.686
14.8035
14.8312
10.2424
9.85133
9.69253
10.6392
14.3629
11.7161
10.3041
10.7336
11.5872
9.95218
11.5921
14.66
9.47222
12.4382
11.7014
8.40001
9.05031
10.7866
6.76239
8.48054
13.7302
9.22807
10.02
8.43723
5.03211
14.2216
14.5569
5.18506
8.9909
10.167
14.7592
12.9574
11.2341
14.5932
10.9933
14.6987
13.031
7.77899
9.92609
13.8629
11.452
7.77426
12.631
12.4886
9.88645
12.8902
10.8579
12.1963
11.7312
4.05409
9.91549
10.7699
9.44665
13.7551
7.25952
10.195
5.53202
14.5723
8.6876
11.5772
8.54298
14.7582
8.21348
11.1766
9.03652
13.5676
12.8038
13.8877
10.4546
10.24
11.1947
14.5871
10.1972
13.1065
14.5206
13.6878
11.17
10.8651
12.5305
5.06721
9.38544
9.01703
12.8413
8.64593
12.1442
5.45605
7.64179
11.7313
10.5888
11.6275
9.2881
10.5512
7.52225
7.60737
12.8455
10.3836
11.4627
13.8069
8.57683
10.3294
10.8293
9.51264
13.8988
14.7873
9.26899
10.1076
13.9494
10.7929
12.3238
11.7896
12.5803
13.6751
14.7175
11.3889
14.7021
13.5364
10.8198
8.20136
13.7138
13.6182
7.68626
7.6593
4.36445
12.744
8.79286
10.2411
14.0823
14.501
12.9827
11.4078
9.71779
14.257
14.9328
8.83087
10.2655
12.4955
8.70403
12.2795
14.8184
10.5681
8.78017
9.79993
7.28785
12.0024
12.8527
11.464
9.08271
14.0804
10.7993
7.58443
13.5516
14.0123
9.6444
11.7642
8.14434
10.0559
7.46056
8.86179
12.0035
14.3274
14.9942
12.8126
14.4706
9.44951
9.99343
14.7545
12.6644
14.0675
14.0797
6.62954
10.1054
10.8554
12.3829
8.96632
9.8565
9.12601
11.7247
13.4262
5.89358
14.057
12.0828
13.7178
9.21601
9.18698
10.0475
13.3984
13.0137
10.841
8.68988
11.779
13.2635
13.0037
14.0624
8.54406
11.1022
14.5036
9.82571
14.8818
7.68949
9.49522
9.85918
13.3641
12.5274
12.6001
12.8235
6.64152
8.20627
12.6142
7.94802
12.2497
11.8995
14.1101
11.0756
10.6423
7.18577
10.2577
9.23041
11.2324
8.74776
11.3823
11.0343
12.609
12.3102
9.41978
10.7137
10.1163
12.8321
11.0397
12.5921
14.9936
10.0021
14.0338
13.1443
10.2678
10.0516
10.6563
13.5733
9.25952
11.9042
13.7141
14.7247
12.3394
12.131
13.0436
5.3807
8.706
10.7917
11.6542
11.3641
12.3768
13.5532
10.24
9.44518
5.20395
14.3329
10.4724
10.8442
14.5782
13.6619
12.7497
6.43265
10.6188
7.37884
9.39035
11.5027
8.5644
11.6883
11.2714
14.4098
9.42716
10.2053
14.4765
9.50574
10.4795
10.9762
10.6372
12.9687
8.08159
5.17115
11.5804
9.52437
10.5802
11.857
14.8355
10.9435
10.6215
10.2757
13.0001
11.1554
14.4858
14.5828
11.121
7.32497
11.7908
10.8605
10.3185
12.487
11.0231
10.1863
14.0019
10.8723
10.1335
12.8833
10.8278
12.2388
13.2751
9.93595
9.73218
6.25684
8.93965
8.26794
8.15241
6.03823
11.3215
14.0105
14.0671
13.8004
10.4255
12.2412
10.9189
12.1199
8.15876
7.98789
6.96294
8.47197
12.5188
8.41103
10.0299
9.53494
10.0663
13.4404
6.39821
11.9015
5.38876
11.3779
14.6264
7.64312
11.7852
9.89168
7.48317
10.9652
8.1606
12.1609
12.5585
13.6707
11.2276
9.05368
11.688
11.837
11.3353
13.3721
12.028
11.5843
11.8171
9.31584
8.66903
7.11594
4.22477
6.64317
10.4224
14.8438
11.9818
11.6479
14.7368
10.0675
5.66839
12.4778
10.0177
9.32781
12.4961
8.58938
11.7043
10.9395
13.7469
11.66
12.4465
11.1256
8.07093
14.0309
10.1475
13.8448
7.06908
11.2121
6.35563
9.84537
9.54037
8.65991
14.9572
10.5753
14.3595
14.771
14.49
12.6198
12.6149
14.5087
10.0203
11.8313
5.32405
6.83615
9.04125
5.19342
13.6048
10.9181
12.0615
8.08701
6.53746
7.9752
11.0824
14.8886
10.3595
9.92461
14.4651
14.5454
8.60205
11.6369
10.1438
13.8114
12.677
6.37992
11.4898
13.2881
8.8731
8.33884
10.6332
8.53354
9.37972
14.6263
9.98734
11.8314
9.83884
8.93353
14.725
14.8891
13.0194
5.66423
10.586
6.04181
11.3026
12.5836
8.3295
8.75396
11.7709
12.484
13.7214
13.4966
12.0532
14.8686
10.6284
12.6243
10.5176
11.0066
14.4993
8.7131
9.88939
11.0668
5.48042
8.57278
13.1914
14.8334
10.6728
5.00869
5.68297
12.834
12.2097
9.01441
12.8319
10.0482
11.4598
13.6491
8.03114
8.3716
11.1637
9.8638
14.3377
8.8681
10.2757
6.25899
9.79424
14.5091
12.3788
8.25222
13.7093
11.2469
9.95049
6.94418
5.94904
10.4366
5.26608
14.8104
9.64752
12.0111
8.75868
14.148
9.8037
10.6947
14.9938
14.4667
14.8551
11.04
11.9154
9.75015
12.6662
12.0209
13.6742
8.81681
13.091
13.3573
10.7985
7.18641
14.3442
8.44295
9.198
5.83898
4.79071
5.95252
11.855
10.8451
5.53908
13.8534
10.6867
9.52193
8.01398
13.1755
14.3691
11.9181
8.1571
7.52274
10.0525
11.2057
13.6412
10.7168
8.19666
5.74714
13.9897
8.49447
14.9826
6.29217
8.06481
11.2117
9.18375
9.68215
8.60196
14.3248
12.2462
13.3899
11.2245
8.73886
9.06369
6.24458
12.0708
8.2804
11.951
10.0658
8.66492
11.8346
14.6332
12.2162
10.678
6.79167
7.60184
14.8397
10.2225
5.93262
6.4813
14.3717
12.9641
9.91116
12.2132
8.46623
9.36807
14.8028
12.5357
12.7254
12.2608
9.56655
14.7074
13.1165
13.4546
14.5159
10.1571
6.26072
10.6955
13.6558
7.4129
9.7172
9.52726
9.92891
5.39624
12.916
14.546
13.1605
7.07735
6.24478
14.0583
11.0696
8.7263
12.6021
11.7313
6.3813
14.7976
5.32472
6.45302
12.4759
12.3491
11.6193
8.44648
13.4376
13.672
9.35916
11.0483
14.8014
12.63
8.0731
10.2664
5.69383
9.25831
11.4571
12.9671
8.10887
7.38161
6.16904
14.1551
10.5565
8.93618
14.543
6.18365
10.7733
8.10814
8.27719
12.7503
12.289
11.8451
12.3268
13.9058
9.55709
13.857
13.3954
5.28268
8.73555
10.3206
8.44496
12.2705
12.9563
9.07633
14.0192
11.9293
12.164
14.3399
13.7771
13.2192
12.7294
10.6664
13.2035
10.3316
9.66764
12.346
9.14959
14.3785
14.0459
12.7991
10.2704
14.0038
8.41814
8.42562
13.3735
12.573
11.8163
5.44367
12.9695
5.29637
10.0015
11.2085
9.92128
13.4349
10.2796
12.2618
5.29888
12.8395
9.75179
8.29902
9.23913
8.40781
14.2132
8.6599
12.1544
14.8876
4.71736
13.9356
10.2756
12.2411
8.66102
5.85937
10.5084
9.43018
12.5821
8.49074
9.03299
12.6718
6.7229
10.1843
10.5725
8.63508
12.0039
4.73435
6.40064
8.23467
11.4949
11.6843
14.9178
14.4996
11.5322
10.2177
14.3902
14.6905
12.4294
13.6234
8.39581
12.8418
12.6375
13.8693
5.27433
8.09741
14.0383
10.9988
9.36162
10.4627
5.11034
9.14062
12.139
13.5345
13.6868
13.7848
12.2547
11.8703
12.0124
11.5547
14.9251
6.26724
8.52832
8.6327
7.70173
9.31064
8.21577
11.2196
10.4203
9.13086
11.9446
12.2521
13.5658
9.9004
14.3507
13.3865
12.2149
12.0513
10.8489
13.2786
9.52938
7.63921
11.1591
9.82573
8.07755
11.5782
13.3132
12.3243
9.98953
14.7921
12.6634
9.27102
10.0366
13.179
11.1743
10.0539
9.7161
9.83188
8.03001
13.5498
9.14283
12.355
12.311
8.98328
7.34423
12.6019
5.62057
12.4574
14.6796
10.3393
5.71391
9.68314
11.823
9.22686
5.23477
6.2133
10.679
9.07492
14.7967
12.7148
13.8148
9.54917
10.2971
9.23337
8.43681
5.62158
14.9982
10.1573
10.3912
14.3634
14.0744
7.27024
12.1134
13.7049
10.9819
14.971
11.0318
8.92158
8.71317
5.69854
5.23291
13.8713
14.9014
9.11395
11.045
10.6173
12.3295
7.89144
9.98927
11.5071
8.5448
14.2617
14.894
14.0142
9.69977
9.79173
11.5395
14.0493
14.4975
12.8972
13.6928
14.8235
14.8015
10.713
12.8846
13.4078
10.1031
14.216
7.8514
8.85285
13.5085
13.9226
14.8122
8.07861
10.5906
6.99553
8.78563
13.8526
14.6959
12.0581
14.9164
12.3723
14.5186
12.0818
13.096
13.4853
12.7424
10.8546
14.9424
13.2404
11.2726
12.6186
10.571
6.24911
14.414
12.7884
12.247
12.374
13.6742
12.1069
11.1503
13.3646
12.9314
11.3164
11.1613
13.515
9.77883
14.9324
13.6182
13.0068
8.78748
11.7422
10.3852
10.2866
7.97629
8.93756
9.47955
14.967
13.2448
13.3095
12.177
9.55725
11.1505
13.0527
9.75521
10.5309
13.5102
11.0944
11.0168
13.52
10.5052
13.0183
11.2442
8.98358
13.8641
10.9044
6.94068
13.3558
13.5961
10.5331
5.48754
12.0968
9.60528
5.8433
11.0883
12.1802
12.2392
6.06579
12.1668
5.99256
9.13657
10.7957
12.0391
14.4421
8.76235
13.7352
10.2951
5.1712
13.8652
14.5465
8.67806
9.21583
8.58684
10.3773
10.0088
11.9366
5.11493
14.1116
8.9481
8.70368
10.2032
10.9973
6.27494
14.86
13.4432
13.243
10.5972
14.2732
14.6482
7.63812
5.40157
12.786
9.09849
13.0524
13.6853
14.7725
11.4038
10.0172
11.8531
7.72204
9.87319
9.8055
8.67122
9.37438
14.2121
13.9504
12.2736
12.6643
14.6612
11.9931
11.7227
14.1553
14.0466
10.0326
10.1269
8.96258
6.40087
12.4999
12.8455
6.35132
12.6865
12.75
14.8949
4.23682
10.3976
11.7393
12.5465
12.2913
14.4971
14.9764
10.1767
5.17644
14.0332
9.10774
13.7668
8.97561
14.2143
10.1395
5.08806
9.22103
6.18877
9.70421
10.2368
6.18615
14.0905
13.4699
10.3229
9.15868
10.7216
11.0197
8.65959
9.45122
5.66566
9.84831
10.7504
9.93813
12.5743
14.4641
14.5124
14.5841
8.44265
6.34104
9.17761
13.637
13.9671
13.9381
8.53559
13.1624
11.4635
13.2109
12.0778
10.8452
8.64108
6.78067
10.3792
11.1023
11.9209
13.8426
9.24596
11.2533
7.05335
9.8277
5.29205
14.5363
14.7385
13.6336
10.505
12.8291
12.293
10.3693
8.11275
14.1888
14.5593
13.303
4.69899
8.94019
10.1222
12.8914
13.4967
14.1579
13.1957
9.43932
13.2685
11.962
13.4905
12.3723
12.217
11.8939
14.8825
8.70916
5.25527
11.5782
6.9226
10.3131
9.47588
10.6356
13.4637
13.3572
13.613
13.1745
10.64
7.919
10.3647
5.88406
5.46168
14.7158
14.3433
14.3885
11.5137
13.6944
9.87272
9.64786
6.16527
8.78116
12.0412
9.50066
14.8952
12.1544
13.2446
9.7493
14.2335
13.3896
12.1591
12.2562
10.9253
9.26772
14.0752
11.0712
13.7004
4.94365
13.3967
6.3844
9.90433
11.5306
11.4156
12.1298
9.74984
14.2881
12.7915
13.7738
8.9763
11.0044
8.5231
12.6078
8.80265
12.0088
8.76678
14.3399
8.88096
14.5423
9.83818
14.9624
13.8077
11.0291
5.25781
13.7003
9.74242
11.4434
14.0498
14.1042
9.62681
10.7818
12.8582
10.2226
13.0355
10.8636
14.4361
6.7339
8.16667
13.8247
4.80572
12.9069
14.9503
10.8259
10.3232
10.7619
9.0986
7.09268
4.80543
9.82926
7.11181
10.8609
11.8545
8.98085
14.6848
13.5692
13.0428
11.9251
14.9512
9.94238
5.84694
10.0498
11.5029
7.1563
13.766
14.8728
12.1826
11.5234
7.12121
5.1543
10.885
12.495
14.8564
8.6902
13.9665
9.24841
11.1305
6.47197
10.9486
13.0915
11.3062
10.6136
7.97124
7.94593
12.9428
11.2402
11.8244
13.6602
13.1696
13.5481
12.2466
11.8267
10.4164
10.4359
8.54665
14.3947
11.7397
12.0421
9.79055
14.3756
14.4264
14.3047
13.0362
8.58685
12.7246
9.09617
13.645
12.8229
9.51409
7.80061
11.7419
10.8784
13.6534
14.2584
11.2574
13.9785
9.90101
14.2409
6.48851
14.5111
13.6185
13.9647
8.97223
14.408
14.0369
9.8867
11.7756
6.47579
13.3856
12.493
10.2048
14.7158
5.16453
11.8363
7.21192
9.63584
7.67405
8.14097
7.38
8.44106
5.908
10.2944
14.2486
13.6547
12.4464
14.3556
11.171
11.7983
14.0632
14.6215
13.0251
14.2933
13.4432
11.4428
11.1261
9.80018
12.0818
8.87258
12.1257
14.4812
13.8879
10.8209
9.49669
11.4456
13.7425
13.1676
9.23428
9.37642
8.75328
13.7233
6.39387
6.31926
11.9448
14.6052
8.54001
12.0253
8.50067
9.86635
12.016
8.93301
11.8006
14.6289
9.63009
9.3973
8.59816
12.0073
10.607
11.3711
6.86385
11.3336
10.3437
6.17633
12.871
14.1873
9.1654
9.65814
8.73626
11.8506
5.29529
10.0399
12.6664
12.8372
12.9871
9.47777
6.75941
11.6882
11.9877
13.0298
10.7576
12.7086
12.0485
8.5238
14.9513
12.3642
8.53143
8.77322
7.69159
9.73336
9.72744
12.8663
12.0265
11.1951
11.4994
12.4618
9.61501
10.6821
14.4554
9.1937
5.3503
11.8761
11.6144
8.10479
12.454
8.31399
8.86136
12.8059
12.5682
10.0658
9.28814
13.5011
13.837
12.895
10.0238
12.5925
8.81174
9.9051
7.17303
9.94984
9.95228
14.2923
10.8943
9.3988
9.34818
11.3014
9.66485
14.9324
12.7324
10.333
14.5178
8.94331
14.2403
8.93029
6.64198
10.8488
12.881
9.47275
10.4874
9.95192
7.56703
8.25556
13.2923
11.1821
10.4556
12.4106
10.9417
14.6495
9.8305
14.1607
9.79034
9.95457
10.3691
12.2387
14.9194
13.2137
5.73034
5.95208
7.5791
11.3051
8.23742
12.1413
8.44319
5.7391
7.31664
11.6563
13.1066
12.4069
6.17829
8.59218
12.2036
8.55942
12.0758
11.8967
12.8216
13.4955
11.1361
9.08237
4.62338
7.17269
14.6108
8.45338
13.7221
10.4407
9.21091
12.7181
14.2504
6.36264
9.79507
10.2688
11.5638
14.1625
14.0591
14.677
14.8075
13.5746
12.8158
9.4589
10.0621
9.9151
10.3958
14.7917
5.67164
13.7718
12.0821
7.93746
5.59165
8.92803
14.7828
12.7008
9.23544
11.9328
11.1568
9.22294
13.1616
12.4709
13.3579
11.7222
13.0702
8.66743
12.3585
14.5913
9.75929
9.7873
14.4757
12.5534
7.32165
8.37995
12.2137
8.11554
12.5777
11.2873
13.7208
8.6753
14.3093
11.0583
12.6161
10.8635
14.4197
6.22644
12.3367
11.6643
14.7796
13.7464
14.1688
10.4415
11.9059
6.42871
13.6342
8.98257
6.409
8.40943
6.53826
11.989
10.2453
12.1823
10.3931
11.1707
14.9304
12.1886
13.9251
10.639
12.7246
8.89301
11.1229
12.7161
14.3811
11.5321
12.3083
12.2388
5.57455
12.8193
9.60308
9.76807
12.8526
9.05709
10.621
14.2576
9.59152
13.6463
5.44131
11.6131
14.9457
8.32295
12.3505
13.2899
7.68835
9.61098
13.8644
13.6545
13.7576
12.7806
11.4237
8.87337
14.2107
7.87076
8.76082
11.4593
12.6524
14.7573
12.8834
12.3679
14.9928
8.76156
8.05214
13.2087
13.45
12.75
14.0208
11.8476
8.97959
10.6161
11.7701
13.5692
10.8159
8.47662
13.3665
10.4865
8.90259
10.0264
13.4438
12.6224
6.40604
5.72391
9.50056
12.4756
9.86338
13.2976
13.7513
14.6592
14.4763
10.0661
5.23069
9.82215
14.6464
11.3093
8.44334
8.89271
5.44954
6.25286
7.96792
9.17289
8.59328
5.94654
14.2745
14.19
14.189
11.1376
13.9897
9.0194
6.51726
11.5962
10.1176
9.13552
12.0859
14.9032
11.7104
12.6737
9.42927
6.12942
11.4865
14.9955
9.38863
11.9783
10.0602
12.7321
10.6325
9.14806
9.8406
11.3087
10.8815
12.605
13.5785
14.3875
13.5275
5.77151
10.6349
14.3685
12.6976
10.0458
9.84077
8.6227
11.0077
12.8521
10.7642
13.3618
13.8
10.0672
12.2168
14.4787
13.5246
8.99195
10.4036
10.1014
8.2003
13.1902
10.1998
8.60238
13.9564
12.3702
10.1845
8.25587
13.6503
11.3526
11.3765
14.3474
8.66694
14.6722
10.1513
14.9752
13.6091
11.0103
12.3064
14.0842
14.8969
8.62981
13.6484
14.0796
9.92063
9.71965
8.34239
6.14094
5.94388
8.87845
6.08215
6.36188
11.6706
14.511
8.1452
12.1665
13.2326
13.7664
12.7054
9.24589
13.093
11.1896
8.43093
11.765
12.4256
12.9413
9.35983
8.65839
9.88393
8.72505
14.7717
14.1521
9.13055
8.20945
10.8176
10.0341
14.9289
8.82526
12.1504
10.6069
10.752
9.1056
14.4474
13.8052
12.5324
5.86758
11.3449
11.5413
8.59734
8.79854
9.91702
10.5515
14.4391
9.06621
12.1455
8.64827
12.6908
11.5185
9.17553
10.0104
11.4824
8.72189
13.7186
14.3502
5.84209
11.3919
13.4335
9.76498
5.61551
6.01301
8.92849
10.5777
4.56927
11.4607
13.3562
13.0118
11.1642
12.84
14.3717
10.452
13.9591
13.7804
11.245
12.4339
11.5196
13.4773
5.39883
6.50745
14.2354
5.54943
13.0566
14.3
14.3878
12.471
13.4281
5.39426
9.12721
9.86998
7.97301
12.9431
12.9853
14.32
9.86372
9.34167
10.1077
12.8305
9.59704
9.48322
10.0085
9.00714
10.5207
14.9743
13.857
9.04393
6.47362
8.63267
8.25243
13.5605
14.9643
14.4501
12.9466
10.885
13.5487
14.1289
7.35032
11.4017
10.3409
10.849
9.99441
10.1274
9.66214
9.63095
9.6024
11.2108
12.1767
6.63911
13.3161
12.5041
13.8716
14.1042
10.719
11.1032
14.4695
11.7773
5.56862
14.1555
14.5968
8.98102
12.6676
12.0095
14.2743
12.3623
10.6188
11.4487
14.0411
7.38434
10.3682
9.31658
9.65633
10.2627
8.1938
11.0271
14.8818
10.0523
10.5587
8.6171
12.8767
13.2693
10.9938
10.926
13.6208
11.0662
4.84373
9.37908
9.65559
13.984
13.1582
6.01245
14.9814
12.6495
8.7038
9.15601
5.37304
8.98377
6.98743
8.51178
13.1999
10.8682
12.9573
10.6497
13.0654
11.6423
9.89423
9.5457
10.1033
4.43709
11.3408
11.8071
10.5725
9.72505
14.5165
13.0159
12.4431
13.2979
12.607
8.87861
14.1354
11.6487
10.5245
8.61604
13.4009
12.4011
12.352
12.1345
12.3171
8.93424
12.1444
11.6789
11.8172
8.54122
14.9796
8.36878
11.7918
9.51958
13.5173
6.29353
11.9775
11.0325
5.77578
11.7393
6.61042
10.1201
8.96897
6.23683
9.19848
13.7638
12.1943
11.5965
14.6363
7.8519
10.8755
13.2875
6.66634
12.8112
13.5524
13.8867
12.9603
10.7877
14.2567
10.0225
6.78464
12.8818
9.96583
10.377
13.478
13.7225
14.111
6.11209
12.3159
12.1248
6.41308
12.4415
10.1305
10.9719
13.8995
7.90389
7.388
5.4877
7.19276
12.8493
10.8558
6.71478
10.6715
11.9729
13.3114
12.2243
14.1728
14.6433
13.6349
11.9327
8.95196
5.15021
13.7797
10.3829
12.8676
9.31033
14.6723
10.5726
14.9067
13.1588
14.5071
11.6421
13.0094
12.0291
14.7786
13.9112
13.0206
9.84093
12.1605
13.8953
12.3921
14.3088
12.8431
13.91
11.6987
13.2947
12.5084
5.16247
4.92414
10.0036
4.42043
6.53939
8.46762
13.0096
10.6746
12.472
9.4748
14.1333
10.7677
10.4268
9.60299
8.75614
9.81167
10.5571
12.2778
9.70082
10.4191
5.77772
6.12055
6.0199
12.4117
11.9771
4.71056
12.4202
8.46889
14.2945
13.7652
13.8719
12.3503
10.1403
7.80051
9.7267
14.1631
9.57595
12.5115
8.91806
12.6341
13.1909
10.4607
13.7195
9.90051
8.73348
8.87723
14.3596
9.94799
11.0738
13.8036
12.8508
12.3984
9.91327
14.3634
10.0265
11.0738
14.2832
12.2197
9.89724
13.1972
6.04579
13.5119
9.06112
12.0549
14.4794
9.28799
11.1364
14.5904
12.931
13.0136
14.8128
13.6286
9.3419
10.8915
12.6898
10.0463
8.99646
9.74433
5.84683
13.2403
5.33101
6.54934
8.96715
10.563
14.9476
8.77576
8.41669
5.6215
10.9352
8.60064
10.0059
12.6215
5.98618
13.7605
8.66999
11.5942
9.72548
12.3605
8.87645
8.15341
10.2513
14.8167
14.0989
14.2612
14.663
10.9022
12.188
13.636
14.7794
13.8538
13.5673
10.6685
11.6895
13.4836
11.9144
9.28706
10.4748
12.2451
9.04359
5.98645
5.73653
10.055
6.19012
9.73015
7.54454
8.93393
5.94093
12.8174
10.9558
13.5723
13.895
10.7053
10.4763
13.1623
6.66116
7.16426
13.1071
11.6517
14.4296
10.8645
13.2076
10.9482
14.2712
5.80035
10.8522
9.50783
11.0166
5.30404
14.3939
13.6823
14.9845
14.4253
7.80099
5.48568
5.5013
7.8399
9.17254
12.6943
12.662
11.3132
9.04902
10.9536
9.41504
12.6689
8.36998
13.403
14.6027
8.92891
8.80699
14.3491
12.7044
10.1589
14.5701
6.14
13.8088
12.3299
9.85938
11.9128
11.7661
10.0469
14.5101
13.5318
10.1981
10.4881
14.2693
9.46498
12.4703
9.8219
10.6945
13.9525
5.00383
6.26298
13.0472
10.827
10.8581
5.62583
10.9083
14.8814
6.63625
8.41535
10.6916
10.6385
13.9711
10.0726
7.89282
9.18135
11.4311
10.8192
6.86389
11.0274
14.176
9.57826
7.93536
13.9697
14.5719
12.1531
13.5444
14.3557
11.3235
12.649
13.5752
14.4266
12.5937
11.9441
11.9256
9.82066
6.03333
11.9093
8.10291
11.3361
10.8962
9.57065
7.36069
13.8722
7.84128
10.4464
6.2438
13.864
6.08706
11.8125
8.26077
14.8453
13.1428
4.27622
7.65216
9.04519
12.8638
6.53157
9.24652
12.9589
10.7686
11.0782
8.33381
11.8714
10.303
13.2444
13.239
8.70873
13.2873
9.11373
7.16182
13.2936
14.4743
13.9362
12.9136
10.4991
9.80188
10.5673
13.1332
10.6595
6.51247
13.6696
8.87475
9.8103
9.74397
9.62538
10.5901
14.8737
10.762
14.2105
6.22227
9.91912
12.0077
7.92393
5.54777
10.8139
10.574
9.87401
10.0888
13.1003
10.6998
11.3328
11.2319
10.4649
14.4659
13.096
9.43684
12.356
13.6139
8.55002
12.7979
7.37487
10.4816
13.9973
10.3633
12.6707
8.16822
9.95329
4.68737
9.23274
13.5357
11.184
12.9835
8.756
11.7614
12.0641
6.98724
14.8005
12.4958
14.2147
9.02677
14.7265
12.4176
14.6784
6.57499
13.1963
14.921
12.7088
14.4759
8.90607
10.2093
12.4856
8.5854
13.808
11.2968
10.4004
11.0194
14.7305
10.2752
7.12456
10.4011
12.9285
6.35531
8.74685
6.37101
12.7363
12.9924
9.14591
10.6655
11.8715
14.6894
12.8164
10.7974
12.4817
13.1241
10.3513
14.4787
6.57983
14.2428
10.1237
10.2891
9.41251
13.385
9.3302
9.69326
13.4235
13.3509
14.5513
12.456
9.69298
10.1723
10.8518
14.2596
9.58434
10.662
12.1204
6.16948
11.5764
14.1391
6.28183
7.94503
12.6175
8.59038
11.9712
8.31896
11.5012
8.73874
13.9109
13.1447
14.5232
9.99157
9.36668
8.26408
9.11686
6.91794
12.7014
14.2381
12.325
11.914
9.79894
14.1168
14.6678
10.2007
10.2277
6.86107
8.92074
13.0523
14.8283
9.55538
13.027
4.60209
8.62973
10.0164
13.372
10.6241
5.42911
9.58335
13.163
10.3635
6.92408
11.1772
10.4329
11.2068
6.00851
11.1321
12.0269
13.845
12.7215
7.9295
7.18936
12.4638
8.69955
8.34624
5.1719
8.32847
11.3271
6.03148
12.7292
9.93902
6.04937
6.65904
6.79892
10.1909
5.6592
14.3268
11.1491
8.02998
9.73555
11.6085
11.5748
11.5835
12.6812
13.3773
10.5169
8.285
9.26862
11.0835
14.2214
9.89547
10.676
6.00029
8.50702
12.2089
14.2812
8.15099
10.3575
9.60661
11.0668
13.0154
11.6493
10.5963
7.42923
9.24783
8.66279
13.7296
11.8896
11.0114
11.6954
11.6418
12.8562
6.7827
9.51914
11.177
12.6479
5.71903
9.36697
11.1323
13.6229
9.3779
14.354
9.57249
9.02737
7.69608
9.40102
12.9961
13.7049
8.69246
14.5667
12.8799
13.302
13.9417
8.36843
12.1627
6.87162
9.06402
5.61211
10.0456
14.5411
11.5085
11.577
12.0391
12.9869
8.64624
14.7268
13.3629
5.76904
9.79882
12.5999
12.3744
4.92369
4.27082
8.33629
10.3387
10.7216
12.2558
13.1906
11.4112
4.91048
9.9067
7.01629
5.70083
10.2274
5.39813
7.2583
8.59995
8.93723
6.0601
10.4465
4.72159
10.2888
12.6747
9.1545
6.83999
8.27432
8.40755
12.9015
8.02909
11.7108
7.47668
11.0839
7.54824
7.26278
11.9933
7.92891
11.2702
10.4779
10.3121
6.90329
14.1318
7.05322
11.9278
11.6322
12.8798
12.6485
14.1173
11.7951
10.8485
9.22813
14.3965
5.16243
9.26341
13.342
6.82119
14.33
14.952
8.31892
13.2696
13.7713
12.1866
10.8836
8.90678
14.1282
11.0037
6.15559
14.5397
8.4768
13.0851
12.3142
10.4265
10.6573
14.6295
13.1474
8.63148
9.97028
14.3891
12.0765
7.01196
9.71838
10.6859
14.8121
7.4632
9.80159
11.2373
7.94047
13.5489
12.5753
8.9898
9.15676
10.1519
12.4868
11.77
8.74107
12.9068
13.0513
12.9803
12.8749
8.6042
11.6668
14.2619
14.521
12.0779
13.1135
9.51353
13.7175
5.98404
8.79853
8.39358
11.4792
10.6572
12.0586
14.7728
10.1661
13.3145
11.1947
14.9776
8.87298
12.3349
14.5336
8.51988
8.40771
11.4396
8.93171
10.1917
11.5391
12.851
8.85666
12.2128
14.3274
14.8142
12.7349
10.4505
13.523
11.9045
12.7439
5.88856
10.83
6.05468
10.3381
11.5406
13.6877
12.0329
12.7878
11.6927
13.2401
9.71714
10.1462
10.629
11.8279
11.2281
12.5778
10.1969
6.17705
9.57134
7.79778
14.4761
7.11295
9.44499
12.8073
11.462
14.1589
10.8282
11.5585
11.2473
8.00871
11.7041
10.4244
10.4679
13.7851
12.1931
6.65993
8.74381
9.56219
6.01676
13.3166
5.42824
6.50271
9.05213
10.4527
14.5981
7.52541
8.74571
9.92895
10.1938
9.71264
7.18718
8.89192
9.20161
5.42632
12.8415
14.0359
11.6167
11.8378
13.9635
11.1167
9.5409
12.1101
8.71302
14.7422
9.56782
14.4709
8.63943
5.82068
14.2707
8.57195
12.5662
8.12521
4.14621
14.1715
14.7906
8.87366
10.3382
12.9283
11.5496
12.6316
8.8522
11.0551
4.03512
11.0715
10.6472
7.37203
9.31222
10.3449
11.3695
8.53204
13.4805
11.9485
8.92058
10.9665
13.2733
6.50984
11.6264
9.09325
6.86277
14.0984
14.2728
9.62019
12.8236
11.7203
13.5332
13.0438
14.2201
10.4762
10.5864
14.1029
14.2248
14.8953
14.3096
13.255
9.78205
7.08125
4.8427
8.44103
6.13314
7.38825
9.3318
11.5682
6.79885
12.0065
9.50542
9.50646
9.69255
7.70738
8.95963
6.60524
8.57989
8.89628
11.632
10.8021
14.1077
11.6239
7.89916
14.23
10.6115
11.4364
8.96925
14.0057
9.094
12.0588
9.80261
8.87208
5.49262
12.1102
13.1797
12.5003
10.6618
13.4824
13.6807
14.1491
14.1585
12.697
8.03351
6.90634
6.89096
13.2073
9.35473
14.1661
13.5683
11.637
10.2417
14.0291
14.4711
13.431
6.11458
9.67768
14.5908
6.38519
13.2534
12.9507
14.2389
13.368
7.99093
11.1922
11.2703
10.5067
14.7024
13.8001
13.4392
10.6301
14.7663
12.0073
11.6565
13.5777
10.076
10.4013
8.25296
5.41033
8.3089
9.61775
12.8546
12.2289
10.0948
9.27154
8.44417
10.1609
11.3345
13.0058
12.7739
11.733
13.5186
8.19669
6.36571
11.5369
12.65
9.5699
14.1369
11.3648
11.5002
10.5795
10.4256
10.4373
9.18077
12.5857
5.92049
10.4377
12.6277
8.83255
8.44063
7.65337
7.97145
10.1846
6.99549
12.1842
13.7964
14.2884
14.4369
7.12645
5.51553
5.71336
9.36298
12.9485
9.11422
10.177
14.2018
13.9131
8.72956
12.6417
11.8098
12.9742
6.42159
13.1101
4.86557
10.5615
11.11
5.71813
10.8769
6.11165
13.1146
14.0277
11.2087
14.0365
12.0973
9.36304
14.6796
9.89369
13.408
8.2531
10.0686
14.5788
6.12778
10.9691
14.2819
14.7825
10.8494
5.24452
12.3816
8.96291
12.1718
9.89999
10.1186
9.38096
14.3826
14.8081
13.2829
9.79596
9.66311
12.4874
6.2564
8.90571
14.0536
12.9795
12.5523
9.03998
9.2796
14.5798
13.9272
9.95979
9.88199
13.0697
10.819
8.74745
11.7494
7.21379
12.9807
12.4055
12.9377
10.2673
10.6208
8.02569
8.47596
14.8842
11.7494
8.90021
11.7544
8.65997
4.88805
6.55468
9.18412
7.72729
8.09375
11.3788
9.83031
12.143
10.4672
7.02127
13.6251
14.5551
10.526
10.6
14.6072
12.5873
9.01317
10.2477
13.0616
12.6954
9.82858
13.5414
11.1457
9.2123
8.32355
10.5977
14.0591
6.49586
11.3731
10.4866
13.7444
10.161
11.9445
7.60169
10.1739
9.68139
8.95338
11.4194
12.486
14.1058
8.02656
11.4102
14.9617
10.7006
13.9482
6.85726
10.7809
7.97591
13.9531
11.4528
11.2038
11.6013
14.4876
9.15794
11.8476
12.3917
9.26952
14.1381
13.7519
9.32721
14.5457
8.8725
12.9122
10.1251
5.99238
12.0589
8.72788
8.84821
13.0928
8.13107
8.32791
6.19484
8.16763
9.99185
6.01643
6.53859
10.6448
7.79048
14.4103
10.6905
13.3872
8.00559
10.6197
9.9936
12.196
8.3815
5.84035
14.1206
5.33947
11.8875
12.6673
6.38107
5.13057
6.94797
6.58623
7.74543
7.08205
9.39668
12.503
14.1407
14.9713
10.2743
13.3058
6.38786
13.1796
6.23937
12.76
11.5416
10.7118
8.39684
9.6298
9.80088
14.4196
13.2223
12.5238
10.8988
14.067
12.7751
14.1731
9.46491
14.727
13.1441
14.2832
10.484
6.94733
8.01631
11.274
11.3668
13.5191
12.6089
12.8471
13.0176
10.6538
9.80752
14.7556
13.9536
14.6086
11.4148
10.8961
7.88747
6.04107
11.1046
12.9023
10.7448
14.9413
10.4413
13.8201
10.8793
10.4606
10.9457
14.6605
11.9718
9.13009
14.1676
11.4968
13.0191
10.9429
11.4778
9.65188
7.00298
13.1264
7.14525
9.23939
7.40714
7.31206
14.3301
9.9674
14.5804
8.62908
9.93244
10.4729
12.543
8.53967
8.86132
10.3609
13.3376
10.4049
8.84479
10.5453
9.19906
12.9844
14.1857
6.37512
9.79005
10.3339
11.688
14.3518
14.2094
14.6863
13.7455
9.42459
10.2167
12.3387
10.8823
9.77599
14.9457
12.7138
6.85634
11.4597
6.71066
14.8262
9.46351
14.2016
13.0752
11.71
12.7265
13.1282
8.7821
12.0119
13.3327
10.3899
6.00856
7.97229
5.98078
7.38371
8.52251
5.68475
9.25562
13.0642
13.6633
12.1456
12.2271
8.81203
6.56636
10.233
6.55804
13.8848
14.0532
7.21762
8.19499
12.9172
11.7619
9.30026
5.63134
14.3591
14.5905
10.0983
10.8816
12.2194
13.1685
9.93754
10.9677
6.407
13.6175
10.5642
12.7649
6.6874
12.9196
13.3836
14.291
13.2288
12.0127
12.3021
9.2192
12.4531
11.0205
7.32809
6.43773
9.61106
14.2815
7.50413
11.6213
11.2756
12.5047
14.6807
10.9824
13.2599
14.8834
7.80911
13.0206
10.9558
10.5297
12.8258
12.1498
6.50399
14.4868
13.8675
10.6918
5.8417
8.59166
14.9658
11.3219
13.0351
9.25759
8.262
13.0278
9.2056
9.78114
5.39089
13.6819
13.0602
14.5184
8.84119
7.1181
10.3951
8.0891
11.4186
12.8902
7.10083
14.3101
11.0647
8.9226
9.31481
12.6596
12.7782
8.75959
14.1267
14.522
7.354
12.0866
14.0917
8.79867
10.633
5.4943
10.324
8.15791
8.47452
12.543
14.9808
14.4147
8.55287
7.97002
14.9485
8.64399
7.09193
10.5166
10.6955
11.2166
7.10326
12.9261
10.5248
12.7882
14.3507
11.1164
7.98592
14.9016
13.6248
9.53711
14.6054
9.95185
11.0499
10.5886
7.50773
12.296
14.8955
12.4031
8.18268
13.3127
9.68502
5.55754
9.76721
14.3567
9.11543
14.374
10.0469
11.0524
11.5871
11.6432
8.09534
13.1517
11.813
12.4573
11.7226
8.21174
13.7512
10.1631
14.4357
9.99253
9.23848
12.5137
11.6325
9.79988
12.0901
9.98706
8.54106
11.9787
8.40923
5.60709
12.0653
7.3725
9.73709
11.3999
11.3323
10.823
6.82322
8.88275
8.12082
8.04645
10.2302
13.6729
14.1957
8.30087
12.1759
7.81681
10.3669
11.3574
13.3224
10.0174
11.0788
11.5196
6.09138
9.11669
14.6164
10.2175
5.87497
11.7375
12.0752
9.89828
13.2929
12.7102
14.7034
6.29872
9.02278
11.774
13.1213
10.4014
12.0066
11.4729
14.5998
13.6538
11.4396
11.5234
7.53715
13.9878
12.8026
8.76875
11.6083
12.8555
14.2556
8.58512
8.98832
9.6981
9.43169
14.645
12.0639
14.5133
14.3392
9.62754
10.1445
10.9104
9.67698
14.7824
11.8137
14.3777
14.3095
7.77358
14.297
8.24192
7.01176
6.20284
7.85161
10.5543
13.6268
11.4992
7.613
13.9704
10.1942
6.29854
13.5284
10.1866
14.8014
12.9456
14.4067
9.74745
9.98575
8.47848
9.16849
8.99647
13.209
13.1456
10.3301
12.8057
12.7224
13.6012
7.45934
11.3398
10.5801
5.38727
8.9939
10.8454
7.4197
10.3666
13.8057
9.43093
14.3472
12.1031
11.5079
12.69
5.44349
10.9379
6.89726
10.4715
6.3267
8.74359
10.9112
11.005
10.585
10.7964
13.7214
5.42405
10.3165
9.07631
12.3925
9.70639
8.30021
10.3981
10.8541
10.2099
8.92131
14.5386
9.0951
8.09729
12.9788
5.24064
10.2545
13.0141
8.75764
10.5344
8.85911
14.183
14.1469
10.5316
13.5488
12.3681
9.5816
10.2856
10.7208
14.6766
14.7555
13.6651
9.4893
9.11964
10.392
5.12665
8.20873
6.17168
12.2279
13.8694
14.6176
9.97972
12.2918
13.5864
14.9948
13.396
11.6903
12.9581
6.17734
11.5762
8.90281
11.0036
6.19727
12.8339
13.1591
9.49426
10.1867
9.32996
14.5943
10.0588
12.8871
13.5975
5.4771
10.8417
9.78897
8.18456
9.16797
7.00094
10.0348
10.4748
13.3549
10.4249
8.74426
14.5352
12.9465
12.403
13.8576
12.3476
9.23022
11.2357
8.54067
8.07921
8.84893
7.4399
5.05597
9.15654
8.91563
9.56389
10.009
14.3606
5.59066
9.57479
8.72705
5.5023
5.2479
9.06875
9.59653
10.8439
9.72675
9.21064
5.9938
9.85459
13.7911
13.9742
12.2008
14.5688
12.0955
13.8501
8.80557
13.1458
11.6762
7.7979
10.441
9.50764
9.78746
14.9918
12.859
9.56764
8.39293
8.06923
8.39618
9.23972
5.92643
11.2684
13.1186
12.307
7.30304
11.5669
13.2225
11.4382
9.48918
8.87322
12.7142
12.0314
9.71323
9.44326
7.87367
6.09527
10.1321
5.34397
8.90119
10.2627
7.74798
8.18369
5.50607
9.22557
8.40242
8.07464
12.4671
8.7796
13.373
10.2928
8.18017
8.6384
13.3993
6.40961
11.7968
10.5716
8.58121
13.9489
9.91298
5.68069
9.80098
12.5103
14.673
8.56929
9.92333
12.818
14.402
4.54649
5.62382
10.5916
6.235
13.8785
14.219
14.6503
14.2779
11.5935
14.4826
10.8631
10.8389
10.2694
8.49195
12.2574
8.3009
11.9559
10.6759
7.81336
6.7042
14.3053
7.13912
11.8971
10.6613
10.3915
12.2264
11.2345
14.1028
13.4527
10.2688
10.2363
13.8592
10.9852
12.0806
8.47683
8.51413
12.8343
8.33397
12.0183
13.5986
10.9239
9.07222
6.93874
11.4035
10.3512
11.2509
5.97933
13.2781
11.0113
10.6255
14.7138
10.0112
10.1373
13.933
10.9574
8.26332
14.1812
11.7394
5.7122
13.1462
12.9003
5.79123
12.8444
6.11192
14.9089
13.6001
8.78884
12.4111
12.1518
7.83206
13.0175
6.11025
10.6804
10.0984
8.18603
12.0153
11.6151
10.8534
7.39385
9.44577
9.83799
12.2164
8.48088
8.69979
10.8632
13.4483
11.9691
7.02396
9.83154
8.90664
10.9708
13.1748
7.42737
6.44314
4.93022
7.41805
10.9297
8.39381
6.0743
9.63361
11.5883
13.607
8.57841
11.5203
7.05221
12.4229
8.65339
14.3091
8.25099
14.1522
9.87437
8.77422
9.68338
14.3111
8.62641
10.8012
12.9905
12.4356
8.55433
11.1564
14.7729
7.80554
11.9385
7.00899
11.3727
13.4225
10.4559
12.3218
14.2056
6.80126
13.3623
5.74161
9.41368
10.5049
9.91755
8.75402
6.38878
8.59655
13.9331
11.7718
6.15305
11.8624
13.305
9.1453
11.2534
10.7746
9.03521
10.2459
8.38518
10.4427
8.53191
9.85694
14.6011
9.89213
12.284
14.9794
14.1288
12.6773
10.749
7.08314
9.35285
5.94199
14.5688
12.2842
8.20074
12.8288
13.5695
10.2025
14.3483
6.44649
11.9924
13.9119
9.22843
12.2527
12.2028
9.87354
11.0461
12.0865
7.62617
10.0147
9.59716
13.9058
13.9039
9.21379
13.989
8.39818
12.0218
13.1007
8.70803
6.326
14.1477
12.0289
10.0747
9.60573
14.6971
5.93126
12.3429
11.4926
14.2289
13.6062
10.275
7.20346
10.4711
9.60255
12.6183
14.7062
13.8468
9.72982
13.1556
6.9917
12.9015
7.70663
6.71083
13.5426
8.60399
7.20177
8.27155
9.77951
9.37651
11.2538
5.19399
5.71753
14.4011
9.97464
14.1842
13.0011
9.15973
13.3146
14.7708
12.5834
11.9197
5.59553
9.72983
9.53724
8.52008
9.59532
9.44387
11.0231
10.3101
5.27779
4.84217
7.0927
9.82334
13.8763
10.4443
12.2136
14.4323
9.91494
13.0298
12.4748
11.3529
6.82985
5.80973
8.96933
12.1184
7.86374
11.6264
14.1343
11.7294
8.6482
7.86632
10.3344
12.1986
9.10606
14.8345
11.6235
12.7445
5.44276
12.5049
10.5647
10.9367
10.2077
8.99078
9.02893
9.61409
7.45373
6.14114
13.5582
7.0935
11.4056
13.7287
12.8516
14.5523
10.2693
9.95706
9.73347
13.1498
11.6235
7.78044
6.18152
9.38093
6.6345
9.95238
7.96837
9.97849
14.0993
14.1865
12.3013
9.39065
14.1583
11.7507
11.8237
13.1762
13.0585
11.142
10.2632
11.2869
10.0766
12.6938
12.7832
8.05812
14.0799
13.8712
11.4444
10.7426
13.5293
12.9472
12.9992
10.751
9.72607
8.81172
14.5271
10.5877
14.477
13.3107
9.60875
7.52153
12.4978
12.6625
9.67297
11.147
11.1684
4.43393
9.03163
9.19246
9.11583
13.6483
5.25776
5.31992
9.22699
7.5927
8.12149
13.7944
14.3863
11.4239
12.0053
12.8082
10.3837
10.5464
10.3484
8.72331
12.5753
9.45891
12.4112
14.7585
9.60167
12.1799
14.2281
10.1261
13.6102
14.2625
11.1211
11.3383
6.57212
9.96651
13.3204
13.1019
12.1535
5.15427
8.34559
10.504
7.8523
7.93467
10.6698
14.0861
10.6219
13.8379
14.878
11.0724
7.92993
11.5854
7.69999
12.159
12.4657
11.1701
11.1163
14.3475
8.98445
8.73285
10.6645
13.5081
13.1152
12.3829
11.0833
14.3845
12.2772
13.2875
14.2039
9.86845
12.1496
12.5926
13.7189
12.4718
9.94407
10.6502
12.5927
12.6728
11.7744
14.3751
12.18
14.5897
12.9596
11.579
10.2009
12.8254
13.0499
9.43062
7.53819
14.3245
10.996
9.0273
11.1144
13.1073
8.5163
9.96066
11.4412
9.0305
13.9761
9.08476
9.91486
14.0395
14.7633
10.033
14.961
8.33342
9.42794
14.2977
10.0822
14.4222
8.16434
10.9667
12.5721
11.0205
14.1709
5.28051
9.76879
14.943
9.15483
7.77559
9.96333
13.7828
13.0325
10.0182
8.75639
13.2118
14.7157
9.77706
11.8674
11.817
9.25112
14.1844
14.8611
11.554
8.50185
7.48214
6.44935
11.7776
8.63868
6.40302
13.2279
14.8223
14.8703
12.2871
9.76645
7.34156
11.9816
5.03757
5.17953
11.9594
13.4561
9.18362
12.0766
13.7818
7.46935
9.07605
11.6726
13.5949
12.4988
13.1445
10.7418
9.78825
14.7115
12.7608
8.94984
12.1384
7.82137
6.7469
14.3996
11.8617
14.2103
7.2803
12.0592
5.88654
10.7626
7.65206
13.4969
13.473
11.0544
10.4645
11.6024
7.45434
10.1742
8.42392
5.66081
12.8273
8.87955
13.7604
6.3568
8.34413
8.21363
11.916
13.2113
12.5696
9.10586
5.27971
6.24114
6.70692
14.3918
8.32474
8.70248
8.52379
11.2217
9.02001
13.4631
9.15299
9.77691
6.25559
9.6265
12.1927
8.51286
5.6016
14.0789
9.21083
6.40398
8.20149
13.2541
11.1609
12.4813
11.2011
12.2679
11.415
14.2974
9.10579
8.67206
5.87523
8.05719
11.3185
8.84781
13.2525
14.4787
11.8686
9.08203
8.1013
10.3805
9.56263
14.8289
14.1713
12.3556
8.20983
9.99874
12.3475
9.5345
13.6796
9.65405
10.9784
8.69106
10.7041
10.6176
13.7637
10.1483
9.93458
11.4524
4.37934
14.2374
12.1735
14.8858
6.21497
14.9222
11.2005
14.6876
12.715
14.6657
12.3818
10.4042
12.1567
14.3219
7.89176
9.31162
13.1945
11.5644
10.8715
13.2641
5.31206
11.5214
9.67664
9.95652
14.0254
11.4965
11.2841
8.59531
11.5103
12.0491
10.7061
9.25703
14.1692
11.4041
6.9198
8.1007
9.83785
12.1732
8.75925
10.0801
9.89238
13.6189
10.4816
10.5105
13.5045
12.027
10.6049
13.7406
6.71871
11.1765
8.92224
14.6317
11.9453
8.7474
10.9981
10.0653
10.5485
8.93179
7.9373
8.72117
11.5703
9.1927
12.0124
10.8021
10.0031
12.152
4.94248
9.1853
10.0681
13.831
14.4948
9.54069
13.4597
6.57291
8.4281
5.9433
11.0768
9.50003
9.24346
9.48515
5.36571
9.19764
10.0768
14.9652
9.58584
8.03622
8.83576
8.72968
12.0139
8.68277
12.3476
10.2475
13.8769
14.3611
6.50111
7.516
6.0182
10.16
12.2789
11.2824
9.9383
9.50778
10.5657
10.7596
11.2561
8.40173
9.93725
5.11669
9.5021
12.4337
9.49045
12.3144
9.8036
8.51323
11.6432
10.0104
13.8913
10.2861
14.9265
14.9508
13.7803
7.78524
14.9288
8.17657
11.114
11.4013
14.6383
13.3595
10.8044
10.2263
5.66091
8.71905
8.64316
10.0038
12.7229
7.85394
10.2808
5.627
9.84936
11.343
10.2586
10.5283
12.5133
10.029
8.67828
10.5527
9.65519
12.3179
14.9892
14.4369
11.7167
6.00734
11.4352
11.06
13.8128
11.3543
14.8713
8.46964
5.06954
10.2806
10.7442
7.7266
11.2387
14.1679
11.1478
12.1324
13.0743
13.0531
8.71186
10.2387
14.9462
9.79486
12.8438
9.57613
12.723
12.8121
9.50877
10.6803
8.58654
8.38862
9.03364
10.9777
8.14584
14.2439
13.8979
12.9569
12.0723
14.5942
11.6856
13.1036
11.6843
11.5912
11.8005
14.0142
13.6146
8.70213
13.058
10.6845
8.4188
12.7835
9.83644
7.38907
10.8671
9.5572
9.62894
12.0816
13.3196
5.09
8.0636
8.43425
12.9369
10.7483
8.90442
9.87895
8.37474
8.94376
10.2946
7.80232
5.98499
11.9024
12.3806
10.157
9.31307
9.56078
7.72866
14.2541
5.95155
11.6894
6.4662
9.57412
11.2752
11.2737
14.1457
5.76067
7.93256
10.7659
4.23992
6.51232
8.43154
14.2589
13.2905
14.7037
8.82315
13.1651
13.1223
12.2678
9.46921
14.4465
8.91513
14.8718
12.3801
10.6219
14.0787
11.4225
9.90165
9.35554
8.7654
10.4771
14.3254
13.5065
10.2316
9.57248
8.24017
12.9262
11.9078
12.0018
8.21847
10.827
14.9068
4.89746
9.13042
10.2522
13.3765
10.5895
5.45414
9.56838
13.1567
9.28832
13.9202
13.7049
13.9747
11.4315
12.2101
10.3126
14.4664
10.7092
14.3409
13.8762
10.3652
10.3533
12.3881
14.3848
9.30124
12.9815
13.138
8.90344
6.19106
6.77994
10.7795
10.118
12.402
6.73334
8.41398
10.6281
5.73746
11.5111
10.1393
14.8058
13.2681
13.6849
14.2418
11.0999
5.48312
4.9294
6.59149
4.88674
6.35929
12.3161
14.189
8.94321
10.458
9.11128
6.44306
6.58788
9.11275
5.87829
9.77611
7.43958
14.1364
14.6786
6.21879
9.70076
5.57342
9.35459
5.91635
11.9115
13.3377
9.99853
13.166
13.6664
10.324
5.64733
6.52743
9.90841
12.0068
11.4756
14.0232
13.9541
14.6764
14.2743
6.24185
13.3834
11.5011
12.582
12.4685
13.8453
12.4849
8.76274
10.8535
13.7363
12.7755
14.1989
14.6749
12.441
5.84515
8.77418
10.4748
9.46496
13.4421
13.1593
13.6628
14.999
13.01
8.72523
11.1021
13.2051
9.57319
13.7455
7.94704
14.8276
10.3103
14.7914
10.3775
13.7572
12.3101
6.16821
6.7143
7.8394
6.70289
9.2671
13.8328
11.4303
9.80621
14.1768
6.48499
11.8599
13.1973
9.61991
8.14943
12.1335
13.6388
12.6789
11.8173
10.4145
13.8624
7.78198
10.6734
11.5477
11.059
14.1858
11.9321
13.7734
6.62984
14.4101
14.3302
6.63831
9.36149
14.6759
13.4422
11.5536
11.8363
12.0422
14.3345
9.56775
5.50228
7.47848
13.624
9.31323
13.8627
13.7381
13.4556
12.7874
10.912
9.94173
13.4115
14.2894
11.7687
10.9604
14.4959
13.8421
13.9845
12.9193
4.82549
13.6951
7.89789
14.3455
8.88352
11.9602
8.24903
9.47592
11.5382
13.7901
11.4128
14.0727
11.5202
12.6099
10.1419
10.5625
13.7711
8.18129
12.4868
11.9275
11.913
13.784
8.96147
8.44094
12.482
8.68543
13.8414
10.7447
8.4855
11.9295
14.3875
11.158
13.4952
8.84212
9.30281
5.65729
