11.796
4.77836
4.01035
8.64872
5.62636
13.8343
11.8163
12.5657
9.61894
8.22707
9.07547
10.4955
4.35134
8.65385
6.24487
7.37957
10.7742
4.61053
6.55838
14.1593
14.0774
10.2124
13.9329
12.4128
12.2851
5.9749
9.58317
5.34212
6.65676
6.63671
9.81921
6.09126
9.33726
10.6293
10.8047
13.5665
9.58637
4.42007
12.7512
9.72996
9.52602
13.2174
6.34065
6.70792
12.6963
14.3893
12.8781
11.1964
14.9961
13.2162
13.6676
13.6651
14.5867
13.2117
11.583
12.8133
7.28614
10.6793
9.44203
12.0211
11.9999
7.97203
5.1242
8.24061
12.3595
9.74133
13.6574
13.259
11.5517
13.8809
13.7316
13.2065
13.0809
13.1574
14.7132
8.64822
10.8614
9.69845
14.9709
11.6963
7.01935
8.27997
13.0623
8.51454
11.5899
10.6349
6.18394
5.15746
9.25161
5.85391
9.59359
4.897
9.1234
4.61901
10.93
10.5052
12.8431
12.0716
9.40174
10.5177
9.26205
4.97252
13.3323
13.2643
11.4952
9.17844
11.7684
10.3093
8.82436
10.5167
11.4216
13.0343
12.2306
14.032
14.66
11.0672
8.97725
5.60398
13.258
14.6632
8.34147
9.57255
8.22425
9.10991
10.6508
13.4071
14.8135
9.18373
10.1144
14.9952
11.3
13.8325
12.1133
10.1532
11.8041
9.1149
10.5393
8.9551
13.4623
9.18302
12.6761
5.94095
10.2266
5.7576
13.417
9.42799
13.552
8.57257
12.1381
8.6034
8.09639
13.5113
5.6852
13.7715
11.2397
13.4419
10.6852
10.4185
10.4098
14.89
6.18218
10.2657
10.3408
12.323
8.53888
11.1275
10.1211
8.26657
7.85587
7.34522
8.11078
5.89388
8.34642
10.275
8.80956
8.69114
10.6958
8.33975
6.17975
5.45873
10.6618
6.1628
13.0558
9.34577
6.88769
9.93098
11.0524
5.21995
12.0919
7.84668
6.45244
7.75647
10.4675
13.3061
13.2125
11.8918
9.86115
14.1514
12.3931
13.8424
10.4595
13.5876
9.52027
9.72985
10.9271
13.3229
12.9247
13.0126
14.1177
6.75155
10.0018
14.7218
13.0232
10.1496
9.84007
14.916
8.29127
10.2151
14.6194
8.54866
6.72739
12.102
14.2698
10.4079
9.54266
12.5572
12.3378
11.191
14.7869
9.13857
12.8751
12.2728
10.1016
10.0769
13.7555
12.763
12.907
11.5851
9.13618
9.91234
10.1351
10.6392
12.1201
13.535
8.67876
12.6167
14.1992
8.84018
11.5699
4.338
14.6892
5.14703
10.227
13.6231
9.49158
8.48093
11.6498
13.7397
11.4374
9.9684
11.0554
11.9005
12.5907
9.8376
13.3915
11.6217
11.9316
14.9127
6.6083
12.435
9.28549
10.622
12.8884
11.7313
14.3619
13.0712
11.2167
10.1348
12.7812
7.4391
13.3489
13.3465
9.27425
9.34859
13.1353
5.63478
14.8442
14.8885
14.0656
10.4172
8.0197
5.27242
5.77799
14.5804
12.4187
13.8741
13.8177
8.59964
4.43208
6.34311
10.2594
12.5859
8.88899
11.8484
10.0048
10.4022
8.30813
8.53097
10.756
12.2453
10.4544
9.27521
6.28723
6.98628
14.6132
12.0445
10.9616
6.3478
12.0787
6.43507
11.0538
14.127
12.0661
8.17417
4.72368
7.1431
12.4015
13.6119
6.63654
12.897
14.0327
10.8644
14.9642
12.2229
12.8538
13.0541
14.2728
11.1185
6.27844
6.63565
11.5228
8.96897
6.24694
9.30316
6.25077
9.24312
12.0661
10.7609
10.752
7.88634
8.85509
5.95797
13.3488
13.1383
10.8311
7.19542
11.6269
14.3292
6.44716
8.0116
13.2319
12.0568
10.8583
7.91604
12.4706
10.8183
14.6462
10.2006
11.331
10.778
8.52454
11.5947
12.3201
12.367
10.9689
13.5545
13.6555
10.6932
13.0054
12.2715
10.2886
14.0512
6.97036
8.60223
9.00494
10.5794
6.96451
3.70818
10.7748
9.92226
5.8406
8.73792
12.5704
11.2583
8.75484
10.3649
4.45298
14.0555
10.3294
10.5154
6.65804
8.52607
14.4007
13.2417
12.4467
8.77954
7.91245
5.50312
10.6519
4.14005
5.84991
7.41926
11.0452
6.00239
13.6626
14.1662
9.26539
13.8433
12.182
9.28878
7.38273
12.9083
8.8206
8.64465
12.2728
14.0817
14.608
5.08839
12.604
14.411
11.8888
9.86635
8.55969
13.2119
9.3899
14.7489
13.0903
8.68584
12.7885
9.93844
7.00521
7.65154
5.83512
11.5102
13.2557
8.16336
4.92484
4.64135
9.90091
14.3271
13.4568
12.6476
8.14958
6.63858
9.37097
5.97719
8.03679
6.54394
10.3767
4.7026
10.0697
6.90049
6.89571
10.5158
9.49458
6.45518
13.2273
11.9154
12.7874
14.8209
12.3339
7.6038
5.87799
10.3849
11.7459
9.78752
10.6466
10.3567
5.90468
10.9774
13.99
7.17169
14.7018
8.01796
4.93099
12.8498
14.3149
12.7616
12.2836
12.2438
8.66392
13.5681
12.1096
9.97215
6.55584
6.44371
13.3198
12.7074
13.4221
9.52793
14.0445
4.03954
7.93012
11.615
12.4934
7.78148
10.8284
9.14208
8.41196
7.62084
14.2712
6.08606
5.6607
7.76779
9.80907
10.9797
9.63799
13.1802
13.7273
8.0865
10.4398
13.673
11.5123
12.3729
14.0016
12.0567
5.17324
11.8091
9.37397
13.556
13.9624
7.58647
6.49172
10.2934
14.7305
14.766
13.6931
13.2038
14.7391
12.4489
10.5884
13.7401
11.0413
9.89272
14.72
14.6261
10.9136
11.3583
13.4376
10.9132
11.3138
9.40882
9.94168
13.3962
12.3501
9.8663
8.22748
13.461
12.6972
6.19264
8.45301
6.33127
11.0796
10.6787
8.23591
12.0591
9.95246
6.20266
9.23635
13.1813
9.1012
11.5679
7.4691
13.5455
13.2218
12.5734
8.80888
8.97661
9.9087
8.73751
9.95522
5.71254
8.11057
9.74599
8.09094
12.0966
4.78496
9.68347
14.2664
10.5504
3.87566
5.53186
6.15014
9.25858
5.0788
13.258
8.23645
4.62937
11.2156
14.1149
10.3871
14.6752
9.60667
12.7831
12.7481
9.31251
13.2237
10.0001
14.2085
10.3616
8.47649
6.22155
6.28506
12.2261
13.5672
13.172
12.025
9.35835
13.7737
12.3921
10.4342
6.12054
9.05932
10.7086
5.63304
9.19102
9.54954
9.35743
7.53963
13.2114
11.1794
13.032
13.2323
10.8651
7.16461
7.28707
6.94342
6.62584
8.52782
4.75405
12.2933
12.2575
14.0228
10.2978
12.5816
8.79009
12.9603
8.75116
14.8097
12.1045
8.79541
12.722
14.6902
6.52104
14.0297
14.9002
8.84563
6.08739
12.3015
11.7255
13.6855
8.37913
13.2304
7.41685
12.0558
5.6357
14.8277
14.7444
6.87564
10.9966
7.84508
6.16832
10.4646
6.79677
4.51012
7.77951
10.6915
8.32702
11.203
11.4803
7.10956
12.0853
10.4266
11.7862
9.49208
5.60729
13.867
8.8136
9.9198
11.2306
12.6323
9.14163
12.2534
14.4528
11.9241
12.274
10.8774
14.3701
12.5739
11.5426
13.526
11.1983
11.7696
11.9414
6.37433
4.39206
7.60532
12.1604
8.77276
12.9848
7.05236
13.2093
7.15566
12.282
8.92024
3.9477
9.491
10.1662
5.10962
9.20928
6.91899
14.5678
9.54261
8.41237
10.3092
14.6955
14.0561
9.10663
12.8474
9.99065
6.64174
8.88113
12.9453
5.51732
10.1711
10.4817
12.3267
8.40899
5.50581
12.9908
7.93827
11.5365
8.27443
5.33234
10.4671
9.91967
11.0945
14.6059
13.9428
5.21731
8.61842
7.84054
10.0301
6.18026
10.9625
7.6077
7.58656
12.7168
12.2599
9.66654
13.8494
13.5386
6.02677
10.3562
10.1684
9.00827
14.2488
10.8487
8.94752
12.7878
8.33681
9.60913
11.3219
7.12096
10.9607
10.2903
14.3637
8.05903
11.7892
12.7619
11.9752
6.29003
9.08947
11.03
10.3443
14.77
10.3763
8.79929
5.57121
8.61159
9.40486
6.28227
11.1667
14.9137
9.9242
4.4313
9.35523
5.88241
12.8662
9.76517
12.5101
9.61449
8.85282
12.2973
8.7554
14.0648
8.86293
5.95861
12.7798
11.7574
8.57131
12.8822
14.4883
11.2132
9.58928
13.2459
11.6816
8.56495
13.6834
14.1133
8.51781
13.6306
12.9267
12.984
7.32204
10.5068
9.04553
5.14775
14.3392
14.3192
5.86013
8.60112
8.07242
5.52307
10.2811
9.50291
12.2417
13.6237
10.8406
10.1852
10.3334
10.3548
14.3867
6.64923
9.36218
14.22
13.6191
12.1343
12.1822
13.8066
11.031
12.0059
11.6736
11.4198
10.8964
12.8882
11.3696
11.8653
11.243
14.0832
10.981
12.4213
14.7704
9.43371
9.61682
4.42691
6.02447
11.1094
8.76998
9.17757
13.1031
12.093
11.7004
5.87362
11.7535
9.96098
12.9047
8.20158
6.82836
13.1277
14.6495
10.9213
13.4309
14.0481
11.9032
12.1548
11.5764
9.93204
12.0343
14.8978
9.73886
14.294
5.42656
11.7099
7.15742
8.61423
13.5497
11.1724
13.5564
13.0831
14.1524
9.28295
12.43
14.5393
14.6208
9.3855
14.7411
11.4352
12.9092
11.0032
10.9216
8.05516
12.5684
6.41429
11.4824
10.0099
13.3918
10.73
13.4427
10.2476
8.05249
5.42013
10.6006
11.4386
9.8881
5.51408
14.6066
10.7575
6.14748
6.0727
8.8502
12.1647
10.9516
8.49711
12.2871
13.7391
10.1747
14.2878
5.57223
10.5224
14.7161
10.0301
9.22752
5.31909
6.41838
6.66456
10.1459
13.0662
10.7336
9.12787
12.6146
12.5073
14.9895
13.3617
9.19151
5.75576
8.53118
12.8059
11.5171
9.36632
14.3914
11.1459
9.56931
4.26795
11.2483
9.18619
4.96954
14.7003
6.15119
8.87867
14.5398
10.0293
13.6611
13.8395
14.8423
9.37871
12.8093
12.309
10.8739
6.58316
5.31476
13.0324
5.32893
13.7386
14.2871
13.1915
13.0239
12.7165
7.82764
4.77178
9.80126
13.0756
10.4107
12.7907
9.35697
9.73239
9.80634
13.4359
7.663
10.1499
6.01811
7.2468
10.3527
12.8594
10.9698
8.75586
7.99785
12.0621
9.97945
9.07125
10.3966
7.00648
5.83729
10.933
6.13948
6.76401
8.65063
12.6086
10.7773
8.4015
12.1071
13.7342
10.3297
14.4806
6.40128
9.80189
9.59289
14.7859
10.6909
4.91598
10.0278
8.12744
13.4801
9.16885
11.6509
11.9038
9.22165
12.7238
14.4181
8.63832
9.09193
6.473
4.62521
9.70826
13.7865
10.8669
6.40483
14.6099
6.52377
11.4385
12.5291
10.4884
13.3089
13.1894
13.3188
12.4349
10.3425
14.7836
14.4884
11.6759
14.7649
12.9144
8.12724
10.4776
4.39014
7.80714
7.57169
5.62157
11.7624
10.8044
7.65682
10.6553
11.0465
10.6061
10.883
14.9126
10.6211
5.64144
12.7065
12.516
9.14762
9.03855
8.80122
12.0231
14.1672
7.84806
6.66142
10.1572
8.49232
8.99726
11.8445
10.5221
9.97734
13.6077
12.4016
12.6295
7.60406
10.0581
5.20138
6.79174
12.7787
9.59621
12.2892
10.5822
4.62951
12.6753
9.74362
12.5946
7.69223
10.7497
11.5855
9.16359
13.8436
9.11624
12.7394
9.46243
4.54092
13.0563
9.85689
9.38505
14.2803
11.1132
7.24876
9.34487
5.63833
14.0423
13.4031
5.07515
10.0808
10.9535
10.6416
10.4896
13.289
10.4471
10.4226
7.21558
11.0109
9.24567
13.7609
12.9242
8.15751
9.03327
7.3571
7.62884
14.725
14.6682
14.7169
6.6072
10.8776
11.1049
10.1679
9.16399
7.06504
10.8018
13.7144
5.67337
9.84216
9.51487
14.3468
14.6669
8.09784
8.00291
7.20007
10.6825
9.96205
11.5656
11.9608
12.3582
13.6278
5.35821
9.22853
14.5901
9.82723
9.97257
5.36289
5.82204
9.70547
9.90906
10.85
14.1649
6.68972
14.3922
13.1799
9.37493
12.2584
13.7901
12.8706
13.2421
11.3852
12.1168
14.7993
12.4594
14.7335
11.841
13.2945
12.0177
10.2228
14.4611
6.51747
11.2005
11.5407
14.0703
10.0937
13.5707
9.09567
10.4184
14.1472
7.67492
12.6546
14.5925
7.91111
11.7871
8.15629
4.63345
8.85066
6.22394
12.4562
12.0794
8.93878
13.5885
13.5246
12.7755
12.2434
9.81013
12.9978
9.96091
13.6332
9.8069
5.03995
11.8689
10.4739
12.6731
6.21453
10.0468
10.2919
12.1261
9.34413
11.7471
13.6702
12.5367
8.04536
8.33461
9.59526
11.7915
9.59151
6.65604
14.9165
6.13245
11.2756
9.7017
7.08545
9.4022
11.8008
14.1357
11.4016
4.71896
8.21379
6.04353
12.2242
12.2406
11.398
14.9065
14.0238
6.43231
7.88373
9.14839
13.738
14.3218
12.4785
11.7542
11.1739
11.9703
12.9423
11.2681
12.3271
13.8275
11.0506
13.8914
9.04212
12.4519
14.877
13.8144
14.773
8.48105
10.878
8.34293
9.35151
12.3648
9.81221
13.0414
13.2944
12.8112
9.54514
13.4684
11.5967
12.9341
10.1048
14.181
10.4926
12.4823
9.24385
13.783
11.851
9.10197
9.51675
13.7501
11.2595
13.6564
8.25372
11.4791
5.70893
9.01113
9.48442
9.96598
12.9658
8.93563
13.3706
13.0354
14.2192
13.6638
14.8521
13.6049
13.9946
13.906
10.8339
11.0326
6.89057
8.40734
9.54048
13.3757
10.6553
13.8441
13.8305
12.7817
11.0352
6.33717
11.0982
14.8492
14.0635
13.6007
9.8056
14.9948
9.9405
6.26735
10.815
14.8083
7.27558
12.0848
13.7966
12.1763
7.12895
9.09303
12.6433
10.0031
9.72795
9.81398
10.5034
13.0249
8.88537
10.4985
14.2204
13.9222
4.92506
9.81491
10.9167
8.85649
13.1162
12.1616
6.10183
8.51295
10.667
10.0306
8.57217
5.35731
4.88382
7.97449
5.68952
10.3869
6.05732
9.26682
7.5834
10.9713
9.91834
5.10585
14.7422
8.29804
12.4028
5.05967
9.82429
12.6577
9.84202
9.4362
7.1595
7.87974
6.34146
14.9405
11.5533
12.3754
8.98197
13.4909
9.4457
14.5855
12.8974
8.86079
9.53862
4.53733
9.18496
7.77402
14.0129
5.18501
12.1252
9.3012
12.1344
9.01357
12.3073
10.3033
7.49352
8.76209
11.6803
14.1984
9.32047
10.572
13.2366
12.4784
14.4415
12.5044
14.5944
13.4166
14.5033
14.0281
7.82358
6.75195
5.87527
9.44128
8.26635
13.7459
5.15423
11.6159
9.08985
11.908
14.6132
14.36
9.26626
12.3721
9.88524
7.1063
8.64843
12.0974
14.08
14.4061
6.05047
11.4021
12.0876
4.62924
7.95006
5.93361
12.0451
11.5326
11.1309
12.2604
7.94034
10.5449
9.60266
9.61075
8.31981
8.28434
7.31155
5.62264
10.2389
12.9191
9.18226
8.57176
8.04014
7.75165
9.08371
13.7378
6.29706
10.6937
4.86347
8.90985
11.3433
10.6622
9.17503
11.9613
8.50945
5.59092
7.66387
8.2431
9.58478
12.4319
11.9749
9.48806
14.1827
8.92913
12.7206
14.898
12.4149
8.11746
7.70686
5.71265
14.0729
11.8107
6.77489
11.0886
12.3886
12.3907
10.844
5.8451
12.619
9.99257
10.0977
7.60856
5.9021
14.5875
9.51795
10.9663
14.5725
4.91327
12.2155
10.673
5.53303
5.4704
8.13286
5.85314
13.1012
10.1191
14.8163
12.7011
10.0623
12.503
10.0794
11.372
14.5811
11.3525
12.2291
10.4898
10.6873
9.59818
14.7887
5.7903
5.54847
10.2999
13.3986
8.78059
9.07192
13.347
9.16947
5.87309
4.87644
8.91533
6.74591
4.54186
11.7641
10.051
12.2695
14.262
6.61999
9.67041
11.7784
12.3841
11.4304
6.62141
11.8428
8.43586
5.85217
9.39546
6.90449
5.98939
10.7747
14.1942
11.218
12.5303
12.5238
13.2449
13.9227
6.38091
9.98656
14.9
11.6412
10.3599
6.58987
11.7134
5.70585
9.99426
11.121
9.14781
12.2514
10.3543
13.5143
8.80659
13.9901
12.3345
9.28705
11.8182
7.98654
10.5042
8.8955
10.4899
5.65937
5.35227
11.5355
8.73042
7.86453
8.8042
14.9089
10.3571
5.6964
13.9967
8.33703
13.7376
8.87247
7.20574
7.21535
12.0799
11.4593
13.6704
9.82939
14.4074
10.3022
14.043
14.4081
11.1557
14.029
12.1531
14.7774
5.84955
6.99359
12.6402
11.1274
9.79507
7.48691
10.13
6.2887
8.66877
14.4437
9.08506
8.3929
9.76843
8.08966
11.3897
9.70505
4.61014
9.73612
4.90445
10.9119
5.36901
13.9754
12.6961
13.1611
11.7274
7.48891
9.21103
8.57834
12.5525
10.3132
8.07662
8.43863
11.3011
9.46256
9.56727
14.267
5.73648
13.8092
8.80035
11.6643
5.37367
10.6975
12.5376
6.40912
13.5926
5.70402
5.00093
10.9502
14.0167
13.8045
5.78297
9.56327
11.2095
8.28537
14.6048
13.603
14.0644
11.3292
6.64275
5.10605
8.22582
12.4402
8.88029
11.6032
12.1652
13.786
12.9465
14.7844
9.53654
5.92503
12.449
11.0267
10.5717
13.3881
14.6331
10.125
12.9735
6.727
10.8235
9.79445
12.635
9.93066
5.35283
6.08201
13.6061
9.82136
11.9909
14.09
12.9452
12.6485
10.4494
14.557
12.2983
11.594
11.7463
9.49247
10.8311
8.87064
5.07114
7.86732
10.4828
13.4299
6.03702
12.6278
7.78332
12.1909
6.4463
11.8286
10.8078
10.2511
9.68892
9.98733
10.1298
12.0465
14.2685
10.4069
14.5822
9.38794
8.12046
12.4523
11.603
13.3063
4.41029
10.0688
13.275
8.51913
13.6249
12.1037
9.56145
11.7167
12.8958
10.7424
8.80139
14.4292
13.9122
4.81235
10.099
8.21724
11.7287
5.52253
11.2884
13.6101
6.02572
11.5502
7.62631
11.6749
11.6122
12.4518
11.1907
14.1441
6.29328
8.68178
13.9304
12.949
11.0843
14.3033
9.26799
12.9529
13.4697
10.2954
14.5487
9.71399
5.45659
14.0285
9.50685
5.77719
13.5277
10.6105
10.2424
5.48226
14.5984
10.4286
10.122
6.7797
10.0392
10.5506
13.6009
10.0292
5.97927
12.2494
6.67171
5.50192
10.772
9.08055
11.0368
11.2501
12.9259
10.7889
10.0199
8.11635
8.1285
11.2516
7.92037
10.1973
7.37652
10.7694
11.448
14.6949
12.1667
8.2719
12.5143
9.95546
10.1187
11.6004
14.7971
13.9911
14.6946
11.8423
10.383
11.7873
8.55149
11.5639
12.6173
11.7068
10.8419
12.8183
13.6692
9.4218
14.0918
11.0482
9.80968
14.6369
14.7959
12.1232
8.02184
11.7658
12.1275
14.9466
11.8958
9.46803
9.08496
13.978
10.4654
12.5977
14.1406
10.342
7.08063
9.52826
7.86744
12.7355
8.51852
11.3186
14.462
7.83808
10.5104
7.11769
11.0223
7.52557
13.2346
4.19025
11.9486
8.12603
13.122
11.5445
12.0644
14.3723
10.6677
13.5738
10.6071
14.651
11.7127
13.624
12.1085
9.03794
9.06998
8.68739
13.012
9.60354
14.9387
12.1221
14.3356
9.15363
9.79518
6.28764
9.02153
10.227
9.40758
11.6487
10.1336
14.8161
8.07563
13.1004
5.46692
12.1078
10.83
13.5472
14.7179
11.8902
5.73645
4.83402
10.9276
9.7962
14.1587
9.38459
8.91305
12.2573
6.28118
11.5026
4.40125
6.00516
11.0211
8.8093
12.7449
9.18234
4.45158
9.66242
11.811
6.60171
7.74253
12.291
10.2091
14.6862
8.42833
10.6689
11.4694
5.48042
12.7319
10.2367
8.39264
10.1951
11.7453
12.4459
12.0752
8.93627
14.4152
6.0208
7.95995
10.5327
11.8927
14.4221
11.6177
14.1019
7.19169
11.2023
5.22619
6.34521
11.0543
7.84051
10.9999
8.55674
9.44196
4.20313
12.8238
10.1655
9.33368
14.1813
6.22831
9.13574
14.002
14.0465
13.3015
12.4637
8.37306
9.05323
12.0294
12.2692
14.6661
8.46524
14.4801
6.88182
14.2244
10.9797
10.5751
9.41624
11.4502
9.16609
5.95718
9.30827
9.1314
9.75826
7.96587
12.6295
11.6669
11.2452
9.99983
13.5031
11.8162
11.2346
12.6452
14.3068
6.07788
9.9844
11.3836
11.2087
12.8617
11.487
9.93341
14.8787
13.1182
13.6695
10.9582
13.4308
13.5355
9.45933
12.5999
12.9131
9.65324
13.6762
14.7169
6.02788
7.39007
9.07139
9.87911
7.76935
8.28262
7.00926
10.3904
13.537
11.5119
14.0776
6.64307
13.0531
5.70822
9.11787
14.6727
5.33682
9.81193
14.4795
10.1114
4.82285
8.62954
11.8173
10.6182
6.14889
13.1571
4.5863
9.97525
6.19182
10.5857
11.8728
11.5578
9.47783
14.1958
5.77137
13.4053
12.4868
6.12608
5.89885
11.6399
11.8197
9.73863
11.7022
9.17679
11.4812
9.78617
9.63409
8.28954
12.1965
9.21956
10.6145
5.62477
9.75601
11.0704
10.1275
12.9157
11.8912
7.74824
7.11052
13.5944
12.0314
11.1966
11.8647
12.7434
8.83637
6.35828
11.2923
10.133
11.055
11.9326
6.51744
5.92156
12.0625
14.0724
8.34177
8.82688
13.6234
13.9616
5.63368
7.96191
11.1007
14.8932
7.1521
10.6293
8.4817
9.07005
11.603
9.682
6.7505
14.7841
11.9691
6.17002
5.06071
9.26655
12.0439
11.2178
9.03565
12.4581
14.3976
9.50974
13.7415
10.1424
10.4518
12.9485
11.1836
9.17878
11.8554
13.1774
8.54393
8.07691
13.1287
8.03348
8.65182
10.2366
13.5729
13.7066
9.69805
11.2638
9.82125
12.9411
5.89335
5.07121
12.3006
12.6326
13.7878
10.4957
14.0131
9.23525
9.20974
11.4298
9.15613
12.9468
14.5613
13.0376
9.58592
12.2781
8.76249
9.19937
13.4729
7.80125
12.6596
10.1621
7.88989
7.49923
6.3944
9.14888
5.39739
7.10602
10.4969
8.60811
11.0538
7.71013
13.6484
11.173
5.51698
9.4544
10.6047
7.11516
8.99135
4.9143
6.98188
10.5968
12.7611
7.78998
13.3321
12.0775
10.0519
10.8896
10.0487
5.68197
11.8309
14.9558
10.3364
11.4422
10.792
6.15461
6.90766
10.6646
12.9495
4.67584
14.6177
10.0564
9.43072
14.2335
12.4133
5.54889
8.25797
8.55637
13.5711
12.228
9.16092
12.4685
11.0671
14.3206
10.0995
12.266
11.803
13.0789
5.97921
9.66194
11.1997
9.41448
12.5882
12.733
8.23499
7.95833
10.8656
12.9564
12.2568
11.2965
14.1188
10.5175
11.1561
14.8312
12.2038
14.3305
8.7458
13.0038
8.85262
12.156
10.5405
8.50067
12.8762
4.35318
8.89486
11.5911
9.28607
13.2522
13.1956
12.5823
12.3341
12.3072
13.5339
13.5282
10.5734
8.70737
10.1651
11.0368
9.59371
8.80083
7.31375
7.61677
6.894
12.8766
8.85308
11.3158
4.39131
9.15628
6.26455
11.8634
13.853
10.7798
8.65214
9.90848
12.198
10.5017
13.4157
8.89011
7.71162
12.6915
12.2969
10.3616
12.2842
13.3103
8.15779
9.00156
11.5144
11.8992
6.82121
10.7542
7.97659
11.7578
10.5705
8.64947
10.7374
10.5376
12.435
11.4878
12.5277
14.0927
14.6096
12.8412
9.54269
6.14327
11.2866
13.575
14.8304
8.74879
6.20773
10.1377
11.3241
11.2269
8.55026
13.27
11.8972
8.31975
13.3192
6.66945
10.6001
5.90132
6.69124
4.73718
9.36562
6.10868
11.6661
13.3593
5.34545
6.22233
9.9914
11.0015
10.5954
12.0914
10.8193
10.7253
14.9508
8.69356
12.2426
13.9476
13.2784
13.1873
7.53241
4.92152
13.7483
10.4709
12.3083
10.7974
9.08863
6.15295
10.3112
14.8056
10.8312
12.0387
5.4281
9.37537
4.87183
12.7226
12.1588
12.3774
13.5886
10.0492
8.03802
12.9823
7.86244
7.75789
11.8069
10.1135
14.8855
14.0562
6.41952
4.46581
13.1402
13.9614
8.71475
14.409
11.2115
12.3708
11.5029
13.8609
8.58243
10.4473
10.5009
6.9744
4.63115
10.1498
13.1025
13.8995
10.2696
8.77232
4.6882
9.36746
14.6226
14.5884
14.7718
12.8802
14.3705
10.3022
5.78022
9.38044
8.67867
5.04892
5.60271
14.8342
13.6551
8.28567
7.93459
10.2898
13.7429
7.78799
6.15573
13.4731
12.2924
11.795
9.23896
12.537
12.3899
13.5978
12.4447
9.99071
9.07443
13.7795
10.0354
9.46038
6.50026
6.89873
4.32521
9.93925
13.0128
9.17239
7.88781
11.9287
14.4679
14.4457
9.27098
11.4345
6.52178
6.00176
11.7663
13.596
8.50139
10.7094
11.6016
7.47711
12.2051
5.98557
11.3106
8.24497
12.5414
6.94215
14.1234
11.5351
9.82602
11.8082
13.3602
13.6038
11.0668
13.0304
12.4903
9.88168
5.9504
7.97509
10.2935
10.7446
10.8799
6.54271
9.0298
9.64578
6.12517
10.2995
8.61682
14.9596
14.0663
13.5862
10.9717
8.34125
12.472
12.9943
5.12037
12.1997
9.91702
12.6945
8.77137
8.80679
4.63382
11.6745
6.84204
7.8532
14.4198
8.2782
12.2372
4.82361
9.43395
14.2048
12.3136
11.1056
13.0301
6.55077
11.0532
6.69471
11.2697
8.72273
11.3084
9.78173
12.1503
9.48152
12.3999
6.42382
6.36301
6.21436
7.75576
5.77437
14.174
9.26749
10.8922
5.40291
9.44629
13.2561
6.23837
8.41297
12.3367
9.35705
10.0028
6.19454
4.54403
13.4756
14.5821
13.865
12.9425
11.7806
10.4498
5.63431
4.62077
9.24087
12.6512
10.9446
8.76051
7.70506
9.08609
8.40662
6.18593
10.4456
13.1818
9.34314
5.48826
11.2573
14.1434
14.7835
11.9317
11.9444
6.57864
13.5534
10.6296
11.327
11.2045
9.28586
7.06972
6.45723
10.1379
4.85642
9.72908
14.151
6.90928
11.7758
13.6846
6.05983
10.26
13.552
9.60154
6.10209
14.0706
14.8292
14.5254
14.6349
5.68966
10.5812
14.8642
9.62843
13.6012
8.26477
14.1465
10.5634
10.0927
7.89119
9.97636
6.97702
11.7459
14.6654
6.96166
10.6826
12.1717
13.9064
14.4674
11.5433
8.96637
13.3457
13.1034
11.6013
14.5728
14.121
9.26459
8.67524
4.29474
6.90679
8.25425
14.0609
12.6401
14.3567
12.7324
8.08253
9.83527
6.79009
10.7473
9.42102
8.74012
11.7169
9.29431
13.8807
14.1846
12.2261
8.80001
11.1027
10.9433
13.3504
9.72081
4.46282
10.4237
11.9694
13.9731
13.3382
14.8314
4.63135
9.43268
6.41215
6.4735
7.07192
4.53281
11.0982
6.31021
5.0054
8.70007
8.72683
6.92233
4.363
11.4875
6.22276
13.6554
9.9472
9.80168
14.0372
10.5512
5.92787
5.21275
13.7643
13.5649
8.81933
12.5214
10.378
10.8875
6.6859
11.9219
9.42084
13.3257
9.6773
8.33674
12.2506
13.5622
9.88752
6.03871
8.95959
8.76511
13.8749
12.1496
10.3007
11.9182
9.35082
14.0192
7.13475
5.66089
10.4532
7.83235
10.0879
5.56399
7.42036
13.8024
8.70622
5.85364
11.0541
11.0422
11.8564
10.0775
4.60587
10.5787
8.09037
7.07118
12.3569
5.56692
4.12515
8.14031
8.33677
9.55455
6.46163
10.2287
9.13134
5.00255
13.3087
6.90978
13.5768
13.7751
10.785
8.51378
12.9631
13.7189
9.53137
13.0051
11.098
9.35198
12.2158
10.7163
12.5002
10.0028
13.8418
10.514
13.5155
6.10387
8.42144
13.1983
10.2311
8.97281
11.6138
13.894
11.9438
14.7
10.5534
9.50639
11.6506
14.6335
13.238
11.6756
9.94375
14.7557
7.97807
9.55651
11.3323
8.81059
11.1089
12.0501
9.8035
5.12693
9.61814
10.119
8.75776
12.2766
13.3303
14.8149
8.05337
11.2178
9.42843
14.5014
12.5164
8.12088
14.6371
5.51615
6.55858
9.85226
13.0991
12.805
9.03603
13.5616
9.81647
6.24883
12.5062
11.127
6.0441
12.5065
11.5965
5.78
9.49303
9.22052
12.461
5.98799
7.39717
6.39587
6.01379
9.18754
4.61416
12.3045
10.7175
11.9769
5.95811
11.9886
12.7372
13.5005
10.7825
11.712
5.80191
10.6133
9.53838
13.65
8.25241
7.69637
14.8069
14.2104
13.0074
14.4261
11.6799
5.68289
5.54174
8.45935
11.9118
11.5622
6.21868
4.49687
12.9885
13.1687
9.61993
12.88
13.1393
13.991
10.8272
10.4668
14.3785
11.4311
10.5133
5.68032
7.27723
11.4713
5.68385
13.1267
11.9503
12.5013
9.82092
13.5496
10.9854
13.2381
14.0783
11.479
11.5246
8.80225
11.943
12.9501
9.9932
4.64657
9.99621
8.77435
13.3512
13.3515
13.0411
6.62494
11.6752
12.3138
13.8139
9.83351
12.0423
13.9546
8.33007
8.56377
13.6144
10.9402
11.0488
5.9563
8.54076
12.2552
12.9826
10.1525
9.73983
7.8297
4.48214
12.978
12.7658
7.5383
13.0647
5.90635
6.32736
6.36518
7.82777
10.8669
5.35365
8.6349
9.16604
13.775
13.3002
14.8488
8.21949
12.8788
13.4827
8.45302
8.40111
9.55061
7.94092
14.0622
12.3125
5.28741
10.9184
4.81984
5.53361
6.78777
8.54579
12.5999
12.7751
10.7472
14.0968
6.32599
9.69302
14.2861
13.0352
13.6681
8.54304
5.97759
14.144
13.8313
11.4525
11.5708
13.0503
10.0011
11.8396
12.9925
9.39067
8.79158
14.9051
11.4284
5.67147
8.56309
7.77207
9.58901
9.78982
9.56277
11.3408
13.9364
9.83478
14.5574
9.0615
9.31308
8.49694
12.9805
13.755
8.25957
12.2003
4.55301
9.54399
10.2019
13.8375
13.8705
13.7635
10.6209
6.16017
7.18764
5.38979
10.4157
9.44802
12.3959
13.4633
5.94765
12.3123
12.4584
12.5468
9.27718
6.88795
4.73972
5.42819
13.6021
8.63389
14.3643
14.9297
10.6714
6.93713
11.8553
5.31136
14.7722
11.6407
5.32686
11.8514
14.6954
12.0809
10.3131
14.902
10.8003
10.9251
9.87038
5.69374
7.06574
9.51841
4.79612
10.1151
10.0732
10.3253
11.6318
12.717
8.24743
11.8486
9.23892
5.99477
13.3016
11.1912
13.3177
12.8865
11.8056
10.6064
9.7225
14.6343
10.2553
8.54183
4.54533
10.4173
14.1088
9.75827
12.979
13.9636
13.5298
13.771
10.9766
9.53167
13.4921
9.26988
14.9255
13.8871
11.9364
12.9001
10.019
9.87922
13.8098
5.24081
13.8894
12.8911
7.82435
11.3725
9.48757
6.43099
9.836
12.5357
11.614
6.24353
5.72625
11.691
8.59647
9.96445
11.5916
12.4822
6.59293
9.70643
9.89439
11.7382
9.93871
12.9931
7.29423
10.4232
10.0251
7.94852
11.024
14.0252
5.67982
10.9535
8.54628
6.38497
13.4214
13.4978
13.2924
9.72977
14.6471
13.3253
8.58147
9.74569
12.3178
5.81423
13.419
12.9643
14.7951
12.1195
5.47409
9.51373
6.08284
10.9913
12.5249
10.6886
10.2054
12.4166
11.2574
14.3339
11.1278
12.2087
13.8788
12.02
9.94131
12.7479
10.8823
11.5813
10.7814
12.5572
10.5466
13.4876
13.5797
4.59299
11.9928
10.3125
12.9351
7.09612
13.2135
11.1957
6.51825
13.633
9.04727
13.7371
5.04502
9.44925
10.0529
6.78384
5.49701
14.5219
10.6371
6.29533
5.38753
10.6068
10.6339
9.44438
12.7154
13.9135
9.42739
7.80347
12.7508
13.6648
13.4852
14.9906
8.59649
9.65126
14.212
5.28294
14.0599
8.35678
14.3259
14.6826
11.0068
13.3683
11.2711
8.74882
13.4005
11.5858
6.23151
9.23384
7.99647
6.01863
9.89688
10.9621
14.4237
14.7141
14.0709
11.2185
7.49256
9.65214
8.85638
6.87621
5.99683
14.5499
5.49092
6.94353
4.40688
10.1176
12.7414
10.2448
12.1927
14.754
14.6743
12.9352
10.5382
11.7675
14.0543
6.78138
11.3126
10.0645
13.7003
10.7995
10.1306
9.37421
11.6545
14.6381
11.0521
10.6154
9.34883
11.669
6.22146
9.624
13.1316
9.84447
14.2447
12.9451
7.97691
9.74574
14.6171
9.58698
14.723
4.55271
8.53735
10.4021
11.9581
7.90145
14.9202
10.6534
10.6677
14.9435
4.84176
13.8402
9.08761
12.7686
11.4384
11.3075
8.58162
14.4955
9.97473
9.60535
13.5256
5.05042
14.1185
9.44452
10.3656
14.8034
7.40359
10.5415
10.5091
6.98346
11.7092
10.4663
13.9236
10.5678
11.7521
11.3807
9.93128
13.4449
10.3061
11.6104
8.30654
6.10022
7.14416
14.3905
7.37376
10.3059
10.6381
13.7483
11.916
8.82536
13.1473
11.5275
6.11669
5.59287
7.17492
11.5369
11.9476
12.5425
9.40782
11.3046
14.6927
12.8004
13.1439
5.55578
12.6746
8.87534
14.0574
6.29073
7.12032
6.65052
7.87193
13.4681
8.63327
5.22666
8.89979
11.3695
8.07191
13.3638
9.43901
14.5124
5.94124
10.4405
9.79403
6.00175
4.27823
12.8181
9.23977
8.05432
12.6384
12.1183
4.33263
14.8621
9.79792
11.6442
12.4981
9.71572
12.2882
13.0756
14.5682
12.5935
13.3524
7.65628
14.3751
9.07337
12.1615
13.74
5.94067
11.987
11.2472
9.99866
5.86604
14.5253
12.486
10.2239
13.2643
12.0882
11.021
5.27385
8.80916
9.17447
13.786
6.27658
14.5191
6.45848
10.9896
14.3819
11.753
9.7824
8.51402
5.11534
5.18432
13.5681
13.3022
8.56543
7.76475
12.2088
4.96042
9.24751
9.89178
14.4592
11.5374
12.3861
10.3032
8.67633
11.372
11.1316
10.4432
13.2322
8.63414
4.66321
8.27119
10.3581
7.08335
12.183
6.05044
11.365
8.19209
11.8842
12.7682
12.6067
12.1921
9.50198
11.1893
8.83575
7.43163
11.2659
8.70614
5.79724
12.3833
9.28105
5.93879
10.7548
9.31483
14.7318
8.08223
9.22674
10.6945
12.3663
12.0749
8.76183
11.8081
10.8297
9.0471
14.5576
14.2255
7.72804
11.7751
4.609
11.1133
14.1219
10.8383
8.80686
6.85243
7.78258
9.40642
12.5548
6.35843
5.89032
9.22157
8.53508
12.7
14.7885
7.1885
11.3603
11.4591
9.89739
9.15972
13.4353
13.4363
12.7611
10.9305
6.2938
10.4074
14.3696
7.32925
10.9954
14.7046
13.8156
6.56745
9.79419
7.81031
10.5107
13.2196
6.9668
9.73588
14.0793
11.6069
12.3938
6.4939
14.0385
8.56068
4.43067
13.7917
14.737
14.7603
14.2744
11.7328
12.6498
12.0735
10.6071
5.22685
8.30303
9.09775
14.951
14.2551
11.5841
6.38611
5.73408
10.4389
8.88789
10.3537
11.656
14.4369
10.8695
12.6081
10.5958
13.7985
6.40552
8.73752
10.5304
7.69685
13.4857
11.9974
9.90229
7.2301
9.06285
14.3256
5.59966
6.63375
4.10562
14.0838
5.54802
12.9685
14.3095
9.19327
9.13881
5.04535
13.0541
8.10856
11.0071
8.19876
5.49145
10.864
9.51073
8.75981
8.25716
5.67904
11.2717
8.63782
12.123
11.725
9.72731
7.61388
7.42381
11.302
9.577
13.841
11.8439
5.65058
13.8128
7.59114
10.035
14.7214
11.8448
14.146
11.8496
8.6169
8.6491
13.9543
12.762
12.7314
8.86396
10.521
12.5725
11.7675
13.568
11.9046
14.5785
7.20159
10.7195
14.4645
13.5835
11.4753
5.83396
11.6417
14.3905
7.13815
8.45826
4.48728
6.82946
12.2881
6.77252
14.0412
11.7031
9.46357
8.42378
9.56105
8.30208
4.53381
5.20792
9.08455
12.0543
5.11496
11.0148
12.8473
9.7316
13.0915
11.3134
12.5357
10.3282
6.76944
9.71821
12.9417
9.99917
6.07231
8.87293
8.9718
8.93871
11.9845
8.6208
5.30424
7.7509
5.98612
11.6587
12.1839
10.524
7.21417
9.21023
6.24064
5.67198
10.9265
12.9569
12.2505
8.04633
9.95678
5.48534
14.3225
4.52963
12.9275
10.2494
9.9448
9.23338
12.2899
7.78366
6.97233
14.7664
9.04529
11.0534
8.55287
8.96317
13.1684
11.9443
6.39626
8.72669
11.5042
10.226
13.7724
13.4865
10.4629
10.1571
12.4647
14.599
13.7731
10.2964
8.58392
9.46499
13.7552
5.57549
9.80569
13.2187
9.17938
14.0073
10.5724
14.8897
13.1186
5.77522
6.13437
4.46354
8.54222
12.0066
12.6052
10.6646
12.2984
13.1956
11.4015
10.5176
13.9773
6.12465
9.03168
14.0762
6.0321
10.7926
5.21969
7.04096
11.2961
6.17491
5.45224
12.3294
10.3585
9.29569
9.09092
13.866
12.4987
14.4838
14.4775
5.43248
13.539
10.6351
13.8171
11.5615
11.6885
12.4089
9.25994
13.9341
13.3774
10.9507
7.63353
9.62247
11.3325
10.2024
8.56091
6.03407
10.1005
10.1068
13.9458
10.2755
8.52346
11.0615
14.0396
11.1677
14.7291
11.4372
13.0699
6.1534
9.92445
11.3493
12.6256
12.6829
6.70416
8.38597
9.90641
4.59397
10.3837
5.13157
13.0345
8.87215
10.0449
9.86253
11.7176
14.0595
7.58034
10.0508
6.61991
10.3802
6.5067
10.506
10.0747
13.0861
10.8057
8.21207
6.48765
7.83785
6.22626
8.16139
14.4434
10.2721
12.5205
11.6257
8.9867
9.88951
11.8372
9.15938
14.7239
12.4503
6.47227
8.25128
12.5943
11.1706
7.81103
4.59177
10.7394
6.17696
6.31904
7.18174
13.3151
11.778
12.3637
11.6967
12.7928
8.11079
13.5416
9.02199
14.5361
9.32404
12.4191
6.56346
9.56665
8.95942
14.0949
14.0042
9.9805
10.3575
8.24361
13.7928
14.7704
6.49825
10.7029
11.9397
9.86687
11.9622
11.6998
12.8795
8.36393
13.4605
6.0507
8.13134
13.5909
9.21998
5.65039
7.13544
12.4026
11.7557
12.3714
9.77841
6.58286
10.9565
9.93926
6.62383
8.33817
5.54454
12.2166
10.6299
14.6459
9.52503
11.6812
6.13944
11.0317
8.62776
12.3051
10.4625
11.6672
12.1353
8.98058
9.65762
9.86036
13.3259
11.1432
10.9444
8.14612
14.8138
11.8932
10.1002
8.80159
14.5394
9.68817
10.4683
14.435
9.60763
13.7616
11.0058
12.0928
14.2011
3.99694
7.89661
6.9084
12.4058
8.56424
5.38253
9.69085
12.8378
11.7775
7.30435
8.26376
8.40089
14.0378
13.4269
13.7257
12.6468
5.59893
9.05328
12.215
8.77843
7.00637
11.9904
6.58816
10.8745
9.60428
12.7436
6.29197
14.3308
7.72929
10.4563
11.0122
12.007
12.7679
11.374
6.71102
6.5913
12.0598
13.3906
13.8307
14.1433
12.4093
7.71742
9.03847
11.4524
8.8138
6.98696
8.13842
4.93074
12.5205
12.7744
14.0955
5.43115
12.495
13.4648
9.93285
12.6168
10.2773
7.36831
11.8008
7.02319
10.9265
8.32875
13.1791
11.1675
12.1987
13.3889
10.5977
7.78835
10.0589
14.1647
7.72299
14.7032
10.9708
6.26474
12.2426
8.97285
14.3258
8.00699
8.97011
13.8665
6.28272
8.81468
7.09188
8.62181
5.81862
6.28095
8.9658
5.66795
5.5446
10.9564
9.04824
8.11078
5.0738
5.03155
10.5815
12.0997
9.22179
6.67822
9.11684
12.1714
11.0758
10.8417
14.4956
9.73848
6.01873
11.2892
6.26524
11.3518
9.57869
9.7709
13.4584
13.8465
6.31775
11.4739
5.98457
12.9279
11.8732
5.17364
10.2637
5.79405
13.1314
11.515
10.3458
11.0906
13.1746
14.7591
12.4935
6.47674
5.66234
10.3073
8.52767
9.87712
11.9647
12.5281
13.6354
6.8009
10.8262
6.88448
13.2104
9.92477
14.2902
12.3498
13.9284
9.30352
14.134
11.4071
9.73721
5.38916
9.00743
9.08023
10.754
11.9058
12.1667
10.1683
13.8653
14.8023
7.61361
11.9727
10.0664
5.61713
9.82653
6.47976
5.52353
9.22389
11.733
11.2436
14.5241
10.6253
12.8118
7.4138
13.9457
11.451
9.30194
12.7186
5.23599
9.77745
9.47919
9.83779
14.8233
9.0623
9.88071
10.8866
6.50057
14.6701
10.6109
10.4522
11.7747
14.9805
9.00506
7.96543
5.45058
10.5314
5.3543
5.91742
13.0819
9.09979
13.1904
9.6199
6.12486
9.82099
8.65556
6.29789
14.0428
6.04273
4.9862
6.27623
10.3952
12.0358
6.39131
8.98347
13.6491
12.7562
9.23657
14.3249
13.1643
10.5765
8.22488
11.591
6.27718
10.2797
11.875
4.50308
8.78716
12.698
5.7705
10.5936
14.9742
13.1371
7.10618
10.9423
9.91416
10.637
9.66065
6.33063
10.8959
12.1529
5.64667
10.5127
6.52438
14.8455
10.8204
6.06388
14.9052
10.6855
9.82157
7.92971
8.84528
6.36183
10.665
13.5407
9.4293
14.4931
12.4835
13.8701
5.42236
7.39437
7.4984
11.6073
13.076
11.6535
6.81292
9.04085
13.953
10.1656
8.80591
13.1577
5.30226
6.73983
9.15921
10.055
5.11981
12.6712
14.9028
12.8825
14.0218
8.28252
12.9146
5.34583
11.3331
14.684
6.1311
5.13935
8.19791
10.5792
14.1164
7.52359
10.0548
4.8895
14.3098
13.4233
13.2642
10.2899
10.2261
13.4385
12.7161
7.17456
6.19181
5.78961
13.5923
14.9036
14.0338
8.77305
9.85236
12.9894
4.10383
11.0131
10.7202
6.83412
13.9953
11.5948
7.33792
5.60896
13.3401
14.9555
14.4398
11.7773
9.38339
13.5223
6.56226
10.2342
9.38485
14.5507
5.99593
9.3894
14.3413
11.8464
9.34162
6.33781
11.6106
6.94341
9.92374
10.818
6.12544
11.8292
11.7979
5.53566
4.51697
9.15177
8.66564
13.8444
7.90134
13.5606
14.5389
8.59915
9.86245
5.92945
13.7425
14.5341
8.86714
10.1161
6.424
10.5546
6.70436
8.44243
8.24058
9.2759
8.84854
13.7731
13.2956
5.27748
11.882
14.9949
12.3592
6.36682
9.82281
14.8737
5.64607
12.1703
5.9318
10.9762
5.75726
13.453
9.48236
11.3387
9.92063
14.9442
5.16829
10.1159
8.96016
10.8081
12.8124
12.9622
11.8355
9.50892
13.0306
14.7634
7.26906
5.58556
9.65405
9.29524
12.5762
12.7049
14.7401
14.3166
12.9736
13.1262
12.4093
13.1115
14.8703
9.60729
11.1981
11.9966
12.4333
8.15636
12.0198
10.7958
11.8717
8.9279
8.50942
10.8153
10.5244
14.172
12.3695
10.9905
8.96537
14.9574
13.1938
9.65267
12.9325
7.25462
5.98195
10.0636
5.01776
9.89009
6.17622
8.49806
9.13643
10.7134
14.3228
14.6304
8.84185
11.2143
14.2855
7.002
5.80991
11.1995
13.8186
9.33587
8.43118
11.2062
9.34716
11.9115
12.8547
12.2292
13.2294
13.5104
13.7128
10.8404
10.514
8.10908
10.8336
11.9942
10.0118
14.059
5.02388
13.991
9.44006
11.5359
10.3667
5.8041
11.5231
14.8179
