10.1939
9.98202
14.4389
6.40454
14.8576
14.6317
14.3658
14.5154
10.841
10.5959
12.0911
13.03
10.0378
12.7233
8.08741
12.8017
12.5627
13.6604
10.2714
13.7518
12.9401
6.78454
14.5346
10.0613
14.7338
12.0174
14.7769
9.664
11.5739
14.1861
12.135
10.9732
14.1163
10.8644
14.7496
12.4094
13.9764
11.2169
13.9592
6.74496
10.3295
10.9423
12.7445
8.97503
11.0713
14.7605
10.2906
11.0236
14.0755
14.1092
7.3562
13.2121
13.8347
12.3156
14.2642
12.828
8.27708
9.89734
10.8399
14.7004
14.4248
10.8313
14.4886
9.83892
10.1808
8.63249
9.01951
12.6521
14.4936
11.502
14.1385
14.9823
12.1718
13.3569
13.4593
14.8901
10.1465
14.2762
8.38796
13.3067
13.4282
14.0075
10.7774
13.3446
8.75469
8.68411
10.9552
14.5698
12.0307
14.043
14.2038
5.34909
7.20759
3.5496
10.5185
14.5
12.9
8.54783
11.9222
13.2235
9.50112
10.6277
9.9703
10.8067
9.31306
12.4067
12.884
11.2365
14.5847
9.09195
9.46452
13.1889
10.9411
12.1984
8.30035
8.96244
11.5679
8.25438
7.01046
13.6922
12.7778
13.8645
14.1464
11.842
14.8798
12.9063
12.7922
13.9141
10.6187
11.8563
13.314
6.79654
14.3924
12.2876
13.6251
11.6412
10.7629
12.2755
14.5034
6.28655
14.428
11.1886
10.3018
10.5731
13.3797
9.98373
10.893
13.4653
9.81755
14.1915
10.2536
13.0316
4.99113
11.0738
11.9699
12.4091
14.5019
10.2045
12.0478
14.1011
13.4671
12.7816
14.8127
10.7249
8.1664
13.6261
12.2634
10.7532
12.9284
10.4555
10.8888
13.0697
11.0086
10.0662
13.6102
9.43452
13.0947
11.4259
12.7257
7.14218
10.8707
14.1814
10.9978
14.2646
8.35227
9.74338
6.44278
9.39655
14.6276
11.1899
13.7683
14.6126
12.8212
10.2105
13.831
13.3301
11.8542
13.8158
6.56596
10.1167
7.01425
13.7308
13.6521
8.35469
11.552
10.7611
11.44
6.66485
14.5256
14.8344
13.1888
14.926
14.1635
13.8336
11.9938
12.9726
11.9491
11.0796
8.58842
9.92904
10.1031
14.4874
12.7553
14.5753
12.345
13.9022
14.8237
14.4378
9.49672
5.57548
12.5644
6.97586
8.02633
9.51013
11.6206
9.8493
13.2116
10.3574
10.7099
8.04767
6.49293
7.8195
9.03314
14.7906
9.16027
13.2075
11.6596
13.6357
11.7869
13.4559
9.38163
13.1389
12.3928
14.1202
9.75915
11.5582
6.26319
9.96558
14.5713
9.23403
14.4583
13.9305
10.9986
11.9088
13.1557
12.4727
10.6813
14.607
10.8162
9.88879
13.4857
13.9046
10.2734
14.9334
11.4904
11.032
11.8721
11.1501
7.6127
10.3181
9.95352
12.1953
14.414
13.1538
10.394
8.42809
13.7657
11.5391
14.9105
10.6105
14.733
12.8919
12.8807
13.2656
9.52557
14.2446
10.3626
11.887
13.2594
13.9265
6.06564
13.9981
14.0743
10.9698
7.85153
9.52668
14.586
11.1216
13.0005
12.9551
10.4557
11.9635
6.61934
14.8478
5.21089
13.9562
10.8858
7.06482
12.2095
9.39483
9.7299
10.4093
7.66773
11.3854
9.35023
11.7426
12.5071
12.8089
14.3189
11.9523
13.2189
14.2756
12.3223
11.274
14.568
7.85639
12.7338
12.956
10.6796
13.3964
10.6212
14.9901
11.5664
9.87307
12.1716
14.1204
9.85247
8.88219
5.86519
7.82317
11.54
12.3468
14.8084
13.0331
13.9072
12.6256
5.98833
10.5737
12.7094
13.9484
11.0237
12.3227
10.2497
4.8464
14.3823
7.59856
11.8587
12.0704
11.5294
14.2873
12.2572
8.43358
7.58272
12.1074
5.7374
5.18825
9.92341
6.54945
14.7649
12.6039
12.4719
4.08575
14.8995
9.05021
14.8966
11.9978
14.706
5.20843
14.2525
11.2927
11.1778
12.858
13.3174
14.5414
12.9014
10.6001
12.6581
7.55066
13.3528
10.9989
12.3152
13.8973
11.8857
10.5444
13.5582
11.3789
13.7694
11.0052
10.832
14.4495
3.61987
11.2742
4.8304
14.9021
14.8208
9.80768
13.3344
14.6568
13.6359
14.3359
5.17496
14.2386
10.8941
13.3545
11.9164
12.5244
12.8753
12.7748
10.1495
13.6942
12.5304
14.8174
11.3485
10.7771
9.64666
6.53817
13.6427
11.0021
6.30335
9.29966
9.65021
14.7863
9.26062
6.20675
14.5717
11.5205
10.9921
14.6784
10.6247
12.4462
13.5707
13.2983
13.7067
6.11043
6.90376
14.223
13.1792
8.9492
7.25072
9.17681
11.2617
13.2488
13.9915
12.6394
12.4495
6.31339
14.3765
8.27494
6.04266
10.221
9.91373
10.596
6.13023
9.53064
13.7943
9.35655
10.5537
13.1064
14.4702
14.4703
13.6143
12.5937
13.5692
10.7109
10.6626
10.4337
13.5094
12.7369
12.985
13.43
11.6805
10.0021
11.2339
13.3411
7.5947
13.0401
14.0773
7.79615
10.5087
14.3285
9.78027
10.215
12.0322
14.238
14.9917
7.07249
11.3496
9.9838
10.2926
14.9636
14.5208
14.3589
13.7346
10.4992
8.93297
10.5992
13.6113
8.3905
13.4218
10.6763
9.01746
13.8483
12.3248
13.1845
12.8615
14.4375
8.95536
10.5253
14.1089
8.77773
13.5512
12.5699
14.5124
9.92753
8.24908
14.1982
10.5595
14.2999
14.2128
10.4526
6.70067
10.8348
12.5218
14.1612
13.3528
11.2219
14.663
12.1922
12.3967
13.8759
12.2742
13.8489
11.755
8.46089
9.14392
13.283
7.18264
12.5392
12.4745
9.83071
14.6163
14.5181
14.9903
13.9498
6.48288
14.0455
14.7746
12.4272
9.48058
11.631
14.6096
13.017
12.0938
13.9771
9.92004
14.1739
14.0962
11.7673
13.0691
11.6191
14.3247
13.0109
14.9236
14.613
13.187
12.6006
14.6564
13.9
14.0122
13.7487
9.64094
11.4065
14.7004
13.4692
11.8112
13.7501
14.2383
13.5483
14.5294
9.97898
10.8946
10.0713
10.4078
9.59089
12.3598
9.28413
5.97716
8.34686
11.0049
13.5636
12.6176
12.9012
6.81552
14.3796
6.08745
9.39262
11.3167
14.9634
8.25189
10.2178
13.7016
13.0936
10.0302
14.0923
8.4462
14.3895
10.524
13.1205
8.23984
12.2957
13.8181
8.76867
10.0301
14.734
8.18783
14.9845
11.7217
9.18157
6.90681
14.688
10.1434
12.0527
13.3008
10.2141
14.1211
12.5053
8.13613
12.697
9.50688
13.8206
6.23391
12.9939
14.0507
12.4098
13.8119
8.47507
12.4971
14.7817
13.3701
13.8542
11.6171
14.4697
9.33429
13.7738
14.8733
13.493
5.51175
13.266
9.10431
10.4613
11.8529
9.48158
12.7491
14.9272
12.7396
12.9683
13.4236
14.0474
11.4554
13.6813
14.0777
11.9508
11.6939
12.3028
9.62563
9.31857
8.85616
9.88226
8.82458
10.6456
9.75703
12.4232
13.1715
9.98278
13.2764
13.1955
14.5709
14.0792
12.4325
8.57419
12.8919
8.34173
11.5945
12.6561
12.4019
11.7524
8.69616
12.558
11.2146
11.5619
10.0114
13.449
14.7815
14.2016
10.9314
10.3453
12.7851
11.1722
12.1707
8.27341
10.0207
13.9471
12.7399
6.31173
14.6615
12.1688
12.3607
14.1819
13.2547
9.94228
12.0914
12.7867
12.7208
9.84368
13.3028
13.5503
13.4665
14.816
14.2525
7.95477
11.2696
14.0836
13.7218
13.1113
13.8341
12.1686
13.583
11.6703
10.2668
11.4641
11.7721
10.5164
11.5262
7.40314
12.0736
9.44267
13.1471
8.59847
13.4583
12.101
14.8349
7.32993
6.14166
12.6278
13.3558
10.1279
11.2087
5.30617
8.16493
11.0483
10.1228
14.2831
11.9688
14.1179
9.4513
13.1717
14.9553
12.3395
10.3424
12.7066
14.1862
14.7426
12.8865
10.8855
10.1075
14.4501
12.0308
14.0883
8.00779
10.6949
14.4296
12.7502
10.4548
13.1873
13.427
12.7986
14.4139
5.75914
12.5347
14.8072
7.22613
5.65648
9.35821
8.94755
6.14463
8.34219
6.10718
10.4822
10.2343
9.26867
13.2505
9.79278
11.1087
10.6419
9.3999
14.5079
12.8914
14.2592
11.256
12.5843
9.18822
13.9979
9.58509
14.7941
10.4619
14.3078
10.2714
14.6529
10.3667
11.045
12.8725
5.81722
14.7361
7.51021
8.2948
12.5075
13.6131
14.6244
14.981
14.4342
8.78438
14.8011
12.7912
13.7122
11.3603
6.40674
13.1524
13.8194
14.7769
13.9357
7.12111
9.87696
14.9565
7.18731
7.81918
9.4297
9.41132
11.4954
6.70186
12.1959
9.38388
9.56921
9.99807
9.88269
13.0488
11.1248
6.13968
10.2679
8.31113
11.7378
10.2704
13.7469
13.8132
12.3545
8.95924
6.42683
8.13613
7.71681
11.6034
10.8874
4.25682
9.54527
11.8965
9.16509
14.9545
6.67025
10.2044
9.95866
9.67872
9.1152
13.0827
10.028
14.3164
10.3648
12.148
14.1489
14.7689
10.206
5.89522
14.2179
13.6533
9.38497
9.678
13.3507
8.44476
13.2705
14.048
10.9165
6.19382
10.6482
9.44576
12.9476
9.26474
13.2048
12.2757
8.15114
9.50281
10.7456
10.6014
14.6876
6.7734
13.6767
11.5584
9.23674
6.29115
7.83744
8.92633
14.387
10.3926
13.1541
12.2693
6.61898
8.78112
12.3578
10.278
10.0608
12.3196
14.2575
13.9435
9.31791
12.5982
10.0135
9.95739
12.4872
14.9239
8.02014
9.50017
13.4305
7.62649
6.08676
13.282
14.0001
11.5209
10.211
14.2668
12.553
10.3071
14.0935
14.5542
13.8812
14.9037
12.958
10.5866
10.5924
11.7151
14.648
11.5475
14.9764
14.7449
11.0938
8.46719
11.8649
14.8502
11.8977
9.54982
14.8615
12.7219
14.5226
12.8703
12.1625
11.3922
13.072
9.63863
13.8863
14.2269
8.65973
14.9219
14.2438
11.4885
11.7484
13.3375
10.4159
11.8724
11.0501
11.9987
12.131
12.8345
13.1591
11.2345
14.3085
13.3195
14.2635
10.7853
11.9261
12.4083
11.2924
14.6739
12.3491
8.61457
11.6963
11.1096
10.1436
10.1995
14.124
12.9129
8.46823
14.0368
13.4611
12.6439
11.7221
6.13892
8.3337
13.6192
11.8583
13.1468
6.21881
11.2276
9.67891
10.2908
12.5208
6.3934
13.2895
10.3653
14.3707
14.3476
13.0902
10.7073
11.0562
14.7204
11.668
14.5555
13.4581
11.3665
14.9947
11.1916
10.6924
14.7109
14.108
8.08294
11.8723
8.77382
12.7473
10.3773
14.9562
9.11815
13.8096
10.8267
14
9.11236
9.29941
11.0528
6.36054
11.1144
8.95019
13.9528
12.3902
12.1026
12.6024
10.9497
8.42939
5.90503
12.6297
12.4254
13.944
5.8895
8.39222
10.8522
10.0649
13.372
10.1629
14.5407
13.5959
6.36026
14.1149
12.7193
13.1322
14.3523
9.25888
14.46
9.61791
11.4771
13.0231
13.4815
12.3876
14.4605
6.83855
12.237
12.522
10.7949
8.77901
14.0462
13.8992
9.72854
13.2407
12.2802
12.4718
8.41884
6.4292
8.78819
11.4466
10.8482
12.65
14.5135
6.03693
10.2442
10.0829
13.3905
8.76963
9.45117
12.9106
12.612
13.1975
4.74433
14.2026
12.0187
13.286
11.9855
14.9058
10.5676
14.3095
12.9129
13.0586
10.5378
5.83139
12.0601
6.29575
9.98226
11.592
9.08745
10.2989
9.30658
12.444
10.7993
12.8771
12.6872
11.1087
11.0783
13.6141
7.02085
8.79249
14.7381
13.8798
14.8996
14.9537
9.31263
9.2908
12.4118
8.03813
10.2836
6.47038
14.781
11.6708
14.2699
7.99787
9.0074
14.1506
11.6823
8.70116
14.0733
13.0067
10.4049
9.23245
6.44556
7.78659
9.52307
14.3083
14.3824
10.3003
12.126
14.9308
13.3605
8.38196
9.40082
14.8189
14.8733
5.3019
10.1226
10.0371
14.068
10.4009
14.2806
5.82292
9.73402
14.2847
12.4021
7.6435
12.0033
11.9881
9.24951
11.6657
11.0439
13.4806
9.28296
13.3563
12.033
5.68788
12.6982
13.8715
10.8333
7.80333
11.7927
14.2601
11.4797
13.6122
14.2342
11.8263
11.2578
14.4275
12.955
13.6347
13.3447
13.7697
13.2579
8.6979
14.7949
14.2659
14.4394
13.3427
13.5809
11.5369
8.60762
13.921
10.1541
14.8875
6.02258
7.90174
14.9731
8.03883
10.3345
8.35259
10.2521
5.56266
14.2831
12.7764
7.98001
6.3455
10.455
10.2625
12.2847
9.56998
13.7207
13.3687
14.9617
12.3702
13.2187
14.657
13.3086
8.13829
11.7757
10.6443
13.709
5.974
11.4045
14.981
14.0981
12.0104
11.6917
9.84931
12.7453
10.4654
6.96987
4.72106
12.9723
13.1078
9.71833
6.28786
11.0766
13.8185
9.23944
12.4755
10.5163
14.7169
10.208
8.86183
8.6335
8.81854
10.0295
8.66756
9.75139
12.5062
14.1533
14.0097
11.6103
11.3559
14.0721
6.2068
14.3233
13.5809
14.7502
9.72456
14.1658
12.4151
14.9144
10.6961
12.5661
10.4913
14.6077
10.7781
12.3672
13.1673
14.3068
14.7135
14.9996
13.7718
14.5212
13.9208
10.1808
10.5765
14.7616
11.6671
8.63938
8.48351
14.4171
14.6022
6.21475
10.3903
12.7332
14.8345
12.764
11.1241
8.63041
12.7145
14.6878
9.69619
6.30518
5.61177
11.2402
8.839
5.00691
7.0545
11.5574
8.76653
8.20181
13.9256
12.267
12.1813
12.9959
14.3966
11.3758
11.1593
13.0924
6.04377
10.1704
12.8606
14.7134
11.6246
11.8079
14.158
10.4119
10.5324
13.8038
13.1755
11.8926
7.95177
14.5798
10.9586
13.2125
12.9007
12.3546
11.7865
13.9022
13.6372
13.2398
14.5748
10.8614
13.0461
11.0131
11.7264
5.867
9.26863
12.9241
10.9376
9.14384
14.8895
14.9505
14.079
11.3357
4.15966
9.69796
14.4718
6.31142
14.0652
10.8606
13.9608
14.4084
12.5269
13.5835
13.2526
13.8823
10.9073
14.6773
10.4208
13.3702
12.3549
12.8787
14.9559
11.9937
14.0802
13.3843
13.7017
14.9621
9.06673
11.156
13.0128
11.031
13.1061
13.4823
11.7697
12.6143
12.5345
13.8339
12.4668
8.94621
13.3199
12.7876
13.9541
13.8343
9.31082
8.88482
13.8801
14.4436
14.4087
14.7375
13.4068
10.5871
10.2943
10.1748
12.9111
11.6083
13.5456
10.8678
9.6198
13.8632
9.3726
10.5893
10.4065
12.5199
7.17844
12.8789
12.0595
13.4228
14.0653
14.866
10.4052
14.482
9.08497
11.9725
7.07247
9.14503
12.5255
12.9035
9.91671
12.8948
12.9814
13.8502
10.3771
10.0168
13.5186
11.2608
12.076
14.2767
11.486
10.452
6.36573
12.5251
12.3185
8.34872
13.9181
13.2845
12.174
12.6636
9.06046
14.4195
10.3075
9.68025
12.548
11.8967
10.9349
10.1299
7.93834
8.02996
6.55066
13.1439
11.3534
10.9973
9.64865
11.0832
13.8807
8.90332
12.6984
9.51065
11.3011
14.6499
14.0319
12.3298
14.8745
6.62242
11.7522
10.7259
12.1679
13.0943
11.5789
13.4586
12.4307
14.7802
10.5605
13.6358
11.0378
12.5652
8.95329
14.2495
14.6714
14.3938
14.3326
14.0011
12.458
9.77351
14.876
12.0549
14.9496
13.5215
12.4821
9.11435
9.71423
10.6632
8.75208
11.3965
8.20375
14.4591
6.02944
4.59443
11.4949
7.82264
14.3334
11.7589
8.3119
9.88488
7.46829
11.4288
9.89802
8.47068
14.1104
8.59513
10.5381
9.88174
10.4963
14.1901
12.7229
13.8655
10.1933
11.9845
11.696
8.06167
13.5897
13.721
13.4586
14.1246
12.0854
8.25137
10.3621
9.63693
8.63363
10.8404
12.5127
14.5787
13.2785
12.6376
13.6003
10.2679
14.6063
10.8928
14.7515
13.3711
13.3536
11.2187
13.3087
14.0211
11.9195
13.686
13.4501
5.34978
10.2076
10.9627
5.53111
8.65471
13.8911
13.8048
14.2876
11.4573
11.8674
12.7101
8.50592
14.5903
13.1436
12.5583
9.41176
9.47386
9.58264
14.3913
12.3421
12.7838
14.2118
12.3592
9.04486
14.312
8.98342
6.0787
11.0817
12.1921
10.2928
11.2929
7.21182
13.2521
12.0756
11.421
5.13665
10.5332
14.1663
11.1928
8.86762
11.0479
13.1298
10.3181
9.60781
10.9559
11.746
13.0197
6.25053
14.5054
12.5221
10.1787
12.1572
12.6149
12.7512
10.138
14.4031
13.9559
9.42435
14.9481
6.10375
11.7494
14.6747
13.0248
14.1307
14.0516
10.6135
9.32623
11.6947
14.1348
14.3687
12.545
13.6069
11.8405
10.3752
8.72319
11.8315
13.0586
9.90635
13.0571
14.0452
14.9737
13.6744
14.5466
14.9052
12.0603
10.7222
10.6797
13.9721
10.0728
12.5954
13.764
14.0993
12.8502
11.8164
11.1774
10.9419
14.0974
9.04076
8.56319
10.4693
7.42817
12.5933
11.8444
10.5301
12.9556
6.53419
13.0661
7.19195
14.9983
12.7258
13.2492
9.88302
12.5211
13.5261
8.55562
5.99959
9.43686
12.2714
10.8755
13.8983
11.096
6.10208
10.323
11.6498
13.261
11.7437
14.1996
12.8852
10.0975
13.8514
10.2448
9.78035
12.2231
11.7195
11.6235
9.07086
10.315
10.4883
9.18595
11.2882
6.94852
14.8086
10.0513
13.7768
11.9773
12.2506
14.8852
7.92868
10.1801
10.3155
13.6278
6.41224
13.0899
12.1881
11.1963
12.2782
14.5241
13.9721
10.2478
14.219
14.6833
11.9531
13.1312
8.86857
14.5181
14.2568
12.1597
11.104
8.92744
13.1431
14.6184
14.1395
13.5777
13.9385
11.6701
12.6734
12.0881
10.3117
11.5925
14.4646
8.55788
14.2524
10.2645
14.409
9.2528
6.63899
5.29322
11.9249
12.6895
8.686
14.2288
13.9784
8.69899
14.7154
8.77627
14.2299
13.8812
13.9253
11.8734
13.6917
9.98701
14.9739
13.9128
14.7778
10.6781
12.2135
13.9672
14.4156
12.6757
9.67381
12.7589
6.86244
14.3116
10.5422
11.868
12.9186
9.70144
8.92312
11.9017
12.3393
9.54877
12.1463
14.3752
8.07339
14.497
14.0257
14.3865
12.8064
5.68335
11.678
8.68422
10.9691
14.1851
7.8576
9.68305
11.1936
14.6134
13.1971
11.9202
9.39537
12.2574
13.2773
13.9154
14.655
12.3434
10.8829
8.7829
14.1314
11.2937
11.0765
12.2376
12.5991
12.0193
12.7576
13.4272
12.9899
14.3968
7.30211
13.9837
14.7206
10.4813
13.1628
10.1642
9.03511
11.4773
13.748
14.5001
13.9807
14.4841
12.9369
10.759
13.2326
14.5086
8.86956
14.8257
13.9394
14.4571
8.82913
8.05285
12.7283
6.75088
5.49657
14.8855
14.0945
10.6518
13.8861
11.7744
12.3915
13.7811
13.1552
12.0048
14.8476
14.6377
14.6048
12.1204
12.4
10.7598
12.2945
13.7449
12.9244
11.1656
13.5881
12.4922
13.7027
11.6796
10.5086
14.5795
13.5864
11.9929
11.5237
9.23629
14.1926
10.8572
8.90645
13.0789
9.92165
10.2981
12.6367
14.8426
9.90404
12.9655
12.7862
14.2372
11.4053
12.7078
14.6188
14.1191
11.5523
11.1852
8.7106
14.7989
9.57576
11.9811
13.8496
5.52562
14.0284
12.3184
9.18529
11.957
14.2542
12.4685
12.9938
10.3645
14.4552
11.6165
12.9368
13.0346
13.0314
13.1824
6.76129
5.26442
13.9736
12.5606
12.3975
10.6322
11.3213
10.6658
13.8851
13.5211
12.9873
14.7861
14.8673
14.8964
9.28028
14.568
13.7895
12.0562
14.4026
10.2751
14.0789
13.7384
13.0649
14.925
6.4857
10.0793
13.8333
14.5425
9.21751
13.2504
13.2063
14.3951
14.908
14.7296
14.0326
11.6933
13.5337
9.81317
12.2666
13.7145
9.78714
10.4366
8.13707
11.3276
12.9867
13.0028
12.723
14.7635
14.9609
14.391
12.784
4.105
13.106
13.8324
9.7925
8.73927
12.2888
13.9693
12.076
14.2094
11.1253
13.6421
11.8204
7.69108
13.9164
10.4297
11.9835
13.4053
10.4027
14.1157
9.67939
12.323
14.5686
14.3624
12.3545
13.151
14.8244
13.8312
14.0903
12.3648
11.6167
10.6202
6.95442
9.94077
10.795
11.1357
11.5089
12.2676
12.8983
12.5093
13.2051
13.4622
14.2061
8.99591
12.5082
6.04628
14.7084
10.1139
13.9851
13.0503
10.3836
14.6197
12.8607
12.5957
10.8391
9.89429
9.93006
11.6313
10.6522
13.1651
11.097
6.64248
10.1702
12.5915
9.11902
10.4054
13.9539
14.7697
13.1708
12.0911
11.0478
10.0391
13.819
11.4305
7.26926
14.2582
14.3738
5.5585
14.1804
14.0183
7.64046
8.1465
14.9539
14.3913
10.7049
14.1326
12.2016
11.6455
11.8857
12.2621
14.4799
12.1291
13.4518
9.87796
10.0804
12.8055
9.87738
12.8798
13.0083
13.7504
13.4916
8.69138
14.4244
13.704
12.4694
12.3587
14.2652
6.47799
14.065
12.5888
10.2723
8.58738
9.77156
12.0031
13.0069
13.641
8.9361
14.7985
14.033
9.36742
12.4097
12.4031
13.7919
8.11453
11.5153
10.3359
14.2523
13.0324
13.8923
10.6376
9.64803
10.2823
13.809
12.8382
5.88714
12.1026
12.906
12.0999
13.5937
13.4214
12.5144
13.1708
14.3168
13.0428
11.6522
13.5113
11.1479
11.147
14.2874
12.6113
11.0785
13.1488
13.4846
12.0534
12.477
13.027
13.0764
9.16581
14.4651
14.2385
12.572
8.68161
10.0524
7.97397
14.2939
11.5226
12.4776
13.4351
10.8908
13.0332
9.75296
11.171
11.5642
12.1381
12.5893
14.6403
14.4553
12.5676
9.67061
11.6004
8.34604
6.14531
13.6176
14.2671
14.5347
12.8045
12.9823
14.1358
8.87574
10.3796
12.0085
12.0355
10.7668
11.4621
6.75751
9.01445
12.7938
12.94
11.781
14.2412
8.5326
12.2902
12.9862
8.47068
13.9054
13.9195
9.12309
13.504
6.51467
12.4856
13.2496
10.0633
8.70569
13.1408
13.4242
9.46189
11.0552
11.6455
12.3237
12.9247
10.5915
11.0478
5.91756
9.09461
8.33255
12.0219
11.1872
9.85788
5.55401
14.0783
8.36962
9.96929
10.8627
7.99205
11.0322
12.6907
14.1952
11.6751
13.6093
14.9698
9.48034
8.84918
13.1979
13.4288
12.8107
12.8775
12.653
13.8567
9.53524
10.1166
12.5874
9.13105
12.3878
14.5569
6.14836
9.09216
9.8057
13.6448
11.4137
13.9858
9.65086
8.33448
10.0077
11.4269
13.0941
12.417
14.6143
11.5093
13.9852
14.693
8.42361
10.106
11.3572
11.6871
10.5135
14.1403
9.94168
7.60516
8.29926
9.69723
11.4976
13.8488
11.925
10.2493
14.2688
10.8466
11.0779
14.6183
13.5876
11.8513
12.2418
9.16821
9.93891
8.13758
13.7082
11.1609
8.71206
12.573
14.2891
14.9772
9.09234
14.8098
12.7428
14.1172
6.17666
7.67411
10.0579
13.9455
13.5494
8.53811
5.31772
14.6691
14.7782
11.8754
14.4785
14.4821
13.0713
9.79636
14.0117
13.7927
14.059
6.08506
8.27657
11.5356
14.7293
10.3284
12.6065
12.581
13.8948
10.6307
9.69943
14.8851
13.8961
11.0964
14.1965
13.3901
12.5636
11.4978
11.4402
10.0025
14.7041
13.7513
14.6787
12.8912
9.88764
8.48625
9.16749
13.9507
9.49301
12.5344
12.0855
13.3652
13.5398
11.667
7.75755
14.2076
9.6606
10.833
13.0665
14.7
9.91213
13.4984
7.17747
9.60252
7.83546
8.82141
13.4128
14.2467
10.6538
14.5276
14.1502
10.1787
14.8008
8.5572
12.1527
10.9692
13.6106
11.5864
12.4927
13.8357
12.4247
12.0869
11.7144
12.5517
8.66265
11.5216
9.4095
9.21247
10.5416
10.4293
8.4145
14.1038
8.09782
9.22717
7.82356
4.18089
9.64066
8.78737
12.8957
11.2649
13.1044
11.8074
14.8867
12.1251
12.5513
12.7968
11.4544
10.4089
12.5834
14.8767
9.36261
12.3714
14.6192
13.0567
12.705
14.4758
14.6302
11.6329
11.2024
10.7402
10.1801
12.3748
12.3488
12.3368
8.4565
7.73961
11.2855
12.1112
9.74316
11.598
13.617
9.72605
14.5689
13.3638
8.37281
11.5882
11.3126
12.7292
5.51195
12.9111
12.5644
12.9583
14.1035
6.37106
10.7263
14.5249
14.56
6.21141
10.9904
12.3647
11.4325
12.3535
11.5483
7.95596
10.7219
10.0133
14.1302
10.8529
12.3179
11.8904
12.676
7.94449
10.6696
14.8271
11.6947
6.97703
6.12856
13.0691
10.3243
9.9713
12.9188
12.1539
9.33707
14.9368
11.8945
14.9425
13.4438
11.8568
11.4092
11.1506
10.6749
6.28316
6.40173
10.5662
14.3999
13.3753
13.3079
14.1772
11.6423
12.1734
8.75207
13.9766
12.5878
12.5569
14.7904
11.8545
5.99559
8.38267
13.5507
12.4563
13.0601
6.246
6.58444
9.69308
11.276
12.2555
11.0988
14.4146
8.07461
11.7471
13.2797
8.53345
10.3165
14.3021
10.8844
12.0224
13.42
13.9404
11.7871
14.8513
14.8836
13.8393
10.2348
13.6063
11.0716
13.8581
8.14003
12.9586
12.519
7.35291
9.13183
11.1038
11.9295
11.3522
14.0303
13.9683
12.8088
10.2791
11.7584
6.51343
11.0822
11.6161
12.93
10.3554
11.6429
13.4836
14.0951
13.7718
13.1993
9.31194
8.22267
14.1399
14.3804
7.59173
9.38906
9.26371
13.7454
10.7205
13.0582
13.818
13.6334
7.974
8.74278
13.28
14.3394
8.34017
12.523
12.1325
10.078
8.91812
4.37639
13.2679
14.8091
9.97253
12.2183
10.6276
10.4538
14.8918
13.3766
9.02443
13.4329
7.56096
10.2342
12.2981
14.7069
12.4799
12.5649
14.0108
13.3113
13.4047
10.1232
13.2142
9.82837
13.731
13.5303
10.9454
7.00067
9.684
7.52986
7.88042
13.2942
13.8003
9.34666
14.4413
14.6799
10.4909
12.85
11.9925
12.3242
13.8029
11.266
13.8168
13.8003
11.0107
12.0654
10.9653
10.7928
10.4531
10.7551
8.73669
11.7477
11.6797
13.4921
9.09744
13.9909
11.9979
11.8694
8.46032
12.1034
11.9187
14.0537
12.6947
14.0709
13.1811
4.67355
12.043
12.7538
13.0614
6.62565
13.5375
13.2265
11.2084
11.8996
14.6505
11.4419
12.2493
13.7343
12.6883
12.4458
12.7782
13.095
7.91743
14.2267
13.9355
11.6087
12.6004
8.61999
13.9054
14.3447
13.3573
13.5509
9.72255
11.7474
10.1913
11.9717
14.1642
10.5977
8.29661
12.9052
5.59349
14.9098
13.5375
9.12683
10.9624
11.0567
13.4181
14.8332
14.9664
9.7738
14.0688
13.0112
14.5078
11.3737
10.9149
12.9028
14.682
11.658
14.0678
8.7533
11.4311
12.6552
14.4419
11.8691
14.9601
6.02917
12.7062
6.80382
13.35
14.6404
12.791
14.5102
6.26698
10.8568
10.7197
10.2641
11.033
12.5951
13.6023
13.3781
12.5795
13.541
14.84
12.5875
11.8063
13.6124
8.69209
12.6978
10.2325
14.5309
14.889
10.0283
12.4948
14.0236
12.2277
10.3113
8.84968
13.9186
14.5378
6.47124
10.6744
13.0929
13.6302
10.7988
11.1087
13.8448
11.7287
11.5767
14.0119
11.8339
14.2641
11.2614
14.093
6.05347
12.1056
10.4043
13.7312
10.6132
13.8943
8.90263
10.7792
12.5283
13.8603
13.2181
13.8746
12.6944
14.116
11.829
13.571
11.1529
11.0803
6.99662
14.3237
14.9302
7.05045
13.5207
14.8323
8.37187
14.4521
11.5491
10.1271
13.6775
10.7159
13.6768
12.2196
11.0749
12.546
9.96884
13.3871
10.0845
4.22415
7.75399
14.3581
7.1247
11.7225
11.2615
14.715
11.4183
13.0753
9.66613
7.2297
10.798
12.1252
14.3419
13.2834
9.63688
13.4252
13.0459
11.9182
8.45135
9.34736
12.8583
11.04
12.6942
12.5325
10.6412
14.8392
10.4616
14.4927
10.6885
9.94763
10.5899
11.3931
13.0332
10.9581
14.8644
10.9349
8.66014
11.8959
12.9091
8.04134
14.429
7.4082
5.47028
11.8745
13.4058
13.6747
14.0564
14.6668
13.073
11.6895
12.7465
9.71656
14.8491
11.8034
8.62504
9.78623
14.5052
13.8887
12.8208
13.5256
12.6653
8.65999
12.2666
12.545
10.1699
12.2246
10.7442
8.57041
12.6919
10.9587
5.93423
14.471
12.2693
14.4835
11.4864
9.06887
13.8262
14.238
8.13126
10.8426
11.8348
13.5683
12.4507
13.059
14.3891
14.0045
14.7311
13.1414
11.9823
11.3655
11.8618
14.7004
10.6316
11.6381
12.3423
11.9575
6.24035
11.5907
14.6811
11.8448
14.643
14.4474
11.9123
11.1482
14.2146
12.1298
14.1314
10.2826
12.0216
14.6562
10.4996
11.6625
14.9658
14.9244
11.3854
14.9942
12.0772
13.9953
8.38185
11.4741
14.2959
14.57
13.3712
10.0513
8.05065
9.99284
12.9332
13.9327
11.9065
9.30606
13.1929
13.159
13.8089
13.2757
13.9014
11.7575
11.8957
13.3028
10.43
14.0299
6.06181
13.3841
11.8821
9.04119
11.4457
8.8998
10.0469
14.1629
5.82487
13.9624
14.4385
14.5533
10.9026
6.10157
5.81115
10.6469
6.21473
11.8076
12.717
13.0395
11.8867
12.8361
8.43991
12.2361
7.79244
12.9077
13.135
9.84377
13.2538
12.8892
11.811
12.2228
13.0685
7.95852
11.798
8.68153
12.8439
8.66921
13.1209
10.7614
9.60237
11.2102
13.6457
11.1194
8.7383
12.122
14.2612
12.4902
14.1758
11.3379
11.5205
5.30896
10.2351
10.3569
12.5147
14.976
14.9331
11.4909
11.611
12.7166
14.3624
9.14105
14.3728
14.7821
13.9781
10.9267
13.6874
10.5722
9.55559
13.6409
6.45425
12.7019
13.6824
14.7636
8.44511
12.953
11.7246
7.04003
10.918
13.6896
13.8998
10.1456
9.84738
14.2924
8.7916
13.1203
10.471
14.2882
9.00848
9.84505
14.9338
12.5344
13.4184
10.1062
12.5848
12.2478
12.3191
8.97121
13.7343
13.2194
14.8156
10.5539
11.4894
9.65602
10.4319
10.1452
11.4157
10.569
7.35293
13.9546
10.9831
11.3966
14.2891
13.9626
12.7396
8.94531
7.57013
9.56076
8.57863
10.6985
11.1476
9.61147
11.1692
9.71213
12.8491
11.2923
10.5067
11.7608
12.3311
14.8298
8.70205
10.0242
14.2306
8.55952
10.0685
11.9601
8.84806
8.20171
11.4523
10.5312
4.99937
9.59918
14.8751
9.34849
14.9843
9.4836
13.9647
11.4523
14.6346
13.6541
14.7032
12.4683
11.7309
9.95274
14.6696
12.0377
11.1192
6.12481
12.0389
11.4843
11.3963
12.5916
10.2846
5.3947
12.1049
11.3638
13.3458
12.8042
14.2558
8.73389
13.9252
11.9967
10.2927
10.4749
8.18336
8.2108
11.5553
10.2828
13.2715
5.41834
9.36927
13.7689
7.60042
6.47763
13.0283
9.32455
11.6868
9.51494
9.22207
6.52508
10.3764
8.74293
12.6117
13.0787
13.437
12.3801
8.62107
11.5084
13.2996
13.9828
7.93642
8.72911
14.502
11.9963
10.2283
10.9735
14.8499
14.3794
13.9092
12.1227
14.5596
10.3025
13.0373
5.51584
14.4457
13.3027
14.7665
10.2226
14.8846
14.3212
10.959
14.2241
10.5288
14.0323
14.2059
9.02207
14.0242
6.09577
8.49293
10.3032
14.2894
12.3325
14.6848
5.06591
11.2181
14.3112
11.9751
13.9698
10.0235
14.1206
13.3818
14.7733
10.4422
13.7656
14.0952
5.36642
10.7552
12.8172
11.1882
14.7658
14.544
10.7924
13.1013
5.34182
11.9957
12.6099
12.6938
11.5475
8.83983
11.3512
12.2469
10.7722
13.3016
12.905
6.05799
11.9783
10.6212
11.1166
10.803
11.0984
5.61019
6.20426
7.95956
14.9614
11.7379
6.858
10.8103
10.9794
11.3944
8.73855
8.29817
14.7519
11.5172
13.3799
13.9778
14.4995
9.48381
9.73287
12.9742
12.1924
9.83403
8.11562
9.20553
14.6326
10.3127
13.3321
14.3149
13.849
11.8361
12.9647
11.7177
11.8979
14.5694
13.1291
12.5734
13.9829
13.8564
13.4394
13.2657
14.7866
10.1503
7.39234
11.8569
9.06737
11.5637
10.7064
12.2412
14.6396
14.4224
12.791
10.9555
10.4313
10.1024
5.86152
12.1774
10.3886
14.5025
11.6694
10.6584
14.2806
5.82457
14.2623
12.7389
12.8798
9.61596
8.38645
7.10928
10.0707
12.5291
12.3797
9.08612
6.07451
12.5249
12.4455
11.6907
13.654
11.6174
10.8046
12.8125
9.55471
9.62189
12.8349
13.4244
11.8784
14.2031
14.9046
13.9075
8.72086
13.5173
11.9884
14.9518
13.5847
12.215
11.7998
13.7926
12.5369
11.704
8.60603
14.0627
14.6064
12.6024
8.31775
9.12793
12.4122
14.1779
14.2956
8.78981
10.7863
12.3868
5.90339
10.0114
14.5453
10.8227
14.6763
6.27016
14.614
11.7917
6.7206
14.9923
12.0714
9.15314
10.3844
13.3573
7.55079
11.8257
12.6633
10.3715
11.5056
11.8802
6.59904
14.1024
11.6667
13.4811
10.4683
8.68508
14.8863
7.63513
14.6952
13.5087
11.8244
13.713
12.4007
12.1442
14.7083
10.0966
14.7921
14.6791
11.8134
7.14562
7.25213
9.33119
9.7465
13.5869
12.7378
13.3362
12.025
7.51895
11.2957
8.09683
10.3631
9.51042
10.7105
9.88648
11.2108
12.0364
9.42005
7.15516
13.2806
13.473
9.29268
13.4318
7.02548
10.6813
12.8851
14.8092
10.2498
13.841
12.856
12.9324
9.77336
10.2254
14.3362
14.3004
12.9966
8.86109
13.9107
7.95675
13.7997
11.3604
14.747
9.70385
11.4123
12.1261
13.1028
13.2086
13.1481
13.203
14.6508
13.7312
9.76309
13.0968
13.9222
14.2974
13.0732
14.4683
12.6966
9.28958
5.45857
10.8115
7.83358
13.5835
11.1771
8.89268
13.7511
11.1691
12.1245
12.8753
13.5602
14.5308
6.68706
12.7752
14.3757
10.5815
6.95548
11.9627
8.0408
11.2466
12.0183
11.5642
13.1412
13.8036
11.4846
14.3994
13.1011
10.1683
11.1762
14.7206
10.3421
14.183
13.3407
6.69302
10.2619
13.6207
9.58252
10.3358
11.9958
13.4229
9.15955
9.91371
8.90793
7.35697
10.0799
12.8932
14.1677
14.7717
10.7547
7.37473
11.6526
4.48097
11.7569
12.389
9.84364
10.3732
10.4379
12.9403
13.9928
14.6444
14.9229
13.3962
12.0001
11.7799
14.7834
12.1432
10.3114
12.07
11.5844
14.3355
14.2809
14.7574
14.1482
13.0562
10.8071
12.4577
13.1869
14.1849
10.0406
10.0462
14.5344
9.81557
13.2902
14.0648
11.5662
12.7288
9.18383
13.3444
14.0206
11.726
14.7365
12.3823
14.8893
14.7166
14.6391
9.68596
14.0901
8.8771
11.2118
13.7327
6.50903
12.4176
5.92508
12.6364
13.3681
10.1198
11.1846
14.3661
10.6667
10.5106
13.5302
11.3769
12.7391
8.10795
10.2894
13.2421
11.7338
13.3199
9.54842
14.0835
14.2888
13.1463
14.2468
14.1273
9.55031
11.488
14.5893
8.23949
12.0858
12.2546
9.97145
11.1664
14.6055
14.6439
11.9498
9.54566
13.9189
12.1046
14.6366
14.2024
11.0147
12.5745
14.503
5.38516
7.37079
12.1355
5.77851
12.5162
12.4685
13.776
9.58639
9.50822
12.6512
14.7372
9.94415
10.6562
12.0257
13.482
14.05
14.2028
10.7408
14.6691
13.4788
12.2602
14.307
12.4963
14.3005
10.156
13.487
13.7438
8.45569
8.32498
13.65
12.123
11.8745
13.8041
14.2912
12.1882
12.4674
14.8132
14.8132
7.03725
7.78187
11.6598
12.3104
11.5568
14.8527
14.5779
7.08215
11.5862
14.14
11.1277
13.3663
10.7024
5.26415
11.6111
9.12653
13.7603
12.8505
14.7392
11.8612
9.12244
11.0269
8.70359
10.5744
7.52851
13.5154
10.8655
7.55543
12.4864
10.8284
14.5661
13.7715
13.2678
13.5589
14.3623
13.4416
13.804
12.4201
11.0254
8.46288
11.8465
14.9438
11.4026
11.9828
14.7237
12.5609
11.9529
8.31919
5.92099
7.83401
11.9214
9.1573
14.6126
8.6912
10.5373
8.18791
6.23273
13.0534
11.5227
8.30704
13.2748
14.2311
10.8998
8.32093
10.2614
14.9329
14.8589
11.314
8.1934
10.3318
13.7367
12.6142
10.5663
7.98791
6.34763
10.4289
12.536
14.5032
12.7518
8.99685
9.92688
10.5628
13.2461
14.1067
13.5761
11.3938
7.8031
14.4658
12.3587
12.363
11.2188
13.0081
11.8116
14.8893
12.1885
14.2756
14.8745
8.21026
13.2835
11.5254
13.6482
10.96
12.6575
8.00182
14.4119
12.3028
10.6317
14.1679
6.81289
11.269
13.8228
13.2358
12.7398
12.2847
11.1577
10.1332
14.4648
10.4612
14.5424
12.6138
11.39
12.3939
14.0448
9.5854
10.2169
14.6874
10.3298
10.1271
14.7484
11.7471
5.6723
14.9771
14.8179
8.95396
7.02281
14.6177
13.7544
8.40151
7.99104
14.6234
3.90891
10.176
6.98426
13.3856
13.3529
10.2466
4.9556
12.2421
10.877
7.95948
13.0343
10.1839
14.492
13.5589
13.1232
12.8514
10.7885
13.5245
14.8318
11.7411
11.6843
13.0777
6.91642
14.5644
10.1159
10.1002
14.1886
9.57255
13.6231
12.6428
10.9888
12.1571
13.8162
10.39
14.1479
10.4194
9.42078
14.5651
14.5725
13.1823
10.0691
14.7892
12.3167
11.0523
5.40541
13.0008
10.3196
9.62303
14.4305
14.7
14.8763
7.65054
10.2393
12.5295
14.5907
12.5254
13.7183
13.5563
5.70511
11.1345
14.7141
14.0483
13.509
13.1703
13.8152
14.952
11.4343
12.0194
9.58179
12.5368
13.2284
10.5182
11.9145
6.78075
10.2645
10.803
12.6406
10.2861
6.05679
12.1612
14.1156
8.71214
13.6091
10.2078
6.88145
10.641
10.9256
9.60812
10.9162
10.9485
11.7315
12.8663
12.5105
12.28
10.9974
10.0011
8.92965
6.61978
11.6053
12.4672
14.0861
14.8935
14.9616
12.8121
14.2808
14.9552
13.7453
14.6424
13.483
14.9975
14.9927
12.437
14.4473
12.4923
9.51608
6.51378
10.3309
14.497
12.0638
6.86709
9.92823
8.13499
14.3006
10.7286
6.94805
12.2108
13.8519
12.3779
11.1452
10.5646
14.4649
12.896
14.4852
14.1766
9.05863
11.3037
4.90787
12.5907
11.341
13.3987
13.449
13.175
14.5068
11.4622
10.7378
10.0501
14.0097
14.1507
9.9641
11.1935
11.0798
9.16165
12.8081
11.121
11.2277
10.7452
10.2727
8.58051
12.768
12.3642
14.3251
11.7227
14.737
12.2061
12.4685
10.74
7.93587
6.51183
9.33839
13.608
14.6953
12.5974
13.5616
12.4237
14.7212
14.9707
12.8662
4.11891
9.89178
12.146
10.0639
6.90916
13.5895
9.35832
13.043
8.34322
6.38896
14.834
11.2001
10.2964
6.47387
9.75626
11.8135
9.27286
10.7348
8.63417
13.9332
14.1668
14.3757
14.1904
14.102
12.222
10.1359
14.2563
14.3467
9.48289
14.0313
11.5755
10.7643
14.3987
10.0575
14.0569
11.9225
11.8578
12.5481
11.9342
10.3999
9.12658
14.5242
14.0694
10.462
8.75028
9.94964
6.8634
12.988
9.02204
14.1272
14.0319
13.4853
13.6564
13.6049
14.914
11.5422
11.6384
12.5962
14.3363
9.92442
11.2211
14.6101
5.70228
8.07412
14.9249
13.0055
7.22057
13.3252
13.2757
10.4019
13.2024
11.8672
12.8312
12.133
12.6727
9.10575
13.6083
14.5937
14.7417
11.0415
11.6074
12.8437
10.5895
14.0803
13.6181
11.8442
10.6924
5.08518
8.39363
10.2516
13.2494
12.9497
11.9255
6.59447
10.5317
12.8682
8.09445
11.0398
6.45771
9.55501
12.0813
14.8624
13.1705
13.9735
8.19993
10.6283
11.7665
11.014
11.6866
12.6424
13.6417
11.1982
10.4275
8.39739
10.8324
6.53895
6.3031
10.9372
13.4108
9.37281
14.3564
14.2613
9.65912
7.7761
13.5344
13.1512
14.02
10.4156
13.6987
12.8204
13.3611
14.4036
12.4412
9.79451
13.9553
12.8573
10.9407
7.89967
14.7541
13.0213
12.7735
11.5698
14.675
14.5121
9.83294
14.8176
13.4248
11.1637
11.2882
12.1315
6.01404
14.8898
13.9788
8.52123
4.97882
12.5387
7.33903
10.1733
13.846
14.6768
11.8053
13.8726
12.4821
13.1245
10.014
13.5317
13.9118
12.4537
14.2481
8.35799
14.7879
14.1976
12.8339
6.5333
13.0418
14.8283
9.81279
12.2289
8.65059
14.0022
14.3753
14.1242
12.6593
11.5638
12.2533
13.6189
13.6255
11.6446
14.9991
14.8058
14.1665
11.1701
14.6916
9.90964
10.7297
13.9846
6.2057
12.0602
13.6401
5.90205
14.7242
11.5905
14.2308
8.59635
7.13345
8.36087
12.7883
14.586
14.9634
8.13762
14.5882
10.0035
11.5079
9.18823
14.8622
11.8064
12.8225
13.5014
10.1878
9.11014
14.096
12.8881
14.2095
14.4641
12.8168
14.2977
12.5618
9.26451
9.74028
8.32114
13.1782
13.8453
11.3046
14.3412
10.5223
14.6943
8.48851
12.1289
9.62244
9.07822
9.77976
12.6298
9.81962
8.49739
12.9318
12.2546
8.78141
11.8126
11.2774
14.2598
14.3485
9.72324
13.7119
13.0039
12.599
14.5748
14.9732
14.4126
12.3285
14.1084
10.8096
13.0125
12.7796
13.41
12.8087
6.4452
11.8971
4.66501
11.3289
14.6297
7.11268
14.134
13.0578
14.236
14.9624
10.2081
14.9055
14.6723
8.67188
12.6067
14.2471
8.88312
14.3438
14.0596
6.20415
14.2134
14.0969
14.4977
14.9539
9.61065
9.86076
13.3586
7.10424
5.70791
6.81281
10.5475
11.2379
6.1257
9.82859
6.97765
12.4283
13.7755
5.60486
12.0315
6.47404
10.3023
13.23
9.72348
11.0202
11.04
13.4225
6.66853
7.50941
9.45006
8.97808
9.87742
12.4908
9.7823
14.1352
8.54498
6.62224
10.7201
12.9782
14.0917
8.51322
14.6085
12.3639
13.6478
9.40712
14.3549
7.41367
10.569
8.19603
10.8394
12.4994
8.72698
5.93816
9.76813
7.6667
14.8315
13.3449
4.65484
14.7522
10.1831
7.53675
5.22447
14.2198
9.89109
10.6844
5.60812
7.75578
12.5039
13.7416
12.4364
14.1986
11.4504
12.0297
12.426
13.7602
9.70656
11.1567
14.958
14.4985
12.7561
6.02098
5.71331
11.2986
8.63366
11.2872
14.0568
7.18526
5.71779
13.1529
9.61842
9.20975
8.86514
14.0676
14.3729
8.66625
8.64766
10.8825
14.6633
14.3894
11.0695
12.2842
11.5903
9.07595
11.1306
11.3064
14.9972
12.6494
14.6542
10.0861
5.84943
13.9921
13.9859
13.4806
12.6318
14.0169
11.287
7.7946
7.91955
8.86471
13.9743
8.47904
10.5987
8.76169
6.81078
11.8744
13.1768
10.1837
11.4647
10.5869
13.4361
5.52789
12.3007
6.33908
14.8579
12.0465
9.74663
13.2777
12.1809
12.3774
12.88
6.89204
14.3894
12.6559
11.8623
5.7129
14.8795
14.4087
14.5581
8.42325
6.49798
10.9974
6.91249
8.42866
8.84208
14.1296
13.7639
12.693
10.1647
14.0372
14.2772
11.9949
9.25057
14.8049
9.31144
14.8248
9.62109
14.8715
5.60539
13.4882
9.51814
8.61804
8.29969
14.8751
12.0107
10.1628
10.8586
14.9641
14.895
12.0211
12.9177
9.58484
12.6266
12.8229
9.37226
12.1043
10.8196
12.3425
14.5065
14.3277
6.47178
10.5623
8.50543
7.48139
8.77505
6.84671
12.69
13.8128
14.4988
10.1992
12.5689
10.4715
11.9544
14.8612
14.5745
7.01379
14.9628
10.9799
13.4033
12.8074
13.9555
14.1446
13.8735
8.00256
5.55478
6.75848
8.90843
12.2254
13.9594
9.07582
9.97312
13.2795
10.743
7.07477
12.3674
14.3589
13.8042
7.31891
13.7167
14.7319
13.1625
6.39765
14.1965
11.2432
6.76589
14.262
13.068
14.56
12.0204
6.18254
10.0085
14.8641
13.5185
7.08154
12.2396
11.0261
14.3521
11.7437
7.88964
13.5688
14.8524
13.2677
11.9821
14.8166
11.8632
11.979
14.0499
11.7038
11.6945
8.85577
12.9883
13.6315
9.20246
10.513
13.954
7.52296
8.18176
12.1912
10.0196
14.8278
12.1795
12.3458
6.49034
7.40397
11.7657
13.4291
13.6176
10.0523
14.3186
13.7683
13.9458
10.8806
9.34206
13.264
12.3591
12.9509
10.4209
12.6306
12.8557
8.78777
12.8817
14.8163
13.8882
9.19015
14.6168
13.4112
13.2084
10.1524
13.9982
10.4624
11.9168
14.1198
13.4354
5.73385
14.2083
14.58
6.70181
11.2762
12.7914
12.6241
9.39003
12.7468
8.83075
14.7659
11.8132
14.8936
11.1609
8.13077
10.933
14.5241
14.6419
14.3919
13.4751
7.27847
11.8589
14.8671
13.4343
11.3583
11.2623
13.6112
13.8132
13.6861
14.6015
12.9544
13.5078
13.4222
13.7309
13.4825
9.69469
9.43747
10.9675
6.60375
13.8773
14.8007
9.33048
12.1137
12.5609
13.5034
13.0455
14.54
11.234
13.011
9.99372
14.0536
12.3394
8.92646
10.5251
4.86704
7.27167
8.59537
10.1544
11.5555
13.4816
9.68227
14.0994
9.83718
12.1728
6.42954
9.68146
11.5834
11.082
6.49075
14.6485
14.1286
9.10645
14.8293
12.2753
11.6655
11.0368
10.1619
12.9181
11.2715
14.6899
13.9875
13.0062
13.313
11.5599
9.19878
13.6664
9.89462
9.22561
12.9869
12.5559
12.5274
14.1904
13.7328
10.2739
12.1111
11.9987
12.4717
13.1904
8.34413
9.23874
13.1182
7.57571
13.1801
13.1581
14.5914
6.40621
7.25531
10.6816
14.8891
11.9375
13.5934
10.762
8.04089
13.0526
8.95368
8.77038
12.5897
12.0282
14.2073
9.34016
13.2998
8.98577
11.14
11.9508
12.2988
12.9754
8.89954
13.7518
13.9275
11.7449
14.2293
9.90996
10.1338
10.4255
9.26106
13.5562
10.7196
8.142
7.05607
9.62474
13.4919
12.0146
10.8235
9.83145
10.1802
12.5006
9.66827
10.5644
9.02571
12.9575
14.5221
13.8464
13.9732
10.574
10.0599
9.83891
12.4479
12.2766
11.1113
14.0249
12.9064
6.52036
12.2159
10.3466
5.73589
12.014
6.2939
13.7996
12.278
10.9955
14.2088
12.4614
12.9678
9.61791
13.1159
12.918
10.5619
10.4934
10.1587
11.2958
11.2358
9.62692
12.9969
11.8984
12.0195
11.8683
12.6982
9.79806
13.4334
13.6025
13.8693
14.7804
11.6792
8.69694
8.88357
9.47621
11.1507
8.21801
12.9749
10.0556
14.2598
11.3439
8.65475
12.2364
8.20258
8.84173
9.48052
10.3989
13.5588
8.42345
13.0546
11.3576
14.4638
7.89096
5.75874
14.5996
12.473
8.48114
9.77336
10.6138
11.3375
6.24062
11.1874
12.2617
7.79562
14.2876
14.1667
9.56765
12.8043
11.3418
10.1374
14.0103
13.9867
12.4254
14.3479
14.1304
10.3339
10.7375
14.0532
14.8982
12.3933
13.6901
13.7712
14.385
14.5807
7.16631
11.8048
13.6105
13.3403
8.55171
14.2638
14.8867
13.0463
11.1377
12.413
10.6403
10.1194
11.0761
10.1442
11.4055
10.4003
10.1964
8.28281
12.5679
8.05772
12.5691
8.80291
13.0765
12.889
5.20938
11.2301
4.37512
14.07
9.82802
10.2327
12.963
10.0695
13.918
13.7752
7.644
12.6393
12.0875
4.94597
13.7809
13.3887
12.1477
14.7549
14.2394
10.8695
13.834
8.99145
14.3887
14.8839
10.6083
12.236
12.3307
11.8514
10.204
12.2918
8.62179
6.36067
14.8552
13.4915
11.1525
14.5905
14.0123
14.2176
13.7219
11.8874
13.9709
11.4011
8.01479
10.2037
11.9424
13.8115
11.6955
11.4165
11.0007
11.4752
10.1474
10.0312
13.5918
13.823
12.4111
14.9655
8.79944
9.6701
14.7512
11.8265
13.4272
13.9913
11.4388
12.541
9.33878
8.61655
9.87911
13.2011
9.63694
9.11151
6.01448
9.37332
12.0549
11.7541
8.73733
12.4167
14.962
10.0756
13.7973
13.8888
14.9159
14.9528
14.6312
10.1988
12.8438
6.23736
13.0067
13.128
9.87641
11.1037
14.033
9.33001
10.412
14.9075
13.955
10.5192
14.6473
14.7212
13.3433
14.5157
13.625
11.6827
6.07267
9.98029
13.7441
7.25601
11.7667
11.316
9.29357
8.14267
13.0751
13.8319
10.6609
12.7944
14.0997
14.0798
12.9859
13.2495
14.6
10.4773
9.61314
13.6696
9.95849
14.4175
8.51473
9.6573
14.4622
8.91276
13.1177
13.5793
12.7463
12.2896
9.07092
13.3822
11.974
9.63212
9.88576
11.1059
14.228
14.6778
12.5061
9.25286
12.4313
11.2886
14.5466
14.1299
11.6719
11.5899
14.5125
12.0364
14.9797
10.7813
9.89756
13.7545
8.77387
11.521
10.5728
10.0077
9.9787
11.6859
14.4746
12.071
14.3519
11.6717
10.0259
9.16549
14.2974
14.7529
7.82997
11.4862
12.2676
13.3533
14.8404
10.0899
12.3709
14.608
13.5113
12.1423
11.0823
12.2633
14.0104
6.41857
13.8545
13.8528
14.5406
13.8251
13.945
14.3942
9.90789
10.88
14.1534
12.0709
12.1362
11.1126
10.5708
13.5564
9.39723
10.219
8.92069
13.2571
14.2469
9.13595
7.29082
10.5247
13.7084
8.69036
13.2204
14.8326
12.8579
14.382
14.3676
12.0427
14.562
12.6947
13.8343
12.7274
14.6471
11.8337
9.00751
14.7617
10.0763
12.2171
6.21399
9.11881
12.9136
13.8751
11.0833
13.0433
10.3777
10.3234
8.07647
12.4673
14.2266
13.3332
5.32379
7.17858
11.1436
11.4474
9.49169
5.84767
9.99264
12.7323
11.2534
5.34317
6.26127
14.5468
12.7396
8.72481
13.9247
9.93751
10.7097
13.5315
9.1891
11.1138
14.2379
10.1787
9.8063
14.2693
14.5256
14.9241
10.2281
13.1189
5.98698
4.70437
12.5055
10.8412
9.28257
7.19929
13.2789
14.6708
14.6919
12.4936
9.49729
14.3726
14.3769
13.9234
8.73688
13.9987
8.83505
5.77861
11.1231
11.2854
12.4309
9.61451
14.9189
12.1594
11.8179
10.9575
14.6408
14.0795
14.3474
7.14183
11.922
13.7364
10.6986
14.7781
11.9425
12.3128
14.278
9.64382
9.28847
6.05793
10.8925
12.4857
13.6312
11.5225
10.3889
13.9639
12.4
10.7558
10.5829
13.5452
13.6302
11.09
8.79214
14.6258
6.35067
9.84965
13.7775
10.9955
9.90587
13.4124
14.7282
9.43171
8.9062
14.2975
13.0002
14.8924
12.7899
10.8258
11.2362
10.9806
13.1772
11.8696
10.9647
12.8843
10.5327
13.9288
11.7378
9.02746
14.5768
14.0572
14.5075
12.4422
8.70577
12.7642
13.711
13.4964
14.5274
9.90342
13.2231
13.7217
14.2969
14.758
11.5592
11.743
14.9958
14.4475
12.4231
9.66769
12.4613
11.6742
8.81146
10.3742
11.5276
14.612
10.6153
13.7229
8.84288
11.5689
13.4509
7.67496
11.757
14.5085
9.06476
12.162
10.659
13.7615
10.4605
6.78597
11.8255
8.75825
12.193
8.94983
12.5662
7.69971
13.7874
9.52652
11.7715
5.81643
5.41014
6.04672
14.5048
7.58749
7.62351
11.2977
14.2175
13.6238
11.4991
11.9782
9.09962
14.4517
14.4093
12.8011
12.4306
10.4402
12.2719
11.0192
13.5501
6.44237
13.648
11.7794
10.1109
12.9678
14.0752
12.377
13.7286
10.304
10.3784
12.2607
10.4918
10.1534
13.2901
12.7645
13.7829
10.3833
10.3704
10.5873
10.1171
10.6789
11.7998
12.9074
9.74713
10.3489
9.84825
9.91157
10.4066
14.9172
11.0632
13.5864
11.7696
13.2417
13.1578
14.657
13.6654
12.0601
13.7758
14.4545
7.99445
12.8007
11.1402
11.7681
12.2311
11.8401
11.5852
9.90833
13.6978
14.4889
13.3159
13.5942
9.81427
10.0811
14.2091
12.8288
9.99132
12.7928
13.8513
14.1892
10.4734
14.2104
10.7112
9.55116
10.3226
12.6199
13.8658
10.6718
11.7424
14.1613
14.9501
8.3305
11.6545
13.5392
6.44094
14.9618
9.24197
10.4157
12.9623
12.8647
14.3521
9.51945
14.6725
13.3347
9.2831
13.9109
13.2806
10.4632
9.61352
11.3719
9.59531
11.0206
11.7919
13.9396
9.17009
13.4901
11.7538
12.3074
14.4245
12.0993
13.5931
13.7348
11.3641
10.078
12.2137
12.8997
9.79233
11.4981
12.5562
14.6125
12.0993
14.5962
13.497
14.6474
10.9384
12.3718
10.9278
14.3959
6.19457
10.755
8.84485
13.3601
14.1295
11.7848
9.15054
12.9063
14.8252
6.07146
10.5915
10.6335
14.1558
10.8407
10.0018
12.3518
10.0229
13.1414
9.8074
6.87454
9.23291
11.0463
10.276
11.7403
13.0438
6.86816
11.2251
8.20177
8.06065
5.97035
14.5711
10.9179
11.9651
13.7825
8.56809
11.6107
14.3797
12.2494
12.0261
9.81764
9.99418
8.5846
10.9402
13.1129
14.1022
13.2491
13.7586
13.2979
9.99232
5.29195
13.821
10.8316
4.69651
12.7903
11.9341
9.05969
12.7907
14.1525
12.139
10.4661
10.0207
8.73458
10.2366
14.6324
12.0113
14.5279
11.1214
10.1479
13.9582
6.2244
9.8068
8.96429
11.0916
11.7993
11.0585
14.4616
8.99809
5.99738
12.098
13.5415
10.6848
14.99
6.20386
13.0628
12.5578
6.2071
14.4775
14.2377
13.4035
13.1658
14.492
14.5717
12.1728
9.47951
12.9522
14.9659
14.2229
11.3121
10.0315
13.1462
8.65608
8.8271
13.493
12.8428
8.48647
7.11046
14.3978
14.9008
14.9123
14.6973
14.6727
11.3419
14.8252
13.7983
9.20043
8.42526
10.2928
9.85967
12.0763
10.3189
9.96735
14.6912
14.2185
10.1766
14.3113
13.2591
12.6262
12.63
7.03642
6.24709
12.8676
9.39331
11.8513
9.40901
9.16308
9.3729
12.8782
14.1579
12.5822
8.44284
9.58296
11.4037
13.0014
14.1779
13.246
14.6748
12.5229
6.26699
14.4382
11.3466
12.1069
10.8541
14.5902
14.0303
8.27243
5.25816
12.4237
14.5314
10.7762
14.2222
7.03339
12.6992
9.70748
13.9215
7.10323
9.93778
11.9992
13.5636
9.84063
14.5496
12.2139
8.32186
13.5517
9.85186
11.0068
14.21
13.9785
9.26545
7.30863
9.64617
8.15595
12.2058
13.3168
13.5937
12.2372
9.17593
13.3547
14.8843
14.4534
9.94754
12.1033
14.4232
14.758
13.9593
12.8615
13.4433
14.5232
10.757
9.31321
11.2022
10.885
5.43329
13.296
11.3311
11.345
10.8818
12.6786
12.1511
11.0276
10.6773
13.1321
9.27385
12.9741
11.7363
13.9184
8.87576
8.39681
10.8303
14.0335
9.04827
9.99472
13.6272
5.8059
10.4224
13.1118
14.6149
11.1509
9.84779
10.4415
14.3788
11.4213
13.8393
10.8299
12.8881
13.7628
13.8487
10.6563
11.9806
9.16173
13.1441
14.2665
12.5149
14.6668
10.0727
8.72364
14.7789
13.7109
13.35
9.27701
13.4538
13.0129
13.3488
14.8746
8.83212
13.4422
13.9309
10.7234
8.44101
7.20355
12.4439
9.32509
5.55037
14.2236
12.7359
9.50029
10.711
10.6122
10.3529
12.1242
12.3156
5.77217
10.3486
14.9292
14.4397
13.3835
12.6105
10.889
13.9825
10.0654
11.8264
7.74462
9.66801
13.1467
13.2666
10.2872
14.3557
9.6957
14.8683
14.8185
14.4121
12.6428
13.5456
10.2184
14.5604
12.6619
11.2058
9.41077
11.2381
12.5576
10.765
12.3244
8.57212
14.4886
6.43903
14.1273
6.10396
14.2469
13.9607
6.50134
12.7128
6.2778
14.4093
12.5852
11.0985
12.2329
9.23111
9.06339
14.7758
14.449
12.208
14.8944
9.9179
12.3707
11.3617
10.7262
14.212
9.64439
10.6897
7.95267
9.78999
11.2231
10.9513
6.60112
12.998
13.6482
13.7545
14.3919
14.4416
6.28331
11.2223
11.5541
8.60952
9.8525
12.7934
13.5174
14.9871
13.1993
11.3706
11.1355
10.8233
13.8782
12.1836
14.044
13.5864
14.5118
14.2496
12.8843
8.10327
12.1564
9.8371
14.0773
10.4343
9.69302
11.4034
10.0995
10.3645
12.4391
10.6065
12.7407
9.89754
10.9546
6.28617
14.2553
9.49276
13.7743
11.2681
14.4973
12.0497
12.6656
13.2335
7.75416
13.8269
12.2282
12.9717
13.8353
12.306
12.1774
14.2194
14.0027
12.4316
9.77638
12.1912
10.27
12.9356
8.6856
14.3224
12.3716
6.44946
11.2551
9.92505
14.4609
14.9212
12.1566
10.5682
8.67294
13.9098
14.4567
13.4471
14.3605
11.0306
14.9563
13.9122
13.3054
11.872
14.0171
14.2375
12.417
10.2417
14.0924
11.9326
10.434
12.366
6.69046
9.03073
8.63546
14.992
14.1923
12.3432
12.6768
13.2774
6.56155
13.8022
9.50661
12.5939
12.1644
14.5149
10.7074
12.0033
13.9014
8.80013
6.60779
12.7614
13.1162
9.90924
13.694
7.00178
7.0363
11.704
14.6776
13.5765
11.0155
11.3779
14.7527
11.3003
12.0269
12.3873
11.3295
12.59
10.5271
12.2432
14.3133
11.7158
6.80366
5.87112
10.1773
9.48109
12.2733
13.2214
13.3955
12.3528
13.4889
8.08864
13.7094
10.5689
12.5613
11.6397
14.837
14.3709
13.5742
12.3564
11.7225
5.51734
8.50166
12.2476
11.9361
12.7923
12.6717
9.78197
10.4685
10.2649
5.69521
8.44939
8.79061
11.7658
11.6208
13.9003
13.2372
10.5678
5.41377
10.3774
13.7804
11.1409
8.68583
12.1836
8.82165
10.4163
10.5764
6.1025
13.4377
13.4241
14.1045
11.2713
10.1171
9.96542
14.579
10.1603
9.90898
14.4314
9.4319
9.28134
12.9309
6.88321
14.3931
13.8593
10.1069
14.8799
10.7825
11.6985
14.8543
14.2792
10.9597
4.75407
12.4543
9.88876
14.6667
11.5802
5.96654
9.39559
9.48179
14.3882
13.2531
14.7186
11.836
10.678
10.1269
12.6433
14.2686
8.0735
13.8176
11.6409
13.2155
12.9217
14.5976
12.3152
8.46337
12.8808
6.5877
10.646
14.8478
13.6941
10.6051
13.2913
14.1697
14.3411
11.3675
14.549
13.4714
12.2514
11.7704
14.5363
11.9789
12.1899
13.6588
12.0554
6.43392
9.13887
13.2532
8.08244
13.9053
11.8728
12.2967
12.7659
10.1469
14.811
11.0241
10.9578
5.98957
13.2114
6.47122
14.5201
9.95445
14.5082
12.598
14.1408
14.4869
8.70088
11.817
11.2631
10.8871
10.3527
12.1184
7.06534
8.85889
14.3042
11.5375
14.8504
10.5836
8.28413
10.8759
14.8745
14.0535
12.7438
6.89502
10.6441
8.64692
11.2457
11.9596
12.2444
12.619
10.0089
9.94243
6.08161
10.2524
10.5793
6.2226
11.47
10.4038
9.89197
8.58118
14.7511
13.5919
6.06668
11.4557
9.80255
10.324
12.5041
6.37861
10.4103
10.5286
10.5418
10.43
9.87252
10.4845
14.9619
11.436
11.9318
10.1367
9.71874
13.607
8.70976
10.8114
11.258
12.148
8.74868
10.7846
5.11986
13.2123
10.4176
9.64369
9.97633
14.7349
10.6846
14.1292
13.888
13.3372
11.5138
11.54
5.41614
14.2546
14.1872
10.5623
13.8426
13.4427
12.4338
10.0261
14.4197
9.40124
12.7051
8.72438
13.6091
8.48072
14.7972
10.8757
13.9988
12.6253
9.93641
12.6241
13.8645
14.2923
13.9127
13.0062
10.8589
12.9551
9.09295
9.92839
12.6467
14.7384
14.7421
13.3432
14.482
11.2278
10.257
11.5135
10.5544
14.703
14.7155
10.4008
14.9866
14.9668
14.2022
10.6146
9.86792
14.2052
12.0466
10.2295
9.69483
5.97633
5.38822
5.6683
12.7761
14.0801
10.4906
11.8135
8.80098
11.2218
13.0503
9.24943
10.7553
13.481
9.54336
11.6075
10.4521
10.7219
9.74305
10.9686
5.64394
14.5233
13.9862
14.6798
14.5394
11.2735
14.69
10.7673
11.6462
12.469
12.3047
8.67403
14.5821
13.7422
11.4643
10.6321
13.8586
6.10264
14.9628
12.178
10.6396
6.09021
14.3887
8.58044
14.6891
12.5296
14.286
9.57513
13.6972
7.13362
12.2418
14.8603
5.77766
9.39408
13.6203
11.1636
8.59368
10.4074
6.70406
12.407
10.1535
11.9472
10.3074
8.62479
11.6994
11.5786
14.2658
14.6891
13.1765
8.48275
10.4026
12.7888
9.83053
12.3037
13.9464
12.035
7.01774
13.454
12.1011
12.313
12.8551
14.9462
8.411
10.3233
9.93311
13.3054
10.8981
13.6072
11.303
9.97348
9.39621
9.07916
10.3885
8.50783
9.8755
10.0031
12.8025
12.8582
12.7638
10.9349
8.98245
7.20632
8.09434
10.0654
12.7954
14.2408
11.5146
12.0184
14.5232
5.73372
14.2701
13.03
14.5041
10.0596
10.9421
6.36919
5.7895
8.17663
11.3429
14.102
6.063
9.28417
9.9854
6.19533
6.13597
13.9555
11.4781
13.9035
14.7288
11.6033
13.7401
9.98194
11.7844
12.3765
11.1099
9.74636
12.6851
11.4588
12.6497
5.28662
13.024
10.8304
6.27992
10.6585
12.4136
10.1122
10.7243
6.24198
7.72079
14.5171
9.62945
13.6158
12.228
8.99545
13.7921
6.64743
13.9548
10.1112
12.6629
13.6831
12.1018
9.53572
12.9346
10.4397
10.5127
5.70949
14.8564
8.4327
10.3292
6.20742
13.6144
13.7019
12.7054
12.858
12.7883
10.659
13.0178
12.3827
11.0673
12.8104
13.3264
9.73359
12.6139
12.4487
10.4085
10.6685
13.9494
14.2184
14.1435
6.8048
11.194
11.711
10.304
13.9473
12.805
12.9725
11.159
13.7156
13.7509
12.4893
14.9197
10.113
10.7333
12.8986
12.8554
13.0291
6.30569
10.8145
13.2452
12.446
13.6147
8.96161
12.3946
6.14228
13.623
10.1016
12.4061
13.571
14.5005
9.77405
11.8775
14.2838
12.7221
9.87348
8.95369
9.5398
14.7077
8.49428
10.4879
14.428
13.0156
13.579
10.9187
12.5533
8.47938
9.71229
10.1129
11.6074
7.6896
9.43034
11.2529
9.59811
10.7039
6.26259
11.4344
9.37514
13.9568
10.9606
11.5572
9.98153
8.49156
9.95201
14.206
11.425
14.8276
12.7379
8.65787
5.40148
11.6224
9.35941
14.2555
11.6261
12.3657
8.84485
11.6309
12.6986
10.1381
9.88797
12.0097
12.1188
8.59114
9.85024
10.536
6.0355
10.3962
12.5393
14.9009
13.5288
12.8876
12.7483
11.4336
12.0071
12.2959
11.0768
10.9431
13.1977
11.3205
13.2622
14.2681
6.24674
10.9513
13.459
9.90068
14.5261
14.4355
10.003
10.6661
8.01411
14.3167
8.88037
7.04499
13.3989
6.66865
12.7429
14.2482
14.196
14.4436
5.47836
11.7428
6.41521
10.0457
12.2795
14.2443
13.22
12.3953
12.1864
10.3962
7.65585
10.0025
12.0893
12.6885
9.17431
9.85385
11.1838
13.3937
12.7867
6.56243
11.429
13.8431
14.776
11.3252
10.8507
12.5507
12.8041
14.1404
13.7436
10.4304
11.6753
12.7515
8.7294
11.4824
12.6079
14.6815
11.9776
10.558
14.156
14.1834
6.18037
14.5056
10.5975
9.60142
7.94357
8.9105
10.022
13.3827
14.0985
14.7939
12.9038
9.62126
14.1919
7.76864
10.5731
10.2316
14.6658
5.91754
14.9872
14.1592
13.1748
12.4458
10.085
14.4618
9.98302
9.39122
14.1487
14.0217
13.8723
10.0899
12.4301
12.7234
14.246
14.2438
14.9266
14.3584
12.9398
5.29291
11.6772
12.079
14.0106
12.1215
4.87385
13.4438
9.14326
9.03282
14.8229
12.7013
11.1248
14.0048
12.9783
5.99729
14.1462
14.6244
14.6664
8.32021
7.81824
8.53811
14.994
9.98121
14.9287
11.5463
11.0917
14.7289
4.66549
14.4753
14.3049
12.5366
9.39833
13.9397
9.18542
14.0771
11.3623
9.85954
10.1227
14.8618
11.6622
10.9106
9.81991
13.1485
8.9601
13.9015
11.434
13.768
13.2505
9.92168
10.0509
13.0866
12.0654
6.22554
8.74028
14.4984
12.2324
14.5823
6.35529
14.5116
11.5213
10.6521
8.66362
14.3716
8.75885
8.96817
12.7845
12.1339
14.9692
9.45644
14.1017
12.1978
6.08815
11.2832
10.6134
14.0077
10.2553
12.4143
11.6256
8.11796
13.9021
14.8676
9.21837
14.5335
10.9022
11.9002
4.22432
13.9717
12.9199
4.31777
12.3887
13.4592
14.8385
14.3488
13.8582
9.22696
14.4041
13.8714
8.87678
9.62464
10.2596
14.5289
12.0423
9.93184
13.8266
7.81232
10.7379
14.2123
13.1275
10.2954
8.51801
14.2419
6.42702
8.47928
11.5513
12.7211
9.9975
13.0675
13.6726
6.00583
12.4066
9.9564
5.17294
13.3859
14.0375
8.93418
9.40534
10.609
12.5794
12.8789
12.8582
5.96584
13.9164
11.987
9.96495
12.6172
8.67503
9.26207
14.7204
11.6196
14.8984
14.5786
14.5911
14.5839
13.9798
14.3999
14.4974
13.6472
8.43236
14.6275
6.06741
14.0951
10.5913
12.5807
13.9483
11.5157
5.05635
12.1074
14.3271
9.77571
6.09107
14.6242
14.4357
14.8158
8.77398
6.68408
6.66049
13.7638
8.72683
13.0099
13.4571
8.50139
13.4337
14.9252
7.44806
9.28
14.8595
13.8829
8.12501
10.8489
13.1877
10.0407
12.5167
9.28153
9.82428
6.2103
12.6554
12.9883
10.3977
10.5537
13.2648
14.021
9.07308
11.0388
10.7994
10.2396
13.267
9.19649
13.602
10.3244
10.0401
7.05747
11.2263
14.8792
14.6873
12.5841
10.5093
11.2807
13.8706
9.78846
13.099
13.0633
9.50698
10.8601
8.94534
13.0136
5.32796
13.4059
13.4371
14.5822
14.0154
14.4104
5.66444
8.7757
13.18
8.48164
14.3921
10.5089
12.9604
9.96352
9.93948
9.91089
14.4111
13.934
13.1299
10.9245
11.9704
12.3648
10.3682
11.064
11.1436
14.4028
12.1022
13.8371
11.1484
12.6796
12.107
13.2705
4.23697
14.5131
12.5729
12.3818
9.09618
13.2423
13.0185
7.2355
10.4821
9.89148
14.2143
11.7669
11.3601
14.1029
10.0492
13.1337
12.2053
10.0938
12.5221
14.3125
6.08916
14.7301
6.29263
14.8464
10.3178
10.5272
9.98948
14.7892
10.7687
13.7786
10.546
9.72798
14.5919
11.7072
12.3574
11.6952
14.29
14.2719
13.3911
14.0147
11.0862
11.3024
13.4457
14.5016
13.3509
14.002
14.0165
10.5101
11.0169
10.7978
10.0697
10.3672
12.1247
14.0587
9.09736
6.30718
10.005
12.4726
7.22028
6.70697
12.2798
8.8322
8.38919
10.9795
13.5386
6.10393
10.463
13.8834
13.4625
7.83647
13.1554
8.12132
13.1001
13.0462
12.5089
11.5695
14.921
10.1047
10.1141
14.3953
8.92748
12.6128
9.75776
12.4161
10.2481
14.3773
6.88186
9.46196
13.5718
8.45852
8.51263
12.417
9.98279
13.917
13.9979
10.2979
11.7599
9.13988
13.7779
13.644
12.7989
10.2442
14.7078
9.40547
13.0129
11.9175
12.5981
11.9506
6.20364
8.7242
12.8521
14.9458
12.51
11.7273
7.62091
11.1511
12.7822
13.8733
9.9905
13.2858
12.0924
11.6124
10.1922
14.6863
14.0213
13.5492
10.5568
9.79981
10.8926
14.7362
6.13782
5.47023
9.99357
13.5389
9.28632
14.7094
9.8235
10.9122
10.4474
10.1027
10.1001
8.66312
10.3933
10.8451
14.2569
6.19073
14.821
10.002
12.0184
12.0291
14.6107
12.7372
14.5484
14.1186
11.0072
10.8557
5.79072
13.4831
10.0945
14.5856
12.5734
12.5469
12.2067
13.5529
13.3855
5.49604
10.9707
14.0564
14.2212
11.7766
9.66114
14.2843
9.5433
13.6074
8.81274
14.9372
13.46
10.9943
13.5308
9.24267
5.35076
9.51799
10.6006
12.4933
13.7393
10.0401
14.2767
6.1594
8.54247
14.3392
12.4181
8.66658
11.996
14.2997
14.7223
13.5814
13.9827
8.05106
5.41374
11.0416
5.56901
13.1449
10.4508
7.37041
8.00091
5.34345
11.0756
5.60136
13.4286
10.5135
7.37198
11.3502
11.2777
13.8638
8.70594
14.3945
13.2281
9.82885
14.7785
10.4005
9.24114
12.9388
14.6928
6.10425
11.358
14.2056
13.4328
10.6645
12.3253
10.7402
13.0351
14.3043
5.26052
10.3046
11.3163
11.9392
9.82792
9.98363
14.2497
10.1812
10.0622
12.2231
12.9448
13.4494
10.3628
9.74426
14.4041
13.5759
9.65376
14.6691
14.5967
9.50529
12.7226
13.3708
12.7505
14.0265
11.0611
13.7944
10.9938
12.7004
10.8209
14.3216
12.5919
12.0973
13.499
8.87095
14.5321
9.76503
12.4099
6.21809
12.4578
11.8894
14.0211
5.9891
14.6933
10.3385
12.1896
14.5672
10.7571
8.78495
13.2056
13.8061
10.7203
5.36451
9.89364
12.4811
9.96221
13.2917
10.155
9.29617
9.23802
12.7137
12.7245
10.6877
10.0481
14.8685
14.174
10.4148
14.1143
9.72793
10.4474
11.5821
10.7733
14.6714
8.73803
6.43997
6.1459
14.7786
9.28171
13.1789
11.6914
14.2426
14.7997
14.7533
14.1017
11.9788
13.7803
14.052
10.125
11.9852
14.9519
11.7599
10.3567
11.2002
10.729
8.58857
12.0273
13.0892
9.15907
13.938
13.3006
13.3677
14.8734
14.6125
12.9646
12.4978
14.1114
14.1389
13.2364
12.0351
10.2254
14.5511
13.7591
11.2447
6.32575
8.9685
10.4227
13.3943
12.0913
13.5417
12.3409
12.5612
14.9458
8.94351
11.0441
12.9339
10.722
6.05651
12.787
8.59128
14.1594
10.7513
14.3606
6.10827
14.1535
11.8134
12.1639
10.4342
14.8473
14.7929
14.4463
14.0525
11.9546
10.8057
14.8667
11.0632
7.31114
13.1649
10.2875
12.2484
10.2875
10.0051
7.63158
13.5187
13.5956
12.2453
12.9398
12.7548
14.0977
6.01878
11.6104
14.9567
10.0344
14.0275
11.545
13.6794
13.3476
14.654
14.3778
7.76379
13.4518
14.3724
10.8578
11.5286
12.3287
13.2849
10.8367
7.44932
8.90165
14.7461
6.32798
11.6484
11.9695
11.5668
12.2313
9.97144
13.5534
11.7815
11.8137
10.4948
14.9707
5.96272
13.8547
10.6236
5.86843
14.2927
8.59138
11.6711
7.65526
13.1553
10.2763
7.81706
8.66207
11.0521
14.4633
11.9345
12.368
11.527
9.91083
9.2855
10.7671
12.7375
10.9239
11.9901
11.147
14.1767
13.1476
12.8656
10.8534
12.881
10.7518
6.18668
10.4415
6.90243
13.6515
12.5831
8.57515
14.2255
12.1753
14.1223
11.5883
12.681
13.6508
9.42443
14.3529
11.8565
13.0614
8.84956
9.9699
14.1702
13.5631
11.7051
13.3806
11.7215
11.7208
9.5821
10.6882
13.969
7.78996
9.99859
10.0486
9.91082
9.01118
9.41639
10.0908
12.9212
13.4305
5.51447
9.08882
12.6971
12.9683
13.2525
13.301
11.6713
13.6683
11.3446
14.7423
13.5273
14.4451
12.2787
12.3247
12.2479
13.521
10.9826
12.0186
13.7012
12.5085
10.9491
13.86
11.8783
12.927
9.86071
6.71002
13.0352
10.0432
8.05406
12.5313
12.2865
12.1864
10.6541
13.5331
14.0331
13.3097
14.972
12.1109
9.35158
12.7999
13.5774
13.715
13.5899
12.4178
13.4081
11.6795
10.9894
12.8796
13.367
8.26105
13.9263
8.48415
12.4898
12.5086
10.6848
8.38571
11.4697
14.3501
10.2989
13.6629
14.651
11.2818
11.9147
8.86661
13.6625
14.1393
12.5376
10.9146
13.5433
10.534
13.7609
13.1827
13.4353
14.9625
10.2383
14.466
13.8312
12.469
9.64751
12.577
5.84721
14.8118
9.7587
9.63199
5.73772
11.6776
5.94947
10.4996
12.9078
12.5602
12.2071
10.6295
14.9249
10.2811
14.5705
10.4209
5.44862
11.2819
14.4504
10.6204
13.1624
9.93217
6.00928
9.28509
13.6248
14.9193
14.0656
12.5878
5.71308
13.4467
11.8719
12.606
12.3309
12.6147
14.5355
13.2742
14.7057
13.8335
10.0971
14.3098
10.6797
11.1078
13.0905
10.0209
6.48218
9.79927
12.3618
12.5571
9.86338
12.5718
13.8091
14.8249
9.80961
13.2856
13.9732
9.70261
11.8214
14.5114
10.857
9.10659
12.1138
11.5765
12.7674
9.80665
14.3585
13.4587
13.5587
12.8575
14.9838
8.68914
13.3673
9.9118
12.9022
13.405
10.8495
14.4556
8.71439
10.5352
6.52494
10.2305
14.4592
13.2433
11.6644
14.8609
6.56229
9.47104
14.3764
12.0489
10.9713
12.3271
8.86917
9.8655
13.9617
9.85706
8.93256
14.5319
7.91573
9.86316
9.4341
12.9445
6.4183
14.2957
14.17
8.85872
13.6094
6.31594
11.7778
12.7839
13.8751
7.52158
14.4747
13.5688
10.9532
8.48238
9.48366
14.1414
13.0865
7.64336
9.068
11.6191
6.29861
11.0405
14.2918
6.01677
10.9769
10.3419
12.2346
6.63648
5.65194
13.2854
11.241
13.8014
6.49162
13.4133
9.59392
13.4714
13.9303
6.17331
11.4266
9.87831
13.628
6.44707
10.4441
9.52606
12.8426
8.36281
9.89954
14.7806
11.6701
13.1612
9.70352
14.5759
13.6046
10.9264
10.2459
10.5401
14.8139
9.15582
13.2845
8.66587
12.4387
8.56814
14.5933
10.5257
13.4046
12.6833
13.3608
8.77081
12.6029
8.97144
9.63993
12.4342
8.29402
13.2306
5.87251
9.98308
9.89097
13.5035
7.77959
13.9439
11.7727
13.5582
14.877
10.8917
14.2531
10.0202
7.59975
11.9738
7.42377
12.4954
12.7702
13.7342
14.3898
13.3475
9.58418
13.7786
12.3098
10.676
14.7463
10.9013
4.91432
14.5004
14.2025
13.8181
12.1204
12.9123
11.0804
13.3538
14.0188
13.9365
13.8231
12.166
13.0019
10.9138
8.60922
14.2245
10.1053
11.9235
12.5569
11.5633
14.1545
6.07639
8.56199
10.9984
7.51331
14.0174
10.2794
9.82699
14.102
13.2909
13.8228
6.29106
14.528
13.8941
12.8909
12.3035
13.7786
6.15357
10.5489
10.3113
10.9674
11.5026
10.8278
13.9407
10.8704
5.92934
5.70188
14.793
13.1039
12.4565
12.3725
11.9111
12.6517
8.204
8.88573
12.6885
13.8378
14.2223
10.7295
9.77087
6.33993
14.3437
8.55819
12.9879
10.752
5.79609
12.5595
14.254
6.87918
10.5506
12.0081
14.5683
6.83897
8.95633
9.14196
9.27801
9.20506
10.6545
12.7228
9.71367
14.1758
5.84628
9.93294
6.37456
14.405
8.71982
14.7856
13.6101
10.8802
8.79399
13.1763
14.1274
8.68895
11.6987
8.90498
7.38945
13.9147
11.3639
7.263
14.0005
7.26289
10.3185
6.8853
10.06
10.144
11.3948
12.2907
9.17861
9.63299
8.80304
13.7673
12.8372
8.31483
7.9311
13.1666
12.5801
7.18797
12.8125
7.48216
11.0858
10.4125
14.1785
13.8073
13.2128
12.9297
7.05528
13.8301
11.9533
5.14197
14.7738
10.3463
14.0589
13.599
12.7465
13.1369
8.87833
12.5776
11.0038
12.4235
12.6248
12.8326
8.70323
12.1249
14.5437
13.4783
13.1026
12.2973
11.0022
9.84079
10.1589
6.24833
12.5135
14.2548
8.71439
10.0864
13.285
12.2377
8.41421
6.94536
11.6915
11.1856
12.4601
13.6747
13.5388
11.6926
9.43953
12.8733
11.2304
9.88331
14.5509
6.21744
11.2868
5.93698
13.5764
8.38956
13.5432
12.0873
11.2398
7.76915
12.0024
14.2385
14.8253
13.0849
14.3805
14.0852
8.62947
11.3254
12.7735
9.40175
9.29521
14.5951
12.9513
13.8703
8.56028
11.1056
12.8954
10.0285
14.3901
7.59181
9.83336
13.7382
11.3969
12.7226
13.9761
8.18517
10.7476
6.10107
14.4463
9.6792
13.0891
6.41914
12.5579
13.5109
13.2766
12.5138
9.0442
12.24
11.4409
11.084
7.44344
9.38752
8.70574
5.63086
7.26677
6.0202
9.35856
9.84569
12.9062
14.4958
13.6464
12.9997
8.65669
14.6457
9.5869
14.7371
12.4184
13.0859
13.3744
13.4793
13.5935
7.66163
5.10803
9.12954
11.4806
12.656
6.16081
14.4428
9.73924
13.2401
13.8695
7.88437
12.3769
13.0267
14.5246
11.5296
14.2478
12.3634
14.0248
8.89704
8.84473
14.2042
9.29469
11.3693
10.1166
12.4519
8.59183
14.33
6.66943
13.8262
10.4644
12.3366
11.646
13.1778
14.0165
11.8134
10.9436
12.5322
12.0355
14.1291
10.661
13.7929
14.4781
12.4824
14.5339
13.1073
14.3589
13.4917
11.4184
13.6991
14.7902
11.1084
14.0908
10.0527
9.80341
14.2636
9.5113
13.0006
13.184
10.6623
9.26019
12.7649
13.8344
13.8276
13.2884
14.1331
10.2261
13.5365
13.0028
12.1851
8.6217
13.8291
12.251
14.2179
9.44521
13.3614
7.05482
7.80748
14.9077
14.0952
13.1655
11.6221
14.1125
5.77067
11.6133
13.7796
10.0774
8.91543
14.3452
14.2397
8.39992
14.8921
9.72448
12.4103
8.81391
10.1024
10.8557
14.1535
8.39861
14.2445
13.6477
13.4776
12.6775
7.52593
12.7265
6.87922
10.3488
11.4781
14.386
10.2406
12.4914
10.6172
9.00828
12.6616
12.4855
8.25175
4.60442
9.37553
14.4746
12.4478
8.52147
13.5822
9.14419
14.5037
8.20415
10.6783
12.0803
11.1676
8.19618
10.8555
13.6224
7.40425
6.48095
9.48321
12.9175
6.78311
11.598
14.916
9.60289
13.2872
14.2838
12.5196
14.3698
11.0279
7.18352
8.3045
14.9827
8.23117
9.28705
9.83224
13.41
8.01674
10.4738
11.7072
13.4034
14.0172
11.2574
11.7271
9.20509
13.3369
9.72896
14.1524
11.8291
8.52946
13.6213
11.6308
9.69252
10.3507
12.9772
7.29869
8.31051
9.05853
9.31903
6.12429
8.51438
14.7427
14.8705
14.2937
12.171
9.82855
10.0536
12.941
11.8877
9.02488
10.7698
10.8039
14.1192
6.14063
12.2425
6.12096
8.81048
13.4076
10.2942
13.0627
12.3756
14.8028
11.8724
10.3829
14.0576
14.3322
8.22928
11.6988
10.0163
10.8953
10.3014
8.59654
8.52661
11.452
9.75277
11.1113
14.3747
13.36
11.477
14.1144
9.38211
13.3071
11.8695
10.3724
11.1914
12.5516
13.6
9.33245
7.13499
11.6648
10.1784
14.9286
12.0883
10.9395
13.3159
11.4554
14.6181
13.4174
8.25325
11.6525
8.42202
12.7727
12.4673
12.0093
12.4338
12.4612
11.0966
12.0378
14.6748
13.0375
13.6488
8.83012
10.5689
12.1065
6.14483
14.4187
10.0609
8.51558
13.4337
14.311
6.23731
10.6359
13.9083
11.5775
14.3164
13.1145
11.4165
6.28622
10.5723
6.66224
10.4358
11.32
9.83866
9.3497
8.36647
14.6446
9.24402
13.8873
14.241
6.48714
9.24023
8.40512
6.6095
14.3826
11.3903
14.2585
8.25826
10.5757
10.0532
6.20212
14.7165
9.29902
14.4736
11.906
13.6736
10.4649
8.05714
9.93699
9.6005
11.8717
9.83422
13.5932
6.02818
11.7907
14.2839
13.6061
12.5938
12.1636
14.5146
13.0486
11.6048
14.6512
14.9779
9.14093
14.5729
9.36
5.90317
12.6248
12.4521
13.9613
5.89984
8.39534
10.8651
10.0616
13.3064
10.1719
14.6253
13.6004
14.8723
13.0231
9.36691
7.21222
8.72936
11.9224
12.8053
5.41786
11.4657
8.7837
14.5498
13.3518
12.8955
9.09521
13.6097
13.6818
5.60009
13.7595
6.72974
13.4408
14.7154
12.8351
14.3055
13.1999
12.6898
7.15601
10.4854
10.4445
14.3097
14.6754
14.7749
11.9351
11.9221
11.0714
10.1459
13.6717
8.25182
12.8108
5.40525
11.6072
12.5059
10.7771
4.58401
8.92094
8.58728
14.2491
6.34325
13.7386
6.39244
12.8893
13.6861
9.97956
12.1159
9.82711
13.8057
10.0627
9.87503
5.94667
12.247
14.8055
8.24596
11.3604
13.2442
9.27142
14.778
14.7607
14.5205
13.288
9.3812
8.70159
12.8845
8.25813
12.3036
13.1732
6.11397
12.9079
11.3748
12.389
14.5243
13.4123
9.89971
7.60949
8.41922
10.7948
6.44027
10.9147
14.4633
10.4971
8.33646
12.1045
6.05149
7.89612
8.50556
13.8884
14.9742
7.77015
8.08964
14.9543
13.2671
9.06073
10.8714
12.7714
9.94779
11.4718
12.2975
8.58742
14.8929
14.4055
10.7021
12.8619
11.514
12.7752
11.9886
12.6933
11.5718
9.43289
11.766
8.3334
7.62205
9.66679
11.4672
13.4421
11.9271
13.8748
12.8705
8.6203
14.9693
8.53975
12.9833
8.61415
13.8274
13.8464
9.91419
12.5848
12.7706
12.4908
11.344
14.4467
11.7876
7.44394
10.8446
8.46224
14.6126
12.5661
7.47293
13.1921
12.8175
12.4822
14.1067
13.4884
13.6763
13.506
6.13272
13.1266
5.58452
10.655
12.8487
14.0496
5.81763
9.53248
10.5238
9.4173
10.2879
13.8031
12.9433
11.0421
11.0909
14.1187
12.5342
14.9883
11.1316
7.7341
14.9871
9.39665
8.25294
12.2411
8.90594
10.1891
10.5826
13.7025
11.4743
10.2776
8.37894
13.9438
14.5957
11.4678
10.4649
9.9166
13.1766
13.4427
12.6904
12.5997
14.3076
5.46021
14.97
11.9079
13.531
14.8669
11.1197
14.5315
13.5451
11.9592
10.7105
12.4214
14.4489
11.6503
9.21104
14.3687
13.1204
10.1068
13.3909
14.4009
9.72515
14.0815
12.4635
11.937
9.77778
13.0767
10.8364
12.5703
13.5248
13.8861
10.6378
14.7482
13.4653
13.9689
9.52879
13.438
10.308
10.689
13.5623
11.9566
7.51895
12.1433
14.0788
12.7048
12.5183
10.1605
12.8693
13.1328
13.7945
5.36103
14.094
14.1138
6.28133
13.2598
13.9645
10.4295
11.6396
13.2964
11.1157
14.4659
11.5476
6.87044
10.8635
14.6922
14.615
12.4448
9.08205
12.4793
13.4846
12.6366
10.2121
9.70151
14.4234
9.75753
10.1852
9.49173
11.7663
14.2166
10.3491
10.9336
9.35832
6.93551
7.80941
6.12594
11.8
9.47926
11.1346
9.73897
9.04174
13.9004
14.3427
12.4357
14.4445
11.0886
9.60307
11.5772
7.56451
6.00278
10.0547
11.1864
10.6688
9.7796
6.01848
10.9454
9.89758
9.45688
13.1961
13.0166
10.0622
10.5967
10.3763
9.33156
13.5026
14.2701
10.3599
14.1528
9.99642
9.587
9.04901
10.3624
9.85253
13.7177
5.91383
14.9009
13.2949
11.1849
14.6752
12.1432
14.4199
6.90093
6.37761
6.04624
11.6666
9.68959
11.4705
13.5353
9.32381
13.8102
8.60621
13.9965
14.5312
11.8202
10.8224
11.1554
10.9928
8.45244
12.6672
9.88295
10.8506
6.301
6.07349
11.2359
10.0672
11.9097
14.3581
10.7097
8.82935
14.0092
10.0059
12.4381
12.4406
14.2106
14.2756
8.06411
9.75553
4.49028
10.2713
13.2519
9.02849
6.84558
6.80841
5.98138
8.16394
14.3193
13.2823
10.812
9.14725
12.191
8.75297
10.3812
9.03431
12.7294
14.8265
8.35499
12.4986
13.4566
14.4491
4.37504
13.0447
13.3491
7.64059
13.9956
9.62703
14.495
14.3206
10.5593
9.73698
12.7732
8.79303
6.16523
13.4786
8.9357
8.09238
8.54568
13.2258
6.8707
10.3378
6.35503
14.6369
14.7643
11.8649
5.30717
13.4537
11.0004
9.68258
12.9661
14.2853
10.0025
9.11059
11.4931
11.7468
14.7431
11.2269
13.404
10.6253
13.8348
13.2508
11.4568
14.6309
8.91684
12.5961
12.0055
13.8854
7.63448
10.3352
8.63588
14.5408
9.87681
10.4937
9.90561
12.0769
13.1086
14.6987
11.099
11.8612
13.2243
14.201
4.15738
11.6393
11.1339
7.41131
10.5968
10.0808
8.38703
10.9568
13.7389
10.0768
11.656
11.8798
12.572
13.0789
13.0337
9.91224
7.09787
10.5639
13.55
11.9161
14.6059
11.7002
10.787
8.13517
14.2325
6.35993
12.2713
10.7614
12.0487
10.6139
14.5533
13.3787
10.3166
10.5177
11.1286
13.6083
14.2088
8.93007
5.38021
5.86043
13.976
14.0569
14.0252
12.3973
12.8471
11.6483
11.7064
13.03
8.61
10.3013
10.1352
14.1709
12.3283
13.1661
12.4
11.0184
13.8218
10.4773
13.3773
6.61537
13.3217
12.8983
12.8534
12.6823
13.0156
8.68655
10.7556
13.1659
11.4757
6.08429
12.2598
13.3537
14.6696
13.3525
8.68337
12.4648
8.82628
12.3474
12.4779
12.216
14.5401
13.3641
10.1151
10.9336
7.8459
13.7323
14.8733
10.8228
13.377
11.1037
8.55982
11.4049
12.838
14.4077
12.7613
13.8077
9.64177
14.299
14.3562
13.9521
7.27989
12.1319
9.63571
12.5619
14.7803
8.69924
14.0535
9.06578
10.4948
12.6985
7.53022
7.95749
10.2837
9.95782
10.9462
6.07879
13.6177
9.74818
9.89555
14.7321
10.5516
14.5625
12.7492
8.97433
10.3107
13.2263
11.975
14.6715
12.867
12.1361
12.8738
13.1282
11.1095
10.7481
14.1309
8.67025
7.01894
11.6169
5.96777
9.95947
12.8828
8.21182
12.3241
12.098
13.8523
11.317
11.6061
12.6841
13.8994
11.4909
14.3986
14.3128
6.17202
8.27993
13.3453
14.8936
9.3735
9.85731
7.83572
9.34198
5.18041
7.52599
10.1675
6.12118
14.2963
14.7468
14.926
11.7617
14.2296
6.24702
13.3102
13.64
12.0362
8.7986
13.9631
10.8798
13.2683
10.3169
8.10506
13.9398
12.5947
14.9178
14.2354
10.2264
11.5352
13.6075
6.18898
11.0698
9.79982
10.3712
12.1358
11.3968
11.9136
6.13729
12.881
13.886
13.8776
10.4655
13.7358
11.2531
9.32396
10.8264
13.1224
12.6614
8.09451
10.0614
6.09531
8.65421
14.2371
8.6741
14.9276
12.0344
13.9638
10.308
10.2514
14.9844
13.168
10.0391
14.072
12.7885
8.95994
14.205
12.5737
12.8491
14.3601
10.6158
11.0426
9.89349
12.2519
8.7625
12.8455
12.702
12.5254
14.8833
14.8985
14.5315
7.89647
10.3479
10.6562
10.3028
13.8065
10.9009
8.87
6.28618
14.4988
14.0851
6.06145
14.5738
9.72268
12.9909
11.5891
14.7813
9.12541
9.96171
12.2633
11.3601
14.8114
14.6258
12.8073
13.4366
11.9062
13.5301
6.49935
11.1915
11.4266
11.2375
14.9681
14.512
11.7768
14.5329
14.4635
8.09424
10.5301
14.8811
8.51602
10.6224
10.388
13.4607
12.3784
7.93849
10.5627
12.1179
13.5184
11.9336
10.0152
10.5414
11.1396
12.2046
9.30558
13.9152
10.7755
13.0528
10.661
14.5118
12.7517
11.4621
10.9411
8.90399
5.55025
6.15899
11.1326
6.2412
9.76444
13.9953
9.13476
13.1268
14.9448
12.159
11.9738
8.30384
11.6304
13.5197
13.9481
13.502
5.3989
12.0731
11.8027
7.82941
12.599
11.885
14.4355
5.8688
13.8374
13.8072
12.7043
14.7378
13.7856
14.8687
8.78946
14.3228
14.4264
10.3177
8.49354
12.5797
11.9762
11.156
9.11695
5.74357
14.6983
9.14406
12.2747
11.7718
9.86025
10.0726
10.6029
11.3566
13.3232
8.34829
13.9173
8.83466
14.6176
7.39684
12.5689
8.64732
7.96299
12.7778
12.3177
13.5093
8.99143
13.4211
13.618
9.53098
13.9963
11.8054
11.6567
8.52189
12.8298
6.13243
12.1893
10.163
11.0017
13.8515
11.0376
14.1606
12.6871
6.92572
8.40382
10.998
13.416
12.2424
12.7359
14.3727
14.2359
10.8073
9.68212
13.6992
10.7653
12.4177
9.65121
11.5734
9.05019
12.0281
12.3982
12.5181
10.8486
13.6055
8.62515
14.9225
13.9885
10.0251
13.2031
12.0786
8.36979
8.42512
10.7152
14.5869
14.7434
13.65
14.9795
9.9493
13.4687
13.0054
13.8386
9.909
14.5635
10.6249
11.0683
8.3355
14.9997
13.7547
12.4191
11.0204
10.7707
9.03473
11.8186
9.59686
14.8812
14.6309
14.8636
12.2385
8.02761
12.2504
12.164
12.9312
12.1986
8.28481
11.8975
11.6538
9.32862
13.4706
12.125
13.8634
12.7727
14.4267
9.53357
5.53476
12.3191
13.1026
13.3089
13.273
9.03506
11.9716
8.62788
9.63181
14.7185
6.25232
12.689
13.5315
14.6442
13.063
8.77126
12.5475
8.80219
12.2764
12.5403
12.2476
14.6274
13.8532
14.0513
13.7831
13.935
14.1059
13.8983
13.6699
10.6843
11.2313
6.47975
11.16
14.2945
6.92158
9.443
12.5193
11.5872
14.4775
9.60781
7.89942
14.8729
14.7365
13.6084
6.2829
10.6187
14.2986
9.30564
12.023
14.2624
10.7489
5.50456
9.9045
13.0713
14.9308
13.9373
12.9598
13.6837
11.8908
13.6106
11.8754
14.279
12.5439
12.5636
14.9654
5.86188
13.0693
10.3562
12.0116
6.33207
10.5594
12.7982
9.47072
12.9226
13.9817
13.8918
10.054
6.00358
11.199
11.6551
11.6286
14.0605
8.60938
9.61026
9.88977
9.44132
9.94707
14.6441
12.9295
11.9085
13.8136
13.0036
12.674
10.3464
12.6033
9.30206
10.3265
14.9256
11.9301
14.4915
11.2305
8.39819
10.8667
14.9083
12.8981
14.1059
12.1099
14.0927
8.87364
14.2919
10.9579
8.53286
8.87782
10.5357
8.30998
13.2014
8.34196
10.0624
14.9256
14.0852
14.1416
10.5165
10.4982
13.9236
12.1747
8.98914
8.61885
14.9016
12.8184
5.84481
12.4998
12.6805
12.8718
11.7033
13.3553
8.3957
11.6489
7.81886
13.8281
12.7501
10.3918
8.99264
13.5201
10.5672
13.2708
14.1427
12.4709
11.4796
13.5747
13.2239
14.1217
11.815
9.88369
9.83035
11.5393
5.45331
12.9848
11.4797
12.6767
14.7838
14.8873
12.1528
12.5431
13.3169
10.2152
12.8311
14.3571
10.6721
14.0379
9.78935
13.7047
13.3455
12.6636
11.1291
9.87184
10.2838
10.5118
8.8843
14.7865
9.45505
8.31484
8.6273
8.10493
8.18749
10.1735
10.9528
11.7423
6.51408
11.8063
13.2606
13.3432
14.3084
14.9247
10.0483
10.9748
11.0736
12.3691
10.4849
9.04546
10.6868
11.6135
14.5239
8.68999
14.2447
9.72787
12.9683
12.0794
13.4327
14.8231
13.0678
10.7239
8.81287
9.43879
11.0188
8.52116
12.9622
13.7099
10.359
13.7073
14.7837
13.9825
11.4219
6.92082
10.2101
11.7766
12.597
13.4312
13.2121
13.2443
14.234
9.81075
14.8821
10.4731
12.1311
6.38632
8.26661
7.96528
14.3487
13.7763
14.8784
14.7702
13.3115
12.9004
14.7754
13.0925
11.4896
10.562
10.0769
11.9124
11.7305
8.12524
8.04739
13.7146
14.8224
9.45226
9.81991
12.3444
12.3523
11.6573
9.31714
13.9319
10.8263
9.1848
13.2375
12.2259
12.8945
11.2935
14.5325
12.3903
14.7633
9.15872
11.9658
6.09198
13.339
9.45967
14.2732
8.61246
13.0042
11.6739
14.1534
8.37885
5.3632
14.3835
11.5707
6.57651
13.0158
11.2918
12.7412
11.7836
11.0962
13.3244
11.1464
13.9158
14.8583
10.3571
7.52887
13.6296
12.7863
9.69649
11.7511
12.7501
14.3285
6.76272
8.88802
9.66968
14.7358
13.8628
14.7657
11.5515
11.2677
12.3024
11.5838
11.1407
13.7575
11.9678
14.5165
9.12376
11.0456
14.4913
5.75606
6.27154
11.0851
11.4376
12.6853
14.2763
12.1171
11.9373
14.2767
14.6809
13.773
11.2427
12.7273
10.6141
8.45787
13.6344
7.80428
10.8201
12.7784
9.07019
9.82013
14.172
13.2506
12.0948
14.8856
9.34504
14.1424
10.0318
14.6891
11.4087
12.4363
12.8604
10.5811
6.28605
13.9257
12.441
10.981
11.2125
14.5656
12.0107
9.54366
7.53087
11.1056
13.3249
14.025
11.9395
9.00206
14.4373
12.0888
10.1387
14.8603
10.7125
13.5616
10.1673
9.94776
12.789
10.1413
9.86291
11.2196
8.48876
9.2018
12.8864
8.57501
12.1407
13.2513
10.0796
14.6602
12.6741
13.8671
9.39771
9.72659
10.4196
14.3257
11.689
13.4958
10.3519
10.7063
10.763
13.915
12.7204
13.2796
9.89665
14.633
12.9515
12.4629
10.2775
9.33872
10.826
12.5919
9.75356
13.0268
13.1118
9.82918
9.18018
9.59668
14.7671
13.3106
11.46
14.56
7.59612
9.59403
13.8269
14.6179
11.6372
9.36302
11.5211
8.29313
11.494
14.9945
9.8033
14.2758
8.57832
10.1498
13.2672
13.4178
6.27987
8.74993
14.3558
14.1925
11.4605
6.36822
11.3735
10.1334
10.6129
13.1319
6.01394
13.6208
14.0844
14.7074
14.7623
6.32283
10.7214
14.0245
12.6794
11.2786
14.3596
12.1798
10.4885
13.8885
8.51293
9.5159
9.70958
12.1669
14.5989
10.0202
8.87942
9.33328
13.1342
13.9467
13.5424
8.92174
9.50503
13.6999
14.7844
12.7939
9.96441
14.0559
13.1984
14.2336
13.7446
14.5175
7.37343
11.698
13.502
8.70599
8.36413
14.4282
13.7264
11.1417
14.4272
6.23995
10.8219
11.685
14.9603
11.9113
11.4335
11.1311
11.1079
10.0027
12.9517
7.55685
11.582
8.91407
11.4012
7.23736
9.44913
14.3675
12.8091
13.5532
11.9672
14.5787
11.6837
14.9234
12.0201
11.6351
12.4326
13.9945
14.499
10.4986
12.4254
5.44775
11.9146
12.4462
12.9137
6.23647
10.6074
12.8239
14.1924
11.5072
13.3493
10.9708
13.9298
13.3827
5.96628
9.92767
13.0569
12.1061
12.4704
6.34032
10.9329
8.82837
9.99446
6.91989
13.6974
11.6286
13.266
13.837
11.7447
10.9443
14.0476
6.67352
5.98803
7.63328
10.0996
11.4127
8.30857
6.32772
13.6509
9.0071
10.0764
9.8912
12.0133
11.1689
10.033
13.6794
6.71727
5.63559
8.89905
13.8389
10.6517
12.6438
10.5904
8.86622
13.2419
10.3178
14.0832
14.2036
14.6377
13.0236
12.3266
12.2108
14.58
9.62363
11.5639
14.6989
9.08978
13.368
8.25296
12.0643
11.734
11.2946
11.3888
14.2595
13.0898
7.29909
14.0531
9.87012
13.7504
10.4541
9.76143
8.59785
10.9914
13.1288
14.1701
13.6852
10.9138
14.1858
12.7673
13.062
8.526
14.0651
6.2113
9.86876
8.63226
12.2662
12.7615
11.8235
11.3287
5.93429
12.5652
10.8247
13.638
13.1281
8.59118
11.7648
8.48337
10.7743
8.81538
13.9092
6.18692
9.31821
13.4723
11.625
10.5769
6.24171
14.253
14.846
13.5516
9.69021
11.3662
13.3799
11.1462
12.8897
11.8412
8.24232
14.4767
12.7868
11.3042
14.2282
9.70962
12.1589
13.8933
13.3004
13.8798
14.6474
10.9575
6.03978
11.153
12.2062
14.558
8.87739
13.7103
11.1704
12.2775
13.7374
12.0341
7.49008
14.0138
12.115
6.92707
13.6042
10.1677
14.0819
13.4975
7.0473
14.3596
13.521
12.4649
10.0083
13.327
11.3246
10.1912
12.2692
11.6365
9.84953
10.3252
14.7564
10.4348
5.80833
14.7986
13.4295
8.35763
10.6671
13.1048
10.0993
12.3434
10.7233
9.79981
12.3626
14.1162
14.0754
9.92074
13.4414
8.70058
12.1537
6.13402
9.1753
6.14894
9.6876
11.445
8.68774
11.0209
12.743
14.9654
13.8911
12.0622
14.4045
14.7728
8.7273
12.5249
12.6375
12.3253
14.4702
9.74998
4.52447
14.2699
7.73776
14.7494
9.41478
12.2434
13.8168
12.9311
14.6182
9.4746
13.5011
14.7743
12.8339
9.04814
10.8776
13.502
9.5392
10.505
6.16244
14.9312
14.6418
14.1133
11.8728
9.4333
11.2344
6.5909
8.89269
13.5738
11.2895
9.59436
13.1434
10.6307
9.99946
13.8695
14.0765
11.2705
9.6769
12.548
14.0325
14.2092
14.8065
6.02718
10.2974
11.2706
12.2802
14.9484
14.2767
14.9077
13.8347
13.6705
14.1465
14.5612
11.8924
11.2742
13.6676
13.6702
10.3696
9.78932
14.3505
11.2212
14.0224
12.657
10.8569
12.9635
10.929
14.0003
11.6181
8.38582
11.6622
9.35495
14.2058
11.2065
6.20613
11.3625
13.7795
10.0861
13.9709
11.247
8.44095
9.56887
14.5451
13.487
12.7368
13.1535
10.1287
12.3384
8.47056
13.2245
5.65525
13.7754
4.94144
7.85881
10.9423
11.0067
12.0659
10.248
14.2343
10.9559
10.3793
10.4514
12.4552
10.3494
12.2066
8.73432
13.9377
12.7496
13.9207
12.7286
6.2332
8.68121
13.2653
4.62576
13.2784
14.7016
14.3428
13.2402
4.67258
13.0865
4.74152
6.58407
14.5189
13.3119
12.972
13.4521
10.0859
14.6759
9.7888
6.18961
13.3631
11.4722
14.2399
9.61253
14.3467
11.0803
11.2428
11.9296
7.78826
9.8625
14.8282
14.5598
8.4748
11.2448
10.8023
12.893
5.6376
11.6447
10.0904
10.4164
8.81574
13.1518
13.658
14.0484
14.3425
11.0918
13.9374
14.4541
10.5104
9.06334
9.87314
10.5766
8.97371
14.675
7.82222
11.7534
9.73286
12.0413
12.1444
9.13295
4.94988
13.9454
13.7501
8.73996
12.7268
14.5378
13.5973
9.4248
13.8727
13.7783
10.522
13.3116
11.8653
11.1204
11.9838
7.88432
11.9975
12.048
13.6855
13.574
9.99558
14.0128
9.70382
8.1148
12.4494
14.0245
12.9688
13.483
8.7528
8.9634
6.40492
12.059
12.27
14.5421
14.159
14.2395
13.6108
9.7781
12.7801
12.9638
9.8388
13.8724
10.2275
11.1624
13.8764
10.3903
12.0753
9.27094
14.7892
13.255
14.8463
11.9857
11.6055
13.7233
14.9492
13.1853
9.45284
10.279
14.5164
6.07373
7.59235
10.929
11.695
13.3057
10.9105
8.60154
10.0385
13.9808
10.2056
13.9553
13.4355
14.6458
12.2365
12.2687
9.89613
14.5983
11.1552
12.7569
14.88
11.7667
11.1338
13.5903
14.66
9.438
12.9112
9.85414
10.3269
9.07046
12.9318
10.2935
11.535
9.64424
10.1131
14.7966
13.2062
11.5503
13.5142
11.9048
14.6595
14.698
11.3118
14.5105
11.9033
9.71718
14.1459
10.1515
12.5147
11.6728
13.3067
14.9273
6.59613
9.39293
11.2351
9.45425
12.2335
14.9848
10.1004
12.5234
12.3885
14.2964
10.2655
14.3261
10.6851
12.0332
11.5663
12.8683
14.2925
14.4602
8.76159
12.2599
12.1022
12.4306
13.2202
10.5282
11.7145
14.6538
14.6722
13.7025
7.75861
6.65429
11.0691
9.55536
12.472
11.2612
8.47768
10.0801
14.2524
14.3212
14.3648
12.0998
13.3947
10.0822
7.95414
9.78837
6.34915
11.2255
10.4077
7.0005
13.3708
13.5544
14.3534
11.0824
13.7199
13.3295
5.24628
11.3072
10.0579
14.0175
14.331
14.2845
10.6057
8.9955
12.4343
9.2124
11.6148
9.42447
5.95966
14.1269
11.3176
13.3563
14.4305
9.39071
9.87896
11.1624
10.5475
8.53985
8.73855
8.07686
9.2547
4.94216
12.2883
7.94407
14.9599
10.2552
13.371
13.3889
9.13185
10.1565
5.57635
13.4699
7.98057
12.869
13.1255
10.45
11.7152
14.2185
11.5794
6.51898
13.8146
13.3492
7.66128
9.77863
14.1454
10.4389
9.96431
14.0454
14.5677
8.6695
13.6091
13.2418
14.6212
13.4588
11.4913
10.7424
6.06774
11.2582
12.6009
12.9589
11.5908
12.753
10.075
10.4733
12.0482
13.3858
14.2358
14.3519
12.499
13.4246
13.9418
14.2196
11.8194
14.409
12.923
7.37461
12.0596
10.3115
14.801
14.7568
13.8118
12.257
11.9363
12.2258
9.51718
10.0043
12.2796
11.811
13.6036
6.58137
12.247
13.5366
11.7046
8.18771
14.729
10.482
11.047
14.2257
12.6301
9.46031
6.10727
14.3146
11.7346
9.30559
11.7992
10.7873
11.7283
8.37818
11.9403
11.3511
14.9728
10.9477
8.14216
12.7959
12.9702
13.0924
11.0986
12.4638
14.5704
13.6584
11.4476
12.79
10.9995
11.2437
5.99901
12.6718
9.39616
14.431
6.65396
11.1969
6.33525
14.3915
14.0381
11.0834
11.0987
11.6171
13.5102
13.5868
12.7026
14.459
8.98503
10.0914
14.9511
10.9503
11.8084
13.5391
13.4354
8.43629
12.5947
12.9862
13.4705
12.5096
14.496
14.9063
10.0928
14.2302
13.7876
8.50942
14.1603
13.8468
11.7436
11.2465
14.92
9.62175
11.104
14.3605
12.9137
10.4304
8.16193
12.3835
9.29072
8.93193
14.7073
9.1034
13.1277
9.69391
11.8039
12.029
11.5842
10.6435
11.9306
12.4386
10.4032
9.91862
10.6125
9.46252
14.675
8.71039
9.81562
14.1487
11.986
9.76283
14.9709
11.9352
12.0455
9.18349
5.70344
10.5072
5.69052
11.0533
13.5423
12.8637
9.80543
13.912
10.3302
12.5726
10.9206
7.62664
14.1496
14.8257
10.0099
12.0213
8.93019
11.8739
12.8928
11.9994
9.02103
10.8776
12.4766
13.151
7.81769
14.1331
6.89831
9.34679
10.7161
10.1868
13.9843
14.1294
11.8767
11.3473
11.6674
10.5304
13.2377
4.90084
8.9333
13.528
13.8864
12.6441
13.9959
10.1255
14.744
8.36064
8.3304
10.393
9.54797
11.5733
10.6947
12.4542
12.7041
9.32382
13.5826
14.553
14.0461
14.4847
11.2461
10.0511
10.5983
9.19226
11.0973
14.8134
14.9288
6.6103
10.3865
13.5556
9.62043
11.9302
14.6186
14.4295
13.2003
11.4111
13.5467
11.6841
14.7084
13.7817
9.11765
10.133
8.74995
6.32686
8.89884
9.23045
14.4221
11.1009
14.8736
11.9433
6.47996
11.6069
13.7315
5.27696
12.6869
12.6174
9.43051
14.9224
10.1756
14.7949
9.6874
10.4302
14.9523
13.1766
14.7953
9.07357
9.3823
12.1053
6.31486
10.4357
13.4415
9.18878
13.2409
9.93413
14.011
13.8507
10.7837
13.9045
9.51447
14.049
12.6793
6.86526
12.5806
10.1944
10.7822
14.4026
11.3633
10.0718
9.10253
8.3214
10.1653
10.4179
9.77713
11.3881
8.97733
12.1628
9.72843
10.0512
9.90781
11.8554
14.638
10.3292
13.92
11.3104
9.07659
9.29578
13.1187
14.439
6.57959
11.601
6.42728
10.3705
10.4329
10.0696
8.2917
12.578
14.8191
12.3044
12.1419
14.0102
8.53009
13.3172
14.0302
14.1933
14.6405
12.4217
14.4121
13.5353
10.788
14.9471
11.3173
10.8466
14.8172
11.5765
8.43704
14.252
13.6257
8.91336
6.00331
9.14228
6.10479
6.59076
10.6714
13.9809
14.7779
10.6528
7.21051
10.7198
12.0615
10.7604
10.8751
12.2318
13.2583
11.1625
12.1454
11.0818
14.7769
12.2437
14.6785
13.1311
11.4836
13.1322
12.6374
13.6232
11.76
9.09945
11.4085
8.54012
10.4779
9.7891
10.0997
8.65135
9.07292
9.81868
14.1087
8.5521
12.7567
12.5281
14.3423
12.793
12.4667
14.8716
13.3104
14.6147
9.99236
12.2183
14.1343
12.6432
14.1792
10.6437
6.15192
13.3563
10.1921
8.2969
14.9193
14.6997
10.9211
13.601
13.6385
5.51036
11.9969
12.8691
10.0563
8.51879
11.7714
7.66376
13.4832
10.4417
11.2328
12.0895
13.4107
13.8979
11.9207
13.5202
7.20572
10.1661
6.93535
9.90524
13.9139
10.7276
10.2096
11.8285
14.0874
13.5912
9.14283
14.4004
13.4165
10.2033
11.3068
13.1291
12.367
13.623
7.357
10.373
11.4135
13.0325
10.8848
11.1627
8.87856
7.07993
10.5026
12.3539
6.55545
13.181
14.0143
13.2942
8.31804
10.6373
13.5365
11.0359
14.1191
9.53411
12.8517
9.84358
13.8768
14.0504
6.86636
9.82408
12.3986
9.14622
7.36962
13.6495
12.4296
11.3891
8.47744
11.6829
9.60297
13.0573
12.3457
11.9185
10.6283
9.98104
12.2584
9.12161
8.88874
11.1416
14.7608
14.8366
13.284
13.9382
5.39578
10.5265
9.97263
13.5928
10.7365
11.8955
9.26941
7.4818
11.3869
12.2759
11.8267
14.6477
13.5607
14.0336
10.915
12.6448
12.6804
13.6644
8.16719
12.0984
11.4169
10.1499
9.3032
13.7859
8.13763
8.89513
11.863
6.9089
7.985
11.1948
9.36232
8.23202
8.44235
11.2157
6.14044
10.9845
13.6158
6.58169
11.296
14.9973
9.87892
10.3309
14.491
13.8683
12.5682
14.3076
10.6138
10.0553
12.6746
7.93942
10.9189
8.36222
9.99353
