13.6163
5.96308
14.6426
13.8777
6.52946
9.38486
14.6335
12.912
8.70172
13.9234
14.7304
10.3397
11.726
12.7348
11.481
14.4993
9.13852
6.18538
14.052
11.3382
11.0208
9.49771
6.45037
7.69397
8.36248
7.91075
10.8512
10.5678
5.58723
8.80129
14.344
11.5195
14.2875
9.79666
7.66693
9.89052
10.0999
8.27087
6.90671
8.67946
10.5819
14.9547
12.0129
9.52983
11.3834
5.89165
12.0741
8.78764
14.0502
14.7663
12.2509
13.974
12.975
9.28101
11.1138
9.32713
11.9531
10.7883
10.7821
8.42541
11.147
9.74723
11.4735
10.9694
10.7517
11.8572
11.81
12.1819
8.89425
10.9344
12.9888
5.56252
8.06739
11.6532
14.3563
14.3943
10.2298
10.295
14.8604
9.28267
9.61798
11.9387
9.37208
12.6764
13.361
8.2702
14.9754
14.5214
13.8153
11.4977
9.83514
12.5746
11.5701
13.1414
11.9009
13.5559
14.7307
9.03663
12.5842
9.02657
9.82277
14.2229
13.373
7.08207
7.77267
10.4195
14.8562
14.7336
8.06418
14.7825
9.16164
13.0478
13.5471
12.1842
10.959
8.96631
9.58862
10.367
13.2372
11.8926
12.2311
9.82303
12.6793
11.5773
14.9582
11.7821
12.8717
12.9901
13.7428
8.99022
6.53914
9.16452
7.49932
10.3305
12.99
13.2712
9.02223
14.2153
13.9076
10.2701
13.4973
5.63323
14.4903
11.485
12.53
9.97066
11.8513
12.626
8.98865
8.80015
12.925
12.0346
10.3061
14.7425
13.011
10.077
11.9462
14.2735
7.18514
11.2335
13.9344
8.92232
9.76433
12.618
14.4714
7.00954
11.9704
14.4228
10.307
12.7813
13.2812
11.5453
14.846
8.11348
9.59538
13.4315
11.3436
14.9693
9.05812
8.5566
8.80801
11.4952
13.5672
11.4338
14.8691
14.7271
6.02434
13.2892
10.4164
13.3251
8.00867
14.1684
8.01543
12.3117
13.1537
11.2794
8.93952
12.3993
13.5428
11.253
11.4164
14.2113
13.0913
7.22602
11.667
11.1665
14.5815
14.3894
11.3347
10.1364
13.2678
10.8602
10.0587
11.8488
12.4134
11.6143
14.1942
14.9144
6.00571
13.0457
9.40524
12.0331
14.8226
10.9759
10.4064
14.5256
11.498
10.084
14.9842
10.2082
13.1682
10.8767
13.198
12.1801
8.65594
5.77121
9.35004
11.1386
13.0976
14.8198
11.3907
14.4452
13.4325
13.2908
9.50635
3.83864
7.96537
12.3492
9.71016
8.7179
14.3143
14.5587
11.206
11.1665
14.9236
11.8167
12.9719
13.2299
11.715
11.5313
12.1666
12.6938
7.88524
8.77867
14.8894
12.1079
11.9908
13.0576
10.3762
11.8536
13.4268
11.0014
14.2523
14.5937
8.97495
11.0954
6.73879
14.392
6.26591
13.1666
11.9063
14.153
9.41509
13.4598
13.2968
9.04247
6.29465
6.19408
12.5519
14.2554
14.0478
12.6502
12.9339
5.90971
13.2275
11.8789
14.0638
9.09169
13.242
13.8123
7.26427
9.65615
12.0769
14.065
9.67665
9.71341
12.3454
8.36339
13.5419
14.7256
9.34363
10.9035
12.823
6.20879
6.01208
14.6871
14.0848
14.1735
11.0816
11.5924
9.99685
14.2018
10.3628
14.444
5.7369
11.2547
10.5162
6.48295
13.9919
9.74546
13.3218
13.8881
12.0601
14.8619
8.39321
14.1305
11.9588
6.26136
10.2206
9.3212
11.2301
13.7346
8.32607
8.70175
13.7453
4.86833
7.41979
10.36
10.2524
14.6238
5.70989
10.3979
10.677
8.36035
14.0418
14.2466
9.78789
9.45222
9.91047
12.339
6.41199
11.9568
10.3723
14.3051
14.0707
5.90874
10.9212
13.2086
12.0756
10.2262
8.96173
9.34628
4.27559
9.77314
11.1442
9.27915
12.5917
14.3128
13.175
12.0484
9.47947
12.3058
8.75287
12.4001
10.2005
9.13272
10.1076
14.5553
7.6699
11.6679
12.0226
11.8122
10.6539
14.965
4.88512
12.5576
8.52069
8.41344
12.2243
6.24659
14.1143
13.2721
13.5246
11.499
9.19281
11.0645
14.842
5.13615
5.67937
14.826
13.6978
10.0593
10.3275
14.0945
10.0413
13.5632
14.7496
5.3951
11.7566
13.3257
12.9693
8.17965
12.8064
8.52696
13.5416
8.44886
8.69977
10.1392
9.9866
11.8071
10.3297
14.6667
6.42564
11.7133
10.2269
12.1499
10.2029
5.58223
10.6396
13.1419
4.67363
8.78201
6.00348
5.86175
11.6334
9.42428
10.118
10.3974
14.7943
14.9668
9.16038
12.7984
12.529
14.1836
9.93247
11.5648
13.0922
12.9622
11.9639
12.9136
12.3972
11.4365
13.8404
11.3599
9.72593
8.39604
14.4798
11.9567
13.945
9.18526
7.34713
13.9563
14.1876
14.4412
11.8823
11.9535
10.4763
11.048
11.1176
8.9819
9.55393
13.17
10.2227
10.7426
10.0186
6.1531
7.33731
12.4969
8.96741
10.641
14.2977
6.13396
9.4156
13.7929
12.0409
14.3741
11.9473
5.89598
9.58373
10.5189
8.67657
11.2543
12.599
5.73346
9.32188
9.40692
12.7041
11.5211
10.4805
11.1755
9.90639
13.9217
10.1766
13.4456
12.0458
14.7915
13.5647
13.3821
10.9342
12.1834
13.5728
10.5139
13.7012
5.45814
6.10014
13.2617
9.70006
11.3491
14.7361
12.7446
10.3896
13.4698
9.23366
5.75371
12.4803
12.7952
11.7942
10.649
11.5922
11.459
14.3645
13.885
14.6778
12.8659
10.8983
14.1027
14.1315
10.303
14.4845
12.2134
6.47511
9.92798
12.3115
5.31108
9.54959
8.7755
11.5741
14.7048
14.7295
6.57207
8.44336
10.462
14.5589
13.1618
11.4419
14.2868
12.2636
9.33658
9.90296
8.57758
13.9161
13.9235
14.3013
5.73483
11.1642
10.4732
11.0319
13.4243
10.3987
13.9546
10.7898
9.62586
9.42485
11.9844
10.0841
13.2804
14.043
14.0637
9.91157
8.8042
13.3923
14.0776
14.693
6.21018
6.33766
12.9495
6.25294
12.1446
14.8278
13.7627
14.9203
12.3691
7.58783
8.10273
12.0842
13.3925
14.001
11.3868
14.1255
14.1522
13.3929
12.8084
8.12709
5.46595
9.85217
13.7449
10.3862
10.0173
11.7813
10.5632
11.3855
14.759
12.4024
10.0166
9.97064
14.8531
14.8665
13.4858
9.52503
12.0532
11.6114
12.2576
13.8237
14.465
5.56843
9.16451
13.1929
9.32196
11.8727
11.5456
11.3591
13.4868
10.2073
4.8792
13.7396
13.3883
14.7953
12.3348
12.9246
10.3425
9.44817
12.1475
14.5686
14.3318
14.0901
10.3021
8.06709
14.1218
14.2306
14.6171
9.5469
12.3742
13.1388
12.4341
6.42452
10.8994
11.2467
11.7111
10.7824
14.5911
13.5359
10.1879
14.9957
9.24737
12.8288
9.63105
11.7729
10.3387
9.81232
5.4642
5.8725
6.27447
10.4532
9.90003
8.51612
9.08718
9.72186
12.3688
12.4949
11.4049
13.6602
13.7585
14.5378
6.07155
13.2417
14.7331
11.0953
11.3801
9.76515
12.434
11.9285
12.5727
9.63323
8.65831
8.60318
12.691
13.1921
14.3707
8.43964
11.7609
11.1538
9.44851
6.48758
12.2478
13.3039
12.8532
13.1181
9.34367
14.7036
5.55649
10.7468
9.55438
6.8354
13.7516
9.15283
14.5735
8.53241
9.68697
12.507
14.1982
10.9355
12.8425
13.9674
14.4827
14.2314
11.7612
10.7185
11.0204
13.9665
12.9342
10.2135
13.2374
8.2064
5.72198
14.0454
11.0072
11.5441
11.7017
12.4612
14.391
10.2289
14.0797
8.73103
14.3278
14.6113
13.7642
11.8256
14.4844
11.0788
14.9452
14.9523
8.56847
8.67927
13.1916
13.0668
12.0633
7.15072
7.94092
8.20643
11.3767
9.63734
11.2041
11.4451
7.59302
11.9883
6.6649
9.60162
10.2076
12.5
13.0459
7.8367
12.2632
11.8734
12
14.2569
14.5755
13.5417
9.44668
11.3517
10.38
14.2583
9.96296
10.4597
6.5201
6.63887
8.84853
10.8279
8.60694
13.6305
9.11689
13.7044
5.86034
10.3018
13.2307
14.6882
10.3263
13.332
7.7955
11.6273
12.6712
10.5368
12.6291
8.80833
10.3253
9.25234
8.46364
6.94814
10.1393
13.0561
6.00299
14.5188
8.65798
13.3171
11.8427
14.3401
10.3128
10.1936
13.8096
6.7246
14.4814
5.89155
9.61371
9.05046
6.17106
14.1344
9.13807
10.3634
12.8951
11.8464
14.1166
8.10357
10.632
13.3589
14.3062
13.4556
13.1264
10.7921
12.6568
11.0401
8.6536
9.92385
9.98171
6.96494
10.5
12.4661
8.75779
13.2381
12.9663
9.9867
11.6488
14.1505
13.1478
6.08579
13.6756
7.63583
11.3078
13.5986
14.5803
10.4632
9.79476
12.2119
9.88899
11.3439
12.1246
12.3457
6.59987
14.8702
10.3674
10.3249
9.9596
8.22149
13.9419
14.1606
11.3162
13.3395
9.69563
6.13269
4.719
6.59812
7.4693
4.43601
6.39865
7.43216
11.0456
14.6998
9.86063
9.53191
13.9346
14.9581
7.09315
6.96092
10.7144
5.44121
12.5903
10.1422
9.40944
14.484
11.0668
12.4634
11.0604
10.6215
9.96752
9.79774
9.90975
12.9133
14.9979
13.6154
10.3813
8.53391
13.5996
12.8171
9.03273
11.9508
8.85581
9.29651
7.81324
14.243
11.5058
13.4902
9.07144
10.1436
14.1085
9.51778
13.1
13.5487
9.78384
8.89007
12.8801
12.7466
8.69764
11.0136
11.916
14.1299
11.5
10.6296
12.0595
11.431
10.8902
10.5362
9.65825
14.9851
14.3433
5.15835
9.1569
6.13041
12.9445
14.5042
14.3069
13.9946
10.4648
13.586
9.32555
12.6612
5.70172
12.968
12.1246
6.34084
12.3714
13.2829
13.7087
9.481
9.42153
8.88143
6.53859
10.7154
11.5676
11.2581
12.3328
12.4964
7.25956
11.881
9.59256
13.3344
13.5528
10.6701
9.74124
11.4535
9.23376
6.1849
9.03718
12.7726
12.7863
13.0071
14.1722
9.75229
11.7335
12.2528
10.6925
6.12574
10.9511
10.619
5.7268
11.3922
13.5792
11.2442
13.2173
13.7005
8.40877
11.6569
10.3077
11.3663
13.9134
10.5717
11.4892
10.0915
13.2606
14.0032
10.6304
12.0569
8.53227
12.6123
12.0938
6.29013
14.3123
8.51711
10.4931
13.267
10.9567
14.4223
14.6185
11.3065
8.03232
12.0776
12.2107
12.2121
9.57304
8.55726
13.1848
12.0682
14.6771
6.09926
14.2902
14.6608
7.90667
10.1285
10.277
13.6279
7.56394
13.6224
12.5069
14.1204
9.82695
9.1913
13.24
8.98929
11.0496
8.7502
14.5696
3.81955
13.2941
14.2259
13.6201
10.0309
9.73166
13.4044
9.7954
6.72781
9.18509
14.4187
10.5734
14.2524
8.61771
14.083
10.7547
9.87873
11.1846
10.9958
8.61304
8.49028
6.03201
11.4224
9.68063
10.7764
10.3847
7.30643
12.2921
14.1031
10.3812
14.815
9.29565
12.5681
10.7235
11.8206
14.8563
13.0182
13.0384
13.8787
7.33878
12.193
5.4142
13.9476
11.6124
5.93363
11.908
9.53813
8.96167
14.7614
12.575
11.0371
5.54483
5.52836
6.54662
13.1087
9.64764
5.67436
6.6638
7.81844
8.45813
14.2174
5.84327
8.22997
10.9665
14.6184
8.93806
8.51765
12.5036
12.6999
10.549
11.4992
14.0572
14.856
13.9592
11.7589
7.2794
13.1973
13.1605
8.7603
13.6559
9.81313
5.45162
10.317
11.9707
11.3011
11.0669
13.0036
9.37995
9.42195
13.9899
13.818
10.0108
5.10049
5.87812
8.43561
13.0403
14.1397
11.2607
14.4769
14.1171
9.02187
8.94274
11.3523
10.5824
13.8899
14.5656
14.4692
10.1447
11.3275
9.84301
13.6278
13.9275
11.2985
11.8743
14.9037
9.15838
12.249
14.0426
11.7443
14.2592
10.0853
12.4329
14.6909
12.4622
14.3392
8.66531
6.08396
14.4735
9.8841
13.0158
8.63372
14.7738
11.9058
11.0271
12.5834
13.3684
12.3518
10.5004
14.2311
8.69928
10.4098
8.54202
13.4425
14.8051
13.2729
11.1682
11.9135
12.1321
14.8765
11.5762
12.1512
9.43501
11.0745
14.1765
14.4646
13.1631
11.4527
10.0938
14.0973
8.69653
11.9991
9.86747
7.5919
14.0722
10.3234
14.197
13.4924
13.3781
10.6168
14.4662
14.9459
9.63798
9.52246
12.237
10.9225
13.8293
13.5623
6.53812
12.5462
10.6793
14.7118
13.4812
12.3794
11.0811
14.6078
12.484
13.0748
10.962
6.01533
12.5092
14.0005
14.0965
14.389
13.0926
14.4619
9.9821
3.804
11.0723
14.6254
13.0275
14.8078
13.3998
8.42866
12.9311
8.70542
10.111
12.091
11.7217
11.9891
12.4158
9.39493
11.2653
12.6894
9.21894
6.04653
12.2705
10.1276
12.4255
10.9555
12.2854
5.73692
9.74646
10.8942
13.9076
5.14458
8.98883
9.66899
11.2358
12.2944
8.64985
10.0809
11.1517
14.228
14.1381
9.71882
13.179
11.6668
8.8972
8.6956
9.85111
13.9408
14.7577
12.6059
11.1858
12.6175
12.4221
10.2733
10.4983
8.07545
9.64408
12.5147
13.7066
11.3834
11.9858
9.82614
11.0808
8.1407
12.0314
13.4623
14.892
11.6421
12.527
8.54183
12.2473
10.9255
9.79511
11.7234
11.6937
11.9799
13.6887
11.975
12.8121
6.36998
10.3077
10.003
11.9317
14.1881
13.5004
14.9094
13.6948
12.9702
13.895
10.1681
12.7253
11.8895
5.99873
11.3036
14.042
14.8259
9.67866
8.35966
10.548
14.7617
12.5826
13.6874
11.2582
13.5789
14.0665
14.8586
10.4245
13.8786
10.277
13.3787
14.5106
12.6539
14.2267
7.91628
13.6818
9.6365
6.12734
8.52847
14.5601
9.83327
5.97757
10.2552
10.1064
11.1127
14.4355
11.046
11.7295
14.8149
12.319
14.171
12.5498
14.8183
10.0929
5.88622
12.9231
13.3741
13.2041
12.6714
5.68072
9.08464
8.52818
9.13932
9.88421
9.46656
7.30508
12.65
13.6556
14.8057
9.93115
11.2819
12.0643
12.7865
10.5711
10.8418
10.4481
14.7014
9.73991
12.8789
8.93116
6.11164
5.90986
10.0192
8.89579
13.1746
10.1228
8.62714
12.6325
8.96672
14.8402
10.7469
9.68058
14.2997
11.7048
8.88335
9.95575
13.0844
11.61
13.4007
11.9411
10.92
12.6047
9.07334
12.9264
11.7565
14.2475
12.8025
13.4293
13.495
9.31229
13.4294
12.3155
12.7705
12.4565
14.5326
13.7355
9.59472
13.4088
14.658
10.2424
11.4064
10.3984
12.4667
11.7413
8.73448
13.5029
14.544
11.1331
10.0268
8.95355
12.4989
9.92706
10.5386
12.2761
13.6414
14.118
12.3947
12.9739
6.32738
10.9971
7.42007
11.8317
5.54886
13.3216
13.2049
13.6508
14.3446
14.4388
12.7391
11.7031
10.6317
14.2768
11.8564
9.74698
14.8358
13.5834
8.74893
10.0798
14.3972
10.4901
13.2217
10.0344
7.60904
8.97035
12.3935
11.3798
8.60937
13.4818
11.8948
6.26375
11.8218
14.8188
12.1794
13.6341
13.7276
14.5431
13.7716
8.68545
12.2949
14.5011
14.0429
14.8572
8.29425
14.0968
6.11524
13.4754
14.7106
9.9259
8.59034
11.676
14.8975
11.6732
14.8572
7.33408
13.0772
11.0344
10.2134
11.2554
6.32164
7.19528
10.3087
13.2114
10.9884
9.42899
14.006
13.9726
14.5731
8.47336
10.4062
11.1479
10.8843
9.63814
11.4848
8.67694
12.7621
9.50613
6.14696
12.3691
12.9447
9.91947
11.3544
13.3476
11.5247
10.1659
14.0549
14.3133
6.00304
8.53087
10.523
9.78044
13.7724
11.2483
12.0802
12.3947
8.06803
13.1934
14.5531
10.5589
12.774
11.8852
14.3138
8.06405
9.7014
14.1774
14.3189
12.4866
12.6755
14.3419
10.6778
9.4197
10.918
9.63941
13.5605
9.60103
11.8304
9.55798
13.3454
8.71329
10.5028
11.5554
11.8408
14.7082
10.3978
11.4462
12.8977
10.1416
12.3428
10.996
8.72512
14.2042
9.82169
13.2229
12.1559
9.53568
11.1914
14.8134
12.7061
13.2238
8.81207
13.4317
13.5502
12.9757
12.0268
12.7767
12.5477
9.79772
13.2728
12.961
8.38649
9.77944
6.99175
9.68087
14.5359
8.13498
10.6573
7.37775
8.90666
11.3663
10.2115
13.1942
7.84969
7.96617
12.4054
9.37979
10.5683
6.5222
13.3799
10.5967
11.1622
11.936
8.1038
11.4641
13.0471
13.0017
11.693
9.67613
8.3941
12.3887
10.0129
8.47272
9.74992
6.00591
11.5726
9.06508
6.29384
13.3482
7.80856
8.42809
8.15124
14.3043
13.6892
11.6768
11.5161
13.1164
6.18499
10.9117
9.03839
11.4896
13.3633
13.3377
10.9859
12.8488
9.38506
12.1694
13.5698
11.0076
14.8376
13.3337
11.2132
11.884
8.33362
14.3416
5.90043
10.0225
12.6562
13.6864
8.90363
14.2034
10.4373
11.142
11.6614
7.00656
9.01578
9.66426
8.7363
12.227
14.4913
12.7217
9.32232
10.8781
12.6745
11.1941
14.5717
14.4533
12.4772
10.82
11.232
10.3861
12.7892
14.7111
14.1758
11.6174
8.00499
14.8865
14.8607
12.5991
9.41704
11.4876
13.8179
12.3289
10.3483
11.3706
11.0856
5.43666
11.2327
13.5398
14.5419
13.7705
13.1812
13.7919
12.7751
9.40881
9.49031
12.6054
10.6439
10.1116
11.9086
11.1459
5.9204
6.26758
14.9258
7.74898
7.25856
8.71568
12.9323
10.026
6.99428
14.5451
10.1824
11.627
12.6081
10.319
10.1732
13.3538
11.7676
11.7098
13.6224
13.5321
14.1297
12.6777
9.48141
12.6587
13.7415
11.382
12.4143
11.1709
10.5158
12.5796
14.2152
10.3972
10.0036
11.5356
8.62913
5.74654
6.82482
10.5181
13.6433
13.7075
11.0476
9.58084
14.8472
14.9782
14.9524
14.1337
14.7963
11.3098
9.66148
14.456
14.5187
13.4696
12.2094
9.96987
10.3882
14.143
9.70412
14.9468
5.96255
13.0622
9.71884
11.5219
8.69808
13.416
14.529
11.8941
14.8787
9.97966
12.4483
13.7861
13.5703
12.4705
11.754
10.4532
13.5366
11.0069
13.6644
14.3148
13.5182
12.7171
12.8088
14.9613
13.0553
9.90957
14.8211
12.2665
6.56802
6.91689
13.9857
9.21355
8.33094
9.67621
9.98139
12.529
12.5852
14.1243
13.2401
8.83316
11.5758
9.36996
13.8855
10.1693
14.7679
12.3972
6.34261
12.1958
13.4541
10.2977
12.653
11.4342
12.8194
13.8598
13.6496
13.9345
10.3933
14.4988
12.1873
8.77098
14.2078
13.6278
11.9367
11.535
14.8577
12.1895
14.3449
11.7419
10.8255
8.94099
9.91546
4.39768
8.65197
12.0838
14.0865
4.63217
10.2042
13.5176
5.79985
10.4108
14.3501
13.3537
14.5916
10.0141
14.652
14.4256
11.7974
14.8648
10.8334
6.88748
12.0016
11.4438
14.59
14.7125
5.08236
13.7304
10.4177
14.3307
11.9456
14.9815
11.9292
13.2275
11.08
12.3942
14.3308
9.16242
13.4226
12.4545
6.32522
12.9487
14.8597
10.4861
12.8662
7.04777
9.33121
14.1169
11.0974
11.0774
7.15849
7.82766
12.0716
10.3095
14.429
13.1573
10.3005
6.82684
9.80314
6.47553
14.6146
13.9554
9.87433
10.0383
13.8993
12.4023
13.5717
13.0429
12.7916
10.4153
12.1377
10.1767
13.0525
10.7435
7.54623
9.97926
14.789
12.7043
12.7057
10.5739
12.8786
10.7685
5.58964
13.6985
7.33584
8.71317
6.37649
7.0782
9.34093
11.6259
13.0233
5.82724
11.9667
14.1314
7.15964
12.4753
9.27225
11.8193
9.47544
9.85572
5.87334
9.4855
11.0816
10.0603
8.91471
12.5301
11.2763
11.8174
12.968
13.3048
9.95992
9.79455
12.6262
12.109
10.5851
13.7974
14.7145
14.4815
9.41658
13.8169
12.245
9.04231
14.5008
14.3216
8.43645
8.1685
10.6591
11.0408
13.4905
9.43134
12.683
10.3193
14.6109
5.50217
14.156
11.3108
13.1022
13.2329
11.7697
12.5928
8.26724
12.9855
11.7626
8.91443
12.702
7.83725
12.2851
10.8946
13.2496
7.934
11.6283
14.5046
13.6903
13.2222
10.7022
13.3228
11.8948
10.2623
9.17205
12.3846
9.07235
12.8537
10.5125
12.1143
11.8206
6.88904
12.9383
14.4967
13.0817
8.9363
12.0357
12.25
12.1612
8.72901
14.4042
5.99179
11.0341
10.8336
7.14442
13.152
4.51555
12.9723
12.9285
13.7669
13.3932
12.3313
13.2864
14.6781
8.11876
14.6849
12.5651
10.1693
13.1951
14.2003
7.86784
7.21522
9.37738
12.2614
8.17999
12.8781
13.1317
14.8334
13.2852
14.6363
11.4008
8.91902
12.4349
8.3723
12.5932
13.8207
13.186
13.9736
13.0793
9.80887
13.3435
10.7823
10.1875
14.8217
6.31621
11.0974
11.2738
13.8103
13.8763
12.2385
7.15348
11.8648
8.6959
12.7309
5.39736
8.34861
9.35431
11.2917
14.1627
12.249
11.8033
12.1698
14.3777
13.6809
10.4899
13.542
9.87356
5.86166
9.76655
14.7413
13.7139
10.3906
12.7988
13.4128
10.3919
14.7863
8.35978
14.3993
10.2143
14.4172
12.6565
6.5129
5.87985
9.33896
5.88831
11.8761
10.9319
14.8019
12.4586
9.25303
12.8806
13.5201
10.7764
10.4977
14.1942
7.74772
11.1426
14.8251
7.43657
9.00731
12.8736
9.81479
13.5944
8.63172
13.3135
8.21687
13.4641
8.09881
5.516
12.4383
11.6796
11.6081
14.3636
13.1698
14.2602
14.6246
11.2437
14.2191
12.5942
13.3651
12.8514
13.5039
11.133
5.58093
9.01671
10.7075
8.75935
11.2931
6.60646
12.1523
9.53235
11.21
8.69074
8.83378
8.23962
14.6326
10.8069
13.7457
13.3312
13.7865
10.6543
14.9396
5.54888
10.3295
9.57925
8.01726
13.19
11.5749
12.8032
11.0749
13.9871
14.1539
14.5309
12.0039
10.0922
4.87628
14.1873
12.7977
14.4642
12.6997
14.9498
11.9318
10.1428
13.0328
12.458
12.2979
14.7229
10.5964
13.0458
11.3894
9.84137
10.0336
11.2825
13.5899
13.3023
12.5121
13.706
10.0744
13.455
11.3001
13.9553
12.7122
10.8276
10.9366
7.35154
6.49894
9.91483
10.4488
14.0989
12.5133
9.39311
6.47307
13.0529
8.37933
9.65378
13.5914
14.0107
10.437
7.69669
6.36266
9.76493
7.42912
9.92954
14.3993
13.0018
7.98977
9.92278
11.6253
13.3245
13.7532
8.91964
10.3476
9.76079
9.49288
8.3986
12.1217
10.2063
12.8468
12.8942
10.8552
9.73895
10.4922
12.909
11.7228
13.5917
13.4595
12.0623
14.5047
8.68002
10.5784
11.8819
13.9059
10.7405
14.5713
14.2888
11.282
13.1054
9.28212
7.89803
10.3749
12.7354
12.2145
14.3179
7.14227
9.80843
9.08133
8.27002
14.1264
14.8722
9.66007
12.883
11.5805
10.1272
11.6482
11.5312
12.4403
7.88894
9.91775
11.5816
9.88373
14.3687
12.6521
12.9072
12.7669
11.3183
5.68624
9.6446
13.7875
6.976
5.42887
11.7927
6.70347
14.6912
14.5711
10.58
10.9403
10.5525
10.347
14.7967
13.868
13.6431
9.12688
13.0564
6.92813
11.2778
10.707
11.1152
14.8513
12.1264
11.3681
8.4838
9.14184
14.8075
12.5543
9.62609
11.4479
7.87536
13.4464
6.14664
9.77305
11.9283
12.0778
14.3521
13.6199
12.7082
14.863
11.7671
4.19899
13.3584
11.5316
13.8483
12.5156
14.7461
12.5201
10.5972
8.98568
8.13872
12.4924
10.3771
8.61242
8.90846
14.3567
12.8706
7.68784
13.8148
12.9965
14.0412
12.42
11.3398
6.25
6.8638
12.4836
9.70331
10.3197
10.6792
9.338
8.81751
6.37261
13.2754
9.37507
6.55753
12.9659
12.6159
6.7642
10.2892
10.5485
14.504
11.547
10.4928
10.3249
10.2428
10.8833
11.0541
9.35372
7.05816
10.5344
12.5675
10.1051
13.6435
10.9537
11.6405
11.185
14.786
11.7774
11.5073
13.0286
10.4425
8.8949
10.5529
13.587
11.981
12.8368
10.0431
14.8822
9.18775
10.6706
9.76397
9.59332
14.7473
10.726
11.2852
9.91942
11.3468
9.6992
8.16832
6.16398
11.5398
11.3828
14.9116
7.1827
11.4933
11.9142
5.91302
14.2247
12.444
10.9958
9.04804
12.2075
12.5445
9.88674
13.8443
12.2233
13.8001
11.1989
14.4815
10.3699
14.2318
9.75663
6.01738
11.8258
12.5318
13.9345
14.0167
11.1968
9.1387
10.4589
13.311
14.1217
7.80838
14.363
12.1382
14.4469
13.6621
11.1947
9.66614
11.0819
14.4594
12.2488
12.4804
13.2647
11.987
13.2057
13.9542
11.9064
11.4829
9.57343
10.1463
10.6145
12.273
10.4577
13.4111
14.6279
11.8826
11.8384
14.0998
11.5379
10.8564
11.3463
12.432
8.21886
9.19743
11.5786
14.6436
14.8638
13.1735
10.3495
12.827
14.7258
13.035
4.09262
14.5666
14.7174
10.1797
13.9018
8.34817
14.9113
10.9124
13.0763
14.033
10.7701
10.6511
14.8849
10.4937
12.3952
12.0632
8.83496
9.33595
13.8302
14.7655
14.2647
11.8197
8.20204
14.94
5.12673
11.8341
14.5343
12.2095
13.7318
13.8939
12.4461
6.35597
14.7192
11.8219
13.4298
11.8856
13.6293
9.9305
14.7915
13.0795
8.84803
11.2342
12.955
10.0969
9.7558
8.23189
13.8204
12.0776
12.8593
14.0271
12.5082
12.9521
9.74964
14.3048
13.4196
10.3979
14.8146
12.3099
14.1687
13.7298
9.1436
14.7575
11.6567
12.9266
10.7456
14.7867
14.7691
13.0854
7.75683
10.3569
13.2982
12.414
9.85332
8.86277
12.0251
14.6278
14.868
4.03616
7.31553
7.80203
14.0334
12.2484
8.67998
9.94757
10.1624
14.2699
8.21277
9.57878
9.29203
9.71289
8.60662
13.0098
9.37278
10.908
11.3759
14.6624
11.6377
14.6032
13.685
11.7497
14.9599
13.0634
7.11606
13.4456
9.56273
14.9224
12.7089
6.71463
8.64956
14.1328
11.6109
10.2842
13.7238
10.3744
14.2003
14.7783
14.3531
8.01309
10.2604
8.99791
10.3907
13.3303
10.6935
8.60248
13.1357
12.0643
14.7349
10.8725
8.6396
9.30808
9.40744
13.8512
14.6647
12.2707
12.1602
10.9303
14.7454
10.0311
13.6508
9.03286
12.7377
10.0191
11.686
8.48504
14.3396
11.0251
14.3638
11.4761
5.39157
8.5516
8.05358
10.0954
13.0455
12.9025
9.30898
12.2673
10.0221
14.1941
6.028
13.6739
13.3779
14.3629
12.8642
13.0557
10.9914
13.4634
6.34797
9.2554
12.067
6.15419
13.0642
8.67932
11.2022
13.6686
12.068
13.8221
10.7331
11.0041
11.8275
11.6145
8.21463
12.7897
8.76396
14.2255
6.90822
14.3709
13.1558
14.495
10.3182
8.61471
6.29258
14.4543
11.6891
8.28313
14.8028
11.3146
12.6655
12.9345
9.62328
11.9164
9.79119
11.2519
13.3567
11.9713
13.0931
12.9471
13.7527
8.63473
9.91264
5.20905
11.0193
14.7174
13.4332
12.1324
13.2969
11.5741
12.2912
9.2011
9.40877
12.6427
11.7775
7.8949
11.3573
12.8069
10.1552
12.0294
8.76354
11.0809
14.3788
11.4012
13.7052
7.61846
13.5972
10.5802
14.7456
10.9437
14.5215
8.96737
13.3251
11.7984
13.2338
9.40962
9.34894
11.4278
14.1085
8.47523
13.4905
6.26647
8.8492
10.6264
12.3952
13.9884
14.3381
14.1854
8.62396
14.8707
13.2266
8.99018
14.5317
10.0687
7.98404
12.1912
13.0105
10.1957
5.94228
14.2079
5.58347
12.4239
14.8002
8.74872
8.9615
14.7548
12.1538
4.59929
9.67899
14.6361
5.54667
6.14163
10.7031
8.10849
6.13615
10.7254
14.2832
14.492
7.12554
14.1998
13.8899
7.7076
8.50048
11.264
13.7742
14.2248
12.8978
9.28029
14.0326
12.9831
8.32658
8.29788
12.0018
11.3126
9.14718
10.6659
9.29046
12.7661
12.9435
10.0637
12.2434
9.9714
14.9296
14.47
14.5518
7.61726
14.7482
13.8755
12.9597
6.53539
14.6037
13.0567
13.3358
10.1279
11.6617
14.3834
12.4178
10.5168
8.62693
11.3807
10.4097
14.5758
6.55012
8.64423
13.2377
11.6833
13.9831
14.6563
5.91827
8.59634
13.3957
14.9585
14.0277
10.0353
14.7969
13.7682
12.8519
14.9766
9.19981
11.6005
11.0896
13.7547
12.792
12.6355
12.6523
14.8905
10.9682
8.36241
13.7211
14.2172
10.6427
10.0259
12.3037
11.2762
12.9983
14.8218
8.0905
9.93864
9.35717
13.7499
10.0502
11.5324
11.9159
12.4453
14.0039
5.89518
5.43337
12.8546
8.84372
13.1952
9.21195
5.00476
7.48082
10.4277
14.329
12.6489
12.5158
10.597
13.9213
9.62303
14.4943
14.6605
14.3321
14.24
8.20176
10.8113
12.6467
14.7705
11.1912
10.1956
14.6598
14.6631
13.6025
12.6889
13.1098
12.8672
14.1862
12.3676
5.81652
13.6206
10.6887
12.3339
13.7545
11.6332
11.3612
10.9013
14.6305
6.87532
7.10541
13.2391
7.88162
13.5522
13.4301
12.3644
11.3355
14.1203
12.0278
13.2989
13.6435
11.7522
11.145
11.829
13.9494
14.5663
14.816
14.0526
14.9894
13.7559
14.9291
10.3848
10.5307
14.2664
10.007
14.1639
14.4919
14.9939
7.46688
8.57795
10.9465
10.4165
13.7176
12.686
10.6706
14.2754
7.5756
10.8905
11.1449
11.8107
8.61828
11.7295
12.0795
13.1885
12.1742
14.3175
9.12732
12.438
11.6974
13.3886
11.4855
8.31475
14.5771
10.7837
14.9269
12.6667
13.5933
9.72509
8.1534
13.3513
12.8986
8.67755
12.0858
11.3369
14.0807
12.7764
14.5102
14.0856
10.347
8.21828
14.2001
13.2
14.6511
13.0485
9.76837
14.7876
9.6764
12.2582
14.185
7.30973
10.7947
9.38781
13.8258
13.1701
10.9081
13.2414
9.40926
5.66258
12.3202
11.3885
6.76744
9.83312
11.8797
10.0904
11.4392
11.7459
10.938
11.7203
12.7035
3.84967
12.7435
10.3748
7.41394
14.9469
12.2519
11.2556
13.1652
10.5089
8.5088
14.6255
13.629
12.1916
9.50577
11.939
13.1172
14.9161
13.2094
10.0539
11.6775
9.50566
5.90461
9.12699
7.86115
9.27326
6.4441
6.2027
13.3229
13.4641
8.74291
13.4162
12.8555
11.2996
13.7869
13.6939
11.6983
9.63675
10.6505
14.7364
9.58775
8.58413
14.2474
14.7865
5.25195
10.4486
14.5114
13.869
10.3807
6.38177
13.4677
9.34532
11.6906
12.3068
10.252
12.5777
11.7848
12.4905
10.3414
10.7325
10.1032
14.4306
8.72438
4.05326
14.8324
14.9008
13.8855
11.8371
13.8554
13.2087
14.0826
8.25895
14.9038
12.2847
12.4743
11.3687
10.116
8.6447
14.5835
8.63632
10.6739
11.8458
12.4359
11.7677
7.12738
10.9928
11.3715
13.4803
10.968
7.61052
13.17
12.9466
10.8378
11.6138
9.21169
5.88436
9.3596
10.1329
14.7342
11.6485
11.7332
6.52478
11.5641
8.78138
12.5548
10.013
14.3505
14.3795
11.1091
10.6509
13.6006
5.50876
13.364
10.9436
11.1982
11.7145
8.40441
9.25336
13.3065
14.5609
10.1761
14.0523
10.8991
8.81325
9.48221
11.4503
10.3766
6.79242
8.42872
10.6708
14.6432
12.3278
8.39899
7.4756
8.48157
10.5369
12.9431
14.0337
10.7336
13.504
9.65358
12.6106
7.236
11.5091
13.7477
9.83637
14.0129
10.9119
14.9727
13.549
12.7329
12.0105
14.947
13.0018
13.4841
13.6178
14.2945
13.1748
6.00336
14.5525
13.7564
9.50064
10.6379
10.6605
9.19469
11.9674
7.65207
5.83774
14.6891
8.63126
10.8687
8.34684
12.8742
9.07176
12.1493
11.5401
14.3911
10.8134
8.62643
13.3341
12.578
14.4405
10.0288
13.676
6.43297
9.65843
10.7792
12.3987
14.4526
10.583
13.8757
13.6379
14.8408
8.66095
12.421
12.6327
12.3482
10.2067
10.9649
13.3228
12.7733
10.0845
11.0558
9.90024
9.51337
12.2566
9.66795
6.52591
12.9087
12.9232
11.235
9.34529
10.5991
14.9476
11.142
12.9183
12.8861
13.0766
8.44524
10.5582
13.8392
5.79346
14.5285
9.71037
12.793
11.108
10.3844
9.77263
13.3173
8.46742
12.0595
13.8809
9.97928
14.4749
10.0267
11.6515
14.6136
13.1797
14.4246
8.73223
10.4334
10.0205
6.13781
9.58819
8.0662
12.8738
13.7107
14.4442
10.6368
11.5607
13.095
13.4161
13.6977
10.0784
10.5561
14.1416
10.0863
10.3918
10.7543
12.5408
10.4321
10.3197
9.27898
14.6825
14.6785
12.4332
11.845
6.08744
6.80943
8.67208
10.592
13.5013
13.029
8.22636
11.901
12.8972
12.5748
10.5389
11.4535
12.7482
9.59874
12.3506
9.37615
10.8641
13.8817
12.0778
12.7123
8.59015
11.3679
11.9186
14.1992
14.2286
7.33753
12.5966
10.1622
10.426
10.733
14.544
12.0794
13.9874
5.16536
11.3169
13.6863
11.077
13.6855
13.5802
13.0106
9.77197
11.2541
9.90078
8.39385
6.12601
5.38038
11.4905
12.4488
11.6086
6.92219
9.98095
12.1704
13.977
11.1585
8.95202
11.0753
12.2953
9.13501
8.78245
6.95062
7.78341
11.0421
13.6423
8.95197
14.7506
10.5841
11.6325
8.42503
13.1675
14.4016
12.1671
10.6163
14.2588
5.04099
11.5879
6.48559
14.8296
11.7202
11.239
12.2902
10.6676
13.4339
14.4074
13.9572
14.109
10.1919
8.26403
12.8576
9.96349
11.2278
13.9724
10.8012
11.8996
7.15019
12.0045
14.2323
13.3052
11.6392
7.57442
9.62515
13.4172
12.6821
13.6499
13.8576
11.2437
4.20899
14.7277
13.772
12.4683
11.8635
11.6154
10.3779
13.5112
9.35474
11.9947
11.4315
13.4272
13.3655
12.0904
10.2415
10.2196
13.5204
12.9914
10.8276
7.97738
14.9762
11.239
14.7833
10.7093
9.43218
8.88737
11.5512
11.1436
13.8894
8.49126
10.0764
13.4176
13.4278
7.00781
10.5613
11.0009
9.58668
11.163
9.77432
9.49042
13.877
13.2222
7.48018
14.8079
13.9718
11.9649
9.411
13.0217
10.9402
12.3658
11.9992
8.3503
8.26319
11.6979
11.0891
9.35301
8.7178
11.3053
10.155
10.272
10.0906
13.7341
12.529
10.6796
8.86381
13.9117
5.96667
9.80657
14.5358
14.0377
13.9237
10.8698
10.3186
6.91847
9.66831
12.342
11.4123
14.34
10.455
9.00263
10.3265
12.0432
11.5209
11.8859
11.2379
8.7402
9.29497
10.1079
12.0651
13.9908
10.3984
11.1811
8.78412
9.41662
10.3171
14.1091
6.78946
9.81335
7.65088
6.844
11.6455
14.9822
11.2643
13.4631
12.54
9.65318
8.57683
11.7731
10.3758
10.6858
6.11211
11.5383
13.0958
5.8094
9.03929
14.4238
11.0299
14.6763
14.6221
14.7739
13.8395
14.0219
11.4148
9.02684
10.8987
8.3947
14.5865
14.0137
14.2742
8.48572
5.1475
11.5348
9.82539
13.5098
12.2735
8.45976
12.7896
12.3381
9.89015
11.162
10.2049
8.84293
10.9694
14.9552
14.0692
8.13925
9.79022
8.71232
12.9828
14.8212
14.4766
9.27605
9.76595
14.81
14.0754
6.13027
10.6317
11.4487
14.0855
11.6758
9.56754
10.0626
13.2276
10.4728
14.4518
10.9439
9.43292
13.6587
7.46464
14.7542
10.8514
14.6029
9.41178
7.38075
11.5224
13.0893
7.6059
9.53895
8.56366
12.7675
13.7264
13.5491
12.2461
10.9716
9.282
14.7526
4.82537
10.794
13.8419
5.96135
10.7951
8.03704
10.3479
13.5601
11.3159
8.30119
8.38173
8.28413
11.6573
10.1336
9.46886
13.3678
7.01754
13.9675
11.5836
13.1272
13.122
10.7961
5.90727
10.6182
9.8736
12.5251
11.9072
13.3904
9.68189
12.2526
10.8397
9.72326
12.5652
12.0369
8.27376
14.3656
7.9552
11.5931
11.8147
12.1956
13.8849
9.01229
11.5145
7.65512
10.1145
13.3269
10.7104
10.7585
11.9125
14.5577
12.7362
12.9124
13.6934
14.3761
13.9544
6.55791
11.1174
13.6166
6.88037
10.2939
11.9111
11.9822
14.6793
11.3157
12.4818
14.4443
10.7368
10.3996
9.23462
14.6023
11.2501
14.6311
14.9216
5.67037
9.87693
11.9938
7.78878
4.83542
7.28005
11.9527
10.6148
13.5227
11.8892
10.1702
8.52343
12.5823
10.4668
9.08177
13.8809
14.0155
14.3751
13.5713
10.8084
8.46755
11.2037
14.0189
13.7385
13.2746
14.7289
12.6157
11.8174
10.8907
8.45781
9.14275
9.92561
14.1943
8.53963
6.1052
14.4866
11.4486
6.61458
10.952
13.9487
14.9841
9.05661
14.5912
10.1015
9.36708
12.3377
5.079
10.3349
11.3799
14.2293
7.61373
12.0303
14.9622
10.6184
13.5674
12.2128
13.9703
11.0891
14.5651
14.5759
14.5538
13.1167
9.9207
10.5357
10.321
12.0342
12.9603
11.227
13.4797
8.84409
14.2959
12.9947
9.51752
12.6844
14.7914
12.0819
12.3152
10.8582
13.619
12.8399
10.4629
14.4998
13.9606
11.5645
13.7677
11.2083
14.9923
9.01555
12.8808
6.86664
12.1288
8.73329
8.49292
6.47402
14.281
14.2032
8.59832
8.83405
14.8506
6.11838
10.1541
4.98114
9.812
10.4251
8.03378
11.6897
12.0957
14.501
6.09184
12.8358
11.6572
6.29961
11.1165
13.8368
8.58895
11.7793
13.2974
9.13725
11.3143
8.59246
11.5227
13.3665
13.1693
13.1552
10.6623
11.0801
11.5603
12.6748
11.3114
12.9875
9.94285
5.99152
14.5857
13.3664
12.1468
8.95809
13.794
13.4771
5.83382
6.05819
5.57931
8.84431
6.28607
12.589
14.2809
14.9388
8.25724
6.28734
11.7856
10.6895
14.5236
11.0004
9.23944
10.5296
12.1539
12.2861
10.4334
13.7583
6.74059
9.12561
13.4717
9.47402
11.1308
6.98383
9.98941
10.9661
10.8611
10.0548
10.2847
14.1445
11.8614
8.44304
10.9213
14.4385
11.9899
12.3823
12.9398
9.04667
9.75027
10.3144
14.7961
11.4139
9.55355
13.2402
12.8582
14.7927
14.4748
9.79573
14.4435
9.95729
13.1328
7.78068
10.104
14.1662
11.3359
12.5283
13.2218
9.25975
13.8423
6.21608
14.2635
13.4436
14.4228
10.5305
9.92347
13.4556
6.28888
8.51693
12.5796
14.9296
14.8534
13.6025
9.53589
14.143
9.78765
10.3457
6.40931
8.86052
10.1471
12.5914
5.56843
9.9266
9.81129
10.9468
8.69771
14.4137
12.5494
10.9956
11.5227
14.3102
13.2071
6.73159
12.6129
12.5716
14.2081
8.50193
14.6172
11.267
10.5757
13.9766
13.4581
8.70511
6.40733
13.881
10.8315
11.1287
10.4705
10.8312
11.0757
8.31018
14.9677
13.269
13.859
9.71501
5.54303
13.6803
8.25721
14.4939
5.70251
9.36442
10.2999
11.6978
10.0439
12.5728
9.07585
6.70081
10.127
14.3701
10.7421
12.9288
11.9131
13.2384
14.0161
14.5656
8.59307
12.5144
6.11474
9.15648
6.22224
6.63199
12.7685
14.8205
13.9599
11.3858
13.0789
6.03752
8.44878
13.7892
14.5382
5.04803
13.3278
14.6123
11.3007
9.17505
14.6876
8.56904
10.9468
12.192
12.8414
10.1573
10.9786
9.93565
13.3659
14.5435
13.1008
5.7298
14.9622
5.16153
14.5525
11.8478
7.85427
8.71838
12.4707
9.95427
14.4316
14.4753
14.7187
8.57042
9.75289
13.4697
13.1387
4.32253
10.859
12.9759
4.6488
6.63749
12.584
8.52512
12.9841
11.244
9.40535
8.82969
10.9964
9.83986
11.9298
13.2637
9.77332
10.6826
6.39497
13.8217
14.2802
11.6473
9.14894
12.0738
5.59537
12.5041
13.3219
14.3228
14.333
12.8189
7.45569
13.46
14.0379
14.8188
10.9714
6.30094
12.8719
5.46061
9.84345
11.1955
12.4084
14.3926
14.4194
6.1407
6.75404
14.6235
11.6506
12.3115
8.37856
14.6686
12.4127
12.4025
12.2508
10.7627
13.8821
11.7567
14.3558
13.0569
13.7421
10.6464
11.0139
6.33839
14.9527
14.7971
6.81116
14.1617
13.4179
14.2133
12.5736
9.21748
11.46
6.45956
14.2538
8.64089
14.1735
9.94053
5.40014
8.37527
11.0974
12.2894
8.92764
13.4618
14.8102
11.7244
9.13827
12.8344
9.76313
9.32054
11.4658
10.6435
14.0488
11.0857
10.1809
10.597
14.3215
14.0132
12.7817
14.7697
9.31697
10.0105
11.2777
12.7459
13.4859
12.7209
14.2262
10.5362
10.0745
12.815
14.613
14.5444
12.7978
10.1955
9.33782
14.0155
11.5273
6.47629
6.82754
13.1488
9.70727
9.61451
10.579
11.3935
12.4921
11.7585
12.7516
10.651
12.6289
10.9577
9.24057
14.0814
10.1824
13.893
13.5105
13.6036
12.9271
13.7138
12.6261
12.7548
12.1572
12.2506
9.61331
14.0126
13.0367
13.4267
7.08884
10.9683
13.6894
5.83645
7.18105
10.4347
11.5741
6.91379
11.2671
13.8695
9.44681
9.73497
13.9918
3.80451
13.3771
12.5383
9.83435
14.9898
14.9773
13.091
14.9479
13.2227
14.8683
14.093
12.0992
8.92831
12.694
8.57397
11.7891
13.734
10.4657
8.76919
11.978
9.90558
9.24738
12.1352
11.4573
8.39185
13.2269
10.0433
14.7924
14.7368
11.8269
14.0538
6.09562
8.67966
8.6549
10.2737
8.52281
13.9474
14.3078
11.4233
14.6576
5.89326
10.5435
13.6384
8.75308
11.4882
11.9409
10.8726
12.3745
14.2081
14.9987
11.0012
6.65605
14.9343
8.27741
6.01487
5.88175
12.9618
8.80092
7.69849
12.4147
6.22913
14.1479
6.59327
14.8131
8.31878
12.0202
10.7096
10.1155
7.2372
14.7057
12.772
6.24385
9.42182
8.80616
14.1294
6.54163
11.8931
13.3851
10.2223
9.66833
11.1159
6.39406
14.4003
11.4868
13.0624
13.7616
13.0862
14.1953
10.3999
14.8604
10.7237
6.49496
11.6588
14.1262
14.4845
11.9387
12.2724
14.8285
9.12665
12.2303
14.2313
7.77957
14.402
10.6846
10.6968
12.1234
13.9951
13.1006
11.3181
9.70657
9.93633
11.0848
8.4401
10.2649
11.422
12.1307
14.0593
13.8236
14.6508
12.1809
12.0302
9.84906
6.23578
8.68209
9.80719
9.62706
14.3393
10.2729
10.6574
9.12077
12.6876
6.4704
11.991
6.37564
11.3281
14.7257
10.9342
12.5489
8.7791
14.0442
10.7932
6.51381
10.7579
14.1609
10.9489
11.1089
10.3192
9.76688
13.8061
12.5833
13.8508
9.59949
7.76394
13.6097
8.98377
9.59795
12.7659
6.35243
7.75739
10.9576
13.61
8.6825
14.1752
12.1125
8.55736
12.0766
9.45554
8.68905
10.7522
6.73161
12.1312
11.894
13.0778
10.6641
11.7286
13.8667
12.2706
10.0472
9.39513
12.0455
8.45227
9.32492
12.0598
8.10418
12.8823
14.3423
9.57833
11.2914
6.75092
8.19331
12.765
12.3605
12.559
13.7551
9.72597
14.3833
11.0809
13.8382
12.7129
8.80388
9.27339
12.4873
9.93838
6.50642
11.2358
13.9134
9.65374
13.9093
11.259
14.4504
13.9596
11.5222
13.8136
11.5541
14.1547
7.95222
9.2874
8.4373
9.9011
8.72937
14.0091
10.1088
11.9234
8.59777
13.9778
14.0596
12.4208
10.7237
8.65558
14.0139
10.0838
14.8388
14.65
10.5269
14.3795
14.7056
13.4965
11.1098
12.4329
10.9322
9.8152
10.3807
9.92136
8.56603
7.62958
5.20536
12.9834
14.2933
13.5008
12.1199
14.3095
12.2644
8.52231
14.6032
10.4303
10.239
9.98639
12.5663
9.57841
11.6003
10.8083
10.0179
11.5221
12.6446
13.1332
5.77172
13.282
11.5459
6.36001
13.0474
8.77639
8.57951
10.6833
14.8568
8.73438
10.6433
8.64288
12.8622
12.212
14.3825
14.2257
8.55367
9.9562
10.898
7.22991
10.5815
12.7638
11.5226
12.7468
10.445
12.4018
10.8527
9.11323
10.2912
9.78018
6.85056
14.2223
9.17706
12.1653
9.58612
9.90464
7.07793
5.57059
14.0965
11.9905
9.06759
10.4002
9.88272
4.58645
9.69779
14.6436
6.06221
12.4795
14.6274
14.1556
8.4115
9.76252
14.3952
10.4027
8.96476
12.0167
12.6955
12.5288
13.7973
13.1867
9.89705
10.3619
14.717
13.3196
14.2762
10.4433
12.6049
14.2243
8.18648
5.98168
11.0782
7.08806
8.48354
11.7892
10.1157
10.0916
11.3543
9.77555
12.8432
13.4251
8.49101
9.52059
8.82204
9.41446
13.9359
11.0542
9.13633
11.8964
6.11856
13.4109
12.4581
9.208
6.04762
11.8689
13.2487
14.1506
10.7564
5.42932
10.9285
14.6839
13.9034
14.0423
12.4595
10.23
10.3477
13.5584
14.6727
10.4436
13.9092
8.71035
14.1805
8.46078
8.50695
13.9949
12.9839
14.4514
11.0726
13.4996
13.8917
12.2361
8.82968
12.5611
12.112
6.59827
13.2286
14.344
6.03215
12.5368
8.31473
14.1378
10.4027
8.88451
8.88112
13.5499
13.5936
14.5903
14.184
13.7979
12.6052
12.8553
10.7009
12.8517
10.7386
11.2975
12.2614
5.82843
10.7592
14.1018
11.6945
11.1244
14.2217
14.3738
11.3592
9.86902
12.732
14.3423
10.3781
14.809
13.2708
10.2892
12.9218
5.75258
14.8183
9.70654
14.5722
13.2996
12.4572
7.58073
10.116
6.19512
12.3882
10.3474
10.8189
11.824
10.2433
8.69552
14.6421
8.87241
9.37476
12.064
10.6259
11.9929
13.4135
6.62124
14.2555
14.1607
11.8633
11.3076
12.7078
14.3437
8.5666
13.0661
10.9853
10.9974
8.95526
8.45708
14.7902
9.96967
8.70869
14.2105
14.5483
8.47617
9.99876
10.9865
14.5425
5.58118
10.0314
9.9411
8.50108
14.6781
13.91
9.2666
11.6423
14.2718
9.90748
11.3063
6.2155
14.4768
9.77419
12.5205
10.751
5.34183
11.5014
14.6655
13.5194
5.83853
13.6134
12.693
12.5819
13.4118
14.2963
13.5646
10.1185
9.07989
10.9313
12.5282
14.8284
8.36649
5.93143
13.0586
14.0134
7.7632
13.0505
6.41953
10.1607
11.4778
12.3247
14.9755
13.6826
11.2994
13.3369
14.5188
12.4066
11.3096
12.9592
14.9053
13.0844
8.15968
11.5973
11.6991
11.782
13.8474
11.8671
12.5988
8.94099
12.8125
8.88368
11.5022
11.7192
9.72516
10.2638
11.7267
14.4543
12.4028
13.4186
14.6242
11.4057
14.8498
9.04939
12.9277
13.9397
13.2781
14.2103
14.1398
14.1845
14.8424
8.12657
7.90207
9.18005
11.876
10.1791
14.7985
14.8985
12.2192
13.3098
11.265
14.7051
11.8946
7.12073
9.85272
12.9622
13.6064
9.7938
13.5534
13.29
10.8552
12.9857
10.6857
12.7302
10.717
10.6763
13.6178
11.3473
10.422
14.199
8.84916
11.3795
11.2752
6.64095
11.5945
12.4257
14.6942
13.7026
6.10288
14.2221
5.95019
12.6003
10.6989
12.6557
13.1604
11.9115
14.7287
8.72034
10.5259
10.3866
10.6983
8.91082
11.5736
9.69303
12.7936
9.0013
13.9775
13.5273
11.2077
12.9189
12.7035
11.6121
12.8193
10.7959
10.3845
11.8379
11.1882
13.7099
11.6954
12.3746
6.30994
14.4041
9.22574
12.7469
9.50959
14.9512
12.9485
10.5808
13.9824
12.9391
12.2165
11.4449
12.806
6.1635
12.3005
12.3083
13.9312
10.2991
14.4898
8.52893
8.81966
14.4093
13.1064
8.67667
10.0232
14.8933
14.7
6.70339
14.2173
10.634
9.17488
12.4887
11.2686
9.89301
10.1086
14.1114
10.6469
13.7418
12.8275
12.7391
14.8765
13.9289
14.5568
12.507
13.1313
8.09793
11.4912
13.6188
11.4552
8.7287
14.2411
9.08617
13.9518
13.6563
8.39526
12.7855
8.63955
11.5652
14.8491
5.78782
10.8019
13.5148
5.39928
6.76295
13.9336
14.1024
13.5281
13.8292
12.0479
13.9997
13.6694
10.5107
9.93551
14.8749
9.01521
9.77638
10.0414
13.4964
6.42599
9.74318
9.42379
8.51228
10.6345
14.252
8.58485
9.99529
12.6537
10.1091
12.6439
9.59172
9.11108
13.0666
9.00042
8.61336
13.4869
4.95642
10.5318
10.617
8.89909
13.9807
11.9512
14.7804
13
12.0755
13.2693
8.41842
14.8415
13.678
13.6678
12.2697
6.07429
10.7956
12.4489
14.9563
9.1253
12.7638
13.8896
13.0075
9.14591
14.6307
10.8441
9.75432
12.3362
9.98819
9.90303
12.8023
4.55221
9.24552
9.71595
8.68454
14.0882
12.0803
13.5586
11.0763
12.0899
13.6978
8.83159
10.6985
14.6456
12.5426
9.5767
14.4101
6.54663
14.6737
6.16822
11.5307
10.8178
12.6509
13.834
8.58354
9.98665
12.0906
10.4971
10.7743
6.21603
14.5675
6.00166
6.57458
10.7441
4.47656
8.83109
9.18278
14.2924
10.6297
8.17054
13.2004
12.98
10.348
9.74033
10.0874
13.5
10.4975
8.4473
12.0192
6.17324
8.68666
10.7431
10.6578
11.0891
11.2961
10.9428
10.2518
14.483
13.1956
13.222
7.75627
10.1682
12.9134
13.1079
12.0612
11.9826
5.88449
11.8086
13.9998
8.80745
13.8168
11.804
13.8327
13.0894
12.7568
11.1206
9.81362
12.2408
10.7362
13.3961
9.14496
11.6415
10.0443
6.51843
12.7868
14.867
10.2565
14.1347
5.43962
10.9654
8.40875
10.6746
10.8634
12.469
10.0037
11.7855
10.0024
10.0477
14.3702
6.32067
7.06579
13.0625
4.92158
6.72877
12.7538
14.5052
13.4113
11.9927
4.96335
9.63923
8.72016
11.1162
11.7372
8.4469
10.7371
4.54551
9.02208
11.7404
14.5122
10.2781
7.57464
13.9874
13.895
14.0928
10.5583
13.1435
11.3564
13.9504
7.55814
9.54197
13.2434
13.0682
9.83864
14.3463
14.1971
12.4457
12.1413
14.4562
11.6186
10.8041
14.1806
12.1144
11.0526
14.6669
9.8847
9.72616
12.1593
9.92742
6.0326
12.4841
9.62292
8.45928
12.9355
9.63257
11.6006
9.68882
14.6534
12.9221
9.45491
6.27817
6.11771
13.0422
12.3379
14.1499
9.95126
6.34653
13.4788
9.74458
6.81297
12.395
10.2694
12.6167
9.67468
11.2182
12.3211
8.82003
14.3613
14.6463
14.2132
12.4403
8.6001
11.9892
5.54614
9.04149
14.182
11.7244
13.3133
11.0654
6.64277
11.8307
14.0619
7.80343
8.56105
11.1611
11.7994
6.65283
10.6332
9.82405
8.49437
9.9363
9.89862
14.9805
14.9185
12.1235
13.7391
6.09325
13.506
10.9164
8.95574
8.59929
9.83452
6.5474
7.96877
11.3456
13.9765
10.8606
10.7509
10.0438
8.38179
10.826
11.8613
12.8164
10.1693
6.41037
13.9368
12.5997
14.2871
9.90725
10.0518
12.6609
14.2634
5.88539
9.08488
10.5814
6.51799
10.5225
14.0173
10.2744
5.3834
12.01
9.45048
6.75026
10.649
11.219
9.66691
14.2695
13.704
13.8284
12.3985
12.9321
9.60972
11.8033
14.7172
14.9925
14.6974
10.3706
5.51452
13.9602
12.8751
12.2571
10.0266
5.66471
12.0655
13.5661
12.3814
12.4923
13.889
13.6543
10.4464
11.0253
8.53945
8.52746
7.11359
9.36065
13.9739
14.633
10.5879
14.4422
12.4641
6.81008
14.713
7.35035
6.17384
14.1855
13.131
6.79353
13.5548
10.1496
13.7639
12.9026
8.56073
6.21052
11.9758
11.3809
12.2639
10.1876
10.4969
14.4445
14.184
12.9751
9.80497
11.7529
6.44097
11.9558
8.62201
5.93495
10.1185
10.6106
14.1867
14.283
9.6848
13.8276
12.0362
11.2558
9.61539
11.4116
12.7009
5.71644
12.5891
14.5478
13.2648
6.34143
9.83475
10.2795
14.381
13.5594
8.95747
10.1039
11.4998
10.4308
10.5922
9.94882
14.2033
14.8197
14.057
11.8945
8.34783
12.6159
11.4062
13.3364
12.7687
12.5696
8.83531
13.6576
7.3717
13.5972
13.0517
14.264
9.63069
9.15942
12.7428
10.6097
13.5057
14.0114
13.1269
12.5281
10.974
8.72345
9.80237
4.76619
7.17915
8.05088
13.0079
11.0265
10.4183
13.9997
9.64192
14.6124
11.5876
12.4651
14.5468
12.3107
13.2546
13.4524
12.7666
12.4558
14.7356
14.3414
13.0911
12.4411
14.3809
14.9925
10.1317
8.99713
10.437
13.2712
12.4223
13.0228
11.7451
14.0877
9.84996
8.707
7.42866
13.4068
13.3512
12.3711
10.6391
12.3066
11.4676
9.90202
9.86885
11.7351
13.4543
7.48209
14.1942
9.43042
6.1799
14.1008
9.92975
10.3924
8.61582
13.2869
12.0314
10.4483
11.9183
13.9714
12.7464
12.4014
13.8021
12.7236
7.67766
9.92161
14.3216
10.0665
12.5696
12.3698
12.9547
13.3036
9.58119
6.166
7.31933
9.08339
9.87834
14.076
14.9318
12.5048
13.2943
13.0871
9.98722
8.72805
13.7123
10.2431
11.3428
12.4965
10.4057
10.4488
14.7609
11.887
9.43594
8.98166
12.5461
12.4844
13.4769
13.722
12.394
10.8253
12.3717
5.23895
8.69503
13.4426
12.2972
12.4136
11.6321
10.6306
14.9138
12.8121
14.092
12.6064
12.6433
6.42702
11.9037
10.8194
6.59346
13.0823
13.0249
9.51719
14.4297
6.93939
13.7231
11.2495
12.3293
8.61438
14.7123
12.6523
14.8936
10.7238
6.34918
10.9694
13.2254
12.0467
13.1993
4.9616
12.2021
14.3802
12.3054
14.7954
9.49607
14.0041
13.918
10.453
11.7511
10.4302
12.8974
9.96655
10.6859
11.8736
12.0608
14.1714
9.87364
13.5481
14.2475
13.8912
14.2764
13.7742
12.3911
9.28133
8.35355
9.88874
12.7316
12.5847
14.7469
10.1188
14.8796
10.8002
14.2464
14.2675
7.12016
10.9565
5.87475
14.777
14.1435
9.22376
9.69423
7.69212
14.2688
6.86033
9.711
10.7154
13.7837
10.6244
8.96804
6.03817
13.7944
12.3067
14.0227
12.3436
8.72553
13.8141
11.8499
10.5256
12.3844
14.3142
13.5472
13.9678
14.8456
14.7912
12.6819
13.3193
9.80091
8.08407
10.9614
13.563
12.4619
12.7323
8.49003
11.7932
12.4759
10.6789
14.0902
11.5204
11.2028
11.8565
10.9243
12.7426
14.2014
12.0638
12.3441
14.1622
13.8575
14.9971
14.0901
9.28743
10.9576
6.31001
10.1004
10.0643
8.39611
13.5651
6.04189
12.1923
8.72946
12.8373
7.21968
13.1951
13.9375
13.6073
12.4653
14.3526
6.11429
12.0822
12.8836
14.0634
14.6994
8.05054
13.5304
6.33308
10.4467
12.6123
10.7535
9.24866
13.8648
12.6508
13.382
13.1922
9.06619
11.4686
13.2256
14.7563
10.1518
6.4129
3.81946
12.5142
12.8527
11.8723
12.5887
8.65476
9.79913
10.7138
8.37899
12.3789
9.32605
7.08265
14.0836
8.51885
11.6953
12.0321
14.1128
9.09148
10.9932
13.372
11.882
14.3091
13.3087
14.1161
12.5063
12.1538
14.7578
13.4892
10.9013
13.1486
14.7417
13.2672
10.3962
10.2986
8.54431
14.1561
12.3805
9.9069
9.97412
12.5189
8.47265
13.9473
10.7975
12.077
11.0247
14.7803
12.4057
11.6559
11.8167
10.4272
14.1541
14.2336
6.32343
14.3471
6.2075
7.5494
14.1411
9.47615
11.0201
11.8929
11.6944
13.3981
14.3414
13.1164
7.20645
10.9593
13.2662
9.86745
8.80317
10.0578
13.0532
13.3834
9.80212
12.053
11.4312
10.7126
10.0189
12.3691
14.7765
12.1276
11.1119
12.5792
8.82898
10.7532
14.3446
13.3312
8.73326
7.97154
14.9155
12.3211
13.149
12.3148
6.21948
5.13122
13.5774
13.1007
13.9381
14.5113
14.1546
13.0017
14.6297
13.1503
14.3997
8.94932
14.6561
12.1887
5.89866
13.0319
10.0177
12.6402
12.3505
9.77804
6.26164
14.5023
12.4763
11.8966
10.5977
14.677
5.87596
11.3173
11.4142
12.0037
10.466
14.2875
11.3646
10.4352
9.85066
13.3737
11.1468
10.5438
14.4378
14.3682
14.4334
6.14361
10.8948
14.6237
13.7517
14.1987
11.7417
11.9599
9.7625
12.42
12.2809
10.2453
14.062
12.489
9.01465
9.70931
13.803
14.2203
8.28612
14.1633
14.9618
14.2337
14.9317
11.9712
14.9797
10.5272
14.8273
9.25054
9.45819
12.1578
11.9185
14.6394
11.0741
10.0042
10.5931
10.965
14.2913
14.8574
11.3244
10.7126
11.5612
11.8415
12.3046
6.18571
9.04925
11.9281
6.61924
12.7561
8.79856
14.7517
7.63638
10.9544
9.81234
9.99382
8.70513
6.0639
8.99741
10.1362
10.9068
12.7003
13.004
5.88768
10.7865
14.3565
8.50335
14.1207
9.76766
10.1359
13.9252
9.13332
12.59
9.96091
12.7183
8.71433
14.3394
12.751
14.9097
14.9374
12.0526
13.8713
12.6427
6.10807
9.95114
12.6168
11.9932
8.58551
8.26603
8.24242
11.532
11.6194
9.02685
9.40817
14.5397
11.9089
10.8777
11.6012
9.50604
10.4471
14.0782
14.733
8.79585
10.973
14.1676
14.2761
9.09409
8.86667
10.9523
8.99601
6.42148
10.5074
10.7615
14.5181
10.7725
10.8899
10.9767
10.4744
9.93151
13.2279
10.8389
14.835
10.3234
11.5981
13.2898
7.8296
14.5698
8.47755
9.36878
12.8845
14.2633
14.1664
9.86032
13.6178
13.4564
14.7063
10.38
13.9968
12.5431
10.6911
12.6964
5.88952
10.391
13.7464
11.9922
10.6187
14.9034
13.2991
13.0177
7.52157
10.1322
14.2471
11.793
8.97858
13.9837
10.8966
10.2803
12.0488
11.2228
6.9861
13.12
8.69888
14.4057
12.5579
10.654
7.38682
13.7952
8.81707
9.10393
14.5053
6.84099
13.79
12.4358
6.10102
10.5197
13.4099
3.96626
11.3617
14.0586
9.10424
14.3521
14.4665
14.8343
14.5753
14.0274
8.93976
8.50664
10.1938
14.8979
14.8876
14.6069
14.0419
12.766
12.3415
13.6737
11.4704
8.83516
12.4391
13.6573
13.3142
7.43302
13.2701
14.5458
13.7509
14.8186
11.8761
14.3847
8.1289
8.90808
12.1457
11.5961
14.1339
12.8874
14.3601
9.76239
12.3836
13.2977
12.0674
8.86062
11.9843
10.2125
6.76669
13.9073
14.3465
13.7583
9.32456
11.5371
9.89153
13.9866
12.4548
10.4989
10.4237
8.72324
9.07167
14.255
14.3611
5.91127
8.96896
13.126
13.0606
12.6157
13.4681
11.7063
11.7401
14.3171
13.6361
12.9428
8.61369
12.261
12.4173
12.7176
9.86006
10.5048
12.1135
14.3847
8.98628
8.67409
12.8395
13.3237
6.21362
10.7707
12.4774
13.7924
13.0724
11.3033
12.1386
12.8481
10.9237
13.4584
14.8172
6.16548
12.5191
8.33085
10.1449
6.27203
13.3009
12.9831
14.3763
6.35426
9.71127
6.20808
11.8753
11.4302
14.6949
7.60851
13.7528
8.61504
8.83654
14.4448
10.6251
12.2532
9.45993
13.8886
14.2772
14.2434
14.6634
7.18777
7.85341
6.02698
8.75321
14.3942
11.9024
12.047
11.1346
12.8495
10.6274
9.90604
12.3161
6.4652
11.4209
14.8965
5.79439
14.2998
11.049
12.2194
14.1294
13.7048
14.7309
13.4019
14.3879
6.15714
8.78619
14.3369
8.44379
10.5735
8.96202
8.78578
14.5621
12.6072
5.6624
9.31272
14.2193
11.9586
10.0633
13.4512
8.19232
11.7868
13.5542
13.8309
12.1832
9.8186
9.76013
7.50821
10.4172
6.86975
14.4053
5.46967
9.36864
12.0899
10.9917
13.536
12.9151
8.63917
12.3329
8.61201
9.98965
12.4608
11.3785
6.77007
6.8292
6.48478
12.5209
14.3448
13.3589
13.857
14.4504
11.2523
9.82934
10.5123
6.02694
6.08489
6.73255
8.38239
5.9701
9.00514
8.83328
14.9051
10.5209
8.47843
13.0413
10.7608
13.1404
11.1636
8.79043
12.4119
5.81481
11.5312
10.2884
10.837
11.6388
13.7124
13.985
8.86069
11.879
9.09429
13.0494
9.5728
6.84054
12.4404
12.2126
8.82141
11.2022
12.1018
14.8705
11.928
14.9348
9.76231
12.57
6.05112
10.9615
12.9265
5.95051
12.223
10.8237
5.06311
13.3604
6.58931
10.8136
7.66826
8.30056
13.6002
12.4969
14.1782
8.78814
13.5189
12.1822
8.44378
12.4944
12.6898
9.31897
6.1614
14.1822
6.97453
11.4849
10.8007
10.8819
9.05204
14.212
11.0071
14.3331
12.7095
14.5698
11.1383
14.1552
14.3492
10.5733
12.7903
14.4043
8.47112
10.846
13.0447
10.3659
14.5233
12.3071
12.9104
14.3356
13.0505
8.9876
9.33977
9.90349
8.88232
14.9103
12.4473
13.7732
13.288
12.8826
13.1584
9.35478
14.6957
5.54697
14.9952
8.83663
7.02732
9.94545
13.9622
9.60028
12.5737
13.7605
14.0149
6.26286
14.0214
12.1609
13.0297
13.91
8.5546
7.70275
9.93563
12.8759
9.02847
14.6837
11.0142
12.7326
8.94575
9.24437
14.1595
11.3663
7.48481
11.2526
9.21239
14.5531
10.983
9.90827
14.6896
8.57507
11.949
7.31006
13.5989
9.16222
11.6394
12.9766
8.82946
9.78304
14.1268
6.43559
10.8842
13.243
12.8566
13.4197
14.5965
13.5475
5.82389
14.5822
6.81389
8.01451
12.3636
11.2071
12.4164
10.5391
13.2298
10.2448
10.8775
10.0258
8.82244
12.6808
10.0445
13.3105
13.5244
14.0418
9.87835
10.7019
13.1949
8.06632
10.0268
14.8591
9.35791
14.2955
5.45683
8.24252
13.4171
11.9288
13.8746
6.14449
13.6402
11.7253
11.5649
13.6113
7.49564
13.2225
13.9419
14.5912
7.65386
10.7109
9.66621
9.44846
11.6393
11.3472
6.60452
13.1069
10.4276
13.8374
9.84816
11.6694
9.4495
9.96589
14.7475
14.5079
12.3687
12.0854
7.70451
12.0537
11.9804
9.73668
13.8536
13.4774
14.3356
12.855
11.2806
8.22227
12.8191
11.9649
14.8211
8.6391
8.64101
10.5623
11.7259
9.68602
9.99454
12.8036
14.2788
13.111
8.87189
14.3575
14.8868
14.5874
9.94656
14.4922
14.9316
10.836
13.7727
13.2233
8.75089
9.52846
11.2554
9.15804
14.6013
12.2627
13.7782
10.1209
12.9545
6.26741
6.3821
13.5831
10.6268
7.53714
7.60697
13.5189
12.7861
12.9902
7.62491
12.541
14.2117
14.6103
7.31155
13.2401
14.7127
12.5118
9.23385
5.99932
11.0864
13.8308
14.2591
11.0012
14.1757
13.6074
14.9201
12.5366
10.6554
7.22691
11.5195
12.5048
13.5606
9.51151
9.61056
8.99575
10.1409
8.45118
6.24577
12.7546
14.1933
10.5693
14.9369
8.59731
14.4035
14.0422
10.3382
10.5238
12.1429
8.3235
12.0476
11.0644
8.21902
8.59421
14.8866
6.89296
7.3353
10.507
14.1491
12.6907
14.3555
14.1456
13.091
14.205
9.78663
9.89992
14.4791
12.9297
7.43856
13.5748
12.5314
13.8066
14.8952
12.3076
12.6432
14.9285
10.0839
8.93391
14.7251
10.0674
13.6952
10.3387
11.8105
13.6601
8.83353
13.0656
10.0691
12.5614
9.24315
13.5459
11.8365
11.557
13.5685
12.245
13.5478
8.66128
12.3017
10.6039
14.2692
13.7503
13.3387
13.0275
9.97722
10.5337
13.2537
14.5515
8.32283
12.9139
11.7539
10.2078
13.8746
12.9331
12.4102
9.97914
12.3381
12.8203
12.5845
12.2259
13.3667
14.2852
7.1628
12.3474
10.8353
12.4172
9.92952
8.97711
6.73952
10.8279
12.2874
10.6706
12.2474
14.4614
13.9959
14.7892
11.0692
6.20075
12.1236
14.0525
13.8388
8.53632
10.8524
6.14942
10.536
13.6413
12.219
9.51588
10.7515
13.1558
10.5265
14.2317
14.402
14.0902
10.1096
12.313
9.418
13.0658
10.0111
14.3435
14.12
10.3706
12.2449
8.66518
7.19999
9.2449
11.4002
5.75174
10.4642
10.6564
11.0169
12.2744
14.9739
11.9842
11.2216
7.45937
11.5539
9.5093
12.4641
10.1337
11.4315
10.4277
14.7943
12.2883
13.2228
10.8965
9.02093
10.3038
11.4941
14.137
6.03824
4.9766
14.8403
10.82
11.7318
14.9453
4.9632
8.08467
13.0995
11.4727
14.257
10.4177
9.45554
7.46033
12.5605
11.2386
13.1667
14.0266
12.6912
11.849
12.1587
10.291
4.83708
8.42586
6.37594
14.3977
13.8188
10.9163
8.61265
14.7029
12.7977
12.7939
11.0015
12.8656
6.99055
12.973
14.5833
5.28284
14.8098
12.9293
5.77001
12.413
6.03033
14.2662
9.66132
10.218
5.44176
13.6555
5.37648
12.0748
9.63497
14.8908
14.7421
13.1802
12.5872
11.0857
12.4752
10.3044
12.008
12.1982
11.5124
11.6643
11.077
5.96759
8.81563
10.5819
13.8672
13.0822
12.6921
13.9136
9.45188
9.98075
6.41219
12.8234
14.5256
10.5349
14.6862
11.8183
9.86105
10.7724
11.5069
10.071
13.034
12.0704
14.6963
12.5711
7.84996
11.9715
12.9392
12.0243
8.57637
6.11763
13.3331
14.9331
11.1803
14.3881
13.355
12.4927
8.18267
6.399
4.38286
7.62491
12.474
8.06367
13.9124
9.83753
7.35174
11.0463
10.1149
9.77502
11.6029
10.8938
10.6754
14.4873
12.9942
10.5845
14.7749
14.6922
12.2893
10.4053
13.6754
13.5976
10.7875
10.3996
13.8302
11.6948
9.02482
8.23398
11.88
13.6651
13.194
9.13068
14.2265
10.6686
14.8668
11.7284
13.9068
11.8525
8.09435
10.577
11.7636
14.8765
9.95263
14.8037
10.3356
9.35105
10.7623
13.125
14.6482
9.64914
13.2741
14.9885
10.4539
12.7563
12.8166
6.29191
10.9599
4.3464
11.5625
4.13066
13.3651
12.7777
5.83452
12.9818
12.248
14.727
10.276
9.91746
8.44093
10.8831
10.1646
11.1713
13.8072
12.4419
10.4704
10.581
10.6988
14.3572
10.6991
12.7256
10.7716
13.9381
11.2206
6.35978
11.9972
8.92712
10.3713
10.1029
5.08709
9.07638
12.3789
10.2629
6.66013
11.1821
12.6335
14.1853
8.3758
12.3397
8.68719
12.2318
11.043
10.0433
4.75365
5.38689
14.2668
7.4624
11.2557
13.8041
12.6943
9.21525
12.983
13.2955
6.44661
9.57453
14.5295
11.9735
13.0917
8.74327
9.5534
6.67096
9.06772
8.80064
14.3072
8.72426
12.269
11.025
14.6412
11.4297
14.5031
14.8446
6.92407
13.3181
11.6133
10.5613
12.8969
14.0445
10.9711
7.60756
14.7984
9.9472
12.6266
9.50258
8.47312
11.6155
13.817
13.8983
14.2396
9.68782
13.7701
6.43782
14.342
11.6951
6.40103
12.4697
11.1701
10.0803
12.117
5.97871
13.713
14.2877
12.8302
6.88219
12.5692
10.0011
14.8565
11.6251
12.811
13.0007
13.7816
13.5736
11.6717
14.4471
8.48133
11.2977
9.93062
8.68872
6.7647
14.9063
10.3762
14.2553
7.59851
10.3474
9.5226
9.63646
9.62265
9.06805
12.5488
14.0918
13.8253
14.2043
6.3964
14.2335
5.81075
12.024
5.92845
12.0141
14.7616
12.7802
10.827
10.0249
9.1895
4.99982
14.6951
8.40659
14.1305
12.8023
10.803
10.6052
14.5844
6.49779
10.3652
12.4519
11.6187
11.863
9.34075
12.8598
12.5205
11.6548
7.95763
12.6679
13.3927
14.6189
11.257
12.3738
10.7783
14.4688
11.8551
11.7179
14.9566
9.69811
11.9461
14.5695
9.3517
14.222
13.251
8.94286
13.786
13.3066
8.99236
14.9396
14.5364
5.49929
14.4481
9.8477
8.79448
13.1063
10.2918
12.6548
10.6146
11.0933
8.32379
14.2427
14.6731
11.9917
9.51009
12.5288
14.2323
14.1008
10.3801
12.035
13.8483
13.167
13.4041
8.65178
6.45805
10.9771
9.97997
13.7045
13.7655
12.2431
11.0928
7.47394
8.81161
12.0566
13.2569
13.7224
12.5612
12.6767
11.9384
13.9479
12.305
13.9228
13.9562
10.6201
6.84534
11.3285
11.2579
8.89292
10.3924
10.8912
10.1777
11.0191
10.9886
14.6123
5.59236
13.2417
8.68155
11.9913
14.5681
11.7015
4.97125
8.22161
11.1996
8.42895
12.5353
13.6574
14.0141
13.9943
11.7089
9.72041
6.34305
13.9395
6.23927
12.5491
10.8274
13.3554
9.38791
9.96294
11.5738
12.7303
10.6061
12.488
13.2551
13.7042
5.90185
8.74306
11.4418
13.9334
9.85022
13.154
5.97973
10.3187
12.3856
7.22872
14.1132
11.9096
14.4178
14.0448
8.41442
9.79088
9.50264
14.7035
14.8674
14.0923
12.1084
10.8869
14.3175
8.51344
8.08531
13.2614
14.5496
14.8279
12.4611
11.7091
5.81491
12.2155
13.3248
12.991
12.2119
11.3813
13.0735
14.5822
13.7934
14.3025
11.8679
12.7621
9.07792
11.0957
5.89913
9.72367
13.1872
12.4509
12.3321
10.1361
11.3033
11.1256
8.92527
10.6623
7.66286
9.31621
9.70289
9.27018
6.26853
9.09409
14.2666
11.8896
13.4032
11.8411
11.9438
12.0862
7.19432
13.6334
13.9063
10.9934
11.9249
12.2071
14.8422
8.7097
12.0837
8.62316
14.334
5.92391
13.6014
10.2281
10.4224
10.618
13.5285
13.8674
13.7822
14.4282
14.1178
14.1145
13.688
12.9124
6.14311
12.9772
14.8059
13.9186
14.0575
12.2339
14.1855
12.2263
13.4528
9.87105
10.3741
12.1528
9.07332
12.0544
14.2529
11.153
12.5018
14.3028
13.5637
11.0387
5.90956
13.5521
8.8783
11.3198
8.77613
14.7163
10.7468
9.93107
8.37644
13.1683
12.9368
10.3539
8.87592
10.9887
6.05824
11.4327
10.0829
14.6588
12.0113
9.72856
7.43188
14.8194
10.8916
13.2989
14.3918
8.77889
13.5873
9.7221
11.921
12.8727
13.6398
13.6013
7.85364
9.10484
11.1058
7.94344
14.9262
10.9815
10.448
13.8603
11.7769
9.10047
8.92697
13.2736
10.7372
13.9737
14.5351
11.7687
12.3357
12.0941
10.4029
8.98358
14.6734
13.8384
9.41388
11.5059
11.9335
14.8777
9.7229
10.3087
6.0462
14.8796
10.5172
13.4916
14.4468
14.893
14.5266
8.07919
14.5522
14.0082
8.41698
10.6958
10.8753
11.1195
10.9981
9.00982
12.7301
4.97193
12.8596
11.5883
12.4233
6.03904
12.7962
10.3045
11.5068
10.7429
14.888
13.186
12.4588
12.5146
10.7326
7.29994
11.3803
14.2762
5.84043
6.30115
14.5435
10.0307
14.9134
13.2234
8.82156
6.38593
13.4348
9.02475
7.59439
14.904
13.1671
12.6285
7.60785
6.5797
8.39906
10.531
12.4311
11.2888
14.5149
11.947
10.4377
11.0395
4.59785
6.37592
9.79504
11.3311
10.6748
13.5132
8.5041
12.8351
11.797
10.7634
13.7078
11.3747
14.6345
6.44587
11.8175
13.0213
14.356
9.88934
5.54479
14.2473
13.5534
12.5064
10.1967
13.9262
8.7646
10.6473
13.7395
14.4244
14.7469
14.4046
8.11144
5.09985
8.7141
7.72494
14.5044
14.941
12.4512
12.6741
14.6802
13.0398
12.6531
8.52801
11.7293
8.94869
14.6707
13.6567
6.65993
9.42448
10.66
13.9289
9.02849
9.42419
14.9399
12.2387
9.63684
13.6142
9.34704
13.0586
10.868
14.1552
9.83588
4.93942
6.20175
14.6356
14.8827
14.5964
12.8642
11.4163
13.7076
6.42634
14.9726
10.5083
11.6058
11.2995
8.64618
14.3691
5.08628
14.5763
13.3823
14.5808
12.9474
9.17566
13.0941
8.77384
6.56912
12.5388
9.85387
11.1896
11.2617
14.3188
12.7897
13.0554
13.3402
13.9199
10.7169
5.84652
11.771
14.1218
10.4481
11.9036
12.7365
14.5245
14.7933
10.0786
10.7151
11.8317
7.47134
9.73368
10.2911
8.62327
11.0178
13.8155
9.08165
10.8736
8.63941
12.7127
14.1717
13.7652
10.5554
9.48176
13.3868
6.65122
13.3824
14.6009
14.9366
14.8626
11.0556
9.92045
10.5181
11.9856
9.3026
12.6193
12.8254
10.5771
10.1378
9.17703
14.1684
6.68053
12.2237
13.8345
12.2996
9.07271
14.8489
13.8504
13.2534
12.2686
14.931
9.86854
8.6147
12.3165
6.97744
14.723
14.3209
10.0381
13.3474
11.1023
12.2718
10.5192
11.9209
14.4234
13.3226
9.6206
14.9051
13.8847
14.3158
13.9534
12.1827
13.8713
11.8983
14.9497
14.1123
14.1837
10.0646
4.65832
8.92036
7.27189
10.4977
10.2337
11.0324
10.471
9.8046
9.88143
13.1669
11.8929
13.4511
14.7599
12.842
12.3946
12.5669
14.3777
13.8375
14.6688
6.29543
12.7921
12.9828
14.4613
12.5213
9.7142
9.68009
9.85403
6.04748
13.4173
6.00914
12.1296
9.13425
14.5824
12.603
8.73808
12.8897
8.38921
6.23122
9.52628
8.80609
9.5723
10.0414
12.5603
13.4005
14.6056
6.75113
9.07358
14.8502
13.5604
7.70578
7.12315
11.4125
14.7989
12.0918
14.2708
4.34043
12.4102
14.7693
13.1126
9.0251
10.3935
13.2706
14.1608
8.68832
12.6023
11.5447
9.66002
12.6505
14.6124
9.70652
9.30832
9.64859
13.5547
10.0714
12.0442
11.9211
14.0737
6.02426
11.8493
8.99363
12.1378
11.8954
10.0607
9.57475
8.3865
10.7876
13.3688
9.74045
11.3195
10.1926
6.99827
11.6205
11.7746
8.94036
8.70725
9.19946
12.4597
9.48831
12.2879
9.58756
5.82579
14.9444
13.581
10.0617
14.9693
12.2809
10.6943
11.4165
11.9627
13.4798
11.4036
14.4097
8.80568
13.5134
14.5572
12.4523
13.1402
6.27091
12.859
13.5858
9.42932
14.7625
10.219
11.3588
5.65252
10.0084
10.1162
8.98166
14.3949
9.85289
13.963
13.1185
14.2446
8.54508
12.7414
13.6035
13.9961
9.41686
14.696
13.7564
11.51
13.0653
10.7459
14.5924
6.59931
8.62011
8.62287
14.2868
10.932
13.1959
12.2159
8.28891
12.5472
10.9691
13.6945
12.2499
12.1207
5.81185
7.66685
10.7525
5.93572
7.04707
9.56082
14.9738
9.57466
14.7751
14.2821
13.6338
14.7081
11.442
11.5376
12.8084
14.5832
12.6261
11.9048
10.8633
10.1042
10.1383
14.616
11.9956
7.48976
11.0892
14.3559
12.0349
12.357
9.96483
9.97169
10.3971
10.1461
9.86829
7.12836
13.9922
14.5049
11.9828
14.1052
12.7028
11.3215
10.5913
9.41226
11.5229
11.5365
14.2416
13.813
12.7247
14.7388
13.01
10.3768
12.2414
9.94232
8.8153
14.6099
10.6456
11.7989
12.2989
14.5558
9.31132
14.1861
14.2322
12.5376
10.3822
14.016
10.3205
10.3753
10.4022
9.83916
8.00356
11.1963
8.11585
9.80022
9.53951
11.3017
6.27448
9.76355
14.8929
14.7854
14.4813
13.8584
9.62061
14.9582
11.4241
6.82295
13.9747
11.7803
14.2446
9.98192
8.82518
12.4305
8.60592
13.995
13.5658
13.0916
14.6509
6.2633
11.574
13.6781
8.49151
13.4378
9.61411
13.0901
10.4343
14.0432
6.55068
7.00302
12.4167
13.9568
9.2684
9.83314
13.0328
8.53424
9.57769
14.1836
10.4054
12.6292
13.4421
11.3572
8.04551
6.04281
13.57
11.9226
12.9755
13.2164
8.80983
10.4022
11.0479
10.1871
8.5109
6.21206
11.2391
13.5589
14.2771
7.13555
10.1736
11.7065
13.7881
7.82134
11.7659
12.65
12.9151
12.6874
11.6364
12.8578
7.2416
11.8344
7.66431
8.30065
14.2176
11.8042
13.9691
11.7001
14.7041
14.7056
12.5406
14.4271
10.5794
9.22479
9.39453
6.27344
9.03592
13.1164
12.937
11.8746
10.1681
8.95844
9.72611
10.2484
11.9172
11.3229
13.2276
6.03289
12.1482
6.48564
13.9741
14.3101
5.92313
10.4267
14.8114
11.5187
10.7635
11.6213
13.336
8.35749
13.5525
13.3824
9.46978
8.20069
13.0865
14.0336
12.4705
12.9616
12.6849
12.3807
11.4656
12.1392
11.2717
10.6319
9.19325
9.6936
5.24641
14.5101
12.8233
6.12427
12.3674
13.5776
12.4735
10.4058
14.099
10.7509
13.2604
12.8445
11.4966
9.22478
14.5693
10.6548
12.1177
9.38877
14.0032
12.9935
13.3616
13.7431
10.5902
8.43702
14.3693
12.148
13.9853
10.8858
14.8479
13.8146
12.939
13.7121
10.6871
12.7488
12.4737
13.3943
9.79336
11.9474
10.7335
12.8103
13.863
13.0629
10.1664
10.8326
12.5515
13.9599
11.7038
13.8786
12.1442
9.13852
10.8261
11.3994
11.0048
14.501
14.3585
13.2029
5.95813
11.0598
9.84161
10.7176
12.5951
14.395
11.1942
14.078
7.46699
10.7198
14.9697
12.4858
9.8927
14.571
8.76644
7.56584
13.3989
13.6723
10.0267
13.7369
13.6932
14.8909
14.1834
11.7771
14.4659
14.3299
13.0843
11.1075
12.2079
14.5365
12.5118
13.1647
14.3515
9.95678
14.6939
10.3787
14.738
8.72737
11.0178
11.0176
8.67582
14.5
6.59947
6.25575
9.95996
13.3152
13.5776
12.9669
14.1821
11.1346
8.56253
7.30135
11.8549
14.9387
13.3419
6.02183
14.0112
14.3482
12.8835
6.96628
13.9804
8.43221
13.9115
6.90566
11.2683
8.27541
5.80799
8.5557
10.5227
10.5782
10.6919
9.07444
13.9145
5.8244
10.5536
12.7345
9.75085
12.5872
6.88897
14.9983
12.6473
13.7005
11.9181
10.6617
14.1374
13.3652
12.8456
10.0284
13.9328
6.98208
11.1985
9.02273
7.78832
11.5398
12.3376
9.93398
10.292
9.31114
12.6953
8.86785
12.6673
11.5555
12.3352
12.7717
14.6352
8.43454
13.8012
12.4652
9.45853
11.2635
11.9255
12.2714
9.68554
12.4326
9.81544
11.7932
12.0865
9.76466
10.1774
10.0321
12.2651
10.8889
12.0594
12.362
13.2176
14.9332
12.5239
11.7575
14.9516
14.9428
12.4656
13.6573
11.1889
13.6649
5.57671
11.6756
14.9989
12.354
10.5758
14.2554
6.61924
14.3296
11.2872
6.28878
10.3622
12.2998
9.75059
13.7604
12.9743
8.92434
14.7057
9.43244
6.21167
9.91236
12.8198
11.8225
11.7094
14.5762
14.8251
14.386
7.65292
10.5905
13.3065
12.2632
13.7538
14.8926
13.2481
9.75582
12.7276
14.3009
12.1497
12.2666
8.84543
11.5494
13.4945
12.2527
12.5749
9.45858
10.1285
12.8773
12.7836
7.29872
13.9799
9.59824
10.8165
10.7137
8.56973
12.8151
8.61374
13.4719
11.3044
9.88995
14.4666
12.3836
7.83462
10.2339
10.3789
9.9955
14.7534
8.42801
8.75473
10.169
14.9424
13.6234
8.53979
12.0207
14.2459
7.86375
5.68424
14.9398
14.7873
12.1149
14.3949
8.33752
9.82135
9.56677
4.74373
7.93401
14.2695
11.8692
11.3229
13.0219
14.3932
9.22546
11.5053
6.08226
14.5849
14.4693
6.15004
10.5387
8.86606
14.0853
8.86876
10.5254
12.8964
11.4478
5.58713
12.8787
11.4228
14.2683
14.3481
12.5297
9.29178
13.4489
12.4768
6.1753
10.5312
10.4468
9.65283
9.95156
8.70075
8.75887
14.2141
6.99635
6.22399
10.5186
4.98636
6.17627
10.3026
4.77078
14.5466
11.4776
13.8314
6.64659
5.72498
9.04335
14.5295
12.1163
14.3023
14.1819
6.3848
5.06883
10.5207
13.4752
11.44
11.6119
6.53975
14.2157
14.2714
8.44077
11.6482
14.5137
14.6052
9.36536
9.92865
14.6237
12.4098
12.5659
7.86412
12.1641
10.4975
14.5184
13.8732
8.85129
9.91735
10.2438
6.38895
12.486
13.0236
14.5546
12.3318
12.5825
13.6443
13.3804
11.2665
10.2349
10.0973
12.6459
14.6286
13.0176
10.2573
13.9849
5.48667
13.7368
11.3106
8.30601
9.51647
13.5749
10.2257
5.7806
9.26593
11.9492
12.2472
11.8294
11.3283
11.318
10.6404
8.49408
9.27892
12.2956
10.8716
5.30104
12.5525
8.82608
14.5006
14.9613
11.0944
10.6369
11.8733
11.6752
12.6078
11.3725
10.1063
9.12677
6.41047
13.1741
11.9632
12.6236
14.6126
10.6866
13.5313
9.52957
12.9403
12.9104
13.2033
9.79164
14.2559
13.9782
12.0367
12.6436
5.2855
13.3853
13.1675
11.5393
12.0801
14.5515
12.6555
11.1659
11.57
12.666
14.7809
10.7838
8.99368
10.7043
12.5598
6.51977
11.2641
8.63643
12.1462
14.4966
10.6283
11.8196
10.6043
10.3642
14.6533
6.45693
13.0809
13.5469
12.5445
14.0327
6.65106
12.0876
13.3035
6.93906
7.24271
13.647
9.2026
9.80818
9.08328
12.2824
10.1069
14.73
12.3944
13.6049
8.70933
12.1242
12.4407
8.77536
9.90872
6.39472
12.3577
10.5379
11.0775
9.09488
13.123
12.2537
11.8631
9.37286
13.7069
10.4987
14.276
10.2178
10.901
8.74695
13.3916
13.6094
12.9456
6.69064
14.3031
12.1477
13.6599
9.82436
9.87672
14.6286
10.3114
9.82589
12.6306
13.1662
8.69986
11.9049
12.3015
8.53488
8.08578
6.33812
5.73623
14.092
10.2775
14.4268
9.93961
12.6745
13.2833
9.54248
9.42893
11.8587
13.8826
12.919
4.39557
12.207
12.3733
9.93346
8.92052
12.7802
9.83613
11.5849
11.6393
11.1584
14.5875
9.53751
8.89147
13.5704
13.4383
12.929
6.40965
9.7798
8.76886
6.50456
10.1762
9.23874
10.398
12.2029
10.4888
8.82182
12.6221
11.0771
6.13002
13.2891
14.4447
8.87366
13.6857
14.5027
14.3027
9.57118
7.28945
14.7597
13.2379
6.31647
9.69105
12.3905
11.6964
14.7836
6.53979
8.75439
9.00204
9.31691
11.6545
13.9666
9.88824
12.8575
14.3928
11.769
9.97884
6.38015
9.48199
10.3586
13.3517
11.9583
10.1612
13.9628
10.6891
5.3038
10.1895
6.31616
12.9781
10.0213
10.4288
14.8524
8.65777
14.7658
10.9924
8.48724
11.4069
14.6919
10.992
8.89778
12.1963
11.6906
12.1656
13.8803
14.9562
11.5926
13.6001
13.9558
13.0675
6.48585
12.8377
11.2887
12.9658
9.37848
7.00247
12.1007
11.5166
14.7067
13.531
13.8241
11.248
10.0755
10.4502
9.91714
13.3875
10.5174
13.1303
12.66
13.0937
10.8255
9.80221
13.5232
10.8884
13.2618
14.2396
12.0889
14.9247
8.21926
