13.8666
13.2246
14.1043
7.53705
13.4374
10.4856
8.02046
8.6653
13.5223
14.597
13.6867
10.4845
11.9688
12.0181
11.006
13.7186
10.6267
9.99535
7.32007
14.5859
9.7403
13.7301
11.9139
12.6575
13.0117
14.6728
12.7464
10.9169
10.6349
5.21642
10.6126
8.87224
12.246
9.84267
10.3691
9.78314
7.67218
8.12031
9.90276
11.7655
6.58828
12.2489
8.62628
12.884
9.63837
14.3739
10.6253
14.2866
12.4201
9.32231
8.20451
8.39578
14.8416
9.50401
13.9159
8.11718
13.1028
8.76289
4.27281
10.1797
5.48009
14.7532
12.7935
9.85714
11.3477
9.72181
12.8021
8.64893
10.1037
8.63207
11.4442
13.8177
10.7847
9.9459
12.2041
12.9752
7.80592
8.84934
13.2498
14.7601
14.1071
8.99125
9.80095
14.0922
14.3087
9.23003
13.7277
10.5491
14.6688
7.62556
13.7971
13.7364
5.69371
13.4429
13.716
12.6744
9.47458
14.031
8.76438
11.4152
8.11341
10.2001
10.5076
14.6267
8.40564
13.884
12.249
9.48481
11.5087
13.3023
12.5338
12.569
9.28501
8.86395
10.2726
14.7424
14.7975
11.503
8.44186
12.7554
12.7235
12.2518
12.7779
14.7157
12.6253
5.92799
10.2288
8.8123
9.03162
12.5267
14.2837
11.7019
13.9057
14.5203
14.0058
7.1935
8.58502
6.59596
10.3883
13.567
13.2904
12.5164
13.8858
13.4392
13.995
10.2193
9.03695
11.2644
12.4916
12.1683
10.9178
9.38301
8.26166
14.1492
9.02675
12.9151
12.4669
12.451
10.9702
14.1722
6.44501
13.909
12.5179
8.71626
9.99061
9.51875
9.61712
8.37538
13.5575
9.15388
11.7077
10.5429
13.9768
10.943
10.1708
14.3621
11.4442
6.95066
8.21095
12.1973
8.01226
12.8847
12.0038
7.12942
11.881
7.54752
4.49742
14.997
10.793
13.9977
9.29619
11.4152
13.0294
8.45275
12.6928
10.251
9.50649
10.1753
11.1128
10.5864
12.669
10.8377
13.6675
10.3591
10.5465
10.4193
13.2174
6.36905
10.3219
14.6625
13.9521
12.283
11.5486
14.4436
9.6319
12.9201
11.3023
12.4568
8.5031
9.86116
14.6
12.0215
10.8422
6.12066
14.254
4.70385
12.5532
9.96753
12.753
9.20484
10.1735
10.1307
8.28417
12.8967
9.08676
13.8183
8.20437
10.2477
13.1954
13.4413
10.9792
8.12542
14.3806
14.5306
5.45335
12.6814
10.3527
13.5991
9.89865
13.3923
12.708
13.4359
12.3179
14.1773
13.849
9.98595
8.19895
8.46102
9.05362
11.0969
12.1214
13.9704
10.207
10.2539
13.8008
12.8637
5.40079
10.3073
10.4947
11.9822
13.4171
12.2776
13.5988
10.7795
12.8274
11.3901
9.37803
7.63549
11.5531
13.9113
10.746
9.90105
12.3733
9.1088
9.88395
7.05879
9.47971
10.3814
11.5911
8.57063
10.7172
10.508
11.6929
7.57044
11.0183
11.2188
12.129
12.4175
8.97108
9.09392
6.21078
13.888
10.8377
12.3514
14.4035
11.2576
14.0999
12.8512
9.01055
10.2061
6.86003
11.5528
6.6725
13.612
12.0326
7.99247
11.5041
13.6537
14.5422
8.70449
8.23209
6.86834
13.6809
6.78922
11.4002
11.8039
12.1415
11.4607
11.9923
13.3924
13.3696
12.8876
8.57508
14.3418
10.869
9.4725
10.7583
13.5355
13.689
14.8418
13.3555
14.4153
12.8858
14.6296
14.0838
12.8294
10.2227
10.3998
12.4997
8.70172
14.5026
14.8611
13.3558
11.0544
10.1915
9.85404
12.0181
9.79355
10.836
11.4326
13.193
6.39312
9.20431
8.52308
13.9105
14.3423
11.296
10.1193
6.3962
11.9145
11.6472
12.404
6.27032
14.6367
10.7037
11.8806
11.383
14.5973
10.6007
6.94008
9.05694
9.22557
7.00073
14.1322
13.2555
8.49354
6.08261
10.0329
14.4734
14.7913
12.4823
9.71826
8.9906
13.5004
9.6589
9.91554
13.4823
11.401
9.40954
12.6874
8.69243
5.45102
6.66581
11.0741
13.3321
8.87109
10.4391
10.5935
11.3949
5.14473
13.5546
12.437
13.152
11.1219
14.7529
12.2239
9.54251
12.9921
8.98426
14.0408
13.7593
6.58468
12.8606
11.9381
11.3741
14.7367
10.8624
10.6399
11.4357
12.3157
14.4688
10.7636
9.96974
10.5357
13.7259
10.103
14.3627
13.3199
12.1688
8.0064
10.0869
7.29563
4.94597
11.2208
14.0073
5.61931
11.2494
12.3218
14.0145
8.50615
9.26984
14.5437
13.7094
14.4613
10.9504
12.1337
9.8277
7.47428
8.15938
11.0269
13.6915
12.5143
8.98796
7.7771
6.79932
7.2812
9.14373
14.8735
12.3648
11.2561
8.47085
12.0494
9.56141
11.4725
14.1313
14.4478
11.6387
12.4026
12.9957
14.4408
12.8178
11.66
9.87198
11.1367
8.22987
11.9282
14.0923
10.9362
8.26355
8.34549
8.70645
11.3959
14.7142
12.088
10.4619
13.9251
12.8533
11.0122
10.6404
9.40251
5.65657
13.8589
12.1884
8.17453
7.21043
10.4076
13.8758
13.3039
10.0892
10.3431
13.9117
6.91268
13.353
7.01352
11.3495
11.5687
10.6025
12.4085
9.26383
11.9741
9.7016
11.688
6.32049
14.8912
10.727
7.47454
10.5964
8.52011
8.62434
9.83761
14.3522
9.23358
12.6809
12.1059
14.261
11.837
10.4031
14.087
10.9095
11.5998
14.4303
10.8632
11.9475
7.22262
8.66329
6.55251
6.86173
13.5119
8.94563
10.4077
6.15532
12.0657
12.1264
13.5662
11.8516
9.59293
10.6279
12.0397
11.1276
11.1412
10.4296
14.1971
12.5909
9.92902
12.6854
11.6773
14.4057
10.1729
11.4874
11.559
14.3941
7.18959
12.5654
14.2324
11.4435
9.54539
14.5523
13.9967
13.1941
12.8527
8.69128
9.59852
11.3219
10.6934
9.59688
11.0128
14.9286
14.2239
10.1815
14.9678
10.3012
14.5281
13.9096
10.2179
12.6452
13.8338
9.99439
5.2389
5.01416
11.4666
10.6046
10.0095
9.34359
14.4728
14.1501
13.9065
13.3197
13.7705
5.91738
8.0807
13.548
7.04377
13.6088
9.16221
12.397
10.5377
6.07616
11.9692
14.6489
8.08774
11.2756
10.3068
8.65558
12.1857
14.4093
14.3073
11.7496
13.2462
9.74132
14.8641
13.5788
14.5593
11.3442
12.2716
14.8625
11.1255
12.3305
5.83087
9.30824
8.40655
11.7719
13.2669
8.74284
13.9886
10.0913
13.2431
14.3545
9.66783
12.5049
6.22488
10.6317
7.85361
5.25772
12.7157
12.911
14.4515
14.4981
10.0907
14.1883
10.9163
11.3452
13.1627
13.5734
9.70217
8.31674
8.80939
13.0921
9.92178
11.4879
13.8754
13.3705
12.142
10.4945
14.4688
6.54097
11.874
12.5586
5.06881
14.8896
11.2307
13.1061
10.4339
11.7008
11.5897
14.2618
9.91403
13.343
13.3518
11.3486
11.8097
11.9361
8.73122
11.0534
13.015
11.319
12.7399
9.00889
10.2448
5.78267
10.8006
13.1401
9.80252
10.8511
11.9178
13.9829
13.9223
13.4011
12.9667
10.7773
11.9665
12.5606
8.87586
14.1421
13.1675
6.25076
5.39563
9.47839
8.14603
10.8064
12.4644
9.79297
5.61736
11.6744
13.368
11.3832
4.5796
7.48728
9.82174
10.8418
11.3825
11.6277
13.2159
13.818
14.3594
10.3309
6.51736
14.321
10.6877
5.782
14.6714
12.3753
13.7405
8.08255
10.4914
13.7981
9.54461
11.6373
10.5925
14.895
13.3833
14.6944
5.75938
14.3358
10.0508
13.6364
14.3996
9.36245
12.8607
11.5164
5.64657
9.90036
13.1016
14.0332
13.5118
11.8046
9.36393
8.60039
11.1811
5.34309
8.5392
9.65908
5.89241
10.8432
12.6463
12.747
12.2935
14.1799
11.5443
11.717
13.1541
13.0141
14.4985
12.5159
12.2688
14.3231
10.2121
9.54335
7.11941
12.7111
13.4061
13.7997
13.7027
9.51423
14.033
9.88816
10.1105
12.1012
11.2158
12.0397
9.63055
9.6702
6.88386
11.9671
8.65069
13.1993
13.1018
12.1575
8.3283
11.7923
14.5881
14.8927
14.2832
11.065
13.7026
10.0277
12.8297
13.0584
9.80868
13.6388
9.13293
13.5982
10.85
8.92897
8.65032
14.3156
12.6042
13.2263
13.4796
14.4222
10.3206
13.9772
14.0374
11.7336
9.24993
9.79509
9.88049
5.75152
10.1401
11.7368
12.8428
12.9622
8.75967
7.18928
12.3894
13.5549
12.8601
5.33067
14.0631
6.11496
13.9938
9.77881
7.3698
11.1055
11.6652
8.57671
11.6287
13.8263
12.3813
12.1265
13.1858
13.8031
12.5689
8.8042
12.4829
12.6704
10.2473
9.11587
12.4466
12.587
12.2751
10.502
8.92608
8.773
12.4573
12.1756
14.3115
7.34483
14.7002
10.8771
14.6445
9.70387
10.0501
7.34551
12.2993
14.6864
9.50357
9.75883
14.0937
6.10879
12.2495
12.098
8.4974
9.79146
9.86693
14.1607
6.18361
12.3285
9.72794
14.322
6.1079
12.1461
8.69925
9.73919
8.71051
14.5223
6.24415
12.4623
12.2951
8.4044
13.7346
14.2986
5.81357
14.7927
13.997
13.6243
14.3805
10.2899
11.2544
14.2193
11.355
5.98419
5.00179
10.5179
14.0228
10.5613
9.96109
5.6223
9.61351
11.9413
10.0422
8.15482
9.71258
10.382
14.8823
14.794
10.4798
7.63788
11.5012
11.6491
11.5659
10.2913
14.6023
9.38286
6.75436
9.19285
11.367
11.3266
10.7164
11.8106
8.78884
14.6898
14.191
10.279
6.48831
6.9947
13.4507
13.4647
10.1222
14.1608
9.74777
12.1539
12.2218
14.7666
10.1285
12.8123
12.4772
10.0716
13.4144
13.9543
14.1552
14.8153
10.6414
13.7751
12.785
13.5937
11.3962
6.35151
9.87933
14.5079
10.9951
10.9144
10.5974
13.1374
10.7312
9.66618
11.7339
5.43967
12.492
5.59632
11.4643
13.5333
9.68256
10.1336
13.9243
14.2242
11.5395
14.5513
11.81
6.5514
6.58632
10.2269
13.134
13.7618
12.7347
9.16896
9.8802
13.2774
14.1573
14.4365
9.60195
14.0221
8.4728
14.8835
12.8204
13.8817
11.3121
12.202
10.3567
11.6097
13.5227
11.7757
13.3932
13.8282
8.31471
7.89346
5.55055
12.8739
7.88591
6.76279
8.65128
11.814
13.2116
10.2653
13.5986
13.6112
12.1553
8.40563
12.6627
14.6101
9.51507
8.8474
9.99353
9.5817
9.86863
6.21147
14.3421
10.3248
14.5039
10.7096
9.28981
12.254
6.72563
10.9104
13.1974
8.87807
9.97175
14.6435
11.8198
10.1259
11.9987
8.98672
9.98664
13.6344
12.6432
6.57679
9.40959
9.01634
11.6485
9.59041
13.497
12.6959
10.0146
8.45506
7.15757
11.0389
9.56839
5.84808
11.9826
13.8145
14.2107
12.4599
9.47848
13.4998
10.0299
10.9785
8.88293
8.1821
8.84031
12.2494
12.9917
13.7191
13.5472
12.7039
14.1773
12.0506
10.9043
13.6007
7.10911
14.879
6.01799
10.6817
10.4504
9.91336
12.3146
14.3227
9.71446
14.3281
11.9588
14.3989
9.92817
11.3827
5.07699
14.4637
13.8209
12.5821
11.3597
9.0495
13.4621
12.4555
12.634
10.1039
14.9109
9.97475
13.9534
8.50489
10.3239
12.7178
13.5493
9.03003
13.0997
10.7223
5.67483
8.19329
8.93741
7.24343
9.26055
3.90223
10.4771
13.5208
11.0414
12.4941
6.15689
10.7882
9.87012
13.791
13.0024
12.9748
4.46003
10.3211
10.9005
5.84068
4.6849
8.58003
12.9527
12.404
10.7062
11.7095
13.6488
14.5246
10.2554
8.41955
13.4365
12.9764
11.2849
11.508
12.8201
13.9047
10.7539
9.61551
9.98641
14.0304
11.8061
9.68244
6.56854
11.5675
14.3626
6.96052
7.27148
8.96869
14.1037
12.4143
13.1562
8.86614
14.1189
12.884
8.20686
9.26327
14.1012
9.8797
8.83391
12.9018
13.3394
11.0751
5.79028
14.2263
11.7191
8.93536
14.8367
12.2196
12.6792
11.1258
14.9089
14.1473
10.8628
9.74206
6.07916
11.652
12.178
13.1982
10.1371
7.7921
6.78031
11.4775
13.6279
9.6174
13.6634
8.76549
11.6057
9.7093
11.4454
11.2937
13.4904
9.91092
10.1932
10.0078
9.49937
9.69151
9.77196
14.3171
12.9924
14.6795
12.9439
6.10104
9.4408
10.971
13.0305
10.1828
14.8008
11.6403
14.0766
9.43022
12.8032
14.6233
12.4309
10.2591
12.2126
13.4492
11.8231
8.26066
13.6981
11.1523
13.5001
11.4621
12.5404
7.4054
6.05209
14.9116
14.6122
6.14179
12.7287
6.31041
8.72571
6.16431
13.0299
11.9745
14.4258
9.4822
12.3549
13.2888
5.77473
9.40135
5.87505
12.5538
13.6784
13.3766
7.74887
8.11573
13.7166
10.1604
12.5271
10.7431
10.0601
14.1144
11.5285
10.1926
13.6809
13.8336
7.23518
11.1916
12.9894
12.0964
13.6871
11.203
6.20167
14.1726
10.9312
5.45606
7.57736
11.3201
12.2152
13.3387
9.30948
10.0318
13.9935
8.69659
6.54473
5.04641
13.479
12.0889
13.2185
6.06119
11.5196
12.6706
11.7901
13.7891
13.5551
13.7289
10.5308
12.8848
8.93113
11.9215
13.7379
14.9166
14.6031
13.9638
10.4096
14.5394
10.2201
14.5294
13.8288
10.6395
6.53581
8.54776
6.52774
10.0124
10.2115
8.38907
13.864
13.691
12.7521
10.1009
14.9972
10.7765
5.73548
12.7988
11.8051
11.0936
8.20459
10.3268
10.218
14.6234
13.9297
14.0328
12.0802
14.8604
13.2656
7.75317
9.79376
9.10725
9.81226
11.779
12.9543
13.4517
12.6922
13.2164
9.81436
14.7035
14.9859
13.4273
14.9933
12.0179
10.455
12.911
5.86638
14.2099
13.994
12.3009
9.13407
7.07506
7.97833
12.6878
12.5367
9.70562
13.7438
11.9378
13.7061
8.81999
6.76051
12.9135
11.2467
12.9119
14.4142
14.1826
10.454
10.8189
13.2781
10.4874
6.21936
13.6751
13.3488
12.9835
10.3446
11.8836
13.8673
14.2766
8.76688
12.7398
9.52788
10.8153
12.6003
11.9633
9.30851
6.61982
13.7188
12.5785
10.3118
11.2521
12.7377
14.2996
13.9511
14.2638
12.9322
6.01224
14.2242
14.4403
9.09061
10.1641
11.6041
14.1464
12.1098
10.3278
9.7561
11.8978
14.7426
13.7251
11.6026
14.5142
13.5015
6.782
9.24236
11.2296
11.7847
12.2772
13.9617
13.3553
6.52448
8.67037
6.19922
14.8908
11.6142
13.7517
11.9198
11.5373
6.04817
12.2995
14.0691
11.1826
6.77741
4.39051
12.7199
13.6816
13.8912
9.68678
13.9393
12.9984
12.4645
13.0778
12.0027
5.43175
14.2162
10.2414
13.2561
12.7399
10.8534
10.1641
9.02406
14.4013
11.2115
10.8661
8.98701
11.3881
13.3283
14.8957
13.6185
13.5584
14.632
12.9987
12.3387
10.6815
14.5228
12.4832
10.4308
10.8151
13.884
7.52808
4.53928
14.5293
9.47943
14.2022
12.5245
13.0972
14.6698
8.28021
14.483
14.9733
11.4277
14.7379
14.3148
13.1858
11.734
14.6996
11.3832
10.0796
14.5379
13.0841
10.0658
11.3697
9.09058
14.5809
14.9312
12.56
11.7971
8.97253
12.3685
14.7881
8.94477
14.8205
11.4071
13.6512
13.8965
14.5024
4.6813
11.35
11.3213
13.893
9.38892
12.1569
14.6535
5.24806
10.5006
14.7851
9.12738
10.6837
5.53988
9.89097
13.8821
12.1269
12.0386
11.2374
8.67795
11.1504
12.1351
12.1085
13.1381
12.8188
12.4994
13.7512
14.7919
14.953
12.8567
13.4165
12.1161
13.4142
14.1494
14.2031
11.2329
8.25592
14.9341
10.4784
12.6846
14.379
14.3038
14.0289
14.0195
13.9013
11.3743
10.8761
11.2105
6.09746
14.4274
6.43043
5.1444
9.51061
14.5718
12.5141
9.00988
14.9645
11.3018
13.202
11.3912
4.99108
12.9988
14.6932
13.4259
8.66942
8.56849
13.676
14.174
11.0056
9.47974
11.1853
12.4477
12.195
13.892
14.9715
10.9232
11.7342
13.3982
13.7744
14.4863
6.36624
11.5864
8.92642
9.29595
13.7556
14.8788
10.0434
9.14305
6.42741
9.74987
11.4462
13.6277
9.52197
13.6663
10.6493
10.7902
12.9014
12.2397
11.382
13.6793
10.5706
14.1458
9.08702
14.4246
9.82579
14.4021
10.1758
14.0556
14.0556
6.32267
7.60794
11.4041
14.2544
10.2172
11.7067
5.86448
14.2994
13.2873
11.6466
14.9537
14.0517
10.4903
5.96987
10.9488
11.9995
13.0375
14.4647
6.55938
13.6561
10.0506
9.89699
14.1969
12.222
10.4286
12.6532
9.3389
9.51311
9.29646
9.96686
11.2765
10.1435
14.5633
9.15715
11.9844
14.2142
9.75649
11.1121
14.0309
14.8418
12.0341
10.5253
14.2935
10.7034
14.542
8.77161
8.19551
13.1627
10.9016
10.3617
13.2675
11.7091
11.4877
14.5036
10.8425
13.1787
9.59096
11.6315
14.9337
14.648
13.4204
10.846
13.8954
11.2058
6.08545
10.5762
8.94782
13.3957
8.46878
13.4694
10.1972
8.14011
13.1047
11.4887
7.23987
11.6911
14.3425
11.1853
11.8551
14.6443
4.55629
13.3556
13.5123
13.0347
9.76516
12.7625
14.7252
6.34094
9.96014
11.8124
11.5209
11.1311
13.4587
6.91123
10.8333
12.0361
13.9793
9.36205
8.94528
9.20233
14.396
11.5636
14.5277
14.8084
10.7271
12.3425
11.4412
12.3886
13.1578
14.6409
12.6336
11.788
13.3998
13.3341
14.3646
6.78658
5.92105
8.14237
10.2071
9.46366
13.9526
6.29052
14.2839
8.35874
12.0624
9.73603
10.5124
9.52691
14.4998
12.8665
12.2702
13.1453
11.9864
13.2415
13.9556
10.1954
5.18508
9.72891
6.14211
12.3469
9.31981
11.1209
10.4179
14.747
12.8478
11.5683
11.0442
9.61457
12.1146
12.1661
7.09779
12.1688
8.8409
14.5768
10.5746
12.1056
10.8116
8.70802
12.231
9.57277
11.0925
10.333
12.1021
5.2865
6.74321
9.65212
14.7159
11.1256
11.6218
8.90533
11.2443
11.1753
14.6354
12.4887
11.1803
9.55641
14.7482
11.579
11.716
9.42308
13.638
11.8795
12.3255
14.4063
14.5215
14.8148
11.1072
12.523
12.5447
6.17666
13.291
14.9681
12.969
10.625
10.5295
14.124
12.9284
14.0762
8.33899
11.2781
10.3554
9.52332
8.47371
13.3005
12.4396
9.20999
7.42128
9.13598
8.10882
13.6733
9.06859
13.7717
13.9107
14.9513
13.5213
14.9838
13.8704
12.7351
9.37121
9.54212
6.88941
14.0465
10.112
6.09149
13.1024
6.03404
12.9457
11.1289
12.757
10.6083
12.1188
13.8596
7.05437
12.8054
11.2755
10.8066
14.9394
13.5923
14.4303
14.3135
13.6029
8.89348
10.0177
9.34926
14.33
9.44773
12.01
13.6119
12.4177
12.58
10.076
7.06695
7.78916
9.20826
13.5011
12.1732
11.2088
12.6286
5.89949
12.3964
12.4915
6.81412
14.9761
13.4555
14.1872
12.8816
6.21922
12.2649
11.0891
11.7145
13.5138
11.4739
12.7707
13.0821
10.0537
11.7419
12.6682
11.8777
13.0351
10.6685
10.9322
11.1941
9.32136
14.8888
11.8255
8.61233
12.7809
13.7193
13.012
7.3081
12.7586
8.22956
14.0008
8.99122
12.5634
7.17044
12.1048
13.2036
11.1083
11.932
12.2555
8.48299
6.42284
10.9613
13.1221
11.2436
13.8547
14.8062
9.24263
8.25734
14.4681
14.9848
11.7949
9.62529
14.661
12.7524
12.4403
8.583
14.059
4.10741
13.1737
9.33333
12.1497
3.79725
11.231
12.2302
14.8016
10.2969
11.1801
14.3163
10.3683
12.7209
6.71969
10.0345
13.7417
12.5258
12.4767
8.76401
6.37601
9.81111
8.17889
12.8986
9.61023
14.879
13.2397
12.0242
9.91953
7.8281
11.1222
8.47381
9.8217
12.4773
14.9198
13.3274
9.55909
6.62059
8.78189
13.9915
12.0038
8.33241
14.6193
11.9717
8.72955
14.737
10.4841
14.9991
14.7254
10.7949
12.9903
11.6587
8.424
9.92463
11.9453
13.4748
10.5453
14.5599
12.1799
14.2121
10.2862
14.6216
13.9777
13.8696
10.1414
12.2324
8.70047
14.7497
11.8187
13.4258
8.97623
7.87628
10.2324
14.5277
11.0921
14.278
13.2386
11.2852
11.2131
12.8849
14.8342
7.92644
5.72077
14.4574
10.2133
10.0979
8.66377
9.69969
6.02807
8.55958
14.7654
5.16556
14.5847
4.96196
13.1303
10.6176
11.5691
12.202
14.3856
12.8126
7.02417
13.0407
13.0912
14.196
13.4622
14.2722
11.3712
7.98999
9.94128
9.5909
14.5237
14.2568
6.43069
9.92395
10.4207
6.91272
9.40836
10.6675
13.0117
12.0804
9.99725
14.819
5.42479
10.9295
8.12714
11.877
13.381
12.3554
9.29381
11.557
14.339
6.3931
14.2
13.1941
12.3051
14.5369
10.6686
11.8944
12.274
10.4705
8.5251
5.5871
7.34989
4.94629
12.8034
12.1301
8.10208
7.94328
8.31145
10.5531
8.01965
11.0464
7.92739
11.5036
10.8933
13.773
10.5442
13.0065
10.6412
10.5026
8.02255
12.5249
13.973
11.3438
14.8805
13.9054
14.1444
12.6366
10.055
12.2364
11.238
7.23675
10.488
9.20608
6.41226
13.4179
7.15125
12.4689
14.4378
11.0779
14.908
12.4615
12.0659
5.89057
5.15314
7.94802
4.89913
5.9397
14.172
12.1117
5.63963
14.8192
14.0679
10.5657
14.7478
6.68631
12.4872
6.25046
14.0019
12.1757
9.80074
6.06817
10.7769
11.5569
12.9734
14.6422
12.0466
11.5496
14.9424
13.9576
14.062
14.476
10.7704
13.5491
11.1006
11.0073
7.07002
9.64645
10.8073
14.1445
10.2654
10.7836
5.96791
12.6903
13.1149
14.2543
9.92321
11.0214
10.8261
10.6542
6.67597
12.2367
10.5524
10.3379
12.6322
12.0867
12.6758
9.48411
12.988
9.00583
13.4604
14.3344
11.855
11.8667
9.36434
13.9008
10.2322
13.2492
9.86677
10.3391
12.0554
11.5482
11.2322
12.8846
12.9093
8.39112
9.61755
14.445
12.7335
11.4113
13.7933
9.2343
9.19414
11.9798
12.8481
11.1516
10.4491
11.619
11.3373
13.3047
12.2055
12.0789
7.71788
7.4555
13.7296
6.77877
8.6142
14.7961
13.7444
13.8138
14.983
8.34136
9.68307
11.2051
9.40985
14.9562
12.1615
12.9292
13.7902
12.8976
9.78597
12.4047
14.8155
13.2283
11.5364
10.3804
5.07521
10.9887
11.8617
13.4145
14.9738
12.4427
12.7403
5.13561
7.1412
8.97467
11.7476
12.4029
12.1071
11.8279
11.6818
14.7783
8.03059
13.7279
5.82147
8.29166
10.8715
10.7479
8.9663
6.43225
14.8428
14.3718
14.0818
14.7879
14.5072
12.3203
12.647
14.8685
10.8881
13.7666
10.3006
9.51017
12.5247
8.95136
11.534
14.1969
13.4855
9.95892
13.3067
12.8596
14.481
8.77824
7.46891
13.7527
11.7869
11.4633
8.60249
8.6903
13.0023
12.4429
14.6441
13.1387
4.13939
14.6257
9.51905
13.8569
14.8714
9.95502
7.49004
8.92785
12.3773
13.9271
9.48932
10.0442
11.8447
8.06282
9.06242
14.6954
8.22146
8.56098
12.8472
8.77
10.0341
11.6698
9.48288
12.2041
13.8184
12.5461
11.8803
12.6283
11.9733
11.9665
11.9767
6.26948
13.6789
5.81375
7.38213
11.6951
11.19
13.1161
12.1123
13.9765
11.0615
14.512
12.6504
12.1614
8.14069
13.0369
10.922
11.2109
9.50269
14.3906
14.4352
13.123
11.8002
14.2672
10.1002
6.07325
11.3055
8.73861
13.9412
12.1844
13.1912
7.39787
13.279
11.2661
12.382
13.2564
12.9054
7.47642
8.69132
7.21163
14.3045
8.76115
11.249
8.70902
7.15168
7.3602
8.44122
14.6601
14.814
11.0389
10.0041
14.7623
11.1981
13.6242
11.6136
10.9253
5.32145
9.98839
12.6052
12.5765
10.837
6.63708
13.7173
13.3786
12.4683
13.446
12.5758
13.9859
13.6598
8.72598
14.2736
13.1504
12.321
14.0418
6.10458
11.6838
14.2438
10.9364
9.56804
11.3513
8.83609
14.0584
10.6235
12.8684
10.3606
14.3917
11.5595
10.6547
13.4094
9.73804
14.5135
9.06475
11.5892
14.8432
11.3151
8.69208
14.9419
11.1383
10.4254
14.7041
10.0747
7.83155
14.2353
14.2575
13.6108
12.3436
6.25369
10.0247
14.007
12.4858
11.5842
13.2268
11.6928
11.9892
14.2082
10.6976
11.5098
14.5503
8.59019
9.86345
13.369
13.1128
14.5306
8.77042
10.859
10.5858
13.3215
12.6518
5.13756
9.2313
5.27076
10.1892
11.3755
14.7041
8.44447
14.5287
10.6279
13.35
14.7531
5.8406
10.8023
10.7552
10.4325
14.7107
14.0339
14.6192
14.8755
12.0892
13.3834
11.5064
12.4817
10.1614
12.5661
10.8621
10.1258
10.433
13.4898
12.9537
14.8008
8.74894
8.34749
12.3134
12.381
14.3158
6.50717
7.50844
10.2288
13.3255
10.6672
10.1601
10.1779
13.2448
14.0947
13.668
14.8562
12.6695
7.93608
9.6237
11.65
12.258
9.39486
9.10153
7.56209
11.6875
8.65902
14.213
13.5827
14.9205
8.666
10.1507
10.2828
14.9607
13.2537
6.3614
12.9791
12.5183
11.8307
9.46043
12.3349
8.63495
6.98773
12.2431
12.3321
9.28596
12.4937
13.2361
14.0835
12.8342
14.4442
14.1211
13.6902
11.4946
11.9865
13.1101
8.96693
13.7804
8.05469
14.802
7.60135
13.8479
10.4122
13.0009
12.4722
13.7419
12.4227
9.70782
6.33354
5.56757
14.6191
6.2781
10.0731
11.2369
10.9551
8.46426
9.86239
14.4602
11.3378
12.0116
14.5645
10.5156
10.2419
14.7053
14.1394
9.07216
10.7643
13.8464
14.294
13.3279
6.16426
11.5531
9.31903
9.5077
12.8795
14.4628
7.85541
9.21813
13.9884
14.2936
7.89709
6.95611
13.5619
7.44665
12.2314
9.441
10.6734
9.54443
11.0111
12.4338
10.2687
8.89068
13.5736
11.3616
9.39099
6.29129
10.3429
12.9165
14.8615
14.5892
10.4426
8.41589
12.774
13.4426
10.1643
9.49949
14.2188
12.8165
14.1861
14.1277
14.4034
14.2827
14.8995
10.643
11.7487
14.0846
12.7748
11.7397
12.0548
6.99466
7.96436
11.6189
14.3139
11.9645
12.0793
11.3826
8.68617
10.4899
8.42766
14.4755
4.79673
10.3315
11.2197
8.69119
4.68045
8.33056
12.9756
12.821
9.52731
11.7438
12.192
11.7316
14.981
8.66244
9.53393
7.24988
9.47175
14.4494
13.9872
9.68649
13.5802
13.9136
13.97
9.60512
13.2335
11.0574
10.381
13.6284
8.41581
12.1007
10.2834
14.4356
11.7066
11.7549
12.9381
12.5597
6.84959
11.1162
14.7385
11.293
9.08335
14.0539
10.0736
10.1987
10.0808
11.8505
12.4265
10.6238
12.552
6.3695
10.5443
12.3124
13.3687
12.3545
8.25609
10.2551
11.4311
8.99931
14.2855
9.83776
13.5144
9.54296
5.91003
10.8442
11.258
13.5284
6.01198
11.7386
13.0973
13.9673
8.98742
12.4161
14.7035
14.7143
14.7554
11.148
9.08984
11.7381
9.35551
6.2014
10.4366
5.50494
3.44911
14.4222
14.1992
10.8693
13.4713
13.3512
8.10604
9.68013
9.8332
9.48584
5.76621
12.5882
14.8565
10.5688
9.87965
14.9574
9.08853
12.7291
10.5821
6.92449
8.66595
10.1437
8.84847
14.1981
14.0858
9.85718
12.0925
8.78924
10.5566
9.08671
12.8328
14.0463
9.76934
10.9163
11.7596
12.1734
14.1915
12.8422
7.95259
13.012
11.4269
14.7655
12.5333
7.98146
7.02918
10.7002
8.94456
5.70225
14.5519
12.1348
14.9571
14.1878
8.63009
10.2739
12.2109
10.8064
7.71817
9.03427
8.15352
9.71233
10.5716
8.7078
6.57417
10.3584
12.4177
8.74655
13.6729
12.1355
12.9339
9.46721
10.8828
14.319
11.6537
13.9997
13.7211
11.8722
12.6869
14.2742
13.9323
12.1776
11.5568
11.1967
11.0088
9.37923
12.6355
10.5878
11.1367
10.6973
7.3238
6.48854
9.88057
14.7568
11.9792
14.729
12.3234
10.0035
10.9334
5.7521
8.18981
11.1653
12.9032
11.7636
12.0586
12.4834
13.7122
12.1544
13.3913
9.02595
12.6772
12.0455
14.5515
13.6583
14.9483
8.29175
14.1151
14.5841
12.2256
12.4224
12.8307
11.495
12.0049
5.46329
10.3819
13.86
12.4411
11.049
11.7397
13.6912
11.7349
13.902
12.8385
14.9243
8.47798
7.96542
9.16948
14.9985
12.4517
14.4373
12.207
12.3771
11.4403
10.8282
6.29568
14.329
8.29397
12.1916
9.83157
13.3343
14.9675
13.2141
11.4795
12.1001
13.9274
10.8571
11.2698
13.7579
10.7997
11.6848
12.8717
14.8889
14.0812
12.0793
11.4803
12.6274
7.03977
6.0239
13.1126
12.0459
13.625
10.8745
10.3426
12.885
14.1598
8.35735
9.16544
14.0061
13.6461
12.1236
11.8597
14.4623
10.94
12.0132
14.5352
10.3017
14.0059
14.4977
14.1821
14.7149
13.753
9.49413
9.69295
13.8629
9.35972
14.2672
4.41724
14.9553
9.39846
8.83238
14.7277
10.1569
6.58231
11.0265
8.12178
6.70435
9.241
11.7019
13.9099
14.0781
14.0797
13.0701
13.472
6.03389
12.994
9.93011
9.46751
10.91
9.95295
11.9393
10.4754
12.2232
13.8043
13.7121
13.14
8.49341
14.5948
11.4978
14.9094
8.44162
9.63634
10.9125
11.7401
13.4631
12.8763
10.6113
10.7932
6.63827
7.68825
10.3462
7.8481
14.708
10.5807
14.9361
14.4211
5.31773
8.50315
12.2428
6.0928
10.4227
12.2792
14.7735
12.6292
11.4495
14.4396
9.14445
10.0142
14.2565
8.50055
13.0069
14.3162
14.6228
9.50304
12.5085
14.6555
13.9883
13.6751
5.66598
11.9816
14.509
14.379
12.9304
14.2289
14.2258
10.0045
11.2272
9.34953
13.193
14.5292
5.54205
9.81766
13.7353
10.9877
14.6611
12.199
12.5095
7.68121
8.45517
11.0342
12.3441
8.68358
14.6129
6.95025
10.8059
9.13516
10.6535
9.53043
14.6104
12.5938
12.9175
11.7613
8.41911
11.7785
6.15734
11.5487
8.73964
13.5164
8.90084
12.8443
12.8864
12.486
6.65069
8.5908
8.70924
11.5829
12.3583
10.6404
9.68286
13.7227
14.3421
12.231
14.3721
12.2764
12.3904
13.2412
13.1749
13.9616
14.9443
5.6594
13.9351
12.5803
13.0741
10.6357
8.30261
14.8264
13.5576
7.87175
13.91
14.1399
5.12021
10.8226
13.4342
9.43856
13.9898
8.96165
14.3886
12.7338
9.21306
9.3609
12.6872
8.2372
5.98215
14.3865
8.41322
11.705
11.5168
11.3779
13.5344
14.0846
12.7633
8.65017
13.532
12.3261
12.9382
11.5675
9.34602
12.9525
13.4156
14.2767
11.6847
5.52096
13.0933
11.9308
6.20184
14.1802
14.8612
12.1424
13.5761
8.56428
10.6188
12.9013
10.8265
14.9166
12.9294
13.8092
9.66037
13.4647
11.686
14.9171
6.03114
10.3137
12.99
10.5583
13.2432
12.6904
12.4068
14.8242
12.3221
11.8004
5.43605
14.7941
9.84396
8.57506
10.0933
9.59789
8.55127
6.12678
10.058
10.1696
13.7066
5.53406
13.3813
9.00334
11.529
14.8228
7.69636
11.2189
14.7553
10.5222
4.18268
5.79242
13.657
9.98212
8.40063
14.6307
11.5355
7.11319
4.66266
12.5209
14.2082
8.68163
8.95672
14.7024
14.6974
11.6244
7.98377
8.60664
11.7239
11.3917
13.2543
9.31111
8.31367
10.7711
10.15
13.0368
11.5006
11.2172
5.1409
8.82826
13.2788
11.5949
12.019
6.82652
14.5359
11.2924
11.9377
10.8032
9.9353
9.81278
8.70454
10.4028
10.0092
13.3724
13.6969
6.20726
13.872
14.0209
9.53704
8.52764
14.1645
14.3506
9.74875
13.8617
12.7014
10.5282
8.75171
13.0091
11.434
12.3417
5.02219
10.8209
13.8214
11.656
13.0476
13.0958
6.21422
10.4612
11.316
8.20124
10.3273
13.5729
11.7184
13.8822
9.86907
6.60074
12.7453
13.8525
8.443
14.6672
13.7332
13.6888
6.04527
12.209
12.3666
7.7338
14.2203
9.21038
12.2224
5.43911
6.01772
14.8715
7.61017
4.06428
9.13842
12.253
12.0033
13.0007
12.221
14.4333
12.9214
14.5511
14.4587
14.3699
10.5673
13.0889
9.50667
7.96981
12.6553
9.83326
14.3388
12.7479
9.09733
9.04469
10.8466
14.6161
12.7772
10.7904
13.233
12.154
9.66407
10.1549
8.47429
14.1949
11.6955
10.5128
14.3408
12.8333
14.3428
14.087
11.5831
8.88815
14.0615
11.3118
9.75123
6.99436
8.89595
9.03212
8.58856
10.2526
7.27313
10.8915
12.6626
13.5131
13.3303
5.32253
11.3466
6.1993
14.1908
7.08616
12.1466
8.48726
13.1756
9.50558
11.1367
11.182
13.322
12.0832
10.5895
14.6734
10.4515
12.5754
10.8793
10.2721
13.0317
10.0825
12.8893
13.1335
14.3206
14.1624
11.03
10.8139
11.8359
12.2401
12.8902
13.9807
13.8808
12.7788
13.9959
12.3092
11.4925
10.7992
12.4554
12.7363
9.47946
12.7605
7.8825
9.36699
14.992
10.266
10.8609
8.66907
9.5512
12.5333
12.0245
13.1235
11.6768
14.045
8.58941
14.593
9.02878
8.91005
14.5825
12.1313
13.5449
14.0189
14.5416
14.5856
9.58437
13.5596
8.65909
7.4809
12.0838
9.4429
10.1299
8.72552
8.49916
9.93251
11.4294
13.6909
11.345
14.6786
9.64766
13.9962
13.4437
12.8847
13.3207
11.9162
9.63944
14.0129
13.903
11.3005
11.9117
13.4354
9.73443
11.2848
9.49517
8.45807
9.6961
9.75158
12.7389
11.571
10.5889
10.5277
12.5785
10.931
13.5988
12.5413
14.6134
11.7471
5.76761
6.54151
9.52828
10.4669
14.8012
9.87852
11.0116
10.9566
11.2254
13.9635
12.5297
10.7428
14.7991
10.2126
9.14746
14.2493
10.6802
10.2645
11.1278
10.0146
13.2556
9.19948
13.8101
11.4045
14.1268
14.9241
9.63532
10.5896
13.2156
14.0254
6.43599
12.3863
9.63379
14.1579
12.2396
14.261
10.8743
11.6003
11.3755
14.6616
12.26
14.6066
7.1112
11.2823
11.9851
8.8331
8.14376
9.38146
7.60524
7.34736
14.4622
8.8935
6.15346
9.5665
11.7559
9.75001
12.3366
13.2176
10.2198
12.1321
13.3961
10.7168
12.0421
11.0598
13.3533
9.41601
13.6984
14.4627
12.1318
6.97037
13.6898
10.588
13.1102
14.7654
11.3014
10.0626
10.8662
8.88622
14.8901
9.58737
12.9362
10.1978
5.64138
7.27819
8.35089
13.9828
9.10855
14.2505
10.1191
6.83563
14.5298
14.4967
14.4466
13.345
7.93454
12.4517
13.7776
6.48559
12.5175
14.335
6.25573
10.9912
14.8967
10.8893
11.7439
13.1387
10.3472
10.8946
14.2508
8.74552
10.3951
11.0467
13.2498
13.8709
14.7737
12.4694
12.575
12.3792
12.8999
9.3205
10.5147
11.6878
11.4144
13.3354
10.2183
11.4059
14.0908
12.4033
10.7834
11.1582
5.47735
13.2097
13.0796
10.1405
10.1568
11.1704
14.1336
10.4823
8.72063
10.3848
13.2564
10.8576
10.0393
10.0975
14.7143
13.1079
4.62252
13.6289
10.7484
11.5967
12.6038
9.26673
4.90036
11.8321
14.9057
12.5521
11.7685
11.7654
8.38849
10.4642
11.5713
11.5764
14.8461
11.0659
14.4296
9.36728
13.6119
11.6487
9.71889
8.33937
14.6147
11.8513
14.2247
9.02711
7.87185
14.1847
12.3717
7.28544
10.8937
10.1452
10.3447
13.4841
13.5147
8.94236
11.7696
5.85021
9.96415
14.4274
10.3895
10.2799
7.10632
6.57291
11.2882
11.7929
13.2932
8.76213
7.96264
12.5921
13.0087
10.5846
12.6141
12.9144
10.7744
13.7362
10.6235
12.1692
9.85919
13.2012
14.4767
12.1925
14.2055
6.03376
8.67235
14.2855
14.5786
14.7673
12.1295
5.73479
12.8275
13.1748
9.97503
5.6745
14.2686
9.19087
14.4943
14.3839
12.0081
11.482
5.41856
10.569
14.4644
8.63257
14.4691
11.7959
13.9202
14.8798
14.0792
14.7701
8.61078
6.01334
10.0012
14.7439
14.2942
13.7363
11.9889
10.8092
9.85586
12.9387
14.2698
9.79158
13.5622
14.5153
6.16506
13.4221
13.1339
13.434
12.0704
11.4409
11.6651
9.98099
13.7955
13.7779
10.2117
14.8103
11.0553
12.3656
12.4184
14.2276
12.6098
14.8176
10.1313
9.5895
11.9735
7.05099
11.1159
11.5126
9.11252
12.4191
12.1667
12.945
12.2484
11.1798
11.6176
13.2188
8.19157
13.0628
9.92312
14.0303
6.70743
6.72469
14.7716
13.6504
14.4114
8.89641
12.8395
10.4426
12.0495
8.22829
14.8871
13.5475
13.0392
12.397
14.1162
13.5971
13.407
12.0563
14.2421
10.2648
7.65393
12.2709
11.919
8.89011
13.6638
9.70332
11.2086
14.6812
14.384
13.2315
7.28968
11.5472
11.2685
9.38188
9.37964
9.15455
13.5018
14.593
10.9654
8.70035
14.6998
5.86696
10.1223
14.9757
8.98923
12.5249
8.48128
13.4914
14.494
14.5868
12.525
10.5309
5.71767
13.6886
13.7174
9.70718
12.0419
10.9137
10.7901
8.77253
9.31167
14.6636
10.4916
10.6258
13.9106
13.1697
5.43856
8.464
10.829
9.56143
9.60021
12.2003
13.7348
6.05558
8.56062
10.3314
14.1963
10.0509
14.2864
7.35514
13.3847
10.3449
8.70655
11.4919
13.0457
6.45362
11.7817
12.6484
10.7244
12.4316
14.841
11.6266
12.7723
13.4219
14.1956
13.4011
9.13015
8.05089
14.9093
14.179
5.90434
12.0043
8.98821
12.4779
11.0403
13.7785
13.9877
12.756
9.03732
9.42383
12.5047
14.59
8.27818
5.94846
12.7825
8.75352
5.91898
10.784
9.15585
11.2081
10.226
9.34075
14.9221
13.313
13.7881
5.14518
13.0464
7.16503
11.9116
14.3095
13.7749
10.1024
9.38282
9.18833
8.42816
12.8254
12.3407
5.91637
14.6252
12.9839
11.6952
13.6607
9.16786
14.725
11.6042
6.39187
14.8922
14.5107
14.9897
14.8113
10.3395
13.3263
9.61019
8.99598
13.6203
13.893
8.09851
12.3874
14.7385
10.683
9.63154
10.7268
12.1344
12.2566
8.30516
12.8192
5.83627
11.4639
14.9955
8.917
10.3988
11.9779
12.1891
9.60827
14.047
11.9757
14.6317
10.9365
14.6628
9.81401
12.7545
12.0289
4.46704
9.27912
4.98863
13.104
9.91092
10.6878
10.429
10.98
6.16688
8.55264
11.5304
14.2573
10.3555
12.9118
14.1504
12.5891
9.87821
13.0637
14.154
8.99324
8.77844
12.3645
13.0309
10.7767
9.28275
12.3149
12.2319
11.819
13.9994
12.7319
6.15959
8.78725
14.1375
13.6596
12.3435
14.7347
11.1885
14.9918
11.8898
8.87313
14.4641
10.9077
12.0785
9.32724
13.3994
6.54312
12.3414
8.48368
12.5202
12.079
13.9231
10.1648
13.9681
7.82447
10.7998
12.4602
13.5528
14.4725
13.3715
14.8681
9.55375
12.762
7.02065
10.2483
13.0631
10.5365
10.2545
14.8656
12.3285
10.1551
10.0788
13.6602
14.6145
6.52443
10.8889
13.8658
6.42007
9.79021
14.0573
14.0323
8.14177
13.9693
8.08113
12.5516
6.3544
11.702
10.6644
14.6678
8.53681
11.0331
14.7491
9.46246
14.2563
13.1324
13.7242
6.21802
6.29805
11.8745
10.0357
14.697
14.8897
11.3624
11.3782
14.7419
5.67731
5.31005
12.9079
11.298
11.5794
12.5996
12.8431
7.25622
10.5126
11.9328
7.95644
6.19807
9.89744
5.79269
14.7113
14.4396
14.6646
14.9033
11.7808
12.4782
11.1517
13.5554
13.8644
13.0066
12.7367
14.869
14.9502
8.77903
10.2039
10.9003
14.373
5.8302
14.9171
14.3141
6.55495
14.6802
13.7387
12.4963
13.5999
13.5373
10.3288
4.79331
8.23059
12.9191
11.1351
14.3861
10.8446
12.395
11.4127
8.52562
13.7093
13.3976
8.62435
7.94972
7.93415
14.9703
12.6389
10.7272
9.05708
10.0017
8.23689
9.97483
8.57227
10.9321
8.98495
8.04394
9.7199
13.8524
7.75531
14.5216
10.0678
7.67817
10.1141
5.49964
10.179
13.5927
10.9853
7.73944
10.6407
12.9718
9.46047
13.4538
6.80531
13.7642
11.8935
13.8193
12.7717
8.46101
12.3676
11.3627
8.71022
8.26629
12.9024
7.74126
4.39045
9.05382
9.37214
13.6486
9.99743
12.0579
13.1577
14.5288
8.51994
7.19076
10.6585
11.567
12.3106
14.9327
11.8222
10.536
14.033
12.4638
10.0729
9.84834
8.56768
12.2251
13.1046
13.3751
7.2652
14.9394
10.0271
8.03343
13.1053
10.2998
12.4607
12.4742
9.80239
9.61585
10.0054
13.0743
6.24845
14.2006
10.3846
8.51387
9.06635
10.2153
11.8098
10.5993
10.8538
13.5862
14.4325
13.5205
13.815
14.3259
11.6165
14.2052
14.5174
12.953
7.83056
10.7685
10.3556
7.14988
9.75692
14.122
14.3185
14.2227
12.2059
11.9564
14.1494
4.43743
14.5564
12.7792
14.7188
14.2606
14.1506
12.3477
11.4856
8.04482
12.9661
11.1823
10.2067
12.2867
12.2726
10.2451
11.8014
5.85985
8.86449
9.93668
11.095
14.9906
13.1626
14.2609
8.47713
13.5173
8.98122
9.73415
6.15652
8.6362
10.079
11.4352
5.54181
12.4757
10.6319
13.834
12.6518
12.7215
14.3208
12.8956
10.4601
11.4257
8.12461
14.075
6.20884
12.2992
10.0169
9.57051
9.8941
14.043
10.695
10.9349
12.5959
10.6384
12.8414
14.0281
12.7152
13.3913
14.0839
11.153
12.6247
13.3925
14.3712
9.35119
13.419
8.31096
5.95695
9.5636
12.8899
11.5304
11.4557
12.6343
14.5033
9.60781
14.4623
7.88062
11.5854
13.2238
11.4147
14.3088
8.65853
6.29696
11.63
14.5026
13.4047
14.2132
8.52905
10.2469
5.45282
5.87754
9.95026
6.78145
8.44797
10.8425
14.5744
10.4267
11.5609
14.3518
14.0637
14.5384
8.20161
9.11249
10.3854
6.52157
11.5569
11.0609
10.9081
14.0509
12.8919
13.6739
8.15902
12.175
14.9374
14.4698
5.63385
11.3509
12.2391
10.3777
10.7271
12.4541
5.69574
6.08251
13.2311
10.5899
14.7948
11.4021
11.9937
6.2608
14.704
14.5013
13.409
10.5917
13.0475
14.1791
14.034
14.0425
12.1605
11.1328
9.47118
11.226
12.1008
11.443
11.1725
10.6373
13.4618
11.2887
8.70337
11.837
10.8157
14.0336
14.5495
11.2647
13.6097
5.01015
11.5038
13.6365
10.2059
13.9466
12.5937
14.9123
14.4292
9.54238
12.9829
13.6333
10.3878
14.4012
10.3202
12.4239
8.55505
13.4275
7.80009
12.8554
9.96033
7.55391
12.5997
12.064
11.6259
10.718
14.3728
14.652
13.0564
9.9927
12.6738
10.6699
7.03149
10.5917
12.8009
13.0248
6.3193
8.55611
11.8402
14.222
13.8934
10.6713
6.83424
10.9714
6.89048
6.73453
11.3774
13.4211
10.6425
10.0228
13.2038
14.8654
6.32321
6.2347
14.0583
14.7316
11.9836
7.61789
10.1345
14.1178
6.24511
11.9223
9.59592
8.7592
11.0466
9.82423
14.5579
12.3676
14.2186
11.1937
11.9314
14.809
12.7187
6.06471
12.212
14.0523
13.0779
14.9174
14.6167
13.4916
10.1265
12.1968
10.1768
13.2086
10.9646
12.4711
12.1874
10.2987
13.8711
11.5496
8.17252
8.99102
9.18731
8.59724
10.0968
13.1514
10.5005
13.0875
8.60564
14.0564
11.3051
4.8549
10.8087
10.6256
9.60933
12.1816
10.2548
12.2828
14.2983
14.2416
10.4978
10.5932
10.8999
14.5826
12.6971
8.89029
10.4607
7.75772
8.68992
7.25132
13.6609
7.19573
12.1357
13.9475
14.615
9.39494
14.4625
14.0643
7.43187
10.0584
10.2721
13.6122
12.849
13.9407
11.5743
10.3227
14.7606
4.89068
9.16471
6.36705
13.8911
14.9206
14.0682
12.0492
12.2782
13.6963
8.67985
14.0655
8.95139
6.17815
11.3615
10.0301
9.74218
13.7015
6.61905
10.6048
12.5374
14.8655
11.1539
11.3769
9.93592
11.7596
12.877
10.0481
6.06764
13.0273
9.58964
11.2087
14.851
12.8478
8.06578
8.63105
6.03135
9.77882
11.0259
13.3699
12.362
8.50701
14.603
14.9612
8.77381
10.122
14.2489
9.38289
12.3029
10.6264
12.7565
9.14725
11.4498
6.82668
11.1161
10.9299
10.5378
12.8665
11.7802
11.1479
9.06678
13.0249
13.268
14.6115
12.3796
12.5518
14.1308
13.3427
6.04716
10.5706
9.82363
14.1238
9.69128
6.71756
14.8419
6.00353
8.62955
14.108
13.2778
14.9487
11.3246
11.5844
12.9658
12.3962
12.8466
12.034
10.6085
9.94996
5.28575
14.45
12.578
6.48781
13.3574
10.5321
8.71748
11.265
11.1922
10.4819
9.71185
14.6028
10.8429
9.74424
11.7278
8.31545
13.8549
13.3515
8.6232
14.1889
13.9463
11.6579
11.3707
12.7749
13.9881
13.7521
8.87323
13.5592
13.3527
13.8052
5.85961
10.5713
13.2355
12.5195
10.0395
11.2513
12.0667
14.4445
13.7787
9.26978
11.2632
12.418
8.36542
9.66901
13.9211
13.7368
9.71744
13.7162
12.0372
11.1314
9.21657
8.11574
12.7114
11.5275
13.1742
11.8112
12.8873
9.70146
12.1179
9.64601
6.87084
11.4754
10.7332
13.9347
10.5612
14.8264
12.0666
10.1532
8.58223
11.8798
11.8689
8.42115
12.7424
13.7221
11.2879
12.4279
6.88765
11.1124
8.6499
13.2406
9.95564
13.1014
5.41578
5.94828
11.7458
11.9203
11.0004
8.42965
10.523
7.33758
12.4169
6.33343
10.1731
14.8721
13.3454
10.3687
11.3307
11.2232
13.8049
12.7172
9.22138
9.75032
14.1839
11.553
14.2757
9.38797
10.3412
5.65045
10.687
6.17475
12.8369
9.71189
10.5329
9.31611
11.5706
10.7186
12.2609
8.49944
13.4803
14.8528
14.4498
11.6958
8.77783
14.0656
10.6548
8.07171
6.04196
10.6712
11.031
14.0845
10.5014
11.1377
14.2436
13.7555
4.67166
11.6856
7.42774
11.9685
12.8009
5.78895
10.1277
5.59747
10.5915
12.6603
12.911
13.5714
6.64653
9.37255
14.0782
13.6523
9.89532
11.9235
14.669
13.9419
12.645
12.22
11.8538
9.89486
10.5322
13.2211
7.53947
11.2506
14.3753
13.7979
10.1621
12.9479
13.6368
10.4291
6.03665
13.0098
12.6199
12.8568
12.0444
14.1963
9.68913
13.3162
11.7329
13.3062
11.7182
12.1548
10.9369
12.1191
6.13506
14.9472
14.8655
10.4793
10.9793
14.8692
5.19792
5.62177
11.6815
13.6143
13.3212
12.9493
10.8841
12.513
13.7929
9.13633
14.133
11.1105
13.4836
10.1341
14.8197
14.5486
8.49759
12.4919
12.7161
13.0871
9.65711
12.9079
6.72731
13.8179
9.71395
10.8433
14.629
11.1815
14.8695
10.1638
12.5883
9.88631
7.53346
8.64971
14.6548
11.5912
11.934
9.66434
12.1022
13.4849
9.43524
13.939
11.4974
14.1318
5.21663
12.8004
12.3275
12.2067
8.38308
12.0681
10.2641
9.41719
11.1808
9.49368
13.9534
14.0241
13.0468
9.3154
8.57868
9.52325
11.3289
12.886
9.66397
6.10853
12.5169
13.2471
7.31399
8.70688
7.36775
8.49375
8.91573
12.2007
13.0483
13.3012
11.8984
13.2724
13.6308
8.60476
10.3411
13.5189
11.9684
14.0776
13.0442
14.6461
12.6032
9.76992
13.9123
14.1916
12.0383
8.85302
6.93178
11.8538
12.6956
14.1617
13.5387
11.5254
10.1493
14.3129
13.6948
13.7183
8.06044
10.8602
5.66539
10.1344
6.77644
14.1325
13.2116
14.4652
11.8656
9.18734
14.2293
12.5106
14.1062
10.6498
12.9772
11.3329
11.5998
12.6678
9.04325
11.0084
6.26768
9.67232
8.58207
9.93245
9.87314
10.2316
9.87066
11.2241
14.5292
14.0792
13.181
11.0707
8.82831
14.5865
5.70527
10.2323
9.78777
14.6774
8.96556
11.0674
14.9725
10.7873
9.55567
14.0065
8.84874
9.95794
9.84239
9.13732
7.68836
10.3511
14.0457
10.8301
14.2291
9.81967
12.0186
12.5742
8.12656
6.94748
9.80893
11.1543
14.84
11.513
14.4745
13.8433
11.6452
13.7375
12.7557
6.18814
10.6949
13.2182
13.3571
11.7779
7.25253
12.1953
11.3154
9.73378
8.6919
14.155
14.507
10.7383
13.5284
12.8849
14.657
9.46904
8.82777
9.49383
8.86967
9.4987
11.9507
11.4583
12.482
13.2803
9.62743
13.6012
12.7126
10.1019
10.1909
8.13115
10.1161
7.79125
5.24501
8.98256
14.3348
13.1557
11.8901
6.34137
13.3386
11.5433
14.3921
10.3809
12.4656
13.9958
12.0399
11.9502
11.0509
14.3527
6.35311
8.26062
10.6816
11.7952
12.7198
12.1184
12.2876
9.73441
5.77613
11.0178
8.14348
14.9119
12.6905
11.6932
9.63982
13.8075
11.6133
13.9435
10.7123
8.80865
13.3929
10.5414
9.81936
11.7449
14.0363
10.1052
9.74432
12.3077
4.34991
9.43744
9.86309
14.3777
13.919
11.9555
10.5932
14.383
14.8217
7.55708
10.3247
14.5922
12.5458
11.2168
12.9991
13.4335
6.07415
13.1831
14.3997
8.82686
12.6483
11.9601
12.0128
13.6416
13.5262
13.8817
11.6997
14.458
12.4576
7.22425
11.1842
13.3426
14.9648
11.3999
10.4536
11.3005
13.8767
8.39592
11.146
11.3144
8.30383
6.81932
8.17934
13.5235
10.6099
10.2324
7.87418
14.1748
9.44731
14.7906
6.24149
11.6879
11.5617
12.38
11.776
14.6152
11.2638
9.4398
9.81624
11.2295
9.94275
5.32679
13.6954
12.8565
14.2257
10.5516
11.7807
6.1278
7.01508
13.7481
13.169
13.4672
11.6918
14.7643
8.30827
11.876
10.1937
13.2993
14.9548
12.5574
12.1331
10.2376
7.58955
9.56074
13.8427
12.3303
13.2164
14.4443
10.7982
10.8158
7.78946
11.1328
14.4499
14.7495
10.1117
12.9872
11.7113
9.19856
13.3382
14.7215
12.2888
13.7108
12.4932
6.15918
8.46782
10.3452
12.9428
13.9308
13.9601
6.40666
12.6377
11.7203
14.8017
9.35454
9.46848
10.9817
13.1515
14.6166
10.1632
12.4081
11.2777
12.5392
9.48951
9.15903
13.3837
11.5574
9.31931
14.6344
7.51517
13.3575
11.4937
13.0889
14.6231
10.1658
10.2538
9.68588
13.08
10.1709
12.7374
14.5714
14.8727
13.8777
7.80175
11.6293
13.1327
11.3077
8.55795
14.5673
13.617
10.4968
12.0934
5.29048
7.34639
9.91109
10.7793
14.0917
14.1618
8.62148
6.97841
10.4605
11.1633
11.9146
9.78223
11.1497
10.5775
13.455
7.64514
14.6957
13.8857
14.968
14.2919
5.83821
13.1936
14.7272
12.8522
13.8843
7.81805
9.57581
10.407
14.1176
11.4874
5.56164
9.06445
10.8368
11.8681
9.31
13.0369
11.6348
12.2605
12.9385
13.0295
14.0707
12.469
13.0327
13.1862
14.9358
12.7221
11.0048
14.9768
10.6137
11.566
12.3647
12.8604
11.6412
11.1401
7.36444
4.82891
11.6841
14.7467
11.7466
12.1287
11.2952
14.0065
12.2069
6.72628
11.0814
10.1987
13.5709
10.2333
5.6951
9.86754
14.5233
9.6535
14.9795
8.36389
9.80622
14.2411
9.30196
4.96464
13.2541
13.2908
9.1429
11.779
13.6589
9.80336
7.50478
13.2927
14.895
12.8993
9.60083
12.8257
8.55083
10.6358
14.5676
12.4017
9.23183
11.0346
5.39322
10.8201
14.2293
5.68741
12.2803
13.2161
8.90659
7.83037
12.5476
10.0763
12.0854
13.9817
8.34969
12.0299
10.4682
9.43267
8.15708
7.20036
12.3681
11.3982
8.55626
11.3963
11.1294
11.8919
14.6897
11.5828
10.8002
11.4124
6.13516
14.1783
11.2161
10.3454
13.1975
8.75981
13.2377
8.22791
14.8575
14.7509
14.513
14.3193
10.604
10.7459
14.6743
13.6671
12.4004
14.3369
13.4665
14.5344
12.5456
9.10627
9.49353
13.1561
14.6136
8.90671
13.5114
13.7928
13.7323
8.45825
13.0606
12.1848
14.8473
11.1122
8.72831
13.2542
12.4959
13.2537
8.50196
8.45414
9.78125
12.8422
9.17504
10.8231
12.4643
9.89994
9.55873
7.62854
13.5571
9.78907
10.3047
7.35702
13.5831
10.812
11.1861
9.81172
10.8377
14.8169
8.37194
10.9603
11.0408
11.4131
11.449
11.91
14.1142
8.11146
12.0296
9.40925
12.8013
12.185
11.295
13.4388
14.4852
12.1375
12.6346
14.2248
11.2173
11.7801
6.81042
8.42389
13.2063
13.2242
10.2326
8.67488
13.9217
10.9499
9.11862
13.9892
12.53
8.18912
10.75
10.3075
9.91791
11.813
12.1554
11.0588
14.8101
10.901
6.11035
11.2404
3.83988
10.6743
14.5174
6.12138
13.9121
8.64249
13.0121
14.9681
9.46055
12.7031
8.34026
10.5705
13.4676
9.27029
10.7312
13.0056
12.6332
12.5777
5.08938
12.6075
11.2926
14.7754
13.0898
13.2403
10.1291
11.1391
13.3225
10.9565
10.9715
11.4898
9.96837
6.71944
14.552
13.7705
10.6582
12.6082
4.77844
10.1613
10.8664
10.5861
12.9176
13.2104
4.44763
11.2508
8.20909
8.65896
11.2621
14.5354
9.77729
8.78582
14.5711
9.91398
14.1704
8.52726
12.1531
9.9343
13.1141
5.67071
9.94749
5.99315
11.0418
12.7393
12.7508
10.8328
11.8238
12.2194
6.12153
11.5334
12.4602
14.895
9.1424
9.31807
8.31591
14.6475
11.9971
9.14484
13.8521
14.1958
12.5764
9.80795
13.4665
6.27245
13.1943
12.8311
13.509
5.89877
11.7001
8.52426
13.1066
13.9096
6.24352
6.06245
10.286
10.4423
12.5678
11.2606
8.24734
12.2518
14.0267
9.99153
14.903
5.22827
5.81525
13.7459
11.3531
12.502
10.144
14.5934
10.1477
14.9754
12.0941
14.188
13.6031
11.0987
11.3468
14.7799
10.9659
10.9504
9.95149
9.45495
8.59194
14.7808
12.0371
11.1773
11.6196
12.6443
10.3224
12.2144
11.699
13.6891
14.2589
9.91118
13.2234
8.66093
13.0568
14.4288
8.29555
8.22925
13.1453
7.35496
13.2283
6.00495
8.72497
14.3444
11.1566
14.8422
11.2839
8.43776
11.3039
12.6456
12.1591
8.11507
11.581
11.498
14.4221
13.8525
8.54845
8.75336
10.6945
6.12579
9.7705
13.6276
9.33
12.6009
13.8288
11.0069
13.7151
9.53398
11.03
8.52722
6.68432
8.6849
13.1134
12.8396
10.4612
12.2286
12.3157
9.05247
13.1738
9.12222
8.27069
11.9073
8.57943
11.7968
10.1112
10.7301
8.50515
8.7268
10.6552
9.08199
14.5692
13.2149
12.1461
11.6807
10.359
11.5936
14.9579
14.1391
12.4572
11.7801
9.65701
11.1087
14.2699
12.2314
14.1957
10.1779
14.1494
11.6667
9.83635
5.3968
11.8496
13.6389
14.8281
14.8302
13.3601
13.9345
12.1341
14.7164
10.5363
14.4992
11.944
6.24583
13.0935
13.2212
6.18134
10.8947
9.85011
11.4292
8.48798
14.2111
10.4118
12.9985
14.4662
8.71436
8.55015
11.4443
9.18971
12.6673
5.661
10.7681
8.8981
13.1181
14.4995
10.6188
11.2644
9.64625
14.2984
9.19873
11.9736
6.69797
12.1535
14.9439
14.3132
8.88577
6.83726
7.95904
13.5407
12.7533
11.7847
6.64333
12.9564
13.0224
13.9727
14.3005
13.0255
7.28673
10.4966
10.692
13.0443
12.8834
13.1632
13.472
10.0138
6.00692
11.3336
8.22472
11.9966
10.9321
10.545
13.792
9.11796
13.2886
11.9124
7.70918
11.2988
13.7336
12.8075
13.2897
9.96724
11.9814
7.21722
10.2525
13.229
9.11961
11.8004
13.5786
6.04245
6.81259
9.88862
13.7818
14.3192
9.46748
11.915
14.5426
14.7757
6.55798
12.6373
8.84156
10.604
14.0246
11.7701
10.6722
9.41317
14.4589
13.9315
9.9987
4.39256
6.57851
14.6473
10.5264
10.807
10.8067
10.1602
12.3799
14.1665
11.6452
14.593
11.8623
9.88128
14.0794
12.4399
6.76213
13.4604
11.2957
12.7067
13.3442
10.8793
12.5551
9.55727
8.65063
9.70459
14.8234
13.0972
12.9584
5.49006
10.9194
5.43845
13.588
8.60474
11.0894
11.5062
14.9918
11.5418
14.3846
10.4714
8.25922
12.2548
13.262
14.0806
11.962
10.5092
10.5148
6.84805
14.4193
10.076
12.4611
12.7164
9.69913
10.5741
10.0752
13.7046
8.33127
8.62739
14.8352
11.357
9.29428
9.89576
12.8033
14.7221
12.59
14.6057
11.6571
14.4514
14.9405
11.1974
10.6395
13.7049
11.5285
6.62845
14.7524
8.71867
14.9123
12.2034
14.3828
13.0938
13.4262
13.9493
12.56
13.1792
12.6073
12.05
9.78243
6.0582
14.8768
12.9497
8.74167
11.123
12.4287
11.7645
13.8777
13.9152
7.82886
9.73308
6.11357
14.8659
9.75664
10.8959
11.7291
12.4238
10.2618
9.09178
11.9481
9.82234
8.47346
10.0961
14.5659
11.0305
9.45909
9.09632
12.1305
14.8728
12.2695
12.0445
12.8559
14.2823
9.54631
14.4018
10.0303
13.2972
14.5835
10.0211
10.324
9.79357
11.8527
12.6669
12.6615
10.8936
14.2543
10.6882
13.4359
6.43586
13.9646
12.4495
13.9444
8.80132
9.98724
6.33633
12.232
12.69
12.8664
10.8977
13.9144
14.8007
8.69111
13.998
11.0956
8.82376
14.7328
14.124
10.7327
13.9694
10.1371
5.28808
14.9766
13.6376
10.2645
13.5573
14.1561
7.69656
10.4824
14.1117
11.1033
6.15609
12.0589
13.6372
10.7741
12.072
12.7233
11.4223
13.266
11.4229
13.8598
12.481
14.1372
9.6708
11.9228
11.5147
13.2454
13.4551
5.79696
10.4014
8.61754
9.66744
11.8089
13.4365
12.4796
9.10329
9.50569
9.40984
13.3827
11.6811
14.842
10.031
14.8541
12.3142
9.08087
9.33115
10.2934
9.57168
12.0288
11.3383
8.71686
10.8666
14.1087
11.2412
12.9
13.7923
13.4286
13.2675
13.4686
9.20748
10.6158
10.0918
13.6637
12.9325
14.0398
14.8768
10.9851
13.7068
12.6232
6.68287
11.8167
5.45103
14.1151
14.7654
12.9166
9.88702
8.38326
11.8563
8.03923
11.3332
14.5357
14.1226
9.51387
13.428
8.78369
9.03226
10.974
13.6457
13.8483
12.7829
11.1901
12.369
14.3564
10.5634
8.17324
14.8536
12.3072
10.2901
14.2167
10.6193
8.96392
11.8975
11.1172
10.2257
10.2184
9.16644
12.0763
9.69393
10.1942
7.82029
8.85001
14.5112
13.6834
11.2396
14.0763
10.2309
12.5302
5.74284
14.5391
10.8927
5.68831
9.38117
8.10497
13.0727
11.6307
12.6729
11.804
9.03162
12.2586
14.836
11.0286
12.829
12.4167
9.46354
14.5214
8.47349
12.9793
12.6194
13.8992
11.4214
6.98274
8.49047
6.52509
14.9944
9.49716
9.58612
8.21893
9.89273
12.5524
10.3045
14.5482
10.583
9.64507
12.9133
13.5443
5.77499
8.19326
10.5488
13.5634
10.2235
12.9225
14.5998
10.9084
8.39442
12.8505
6.22656
14.2883
13.9143
8.60692
9.50748
10.4045
13.8808
8.4035
12.9232
7.36861
13.2197
10.2118
9.94324
6.17852
9.06547
14.2443
13.8738
9.66606
8.91226
11.1259
14.4607
12.3782
13.7277
13.9824
11.5915
10.2834
12.6366
13.8169
12.7622
8.52812
13.8092
14.57
13.7102
14.1758
13.9367
12.48
13.9093
13.6989
12.6295
13.9581
14.9611
9.46453
7.9398
9.06694
12.3472
14.1548
7.73977
9.41018
13.9444
5.96482
10.4871
14.7194
10.4038
8.74345
9.44506
12.166
10.1084
8.81837
6.72423
12.6455
11.1175
9.99327
13.963
13.7999
9.86774
13.456
13.1723
9.27515
5.90071
6.10668
14.5785
9.58472
6.72995
7.95332
12.7101
14.0562
13.2732
13.6255
7.74305
12.0245
13.2836
13.7065
10.9862
5.62705
10.5211
7.42977
13.3855
11.0675
11.2873
14.558
13.7241
12.9025
10.4924
10.6505
13.4164
9.06285
8.34387
10.2053
13.5605
10.2155
10.8022
12.343
6.91646
10.0374
10.6864
11.7116
8.19892
4.52523
13.0875
14.7382
8.89753
10.9604
7.89943
14.5189
11.9313
12.2935
12.1939
7.13151
13.3892
13.3498
12.4979
8.16601
12.0675
8.81685
12.92
13.2782
11.3605
9.54207
14.111
10.1228
8.36643
11.545
9.84349
