14.1347
14.5958
10.2739
12.1357
13.6199
11.6823
11.3577
12.8208
11.6921
11.6197
11.1396
10.6347
14.5041
10.2858
11.8465
14.7119
10.4443
12.2557
13.8848
12.0773
7.23265
13.2959
11.8416
14.7182
10.4806
9.66135
13.4909
5.91126
7.65002
9.76543
12.485
10.8346
13.5443
6.73143
14.5581
12.176
6.65234
14.8084
10.8165
13.6455
14.3565
10.7172
10.9588
12.1062
6.42059
11.003
9.3998
8.43229
14.2772
11.388
12.7271
12.8739
14.5601
11.279
14.491
11.1184
13.0882
10.4487
9.60551
14.0205
14.0842
13.0557
13.453
13.0934
13.0567
14.4664
12.9109
10.9875
9.05769
13.6265
13.0044
14.6043
8.50241
13.1293
13.2757
8.17785
11.5528
8.91016
9.8518
8.78215
13.1358
12.5388
12.1115
13.2028
13.5181
10.1908
10.6454
14.114
12.297
11.779
12.4398
14.8648
9.92196
7.62385
9.62892
8.57466
14.5524
13.7678
13.6417
9.07258
10.235
10.9058
13.4224
11.0059
9.08705
13.0482
14.3806
9.68636
14.9175
6.48904
14.5511
9.81489
6.46807
6.74401
10.7074
9.05132
12.4446
9.27253
13.7642
9.75808
13.6323
10.0873
12.2816
11.8329
7.81671
9.70278
14.415
11.5449
8.32239
10.9303
13.6871
10.5431
12.7688
11.5184
8.25028
8.68357
9.66217
5.93407
8.56711
11.5392
13.0298
11.167
8.94925
9.87619
12.3022
10.3499
10.6324
13.6145
9.80596
13.8999
8.115
6.5176
12.5472
13.502
14.9987
11.3186
13.3652
5.47061
14.5097
12.4224
10.7702
9.24529
4.63516
13.9791
11.4946
12.3208
14.3913
14.1458
11.9944
9.10238
7.97161
12.7589
14.6026
12.4784
10.9017
11.2384
14.4096
11.7423
9.57933
12.9664
14.2458
12.0959
10.6309
14.2605
13.8342
10.5968
9.53705
11.3129
11.0793
13.5395
14.2007
10.2251
13.8824
9.66094
10.2827
12.4748
14.7379
13.7654
9.96954
10.3523
13.8608
14.203
14.7459
10.1159
5.21688
14.4397
13.8475
5.85665
14.5766
14.3058
14.3681
12.5321
6.52147
10.2019
13.5965
10.7729
12.0217
10.6852
4.82953
11.9903
6.13623
13.4431
13.6187
14.0927
9.93719
12.0071
14.4609
9.73111
7.14836
14.834
13.8443
10.5725
10.5388
14.1006
10.5902
14.1795
9.0706
14.2696
13.3748
10.1503
5.42825
6.73149
13.1546
11.7128
11.1799
10.0653
14.634
6.19794
11.4588
11.2765
12.6464
13.2065
11.0154
7.35995
4.6522
13.1929
14.8288
13.4335
13.3843
11.0106
14.279
13.29
14.471
5.29058
6.02761
11.4146
10.2412
10.3416
12.2507
11.7468
14.4636
10.7221
14.4376
10.7856
13.2281
10.7879
9.59222
10.8407
12.6348
11.9111
6.33605
10.6023
6.12397
12.547
9.79064
6.14349
14.6998
10.2503
12.046
9.09517
10.4229
8.86463
12.0414
11.0213
12.5047
11.0358
12.7486
13.7371
9.46414
11.6527
8.60408
6.19146
14.5123
14.7031
14.8013
13.1618
10.0737
12.5792
11.6054
8.68178
12.3792
9.86801
9.77815
10.5618
4.89142
9.70907
9.63508
8.21016
10.8954
8.1812
9.29091
8.67568
9.7063
10.5921
8.37543
14.9678
10.2551
14.3805
11.2573
10.2071
9.25286
9.33086
14.9616
14.1686
12.1027
10.3136
11.2769
6.43207
9.3319
8.16127
12.4249
7.34774
8.9543
11.3954
13.0477
10.2613
7.34722
9.11219
14.0655
12.4302
13.2175
10.156
7.38655
13.3271
5.77679
12.4283
10.9728
9.22197
10.7515
7.2518
8.7868
9.90814
9.26089
9.5002
12.0721
12.198
12.3927
10.2863
11.3608
12.5669
14.5896
8.8521
6.5339
7.75188
13.0559
11.7095
8.32808
13.002
14.9585
13.3533
12.1294
14.0833
10.3198
14.361
14.8884
13.1845
10.6547
13.2027
13.9699
14.9565
13.381
8.08908
7.69718
9.55883
12.3485
10.2811
9.25828
11.2647
12.209
10.9295
10.3567
12.6229
6.44845
12.7897
12.6462
11.3887
9.6457
12.9034
8.81922
11.0751
9.19019
8.13919
13.0943
13.7912
9.88968
11.8752
14.2968
11.2325
11.4221
12.808
9.83762
6.33059
10.0849
11.0916
11.5794
14.96
12.668
13.4643
14.5745
12.8359
12.5644
14.1453
12.1534
13.6047
14.3529
13.899
13.8132
8.47568
14.1546
12.0709
12.9494
13.7356
13.3591
12.9934
9.61024
11.7295
11.6374
10.3558
11.1844
9.8649
10.0764
12.8107
14.095
9.68335
14.2172
13.9481
8.75549
12.0977
11.1388
13.2381
13.6796
10.0869
14.907
10.9356
10.1303
14.1722
14.3912
10.3052
9.52651
10.6315
12.2614
13.9278
6.25904
14.0719
14.2274
10.73
10.4032
6.33344
9.00403
10.8669
11.0353
11.6602
14.2342
7.16659
9.16486
5.8439
10.5534
9.77049
14.0716
7.05227
5.6811
13.2526
11.6407
13.4864
10.8126
13.9384
10.557
11.9936
9.69225
14.9679
13.952
14.1462
14.065
9.58796
13.6682
6.33805
10.2191
11.0654
6.39704
13.9101
13.4445
6.73321
11.2831
11.7541
12.0252
6.72443
12.6646
13.0097
11.3016
12.1517
5.55306
8.41131
6.89318
10.3641
8.55936
13.7946
10.2419
10.166
12.1608
9.84322
13.2366
10.5417
10.5738
6.5726
12.3686
13.874
13.2846
6.66111
14.8043
11.4366
14.8061
14.4082
14.506
12.0156
11.6835
10.0446
9.33265
8.74662
8.10894
14.2451
13.7614
13.6193
9.17109
11.8296
12.8596
14.6899
14.126
11.6612
5.58612
11.7387
10.9891
14.7154
7.25422
6.13556
13.5233
14.0807
6.37458
14.2412
4.6972
6.20318
9.7892
14.0939
9.58591
6.18138
8.44043
10.6362
5.8739
11.8726
9.71819
14.2374
8.97129
6.92279
13.2417
14.9067
8.87297
6.19428
6.368
10.2789
12.3537
6.28758
10.854
10.3446
12.7687
8.58087
6.29851
10.0136
13.4992
12.0641
8.51924
13.427
8.6697
12.7203
14.9503
9.46374
11.8044
13.3292
12.3532
11.7973
13.4553
14.1367
9.62463
9.99047
11.7888
11.467
14.5462
14.2337
14.7963
11.3546
10.9134
12.4907
14.5598
14.2361
10.7251
14.9438
13.9615
13.6212
13.2253
9.10851
14.5353
13.8887
10.909
12.2903
11.142
12.0484
6.32472
12.2799
11.5971
12.6836
13.2241
14.9301
8.9536
12.7387
13.6325
14.2405
13.9085
12.5667
13.3478
10.6261
10.9802
12.5949
13.2816
9.83552
10.3431
14.4017
11.8209
11.1982
10.1177
14.8287
13.2142
11.9844
14.0289
8.63602
11.3642
10.4192
12.8825
9.97952
10.1658
8.15236
13.4858
12.8177
10.0279
10.0501
9.37089
9.79639
14.8267
8.5869
13.6908
8.32486
12.1869
10.3943
13.9209
13.3
8.65377
11.2868
13.4302
7.61705
11.5556
13.5281
12.0925
10.8718
9.76332
14.5915
5.3631
12.6816
14.4507
11.5384
10.1724
8.92199
13.4691
9.82714
13.2806
14.9633
14.2956
14.6189
10.6014
8.75853
12.5885
11.5654
6.56889
12.3625
14.2394
12.8543
11.709
11.5783
6.08191
10.8524
10.8809
11.7922
14.7271
11.4199
11.8181
13.6519
14.4059
7.76472
13.429
11.6825
14.1406
14.8346
12.8781
6.92111
10.5597
9.30058
9.68271
10.0158
11.7051
11.4575
13.8222
8.54788
5.84891
13.6336
14.9728
12.7344
8.56113
9.87951
14.68
10.9207
12.9244
13.8638
12.881
5.01949
7.39253
12.4187
12.2795
12.0038
10.883
13.8446
14.8202
7.15303
11.2228
14.343
11.4107
14.6432
11.261
8.79448
9.76109
10.3469
13.4715
8.29058
11.7826
13.6804
10.941
6.09614
7.78386
14.6768
11.1995
10.0932
13.1387
14.8104
13.5826
6.36478
9.94659
12.0887
14.8569
5.99187
14.1804
11.0019
9.02573
12.6151
10.8422
8.78248
13.2567
6.45837
13.2143
13.5457
13.5804
14.9693
9.44978
13.1813
13.992
14.538
13.1608
9.71618
8.49596
13.1315
10.7173
13.347
9.26099
10.7628
14.5144
10.0129
12.0511
12.2781
14.3052
14.4982
8.85809
12.0674
13.2506
10.8763
14.2291
8.60915
12.6614
10.7774
9.99796
11.5038
14.7332
12.0816
12.174
7.63108
13.5572
12.5225
8.88151
10.5639
10.2175
11.7843
11.4451
13.4227
13.3972
13.7934
12.2957
12.3559
8.8595
9.20009
9.80216
14.4375
12.7749
11.1651
9.30015
14.8293
5.79454
8.90191
10.4709
6.47466
13.4128
9.2518
13.0433
8.88112
8.94515
13.3113
10.1143
8.42775
9.91772
10.5096
14.4029
14.1364
10.3559
11.9922
14.0671
9.0302
13.3567
6.53917
10.6857
12.4414
13.3223
13.7471
10.8986
9.08618
11.8875
7.97241
12.2325
4.57507
11.0421
13.1464
11.9976
14.0464
13.9812
6.60165
14.5309
10.0538
11.367
12.4067
13.1398
9.83235
13.9377
11.2009
12.4381
8.70692
5.72042
5.37399
13.4571
14.0004
12.1871
12.7272
13.5743
5.83647
14.3076
13.2607
14.0187
6.98533
8.90386
12.7235
10.435
13.9817
10.4753
14.5101
12.4443
10.7497
14.4597
11.2031
13.1781
12.2189
12.2052
14.651
13.6269
9.86714
14.3582
12.4236
8.80603
10.1297
6.83969
13.9446
11.7608
14.6146
14.9602
12.5509
6.63026
10.5763
9.01053
10.4857
14.1023
6.35609
9.11966
14.2638
12.0438
10.0198
5.64978
11.9024
11.7744
14.6726
6.68735
6.52634
14.5635
13.502
10.2032
6.33311
12.1756
6.78621
14.5301
9.29533
12.4394
14.7985
6.18468
10.4911
10.2191
13.5692
10.4085
5.727
13.8893
8.26864
8.74884
9.91927
9.74013
8.73558
6.23668
7.83919
10.9884
14.7228
14.5426
8.89779
11.8127
13.7434
10.8094
11.26
11.81
12.7353
10.4959
10.2018
14.4423
10.0729
10.9618
5.53265
9.92986
10.2721
10.7036
8.22686
10.963
9.90559
12.442
6.64579
8.84927
12.3958
11.1605
14.4714
14.3817
9.00139
12.8629
12.3205
7.54268
11.15
12.8142
13.2323
12.41
14.2595
11.0464
10.0389
9.15938
13.0801
11.0817
5.48589
12.9186
12.1547
9.82688
10.1848
14.4805
11.3071
8.5804
8.48775
5.76323
11.261
12.7704
13.3643
12.9169
11.7103
12.936
13.7282
14.333
10.9661
12.7671
12.1241
7.97546
11.1234
11.0611
8.31249
9.72794
8.77789
10.0022
12.2045
12.9369
14.0154
11.2959
11.2867
14.9486
6.57423
10.8228
14.3397
14.3385
8.67474
8.88545
8.86144
14.7655
13.2281
13.7227
9.06875
14.6042
6.16058
14.5541
10.697
7.98854
14.0027
10.701
14.3336
10.765
13.3176
13.3357
13.0816
13.4113
9.15443
11.5415
9.13177
11.3002
13.4179
11.6542
9.22304
14.148
13.5676
11.5237
13.2823
6.90615
14.5999
14.5647
11.5055
12.1911
14.4913
12.8131
14.5128
14.1203
8.68398
14.0015
11.9339
12.0356
6.25911
11.4016
7.79079
11.5763
14.2799
14.2197
10.7294
10.3751
12.8771
6.03572
9.88105
13.5265
8.21819
11.8377
8.77256
11.8849
14.3686
5.99196
12.1766
14.1106
8.31742
5.73424
6.84263
8.11121
13.64
9.49858
5.97951
10.2469
8.44812
13.5019
12.6955
14.6091
14.4638
13.6553
9.78133
11.4746
12.4988
10.3631
10.6002
12.1551
14.5642
14.2558
12.2245
13.358
8.68776
9.58856
11.0139
6.60374
10.4863
6.84575
10.186
8.28097
14.1527
13.3691
11.6552
9.59826
14.2889
13.0562
11.5275
12.8543
12.3768
12.5866
6.31163
12.7277
13.4228
9.40519
10.3934
7.27185
8.16395
11.222
6.18602
11.3292
12.3227
14.334
10.7337
11.7442
14.335
11.7165
11.5034
13.6667
8.31064
6.70396
9.64347
12.3672
9.75211
9.1897
8.1436
13.7267
14.7006
13.8846
6.35768
9.54628
7.20519
10.3967
10.1435
10.5068
14.4898
13.7092
10.5921
13.4413
8.1916
8.50558
14.3256
14.0386
13.8343
5.76611
12.8842
10.2666
13.5491
13.485
8.59701
12.2718
7.82874
7.70949
12.3208
6.08074
14.4996
8.6215
14.6988
14.9599
9.77798
9.21502
11.1816
12.4589
13.6096
11.5625
11.9208
13.976
7.04343
4.97979
11.6228
14.9878
10.309
13.9041
9.69692
11.8779
12.426
11.8801
11.5803
9.17589
4.55374
13.3975
11.5739
10.587
7.59234
4.79859
5.2512
10.6917
13.8379
9.1147
11.3315
9.08334
11.7878
5.72411
14.7799
13.2275
10.686
12.2675
9.40741
14.6421
14.6726
10.3684
14.8679
9.6827
12.5711
13.0774
9.99206
13.2822
10.0062
8.60658
12.1294
12.8059
14.0471
14.8811
10.4122
13.6502
14.9392
6.0732
13.7455
13.652
12.1801
13.1427
9.32167
11.3712
12.0422
13.5052
14.342
13.5
6.16676
12.3343
14.3796
12.9287
7.1456
10.7547
10.093
14.0754
10.8539
14.1481
5.797
8.48953
11.97
10.6048
9.9422
11.6762
8.50849
9.97464
11.8966
12.6502
14.2521
10.2879
12.1649
7.7037
7.35524
11.7288
10.1745
13.0969
7.43461
12.1653
12.9895
14.3916
7.93935
9.49078
7.2938
14.478
8.16255
13.3706
13.6013
8.50634
11.2418
8.2134
9.61425
14.5342
12.3935
11.2335
12.5882
8.99213
8.98534
11.5303
13.6546
6.45856
11.942
12.836
14.2163
14.5568
13.8433
9.96269
13.9975
8.13414
6.72384
9.04663
12.7103
13.7026
14.6497
11.3087
9.22947
9.99167
10.5657
10.2673
8.76377
7.02522
12.2437
9.0106
14.4207
6.68263
9.93827
13.6191
12.8892
12.7728
7.6563
12.344
8.01609
10.9895
14.4588
14.9383
9.77104
14.5174
12.6584
9.4989
14.879
12.0907
12.1874
14.8789
12.7707
10.6242
12.0247
12.12
6.43912
11.6735
6.93189
11.0434
12.7377
12.0041
9.8202
13.681
8.80575
13.1339
12.6075
13.2137
10.5247
6.5262
9.00192
6.30056
10.9387
5.05088
10.1584
14.8999
9.86865
12.4848
8.51667
9.65392
10.7493
9.0111
11.0649
9.27517
9.58747
14.1225
9.98657
14.6479
14.5437
11.946
12.4279
14.6386
9.28419
12.0951
12.2929
12.7621
9.54781
11.0732
5.98336
10.1012
13.947
14.5053
11.9192
9.76063
14.0655
9.87562
14.7156
10.0633
9.8047
10.432
12.8088
13.5384
14.7688
13.5002
13.6557
8.64737
6.78748
9.02018
13.1138
13.5336
6.35896
11.7678
10.8164
11.0182
10.0778
10.4006
13.1345
12.0397
9.58687
8.66681
11.987
13.4463
10.555
7.46855
9.47808
13.051
14.7473
12.2501
8.5075
14.2797
8.68533
12.7556
13.8319
4.44652
11.0836
13.8111
9.90832
13.1031
6.35078
14.0923
8.5692
12.024
14.87
12.567
10.125
11.2943
14.1491
9.0756
12.5595
13.5458
9.46071
14.0695
9.62046
11.9651
13.6503
8.51549
11.8228
10.1974
9.16546
13.6324
8.73573
4.57218
11.7832
9.409
9.11641
9.16747
11.0199
6.54627
14.9084
8.75879
14.6132
10.6647
11.621
14.2922
9.44912
10.1217
7.87362
8.85272
11.5839
10.8931
9.74672
11.8188
12.6277
7.80788
8.9721
14.7037
9.79333
9.85096
12.6908
8.90263
5.58237
11.492
13.8964
14.4786
12.4459
12.8569
8.61384
7.97696
14.0236
10.6516
11.7769
13.178
14.3681
11.9987
5.96104
12.2206
14.6427
8.2378
9.18424
9.72271
10.0419
14.3309
11.3294
11.3687
5.17086
11.6593
10.2693
13.6586
10.6276
12.7383
12.3704
10.1836
9.80723
12.323
12.86
12.9237
13.1041
6.32833
12.4816
14.844
10.4395
10.538
8.13527
10.6081
12.161
8.97817
11.9114
10.1001
12.2818
6.82597
10.5786
9.85081
12.4819
12.7186
14.1691
14.7438
10.8609
14.874
12.2753
11.257
13.3371
10.043
14.9747
13.9323
12.628
13.2303
13.5543
10.3962
11.1043
10.6145
14.5093
14.2008
14.186
9.28737
7.9911
13.2348
14.5328
14.4081
14.0523
10.4428
14.9485
10.2995
6.31352
10.4219
12.9877
9.09591
13.883
5.57357
13.4821
12.3527
12.484
14.7908
13.7319
10.6794
10.7608
9.16825
9.84591
12.6595
13.4314
9.42228
14.8268
10.0209
10.8413
12.3005
10.5044
13.2304
12.8466
14.4702
11.2843
11.2915
9.74195
12.7941
6.36651
13.9591
14.6743
10.5363
8.99985
10.9407
11.704
12.5684
13.6343
10.5601
8.66144
10.3301
11.3987
14.0379
10.7943
8.58794
8.8215
9.65632
10.163
9.43961
10.3974
10.2768
9.42728
13.8838
12.8337
13.8547
14.8949
13.6181
9.73252
14.2763
7.98636
11.7732
11.122
12.1858
12.7248
14.7244
13.3828
12.7663
12.6369
11.6099
10.6327
14.7536
14.3608
10.3609
12.7481
14.5368
11.6591
14.8429
11.1655
14.1132
10.0529
8.69881
7.04282
14.697
10.1617
11.9566
10.5235
9.14053
8.20297
9.88255
13.7207
14.9791
9.78681
8.50891
10.663
8.58517
14.712
8.06916
13.1118
5.32479
9.90486
10.9057
14.1922
9.77547
6.4404
13.5946
12.6869
10.2297
8.35905
13.6173
8.56779
8.51628
12.0196
12.2594
8.89767
10.1485
8.7369
14.8612
11.5021
9.6
10.6778
9.73905
12.88
10.2162
8.66038
12.9095
11.4041
11.3659
14.4208
8.44352
11.8951
14.1365
11.9652
11.3545
13.1937
14.9912
13.4598
6.18115
14.56
8.45179
9.55109
10.7936
14.3244
14.8083
14.4906
6.6516
14.1051
11.9988
14.7651
13.3718
10.8555
8.16628
12.0142
7.34863
8.93594
9.64845
12.4621
12.8735
8.23115
11.6105
13.826
14.5688
11.4115
14.7934
14.6667
12.1684
10.7662
12.8628
14.1547
14.9754
14.3652
12.1588
8.56256
9.27613
14.501
11.5235
9.32226
9.36494
6.3398
14.2608
9.56845
12.9294
14.1185
9.53003
10.0706
5.42503
13.27
9.86756
10.4155
8.68417
9.91654
12.082
14.8874
13.7331
14.0839
11.1853
8.07613
9.84925
8.73944
13.844
13.0915
14.2798
13.5787
6.90081
14.4095
13.5895
7.07751
11.7593
7.88867
11.7161
13.0125
14.9787
9.55204
14.3531
6.28945
12.6436
14.4416
13.2781
8.54293
7.23676
14.4724
14.1163
12.9693
14.3851
14.9934
8.99615
13.9241
9.94274
11.9342
9.26836
13.1156
13.2925
7.05914
13.8837
12.2737
8.88878
13.2805
13.8533
13.6833
12.7648
12.2235
12.6385
9.49668
8.40758
11.6839
5.838
6.38766
10.3037
11.7956
13.6098
12.4429
12.4143
10.4718
14.9829
11.2468
5.29434
12.3278
13.2931
10.1902
10.9106
12.0318
10.619
14.7692
5.76854
9.46295
11.9737
11.2748
10.0942
10.3133
11.421
13.693
12.524
6.19021
10.494
9.61919
12.7593
14.2329
12.6643
11.4482
6.05579
9.31741
10.5881
14.3827
14.639
14.4547
11.9882
13.4351
6.22348
12.4646
11.2297
10.2715
14.8567
13.3916
14.946
11.3623
14.2721
14.956
13.9595
10.2516
13.8585
14.1219
6.31193
14.3578
10.9233
10.1767
10.2056
14.426
12.3929
14.475
11.5547
10.6097
12.3211
12.8139
9.1748
6.85389
11.9451
8.08097
11.7457
12.3589
12.4035
13.3285
14.6957
13.2884
13.5732
5.63511
14.9199
14.0828
10.7045
8.75637
6.79735
13.3243
6.26017
8.48165
13.6153
13.7149
12.2144
14.253
11.9397
13.3619
13.8243
10.7989
14.0499
13.8299
13.6218
6.61929
11.0768
10.8369
14.8822
12.6922
6.32566
10.6888
11.6068
5.25729
10.372
14.7153
8.45331
12.0723
14.0208
13.8041
14.3751
11.425
8.47493
12.4952
9.77777
14.0232
11.2926
12.1673
13.619
12.5603
6.88108
14.4998
11.4218
12.6647
14.4803
11.6936
6.63207
10.7544
12.0976
4.9852
9.79964
8.8046
12.2955
11.2597
11.5526
14.8656
12.6835
11.4403
14.1034
14.9509
14.2556
11.1045
14.577
13.6335
9.55834
11.6192
14.3478
12.6963
9.61308
14.9961
8.59693
13.9097
13.4357
9.18772
12.5353
10.5494
6.04472
11.9964
8.32042
9.82407
13.1969
9.03085
12.1336
11.8932
14.7547
14.6911
12.8298
13.0906
14.3801
12.7456
14.9478
13.3643
11.2242
11.3149
14.07
14.8715
9.31153
13.3411
9.77335
9.76447
14.3291
8.16275
13.0138
13.1955
14.7325
14.5973
11.3596
13.1764
10.5694
8.10172
12.4531
7.82946
12.8632
11.0904
9.34267
7.16351
8.87985
14.554
7.72557
13.749
8.01382
10.1976
4.91774
8.54112
11.2052
10.2149
13.3826
12.9248
13.3525
8.10202
13.8464
13.6997
14.8769
8.23812
12.3867
9.81549
13.9803
9.9709
13.8855
12.0684
8.73656
8.83192
12.844
13.5171
9.50112
9.17527
5.98488
10.6205
5.87962
11.7908
14.5535
8.65457
11.7053
11.049
12.8102
11.4578
11.9032
14.5654
10.479
13.8064
12.6993
10.7343
11.9722
14.7054
14.7172
13.0436
14.9888
14.6848
13.9322
14.7255
11.5825
14.6183
7.91461
13.3182
14.5806
12.9612
12.9548
9.5263
7.59866
10.6458
10.211
14.2336
6.60897
9.1404
12.3498
11.8042
7.66174
12.0864
7.65741
8.89404
12.5394
10.6735
8.34724
13.1459
11.8582
10.9613
9.39014
5.97322
10.3198
12.6875
10.5063
13.2745
13.6652
12.1518
13.9598
14.9228
10.8387
13.2924
10.0662
8.32609
13.4572
13.344
10.232
14.2708
14.1429
13.0709
13.6806
13.3777
13.8199
10.6655
9.03404
13.9425
14.0364
12.703
14.074
9.59286
10.8195
9.80855
6.38352
11.5351
13.4173
11.1541
11.4355
9.34932
8.77673
14.0735
14.8365
13.2722
8.05149
11.7718
14.7873
14.8576
13.2481
12.2527
8.27816
7.99929
12.3408
10.9427
14.9107
12.0644
12.9673
10.2019
8.72667
12.9178
8.94646
5.04193
14.1327
6.25312
14.3077
12.6332
8.72572
11.9392
6.28015
14.6891
13.7391
9.95842
14.9472
13.4645
10.4589
9.28
10.281
11.2599
10.0666
6.40828
10.25
10.2895
14.4721
13.4736
10.3993
14.7653
9.29822
10.3129
10.5284
6.18857
5.5409
14.43
9.27559
9.47521
12.7448
9.20708
11.3972
14.1753
12.6762
13.0398
11.0723
8.01416
10.7517
13.7075
11.2578
14.6141
14.0436
10.2464
12.148
10.5573
14.6628
6.53292
4.94163
13.7184
13.0816
12.8324
12.8733
11.6959
13.1844
9.77078
14.7928
10.3559
9.41286
6.24805
9.84836
14.4497
14.7474
11.8248
9.1966
7.41177
13.1586
12.2676
6.27955
12.7288
6.82235
8.8859
8.31774
9.3874
10.7657
14.845
14.0349
7.8506
13.3921
10.1109
13.7688
10.0716
7.83459
8.53244
12.5971
12.2685
14.5265
14.5375
13.7352
9.70054
8.54659
13.798
14.5957
13.0792
13.3589
10.8998
11.6576
13.2974
13.809
10.1093
9.97135
13.3143
12.3423
14.3639
13.1073
14.8133
12.7239
13.9655
9.63264
6.52123
14.8745
9.00669
9.99327
12.0004
14.1415
12.3264
8.55104
10.0083
10.2433
14.3529
14.3179
13.425
11.0263
11.0238
10.0025
13.1442
7.84362
14.1505
8.2089
10.7698
14.3386
9.78746
14.4125
11.2649
13.2085
9.16411
6.32607
10.9722
14.3879
10.0579
12.078
8.77846
6.7139
14.4203
12.5319
14.387
14.6755
10.1908
12.9159
13.0311
12.3144
12.6842
10.6093
13.036
14.0993
6.97344
5.59281
6.6158
6.21961
10.1893
9.65262
10.959
14.9864
14.7286
11.2424
8.97177
6.58611
12.6982
14.7244
13.4801
10.2302
8.10217
14.36
8.50127
13.1374
12.3044
14.7486
9.98839
13.5723
14.7111
12.4452
6.20027
8.37985
9.73041
14.8296
12.2323
14.0857
13.6119
10.5021
8.41313
6.55605
13.5583
9.3998
10.5386
10.9706
13.8921
14.2251
13.1765
10.9065
11.2156
13.8715
10.3014
14.0108
9.61733
6.75109
14.2676
12.9393
14.3469
12.6058
13.9903
14.9413
14.757
5.51039
14.298
13.5327
13.2516
12.9503
12.539
11.0136
4.94504
12.5786
13.5524
13.8845
12.4749
5.32967
7.00162
11.4116
12.2296
12.9817
11.8499
12.3128
13.2843
13.2833
6.26657
13.4744
11.124
11.7369
12.6547
13.3624
10.5648
13.7968
12.718
12.0788
6.01198
14.8083
8.33981
14.3845
6.18406
13.9279
12.0584
8.74372
6.69906
9.8894
14.957
14.0772
11.4903
6.06368
10.3344
11.7526
10.4413
12.7058
11.9736
13.0157
6.4316
14.9826
9.92637
11.5771
8.7475
14.0178
14.8369
8.66774
5.14032
11.8235
11.9418
12.5832
14.41
13.6178
12.2034
9.37037
12.937
10.9933
12.399
10.0128
14.2872
9.43251
6.19251
6.05797
9.97072
12.3942
13.7939
10.9898
5.25259
9.33481
13.0209
7.68459
12.5064
12.8056
13.2874
12.6791
12.8934
13.0041
6.14522
8.4743
10.6629
11.4079
11.3286
11.9334
14.426
6.14865
11.9449
9.86038
10.6347
7.55402
14.4604
12.0807
7.82509
9.92053
12.3983
10.6145
8.60798
10.0134
10.1713
13.4985
9.74092
14.1027
12.2601
14.3469
8.58662
12.0827
12.1803
5.99415
12.3328
12.8741
10.3697
6.43394
12.004
14.8126
14.8276
14.733
13.971
9.75089
8.59539
12.0632
9.12459
11.1097
12.9573
14.5641
14.0914
10.5047
3.81488
9.98725
14.0934
12.7441
8.76917
10.1365
11.8393
10.392
11.8748
12.1064
14.7657
14.4539
12.5678
12.024
11.5184
10.0035
13.1786
8.67625
13.9522
9.81512
13.6494
11.5412
14.2903
10.2764
13.1711
11.226
12.5981
14.9903
10.6146
13.4434
14.7007
13.7045
13.1768
14.4316
6.29805
12.8963
11.4021
14.7119
11.6191
12.8102
8.75223
14.9726
12.3203
10.1047
13.8706
9.75542
10.6717
8.42507
6.01688
9.65497
12.3371
10.9318
9.90035
12.5228
11.2097
13.3199
11.0206
12.4674
8.24164
10.0409
14.4429
10.1493
11.7436
13.8838
14.5763
10.1016
4.15387
5.46692
8.90455
10.5065
13.7096
9.50162
13.3005
10.7471
8.37101
9.63089
10.3742
14.7125
14.7844
11.0144
9.41194
12.9479
6.36668
6.1496
8.32829
14.0296
5.42075
14.6737
6.9873
7.87848
6.38308
12.513
11.8461
10.3512
6.41305
11.8834
11.993
8.19358
6.83593
13.3093
13.0226
13.8965
12.758
8.59237
9.87514
11.6514
13.9374
6.17426
10.9704
14.7372
14.93
14.3618
14.5979
11.7872
12.5144
13.1259
11.4843
14.2422
12.8323
14.4055
11.4069
9.51134
14.7587
12.4715
10.3881
14.3299
12.082
11.7242
13.8932
6.07439
9.77944
13.0738
14.5459
14.2476
14.3402
12.9962
13.764
10.5845
14.3877
9.98498
8.1686
13.8667
14.2532
14.7961
11.0917
11.9093
9.98169
11.8326
9.44343
10.8273
6.22757
8.60981
12.3114
10.2659
13.8971
9.85291
11.6993
10.9736
11.4012
12.4184
14.9848
10.8568
12.9919
14.4357
13.9878
12.0481
5.94203
14.7525
14.5341
12.9939
11.1714
14.0277
9.83937
8.62154
8.83197
13.6193
9.52902
12.0464
14.6866
12.8187
7.13823
12.4375
12.2379
12.9228
14.2525
14.8267
12.2803
14.0587
10.5859
13.6476
14.4456
5.60256
7.32882
10.2566
13.0999
13.6657
13.2247
8.85528
10.0104
14.9671
11.614
13.1448
14.7006
8.55387
10.7681
13.3336
14.7737
10.6879
11.9616
12.1628
10.2712
8.96903
10.1102
8.68527
9.45458
8.57583
7.9756
8.5137
13.219
9.09476
12.8562
11.4079
13.5166
10.478
14.7483
12.4435
12.2644
14.9439
11.0922
14.7181
12.8148
14.3047
11.8207
14.5465
9.13663
7.13326
8.2608
11.4176
8.63331
13.7416
12.0535
14.1195
11.0146
6.57635
13.4087
9.63659
13.6326
14.2445
13.4604
9.00021
14.7557
10.0663
5.77938
11.1391
12.989
13.0774
9.99061
13.0099
9.34184
10.8068
8.90654
11.7152
10.3298
10.8966
13.3093
14.5795
11.3088
14.5795
11.9174
9.71426
13.0311
12.2421
6.63673
12.5961
13.5379
9.15595
11.8056
9.62146
6.75012
14.7599
10.3165
13.7749
11.1112
9.81924
9.17509
10.5986
12.2716
9.48267
13.0874
14.6432
10.0672
13.6077
13.6954
9.55181
11.8461
11.8559
13.6588
5.93316
12.0731
5.96844
14.2638
14.5556
14.5942
11.273
13.8051
14.7229
11.7491
12.8594
12.0143
13.388
5.60266
7.08324
14.3828
11.8034
13.8789
13.1133
10.0189
10.1164
8.78804
8.34065
11.3345
14.7281
12.7814
11.5944
13.2934
11.1192
9.85857
11.5615
14.3039
9.96245
12.4458
7.61474
7.68388
11.0983
13.6333
9.28329
14.9161
11.5364
10.7523
12.4605
12.4107
12.3512
12.4441
8.54397
13.0385
12.7962
10.7285
13.3817
14.413
14.2359
13.2393
9.45715
10.3944
10.3179
11.5108
8.24716
12.4018
11.9148
13.1737
14.7519
10.0764
6.58584
10.3352
14.1428
10.8066
12.4576
14.4053
5.7209
12.0278
14.9712
12.1313
8.76448
12.3376
14.5919
11.4923
10.5099
9.45989
9.06554
5.93026
8.22668
6.14369
12.63
14.3396
11.9547
11.3711
5.16217
12.1057
11.8082
10.5019
8.36708
5.879
14.6613
14.942
13.738
8.16005
13.3311
14.1093
11.6029
10.0016
11.9973
9.63124
14.4012
6.42835
10.8144
14.2464
12.2835
9.17495
10.202
13.6964
9.96766
14.4946
6.38467
9.40931
11.6896
14.294
11.5715
10.112
12.5628
8.95436
14.2893
10.9367
12.6457
11.6291
6.43162
10.1995
13.9499
13.2414
13.001
9.82366
11.1168
13.8008
5.64422
13.4705
10.48
5.74171
10.42
5.24404
6.0282
11.7605
14.2391
13.4385
6.94401
10.6163
8.87328
13.4
9.70235
4.76879
12.238
14.5991
14.0425
12.17
10.5074
13.2013
13.2308
13.7887
11.7223
14.61
14.6335
14.6974
14.7467
14.7786
12.4094
13.096
7.92927
6.37817
6.07959
12.339
12.962
14.6743
14.8053
11.6419
14.5434
13.4855
6.57267
10.0892
14.2912
6.99703
8.4086
8.79609
8.2659
5.37778
8.50304
13.7643
13.8274
10.3994
13.6004
11.2962
13.71
12.3987
9.34077
13.4264
12.2555
14.3884
7.24175
14.9765
13.0948
12.3655
10.7715
11.1756
9.49934
10.84
4.90831
13.9641
12.0247
12.3005
8.71768
12.7398
14.2769
14.9402
11.4439
10.3243
10.4839
11.1157
10.8853
13.9602
13.1183
6.17607
5.83391
5.16383
13.51
14.9397
13.1129
13.2131
12.165
10.4889
12.0122
14.6997
12.6578
12.9234
10.1324
6.63892
11.1194
5.46012
9.88595
13.381
10.3309
14.8592
12.5714
11.4434
14.4596
11.9154
10.9409
9.46979
5.05623
11.756
13.4119
14.511
7.67032
10.8338
8.56513
10.5566
13.4952
11.9953
13.7253
9.39206
4.63842
9.52991
6.74094
10.2814
14.4605
12.245
13.9228
13.7339
10.1035
14.9262
8.91089
13.9491
14.6124
14.0287
12.4984
10.8721
13.3705
14.801
10.2407
12.6197
13.6383
12.9803
13.4104
13.3671
12.0874
14.3738
9.61793
14.9332
9.94045
6.36428
8.86055
13.0244
14.5724
12.8273
14.324
10.7967
13.8042
9.95277
11.228
7.13264
10.5104
14.1948
11.2676
7.8321
13.614
11.841
13.0506
13.3109
10.3963
5.95454
14.4665
7.90053
9.87343
14.3835
13.2881
13.214
11.5173
13.7683
6.08716
14.0639
9.79938
14.8768
8.41418
10.467
9.63469
9.07891
14.7024
13.1926
11.6031
14.7519
10.3191
13.4659
9.97685
8.62069
14.2076
8.85263
12.7875
13.9357
13.869
8.8983
9.05739
10.0008
9.76588
12.053
9.16428
5.56262
11.3568
9.53462
12.8406
13.4125
13.1715
7.59859
6.61829
11.3512
14.9967
10.4589
12.2975
11.1749
13.7172
12.6298
10.7308
12.5989
11.1893
14.5002
10.7414
6.73398
13.8728
12.4117
6.55828
9.57033
10.3927
7.3701
10.891
11.8817
10.1288
10.8948
5.98737
13.8259
13.8337
11.9394
7.52906
5.21836
12.5147
10.3449
9.99356
8.88309
12.8603
5.90351
9.0577
10.008
9.81159
11.532
14.3503
6.76434
11.6542
9.5938
12.0112
13.5544
12.9723
14.0825
13.1727
12.3415
13.8366
13.0536
12.5609
9.10023
11.4783
9.69099
12.5095
11.5478
9.4886
11.2257
9.05416
14.901
13.746
11.098
11.7286
14.5042
5.19338
8.72958
7.08244
6.2517
10.9384
13.6808
12.0816
14.4335
6.99022
8.91721
11.9632
8.12929
8.84575
10.7187
7.92685
11.3048
14.8298
12.4485
13.333
5.68071
13.4986
10.4757
8.83574
11.8496
12.6599
9.0674
13.3557
7.42853
10.5356
8.28552
12.2075
13.0768
10.0517
7.42675
13.9553
11.6999
10.8299
11.4616
13.5898
11.7173
11.5774
14.5754
9.26959
12.6602
7.54644
9.82294
13.5874
11.7703
14.6544
8.33722
14.9771
10.9394
8.50831
8.79699
11.1555
12.3103
14.0409
12.788
14.5196
7.18672
14.1739
9.20331
13.4421
13.564
12.1704
13.9643
10.4963
7.90627
9.94694
9.71755
9.43201
11.3415
11.1781
12.2923
13.0192
14.5224
13.1466
9.97712
14.1156
11.4915
10.64
11.0808
12.4554
14.3537
10.32
6.68907
11.0125
14.7707
8.64997
12.3264
9.05666
13.1668
14.612
14.3919
12.3644
9.90078
4.1272
12.6923
9.3632
7.19109
10.3179
13.0004
11.5829
12.5218
7.11044
13.1187
11.2973
11.9084
12.9218
11.4859
14.3777
7.57203
13.3096
11.0438
14.5535
12.9379
11.3345
13.3434
8.46901
10.9649
13.1533
8.83556
14.2553
6.54733
13.8568
13.3117
11.1358
6.21463
10.0423
9.91147
12.3983
10.5513
13.1379
7.26286
13.1461
8.29317
11.4876
8.23248
13.0596
13.6863
14.4573
11.5599
5.85691
9.7173
11.6362
12.5866
13.9556
9.29761
11.8129
14.5473
6.55531
7.07177
12.4558
9.96137
11.3371
6.87935
9.28652
11.7292
13.1504
12.0004
11.5061
10.1495
11.219
11.6358
14.7938
9.94158
14.8819
9.98399
11.297
12.4109
11.4037
7.81748
8.78366
8.65581
14.5221
9.26706
14.3889
13.9083
12.8872
10.8318
13.1993
9.72345
11.3897
8.24597
12.0135
8.89589
11.4797
11.349
12.6606
8.1717
14.5028
11.0201
10.6422
13.5035
5.79729
8.09806
13.6712
14.9378
13.3967
13.6887
14.4445
8.17184
8.95905
12.5906
9.57755
6.24457
8.14393
8.51791
13.5248
11.7976
13.1942
13.7422
11.4902
8.8787
10.4787
14.5813
13.8164
7.57926
12.2001
14.6367
13.4474
14.1127
14.6742
14.7077
8.47389
12.1769
8.79381
10.3668
14.0911
13.8551
11.7063
10.8069
5.93353
9.72206
6.10173
10.5914
13.108
12.0488
8.57534
11.2713
13.131
10.2528
14.849
14.7191
14.2619
13.1351
8.61846
6.26605
9.72765
11.2895
11.7148
4.95344
9.129
11.0504
13.9232
10.4097
12.1474
9.77297
10.4497
11.7693
12.3209
12.8453
13.9316
14.3379
10.1164
9.1552
11.7515
14.8751
8.92288
11.7307
9.04132
6.74883
9.75623
14.3111
8.79695
13.0976
7.94067
13.4702
13.8005
14.9314
14.8323
11.3952
10.1718
14.2465
12.1442
13.4516
11.0467
14.7073
12.3075
11.4405
7.32143
13.1233
8.57186
9.36875
10.349
12.9895
6.65033
14.5347
10.5559
9.90491
13.0503
14.0475
10.2079
10.1085
8.3251
13.8286
14.4985
10.8707
12.5108
13.9274
8.92757
6.05319
9.94217
14.118
13.6967
12.534
13.3197
10.3915
10.0197
9.26699
13.4158
14.8873
13.9496
11.9381
12.9501
14.2227
13.1349
14.1497
11.5754
8.28235
9.92772
12.3272
6.22318
10.6184
13.8181
8.9237
14.0646
7.39517
13.3314
10.0031
6.04421
11.8414
14.4312
10.5638
11.9082
13.4081
9.60326
13.5449
11.6588
12.5051
10.6019
4.77838
9.85462
13.9307
14.2377
10.0094
8.39158
11.6288
14.7803
11.7013
10.0539
10.6006
10.9846
11.7522
4.96536
8.83967
11.0246
11.8791
8.15806
13.1164
10.0989
12.6797
11.5812
12.3582
13.9574
9.22317
13.8847
10.2005
14.4778
10.8388
10.2507
13.5328
12.4855
5.39888
9.48358
5.24112
8.92755
11.2089
6.4044
9.63811
10.8566
11.7978
11.1084
8.81513
11.7316
10.307
11.5629
14.9928
11.4039
13.7574
14.1275
11.658
14.9666
13.0549
14.8796
13.3138
9.37985
5.7306
14.6498
13.6658
13.8581
11.7515
14.8932
7.0658
12.2885
14.8016
10.5273
11.9911
7.39669
9.81864
14.11
12.7982
11.8163
7.01959
13.2915
13.7619
9.45442
12.7364
13.6396
14.0189
8.21463
10.8891
9.4425
13.8497
12.3187
10.7904
14.0885
13.7536
14.7928
14.8476
5.93341
11.8616
13.7792
10.0377
9.45496
9.83648
11.8939
12.2768
13.7264
12.9198
6.6595
11.1902
14.0476
8.87963
6.93897
11.415
9.31299
12.7228
13.6922
12.6242
13.136
12.8837
13.3954
13.6871
6.35505
14.6349
11.6206
13.3964
9.58617
8.59796
13.6764
11.7945
11.7931
13.7371
13.1257
10.1015
8.57491
6.45789
12.9017
14.067
11.7542
8.72616
14.5005
13.0028
11.0588
9.47545
13.7229
11.5174
10.9491
7.33413
10.1141
13.9375
8.88083
5.91208
9.67039
12.0557
14.8081
7.51908
13.4813
14.9358
13.7717
8.68081
6.13978
12.0195
11.713
13.6488
11.0632
12.5602
10.7946
12.8849
11.6846
14.6717
14.5293
11.526
8.92037
6.5184
9.94809
10.5978
9.99627
10.2144
8.88064
11.737
8.62731
11.847
10.4173
10.4845
10.1604
13.0296
12.4821
12.6169
14.7419
13.2445
9.75206
12.1464
13.3049
14.2339
13.0563
13.2969
11.0211
14.5756
12.5499
6.5078
14.8266
6.94665
11.8906
10.6921
10.0958
11.0379
10.5687
14.5836
13.0891
11.9154
6.40169
13.2591
10.2973
11.0143
10.269
14.7952
14.2377
14.2182
13.2896
9.96686
11.3465
13.3332
8.76169
13.4958
8.63237
8.99358
11.342
13.9387
12.7243
8.85665
10.3336
14.5459
10.6097
7.35163
14.0289
8.72943
8.22098
8.31292
14.1292
11.7305
8.1368
11.8414
13.1137
13.1355
5.48737
8.51428
13.1233
13.8462
12.4762
12.9865
10.9606
10.624
4.96212
14.3744
12.2993
5.51408
14.3928
9.75196
10.2957
14.122
14.882
10.9309
12.0986
9.23249
12.1894
12.1583
10.6102
11.8374
10.479
12.1175
13.4893
10.3432
12.0511
11.5022
13.5005
14.1329
8.42247
10.1936
13.0686
14.7222
11.8492
8.43941
11.4787
9.72116
11.7343
7.08062
9.86897
6.78102
9.85266
13.8788
8.14006
10.3808
9.06354
8.77533
7.12325
12.0398
13.2622
11.0094
7.27996
13.0542
12.619
8.53349
8.27686
14.4495
14.2991
11.325
14.2578
12.5439
12.5274
9.36997
6.56406
8.12049
13.3761
8.35779
8.15695
13.9756
14.507
13.9184
12.5117
12.7513
14.5832
12.1614
11.4318
13.5726
11.7847
9.55465
10.8931
7.44831
11.6508
12.594
10.2805
8.57543
10.0739
10.9815
13.2534
14.7291
14.735
14.7134
7.88816
8.55792
13.2642
10.0984
12.8235
13.438
12.3302
9.33156
7.78603
10.4917
13.1137
12.7284
13.9396
11.4436
12.8926
7.93728
11.298
13.4074
7.50723
10.6978
13.7074
14.8024
13.6709
10.1155
13.9293
11.0226
11.6532
14.2944
14.6486
13.6453
14.7917
8.7324
11.2969
13.0371
13.6424
12.9086
8.64742
10.1064
6.12792
8.74525
12.6561
10.5804
11.7615
14.0856
11.0196
12.245
7.79346
14.364
10.9568
9.92172
14.2538
13.1539
5.81138
8.43116
9.74351
9.92203
14.2086
13.144
9.90311
8.69867
7.04954
13.0704
14.8172
13.905
14.2061
12.3577
14.9586
14.2672
6.29682
10.913
6.87902
10.3021
14.7621
8.69401
10.4099
9.72889
14.1712
13.7286
9.19295
14.0525
12.0502
12.7106
14.6465
9.256
11.7435
10.8852
10.2059
12.3488
10.194
13.1727
10.062
10.6478
13.4167
8.53252
11.6161
14.0389
11.4278
8.84925
10.3022
12.9536
14.5777
8.67252
12.0615
13.6885
14.8002
13.247
13.1486
14.8921
12.1913
13.3208
12.5675
9.89526
8.78706
11.7785
14.5153
8.63898
14.4046
10.4839
8.976
9.66093
14.2418
14.8099
14.8647
11.9745
14.9695
8.89603
8.55325
13.2362
11.2666
11.0257
14.1417
7.47845
9.09858
10.5758
13.1738
8.80074
8.89773
10.4489
14.2622
10.2123
14.6157
10.639
7.76878
5.15787
8.00451
5.53811
10.4289
11.8545
12.6904
6.60053
12.3273
14.5056
14.3845
13.9014
6.42418
12.921
13.1255
10.2708
14.2745
10.5828
13.2283
10.0221
11.4422
9.0767
13.6818
13.2907
12.204
9.87435
5.9512
14.8056
8.68259
10.0131
14.7191
14.0479
12.7145
11.3191
14.2796
6.27212
14.3033
5.21832
13.9085
14.0663
7.42187
10.8933
14.4411
10.2502
14.1851
9.81294
14.9856
14.8498
9.11408
6.56238
14.9623
9.33089
10.4038
13.0071
13.6602
5.59254
8.42599
10.2264
12.6668
11.3682
14.1871
6.19805
14.6353
13.8079
5.76961
7.65247
11.0218
7.47205
10.7215
8.35729
12.2145
14.7305
8.95035
11.279
12.7528
12.2865
14.4077
14.2478
6.10285
8.33694
14.9985
13.453
14.7448
8.70623
5.32262
10.6559
12.1739
10.3094
8.62647
13.112
8.92682
13.6571
11.1134
10.2937
14.2916
10.7162
12.0457
5.73163
10.5365
13.5749
11.573
11.9089
10.7504
14.1118
13.292
14.9185
9.01348
13.0101
12.8588
13.9582
11.7341
11.538
14.5551
9.74412
10.6505
11.4379
11.0149
13.6208
8.13765
6.70237
12.3954
12.9469
7.55932
12.175
11.0647
7.36451
11.5721
9.56196
9.68985
11.8053
13.969
14.3785
13.0698
14.0393
13.3111
12.4871
8.1231
14.1559
10.692
14.2338
6.76692
13.8083
12.892
8.90693
12.7772
11.5755
14.827
10.5949
11.6214
4.95977
13.5947
10.0668
6.49316
14.8236
14.6666
10.0605
6.41749
8.32184
10.1351
14.1752
14.015
11.042
12.3647
14.3522
14.7591
10.365
11.6339
8.70823
10.0734
9.88751
10.5917
12.9067
13.1142
10.9359
9.81569
12.5531
12.3362
6.86486
8.97518
6.73192
6.12098
10.9661
10.5976
12.9899
11.8449
9.83327
10.3298
12.5742
13.4282
12.3312
12.2515
11.0562
14.0034
14.811
9.79294
10.8999
12.5452
14.4441
9.81959
6.55455
14.7832
12.7999
11.1282
13.8778
12.2802
7.2145
11.6496
9.09038
6.94161
13.6928
13.0224
14.0795
14.3889
14.6344
6.54916
8.67728
14.5702
13.883
9.00692
8.64799
8.7297
12.6508
14.1442
12.8435
13.1211
8.93857
8.4263
12.2562
10.2817
8.51749
14.3359
14.8112
11.4126
9.43986
10.1547
14.7452
13.7462
11.0027
10.657
8.99152
14.1667
10.1569
13.7994
14.7624
10.8862
12.1318
11.0884
10.6322
13.0964
14.3442
11.9536
6.45875
10.8165
13.6856
11.3705
14.2296
5.56345
10.8427
12.1388
11.0039
6.41473
11.0929
13.6467
13.4967
12.773
6.27777
13.4281
12.9596
12.827
12.5009
14.1797
8.13534
12.4341
13.1156
6.48293
9.05152
10.7937
12.3281
6.39784
8.51554
6.04337
13.738
11.5973
6.87482
11.4393
9.38931
9.17917
11.716
13.2279
12.6245
13.2212
11.827
14.1581
9.87066
10.6324
10.4815
14.2483
14.2007
14.5301
10.1406
11.8718
9.07904
14.7864
12.6711
8.94245
13.9547
11.4237
13.1227
12.1594
14.05
13.7525
6.107
14.3855
13.4216
14.8627
14.6724
12.4607
14.2476
11.5444
12.5738
9.40201
12.2374
14.5844
11.3938
13.198
11.4978
14.3947
9.14952
13.7699
5.21957
14.6561
12.0615
14.6384
13.044
8.30859
5.60859
11.9218
14.7921
8.55697
10.2606
5.7477
8.50953
14.7532
10.0287
7.55239
5.83651
10.5624
14.0234
8.27871
14.2929
10.6707
14.5424
7.70202
13.941
9.94175
13.9811
10.4578
14.852
13.4716
11.8716
9.42992
12.0643
12.3755
10.8
8.89654
12.0818
11.1641
14.7036
12.131
10.0928
6.9801
10.2222
14.9386
14.304
12.2211
10.3252
8.4621
9.441
10.927
10.7687
9.38839
9.80802
14.4965
12.0857
5.13493
14.8221
13.9262
5.33791
14.9548
12.5138
14.5201
12.2485
12.014
9.22607
12.5022
11.3705
12.8564
4.51762
14.4261
13.312
6.79104
9.54834
5.95239
9.90355
5.85316
8.74184
6.38895
10.1127
10.7209
5.77844
7.39904
8.2795
5.92339
8.46735
10.7918
10.6394
11.8788
7.80955
10.3617
14.3749
10.2883
10.7176
7.30898
6.64141
8.63364
13.8404
14.2318
14.8668
11.312
11.6885
8.58336
13.0106
11.5325
6.72013
10.777
10.0087
13.1606
14.9303
9.07207
6.79174
11.4553
6.69502
10.2263
9.68321
9.91032
6.53161
13.0151
12.1611
9.80429
11.0831
13.5165
7.02914
11.5473
10.1166
9.36916
10.3276
12.2573
12.7931
7.07884
9.20414
13.2125
12.4367
9.92515
14.1638
12.5799
14.6583
12.1723
6.61977
6.99202
14.9684
9.34258
13.2701
14.6838
9.42275
9.18662
13.6989
11.3862
14.4792
13.4203
9.94838
12.2858
13.5833
13.8156
6.32855
11.1285
10.1485
13.4209
13.9384
12.0642
10.4126
13.7197
13.0204
11.2097
4.62619
13.3901
10.6594
13.5115
13.1642
9.72162
14.004
13.7554
7.52618
11.6147
13.3034
13.7836
14.7773
10.6208
8.13749
12.5047
6.37835
5.4124
12.236
7.05848
6.13592
11.3848
13.9906
13.7469
11.602
13.3884
11.0045
14.1285
5.23416
10.4252
13.4828
11.4118
10.116
9.6617
12.6937
11.4337
10.8905
14.241
11.6084
11.6584
11.3151
4.78002
12.1034
10.9007
12.9876
5.39704
13.0102
11.4393
14.9012
13.6628
13.1228
13.5922
10.8513
10.6701
8.95173
11.59
14.377
12.434
14.8714
9.64277
13.4952
12.5369
14.6142
12.5494
14.671
13.9114
13.0047
11.1386
8.12715
14.1476
13.0078
7.14169
8.05756
14.4138
14.3854
14.0536
13.9897
9.87314
14.6604
12.5352
13.5314
10.7565
14.6497
9.06202
6.52397
14.3937
14.705
9.38473
13.302
14.5743
13.402
13.7864
10.5923
13.6267
14.0742
13.4899
11.8751
8.83952
13.1565
9.69508
11.7149
8.59429
14.3381
14.8271
10.6655
14.1211
11.8767
14.2305
11.9692
9.11032
13.7888
13.3099
14.7023
10.7158
14.9025
9.95227
8.76051
8.62682
13.6123
13.5023
12.5509
10.7434
8.65183
14.1188
14.1441
11.5628
13.531
12.7678
14.4183
11.8764
10.7485
13.1682
8.50263
13.6336
9.95809
8.32559
13.1966
13.7441
12.6323
12.3519
8.85107
10.3583
13.262
10.7527
14.2654
11.6198
10.3789
11.8412
10.0542
11.2281
11.5277
12.4853
10.0421
8.41031
13.76
13.9197
12.0969
10.372
12.7089
9.13831
10.9611
10.9274
13.9157
11.0539
14.7368
12.0787
8.1271
9.32674
11.2498
14.1631
12.0647
13.4779
6.37367
14.2595
12.4545
11.5764
13.8985
10.0015
13.5965
13.9786
14.2419
14.753
9.20313
8.55168
14.8187
8.50586
11.9856
11.1101
7.3394
12.7219
11.7005
8.99107
14.7928
5.64599
9.43271
14.4525
14.9185
13.0689
9.99507
10.8121
13.3504
9.86203
12.3414
11.3326
10.082
11.8619
14.4157
9.25509
13.815
14.5941
12.5132
12.282
10.493
13.0854
10.8635
8.74113
14.3806
13.4133
12.3365
14.3134
10.3566
6.44115
13.7708
12.5403
7.505
9.81489
13.6262
13.4107
6.65427
9.82672
14.3509
12.3524
13.9063
8.42837
13.1431
14.2787
14.5651
14.4364
10.6645
14.364
14.556
11.5582
13.1543
13.0995
12.9794
14.5958
9.61906
9.09807
12.0889
14.6036
13.3385
12.7728
10.8276
13.4086
13.3148
10.2244
12.5379
9.54117
7.84735
10.8962
8.58321
13.1427
9.55138
13.4991
10.0373
8.8198
14.2574
11.3588
11.5855
14.2027
14.8532
11.7896
14.8542
14.4972
13.3571
7.78911
8.60136
14.0648
11.36
10.7079
10.9695
14.0051
13.4088
10.456
5.62633
14.9245
13.4058
10.1656
13.8383
11.0399
10.7066
14.1751
9.46841
14.5437
9.21849
10.7332
6.24256
12.9651
13.9729
11.3129
12.8203
14.7512
14.686
14.6631
9.43039
11.9215
12.5811
10.991
12.5362
9.34124
12.7387
13.3754
11.1698
7.89939
14.7745
7.16284
10.4808
12.1928
12.5829
13.4366
14.6438
9.68549
14.6956
13.7317
12.9018
10.9944
10.1105
12.6981
13.5975
11.1763
12.9062
13.9208
9.63317
11.809
11.3333
12.7263
12.9258
14.6525
6.03017
9.14696
5.54741
14.8679
12.6597
9.17798
14.6102
11.029
9.28328
8.80139
14.3615
8.74494
12.7096
9.9883
14.4387
13.0784
11.9978
13.4203
8.45652
14.4038
6.04653
12.6852
10.0867
12.4468
9.74744
9.84136
9.29391
11.9536
12.2724
10.8291
14.3825
14.5412
13.583
9.37269
13.8776
4.87275
13.9281
9.69859
11.7142
10.8031
12.3469
8.78968
10.8695
13.5262
5.70719
10.0776
12.3758
11.0866
9.90486
6.25605
10.5149
9.66574
11.8336
13.4215
12.2271
8.6317
14.0985
14.8287
7.07949
12.8584
14.7098
12.1345
11.9651
9.80696
13.4583
14.9771
11.6311
9.5901
11.1699
10.7875
10.4594
10.0743
9.83661
13.773
13.9127
6.26137
14.2404
13.9439
12.5958
12.7904
9.96126
8.84107
9.5207
13.0004
6.18351
8.20144
9.80354
6.7991
14.3911
14.6544
9.93724
10.367
10.2483
9.83574
10.4174
8.62531
12.8451
13.9307
13.9698
13.0385
14.267
14.3922
11.6529
6.7337
10.047
10.4036
14.0703
6.24892
12.8346
12.1912
10.3775
10.2661
11.0049
11.9983
8.4964
8.80896
14.8358
14.3641
11.3818
10.7186
14.4016
13.3965
9.04408
13.7641
14.8275
13.0216
14.7032
12.1491
10.5769
6.68216
13.6461
11.625
14.9273
13.1136
14.7267
8.65821
12.4596
6.13117
14.2829
9.11627
12.3537
10.3594
14.5045
8.45945
14.2237
13.6633
12.7199
5.84748
13.7384
12.7675
9.75272
9.86407
13.5445
11.5813
6.55534
13.8769
8.54643
11.9453
6.1998
14.0042
9.77027
12.7596
13.7623
9.11444
10.357
13.0087
11.2773
14.4947
11.1075
13.802
9.58165
12.6287
13.2019
8.42507
12.2274
9.23335
14.1646
10.7519
10.3685
11.3495
13.6855
10.0516
11.5077
9.52656
14.1338
10.1424
7.29231
14.2481
14.4196
13.0042
14.4512
14.9814
12.8754
14.18
12.1396
8.0195
10.5986
14.8259
10.7825
8.40396
6.16019
9.06971
12.8906
12.2313
8.25711
6.98868
13.729
13.0879
10.5404
10.9663
13.5052
9.28075
8.16962
11.0669
13.7614
13.395
9.30707
14.5999
12.1452
14.9672
10.9734
9.16229
10.0921
12.0851
14.6947
13.4256
11.8907
12.1422
6.19921
12.491
8.73981
8.96888
10.4205
11.8048
13.8041
12.4603
13.3496
13.1195
14.655
10.992
10.1282
14.7672
14.4539
10.8768
11.9381
5.64632
12.5725
12.5988
9.71667
9.58298
11.2431
8.72521
5.43319
9.84034
8.51681
14.452
11.2845
12.2161
9.1278
14.5152
14.2055
14.7742
14.8921
10.208
14.6845
13.6586
9.79693
6.80008
10.3709
8.36398
10.287
9.97866
11.96
14.4654
11.8107
11.7707
8.86331
14.4751
13.6239
8.99852
13.3657
13.307
8.87507
10.1737
6.63577
8.72727
9.63679
10.618
10.5773
9.92328
6.88351
11.7675
13.5705
14.8159
11.3594
13.6546
9.14885
13.6576
10.8955
10.0917
13.869
11.6612
13.9821
10.1159
12.5437
9.91693
13.3961
13.1514
12.1862
11.6155
11.973
10.6167
13.6121
12.9122
11.7768
13.9463
10.2906
12.9586
13.7205
9.72364
6.38764
7.04966
14.2007
12.1722
11.3666
13.5482
11.2606
5.23821
8.38426
11.8434
11.7759
10.6003
12.976
12.4653
9.91549
11.1394
9.42959
14.4014
10.5508
10.0691
9.98361
11.6199
10.6383
10.4821
7.35909
14.5062
14.0789
8.83579
11.3884
10.6385
11.7798
10.2361
8.91985
11.7927
11.5344
7.85428
12.9932
13.5878
8.52819
8.37447
13.3506
12.4988
13.0223
11.5123
14.546
10.2079
12.4121
11.9139
12.9903
14.7381
13.1713
7.21808
13.0596
12.6485
14.5087
11.0032
12.5536
12.649
14.1567
12.0342
13.2475
10.9992
9.61668
13.367
14.2126
10.7126
8.96883
11.4168
11.3238
11.1396
13.3883
14.9919
8.28893
8.26139
8.07043
6.20388
13.9894
10.7911
14.6021
14.7892
12.4449
6.75461
14.6749
13.2992
9.16402
11.6322
9.81663
9.19183
11.1157
13.8011
11.505
10.1303
9.9122
13.8049
14.1419
14.3369
14.3901
11.0741
5.85574
14.264
7.23561
4.88905
8.35922
11.1357
14.4783
5.73808
12.6514
6.24528
14.0975
9.94927
14.9611
10.0135
9.61565
11.4159
13.4188
9.74134
9.80358
12.1307
14.6599
12.7414
12.4483
10.2655
9.70886
13.9709
8.40785
10.5496
8.56267
10.5892
12.6459
9.67239
14.0513
11.4011
7.92771
14.3579
8.71854
12.5852
7.76961
9.05139
12.2092
13.6421
13.7914
14.8119
8.72239
11.0405
9.75335
6.19724
5.98014
12.6954
12.738
13.8619
11.2391
11.3712
4.45546
6.80501
5.96476
9.62005
13.146
13.9424
13.5019
13.8517
9.77526
10.2979
14.9658
6.90251
7.20072
11.9915
9.4942
11.7501
11.5515
11.9506
11.4718
13.5304
7.17164
9.91428
14.9346
10.1063
13.7537
9.53119
13.161
14.8717
11.3603
12.2722
9.75365
5.10256
12.1605
14.6999
12.4159
12.0023
14.344
14.7994
13.8968
11.924
10.4931
12.7657
14.1889
8.05399
11.9779
9.13014
11.1159
14.7912
13.5278
13.3845
13.8467
10.4691
13.8852
14.5727
13.8764
14.9275
10.3228
12.3815
14.5777
11.7884
14.6672
14.7865
9.96668
12.3579
11.0691
14.9637
13.6946
14.711
13.7592
14.772
10.7855
11.1075
10.4481
7.91501
10.4174
14.4509
8.56386
6.72871
10.9456
6.06676
10.4724
13.3461
14.1964
8.61639
12.7833
11.3921
9.60197
5.90385
9.53353
14.1424
10.2567
6.45347
10.194
14.6825
13.4893
13.381
12.4021
10.1245
13.8919
10.812
8.60204
8.66252
9.40375
14.2856
11.4693
11.9324
9.93667
12.3772
10.6037
12.3433
14.1358
11.8527
12.021
12.7941
13.354
13.462
12.5677
9.77939
12.9859
14.2362
8.12534
12.7051
13.6427
12.3795
6.23
8.52143
14.9199
14.9831
12.9969
12.9346
9.91254
8.50692
14.3891
9.8553
12.9054
12.6189
13.5452
7.53305
9.90526
10.1199
9.21033
13.9229
8.22252
14.0333
11.3337
13.9153
13.8374
7.5486
12.6793
8.48631
13.1977
9.99403
13.2206
12.0034
14.6449
7.8095
10.387
11.8634
13.1733
10.3053
12.0624
12.2452
14.3562
14.8336
11.176
11.4123
13.1815
11.1788
14.4054
14.8777
12.2868
12.1357
6.55893
14.5585
14.3142
12.4732
12.5955
10.4764
10.055
9.27639
14.5093
8.82458
8.70117
8.64533
12.644
9.89191
9.61019
14.5555
10.6144
12.3241
10.1558
8.74371
14.6543
9.86357
6.08601
9.83925
11.7613
14.9918
9.75482
10.9796
8.64907
9.74331
12.9664
11.8981
13.6962
11.1534
7.68914
11.1633
14.5503
4.38017
9.53943
14.5775
14.5887
13.1584
9.92391
13.8936
10.8849
14.1247
10.5222
14.3994
11.6592
7.79679
13.5553
8.69658
12.2402
11.52
12.2098
6.47003
9.53874
10.0654
11.2168
9.03311
11.9904
3.43816
14.0533
11.9691
11.7135
10.775
14.6769
13.7149
14.3856
13.9234
14.4207
9.88397
10.147
10.8204
11.3975
12.3863
6.30976
13.733
9.53289
14.201
9.00597
13.1829
14.9848
10.2549
14.5805
8.14855
7.90375
13.0383
13.428
10.0341
8.37694
12.7218
5.54276
13.0558
10.7529
6.13437
12.3953
13.7134
11.6623
7.60604
6.46584
11.4633
14.188
12.5828
10.1643
11.594
11.1379
14.386
12.0924
12.8915
6.31615
13.8826
13.6999
13.4151
12.4788
11.2201
12.7592
13.4176
11.0294
13.5967
8.7853
5.99449
12.5274
10.5024
14.1897
14.5924
13.7104
10.7353
9.04553
13.5845
5.44965
12.1125
12.3478
10.8563
11.1905
11.5727
6.06495
7.60152
13.2143
6.79328
6.28959
9.63456
12.6536
11.4606
13.6642
14.0417
14.673
13.6902
14.2809
14.7172
12.1216
13.891
12.1225
12.1084
12.2161
10.7078
13.6498
9.30755
5.81549
10.0689
5.54703
6.53535
8.43194
10.6201
9.83024
14.0143
13.2298
9.9481
10.7263
14.6133
11.6768
11.5309
12.5526
13.632
9.54823
8.73163
11.1986
11.5148
9.33479
7.88697
13.8153
13.9555
14.988
4.48716
6.05949
13.5688
9.40683
9.47533
14.3218
12.3504
14.2728
12.3721
11.3687
11.8747
13.6745
14.4435
9.89153
14.2682
13.5882
13.2967
8.83501
8.23316
13.074
10.0539
9.93996
11.5468
8.38697
9.69786
13.585
13.5211
6.34309
12.3215
14.3383
12.8535
8.42719
12.0681
9.93401
6.08946
8.75318
13.5595
10.0846
9.17681
5.99851
10.6198
11.6773
13.2336
10.4416
6.07634
9.72017
12.1475
14.1495
13.386
14.9645
12.6698
14.3927
5.38436
9.53988
12.628
10.6117
13.3367
11.2463
9.53636
11.0366
13.1064
10.05
12.3032
6.03647
9.96408
6.29604
14.4428
10.3949
10.3266
8.34602
10.4332
14.203
14.4465
8.35049
5.77524
13.8577
13.1669
10.9002
12.2064
11.7504
14.7589
13.3138
12.2464
13.3472
13.7604
14.946
13.9678
11.4059
11.0995
13.3336
8.82902
12.4637
6.37257
12.4819
9.10275
10.18
9.6986
13.1625
14.0892
10.9662
7.52082
10.9667
8.1987
12.9221
13.7161
11.3584
10.1772
11.7894
5.61808
10.7277
11.3787
14.8123
4.1547
12.5678
10.3871
10.5583
9.19984
10.3843
12.7145
14.5013
14.3945
13.6036
10.1959
11.4876
11.6294
13.1645
13.9692
14.185
12.445
13.2052
12.7603
11.5999
9.59546
13.0895
14.6138
11.0035
14.4073
13.334
8.75691
10.6667
5.73199
10.1554
14.9465
7.19293
12.5704
11.0664
9.79822
10.2221
13.0438
9.56043
6.28396
10.9201
12.5813
13.2272
8.18838
5.49194
9.39964
11.7715
10.0515
8.28651
14.3669
10.1204
12.1584
10.8959
10.4193
12.2379
4.82447
14.9297
14.3581
13.7379
8.68686
9.84349
11.6581
13.4291
10.4584
13.5263
10.1005
13.5029
12.8251
14.466
14.1889
11.1941
11.3685
12.2529
13.0371
13.5928
11.7539
6.72745
9.47242
14.5784
10.7022
10.1438
13.0304
12.8172
10.6123
12.7515
6.43388
14.1379
13.5198
13.5768
11.5682
14.6104
9.82622
11.0951
13.5222
12.3213
9.41317
12.9955
12.4224
14.318
12.8714
14.1969
6.84103
5.72652
14.7385
9.9022
11.8992
8.68845
13.6217
13.7194
14.5724
14.1793
9.74815
8.82849
6.60816
11.4357
14.4658
9.96741
12.4381
14.5225
9.0723
5.87944
12.6378
11.788
12.3744
14.0583
12.0734
12.0062
10.0906
5.08213
9.95604
9.91945
14.4866
10.0826
12.8806
12.2994
13.7829
12.4452
14.3406
10.5078
12.4297
8.95398
14.063
13.7688
8.48438
12.1789
8.64093
10.2877
8.16695
14.2428
14.3195
8.81405
5.70832
14.9582
7.24965
14.211
14.8603
13.5507
10.1577
12.16
13.9258
13.1602
11.077
8.55961
11.2235
13.5862
13.3264
6.00912
13.1269
11.8676
5.50221
13.1837
13.1303
13.851
13.4608
14.4485
13.9151
9.1676
12.6734
13.3509
14.0804
8.05769
8.44223
8.997
11.1238
6.1036
9.35317
10.5426
13.1411
7.15182
12.5666
13.7906
11.8212
12.3208
14.5352
11.1733
14.013
8.41194
11.2445
13.4511
10.3656
13.6565
12.2986
8.66253
13.4938
12.3324
9.1074
7.29167
12.0398
10.4962
11.1315
10.8638
14.7706
8.37743
11.9861
12.1061
10.189
11.6337
14.1623
8.7307
14.7403
6.41965
9.6555
11.0924
9.02014
13.5603
7.94697
11.3376
9.60041
5.47255
10.4296
9.96994
11.8525
8.56049
13.481
9.04028
13.1998
9.78329
8.0031
14.1652
11.8814
14.0735
10.2925
11.3924
14.328
10.3961
14.1046
12.4188
10.488
6.21862
14.2479
14.2756
13.2292
14.1499
11.1837
9.74106
14.6478
14.6248
14.7501
10.9746
11.1331
10.2346
9.29514
10.8475
8.92526
12.9197
11.609
14.112
6.06573
12.2056
14.3871
6.14423
12.2887
14.1888
6.53322
5.8364
6.35483
9.37862
12.0802
11.9649
7.8232
7.45107
6.51199
10.0045
12.3596
8.25844
11.1385
5.77052
9.06679
6.28708
8.74028
14.2185
12.5992
13.6504
10.9746
8.81806
12.0535
13.502
9.5815
10.2498
8.98082
10.2083
12.4977
12.5335
10.4302
8.96204
5.86141
8.80251
12.6212
8.547
14.7745
13.3981
14.1654
12.9594
12.8361
8.75257
14.7118
10.1676
14.3176
11.9449
6.01683
12.7905
13.1119
8.89993
12.7725
13.9877
12.572
10.7787
8.58427
12.8462
12.4776
8.53016
9.71922
13.6016
9.8802
10.3349
13.0455
5.96436
8.61431
5.92173
14.2916
10.0403
8.35254
7.95783
6.76985
12.9641
11.7482
11.7606
11.3892
9.97081
12.9879
11.8426
12.0723
9.0366
5.23261
11.4202
8.92437
6.11256
12.3348
10.2157
5.67641
9.62767
8.90844
10.8369
8.45349
10.1041
13.9711
10.541
12.867
10.7423
9.62702
5.7918
6.92512
13.8276
6.01821
8.69528
11.1392
11.9391
13.4223
12.7527
5.55348
13.355
10.3661
12.9344
13.0367
11.8721
8.40844
12.5536
14.1712
9.79609
8.50744
14.1397
9.28438
10.1399
8.82894
5.62724
13.249
8.66598
9.09994
8.83711
11.7083
12.0002
8.62572
6.01934
7.07843
13.0366
14.8962
13.0732
5.88272
9.53908
4.82638
12.0698
12.557
11.2139
9.31166
14.6691
11.051
11.1885
12.3067
14.2881
6.07317
14.6524
13.7109
12.2892
8.04378
14.5741
9.907
13.9615
12.4322
10.9062
12.3361
5.30289
8.8126
12.7193
13.6503
13.6536
12.8206
12.4506
14.9694
9.75118
10.0221
12.7173
6.47424
11.0952
12.8553
9.90986
11.7768
8.03192
9.78296
13.3144
7.27606
13.2679
13.2879
14.1192
9.40898
8.33953
7.63905
14.2217
11.7263
8.81101
14.3722
13.0786
14.6534
14.6822
5.52023
8.22234
13.2519
10.3477
10.1375
9.67785
12.7016
7.18653
8.54492
11.0096
8.86445
7.17508
12.4604
4.80973
9.04313
9.73906
13.1936
13.7332
8.93043
7.92053
14.7708
9.98028
14.9219
10.6271
13.125
12.5843
10.0643
13.3056
13.8843
10.4984
13.0426
14.2183
14.48
8.89377
6.45885
12.1271
12.1349
12.5591
14.3241
6.15498
8.68825
14.1996
14.2313
14.3954
7.36528
14.8295
6.1183
6.15941
12.2352
14.2899
8.58557
10.4393
9.3426
10.8594
11.9347
9.97228
13.2986
14.6127
12.6636
11.9422
14.3595
13.5515
14.3633
12.2126
6.14296
10.5148
13.8025
13.052
7.60043
9.14859
14.2045
14.5222
8.5224
13.7206
13.6184
9.33746
12.729
9.99699
11.2713
9.16637
8.59128
10.7807
5.7591
11.2188
14.7218
14.7286
12.2076
10.598
6.26876
10.5907
13.7883
9.76525
11.3485
12.7809
6.05678
9.75368
12.5124
14.9916
14.555
5.77518
14.4104
10.0314
10.8965
9.99155
12.29
14.1112
12.4009
12.3581
9.88168
8.63114
6.04501
14.1263
9.82128
9.90604
14.3259
10.3462
9.56866
13.5557
14.7457
10.3692
7.92083
9.56851
13.5327
13.9979
11.3297
14.477
10.7331
14.2152
12.0329
13.3018
10.4362
8.54995
12.2864
9.7363
8.55048
10.587
11.3605
12.7138
12.8038
9.00127
11.9498
13.7793
9.12278
13.9574
14.6141
9.26307
13.077
7.64673
11.9009
12.3064
12.8307
10.7664
9.91859
8.70933
8.49241
10.8759
14.1305
6.28155
13.7743
14.6408
13.6626
11.5104
13.4508
11.2033
13.1584
14.2306
11.6976
14.6913
10.6887
14.3318
14.0805
13.0265
10.346
11.087
13.5108
12.734
12.9922
12.163
12.3026
14.6671
14.3664
8.74123
5.96673
10.6592
10.0582
13.0371
8.58594
9.4002
11.3967
12.1427
14.67
6.77141
13.263
12.6575
9.12231
13.4857
14.7634
9.93405
10.0674
9.08696
12.3082
9.4193
14.939
14.7521
14.9414
12.9777
14.527
7.59738
9.04613
7.53266
13.2405
10.7976
14.2065
9.92999
14.5906
10.1809
9.36229
14.0256
11.6229
10.28
10.0596
12.973
10.3267
14.7968
14.1551
14.8146
14.4941
9.66905
12.9512
9.33514
14.5708
13.4983
14.5792
12.4087
12.8961
14.4628
12.8038
11.4959
7.83092
13.1641
8.95524
10.6013
10.0164
8.80968
13.339
12.9065
14.7245
9.63025
8.48524
13.3563
10.2347
14.5862
13.9023
8.07723
14.1945
13.7371
6.91341
13.3339
6.18102
9.20209
12.5158
13.0482
8.77651
10.7497
9.76806
10.8426
7.61306
13.6489
13.7982
9.20979
11.8332
14.4137
13.7002
10.5799
9.82309
10.2663
11.1496
14.5715
9.8419
9.12757
11.7553
12.6995
14.3539
14.3032
7.09729
8.71175
9.72485
9.48381
11.7474
12.6596
14.6745
8.94559
11.3136
12.5805
13.6897
14.6765
14.395
13.4662
11.1536
11.6899
13.4691
9.54912
11.2015
14.3182
8.09363
7.96617
12.9365
14.2629
14.4237
6.31312
12.1834
10.6628
14.363
9.62081
11.3961
12.7045
9.33582
12.4861
13.4799
9.521
8.71846
13.7883
13.2014
8.59543
6.23412
12.3832
14.0621
7.65988
10.1387
10.1247
14.4017
13.3035
10.3974
8.65118
11.4263
8.64701
9.93005
6.04211
12.0246
14.1592
12.2328
12.4158
12.6395
11.4352
11.0026
8.4623
8.49977
9.8104
11.4572
13.9741
14.6009
11.3254
14.7988
11.5907
10.873
14.1224
10.024
14.4869
14.4117
11.6398
8.24731
14.4085
9.51316
13.7726
10.1001
14.0555
6.43769
12.5636
10.0953
12.4931
14.3953
10.4329
11.8769
8.9842
14.6097
5.0498
10.4282
8.79688
13.8866
13.1919
14.0403
11.7861
10.3877
8.84327
13.3811
10.3075
7.97724
12.4568
12.7663
9.82454
13.0096
9.43083
14.377
9.84204
12.5043
10.5517
9.4781
8.96294
9.72965
12.369
10.5057
5.85962
7.44938
8.88176
14.7558
13.3836
12.9423
13.8427
14.022
10.9042
14.6476
8.81645
14.7305
12.8756
13.9958
13.9859
12.642
14.2798
8.83049
9.05255
6.42281
9.85391
13.3748
14.64
9.38784
14.2842
9.07191
7.33781
10.3934
8.74352
13.9963
5.64869
12.9747
14.5427
10.478
9.06483
12.9698
5.55838
10.2216
8.76366
12.3795
10.6861
13.5995
9.42241
7.06714
9.89735
14.3362
11.2411
12.5806
10.8588
14.4194
13.0785
6.24971
5.27086
7.53656
14.6427
8.09316
6.12266
6.87753
14.1725
6.07883
12.1483
14.3786
14.9519
12.1885
9.69106
7.29179
9.33858
8.40662
11.7945
13.2076
6.38157
14.8263
11.9956
12.0137
13.7724
14.0153
13.8181
14.7522
14.1734
11.9565
13.5521
11.1515
14.787
14.5392
11.987
10.7263
12.725
10.2732
10.6472
14.3212
5.92456
14.1051
12.646
12.4489
11.7545
9.82184
13.1395
14.9252
6.9851
9.86204
8.68843
9.91292
14.6625
9.91982
14.4662
6.05696
12.8368
12.9806
14.0981
9.91436
14.3177
10.4514
14.6544
6.33866
10.7647
13.8846
8.5323
10.3097
11.4683
9.42796
13.3794
4.32923
12.1999
11.6238
10.0077
11.9144
14.2549
8.94961
11.4629
13.8084
12.1131
10.6273
11.192
9.66297
13.4676
10.742
14.5842
13.2
12.029
13.859
10.0512
13.3294
7.5311
12.1538
11.1958
14.2491
9.83558
8.33632
13.0547
14.2888
10.6416
11.6395
14.6348
12.6714
13.9922
13.8546
9.7976
7.41026
12.5719
14.7492
9.21566
12.8666
13.2087
11.6357
14.2884
13.2822
9.30111
12.7805
14.4759
14.9184
6.08306
10.8873
10.2338
13.0204
9.6599
14.1494
14.9841
11.4434
9.1005
13.8186
10.2954
12.2132
11.6222
10.9352
13.7335
11.5178
12.9442
8.71284
14.2069
8.9016
12.5032
6.84431
14.5295
12.218
11.7917
9.0234
13.8999
11.886
14.4287
13.1933
13.0849
13.1539
12.4349
14.2675
14.4176
9.23383
11.868
9.79701
11.4594
12.6224
14.8907
13.2133
12.0427
8.088
9.25067
4.86155
12.065
12.123
8.68126
10.0366
10.4287
14.9121
14.9268
9.27458
6.62591
10.2565
5.52095
12.2581
9.57195
6.57571
12.3975
13.9908
8.67299
13.1311
11.1479
5.69806
11.3728
10.855
5.61291
6.40099
11.3988
5.84286
7.43364
10.546
9.75631
5.38931
9.54243
13.9722
11.669
13.9501
6.17158
13.8684
9.31036
12.1051
12.7364
7.00934
14.6007
11.0731
6.14108
14.6762
13.5469
12.8425
10.9625
12.1252
5.87076
5.98102
13.0496
12.4521
12.6537
14.4847
7.1605
13.2779
10.4561
12.6685
8.63712
10.2949
11.4924
11.2676
10.2155
13.5357
10.2727
9.64538
8.75212
6.34005
6.16799
10.6583
11.171
6.22923
6.54083
14.5003
13.6404
8.50372
14.0704
10.7958
9.78107
6.51645
10.5221
14.3552
6.26527
6.79491
9.92933
10.4446
7.43771
10.9346
14.7421
6.52906
11.8655
14.8808
11.5368
8.8662
8.73278
14.4105
13.8679
13.1239
10.314
14.3626
12.1373
7.84341
6.83076
9.4711
14.2597
13.877
13.9111
9.6118
13.4417
11.3977
13.7877
10.8025
9.63399
10.1042
8.03963
12.8897
11.1044
13.8223
14.6529
14.4529
14.1083
8.92352
13.9673
5.60114
14.2878
13.4844
10.1811
8.51708
13.4333
9.8653
9.19496
6.87053
11.4616
14.3879
13.5986
14.8561
13.2922
13.2711
12.9088
8.14891
9.02178
13.3462
11.5628
11.0662
10.9277
7.36474
11.5969
12.2317
11.7283
14.4892
6.60003
6.49201
12.9876
8.54288
11.6085
11.7015
14.1935
13.5278
10.4189
12.0258
14.8208
12.2082
11.3297
13.6417
8.85183
8.38493
9.62031
6.23719
13.2356
9.81376
9.59863
14.9284
6.09139
12.2949
14.5136
5.30119
14.3914
9.02384
13.7749
13.2052
10.134
10.1469
14.4353
14.7358
10.1114
6.11183
7.43806
12.0295
14.1107
13.3682
10.6767
7.1558
10.9946
13.9136
12.1597
13.7065
10.0118
12.4466
14.507
8.83169
12.0628
5.80861
5.07895
5.50569
11.4122
13.7304
9.01578
12.8408
11.0073
13.7836
10.5677
14.0039
13.8966
11.3584
13.4115
8.85711
10.6444
9.84301
10.646
14.2938
6.06644
12.3232
13.9987
14.7335
12.5254
12.5289
10.9431
10.2133
11.1201
6.71022
14.0123
7.9289
14.9725
14.8695
10.976
14.4689
11.4911
8.92299
6.35376
12.4105
13.9574
13.7567
14.2536
13.6169
10.0105
7.35288
11.7019
12.6441
14.0403
13.4071
14.2253
14.0037
10.3587
13.5747
12.551
8.59745
14.1896
8.87941
12.4964
13.2755
14.129
6.08429
12.3704
12.2512
12.5386
8.79923
10.6548
13.2783
4.97469
13.492
9.94737
6.14455
13.5169
14.5288
13.5075
9.71459
8.91461
10.6541
9.65886
11.1194
14.2908
14.3265
8.99483
9.17976
8.70653
10.1673
8.9741
10.084
12.8755
13.4782
11.1671
14.9101
13.5608
10.5712
13.5932
8.65241
12.4464
11.9479
14.8188
13.1234
11.8055
13.4206
10.686
11.129
11.8406
13.1606
10.0829
5.77828
14.3604
9.42824
11.9266
13.611
11.7684
12.6938
9.1336
8.68956
12.313
12.1307
10.9126
10.9123
12.2321
5.56957
8.24177
12.848
14.773
11.1198
12.2453
14.3381
9.80132
14.1367
6.42819
5.94853
12.0442
13.1539
13.693
11.7477
9.9838
9.799
11.8435
13.6103
12.4102
11.9141
8.3993
9.9945
11.5512
7.04966
8.92766
14.3437
13.6128
12.2975
14.6238
14.6437
12.6508
9.31869
13.0641
10.8872
12.3426
9.08222
12.1619
13.373
9.65078
14.618
13.7651
13.8097
9.51124
8.60064
14.6266
9.84949
9.89778
13.5665
12.9228
14.8057
14.7825
13.7426
4.8645
10.7812
10.9992
5.26508
13.8714
9.71744
8.59922
6.27083
10.9394
10.0857
12.1126
12.3867
13.0012
12.0494
10.2407
9.36788
14.7839
12.0966
13.2358
10.4278
13.6924
13.3161
12.139
11.2151
14.2314
5.11135
14.194
13.1871
9.78689
12.6137
10.5306
11.5581
14.9256
6.36847
14.3017
6.90823
8.52365
8.40695
6.3728
9.96658
12.3634
8.866
9.58189
14.4971
6.17977
9.88493
12.5817
11.227
11.279
8.32921
14.1986
10.317
14.6745
13.7369
10.0079
14.3472
14.4071
10.1312
6.00318
12.1034
9.92154
12.6674
9.86256
12.6017
6.38181
10.9635
9.88674
11.8421
10.5289
13.1408
14.9233
11.6086
13.4053
13.9344
10.3068
10.9292
14.0567
12.3358
8.273
13.5938
10.4607
10.9243
10.5923
13.2958
11.8976
9.08996
11.0946
13.3805
12.9214
11.4602
12.7061
9.79046
10.9893
12.952
10.9362
13.5173
14.5854
14.9578
13.8906
11.9056
9.73202
14.2078
11.7249
10.0797
9.78409
14.2623
12.3667
13.2258
14.8782
6.88965
10.0297
12.5514
9.78965
12.5958
13.7153
6.26547
12.3061
5.6486
13.8081
13.1316
13.2194
11.3097
9.05975
9.83189
10.5888
9.66122
14.0478
12.3049
9.9065
8.29893
9.59002
10.2198
10.4692
10.7745
10.5126
14.3126
11.4136
11.358
12.7954
8.09721
13.7095
8.43331
9.1775
10.948
13.9178
12.7588
8.41872
9.05992
11.8131
12.3312
14.2769
12.5995
14.247
13.751
9.99137
9.32379
10.7283
14.5823
10.1623
5.6425
11.1692
14.1746
14.4107
9.39777
10.2992
11.1779
4.75532
6.83611
13.0638
10.3362
10.4972
11.4876
13.6467
13.8684
14.4774
12.6182
14.013
11.0738
13.5334
9.72804
9.99927
12.1825
12.758
13.4149
9.70373
14.3675
8.83157
14.7333
8.43812
10.6414
13.0954
13.8352
12.6136
8.48547
9.84478
10.479
10.1977
11.1219
14.4858
6.7908
6.50274
6.3481
13.665
9.79895
14.1414
9.84016
8.64689
6.2
12.2276
14.1705
8.69825
9.89329
12.8017
12.2251
10.7419
11.3182
12.8493
11.778
10.7114
8.66835
13.8885
11.5287
13.875
14.4482
8.6492
10.6833
7.32452
13.5565
9.32866
13.4194
14.6109
10.5239
10.9627
9.83033
8.69915
14.3254
9.7088
14.2699
9.78506
8.77022
14.9853
11.0397
9.98218
13.5916
12.3787
8.16215
10.8593
11.0925
10.7778
10.1371
12.1162
6.86285
13.7909
9.05606
11.8509
7.38163
12.1603
12.3698
8.65967
10.6036
11.988
10.8351
12.4956
10.9947
9.80347
5.99724
14.7293
10.6168
9.59006
13.5375
13.5078
10.7729
14.4843
11.0944
14.7147
13.4121
13.8787
12.5893
10.6717
13.641
13.8812
12.9846
13.9287
13.513
5.20164
9.04025
13.4414
11.7857
14.5448
11.9941
10.0182
9.08975
12.5171
8.01901
9.40138
11.5861
8.48397
6.09046
10.0912
14.2965
11.0074
10.215
14.4576
12.6685
13.7137
14.2889
9.85681
13.3399
11.53
11.6231
9.05442
13.7565
12.1753
11.5478
5.39697
10.108
6.1958
12.0905
7.28537
11.5994
8.72668
7.12154
12.8424
14.3966
14.1365
8.3125
9.38293
11.1343
14.6833
7.6638
8.83547
6.01146
14.1606
13.6274
4.54189
11.4406
13.0935
10.3063
6.32136
14.7481
9.09878
14.5173
12.6751
14.3053
13.4938
10.5592
8.74452
10.6291
6.22164
12.5149
12.4218
11.2598
9.51872
4.45479
10.4021
13.5541
14.6546
8.71769
9.84525
6.49845
13.9849
13.9278
13.0963
8.77676
6.3783
14.7504
7.60588
6.30339
13.9654
14.7344
13.0492
11.565
10.3755
6.58454
13.5703
13.6265
12.9942
14.0526
13.2287
10.6937
14.6207
10.6746
14.8462
9.11707
10.0901
14.4273
10.2308
12.8242
8.79418
6.45487
11.0485
12.3828
6.0788
9.90022
12.3053
14.3267
10.5267
13.1754
8.71642
11.8396
12.6563
9.74543
8.91487
11.6229
12.4486
6.23771
8.465
12.4742
10.763
6.34467
14.4997
10.0144
12.3995
8.14139
11.2476
13.6438
8.6904
8.14851
8.8524
10.8893
12.2521
11.2167
8.18445
14.4483
11.2129
12.4679
11.1974
12.8604
7.26205
7.25531
12.1655
9.39555
9.3656
10.0151
11.0418
9.91187
6.26216
9.89229
8.45366
12.4261
8.68172
6.26382
9.43526
13.0601
10.804
14.0948
12.2463
9.71332
12.6044
10.5168
11.3184
14.1916
12.3746
13.9464
10.1775
14.2655
8.91976
11.4723
12.5365
7.55311
11.3314
9.85712
14.1837
13.4844
13.3199
13.8211
12.6893
12.1729
10.2265
14.7928
12.8521
7.86085
11.1883
11.8274
13.8086
12.1336
13.077
11.9135
8.73332
9.51413
10.5223
12.966
14.4508
8.88065
10.0203
12.9275
11.4069
13.1696
12.1351
14.622
14.9556
14.3955
5.54532
4.8093
14.6327
10.9198
10.1293
11.4323
11.8154
8.80142
10.8633
10.8242
14.5336
6.25432
9.97761
6.16986
11.4894
13.7667
12.1617
12.0778
12.8683
12.277
9.66597
9.29977
11.5428
12.2234
13.3353
12.1756
14.8142
11.884
10.9119
11.865
13.4928
13.0342
8.27603
14.5702
8.0027
12.2393
6.58728
10.37
12.8087
12.9544
13.364
13.5117
10.497
9.90013
8.94884
14.9523
6.30019
13.7178
14.8499
12.5092
13.1793
14.631
8.50717
12.5326
12.4756
10.7029
9.89011
12.4636
14.1473
9.6513
13.9369
8.39522
14.0732
6.2698
8.71203
12.7147
12.7997
13.3803
11.711
11.0575
9.72041
13.8523
13.0952
6.49067
12.3933
10.7789
8.37566
9.77307
14.2981
14.1
10.9091
12.404
9.74881
9.15433
13.947
10.28
8.25899
5.53256
11.4949
14.0016
12.0053
12.6729
14.8929
12.4136
14.7115
13.9111
12.5965
12.8478
12.3906
13.0277
13.0114
12.064
9.00943
10.4185
11.1244
10.117
13.2922
9.83345
12.4033
8.97421
12.274
10.983
5.35054
5.94233
13.317
14.5749
6.37681
14.3756
12.3795
14.2839
6.18222
12.252
14.6933
8.55037
10.9331
13.795
11.6818
14.4245
14.2663
14.0855
12.0244
12.0618
11.526
6.12636
13.3561
12.291
7.44674
9.53226
9.62857
14.4765
10.0271
14.9736
10.4473
12.5026
14.3717
10.5311
8.68434
13.0636
12.0095
10.9724
13.4463
14.1977
14.9994
11.326
9.11331
9.76005
6.83409
14.1336
12.4796
12.7869
13.683
14.9299
13.9809
9.29613
13.3837
11.424
10.1112
12.6968
10.0721
10.8213
13.5863
14.6304
11.1327
11.5561
11.1173
10.6567
8.75633
12.5639
8.78261
10.8583
8.82604
10.0602
8.56627
12.3625
6.2642
10.5767
6.25805
10.5169
10.5816
14.23
11.4922
12.311
14.6902
13.3939
14.0255
10.3964
14.7931
7.808
9.22578
14.4269
14.8055
12.4807
14.2668
9.84503
8.36911
12.2464
9.30396
11.0024
5.94184
10.3259
10.9418
10.7716
10.7709
6.97906
11.0904
11.4861
14.6177
7.15569
9.94789
9.83159
12.5669
10.951
13.1002
11.3785
13.273
13.6404
10.7262
12.6677
8.66084
9.91734
14.3207
12.2745
10.0118
13.6937
14.9672
12.8403
6.67977
11.774
12.3257
12.5857
14.6289
13.8594
12.1271
14.9236
8.68768
8.25807
11.9525
14.0442
5.53023
5.99662
10.8445
10.602
13.1136
10.4566
14.7018
10.5642
11.685
8.66172
14.4256
14.9142
14.352
14.7591
4.94022
11.0558
9.09011
6.2674
9.36972
12.2366
9.00204
11.4116
11.6229
5.96822
13.5379
8.66294
5.49077
7.35504
13.2404
14.8896
8.76238
14.2946
8.68883
10.7378
14.1456
10.7236
12.2265
11.4097
8.27078
10.6584
8.31483
11.7201
12.7672
8.83155
11.5058
13.3286
10.3711
8.819
12.3178
8.5737
14.0591
11.9135
11.7179
14.6087
10.6344
12.2622
6.59802
8.44283
6.00837
6.33906
11.6159
11.2579
13.6352
11.6869
13.8565
4.57299
13.2721
9.9379
10.5607
14.3302
8.72988
10.5932
9.64503
13.2527
10.5627
12.5499
6.19114
8.62898
11.9722
10.4567
14.503
8.95739
12.5527
14.2677
8.74983
6.14235
14.4107
9.09508
10.937
14.7575
14.5646
11.5687
8.73961
12.7595
10.9209
9.9801
10.7757
14.8342
14.5419
14.6493
9.30386
11.1392
12.363
11.4509
14.8056
13.1215
6.28711
9.94586
12.2475
11.6537
12.5655
12.9756
12.9323
13.4468
13.1196
9.65668
9.84538
11.7032
11.5092
11.0653
12.2801
14.299
13.9232
12.3655
7.64606
12.7853
13.4605
6.1609
13.4715
14.5058
8.7122
5.79545
14.7704
9.92938
6.4342
6.10367
14.1629
10.6156
12.7904
12.2841
11.5473
13.593
13.4877
10.3003
6.78493
14.3311
11.676
4.88879
7.87301
13.872
13.3158
10.5794
13.2397
9.98705
8.76467
10.6382
6.28017
11.6875
11.7173
11.2181
11.1641
12.9246
13.1795
13.3723
9.91992
9.05994
10.4433
10.8456
6.0572
10.4238
14.1861
10.9668
10.222
10.5395
11.6988
7.88784
14.349
8.9075
14.6658
10.9482
9.66261
11.5004
13.0721
14.2594
10.4695
14.9104
12.8213
10.0661
6.50998
10.3135
12.437
13.0221
7.434
9.98622
11.6753
6.84953
11.7979
6.14187
9.98625
9.75942
13.2955
14.1733
14.7336
14.1671
11.8297
7.74592
10.9127
13.8706
14.175
9.83095
6.2433
14.3629
6.17907
9.86771
5.30753
6.8086
10.9932
11.2388
12.7394
9.87469
12.3498
14.3403
10.1028
14.5209
12.0836
14.4113
9.36927
7.64969
10.0014
10.9939
14.7377
9.01697
11.8764
10.1869
5.26283
5.68143
6.41125
14.6965
14.4245
10.0702
9.39141
8.91547
11.09
13.3963
13.1704
11.8829
13.6329
13.0711
10.619
12.5345
13.8886
6.80809
14.0647
9.88929
14.8891
12.0548
14.3797
13.2762
12.9301
14.2764
13.7979
14.2038
10.1476
11.1131
11.1458
14.1715
6.08077
9.55216
12.3274
10.4767
6.40633
12.6418
5.40152
13.0408
14.594
8.79197
11.248
11.8238
12.5284
11.9861
12.666
12.8257
10.7984
10.6856
6.15605
9.98921
11.3397
11.2341
12.031
10.5015
14.2949
14.7052
14.8345
8.36492
7.60512
12.8575
12.4653
13.226
8.31665
13.9618
11.7803
5.71841
14.6996
8.6055
14.4295
11.1355
13.7303
10.1366
11.1761
14.4613
12.5192
13.5251
14.4088
12.8529
10.8726
10.2325
14.6838
8.83737
12.6964
11.8835
13.2112
13.2444
14.7863
13.404
14.3032
10.2377
14.9813
14.3093
10.0026
14.4983
11.655
13.4015
11.0628
9.99188
13.9265
14.8956
11.8804
13.4823
5.73597
6.54946
14.4406
10.9577
11.8066
6.7344
10.631
8.91665
14.4002
14.7018
12.804
10.159
12.5959
8.70443
13.1612
13.2555
10.7791
12.3731
14.2266
11.0685
10.9811
13.0939
11.2047
13.4924
6.60996
11.4334
10.3475
11.7569
13.8024
13.596
14.4592
13.0588
6.81733
14.7479
9.94025
13.329
14.829
11.5239
6.29815
14.5655
13.6059
14.7269
11.6817
14.263
12.5567
11.381
8.55538
14.6007
10.5767
12.4137
10.8733
12.8106
14.1444
9.61199
11.8432
13.1151
10.4087
12.095
9.29022
11.8885
9.30981
9.93683
8.23625
6.36427
7.73053
13.0067
6.43399
5.98447
14.4069
9.94804
10.1674
12.0553
12.6342
8.24191
5.9395
11.5431
10.7796
9.46971
12.2917
9.90335
11.3243
14.65
12.3459
5.59322
14.3763
12.11
12.1416
11.9818
13.3302
10.6283
11.8219
9.63987
11.921
9.76896
9.96843
6.46375
12.1111
14.7235
14.8821
11.0949
9.17459
14.1884
13.2239
12.4392
14.1341
11.7162
9.04371
12.5077
13.7514
11.615
6.17117
9.83025
10.5007
9.16211
9.94612
12.3806
8.8476
12.411
12.3837
11.1726
10.278
8.25025
11.9124
14.9883
10.69
9.52593
8.39473
11.6949
10.3393
12.8052
10.2559
13.04
12.0801
8.88695
6.57753
13.6966
13.261
8.46117
9.90966
13.9837
9.77415
14.1924
13.9813
8.52784
12.8111
12.2284
10.823
14.7082
10.4243
13.4252
11.1677
12.4233
14.6965
7.04335
14.8199
8.60474
10.0903
9.10914
14.2501
8.57493
10.4693
12.6431
8.72716
6.86865
12.4639
14.1598
12.204
7.18069
11.3915
14.9548
9.02269
7.17659
14.8188
12.897
13.8479
13.093
12.7904
14.5142
5.56667
13.6733
13.1037
11.9875
4.63038
12.6736
9.11326
10.7435
13.9853
14.2463
9.7592
14.1081
14.575
9.361
12.9044
9.79793
11.9718
5.66646
8.96301
9.23673
12.0331
13.7875
14.7741
13.8031
10.0738
8.88808
13.8891
6.44606
7.96588
11.348
10.703
12.374
5.934
6.53354
10.44
7.44253
14.192
9.72944
13.6644
10.5834
12.3743
7.21754
6.16656
11.2255
13.91
13.6628
9.22595
5.3677
14.8069
14.0377
14.5868
11.2879
7.73224
10.5868
14.7491
14.6121
7.54883
14.0192
12.7564
11.1407
8.63249
13.2141
9.20782
14.5884
12.976
10.9106
9.12162
13.1189
8.62325
12.3199
14.1994
12.8226
10.122
8.51052
11.0134
13.3614
13.4314
11.13
14.0757
13.5843
11.5093
8.77085
14.1945
13.8193
14.5515
11.6136
14.6416
11.548
9.8848
14.2929
9.07596
9.72846
13.6309
11.8299
13.9358
10.9593
9.02849
11.5707
14.7738
11.0341
10.4709
11.257
13.3231
13.4614
12.6094
13.2787
8.64913
14.3135
10.3237
9.04488
6.34105
6.20727
14.3577
9.9351
6.14766
9.66374
12.253
8.62425
12.3183
14.4884
10.5329
8.85528
11.9896
12.0955
11.7325
11.0511
12.6127
9.65606
8.88501
10.8456
10.0745
10.4537
6.77452
14.6916
9.4765
9.512
14.1727
14.6312
12.1552
11.2583
11.7196
14.5595
13.0032
10.5518
12.8051
8.73022
13.1632
5.84986
8.38796
10.615
9.15104
13.6328
8.90411
14.7437
4.5667
14.5271
12.548
14.4777
9.87242
6.01137
12.4053
9.65339
9.70442
10.7437
11.4244
14.6703
14.3665
12.5045
8.88339
12.5268
13.681
5.37931
13.2818
11.7905
9.52368
12.8067
12.829
8.41033
9.53135
12.3364
14.3917
11.5776
12.0393
10.7023
10.4804
6.3575
13.8541
10.5252
9.47159
6.0236
9.79292
12.6638
12.0346
12.289
8.72576
13.7362
6.34628
7.32728
6.14785
13.464
12.5463
14.9955
12.3309
13.9132
13.4554
12.0148
11.9479
9.54897
9.72856
9.9946
9.99356
13.9726
14.6325
14.1885
12.2946
13.9052
13.523
8.64533
9.62142
9.83631
12.0763
14.8236
13.727
13.8091
13.2795
8.90059
6.6743
14.654
11.3809
5.9183
8.78194
14.786
14.8788
10.7641
12.8198
14.6929
13.1345
9.99611
6.95508
9.7871
14.655
13.491
10.8644
11.1435
14.0315
10.7313
10.6774
14.9929
10.5256
12.8582
8.45481
8.82014
14.744
13.0992
5.66773
12.7932
10.204
13.624
12.1358
9.82179
12.139
14.2096
6.15629
8.42014
8.85339
11.1834
10.602
8.88981
11.9057
11.5721
8.52547
11.1061
13.8452
13.5451
13.4537
12.5579
12.3945
9.85361
14.1612
12.729
8.73013
10.3963
10.9827
6.26789
10.4917
13.6021
12.8141
14.0337
12.2899
9.397
10.7161
14.7551
12.345
13.9459
10.3631
14.7689
8.71696
12.468
13.2547
13.7715
11.6874
13.6894
5.83721
9.89405
10.2862
11.7735
11.6763
11.4654
12.3655
8.80577
8.46706
9.9699
8.65377
14.3574
8.54232
9.54282
9.99115
8.38965
14.2421
8.72813
9.90907
12.3056
9.90516
14.2607
9.90533
8.65174
11.8683
9.94753
11.8629
14.2097
9.99497
8.60511
8.76191
11.6155
8.59608
12.9398
9.51532
14.4688
6.20429
11.7698
13.7477
14.298
14.3944
10.6247
10.2099
11.3969
8.52074
11.6309
14.4122
10.8665
6.34029
8.69398
9.93825
10.6318
14.4277
9.75205
5.9421
9.00698
5.76119
9.94417
6.00561
8.7441
9.04095
11.0828
13.7161
7.76664
10.5675
14.2848
12.9679
9.2101
14.8547
14.1168
10.5751
13.8348
6.52994
11.0045
11.7566
8.5329
9.62148
10.9704
6.61406
10.4978
6.87973
10.1924
10.7265
12.9158
12.8318
13.2748
11.0968
8.68117
13.8124
8.64714
8.38386
8.65079
11.431
12.3437
10.0125
8.8589
14.3249
13.1025
4.78313
11.8752
9.84259
8.9533
10.0557
12.1654
12.3105
8.72921
12.8541
10.6798
10.309
8.53267
11.177
12.2185
13.884
13.5141
8.37872
13.0604
9.84445
11.1933
13.7596
7.33027
14.8521
14.6246
9.12785
11.816
10.7151
14.1582
14.1076
9.97863
9.18487
13.9798
7.74656
11.4703
14.1242
14.3046
9.82919
12.9743
10.2116
8.71626
14.0337
13.5627
14.2355
12.8157
14.2414
10.9258
14.2034
14.1857
12.8916
10.5789
14.3837
11.9861
8.59154
12.0716
12.7191
12.0823
6.61751
10.5411
12.2314
9.67929
14.6106
11.8462
7.05927
10.7925
10.9366
6.51583
12.9364
9.92056
14.6086
7.75728
11.9851
9.34092
8.69846
12.5749
10.4838
9.93291
10.7541
10.0989
12.1732
7.43356
6.10681
10.4384
10.0002
12.7513
9.6135
14.2353
8.7807
10.6843
14.2153
13.565
14.8971
6.77225
14.1449
8.70149
13.9975
11.1715
6.2337
14.2307
11.2262
11.8699
12.1116
6.60171
9.51969
14.5123
14.5778
12.1662
12.7136
13.9549
12.0525
13.8308
9.7084
12.8267
8.57608
14.8662
14.6818
8.4717
12.2714
9.26801
12.4327
10.3925
13.0298
12.1181
8.86634
13.7237
9.57155
13.9221
12.9504
9.06629
12.6621
7.94926
10.767
9.39673
12.2518
9.13517
6.57394
10.1247
10.0817
11.0516
10.853
6.36237
14.2662
13.6356
13.3761
10.326
6.54498
12.1947
12.0733
6.005
13.0597
14.816
12.3902
14.8009
6.43125
14.7912
6.10723
14.8569
13.0333
10.4264
9.16999
13.0803
12.4748
10.5256
8.60708
13.1617
11.6703
14.5889
13.7202
8.76744
6.50301
8.79819
8.05856
14.8955
11.6879
7.84748
9.39526
9.18845
12.6687
10.4915
8.72702
14.2523
9.83785
9.93294
10.614
10.4846
13.8583
11.002
5.96639
12.0716
10.9101
10.6237
12.3544
13.2598
14.1479
12.8487
6.07599
10.6684
12.9043
14.479
13.2814
10.6796
13.4581
13.609
14.7751
8.97463
13.0267
12.354
11.5476
8.45715
9.35805
14.3901
8.44846
9.67054
9.01289
8.77915
8.63422
9.79388
10.8711
12.4766
10.9191
12.7648
5.42927
10.0911
11.2749
8.1245
14.8178
8.68446
12.8138
13.3815
10.6117
7.01317
6.39855
11.1733
6.35338
9.74803
10.5387
14.3796
12.5628
10.8815
10.7466
6.0222
8.58211
7.81634
8.49535
5.85999
7.98646
10.7743
13.0187
14.0168
9.76801
14.3064
14.2184
14.247
12.527
8.97789
5.99026
10.8025
11.9818
12.3179
12.5979
11.2353
10.7983
14.2676
9.47296
12.5551
14.5776
12.3713
11.2054
14.6059
9.73367
14.7383
11.7381
14.548
12.4715
6.07636
7.90969
12.1051
6.22484
10.0956
11.1849
10.4775
10.3989
7.22199
13.0613
13.2586
14.08
5.10711
9.11765
12.6557
11.7583
9.92312
8.89814
9.89959
13.0785
12.6821
8.57731
8.43673
9.7721
9.86747
14.354
14.0806
14.1447
6.32039
8.69963
11.358
10.2152
10.4176
12.8267
11.5725
13.2245
14.7042
9.19177
10.9314
10.7463
8.83995
6.17782
9.87926
11.7947
14.1776
11.5576
10.7857
8.61808
7.51279
13.7259
12.0154
14.5466
11.4973
7.80959
12.8378
10.3708
14.0061
14.6987
6.60798
12.8897
13.8854
10.9655
14.265
14.5156
9.28267
10.1983
14.6163
7.13048
14.2788
10.8482
12.3019
10.4026
10.5547
9.86135
9.5232
13.9375
9.39476
9.45718
13.0163
14.7761
8.58106
5.88706
8.40337
11.8534
11.6531
13.5935
9.45275
10.6588
8.7958
11.8588
11.4082
6.99089
9.23878
13.1608
10.269
6.0896
8.53747
13.9572
13.8049
13.4787
10.5107
9.79868
11.2864
14.7505
14.403
11.8689
11.8651
11.0483
8.42793
7.2121
13.6952
10.2841
14.3071
14.016
12.0892
14.1961
8.7497
9.56505
13.4748
11.5414
11.8311
10.898
9.9513
11.7986
14.5543
14.2639
12.2478
13.1415
13.5608
12.2932
9.58415
14.2601
14.4724
14.2343
10.8193
14.2011
13.1059
6.21889
8.51596
14.7972
12.0976
13.971
13.8826
13.5923
10.0437
12.8298
9.39524
13.09
14.9023
11.5775
8.47638
6.11379
11.0779
11.9296
9.16307
11.8952
12.2486
9.76083
12.5421
5.39816
9.52594
14.8552
9.94833
12.4458
6.04264
11.33
12.653
11.7485
12.1295
10.6486
6.80635
10.465
14.1543
12.4212
11.4574
13.8926
9.58496
10.7894
14.4004
12.379
10.8428
9.03699
9.66721
13.728
14.1081
12.8352
11.0778
13.1438
10.6386
14.223
14.8141
14.4125
9.91132
6.47413
11.0553
9.87374
11.7122
12.1859
14.9244
12.4969
11.3389
8.64136
13.7901
8.04747
9.02845
14.3119
12.05
9.71515
12.1742
9.79118
10.5808
12.8475
11.5086
13.9831
11.0229
12.8373
4.51763
12.5066
12.608
9.85192
8.75844
13.5928
10.0118
10.5967
9.90926
6.23252
13.1756
14.5575
9.91904
12.7108
14.0201
10.1072
11.8309
9.63733
10.2596
12.1454
11.0154
8.81659
9.32785
12.8222
12.1826
14.9279
14.6477
12.3252
12.3401
12.5608
6.41537
12.9564
10.8886
14.7041
7.75395
11.8683
13.0959
8.65821
11.0474
9.51684
10.6652
7.92029
11.1317
13.4304
10.1879
7.50564
9.24142
8.84227
11.7107
12.0575
12.3638
7.71405
14.5629
6.28016
10.4684
11.7546
14.1605
10.8534
13.5324
11.3386
14.0761
8.51281
9.20471
13.0601
13.4569
13.7913
10.7919
13.8805
14.9845
14.5048
14.6545
6.19202
12.1931
9.6485
14.2143
14.3564
8.93165
14.8343
11.7508
13.52
11.2153
10.446
11.3536
12.4227
6.83603
8.86653
13.0811
6.76528
6.50726
6.1937
14.1003
9.45044
11.025
10.0671
14.1522
10.3596
9.76869
10.64
5.50287
8.97852
8.6699
12.2214
10.1735
9.89132
11.2296
12.2784
12.7013
13.5216
11.9279
5.74789
10.6601
13.7216
5.45692
13.5852
12.2538
11.2019
11.8571
10.5207
14.2332
13.1622
9.64011
6.54716
11.7671
14.8478
9.74797
11.5803
13.8358
6.54808
14.8037
14.0101
13.9288
10.4001
8.04837
6.61253
10.1329
12.5326
11.0583
13.8446
9.73155
14.392
11.0342
12.8508
10.6278
14.5887
12.7061
10.3254
9.76641
14.0257
14.4352
10.7529
14.3323
13.2872
10.8915
11.8529
14.0415
10.895
11.5977
8.38467
10.9676
13.5346
9.30822
7.93782
10.451
14.8258
13.4749
11.028
9.83188
8.6784
13.3987
6.06102
11.0161
8.4278
8.72586
14.0299
6.1265
10.0673
13.8077
8.98903
11.9682
9.55335
9.14143
7.85117
12.4391
14.0499
10.1239
12.0155
11.9624
9.76922
14.9634
14.9842
14.0288
10.8548
13.2909
13.4794
14.3208
6.52183
12.6959
14.6626
10.009
6.17276
8.61578
10.5616
10.6101
8.84478
10.4127
6.35191
8.17123
10.6197
11.3476
10.5134
9.97161
8.41383
12.6178
6.24739
6.21897
8.4605
9.89521
12.1624
10.6319
9.79537
10.8508
12.2875
8.51661
13.7163
14.3987
11.2516
14.2381
9.22132
12.2905
13.2257
14.258
11.2616
9.98841
9.02933
13.0458
14.5597
6.16757
12.8469
9.58394
11.1073
12.9811
9.00728
12.2295
13.0985
14.4315
5.90172
11.785
10.3441
8.5577
9.7036
11.8523
14.4962
10.8165
6.39313
5.66356
12.2045
10.8197
8.43068
6.04843
10.5343
14.2144
12.6011
14.5977
13.6082
9.56847
11.811
9.81443
12.6782
8.75274
12.6353
7.19886
11.6025
12.5039
9.17648
8.36274
11.7585
6.14092
14.3029
6.31492
10.6509
12.5932
10.449
11.9734
9.34407
5.75521
13.0278
12.2574
13.732
13.8665
13.7137
11.7616
10.1929
13.6268
4.39849
13.6111
14.7208
8.44448
11.1746
7.58931
6.18657
13.24
10.0745
14.2045
10.7609
9.95956
14.3014
11.4109
13.7062
10.1989
8.24075
11.3891
14.0568
11.707
10.6373
12.3244
13.9231
11.022
8.48078
13.2916
12.0203
14.4636
8.46494
11.5692
9.0469
13.3102
13.7946
10.4583
12.4381
14.5552
10.8403
8.71176
6.78745
13.6061
10.9426
14.3486
13.7641
12.9808
10.9499
14.4146
13.0037
6.69038
14.1204
12.8795
9.20255
12.6534
12.4551
12.2298
11.9998
14.7563
11.783
7.79395
8.71137
12.7585
9.69598
13.2512
9.99345
14.8672
14.7501
10.4425
8.11893
10.9162
14.869
9.06289
10.6745
7.0233
11.9724
14.0159
11.0297
13.9282
7.91059
11.1399
8.48655
14.7228
13.1795
8.71502
13.8325
11.6572
8.33606
6.17144
13.4874
13.6676
11.146
13.0406
14.6023
8.31184
12.1037
14.4304
9.25604
9.6071
9.91349
7.15274
9.40812
10.4835
6.02144
5.78503
12.78
13.2551
10.0023
9.6821
10.1784
11.9651
10.6811
12.9187
14.1184
6.70181
5.49033
6.94553
12.9506
13.2315
9.88694
7.87645
9.97874
14.0391
11.502
5.55339
10.9158
14.9248
6.23624
10.3397
10.8537
8.60582
12.6141
12.9258
9.019
13.824
8.78819
9.81165
10.1478
8.10708
9.78341
7.54455
14.4462
13.132
12.9225
13.3637
14.2924
11.6865
10.0938
10.4662
6.30775
13.8208
12.6398
11.5594
8.74149
12.0623
6.18316
6.24871
13.0643
14.5305
12.3756
14.0398
5.74942
9.72375
12.1442
9.91091
13.8476
5.52857
13.8465
13.4149
14.6161
14.9551
11.0414
14.3167
14.4848
13.487
10.8888
8.60115
8.77445
10.3574
11.4414
3.76628
14.0903
8.96269
14.1758
13.929
9.81001
12.7571
10.2379
13.9316
12.2274
13.0218
10.9816
13.2279
12.726
14.1429
12.649
11.3877
11.9714
14.165
14.0345
14.1909
11.5458
13.1544
6.24262
8.68417
14.4059
13.6679
14.4803
7.79604
11.2964
12.1801
13.5839
8.54537
12.3882
10.1193
14.9624
11.6663
7.9
11.7748
8.90846
9.7121
9.9369
9.68689
13.4573
13.6545
5.25835
10.8464
11.5715
13.1399
12.4642
7.21711
13.3199
14.4194
11.4249
9.34065
11.7709
11.6107
14.3736
10.7762
9.60512
11.7002
7.66206
14.5477
14.8186
9.96148
9.65771
11.2635
14.389
5.87976
11.9348
12.4291
9.76698
14.1777
6.47866
10.8704
6.28826
14.8137
13.0636
14.7332
14.6407
12.6078
14.0734
11.5445
14.1465
10.1098
8.59581
5.81954
9.00657
13.5813
14.5274
14.0618
10.4877
9.44072
11.7937
14.8498
13.0186
7.5561
6.51181
14.7928
11.8416
8.80921
5.70672
14.9639
12.2717
5.1956
9.64029
12.2656
14.9129
9.57028
9.70497
13.4635
13.9471
14.3596
12.5755
8.90717
9.28511
11.9498
14.962
5.82877
10.9463
8.57318
13.0911
4.52291
4.34676
11.6239
14.7974
12.961
14.2157
14.413
14.1732
14.9236
12.2762
8.56522
7.86384
14.9261
14.9931
5.51778
14.1981
5.81872
9.76997
14.0126
9.64058
14.8233
12.74
14.6493
14.321
11.4445
14.4306
13.975
9.86474
12.5545
8.00003
12.4851
10.6805
13.7055
8.86056
8.72688
13.5452
9.91084
13.2305
10.4301
8.57721
12.4475
12.2348
10.3463
8.9165
10.1843
12.5086
13.6952
12.8925
14.2246
10.714
9.01364
13.577
10.5564
13.3455
13.6321
6.28244
13.9313
5.98175
14.5269
9.8839
13.6668
10.0023
11.0478
12.7872
9.57822
14.7892
13.3237
6.07351
10.1959
5.61375
9.79739
12.0397
12.2891
9.78789
14.0873
6.18266
10.3471
13.9737
8.56996
12.3287
9.99232
11.5315
8.47143
6.20263
8.49767
12.4739
10.2808
5.96894
13.9123
12.057
10.5018
13.8979
13.532
9.76959
9.73121
6.75678
8.75605
8.49784
14.9391
6.80672
7.98683
11.5333
12.6853
5.95641
9.97292
10.8668
14.0236
14.5686
8.67679
9.89876
6.27901
14.254
12.5579
14.0372
13.2871
11.9742
8.47893
6.55449
8.76711
9.59555
14.085
12.4668
8.53198
6.38107
13.0134
12.0849
8.78123
8.70165
9.75769
10.4089
12.5243
12.2884
10.9361
14.7172
13.0818
14.8283
13.2428
12.2977
9.93259
14.321
12.4335
8.73929
5.90027
12.6927
13.9816
12.0547
13.0498
14.9855
12.8196
9.75339
10.9515
10.9109
10.511
11.2434
13.0757
10.7779
11.4942
12.2892
8.72555
10.7722
8.35129
10.0025
8.55562
11.9357
11.0606
6.88457
7.44824
14.0598
13.38
10.5681
14.4539
12.4103
8.89097
12.5815
14.6773
10.8013
11.9285
8.17782
11.6562
9.1609
9.93823
8.70946
12.48
14.2266
8.58929
9.66926
9.90191
6.14328
9.25187
8.73685
10.6694
14.6095
9.70402
13.6243
8.98001
9.47628
12.2252
8.57425
9.74511
5.63286
13.6773
11.0881
9.18126
6.19137
11.5272
10.4777
5.36636
7.60868
8.77322
8.00784
11.805
10.5558
9.42432
10.9454
13.1686
13.9931
10.0421
9.92005
11.8887
13.1964
10.722
12.4203
12.3253
12.3362
13.568
10.1545
11.2301
6.86949
8.51563
14.6056
14.7015
14.5309
14.4705
12.4971
11.6262
14.3809
10.657
10.3483
10.2226
11.7855
10.244
10.5199
8.89088
9.82534
11.7582
12.0092
10.4612
12.408
9.30295
9.2593
7.00409
13.3834
13.858
10.9413
9.80456
8.63315
10.8251
14.0951
12.4009
10.2171
10.5606
11.3379
14.3897
10.9189
11.1634
9.04921
8.52548
11.1494
9.88384
12.61
12.2879
13.5239
14.2209
13.9479
8.72519
12.8877
13.9958
8.51554
9.44958
11.0638
10.9814
10.925
14.5888
8.53287
9.68241
12.4099
8.71077
8.43044
14.0958
13.4299
14.4213
13.3643
11.7767
12.3522
14.9734
10.9292
14.5853
9.81681
8.70775
14.2527
11.0571
8.79723
11.2555
14.774
5.80471
10.4591
9.27032
11.7107
12.7924
13.9761
10.5082
11.6267
12.2561
14.2499
5.99758
8.69806
10.1937
11.7081
9.54467
14.3661
14.1127
14.7941
8.52148
9.76147
14.5762
6.10308
12.5249
13.7444
12.24
9.87092
12.8246
11.172
12.0117
13.9561
8.48928
9.642
14.1874
9.44302
13.3198
14.2552
10.2087
12.1924
9.91399
6.14207
12.1484
13.6814
14.0048
12.2251
11.6414
12.8771
14.8238
10.497
14.2613
12.2888
9.0485
7.48852
8.76165
13.7583
13.3733
12.5444
12.3197
12.0994
14.0195
8.02246
12.3214
7.7487
7.94406
14.3069
9.9355
8.69431
8.07045
8.86823
12.188
12.0299
8.1382
5.7908
14.2382
13.7823
8.88843
10.5943
8.74998
6.75389
8.78238
13.1686
8.97022
9.2411
12.5633
4.65622
10.7863
8.92649
14.755
12.0847
8.30108
8.95119
12.8849
11.1483
14.7474
11.6164
8.698
10.6202
7.81404
10.1529
12.7075
5.72606
11.8959
14.9387
13.9383
9.57611
11.8325
10.1159
12.0261
11.0886
11.506
10.3528
10.5815
12.3688
10.537
13.5467
11.5871
10.2685
10.6978
9.54601
12.5236
6.76173
4.74142
14.0986
14.8517
14.0574
12.9026
12.5612
11.3372
9.8971
13.6963
9.88693
14.3719
9.8683
12.8733
10.1168
10.8966
12.253
11.2966
14.077
11.4827
12.9509
10.0381
11.9133
4.81337
11.4174
6.18897
13.2365
11.5834
14.5916
10.1677
14.5481
7.29084
9.01856
13.5763
13.7163
14.1008
13.7634
12.4864
13.9979
10.2339
12.594
11.5982
13.143
10.393
12.8454
13.1105
11.0168
12.7389
6.5326
10.1301
9.7305
12.3993
14.6865
14.4487
8.54237
9.75311
14.491
10.0342
13.075
14.9175
14.7718
10.3155
10.2679
7.84833
13.4031
11.1952
14.218
13.832
11.502
8.02182
5.72939
13.5283
14.1407
13.9489
5.21981
11.9666
12.3154
14.0725
6.19907
5.51074
14.7421
14.4619
12.1786
14.9219
14.0686
13.638
10.6146
6.26787
10.9059
14.6876
13.5313
6.85726
6.3515
12.154
9.53092
9.88277
10.8751
13.4607
13.9893
10.4147
9.53729
9.77434
10.0521
9.43949
8.45374
13.4206
14.2645
11.4934
13.8345
12.5587
12.5449
12.118
6.35901
12.5533
11.9077
13.3099
5.58362
10.9026
9.00578
12.5608
13.8355
10.6401
13.0306
9.29905
10.8422
13.7541
10.4359
14.928
6.27476
12.4071
12.1279
13.3512
12.8275
6.02569
13.0465
10.7928
13.2727
12.2242
13.4582
10.705
11.6556
9.92993
13.5684
10.5048
12.24
9.31237
13.3533
10.2665
10.5982
12.5409
11.3447
7.90958
11.0444
13.4278
10.1569
11.0732
10.4692
8.88056
10.7967
14.1999
14.8555
10.6265
9.60404
9.68595
11.241
13.2451
12.8305
9.47376
14.2204
14.5939
9.81908
12.7814
14.3476
14.7269
11.2595
8.68889
13.0021
13.4312
12.248
6.14646
10.4891
13.9715
13.4358
12.3562
10.1491
14.7155
10.8536
13.3135
10.4667
11.3977
14.1407
11.0264
10.3796
14.5113
8.98617
14.1636
14.9202
9.86527
13.795
13.0755
8.28559
14.3735
12.2557
9.87441
6.188
10.2396
12.5268
14.6174
11.2058
14.8349
8.52616
8.32915
14.5355
10.6532
8.05203
7.70243
7.56352
12.3233
12.7139
10.698
12.0009
8.33552
11.5956
8.38356
11.8036
12.0416
4.70272
10.563
7.13193
11.7585
14.1492
14.2966
11.7008
10.8075
11.7666
13.9662
10.8365
13.2462
11.4888
5.57413
12.6097
6.26707
13.3353
5.43637
7.51524
11.064
9.35161
14.2357
5.85721
10.7932
5.58249
8.71719
12.3337
12.0922
6.17515
10.4688
13.2258
10.8393
10.0885
11.1403
6.38347
9.08269
9.97085
11.1531
13.8687
10.2744
9.88314
14.2111
9.91784
10.97
11.4723
13.2213
14.9788
13.0165
9.7648
11.7649
12.8887
9.66725
13.0958
10.9769
8.00789
11.9484
12.2474
9.85947
14.5149
13.118
12.8116
8.50048
6.19779
9.78185
13.8915
10.1328
8.81374
14.7739
12.3518
10.4956
10.706
8.60005
9.73546
14.6966
9.68426
12.0841
5.35353
14.2741
8.7826
11.644
12.0995
12.6316
13.647
10.3987
8.37106
13.4467
10.6026
14.9698
12.1952
9.08672
6.83895
12.8242
9.99334
14.2576
13.9202
8.38474
11.8522
8.33473
14.2039
8.41581
14.2325
9.62921
13.8575
14.3294
10.8315
5.36394
11.4204
13.9622
9.53872
10.4573
8.67381
8.70148
14.3511
12.0974
6.16038
6.03489
14.1181
6.29905
8.44569
6.14172
14.2318
11.9558
13.3862
13.3699
6.72153
9.58288
11.5844
8.11401
10.7492
10.0714
10.7415
12.7018
11.285
13.7705
10.7875
13.5573
10.259
14.8984
12.3434
7.14241
11.71
11.6175
9.78481
13.8183
14.2476
13.3689
10.7845
13.6158
6.96667
8.1379
14.7281
14.3512
12.6708
14.3673
12.7645
9.98832
10.5359
11.1498
8.07404
6.30229
12.4451
14.2985
14.5763
14.1416
14.3133
14.7007
8.61838
7.93306
11.6585
9.04341
10.3938
9.62784
13.1482
7.40575
10.4657
8.02676
12.1687
13.5141
11.268
13.5327
14.2905
13.1194
12.8485
12.1618
8.76391
10.2148
11.0321
6.01251
14.2222
12.3471
8.4956
6.53758
14.9937
9.19862
11.0154
13.4502
12.0645
12.58
13.6916
12.0397
13.5628
9.04135
6.18167
14.2244
10.3022
14.5873
9.17662
10.5795
6.80808
9.69299
11.9337
10.2326
6.23535
13.8987
14.8172
10.2614
12.6127
6.18662
12.3294
12.3697
13.8071
8.55232
6.20661
13.9179
10.5252
13.2985
14.2352
9.07643
12.4642
8.4395
10.2861
14.1647
14.4797
13.7418
11.1867
11.1258
6.15574
12.1328
14.5336
11.3303
9.28815
12.5294
11.6594
9.01332
8.02027
14.9686
12.0565
14.093
8.4585
14.2856
10.0061
13.7085
12.7464
12.4904
6.43912
9.56121
13.6502
9.33625
14.491
10.3567
13.411
10.0465
10.9898
6.87566
9.04598
12.4782
9.16805
10.5544
9.64254
8.61244
14.921
14.4818
10.6252
11.4107
14.2845
11.8171
11.4228
10.8947
7.12288
12.1463
12.9725
13.1383
11.869
14.497
9.75159
7.56808
11.402
12.8996
14.3467
13.6164
12.8763
13.9335
14.2557
14.0674
12.2055
14.5715
10.3452
7.34004
9.94324
10.5388
13.8222
11.9041
12.4773
14.7339
10.5524
10.7605
11.3307
12.5549
11.8149
14.0353
13.5039
11.7566
8.3798
14.4277
7.8717
13.3728
9.76336
4.81101
11.9185
8.19574
14.6379
13.1441
12.2108
12.6796
14.0912
11.5081
12.209
12.1599
14.4134
10.0741
8.69144
9.83414
10.1782
5.78574
10.2191
13.6981
13.6227
9.88031
11.7396
8.42425
6.05756
6.17292
12.6413
11.4207
10.6516
10.6955
11.9593
9.86421
10.4513
9.84308
14.158
14.7635
7.04269
8.72279
13.9237
12.7311
12.1827
8.54472
6.20756
14.1083
12.2322
10.5171
14.0987
10.1924
10.9787
8.49886
10.2566
14.0906
12.7365
6.50932
11.2129
12.5596
7.82949
13.0645
13.6769
7.98143
11.054
11.6069
13.7828
14.4703
9.99849
14.4188
7.02007
12.5376
6.20431
11.2977
10.3955
10.0026
12.238
9.06814
14.6901
12.3405
14.2516
9.88524
8.65862
14.2597
6.23854
12.3508
10.551
8.68672
10.6094
12.4157
14.4763
8.79108
11.8998
9.45071
10.3863
14.0046
8.65186
10.4019
6.1907
9.66567
10.7251
11.0102
8.6523
10.5619
12.0853
13.897
12.3433
14.4017
9.86102
10.6474
6.34062
11.2873
12.0838
14.2851
14.9741
14.3557
14.3697
14.3386
10.6987
12.3218
10.4268
10.4128
10.2044
8.06453
9.27356
14.6927
14.0404
14.8319
10.1244
14.5969
11.6724
5.89037
10.2373
11.3865
11.0905
14.3392
13.6255
14.7955
13.6108
11.671
13.4678
14.6186
13.3924
14.5026
13.3278
7.18606
13.2476
14.7562
10.6445
13.0952
9.21522
12.2065
11.3753
13.6433
8.6651
10.5107
9.84456
13.7203
12.2258
10.5015
10.1636
9.65664
6.85579
14.2425
8.5758
10.4212
14.227
14.7012
11.8935
10.02
14.1845
12.4999
11.462
10.5288
12.1298
6.13319
13.6121
12.0384
7.96293
8.21619
13.4134
11.3496
7.33153
8.80881
8.75038
10.3837
13.0077
14.6863
10.0095
12.4271
12.9348
9.23159
8.68027
13.2767
8.92589
9.8343
8.6655
8.55712
14.3176
9.3529
12.2222
6.90144
12.4829
5.92366
10.3667
9.61735
9.36548
10.3942
8.83836
12.4701
14.5855
9.66031
14.2972
10.0322
8.65797
8.24127
12.966
8.41615
11.0419
13.2268
6.03625
6.22783
10.5699
14.4468
9.79709
10.1361
10.8627
8.97664
5.33415
12.2864
9.18356
14.703
8.50688
9.51929
14.7393
13.9552
14.5549
12.0419
12.1597
12.5835
10.5993
10.3186
13.7147
12.3677
7.298
6.30421
10.2268
12.363
9.38117
6.48702
12.299
13.8379
10.8114
12.2784
6.41617
13.4056
11.36
9.49023
12.1153
10.0993
7.17531
14.2246
14.1897
14.7956
13.5252
13.1734
10.5772
7.29153
8.53307
14.1956
8.58109
5.15317
6.83888
12.8394
10.7795
8.51182
9.87535
14.353
13.5995
9.89929
10.9812
7.63985
5.96914
14.2089
14.5762
11.9118
9.54183
13.1045
9.98938
14.6834
13.2426
14.235
14.348
12.5914
12.7353
13.9388
13.4125
9.96779
8.40647
13.428
9.11862
11.3504
8.73848
10.1927
6.14711
14.9459
9.28219
10.3231
13.462
12.7497
14.4225
14.0491
5.39136
6.16474
12.8826
13.1517
10.1287
11.766
14.2981
10.2943
9.73136
13.1124
11.4315
6.05178
12.4609
10.7718
13.5697
10.6928
13.8383
14.55
14.8101
9.00917
10.0959
6.91131
14
13.8591
8.60832
12.4222
11.7696
13.2084
11.1603
13.6181
12.7764
11.395
11.5699
6.08212
10.9983
9.60765
14.8552
8.51147
9.86443
14.4995
13.6255
11.761
14.4084
7.03479
12.4628
13.3571
12.6986
9.39874
6.04826
10.7339
6.08459
12.2962
11.1515
10.8167
12.4124
9.7842
8.374
12.643
14.8005
14.3684
11.2452
13.4472
9.527
9.6555
14.3644
12.1549
13.4436
13.4925
14.7147
12.8399
9.62397
13.745
12.0028
8.25352
12.9714
10.794
12.4594
10.0067
11.0684
11.7518
14.1132
13.7508
13.0024
13.7927
11.1859
9.57937
12.0993
14.6365
8.6994
10.0957
11.3706
9.93474
12.4187
13.2035
11.1048
14.6058
11.6711
12.8273
9.99942
12.2864
11.8706
8.90173
12.6318
14.7573
12.522
8.9833
13.736
12.1528
14.2892
11.1161
8.24963
11.0848
13.4222
8.39471
11.172
12.4767
10.1532
12.2565
10.1869
14.9335
12.2944
12.8968
14.0209
13.2603
10.0257
11.6917
6.94724
13.1071
6.03522
9.86558
12.5601
12.2064
14.3839
10.5225
12.4885
11.6991
9.64246
7.36373
12.5472
11.7994
12.8652
13.5052
13.6114
9.41691
8.45006
6.86904
13.6533
14.5888
12.1087
9.8906
10.4405
14.3676
10.7649
12.6993
11.3514
10.1199
6.42646
10.263
8.93543
13.2114
11.9872
14.5734
9.40009
11.2699
12.774
9.922
10.5721
13.5796
14.0276
14.8788
13.6378
11.4034
12.0457
11.9422
8.82334
13.1846
10.5542
14.5059
14.9125
12.168
12.5738
9.58479
13.5924
11.7689
8.81293
10.7786
10.1862
14.6058
10.241
6.45086
13.8998
12.9385
12.8116
13.174
10.0603
14.8816
11.7968
10.3752
8.66105
14.6648
10.185
14.4916
6.58881
11.0813
11.0415
13.9603
13.8873
9.05074
6.39489
8.6459
11.1205
11.7073
9.21136
14.3857
13.4638
6.08843
14.131
10.6924
9.403
10.0058
11.0745
9.82525
11.5114
8.39708
9.31611
10.2187
8.63434
6.25749
6.16673
14.723
14.3041
13.2592
13.8537
12.9666
10.7273
7.25141
6.39024
13.3606
10.8799
12.5279
14.5679
8.94581
10.3422
10.6016
12.1359
10.799
8.25167
14.2964
11.6134
12.0762
14.7885
13.9691
12.1392
9.82346
10.3039
10.823
14.5951
13.6864
12.5993
13.2597
14.8034
14.152
6.00787
11.9675
10.2048
13.6976
6.04286
9.67065
12.1622
14.5399
13.0232
12.3221
6.03148
14.0859
10.4465
13.2604
13.4327
14.5287
7.72447
6.39572
10.0026
13.8457
13.8584
12.863
13.6994
14.3594
9.59965
12.3672
8.63238
12.4863
6.21045
10.7056
14.2754
11.1886
14.9309
13.971
13.0661
9.35195
14.0515
6.24089
12.535
14.1349
13.0538
10.8038
14.5448
13.512
11.2271
10.4486
9.6584
7.10824
10.585
10.0644
6.27249
14.7625
12.717
9.67027
13.7296
9.64964
12.3762
8.61884
14.9009
11.3582
12.0437
12.4104
8.68691
14.0836
13.0122
7.91762
4.38284
11.2842
14.1314
14.2558
12.9105
12.9152
12.5108
13.6114
13.2199
12.7547
12.5689
6.62591
8.5962
9.77715
4.33556
11.8634
11.4766
14.5864
10.9673
8.80873
12.2442
10.355
14.3313
9.41389
11.3026
12.039
13.934
8.12098
13.7564
14.3997
13.5107
11.9451
5.53241
11.7099
9.78127
5.39046
9.58742
12.2877
3.89709
8.11889
11.0311
12.3491
8.96023
12.4142
11.1227
12.1331
14.5172
10.3874
8.68167
12.5831
13.9986
10.341
8.81186
12.3902
13.5261
13.749
9.05449
7.31914
12.4578
6.19517
14.4638
8.87183
10.0604
10.2954
10.0308
6.31494
12.0327
12.4671
11.557
10.3444
8.25995
12.6859
5.94574
12.1832
10.3048
14.3972
14.3396
10.029
14.5752
10.8912
14.6942
12.6166
6.30794
10.7807
9.24668
12.2849
10.3084
8.11775
10.3937
8.4083
11.1581
14.0068
13.7706
13.0222
14.7361
8.45347
11.8142
9.67358
8.51582
10.6927
14.1076
12.5337
9.14348
11.0324
10.5018
10.5099
14.2269
11.348
14.3309
12.8697
12.7477
12.9519
11.7595
11.9617
12.5919
12.9544
14.3754
10.272
13.5001
6.00379
9.91049
10.3527
13.2721
12.1096
14.2454
12.0796
7.32418
11.273
10.8715
14.2547
5.3485
13.5931
11.8217
9.13672
11.9396
9.97133
12.4663
9.61118
12.5588
12.2951
14.5731
12.4703
12.8657
12.9432
13.0769
10.577
12.5523
8.86855
13.6634
8.5895
5.91451
11.2233
12.3219
14.4005
10.5693
12.5707
6.32969
8.618
12.7012
14.5838
10.2755
10.0947
11.0876
12.9106
5.73702
14.3393
9.01265
6.22201
8.33632
14.4157
9.40937
7.7679
10.0742
8.47584
5.81009
13.0518
14.0311
8.28988
13.0083
8.46045
14.1257
12.1559
6.01875
6.67717
10.3502
11.7633
8.61511
13.2288
10.6375
11.653
13.5663
8.66468
8.35869
9.37857
11.0399
14.1585
12.1667
14.2002
9.7872
12.4018
9.74386
12.4807
14.0498
10.6529
9.09211
12.1367
8.71809
14.7196
12.3727
10.4559
14.8999
10.8462
12.1086
4.75633
11.4367
8.68899
14.2676
14.0015
10.6385
11.6284
13.1321
13.6215
6.06445
13.3824
12.283
9.65937
11.06
12.0617
14.5518
12.0546
10.8932
9.90724
10.6469
13.9545
10.8333
14.3086
14.2944
5.37469
12.6399
12.5378
13.507
9.01645
12.9846
11.8189
14.8429
9.80687
11.6634
13.0475
10.7508
10.2154
9.82702
14.5857
12.5072
8.83488
10.2563
14.1028
11.299
13.9265
13.3122
12.8406
10.2672
12.2845
8.88224
9.96161
9.90089
12.5173
11.0536
10.0799
10.8052
9.18298
9.72884
12.5316
9.88251
8.55149
6.30713
8.74113
14.5024
9.93677
8.68058
10.0603
10.4483
14.7322
13.2806
8.13643
14.4214
13.9033
11.5316
14.0954
9.56352
12.1621
12.7709
14.6367
10.2602
14.4731
14.4828
14.5191
10.2629
10.8194
13.5089
10.2395
11.6343
10.7921
9.48329
4.7136
11.1847
12.1598
8.80672
6.76637
8.56671
14.2858
10.6807
9.75385
5.99942
12.1869
12.4871
12.0401
9.85356
8.46053
9.78903
7.83276
11.6548
13.8461
14.3003
11.6647
7.51754
5.88474
14.8496
14.4768
11.517
6.63003
14.735
10.8927
11.7067
13.3335
8.02353
6.13015
11.8082
6.10941
9.90902
11.0551
14.7984
12.4086
9.62368
9.55167
9.57695
14.2304
14.1551
13.4012
12.2104
14.0711
13.5714
12.5413
14.6225
11.7546
13.1529
9.31117
11.0567
14.3001
8.89057
6.1987
13.4917
13.5992
13.36
5.93842
11.6489
13.5711
10.2936
12.635
14.5161
10.1937
6.23932
10.3529
14.9661
14.8596
12.0237
10.3885
8.85949
14.2199
10.1829
6.91039
12.846
13.7728
14.9249
9.19688
12.8362
11.5856
12.0545
12.6634
10.0816
6.25108
9.04835
11.5171
9.57986
12.8346
9.79333
9.72234
8.65383
11.5564
9.92722
8.49336
10.6502
11.9136
9.90911
10.7094
9.91075
10.3085
9.78758
12.765
14.9304
8.74166
9.82806
14.1543
13.1107
11.569
9.70207
12.1403
13.2266
12.7296
12.5303
12.8651
12.865
13.7025
14.5655
10.207
14.9957
14.7472
9.68721
13.5069
5.87974
9.6113
10.6184
10.4307
13.9173
10.7545
11.6874
13.6404
11.5578
13.4953
14.8357
5.4257
11.5221
12.3317
10.5585
10.7896
12.5014
14.8852
14.448
7.28276
12.5324
5.87507
14.6691
13.554
10.2048
10.2937
11.2862
12.5315
12.4128
10.1399
13.1171
14.1083
14.9784
14.92
7.03636
5.03866
10.9688
5.91732
6.13107
7.18459
7.0972
11.7177
13.0851
11.4971
10.9534
10.5293
8.13029
14.8981
10.2389
8.5605
9.90099
13.8378
11.1084
13.2109
14.45
9.86714
10.7491
8.60074
13.4133
10.0157
8.4143
9.8355
13.8256
10.4933
12.6848
14.9611
11.7565
11.5847
8.85166
11.6144
11.3458
11.5955
14.9068
9.30398
14.2977
