10.9006
10.1705
13.0323
11.6763
11.4617
10.5476
14.3702
13.3152
14.1337
8.78168
11.2317
9.57914
11.619
8.16449
9.74769
12.2693
14.2557
7.8468
9.28642
14.8687
8.53021
12.9468
11.8329
8.10154
10.9608
13.4931
14.6704
10.2276
12.9631
11.2884
9.0162
10.2306
5.40107
10.1757
9.80051
12.8299
14.0323
13.3677
14.5547
12.4774
13.7036
9.56855
10.7623
11.8773
13.892
14.2499
12.1425
14.9541
12.3448
9.38733
5.2021
11.9012
13.1171
8.22147
12.5927
12.7504
9.23288
10.7809
14.1838
12.5194
10.4737
13.0432
10.152
14.4741
13.8655
12.3489
6.51674
8.55922
9.7762
13.3679
10.9642
14.2783
11.7076
14.9342
11.2399
12.809
12.7584
13.9727
6.5925
10.5124
11.6005
8.78368
13.665
9.25034
6.24457
11.2288
13.8301
6.10511
14.6146
11.6026
9.68772
11.2022
14.7309
13.7649
9.70899
7.77954
8.51001
11.7283
12.8829
10.6424
8.5622
12.0988
12.4814
7.78663
8.686
12.2182
9.65941
10.7907
8.62249
5.71296
11.6321
9.91036
14.2256
12.7281
13.5799
11.2968
11.5568
13.4532
9.23384
14.6518
12.6363
11.0676
12.7955
8.42818
6.24042
9.86327
12.2626
13.964
12.8067
9.45104
13.0072
13.0428
10.3092
5.06181
9.05775
14.6752
6.49129
13.8161
10.609
8.98871
10.078
12.5185
14.9262
9.37722
14.6502
10.8628
11.7514
6.08588
14.1658
7.84723
11.4985
9.81954
10.1041
10.9453
13.2023
14.8637
11.2743
9.62859
6.71478
9.80697
14.2219
11.3795
11.5057
13.3219
7.98578
14.645
14.5768
9.75915
14.3802
6.01915
11.7552
14.0273
14.8038
10.7977
5.71959
6.23723
12.8352
9.91648
13.852
12.9436
12.3523
13.7832
12.2514
9.64098
5.91058
12.267
13.8415
8.42075
14.3654
14.7976
13.3328
10.8958
12.7266
14.16
14.7244
7.994
10.349
13.8766
9.68362
9.54969
13.6977
6.72406
14.9841
12.784
14.511
10.6268
9.90535
14.0982
11.362
13.0937
7.58409
10.6695
13.4042
10.4517
5.12341
10.4312
5.26528
11.8709
12.8919
8.9572
10.0025
10.6634
14.1005
10.9513
5.32054
14.0963
9.89265
11.3224
6.0917
9.36667
14.0881
11.1164
12.3886
14.6525
14.3056
12.2809
13.5549
9.8309
13.218
13.9112
13.7936
14.447
11.5201
14.4612
9.8182
6.66568
12.2158
8.53474
14.1162
12.4991
11.6509
12.3027
13.9923
5.9164
13.6292
9.64389
8.54168
9.00904
6.48273
9.03767
5.45102
13.8259
11.7027
12.6035
14.2267
13.0917
13.9831
9.65844
12.5445
5.8652
11.2795
11.9062
6.12213
9.19967
11.6876
14.036
11.2304
12.5704
10.0632
8.71899
11.0916
5.99921
14.3618
8.31341
9.78151
8.72572
11.5508
9.83762
11.4421
14.4764
9.62022
10.1119
8.1604
7.10909
14.4538
13.595
13.2818
9.05057
11.7452
7.07337
13.7321
10.5294
14.5702
7.64096
12.2708
8.50078
9.48295
10.1704
14.5312
12.1088
5.24867
14.6165
14.4452
12.1657
9.71609
11.3184
6.42878
13.1347
9.85467
7.46505
10.1397
12.0963
12.7147
8.66315
12.3753
13.5153
8.1534
14.9589
10.0717
14.8279
14.1666
13.7247
12.9352
11.5602
13.2418
8.76381
9.08416
11.4711
11.9693
7.98294
12.3807
9.843
5.22501
9.69492
12.6937
8.34796
9.47563
10.7698
11.4586
12.1092
13.2627
8.40678
9.87782
10.265
12.472
6.55479
5.57899
14.8675
10.1235
14.0746
13.0626
13.1686
9.64448
6.40627
13.2701
8.8952
12.2205
10.3729
14.2952
8.82801
14.3073
11.4335
11.7827
8.97677
8.22414
11.9751
13.7355
12.9241
12.8831
11.9858
10.3743
13.5915
13.1728
14.587
9.69076
12.2692
12.0215
13.5255
12.4421
11.7301
12.2434
12.7721
13.6193
5.89063
13.0131
12.0049
14.0008
8.68864
14.4703
6.62348
9.4426
10.3046
10.7326
14.0668
10.7157
9.54056
5.41531
6.45478
10.9536
14.2866
8.85827
10.9436
12.9897
12.4499
7.53654
14.801
7.36772
13.6665
8.66317
8.85726
9.90157
13.1224
12.3683
14.1697
14.7378
9.25313
7.73472
9.44689
12.7325
12.8043
13.2571
14.6219
14.7757
14.981
13.3355
14.1146
10.5749
11.7747
8.27698
7.29303
12.2667
10.4583
14.8497
13.9074
4.30393
13.8256
8.55815
10.7953
9.57679
8.33548
12.4763
12.805
7.06719
6.45747
13.4073
14.4099
9.6993
7.65574
9.69369
11.3449
10.216
13.3055
12.3428
12.5705
11.8408
10.4816
11.5966
6.56747
13.3441
12.0919
12.7555
10.0071
14.5704
12.6668
11.9572
14.3265
10.1557
14.5428
11.3447
12.6558
13.4995
12.158
10.3731
13.4102
14.868
11.6612
13.0538
13.935
14.4695
11.8505
13.8554
5.70779
9.46362
12.8364
8.66617
14.5223
13.0514
11.0204
10.1444
8.30397
12.4077
11.1702
13.465
13.4714
10.2716
12.6032
14.9663
10.6434
13.5789
14.3395
14.7127
10.5348
9.73204
8.90986
10.9679
13.1531
13.0092
12.6516
10.7945
11.0476
13.0014
11.6824
14.0714
10.9074
13.2295
11.5907
9.94949
13.7671
10.4803
5.53973
8.50016
10.6214
11.6013
8.43329
12.7684
12.91
10.9139
8.92219
12.7177
12.2399
10.8424
9.78981
12.3478
8.5472
8.76895
13.0014
6.92186
13.1103
9.87577
6.52497
12.748
13.8686
13.5115
11.1366
12.5211
11.559
13.2143
6.56127
4.73611
13.2749
5.84419
13.9893
5.64126
9.19214
11.8952
6.21622
14.7333
8.23953
7.64489
14.7442
11.17
12.7355
13.0926
10.3331
11.5411
14.1347
14.9139
6.13583
13.8168
13.9965
14.5739
6.68073
14.2293
13.0471
11.1969
9.02308
14.3537
10.8744
12.9858
10.5901
14.8427
14.4876
14.3702
14.5631
8.44781
12.3445
12.5641
11.5836
13.4775
13.445
10.5667
8.73119
9.66303
10.8172
12.2318
7.35114
11.8012
14.1811
13.7279
12.295
10.5795
11.1768
13.3226
13.0597
8.68403
14.2155
10.7364
10.7264
12.1307
13.871
11.4779
14.4462
12.4016
11.7016
12.7615
14.2702
12.7546
12.2193
14.5635
6.44416
12.1806
14.0844
11.4183
12.2837
10.1074
9.51819
7.78476
11.7395
6.40401
4.11958
14.9102
5.7544
6.16327
6.18223
8.62963
9.7186
12.3822
8.69533
12.2884
14.3308
10.053
11.3547
13.1597
14.8517
14.2768
7.3772
10.2796
11.6109
12.6185
14.8262
13.8114
14.3417
9.04806
9.42431
13.2584
11.9026
14.1135
14.8464
11.9256
11.5561
13.2271
14.0579
6.36945
7.25568
10.582
11.5742
9.67077
8.0033
12.6486
14.3238
9.71662
11.5319
11.9547
14.0454
14.1113
12.1694
11.1645
11.868
11.8918
9.42075
14.8934
11.1735
8.6471
10.6727
7.15642
10.7641
13.0397
12.6619
11.8891
9.0743
10.7632
8.54495
14.2394
10.6044
10.2782
6.23087
8.70021
10.688
10.1493
9.91614
12.1481
12.8162
6.02791
13.4895
9.51073
14.3317
14.7694
5.70709
6.05942
14.3272
9.34745
14.323
9.22684
14.2378
6.80786
13.4239
10.3311
6.26518
9.60254
7.94348
11.6023
13.3036
12.2463
14.5112
10.8441
8.97933
7.36738
12.1298
8.15862
9.74867
14.2702
9.07026
12.6109
12.0251
6.98356
5.89518
10.955
5.60947
9.59476
11.6822
12.1842
12.5169
12.7864
11.9236
11.864
13.9378
8.82598
5.52234
9.73368
13.026
13.1846
11.7643
12.2937
9.91527
14.8976
14.7577
9.15145
12.5501
8.8153
11.5011
13.5956
11.6389
11.8728
8.94432
14.8259
13.3851
12.0482
13.3946
8.67981
12.1983
9.12963
8.34628
12.1114
14.3142
10.8321
11.0526
7.3729
10.6581
12.7386
11.7594
12.5646
13.2936
9.19499
14.1542
13.7417
13.9254
7.66818
9.01848
13.1943
10.9554
13.2406
6.05935
8.50953
14.2551
5.69441
14.4004
13.2226
10.5399
6.31683
11.3804
14.2843
14.3318
11.9298
12.9974
12.0764
10.1332
9.37268
11.3824
5.01634
5.22404
14.2169
7.80001
10.9136
9.5615
5.40966
6.41957
10.7073
10.702
14.1329
10.132
12.9912
9.5198
14.6665
14.0584
12.8501
12.9987
14.5004
9.89329
11.2956
12.0015
14.1142
14.4339
12.3422
13.6955
10.9069
13.1023
11.9413
10.6918
11.8439
10.1514
5.53379
12.463
10.7418
11.0035
11.8964
13.3583
12.2071
11.3067
9.1841
10.0843
12.1081
12.3907
10.9485
10.7687
9.12985
10.1315
12.1552
8.73549
13.909
8.90843
11.6564
12.6827
12.4831
11.2569
11.5337
7.25503
13.3466
9.3802
14.9672
12.5928
14.534
14.7946
11.4743
10.1394
11.0033
14.5931
14.5041
12.412
10.2793
14.1048
10.9062
14.3427
12.2247
9.52557
14.4858
8.83579
11.1107
8.29377
6.18276
10.4082
10.5693
14.2984
11.7573
13.2145
6.79141
11.9387
13.3154
12.4129
13.5771
8.55922
14.8282
10.0222
7.75678
9.33715
10.2624
12.964
14.4738
14.3745
9.51677
14.3733
9.75978
11.1197
13.8518
13.5423
10.69
14.025
13.0018
14.8363
12.5122
14.2952
11.5813
11.8461
10.4024
7.93222
14.9403
11.0397
14.8912
12.0326
8.56382
10.0305
8.29608
9.5794
13.2119
11.8866
11.1499
14.0444
8.8572
11.2707
9.73214
6.39846
5.41076
12.1665
14.1005
6.28476
5.84058
10.0888
13.1473
7.49469
13.0353
9.67661
6.9899
14.5603
10.6156
11.4657
11.9088
12.2977
12.4132
12.3193
13.8714
8.34517
9.90346
9.98459
14.3094
12.6344
13.4721
6.01073
6.14453
14.8589
12.8758
10.5777
12.1036
10.6738
9.47194
8.54673
13.5783
14.0849
13.4542
9.82861
8.83153
9.86697
12.3261
11.526
11.4387
6.82645
10.1723
5.91603
8.80978
8.71602
13.6607
11.2205
8.72599
14.5054
13.065
7.92467
12.7492
12.0538
8.36118
8.66488
14.8868
14.9152
14.8895
11.5264
12.3018
10.4442
13.1547
7.70837
14.1309
12.9271
11.3805
14.5876
8.43348
13.7796
14.4159
13.7312
11.2785
9.55877
11.3872
10.6446
10.3388
8.5831
14.0511
9.50647
12.359
9.38591
12.4671
12.615
8.18713
12.0608
12.7423
14.0566
14.6631
8.93069
14.8111
8.50514
11.7162
11.7918
13.1733
13.5007
10.7323
14.5395
13.6366
13.9299
12.3756
14.2688
11.962
9.34886
13.7735
8.16069
6.46165
7.48695
9.28234
13.1736
14.7864
11.3396
8.96169
7.70706
10.904
10.4498
5.9228
14.2108
10.1315
11.4233
12.3514
9.40544
13.9028
13.4068
12.9076
9.02234
11.4835
14.8093
10.4667
11.4805
13.3464
12.8549
9.199
11.7443
14.8837
6.45305
12.8115
13.6151
6.0903
13.7745
14.9374
11.2721
11.3829
14.8026
9.49819
11.7159
14.1089
12.9782
4.5528
13.2987
13.9332
9.38404
8.25706
6.56791
9.10791
9.94512
14.2205
14.3655
13.5518
13.2136
13.005
9.25219
14.1099
12.8231
10.5547
9.02971
6.11588
13.8042
13.4065
12.8664
11.9005
9.77898
7.8993
9.14867
13.8604
6.83248
14.5972
13.1093
10.7661
14.3089
12.2907
12.6766
8.86816
12.3716
13.7833
9.87211
9.5617
6.10899
8.17144
11.0944
9.49949
10.8624
8.3779
10.8981
10.7761
8.99707
10.6349
13.1787
12.7069
8.87914
11.2007
10.6144
14.3744
14.2428
13.6014
12.6155
10.9914
13.6543
13.6262
13.3378
9.42519
10.4171
9.10678
6.46084
9.06821
12.0697
10.604
9.66344
9.78104
8.57565
13.8504
13.3166
13.4398
14.0221
4.74095
12.0797
14.7287
12.2549
10.4183
9.74054
9.30283
14.4213
13.5584
10.5201
8.47722
8.24312
10.6108
5.98965
13.4871
13.889
13.7015
14.225
10.4362
12.4166
14.2325
13.5766
12.7206
12.033
13.6167
9.11242
8.64401
12.8831
12.6353
14.0684
9.32002
14.2481
10.6536
14.3666
13.6368
12.7618
6.81277
14.8781
13.4427
14.2262
11.7326
6.07865
13.7752
12.8806
7.73711
10.8135
9.6841
14.6598
14.4277
7.41773
6.11581
9.34703
9.8448
10.6615
8.83414
11.3565
14.665
8.5601
14.2355
13.7068
13.8067
14.1048
14.8559
14.401
10.7492
13.5724
10.8321
10.9741
10.1852
12.686
14.8467
11.4981
12.2274
10.8527
7.13102
10.741
13.8492
10.8139
11.0403
8.41134
12.9559
12.7499
13.9138
8.64037
11.7602
12.9476
14.252
13.2942
13.0723
13.2062
11.9347
12.3199
13.1105
9.12756
9.57913
13.02
12.988
12.8964
14.1107
13.2771
13.854
9.6571
9.17845
14.1695
8.18272
8.61616
11.9619
11.9403
11.1865
14.7634
11.0611
14.3894
12.5034
12.9919
13.014
9.31153
9.00809
11.5391
10.0115
12.4107
13.0523
13.1076
14.3115
14.5995
9.87834
10.6731
12.3551
14.664
9.37062
9.15376
8.76117
11.0093
11.5033
13.2484
12.6494
13.6518
12.3256
9.36823
11.8254
14.6087
10.1037
9.24133
11.2181
6.09986
13.2175
8.39708
5.85733
12.8422
14.9854
14.3542
5.42739
13.7752
9.8409
12.7329
10.8575
12.4132
14.2162
12.5587
14.2509
14.2152
14.3115
10.8162
13.5146
12.748
13.2515
10.0691
9.40647
12.8815
9.28305
13.6378
11.4975
10.2935
11.9485
9.68645
10.0935
11.6737
10.4013
8.82774
13.6327
12.6352
13.7118
10.5734
9.61871
9.49557
10.8397
10.6872
10.9298
10.5699
8.01749
14.2709
9.05369
6.17942
13.5399
14.1913
11.7412
10.3941
10.5367
11.6577
14.4506
14.8895
11.1632
9.69862
12.1761
13.4458
10.6965
14.3025
10.2592
12.5863
9.94075
11.2462
14.4557
12.5569
10.0068
5.66308
14.0149
14.646
14.5639
14.5492
8.76043
5.93189
9.07674
12.654
7.86953
13.0038
14.6896
12.4237
9.72244
9.83171
13.206
11.5365
3.93147
6.5806
8.98609
8.14482
5.63717
12.1089
7.95169
9.98242
13.6052
10.8533
11.5459
12.6457
8.63491
12.835
11.1282
9.29882
12.5431
9.8361
8.839
8.75965
10.6982
7.62367
11.6716
11.7848
10.9956
13.3496
6.10234
10.3055
9.79941
13.7148
13.7314
6.34265
10.5837
12.2556
9.89752
8.0567
12.5764
12.5573
10.4402
12.4476
6.07531
10.1572
12.1571
9.61959
13.9883
10.042
12.5464
9.50481
12.4573
11.6209
10.6611
14.6073
14.2267
11.834
10.6106
9.03865
11.0859
7.50218
9.07501
12.6706
5.3013
8.83149
14.4969
8.38716
14.9511
6.06016
10.3308
14.9517
14.0727
12.628
6.4235
14.128
13.1767
11.2468
8.64171
11.8825
10.5052
14.5357
10.1996
13.4806
13.9984
12.2586
13.3949
14.8444
10.8204
7.74594
14.9618
5.50047
13.3146
13.1043
12.0542
11.0023
10.9295
5.94259
12.1294
14.3547
9.72432
14.0402
10.0706
13.2915
7.32368
8.70571
8.14526
9.41631
4.47775
13.7701
14.9869
11.4355
11.5013
14.7793
10.5869
14.549
13.3866
8.80339
13.4717
9.3537
13.097
9.26189
12.4233
13.7098
9.07562
10.6754
14.8757
9.36601
13.0172
6.32606
6.23358
7.71941
14.1492
13.4761
12.283
5.83224
12.1994
12.192
6.1196
13.7401
14.4136
11.9478
5.48398
10.1654
7.15151
13.6337
10.1046
12.5796
9.12923
11.8731
11.5023
13.759
11.2279
13.1551
11.2325
11.3892
14.2099
9.96093
12.2416
13.6177
8.62284
12.3508
13.0215
10.7889
9.91236
11.9498
8.82671
6.54802
8.93523
12.6922
11.9996
13.3123
13.9754
8.38476
11.6841
10.9667
8.94209
14.4233
8.92354
6.49573
11.8501
14.1106
9.13233
13.662
10.608
12.3057
11.0837
10.9421
9.42388
13.2901
13.4452
11.156
10.5057
5.33305
10.1202
9.44118
11.0575
11.9893
13.3424
13.2703
6.11617
8.4813
10.185
12.4522
9.26357
12.4362
13.3835
12.3996
11.7003
9.51572
9.82483
13.4506
13.5802
9.44203
13.6496
12.0671
7.35853
11.2879
13.8286
10.8359
6.05061
11.2867
10.33
11.6185
6.27033
6.48567
7.58428
13.5953
9.93205
12.9031
13.8513
14.1422
12.4453
7.27676
9.26361
6.56865
9.69071
14.0831
11.0153
11.4898
14.9188
8.17862
10.464
9.11322
11.6175
6.6988
13.5376
11.6888
11.4799
9.13952
13.7658
11.7949
7.25266
10.2383
12.589
11.2525
10.6111
11.223
7.59904
11.2128
9.39348
8.76765
14.3681
6.32607
9.65514
13.2259
12.6284
14.3723
13.8977
9.75678
4.48529
9.3159
13.1808
6.5912
8.52569
11.3601
12.3361
11.8734
13.7825
12.8385
8.09272
9.61683
9.77666
14.8657
5.36078
8.88228
12.7553
14.2719
12.2139
13.3847
11.9303
11.5342
6.49274
10.1529
6.53302
13.3324
12.9384
10.86
13.6189
10.0292
12.1891
8.34287
10.8875
8.76507
10.0459
14.5504
9.84511
14.5619
14.5504
6.31739
10.0459
13.5436
14.636
12.1355
9.25817
12.0582
9.16193
13.5038
11.9313
9.93144
12.5665
13.572
11.4312
9.41344
12.3944
10.0223
12.0552
12.2265
10.4962
9.15068
12.8422
13.7474
8.75104
5.67018
11.9353
9.73007
14.6016
8.2348
13.7347
10.1047
12.7352
14.746
12.3057
12.4427
10.7398
10.3961
7.42953
6.48403
13.9233
6.08266
8.70496
13.5755
12.6294
14.1741
5.81441
9.15389
8.62341
9.90737
14.4807
9.21524
14.723
10.6728
14.2584
10.385
12.0404
14.5718
14.6772
12.2539
11.2034
11.1872
5.81784
6.17926
8.03693
10.7713
8.84461
10.1378
8.57753
6.24229
9.82653
12.0712
8.97991
9.06493
10.7785
10.6832
13.8735
12.0657
14.7885
12.1703
12.0208
14.2566
9.31574
10.7457
10.4256
6.13304
13.9762
11.8138
13.8424
13.2506
14.9666
14.1709
12.7819
13.1621
9.89881
14.6335
10.1087
13.8539
9.39258
7.72075
7.87421
9.22637
14.0546
14.8757
11.8754
8.83087
7.89854
9.7844
12.1701
9.76412
10.8206
13.1743
13.3737
9.91875
14.0696
13.4726
9.26714
12.7988
11.2685
14.2678
12.6853
12.4272
14.1457
13.9451
10.4189
5.36144
6.41862
12.5243
6.12823
13.2789
11.736
7.39502
10.3761
13.344
8.66555
14.8595
12.1809
9.75167
14.5109
12.134
13.9963
12.7334
8.43703
6.30674
12.5316
11.0044
9.36253
10.2562
12.0029
14.8028
12.0399
11.0005
10.6767
9.13429
10.4091
13.0454
14.3125
12.1265
9.8946
11.4631
14.3257
13.6902
10.5671
14.0324
10.851
12.285
9.52064
9.23641
5.95363
14.1274
13.4788
5.25383
8.78846
11.6113
13.2871
12.0843
11.6548
14.5102
7.78849
10.9358
14.461
13.3045
13.1052
8.16917
12.2045
10.2377
14.4297
12.8523
11.1574
10.597
7.55147
11.9445
9.07698
11.1291
8.3879
10.4389
8.92644
12.6269
13.662
13.4619
8.43722
9.01982
12.3751
6.09677
13.0486
12.8861
10.109
10.1658
14.9337
12.3208
12.1414
8.55754
13.3451
9.51336
13.1037
14.5164
10.9561
10.5812
14.4323
9.86792
13.2296
6.68443
9.81183
14.2293
9.55279
8.34697
13.1015
9.32073
13.9823
13.1567
14.3661
11.5572
14.353
12.7357
8.98219
13.901
12.5534
13.6019
8.53387
11.6698
8.08828
7.6151
10.2681
10.6225
12.7998
11.4502
9.69182
6.24072
14.1924
5.99079
12.2183
11.5593
13.9299
10.1533
13.9098
14.566
12.4143
12.8818
7.17302
8.73536
11.506
14.1946
13.9279
5.75965
10.498
14.7983
11.8263
10.6231
14.0983
7.72026
12.3427
14.7679
13.0101
12.7175
12.3747
7.30688
9.2359
7.44595
7.4415
11.5299
14.0498
11.8782
8.06355
11.8031
10.3975
8.96878
6.53174
10.4798
12.1162
9.39013
12.204
8.47904
11.4603
12.1478
12.6509
10.3106
13.879
11.4866
6.97377
14.7175
14.9657
5.08727
8.83265
8.19511
14.7373
11.7719
13.1339
13.1035
11.581
12.274
7.3237
13.1423
10.84
11.5358
8.95712
5.2598
9.98248
13.5108
14.435
8.09584
6.318
10.3377
12.7884
13.5543
14.6848
10.9929
14.578
14.9451
10.6593
14.714
9.01219
10.0494
9.81259
4.26008
9.00363
5.98623
8.88064
13.6662
11.3639
14.5562
5.01488
13.4853
10.8672
13.2934
13.9714
13.8718
13.5386
9.86118
12.8947
8.75996
14.8752
8.37504
12.0673
10.8119
14.3751
10.3518
10.6685
7.86222
12.5113
11.7514
10.7378
10.7972
9.66772
11.5518
4.41021
12.0808
14.6863
8.36345
7.59856
9.87175
14.2783
8.53583
14.1399
13.0843
14.9392
8.89074
11.3186
14.0806
13.5648
9.07263
12.564
11.1221
8.78905
8.56675
13.8083
11.9173
12.9032
9.21822
11.2258
10.192
8.4517
5.87816
11.7279
14.8097
13.4399
12.4799
13.4456
14.833
14.5491
5.42183
13.7634
9.9386
8.53454
6.87235
12.1965
10.4575
6.28514
13.9838
13.3202
11.0861
9.17036
13.7348
12.9403
13.6057
13.439
8.34985
13.8163
10.1947
8.69453
14.0502
10.1905
10.8401
4.91701
13.3325
8.72833
10.4666
11.8601
14.7115
9.57091
6.44978
14.7347
14.4598
14.6277
14.301
12.056
14.6613
13.1733
14.5833
13.8083
12.7752
12.8096
11.3288
7.0219
12.4701
9.35637
9.17869
9.73649
12.5986
10.5707
5.95356
6.81265
10.3211
11.4118
13.1503
14.3449
14.3035
10.4389
12.1212
6.68219
12.9714
9.34693
11.9226
9.1521
9.96202
11.5446
9.54586
9.94482
13.7612
12.3547
13.7565
13.8145
6.91113
7.78625
14.9526
9.66129
12.0553
14.1907
14.3052
7.38455
11.3195
13.1385
11.2934
6.33258
13.0227
13.8697
13.252
10.3286
10.3396
13.6338
11.7692
11.7616
14.4777
14.1188
5.9219
10.006
14.2617
10.2922
8.65694
7.19804
13.596
14.4595
10.1924
14.446
11.1416
7.35621
12.1729
14.2532
12.2316
14.3304
11.2281
12.3324
6.80337
10.8433
12.1083
11.8105
14.5774
13.1509
12.7994
13.418
11.9233
7.77152
13.4622
11.1195
9.41349
11.9794
9.8004
14.2697
8.89843
9.58693
4.37845
12.2936
4.85929
8.16242
6.58069
10.5155
14.5294
14.9769
11.1959
13.0269
4.33338
12.5871
12.5269
9.73888
11.3177
11.4671
13.9579
14.6968
6.4511
10.4372
11.6183
11.6531
11.7382
5.41813
12.9811
6.06727
10.9111
14.4286
7.28379
10.7953
9.05781
6.29837
5.36018
13.2044
9.72615
11.8947
12.3475
14.5047
11.9731
13.2007
13.7908
10.0284
14.0921
13.5781
12.7981
5.7839
10.3354
14.6648
12.1451
10.8769
9.67002
11.9785
9.99222
12.8276
7.79866
13.5479
11.3786
13.4921
12.3595
13.9295
10.032
10.9928
10.6543
14.8846
8.90571
12.8284
12.0212
5.43249
13.2313
11.3289
11.2287
11.4213
7.74832
12.2468
13.8159
11.0844
9.26809
13.4132
10.7406
8.95885
6.34193
13.86
8.26727
13.9306
14.6525
9.95588
12.8096
13.3914
13.6812
9.18549
14.4468
11.5796
14.1777
7.25127
12.2663
10.1697
6.5495
13.29
14.3199
10.0597
14.9508
12.0871
14.3671
14.3764
12.31
12.0245
13.1702
9.71582
11.6528
10.4987
8.59329
14.0837
6.50202
12.5829
9.64081
13.7237
6.12105
10.8834
14.5581
14.3622
11.7776
14.1718
12.2694
6.33584
14.1313
13.011
8.94934
7.05267
13.9565
13.8777
9.55957
13.7445
14.0257
11.9042
8.5182
5.46471
12.4681
10.6666
14.0323
11.8653
13.6649
10.566
13.6061
13.1905
12.7547
13.1437
10.5184
14.5056
14.511
12.9495
14.3793
12.904
11.9815
12.5705
13.971
9.23144
13.4728
9.9868
11.3127
8.68631
5.42045
8.53324
13.61
12.3389
10.2004
9.27225
10.6512
5.36995
13.3672
12.4477
12.8005
10.1978
11.0556
11.2676
10.9763
8.79414
5.99859
14.1808
12.635
9.03295
11.4063
9.66826
11.1835
14.9989
12.3968
11.0742
9.50597
8.80307
12.8687
11.3107
10.3095
14.307
12.8679
13.5476
10.004
6.36111
13.3873
13.5717
12.0708
10.8858
12.2824
9.1535
12.4183
13.6709
11.8954
11.037
10.0531
14.3233
11.6541
11.9172
6.12065
10.2165
12.7226
9.28223
5.27238
8.4988
12.4617
9.94536
12.0014
14.4386
6.00494
9.60825
9.97582
11.5783
8.99567
13.7945
11.483
14.4318
13.4068
8.575
14.6313
9.63679
13.9098
14.8294
12.2954
10.153
14.8931
13.9735
12.0135
11.3754
6.0119
11.6503
11.8781
14.3218
10.9749
12.8302
14.813
14.9685
6.44384
12.0839
12.2869
12.0927
8.19641
5.21971
13.1184
11.4457
8.91874
8.6627
10.622
8.65031
12.8284
10.048
9.7578
9.43029
8.95427
11.5287
13.1581
9.61197
13.1883
14.9529
13.9693
4.91104
9.44531
8.85303
13.7601
6.46819
10.7123
8.94491
8.67056
14.4119
9.78549
13.5674
11.1389
14.355
11.5873
7.0304
11.0207
8.6467
13.4769
8.12399
10.056
10.2566
7.34021
12.6861
8.5365
13.6122
14.9336
7.05658
13.8491
12.9937
13.1364
14.3221
13.4374
14.8507
8.57851
14.9221
13.5595
10.2069
12.8108
13.0964
13.1049
13.147
12.4923
4.26917
10.6058
6.11563
8.55638
8.28435
11.1746
10.2525
4.30934
13.3114
10.6821
10.9066
6.185
10.8513
13.1314
8.20803
12.6441
13.8737
13.368
11.6839
10.2849
11.436
5.21121
12.6219
14.2421
9.53689
13.1374
10.7467
10.8126
10.8688
11.4865
12.8456
9.92633
13.0913
10.2161
7.89442
8.85125
10.0775
12.1362
13.0187
10.7897
14.4107
5.92143
10.1234
14.0636
13.743
14.647
14.7228
14.198
10.5431
14.7304
14.2078
10.5366
9.36664
12.4322
5.47555
12.3667
13.934
12.9982
14.3179
9.45537
13.9838
12.3426
11.665
13.1566
9.60433
12.8973
6.44472
8.55042
11.1754
6.41328
9.47766
14.1357
6.23235
11.9295
6.67541
11.0007
10.1638
12.5675
8.92146
8.59345
13.7194
14.2101
14.8618
9.94142
11.1216
14.4619
13.5041
13.994
10.9014
8.27278
13.5959
14.375
13.7696
9.01277
9.05936
11.3539
13.3801
5.29036
12.1817
9.48149
13.661
14.0067
11.9663
11.3389
11.9703
10.6754
14.5232
14.6634
10.2557
13.6485
13.5324
11.7868
10.389
13.6038
12.7135
9.43758
13.0185
8.8572
13.0515
12.5456
6.76493
8.37996
7.39906
10.5668
14.5857
8.22125
14.8475
6.51493
7.63619
8.99471
12.7503
9.09567
8.50487
11.5569
8.85564
9.0745
12.6953
12.3572
13.0557
14.857
14.4602
7.7547
13.2716
13.6373
9.67005
14.1705
11.0154
12.9253
11.7025
13.0721
8.75203
13.2295
12.2621
10.2672
14.5826
8.73996
12.5261
10.4963
13.6232
10.6056
6.23736
9.70886
11.1009
10.5329
7.80906
13.0836
14.8034
8.57858
8.44816
5.61219
9.27676
7.69356
14.1273
14.2911
13.6348
9.07018
13.1091
9.23479
8.73409
6.42424
6.61822
11.5382
6.03855
13.4887
14.7679
10.5962
10.2766
6.6865
10.6123
6.76869
10.301
10.6816
14.5403
6.46081
10.911
12.2508
13.5019
14.7852
14.5892
9.87416
13.5983
8.94994
9.70861
13.1493
14.5055
13.6706
10.6744
13.9322
5.93483
8.57245
8.27296
5.72331
13.9159
8.02692
9.60701
12.9065
12.4235
7.20531
6.39637
12.0683
14.7721
13.3566
9.93339
10.5824
8.98181
11.1087
10.3601
6.67701
13.6753
8.37248
13.1266
10.2163
11.5487
12.857
9.69717
13.0679
13.3342
9.49555
12.4129
13.3251
6.44864
14.1009
14.5686
11.2809
9.87665
14.4283
12.3327
11.8835
12.0921
14.045
9.05314
10.8095
12.7321
11.4404
8.93731
11.4399
9.23341
13.8542
11.6987
8.73665
14.5571
11.6217
11.2893
7.7972
11.3886
11.3488
14.6283
9.67202
8.83482
6.45947
14.3507
9.61376
11.3021
14.9138
12.0455
10.6885
9.72909
13.4958
14.9865
8.68605
10.541
9.7169
12.178
9.41743
5.9047
12.7195
13.923
14.9879
9.37854
9.18639
7.14792
13.7704
6.67773
10.0321
11.6703
8.29347
11.1137
6.13156
8.39608
11.8752
10.014
10.5856
11.7485
11.049
13.2273
10.3164
11.8367
11.4925
10.0259
7.13488
11.1754
9.24807
14.6143
9.97683
11.8424
12.9668
8.04387
5.74329
9.27629
9.46477
11.6659
12.9213
7.14567
9.93229
14.9297
12.6253
11.9558
11.3955
10.8436
6.8636
12.1595
11.3497
10.984
9.58155
14.6958
12.6557
8.95918
10.0419
11.3303
10.2189
12.1494
9.14324
14.0597
5.87441
10.1187
12.7151
8.91995
14.0453
12.2531
3.97101
5.41869
9.03998
8.88585
10.7593
8.64884
7.91076
11.3989
13.3336
14.7485
8.22763
13.954
11.2461
13.4286
13.4787
11.7168
12.4619
5.55771
9.88357
13.1885
9.88078
12.8025
9.61904
6.31792
11.5122
11.7469
4.31714
13.9547
9.3437
10.1773
13.8568
10.1984
12.501
10.6647
9.25961
12.1481
10.1467
9.8164
10.9903
14.8946
5.08278
8.4653
10.2267
14.64
14.6091
11.1446
5.571
4.73535
10.7552
9.36275
14.4485
10.6929
13.0157
12.9488
14.8907
8.94395
13.022
9.0373
10.4431
14.8401
10.1671
12.7269
11.2319
13.9964
14.8799
10.0896
12.8059
11.3779
9.70425
13.5508
10.9109
12.0836
10.3307
9.52028
4.6253
9.91103
12.7477
12.367
13.2284
13.5357
11.7745
13.0619
9.25507
11.6343
10.0891
14.7026
13.9567
14.5422
10.1747
10.0303
13.0964
9.86284
11.697
12.0753
13.1301
11.5761
12.6302
11.0549
13.8071
14.7808
12.9975
14.5673
11.1194
5.59924
12.535
12.4784
11.4149
14.9505
5.99592
11.7027
13.27
11.2684
9.05414
12.7845
14.953
12.0727
5.94751
13.5586
9.20557
10.4621
12.3214
14.6137
9.54957
14.4309
9.01799
14.9884
13.0831
10.1624
14.5125
13.4424
13.3981
14.8965
10.1051
8.08856
13.8897
8.90516
9.07475
7.30321
10.5494
9.0752
14.3786
10.3782
11.6534
9.74333
14.7916
14.9758
14.3347
7.08327
7.0286
14.4712
10.2025
12.0456
10.5381
13.3597
14.8126
11.9082
12.221
13.5865
5.52174
14.3987
11.1867
14.2969
14.1475
5.53264
9.12206
7.46002
13.7075
10.2067
14.2237
13.55
11.0181
13.0153
6.71337
8.02256
10.1436
8.84942
8.82033
10.4575
14.5046
14.569
13.1948
9.25476
12.6316
5.60551
14.2443
13.8463
12.2946
7.34077
11.0891
14.7937
14.0266
12.1064
8.56022
14.4137
12.4226
8.12555
14.3531
14.9631
13.472
12.0611
10.679
12.6696
14.7581
8.58261
7.18522
14.3717
12.6628
11.0669
13.4497
14.8275
14.2742
13.2925
12.8535
11.257
10.1093
13.4687
9.81658
8.60831
14.703
5.57152
10.4903
12.421
7.51155
12.0405
11.1499
12.4399
10.922
14.7303
14.5604
8.43114
11.4282
10.4938
11.7849
14.6608
9.77735
14.4044
9.47181
8.27235
12.3767
11.9091
8.25438
5.62975
14.3407
13.5599
13.349
12.4536
9.32088
14.2418
12.0433
10.1267
13.1765
8.63343
11.1895
14.0683
11.6992
13.2082
8.87448
12.7143
11.9417
6.94772
10.8571
8.35818
9.33305
11.7586
13.1889
13.7756
6.74825
14.43
10.2815
8.61522
9.65273
13.1294
11.1757
10.0659
12.9281
12.601
7.99854
14.8313
13.3283
11.9512
5.6607
7.25916
10.7182
10.4575
9.12346
13.5521
10.2829
11.9028
7.17877
8.63036
13.6955
9.29398
10.0969
11.8866
13.7776
12.0171
10.673
4.67445
7.47756
9.37226
14.1532
14.7075
11.5976
5.6737
13.5338
14.3874
13.6807
6.87557
6.10349
8.78279
14.4524
13.0239
10.4212
8.0909
11.1876
12.0387
12.7287
13.7944
11.3311
12.8807
13.2601
8.61868
10.5644
6.71084
10.5622
12.3405
11.9493
13.3598
6.76133
9.0065
14.1449
11.3909
13.0641
13.9388
13.7284
9.14792
14.7467
8.82748
8.63003
13.3451
10.5854
8.70485
8.98683
14.5211
13.677
7.96155
13.3868
11.1963
13.8946
13.5667
14.5342
14.654
6.20503
7.80704
14.1917
10.2914
7.12694
5.58103
12.6468
9.19823
8.74279
13.05
12.7445
12.875
10.4367
12.3451
13.3638
10.8745
13.941
9.75979
10.6439
13.0759
11.8524
7.89706
9.79645
12.1073
9.27929
8.72586
14.1913
8.29011
14.1126
11.6499
8.13827
10.5196
14.9056
10.8916
14.7342
12.5853
12.3145
12.786
13.262
9.27355
11.2898
7.40569
10.4125
8.7661
8.78135
14.1893
14.7391
11.1938
10.9369
14.083
12.1393
12.6095
9.76075
7.46953
11.5408
10.8376
13.1916
11.7995
9.19312
12.5321
10.179
9.98199
11.352
11.9985
8.66566
12.9024
11.7257
12.5847
13.8554
11.2936
9.33791
8.88671
10.795
12.5294
13.6039
9.9801
8.59574
10.2888
11.3911
13.27
7.70519
14.9476
13.4713
12.8966
13.8717
10.0629
9.01785
6.11263
14.3131
8.61195
12.0066
12.7
14.9702
13.4805
12.6209
9.72742
11.564
8.27294
13.329
11.7493
14.1579
13.7888
13.1319
12.2764
8.05356
12.4436
14.8395
13.8018
13.6993
14.9365
10.1179
10.1463
12.6267
13.9706
12.2857
13.0201
14.1777
9.77772
12.383
13.1942
10.3854
11.3335
12.5222
9.7532
9.83398
12.8179
12.5298
12.6466
14.5208
12.6105
14.3156
10.1431
13.1557
11.3972
7.40519
12.3796
9.97941
12.3033
13.2185
13.8381
11.4406
10.3688
13.3493
6.96444
13.8376
13.2987
12.9458
11.7242
14.1641
14.4931
10.3197
5.64216
10.0592
11.9447
14.6385
9.47125
6.06087
12.9908
10.6541
13.2818
12.5354
14.7241
7.67127
13.1375
9.11238
14.6325
13.4056
11.7842
6.45493
7.97062
13.3746
5.19652
14.3424
12.061
13.5355
9.3454
13.9862
12.2813
12.4252
11.0623
11.9114
5.8008
9.86976
14.3849
9.5245
12.0939
9.46567
12.974
11.91
13.794
11.1987
14.0327
10.9539
10.9119
5.37269
9.01213
14.181
10.5143
6.14292
12.2451
13.9009
11.9815
10.4695
10.0433
13.8713
10.2446
11.5985
14.7461
10.9955
8.46852
8.44251
10.4272
14.8427
8.14645
5.54645
12.0554
8.75453
12.7781
10.1118
13.6026
8.79685
14.642
11.0387
13.1957
12.4682
7.68518
11.6679
5.43144
9.92888
12.381
11.9324
9.38289
3.93676
14.112
10.6234
13.8402
13.0676
12.6279
14.4127
11.3646
13.8842
6.71549
11.8392
13.0226
13.2932
14.3344
14.9929
11.3121
5.67946
9.43215
10.2617
7.17979
7.0647
14.4736
14.4708
7.63081
14.8359
6.33868
12.1303
12.4564
8.52029
10.5584
10.5943
11.9447
12.0521
11.9407
5.96258
8.56123
10.6938
10.8549
14.3186
10.2316
12.6957
4.29929
10.7292
14.8511
14.1851
14.1956
11.288
5.8294
9.8078
11.592
13.1916
12.2097
14.4507
12.5858
11.3889
8.75335
7.74354
14.099
12.1433
14.4081
10.9071
10.8937
11.0774
14.4485
12.852
10.9324
6.44632
10.2647
4.90178
9.58855
12.6715
14.3004
13.6902
11.0233
14.6316
6.48366
6.14834
12.5761
10.8268
13.89
11.474
14.3687
6.22761
12.9218
10.9546
14.3957
12.8102
10.7616
14.4841
14.2471
14.4684
11.0355
13.0695
14.38
12.0372
9.24405
12.0868
13.6845
14.3801
5.6168
8.60814
7.4369
9.71473
10.9584
8.39014
14.767
6.48097
11.4012
12.8466
14.0525
12.3153
8.6617
13.9866
10.5217
14.0202
3.77162
13.0585
7.18324
6.02794
14.2696
12.394
14.5677
10.5875
14.0989
9.2316
7.83132
11.9744
14.4203
5.70207
13.7551
10.2925
12.6916
9.7422
9.73741
11.9469
10.2499
13.2365
14.8571
14.4705
14.9174
10.1935
13.0007
11.3734
9.97083
11.4778
5.78651
13.8155
14.4433
10.2345
10.0462
13.1125
11.6183
10.91
11.7407
4.68888
12.7642
14.0096
10.263
9.25878
8.63873
12.87
11.6323
14.0474
10.7543
14.3079
9.12252
10.9617
9.10277
14.6591
9.88475
11.5596
10.7876
9.06107
12.041
13.3907
8.0581
10.289
12.1253
5.98644
8.66683
5.90424
13.9377
9.11263
11.353
12.2663
9.54327
11.2216
12.1662
14.4229
10.5594
13.3626
11.6408
12.719
14.8281
14.8098
12.5745
12.4555
12.9498
14.015
9.84066
8.49408
10.5094
8.22198
12.3845
14.0898
12.214
9.05075
9.09035
13.4379
8.56347
12.4562
10.1461
14.2754
8.87409
14.5732
13.5372
14.2822
6.57568
7.05852
10.0187
12.4445
14.543
13.2358
11.7053
11.0713
12.8695
13.8175
6.28327
13.3247
11.2216
11.5158
12.2239
11.7034
11.0318
14.7463
11.7247
10.376
10.5483
11.1735
12.9471
11.8564
7.54817
10.1472
14.4972
5.95404
12.7706
9.86606
14.6959
8.45187
13.2711
7.05843
14.4669
10.8075
9.0514
10.3583
12.8813
14.9655
12.9018
13.0059
9.88753
12.2121
12.1874
8.02864
12.041
13.4128
9.80834
14.537
9.45907
11.9659
11.3905
11.3134
13.9947
11.9328
12.9471
14.1653
10.6189
12.1921
6.31424
11.6457
8.97483
12.5838
6.22843
12.2962
14.2259
9.74454
4.89013
6.19708
14.5515
12.3819
10.7214
9.74175
13.5987
14.6554
10.2479
14.2778
11.501
13.3311
11.9234
8.60739
14.3891
10.3726
10.2199
11.2093
8.82971
12.1205
9.74402
10.1318
5.25672
14.8154
14.6199
7.66141
8.33086
12.8749
14.6795
5.51465
5.24794
13.4764
11.5923
14.3557
9.64976
11.8516
13.8857
10.2837
14.8957
11.794
14.0091
14.3894
11.8349
13.0128
5.68573
12.3112
9.06263
10.1221
11.9301
9.57919
10.3526
11.1018
11.6827
9.26323
8.21478
8.76635
9.72403
13.9502
6.88059
4.47435
8.85564
14.6946
9.68549
13.1661
12.3436
12.4755
14.5469
13.3743
5.37634
14.0084
10.1388
14.4837
10.1256
13.403
12.8087
13.5582
11.6378
13.1587
13.9765
13.7945
11.7844
14.3863
8.97334
9.39042
12.22
14.6203
8.84713
7.43988
7.40729
13.989
7.9428
12.0792
12.0805
12.941
4.81595
13.5873
14.9245
5.57633
11.2517
13.1403
10.498
8.70742
13.9542
13.0823
11.0623
8.51974
13.7985
12.7551
11.459
10.5865
10.2316
14.8681
14.5573
13.8757
9.27473
9.56662
14.7577
9.98102
14.8246
14.9495
6.13742
14.2441
12.6824
14.0994
9.24933
12.7155
14.4596
8.62154
12.7416
13.1948
8.61693
14.2078
10.214
10.3509
11.0209
12.4333
9.94784
14.19
10.18
9.99436
6.34635
10.5242
9.42969
5.46955
12.7815
10.3359
13.866
6.76005
9.80757
11.9805
6.2273
10.3041
6.24138
4.86938
13.9953
12.708
13.2357
10.5767
14.9469
6.17753
6.15536
10.261
8.24345
9.23147
11.8437
9.74325
12.5716
14.2807
14.0959
13.6557
7.145
12.0418
11.0012
14.9973
12.7985
13.8764
11.9143
13.452
12.2168
8.77749
6.18376
5.81474
5.16984
10.9974
10.3928
14.2803
14.9338
6.17486
6.09857
11.8012
14.0815
13.1447
12.9017
10.4679
13.1196
8.54991
5.97793
8.71172
14.8676
10.1791
11.8721
14.5932
10.4687
11.9439
14.0051
10.7754
14.0429
8.83403
10.0995
14.5666
14.824
10.3006
14.7651
8.29185
9.6677
12.8074
13.3589
13.7998
8.90298
12.7704
12.6636
14.3407
12.3801
6.12854
13.8844
12.8368
8.5971
10.0573
13.7745
14.8047
11.243
12.9159
14.7103
11.6937
13.6638
10.4425
13.7815
11.9697
13.4534
14.53
14.268
12.483
11.6137
10.5486
10.3245
10.041
6.44565
10.2058
12.7332
9.81959
5.89788
12.0299
14.4303
9.8242
14.1171
11.7715
13.7925
12.7981
11.2425
6.00125
8.47676
9.03669
12.6094
14.4092
11.373
6.2292
11.8371
13.4962
13.8151
12.0832
9.52804
5.73238
11.1973
13.312
14.5052
10.5512
12.0782
14.993
8.92695
13.8368
10.9118
14.0314
5.60296
13.7571
11.9148
10.1904
14.356
11.319
14.0356
14.5046
13.1034
9.74779
11.0482
9.07124
11.2918
10.2325
14.9256
10.4464
14.4988
12.7589
12.3662
10.2302
11.468
11.9589
12.2103
12.9696
14.3834
10.586
13.1654
13.5918
8.88328
11.5429
7.51703
14.0081
9.63221
13.8998
9.68131
12.6967
14.5004
12.0689
11.9877
10.5398
9.40058
12.8094
14.0275
5.25726
7.85596
7.42096
13.123
7.65286
8.56829
9.44846
5.36912
14.8478
12.0316
12.2613
8.5895
10.203
12.4856
13.2931
5.95212
14.9009
14.5682
11.2035
11.091
12.8228
11.7004
13.1413
12.0193
11.5121
8.18978
14.1404
4.73377
14.5418
12.6467
13.092
11.0261
13.0659
14.9813
6.31128
6.70875
10.2308
12.1959
5.96497
13.4326
10.4362
12.3757
12.4092
12.6263
10.7401
7.90072
8.99829
10.1159
12.3629
9.73006
12.4832
8.56168
6.18098
9.18988
12.438
8.81756
6.05551
5.32773
14.0631
13.9332
14.9107
13.9757
13.2735
10.4484
11.741
13.4289
13.898
10.6969
14.3693
14.7974
7.2397
9.70675
9.06919
10.7235
11.2177
8.6231
9.71556
13.2405
14.7443
9.7536
10.8771
9.89065
6.27613
8.04233
13.5765
8.42236
11.6365
13.842
13.4623
9.72954
14.209
8.48464
12.7993
11.9173
9.78887
14.2421
13.3177
13.2012
5.09039
13.3974
7.98213
12.043
11.9021
7.03376
8.5089
8.96916
13.7108
9.1205
9.61866
11.3509
11.9315
9.57243
14.8226
14.3402
4.94531
6.4982
11.9904
14.0939
8.02244
13.0413
10.6842
12.3418
13.4013
8.31865
14.7871
14.4995
6.48439
10.912
7.40293
9.44456
13.9528
12.5129
14.6217
14.2134
7.97228
13.2413
12.2086
12.5346
13.8009
8.58454
11.9084
4.72179
14.9545
12.8168
11.4942
8.62861
11.59
9.03566
12.7789
10.2082
12.142
14.5493
13.9101
12.284
13.8924
10.3092
12.5767
12.4919
9.47751
6.04642
13.6798
5.63395
8.70754
10.228
11.6296
11.7109
11.8399
6.1958
13.8834
6.20521
5.65131
14.3308
13.6314
12.1987
10.0306
12.9185
11.8284
12.7025
4.18792
13.8766
13.8326
14.1201
13.5938
10.8285
11.0163
13.3793
14.0138
8.16983
13.6293
9.64678
13.6491
10.1799
8.79571
12.6685
12.3528
9.83311
13.1515
10.5271
12.878
8.86063
10.224
13.3262
14.0992
13.4048
11.19
6.7253
11.1364
9.68187
12.1074
14.7081
6.21093
14.2212
10.6617
11.0508
12.3849
13.77
5.62589
12.3329
11.8491
14.9477
10.3645
10.723
9.98808
9.35764
7.99576
10.3992
11.746
5.58594
12.9042
12.0553
12.2028
12.2077
13.1889
14.9115
14.5242
14.9844
9.92353
5.66984
11.051
9.89197
13.874
5.73682
6.95906
6.31509
13.7626
10.5013
9.84228
9.11389
9.19942
4.76303
13.0901
11.8856
11.1322
11.8004
6.7281
11.0968
11.6477
13.501
14.0102
14.3963
12.222
12.4031
11.2215
10.0341
11.3335
8.7037
11.2513
12.1547
9.59796
13.0099
14.7196
10.6293
12.3448
12.0992
9.91454
12.2826
13.9565
14.5331
9.68594
10.5795
13.1165
9.71768
5.56925
10.015
14.6505
12.841
8.99742
9.89419
10.09
12.1751
14.3927
12.1154
13.9159
9.24628
13.0146
14.6164
11.7857
12.9683
10.322
10.8911
12.9998
6.51534
12.1137
9.03757
14.3928
13.5688
11.7043
9.84704
11.1236
7.23394
13.7459
14.5367
13.9643
10.8672
14.5811
13.3455
9.39962
9.48052
13.1433
8.97409
9.48895
8.90826
5.40479
5.88216
12.6368
7.51923
12.4965
9.84205
14.1349
14.9987
10.7388
10.7354
9.56468
13.9504
13.9263
10.1722
12.2459
7.50656
12.109
9.03332
13.3201
9.46502
10.1736
13.6367
5.94807
12.0072
14.7205
9.92387
12.4216
12.9251
5.96979
14.9913
10.0958
12.4392
11.2786
8.60613
10.2819
13.5654
5.74086
11.9476
11.0731
12.1626
13.1601
11.074
14.1694
11.5296
13.6804
8.35317
6.33381
12.3679
8.69624
6.04112
12.356
14.0625
8.72385
9.80115
13.7131
10.6091
14.6241
5.28884
11.3382
8.91383
6.14002
9.56305
11.0732
9.17373
10.8087
13.3776
14.5459
10.4575
13.0869
14.689
14.8359
12.458
9.46462
13.4662
11.2353
12.0142
13.1471
6.83557
11.6507
12.1184
11.6931
11.7871
12.5908
13.6054
13.7576
13.1053
10.5352
11.1943
9.78509
10.7088
9.85426
10.287
11.7346
9.41941
14.1111
14.3403
12.593
10.1301
11.0612
14.2497
8.80484
12.6572
11.7247
9.7732
11.2903
14.1992
10.0891
10.5669
13.6893
7.25135
8.76795
10.1235
11.6151
6.54131
13.067
10.8787
10.484
10.5275
8.06791
13.3899
9.3425
12.7172
13.7633
12.6113
14.0548
12.8651
9.5273
8.62594
10.2796
12.5231
9.28867
9.74546
5.68964
13.2992
8.95498
11.3062
9.01672
13.335
13.2592
10.5679
14.3163
13.1865
9.72755
10.056
11.0843
9.96397
7.31886
10.2937
13.5071
7.37422
13.1193
13.2995
14.6496
12.1609
13.4917
13.0258
10.1527
9.8592
13.4399
13.7482
10.7545
6.29967
8.66726
12.514
11.9157
9.51697
11.7019
10.564
8.63619
8.36661
9.79778
14.9328
14.1873
12.1302
14.1211
12.7833
5.54642
5.90162
5.16846
7.5508
6.20602
10.82
7.13121
9.83223
9.67512
13.6775
14.473
14.774
5.66735
4.34488
12.9952
12.0553
13.29
8.37224
14.2922
6.14949
10.0825
13.0325
13.2191
9.88461
11.532
13.6066
11.1653
12.9161
10.8735
14.5782
10.4296
10.9194
12.3881
14.2899
13.9213
10.1584
13.6095
14.3916
14.5145
10.1693
11.4861
10.4244
14.7838
13.7199
14.7861
13.8385
10.636
14.2572
12.7081
13.4422
13.0734
14.2621
14.8162
6.91412
13.4456
12.6151
13.2676
11.9124
6.52725
11.5143
11.3461
6.71326
11.327
13.8285
12.8913
12.7891
13.0182
12.5222
13.3853
14.0651
6.39784
8.81175
12.1642
7.06799
12.6379
14.2478
11.5509
13.8514
10.3166
10.8667
8.95665
9.52279
13.6844
14.9024
8.82659
12.1052
14.5923
11.8524
9.95404
11.2719
12.1786
9.87485
13.1989
13.0688
10.746
13.1374
5.38365
7.76491
10.0212
14.2279
5.01705
13.5179
14.0152
11.82
9.12602
12.8349
13.801
9.8185
9.77668
10.7295
14.1789
12.3593
12.5467
12.9671
13.7411
12.1849
14.5518
11.9612
8.40068
10.9971
11.5488
6.05197
8.72916
13.4628
9.28308
13.0646
13.9833
9.11847
4.53746
6.33716
11.4159
8.46659
14.2992
10.0744
10.1278
12.2397
14.3548
8.83798
7.7094
13.8917
14.9591
7.62291
10.5253
5.14957
11.3449
14.5073
14.5227
9.54499
11.7048
14.8275
5.7001
14.0532
11.2442
10.8558
9.1876
13.7985
14.9827
12.8391
11.2065
9.81152
5.56064
9.77269
13.7166
13.6105
12.1549
14.5993
13.0807
14.8106
12.5566
6.28208
14.1954
8.53315
9.3642
13.0338
14.3349
14.3974
6.06393
14.2035
14.4303
5.11662
11.0198
13.5888
12.2555
14.8316
5.74053
12.3476
11.3513
14.7313
14.1321
12.0696
9.97333
11.1082
9.9848
11.0254
9.6563
13.7306
9.51928
11.9114
14.4482
11.1024
6.64862
12.5436
14.0416
8.68079
8.30606
11.8602
14.2914
12.1607
12.6871
9.29016
13.2446
14.6817
10.3311
14.1721
14.5082
12.765
11.9783
12.0921
14.4155
6.39564
11.8695
10.6868
5.59941
11.6227
14.2901
14.4581
10.9303
8.89432
11.5078
10.5482
12.2425
10.2719
10.9532
10.1952
8.95452
10.2175
13.6149
7.86694
9.92372
9.89443
10.4088
13.6707
14.3241
12.6368
11.0518
8.64081
12.0346
13.9596
13.0047
13.3396
11.5576
8.07136
9.77719
11.1718
14.3154
14.7278
14.2335
8.44031
9.6606
13.552
12.2525
5.89537
10.0673
8.92082
13.8761
11.9183
5.59535
4.93604
6.20314
10.0063
14.8319
14.294
6.46725
8.62685
10.7104
9.06263
8.89637
13.865
14.921
11.58
12.1689
8.70883
12.3368
11.1591
8.75132
10.5305
6.17708
6.45751
8.89466
12.2345
6.16452
9.89734
13.634
7.89669
10.1726
10.9417
7.35798
6.14739
10.0075
11.7443
9.91557
14.4488
7.89421
14.4344
10.4269
8.41257
10.7987
14.685
13.4433
8.63641
8.63448
6.88315
12.2771
12.8034
6.14217
8.63044
9.83533
8.93076
12.5469
6.09823
14.9172
14.2051
11.8159
13.0833
14.1964
14.5283
14.9661
13.769
14.1997
13.4621
14.4077
12.5252
14.3682
12.6638
14.7025
11.9296
11.4488
11.7924
11.3856
5.52462
9.52546
10.8164
13.604
12.1627
10.2935
10.1869
8.7025
9.5972
11.2255
12.7121
12.1166
12.6097
9.19186
14.5364
6.77965
14.3636
13.2893
11.4998
7.35714
12.7009
8.76277
14.423
14.1841
12.9676
14.1837
13.0761
11.1648
11.9436
9.46621
14.8681
13.3522
13.755
14.2642
13.1746
12.6363
10.8398
10.0062
8.85551
12.776
7.57778
9.06617
11.0137
14.6748
12.4952
11.3854
11.6739
14.4075
6.47073
14.2228
14.7347
12.1111
12.0855
13.2343
11.1629
11.0952
8.43451
8.39308
8.51157
14.0534
8.40581
13.8399
12.5722
11.215
14.7142
14.0538
11.5954
11.1821
14.338
5.93265
13.9493
5.35457
13.7107
9.90654
7.7643
10.9033
6.52119
12.2143
14.787
14.6578
14.7231
13.5201
10.3085
12.1695
14.0886
8.74832
12.3674
13.3313
11.6648
14.3394
9.28988
14.8911
12.4492
13.8599
9.79466
6.24636
11.7004
8.13164
9.64944
14.8581
11.3675
9.35892
14.1121
14.0594
6.33598
13.2771
6.3257
10.8064
13.8305
14.5594
13.9219
14.1277
10.8966
12.0697
5.8519
12.1785
14.1981
8.6926
14.6456
12.3654
9.11899
11.9247
11.4491
12.4637
9.04043
8.74041
6.21212
8.95544
10.2327
10.7613
14.2274
12.4305
11.8467
14.4657
10.4467
8.55898
14.9339
12.8308
11.8054
8.60491
13.7479
13.4895
13.8022
14.5348
10.5319
12.3776
12.9553
13.8217
9.95401
11.4267
14.105
14.8216
13.4407
10.5549
10.6817
10.842
14.2016
8.58864
6.78662
11.2761
13.705
5.79849
11.8211
9.98076
14.5329
10.4827
6.34107
13.2502
9.38515
14.1389
10.849
14.3424
11.9117
13.5
8.94386
6.39956
13.1236
12.807
9.2301
12.0628
9.82349
8.131
12.0032
12.0529
12.2202
12.2475
9.19582
12.631
11.6907
6.5712
12.2855
9.66939
11.8455
11.2021
14.1924
12.7026
11.7875
14.4918
12.3205
14.7694
13.7471
10.9789
8.26937
11.2149
13.229
10.0543
13.9973
12.4315
9.34658
10.3068
10.0684
14.1802
8.71247
9.77541
9.97424
9.29914
10.2631
10.0285
14.1188
8.47894
9.24296
4.73051
10.5215
13.2456
6.12706
10.3995
9.75739
12.5435
14.4408
14.338
9.71061
9.15149
12.7236
10.1303
12.5606
10.1631
14.1384
12.5395
11.2952
12.1254
11.1689
14.4796
13.4413
10.8834
6.18979
9.49584
9.83202
9.85228
12.9251
9.31129
13.6691
13.275
4.65123
11.9622
13.9384
8.64444
5.35335
7.28306
4.94502
13.0346
10.5128
8.61746
11.5495
13.4413
9.11159
14.5102
10.705
13.9588
12.1646
9.66483
10.2952
12.3879
10.3621
9.95333
10.163
9.61283
11.267
8.4282
11.5132
14.203
11.8503
10.5058
8.32196
13.8198
9.38482
7.1941
12.3664
13.4108
14.2684
10.2196
10.7158
10.1628
14.6185
9.00918
13.8099
14.9803
11.5507
10.0067
10.3693
13.5557
10.0674
6.27381
13.0832
8.49495
12.162
14.6697
12.0938
13.2197
9.64399
6.1345
14.0851
13.6213
5.18923
9.70982
14.6307
9.1145
9.98799
7.83337
14.5692
14.6865
4.72219
6.24025
12.0282
5.66434
8.24518
9.91282
8.68884
6.06509
10.8022
14.8105
9.92529
13.6256
14.875
14.2451
14.1153
13.2846
14.4072
11.8866
10.8755
5.97965
9.58114
12.1287
8.67236
14.2554
14.1786
12.1099
12.7064
10.2768
11.9092
13.3421
13.1899
5.08919
11.4723
5.449
10.8583
10.2178
12.5587
8.63343
9.35493
8.4926
12.0351
11.0715
8.70798
12.1399
14.5712
8.51694
8.50496
12.1945
7.33783
11.1363
12.3572
11.2238
7.52464
13.3502
10.1014
12.3263
10.8793
14.6836
12.0333
9.95324
11.1693
13.6685
13.6396
13.0021
14.9277
11.9925
7.89091
11.8326
12.86
14.5568
9.92347
11.6727
9.66913
14.3266
12.7726
10.2606
8.49439
8.72975
13.4704
6.57023
14.282
13.7588
14.1129
7.33243
13.2438
13.1659
14.3612
8.64312
12.6427
6.66044
13.2751
12.9753
5.97656
9.84128
11.64
9.88931
10.4174
13.7102
9.89365
8.59088
9.60821
13.9958
9.4981
14.3497
12.316
12.1664
11.3052
8.82595
13.1232
7.99218
9.93429
11.2016
9.51026
9.97712
9.37853
12.7467
8.94712
13.5378
14.2717
12.5601
14.6788
11.8308
14.9988
11.677
11.6811
9.62245
13.2834
13.3013
6.57718
9.41336
10.6009
11.3075
10.637
13.3947
14.2669
14.6372
7.99234
11.9362
5.59216
14.1538
12.8708
7.38164
11.1402
13.6714
5.63419
9.6042
10.8113
13.4103
7.68903
13.7265
11.0869
10.0564
8.38148
10.0507
6.86014
7.71017
11.6076
9.53942
11.0996
14.617
10.0253
12.2162
12.9029
14.1437
13.1624
14.2271
8.81114
8.26774
12.7691
13.7767
10.3698
9.06305
10.1276
7.886
5.72339
9.79323
10.8782
10.61
12.324
14.6173
8.22215
13.2297
12.1719
12.9075
14.4159
11.2503
11.3417
13.7513
9.66951
14.6515
12.0694
9.62198
13.5023
11.6063
14.0724
12.6002
8.70354
11.4533
11.0786
7.66005
7.06822
11.1852
12.8137
6.45078
12.9963
13.2605
9.45611
14.0907
13.5186
11.7035
13.426
14.7126
10.0474
9.89839
11.8045
9.27041
9.31064
13.5396
8.74247
9.84869
10.5314
13.9397
10.868
11.559
9.80082
12.402
9.75599
9.82464
13.0098
10.6772
10.2798
13.9421
10.0553
13.3433
14.6121
6.26252
8.5578
12.0224
8.83295
11.1567
11.9618
14.638
10.7747
6.58215
14.1713
14.6844
9.94408
12.2482
9.75926
13.3673
13.3092
10.0924
12.3938
5.95881
4.1499
7.09536
9.74946
11.9444
14.3206
14.6773
10.4973
11.5805
13.4182
11.1232
14.5457
11.926
8.73498
12.8749
13.7579
6.20121
9.31522
12.6643
7.96986
11.8073
9.83439
14.0355
13.5555
14.0475
10.6792
12.747
12.0081
14.6713
13.7991
14.8053
13.6483
6.2707
5.77469
12.1549
12.8555
11.7854
8.39704
12.2718
14.4373
9.70073
12.688
11.4849
10.8683
11.1774
9.61267
14.3265
6.15248
14.1395
5.28415
5.37077
14.4375
12.6718
8.26897
10.6949
5.17068
10.0949
12.5201
12.1576
8.89459
10.0553
9.96565
11.9856
8.77967
14.1864
13.7246
14.947
6.48175
14.7695
12.0772
12.8638
14.2759
8.19717
10.9453
12.8807
10.4556
9.99592
13.1234
13.8316
13.4334
10.3571
14.9777
9.53414
11.1153
9.49016
8.70147
14.2223
13.5972
13.2129
9.73467
12.162
11.2218
11.4868
14.5436
8.68807
7.95794
12.7121
10.4177
10.6518
11.935
13.5615
14.3466
10.6058
9.77361
8.71755
9.70527
9.6174
4.13514
8.65041
8.52443
12.649
13.7448
10.6171
7.68928
11.0805
13.2806
14.7242
10.4773
9.89184
12.8049
11.9596
9.58434
11.7844
10.3073
14.7308
12.4796
8.84274
9.2416
14.4513
14.2724
14.4905
9.00787
13.5067
14.2187
10.6537
10.656
9.67462
14.7185
12.376
14.1285
10.7997
11.2573
14.0688
14.3332
13.7489
11.6647
11.52
14.3103
10.4005
11.6362
14.7816
14.329
12.6811
12.9295
12.449
5.91421
11.0489
11.7757
14.4692
14.0231
14.3284
10.6194
13.0058
14.3408
10.5292
12.4883
11.0115
11.2698
9.85642
11.6718
10.5462
14.1895
12.2041
13.7283
14.6467
6.57948
9.92135
13.192
9.81321
10.4793
9.84477
8.79976
6.1246
10.3567
14.0775
10.655
13.321
14.7868
9.9395
10.549
10.5893
13.0216
13.9276
13.883
12.0259
13.3192
14.4523
12.0502
12.527
12.4642
8.54001
10.0656
8.55715
12.817
12.8727
11.3371
11.0272
9.57722
5.8474
12.298
11.3931
6.28307
8.0649
13.9471
11.7566
11.3841
13.1251
8.7132
12.2098
12.0729
9.99155
12.9785
10.1865
10.253
11.1973
9.60328
14.8578
13.207
12.601
14.301
12.4564
14.0103
12.9094
10.0831
10.0583
9.89657
8.64329
9.86809
13.9529
12.9553
12.7948
10.8997
14.1188
13.3074
9.8302
12.0746
8.09315
4.63647
8.51847
14.5517
14.279
7.54964
8.64918
13.603
12.6138
9.86823
6.17991
12.5256
11.7244
14.3772
12.4855
14.5286
14.7239
8.2249
7.0874
11.5792
8.63721
9.30666
14.9315
12.9408
14.2535
14.0292
14.2532
14.5191
12.632
6.21694
14.6825
13.0116
9.8498
13.2942
6.19902
8.51257
10.1368
13.999
9.77567
6.01204
10.2598
9.05628
12.8911
10.2467
11.2442
14.3063
8.28489
9.76605
11.5335
13.212
12.2575
13.2894
11.9816
11.703
12.0163
14.5692
11.4746
8.76373
14.1717
12.5808
12.8116
9.74723
8.5181
9.86586
9.16277
12.8694
11.4768
8.03178
13.5192
14.3774
12.6577
12.8162
14.9221
9.86778
6.93795
12.7186
13.7778
9.85717
12.311
12.4182
11.8477
6.13371
8.36365
10.5612
14.7493
14.603
11.7162
9.74341
9.81988
14.9723
12.7232
8.64415
10.4404
6.11989
6.70506
12.5553
11.2494
12.7679
10.05
10.2042
11.9741
13.3095
14.2284
14.0825
10.8501
13.8031
11.8215
10.8884
8.50565
10.6463
12.2104
10.7414
14.2481
6.56528
12.2725
11.8259
10.3035
14.3087
5.38655
13.9251
10.0587
11.4093
12.1876
11.6343
13.3798
7.6735
8.4829
10.7164
11.8514
12.1698
13.6093
14.872
10.6574
13.7969
12.6332
7.98234
13.2301
13.1289
14.1005
9.88651
13.2139
12.3665
9.45097
9.02354
5.98154
11.9307
14.4124
14.4499
10.6968
11.005
13.6242
13.212
14.1166
10.6164
14.6957
7.06043
12.9638
10.2013
5.96102
6.34171
10.0809
13.6672
11.5711
12.4619
12.0288
14.512
10.116
8.97274
12.7756
9.29235
12.9597
9.53592
6.9753
10.253
12.3974
8.34372
9.13384
11.7689
12.5891
14.7276
13.0766
11.7879
10.2063
10.8921
8.94952
9.36056
10.7944
9.60825
9.15304
8.44339
12.1225
11.4929
14.042
12.0005
14.1512
12.1174
10.5902
14.9443
14.0916
9.78834
10.474
14.5223
6.55261
7.54921
8.45165
12.7294
11.6727
6.40839
5.47151
11.4985
10.5727
14.3612
12.7242
14.0713
12.4978
8.32387
9.19171
13.5418
11.9001
9.54708
10.2662
12.9397
7.39566
14.3526
12.7563
14.2406
14.3296
14.8916
10.2036
10.3535
12.7323
14.0008
6.03772
14.7384
7.95767
14.4599
12.7473
14.949
10.6964
13.7404
12.8347
9.89401
14.8865
9.76717
12.8295
11.3779
13.5154
14.9614
14.7773
10.4236
13.7235
8.75983
14.2316
14.4539
10.7572
12.433
9.89944
8.31952
11.142
9.7327
14.8614
13.7448
13.6602
10.7238
12.7351
12.8251
7.14808
13.7965
9.17867
7.28687
12.8093
9.50261
11.0883
9.23982
14.028
12.858
12.1541
6.09908
10.9197
13.8099
9.03062
7.81505
12.31
6.8728
13.7824
11.5591
10.8283
10.0402
8.76545
13.5777
12.9094
14.6891
13.7184
9.9453
14.3468
12.1614
8.56932
11.1569
14.3953
10.0905
12.4333
11.0169
12.1439
12.2778
11.8044
13.9607
10.6647
10.3069
11.1472
9.81941
13.5899
12.8505
11.7483
8.56695
9.08833
7.85794
8.48025
7.51991
4.8197
14.013
8.8062
13.5172
6.25105
14.8291
7.88764
11.0088
9.71775
10.3018
12.5318
14.3303
12.1721
11.3398
11.6892
9.95324
10.011
14.5496
11.3879
13.5327
10.1775
9.02976
11.5773
8.54324
8.66262
14.4003
11.7979
12.5388
10.0844
13.7346
14.5638
8.38665
8.82168
7.66748
8.33738
6.98065
8.92594
14.9726
11.0554
13.5518
12.1282
14.3842
12.6691
13.1456
13.4952
14.4847
5.58537
6.04937
11.5201
6.35001
11.1773
13.0722
14.2119
8.30813
9.30569
12.0639
6.3396
9.32772
12.4258
12.8697
12.2917
8.58762
12.4624
9.83905
10.352
11.6034
13.1016
12.7407
8.1387
14.2033
8.69181
8.49617
12.4445
10.6608
13.3843
13.0051
6.37824
14.3883
14.3473
12.7757
10.9336
13.27
12.6974
6.37406
12.4091
14.2953
8.79396
10.1267
12.6858
12.1401
10.946
11.1107
12.2665
14.1288
14.5946
5.23619
14.3103
12.1225
7.54392
11.2787
9.61365
12.1475
13.9563
13.1638
14.2153
12.1689
10.834
13.6119
14.7614
9.70313
12.9012
8.41808
9.61063
10.9257
14.8068
14.979
13.0731
8.55686
8.64274
12.0564
9.25251
10.3776
12.0061
12.147
12.7171
12.7834
5.90309
9.11639
9.61058
8.01276
14.0174
5.89156
10.1618
14.6495
13.7589
10.4061
12.5012
14.53
13.1986
9.34618
12.7859
9.91282
9.41133
14.3404
13.0421
9.70675
12.0423
10.0374
12.1097
9.90384
12.1666
14.7222
12.2659
12.8505
14.9777
5.48006
9.18842
13.8735
14.7341
5.85718
11.0552
14.9173
11.7594
8.44994
6.01938
9.88683
10.5657
8.69867
13.6746
9.34838
11.2932
12.662
10.8919
9.82808
8.4068
6.24226
6.05634
14.1801
8.60452
14.3098
14.1113
11.9272
9.34755
13.8879
6.34064
14.9599
14.1225
13.9552
9.43465
11.8486
9.37586
13.2462
5.92998
10.379
12.1051
14.5924
11.1518
8.29839
6.20074
10.2586
14.838
11.0042
10.4656
14.1631
12.2424
6.04974
9.09378
11.8657
13.9638
6.03855
11.7642
11.8051
9.64081
7.52497
12.898
11.9073
6.41246
10.9975
12.19
8.84709
10.9872
12.7191
14.5318
10.545
10.3327
12.1735
5.89289
14.2788
13.6678
11.2319
11.6708
10.1946
14.5886
13.0045
12.9828
10.2603
13.9389
11.3975
10.4315
9.72078
10.484
12.8236
8.88624
10.9491
5.75944
5.68875
12.1871
11.5811
10.3481
10.3748
14.2749
12.9944
13.7388
13.7056
8.36276
9.1514
12.118
9.16066
8.88365
12.3106
12.4259
12.9662
14.6011
14.6919
9.996
13.0905
5.64227
9.81061
12.3296
13.5192
11.8933
10.5496
6.892
14.5348
14.3119
10.4732
11.8702
14.198
10.3707
9.54289
10.5903
14.8009
7.00967
5.42225
8.87312
14.0775
9.44469
9.21139
6.13237
10.077
12.9196
13.4298
9.96754
13.9291
14.9848
10.0719
6.61486
12.6909
7.96212
9.54154
10.3804
5.65648
9.32345
14.8459
12.4607
13.4792
14.9569
10.2191
13.1463
10.5041
10.9781
8.82127
14.3978
13.4867
12.2067
6.22142
13.4335
5.60716
6.71749
13.5664
11.4303
9.03537
14.8943
13.9172
10.0541
10.4104
12.6194
13.1483
10.5538
10.7506
6.29783
12.2568
13.1129
14.4784
9.14638
14.9621
9.78848
10.1427
10.3962
14.5743
7.19027
6.18333
12.2697
14.4518
8.71902
14.842
10.9373
13.9762
8.17038
11.2896
13.5883
12.8021
12.4608
14.6734
14.4873
12.4516
11.7661
11.2708
6.86981
11.8297
13.4183
14.3746
12.1571
9.36755
13.1943
11.2354
12.2966
14.7642
8.77232
12.2808
8.61242
11.7049
10.508
14.208
8.20945
13.7579
13.2442
13.2478
10.5015
9.65652
11.053
6.82217
13.4246
12.9636
11.5474
12.7098
14.1298
9.84206
9.40226
12.3523
13.4655
8.38853
13.7627
10.2592
14.5323
10.7234
5.75516
9.92614
8.99456
13.6648
7.10665
13.5101
12.541
11.1747
9.64575
12.637
9.42159
13.9758
9.77121
12.5264
11.5285
10.5524
12.8933
9.62273
12.8953
5.96105
9.29134
13.3549
9.17879
9.63186
8.98592
5.8806
13.8692
13.4438
9.29183
10.4398
13.7153
12.0256
12.7352
11.7287
12.3553
8.67679
11.5804
14.6927
12.347
8.65543
8.45682
12.0438
14.3669
10.172
14.8162
5.6327
9.48529
9.07139
6.85529
13.6247
8.94789
9.84993
12.6739
9.39302
10.7387
8.59435
13.1641
9.38764
5.38147
8.71749
14.7381
14.8023
9.69158
12.49
10.4847
6.77589
14.4094
12.2173
12.6089
12.4929
10.6327
14.4316
12.2197
14.5684
13.9443
14.0376
12.4817
14.3756
13.8225
9.43065
6.31745
12.8159
11.3094
14.6097
8.12101
6.32875
9.89806
13.2106
12.4554
11.6242
14.5159
14.0062
5.80115
4.81906
7.54958
14.7389
14.9084
10.6837
9.65489
7.12726
13.5327
12.857
12.4572
8.89599
8.14072
14.0994
11.1257
14.9807
8.71184
12.0562
12.3202
10.931
8.83112
12.756
6.1591
11.6044
10.5271
14.4227
10.0843
10.858
8.38756
11.506
14.2923
13.2417
14.1057
13.4992
14.9743
11.7841
11.4768
10.5687
14.0805
10.3891
13.1051
14.3481
9.65365
10.8725
14.5606
8.66593
13.2043
13.0404
12.9063
13.0441
8.901
9.50437
13.7791
12.4563
8.36827
8.77846
14.8634
11.8176
12.34
9.36248
6.72739
10.3408
14.0208
13.726
5.50984
10.0835
9.92382
8.35059
9.33415
14.5891
10.7293
9.14736
11.6814
10.7541
8.00906
9.25425
12.6858
6.57139
10.1292
13.2242
8.18981
13.2235
12.7858
13.184
10.8634
13.8267
12.5348
9.85479
6.21324
8.66687
13.9467
12.5716
14.985
14.0036
13.4571
5.91197
12.4806
9.12367
8.88828
10.3303
10.776
9.40143
11.0939
13.224
14.5481
9.63664
11.9845
11.7359
14.7822
8.50231
14.6583
8.39496
8.53359
6.20925
11.9192
8.91002
14.6228
10.4363
12.5437
12.9118
4.27659
12.0143
12.9888
13.5652
11.0654
13.4382
13.5148
14.8784
13.3003
5.63743
8.87822
7.7125
5.03603
7.65551
14.9275
11.806
12.8073
11.3011
13.3256
9.64629
12.6486
13.3075
10.754
11.9377
10.2807
13.3199
13.251
12.7921
12.7217
8.45739
6.31606
8.66502
10.5528
9.04782
13.3225
13.3099
9.98278
6.54343
14.943
9.71102
13.1329
8.98307
14.3932
11.0428
11.7902
10.2317
14.0478
4.8034
14.2382
9.89912
6.30036
14.2622
14.7888
9.33404
5.66267
10.5405
9.73252
11.1362
8.92562
4.49273
10.3983
10.0131
13.5616
11.0968
10.8308
14.1585
10.4286
8.49429
14.2262
6.11404
14.0561
6.22775
9.79506
13.4712
7.05201
13.1087
9.12658
10.128
11.1324
5.01028
8.90538
14.2985
14.1201
12.7422
14.213
11.3086
14.4879
11.4744
7.56277
10.264
6.33659
14.1193
10.8393
9.29946
11.3267
13.8104
8.07803
11.393
11.7362
14.7892
14.0125
13.7177
9.8215
13.1617
5.4649
9.53584
10.5087
12.7494
12.971
10.6716
12.6626
11.9283
10.5675
14.4013
7.94602
11.4642
11.4724
13.2362
9.63226
11.9486
12.8274
7.85316
11.435
12.8366
9.43447
13.6532
13.9087
9.98912
10.186
14.4649
10.6631
11.7898
9.97861
14.5662
11.0098
9.85949
14.6618
13.5597
10.3969
9.15102
11.9868
12.5022
11.6564
10.3409
13.8846
13.0535
11.7255
7.53656
14.7763
8.89405
8.84957
13.9227
12.745
12.1088
13.0523
10.9263
13.0316
12.2847
14.7564
6.54109
14.178
4.28359
13.5757
10.6695
13.5501
9.4525
14.438
14.9326
9.85359
13.8029
12.7378
14.3935
5.86397
10.3488
11.8374
12.9677
9.31305
12.6823
10.9493
10.217
14.6209
8.87829
12.6289
11.6766
7.89234
8.82577
11.7182
11.0719
13.0727
14.81
9.84754
10.2331
8.70442
6.03076
8.52732
9.9349
10.381
13.5457
14.9557
8.15703
14.123
14.7352
13.2607
12.0032
12.3899
6.82767
14.0537
9.37834
9.76488
13.6735
10.2418
13.558
13.2409
13.7459
6.67389
11.4786
10.8732
8.5931
14.226
11.6145
13.3033
10.5273
11.7859
14.5791
9.99803
8.47358
9.50615
9.83536
12.894
11.1788
14.494
14.997
9.00836
13.4277
12.6577
6.84776
14.6982
12.5023
12.7364
6.45112
12.9879
13.3697
8.50403
9.47841
14.9253
11.614
10.083
14.2687
9.57992
10.1796
14.5595
10.5443
8.69588
12.5584
11.5396
14.2245
13.5042
12.2727
11.8319
9.69183
10.3628
9.76414
14.0607
9.41896
8.50536
6.08296
13.3296
5.1706
6.66861
9.58945
5.93357
13.9602
9.38561
13.2913
13.2306
14.4662
6.62008
13.4967
14.9095
9.76144
9.80382
8.91122
14.6187
13.585
6.31515
9.0269
12.354
13.1628
13.4575
13.6765
7.25773
11.8553
10.5401
14.1246
14.4971
11.7794
13.9038
13.5767
10.995
10.4608
12.3228
10.5697
9.24305
10.0034
10.5693
14.1333
14.7719
14.0758
8.9252
11.6217
14.192
6.8995
10.8129
13.5565
11.5681
14.3495
6.14314
12.2664
11.5478
12.7764
11.0319
12.2675
14.7207
13.5892
13.5701
12.9625
11.4359
12.2282
13.0167
7.74456
10.8364
10.319
11.9553
14.7815
13.1653
11.7767
12.575
11.8244
14.6791
14.5906
14.7604
6.58847
8.94127
11.192
10.5478
12.2827
11.2275
10.4253
8.84136
10.9712
9.61769
12.2667
8.63876
13.8128
12.4022
9.22387
11.3833
13.9277
11.2881
14.9235
11.5442
12.0359
13.2733
10.4049
14.2743
11.5869
9.11517
14.4571
12.8786
12.727
10.6685
9.65826
5.58487
13.7094
8.90776
12.6889
13.6162
14.6012
14.0657
5.25453
6.43884
13.8898
6.23234
12.9816
10.4564
6.48554
8.84688
11.8309
12.6636
11.2434
10.7996
8.04809
13.7744
9.84653
11.4905
13.3096
6.26096
10.5813
13.5195
8.6263
13.2136
13.9022
11.2325
14.1147
13.054
14.2323
13.1552
14.5781
10.0601
11.91
8.17671
11.9654
11.6904
11.4796
13.169
10.218
9.73746
9.9829
11.6178
11.4961
14.2113
14.8981
11.6221
12.2144
10.3551
12.3007
9.83727
8.51664
10.6128
14.9469
13.3316
8.94792
8.91634
9.51025
11.9026
13.0616
13.6841
8.84948
10.4139
8.52224
8.4215
10.6012
9.81564
12.3811
13.5013
11.3516
14.36
12.8811
13.5205
13.2031
8.49468
12.8847
12.3895
10.2332
12.7631
9.81368
9.48316
8.3284
13.9899
10.6828
12.8786
8.88293
10.7953
9.91661
13.3685
9.76556
13.1792
10.6316
9.77028
12.7
13.8182
13.3617
11.1956
5.81205
6.76308
11.5271
9.25542
8.70295
14.4749
13.6806
6.00382
10.3141
14.2243
9.72781
14.6202
10.7961
14.5379
4.51805
13.0198
12.92
12.0917
6.87706
12.8106
9.62996
12.1835
11.5443
10.3045
12.1478
13.3038
4.74432
6.41519
12.2287
9.05089
13.394
11.2034
14.7248
10.7913
13.7281
10.8338
11.8711
8.96696
10.6966
9.79099
9.83895
11.5031
12.3906
11.5439
9.21816
9.64213
12.2637
10.4485
9.15849
12.7215
5.97163
8.4187
14.1875
11.4072
9.19981
8.53135
13.0379
13.474
14.7359
10.1037
4.71124
11.0162
13.1088
9.29226
13.1425
11.8626
11.047
14.1226
8.8674
14.4976
13.7546
10.9426
13.9098
10.6278
9.92017
4.41555
8.36211
8.32641
14.5046
13.4939
12.457
9.09714
14.5356
12.947
6.47432
5.82642
12.2959
14.8789
14.9937
12.6597
14.398
13.0438
12.525
8.53593
12.5538
11.3009
6.09918
10.354
11.4069
8.58408
12.5258
11.6221
10.237
10.8305
6.09208
13.9442
11.0776
12.9653
9.86908
10.2581
12.9301
8.69673
12.7618
9.77553
11.9332
9.59136
12.3294
14.9869
9.3324
11.4829
11.1752
7.92691
11.6286
13.9549
14.3962
13.2308
8.78374
11.6563
11.3229
14.581
13.6334
10.0267
12.7097
12.2995
12.6759
6.95399
14.4859
9.5677
12.8565
14.1101
14.0911
8.52062
5.67303
5.90782
9.75468
11.3314
12.5342
14.8755
13.2871
10.3988
12.6545
12.4834
14.4962
14.6737
10.6042
6.89538
9.03462
13.7719
8.87791
12.0693
10.3248
11.7536
12.7464
14.1063
9.48986
7.97597
12.5526
5.53791
10.8422
14.3838
10.6396
10.9458
9.8879
8.97788
10.239
12.5567
10.2792
13.6084
8.71857
12.4144
10.5863
11.7178
10.8203
14.4993
10.2677
12.5946
11.7085
9.17644
11.0808
14.6176
10.7584
13.9271
14.7351
9.73914
14.0539
13.9717
6.50336
11.6423
13.9667
9.39256
13.4836
13.2244
13.4324
13.5184
13.5994
14.8533
14.0583
12.324
13.0351
13.3625
9.10687
13.4622
14.5479
10.4558
11.8279
6.34192
12.2815
12.3787
10.6595
14.4971
14.063
12.0459
9.08579
14.2392
8.71796
8.25029
10.7563
8.87238
14.2243
5.5116
11.1544
14.9444
14.4458
13.8889
4.8158
9.66361
6.94138
6.19551
12.063
12.5336
12.5435
10.5408
10.4345
13.759
10.2086
11.3058
10.4226
11.3755
4.62156
8.07314
13.9052
10.7426
12.3823
13.5518
12.8112
10.3735
9.50311
11.4036
6.22464
6.7873
10.2436
8.80389
14.5732
9.32697
14.6863
7.56712
7.76793
13.4054
13.9846
12.9149
11.865
14.0597
9.33204
8.97286
9.99112
14.7145
14.1697
13.1357
13.1544
10.2306
14.0889
13.3858
6.97407
11.5489
10.5203
10.7188
14.2145
8.66815
9.61
11.5464
14.213
13.2823
12.5805
12.03
14.4619
9.19408
11.0939
13.558
14.1972
14.2976
9.69276
12.0471
13.4787
9.73494
10.485
14.285
13.4813
14.0617
12.5097
10.4882
14.7046
6.62842
11.5652
13.5593
11.6745
13.2927
13.8872
14.2222
14.7328
10.7819
14.6805
14.4201
12.3873
10.4715
14.7451
10.5322
8.71985
6.23451
10.2297
11.8006
9.7771
10.9028
13.7608
14.602
11.5094
5.77557
13.7959
13.7692
12.4095
11.5118
14.2954
11.1042
13.1418
9.6884
12.8517
13.2257
11.4598
10.5358
9.31915
11.4411
11.8443
11.359
13.1292
13.2707
10.934
9.64573
12.8454
11.6976
11.4871
12.4754
8.91466
8.55481
14.9169
10.3608
11.2746
10.8371
11.2759
8.94336
10.1767
14.6232
10.1272
4.90541
11.5608
7.57385
10.349
12.7084
12.7616
10.4427
10.1817
11.5947
14.9449
13.1798
14.876
10.1066
13.87
9.97947
14.5397
11.7381
13.9157
10.0394
10.7646
9.23379
14.4138
8.99151
9.19067
14.3362
12.3456
10.8002
8.18427
10.7376
7.78413
12.5195
12.5013
11.1866
5.76621
14.0636
10.2228
9.34476
14.4484
6.01841
12.3781
14.3202
9.58983
12.0636
9.68266
12.8601
9.968
9.54439
12.9917
7.57377
12.9086
11.9097
14.0106
12.4962
13.2389
10.6113
14.4611
14.6965
12.1227
12.1202
14.4856
5.2429
13.6191
14.8753
5.96985
7.91533
7.32733
11.3623
14.9579
12.1923
9.89567
11.9646
5.78756
11.8689
12.1124
14.5127
13.9381
14.1073
6.83157
7.57523
13.3013
14.3066
13.6174
13.2729
11.9209
14.6677
13.2007
13.9392
10.0939
14.0264
9.78371
13.3649
13.7101
11.3473
9.93976
14.898
13.5413
12.5345
14.5074
9.78856
7.04882
11.8707
13.7362
13.4615
7.00596
10.5803
9.10774
12.5066
14.1304
12.5253
13.0538
10.3283
10.9472
14.8408
13.7793
9.49956
9.09683
6.33987
14.9107
11.9595
8.54946
14.8046
14.0603
14.1795
10.3737
10.4938
13.3201
7.45575
11.4953
11.6206
6.97019
14.9172
12.4393
11.1062
13.5841
11.9132
12.3373
9.79206
6.18446
14.6556
6.1899
14.1358
11.6475
9.38431
13.9931
14.046
9.56017
12.028
14.1734
11.0255
14.3291
13.8489
13.2917
13.6923
12.4931
14.8454
12.7066
6.90589
13.6516
12.2976
6.12908
9.79506
13.5662
7.77378
10.2384
12.5759
9.70304
10.3802
11.0609
5.54524
9.95293
12.9436
13.1898
12.1835
13.1175
11.4423
11.0524
13.7141
13.8788
12.6071
14.2348
10.8949
10.1725
9.20003
6.96817
9.87358
14.9633
8.40139
8.7961
12.6261
8.76348
11.3467
8.66674
8.75708
12.6803
9.33338
8.39561
12.6137
9.52916
13.2849
13.5405
14.0281
10.2003
6.19145
14.6571
14.5075
6.93679
12.3991
5.30299
9.02315
11.4385
6.17393
14.967
14.0533
13.0106
9.61612
9.3398
12.7638
9.63361
13.4347
14.4826
5.51305
13.6739
10.6604
13.7303
9.47308
9.85365
14.4654
12.1515
8.86851
13.2517
12.6362
9.29456
14.5905
12.4912
12.6484
13.1491
10.075
13.98
12.9933
13.4572
11.6764
14.9202
7.97176
11.3405
11.4298
13.8949
13.5053
14.3627
9.24268
11.3951
10.558
14.6354
14.2325
8.11688
9.41251
8.79732
10.6188
12.2484
9.7687
13.75
11.093
11.772
13.395
8.45487
14.8682
13.3027
11.5561
11.8146
14.2866
14.0419
8.86039
14.4649
13.1437
11.1624
12.5488
8.65999
14.975
10.6952
12.3085
8.86919
10.2291
13.8487
12.7418
10.1964
14.6868
9.10921
14.7352
11.9902
13.0381
12.6525
14.5977
14.1547
5.25743
11.9723
8.74729
5.06436
13.4593
9.02661
14.9038
14.3315
12.6309
14.9788
5.81538
5.11397
13.6888
12.1291
14.5685
12.4461
13.2999
14.6764
11.3174
13.9919
14.0698
13.6701
14.4798
12.5095
14.0036
12.4574
12.7257
9.68614
9.78148
12.2693
10.0025
13.5694
13.8013
5.44867
10.1562
14.4649
12.4603
8.9401
10.8435
12.2054
14.0202
10.22
11.6228
13.3799
13.3689
14.2365
6.81204
14.809
10.8244
9.1573
10.7148
12.0358
9.22544
5.89676
10.0061
11.8485
8.56804
12.5624
12.6068
12.1015
14.6942
13.9586
14.2979
9.31592
10.6999
10.9524
11.698
10.3167
9.28113
11.4065
13.8966
13.3577
14.6648
14.1403
12.6856
14.6362
12.8883
5.11977
8.63355
12.7249
14.3249
10.0724
9.94581
6.22241
9.32628
14.8281
14.6321
10.3287
12.1793
11.4676
11.9312
12.3243
14.1537
4.29226
10.8265
14.4771
12.8008
14.3482
8.59549
10.0882
14.4452
9.69824
8.93636
10.0988
9.19259
10.1542
10.5808
14.1846
13.0469
11.6564
13.7115
14.6676
11.6259
10.4016
10.427
13.2402
12.8572
13.8139
6.21019
13.9085
6.42249
5.32236
9.57901
11.237
6.17708
9.86747
4.92434
8.9395
13.8067
14.642
8.46631
10.1281
10.7437
13.9523
5.47267
9.3038
13.1788
13.1972
13.5623
13.3608
13.4693
13.8375
10.5766
12.7212
8.96
12.2134
14.5128
13.4237
12.0629
11.0358
10.5647
10.818
9.83941
13.6899
11.0835
13.4692
12.5702
10.4376
13.6234
9.19086
14.6204
13.8048
13.5185
12.1005
4.5155
6.27719
13.4888
11.7928
10.7597
13.781
13.3299
9.22025
11.4577
6.60878
14.1815
11.8327
7.9432
4.84727
12.6365
10.1236
12.0536
12.7756
11.3844
13.2236
11.7329
12.4044
10.8964
10.9988
14.8135
9.26407
14.2862
11.3672
10.1413
13.8418
12.7646
9.69333
12.333
5.95017
9.21645
13.6177
12.53
6.04641
11.1288
12.6325
7.52811
8.15292
11.2871
13.8351
7.36459
12.9031
9.77772
14.8648
12.9595
12.5761
13.1945
13.309
13.6972
14.937
10.0325
12.5487
12.1552
8.96008
9.59888
7.34437
14.4222
13.4162
14.547
10.547
8.4485
11.803
11.9449
13.5524
14.6098
14.2161
12.5217
12.4109
13.6757
11.3743
12.6204
12.5229
11.1343
14.8334
8.4375
10.3632
11.1042
14.015
12.0197
9.88846
12.465
12.1645
7.10779
12.5198
14.1796
13.6209
13.961
9.31984
9.84323
12.4791
6.3754
6.38467
6.419
6.38037
6.38953
6.38733
6.38863
6.41904
6.37831
6.37807
6.42192
6.36803
14.8197
8.83654
11.4078
8.1642
8.79226
11.8548
13.7085
9.20005
13.546
13.7377
10.1898
10.272
10.3012
10.4712
14.4348
12.0672
10.6725
11.8458
6.78721
6.02454
8.3697
8.35479
13.7019
9.85157
10.537
12.5044
6.26809
6.38749
12.3408
12.6147
10.1139
13.4222
14.1919
12.8029
10.3588
10.3191
10.1351
9.51407
6.57918
13.1187
12.2936
11.8629
12.7043
11.0558
12.2777
14.3973
7.56974
9.63819
13.6429
11.4075
12.6969
11.4476
13.9268
6.32928
14.3342
13.7254
8.58862
14.7829
13.1045
11.858
10.3191
8.66645
10.1636
8.67214
11.7753
13.0064
9.07561
12.5882
5.93276
11.2462
12.37
10.4644
8.72146
6.3321
14.984
14.6957
12.9882
10.4557
14.0743
12.2735
8.52254
13.6536
11.5886
11.9183
13.1664
14.2295
6.72993
9.38751
13.2129
9.75421
12.2168
11.4457
14.0327
12.0782
6.45599
7.83657
14.7392
14.5028
10.4008
10.1198
8.80869
13.9608
14.3036
13.7979
13.398
8.77122
10.7098
14.4281
9.86962
8.23592
10.2316
10.9151
8.58768
12.3454
10.8121
10.8095
11.5447
9.38265
9.46425
11.0621
13.9249
14.8651
9.98084
10.5582
10.8644
10.2246
10.2965
14.6937
9.8413
10.5363
10.5005
10.7111
11.6806
9.75325
12.1983
10.5584
14.1738
6.11233
6.19984
11.3553
10.3561
10.5324
12.8529
10.2679
11.5572
10.6202
10.6434
14.734
8.31781
7.00616
13.6632
13.5679
11.3356
8.3317
5.74841
14.6884
10.8965
10.8578
9.99415
9.64288
11.8842
5.6358
8.96543
14.6803
5.4488
14.5087
11.2996
9.51926
10.5779
13.3899
12.5027
14.369
4.27149
13.5851
14.8873
11.5649
9.33273
12.3791
10.5096
10.433
7.8166
9.04664
10.2562
10.8437
12.6823
13.7699
14.068
6.08644
14.3065
13.5544
11.682
10.2114
10.4618
12.6059
12.957
13.9896
11.1515
13.7052
13.0768
9.69559
14.3076
10.6794
12.868
7.04275
8.36325
4.81057
6.73287
13.1486
13.7685
12.9432
13.8258
11.1072
13.4972
14.9168
4.63556
13.2764
14.3991
10.7987
7.48696
12.2641
13.6838
10.0432
9.90988
11.7091
11.4877
12.9731
14.7414
10.5274
10.8739
12.1355
14.5756
10.0019
9.27976
12.6597
6.74894
9.1112
11.0275
9.31662
11.2311
14.5133
12.197
9.55998
12.7204
7.40586
14.126
9.27254
11.4238
13.4709
8.74298
12.0335
6.28352
7.45827
10.2765
10.1339
14.4551
13.6255
12.1244
13.9411
8.44538
12.7052
8.74832
12.1017
11.3648
13.1014
9.90232
12.0823
11.8205
10.6393
9.86324
8.82969
13.0614
12.3245
4.74487
12.3438
14.602
8.42057
9.78274
12.2351
9.4032
11.7708
12.3208
14.8392
10.6358
13.2394
10.2606
6.20118
11.5192
10.7268
8.46663
14.9415
8.99373
10.7504
10.6946
12.1326
6.16787
14.6591
6.18515
10.5561
10.7159
13.0975
13.6621
5.81174
8.74016
13.1568
10.9276
8.31061
9.27235
14.691
14.9758
9.45281
8.88288
9.11986
8.51927
9.33188
13.7943
10.3362
14.866
12.3584
8.46756
10.3167
13.7577
12.2542
10.5461
14.4926
12.2
6.19784
14.9642
13.5305
9.23267
10.1541
9.63844
9.94284
8.72404
14.8403
10.5741
14.9699
12.594
14.5843
14.7362
8.47503
11.6165
13.5774
12.4651
12.034
14.1358
14.9523
14.1802
12.0129
10.8726
10.9425
5.14174
13.5447
4.52537
14.6463
12.0931
12.5181
9.49989
10.0409
12.6059
14.5335
13.0421
11.5726
10.2284
12.2847
9.62582
11.6957
12.1408
14.1179
