14.0363
9.63437
7.20778
9.30298
13.5544
14.5545
12.9565
8.82374
7.93642
6.90197
5.38581
9.90626
7.73988
4.33271
8.40526
5.75025
12.8649
12.8837
9.54575
14.0417
14.5917
10.6091
13.5113
10.959
13.4053
11.3141
9.59793
11.2662
14.989
8.48292
13.9356
12.5961
6.72873
5.80031
9.31192
13.824
14.3801
9.53036
8.36007
11.909
7.81408
10.9897
10.6589
9.20521
11.3893
11.3514
11.8978
12.8297
11.6273
9.88385
13.7607
13.3483
13.2384
10.8202
10.5974
5.02474
12.5502
9.83993
11.7745
9.19363
8.84152
10.5954
14.5934
9.89347
9.27062
13.4103
7.24641
12.0872
8.82016
13.5421
13.8211
11.0887
9.92203
13.625
4.91664
8.68788
11.9259
10.0179
9.69789
11.8437
6.80745
10.3709
14.584
11.5515
14.0911
12.3971
13.3277
12.7712
9.7732
9.80328
9.76513
9.95927
14.5415
14.1806
4.4049
10.3948
13.2806
9.07707
7.90671
13.4461
11.3163
10.4394
10.2774
12.876
13.5352
10.5012
10.9905
14.9637
12.7549
10.1988
11.5025
14.2267
13.7383
14.269
13.4159
10.9554
3.91416
11.0915
10.2267
11.3945
11.0663
12.1375
11.3323
12.0553
13.8794
5.9488
8.09708
14.3818
7.16268
14.7064
6.63475
8.88203
11.9749
13.6896
13.9094
14.9547
12.5566
13.2146
5.47896
9.44207
9.75518
14.8948
10.7914
9.57921
13.1268
13.1266
9.54139
13.8167
5.23211
7.49621
8.61165
14.3914
5.32996
10.078
6.1865
14.3746
10.8787
9.0601
9.81936
9.84439
12.3441
14.9158
6.73997
14.04
5.16463
11.5535
10.7922
11.5293
10.9022
8.00069
10.9864
13.9855
12.636
14.7003
5.25483
12.7675
13.477
12.797
12.1019
14.4244
7.26076
12.8933
4.61679
14.6032
5.42288
13.1392
7.27344
13.23
12.4966
8.28058
8.19037
13.3347
11.8112
9.78133
4.48558
13.5123
8.87754
11.3603
14.2608
13.1487
10.5664
12.9984
9.2661
5.18531
9.04456
13.2179
14.4131
11.7383
12.0408
6.19574
13.822
8.3496
10.7857
12.7666
12.0712
9.62785
13.6545
11.4579
12.7397
6.78814
4.28698
14.8034
11.3933
14.2874
9.8687
10.4362
11.1613
8.68052
13.4056
9.4913
14.5679
14.0348
12.3031
13.8079
10.103
14.7238
10.7493
9.57763
9.15622
11.6157
13.1016
14.1452
11.9279
9.71634
11.0473
14.3971
11.5567
10.7171
13.0366
10.0443
8.76396
10.5233
6.74755
5.59473
4.28102
10.9839
9.05192
6.51608
12.8591
11.0941
5.10209
9.60139
4.08601
11.2789
11.0991
10.4797
12.1476
12.768
12.8675
11.3109
14.8999
14.6695
10.3962
12.708
14.0817
10.7171
10.2181
12.1368
7.27474
6.20174
10.0258
11.581
11.3199
9.2236
10.8883
8.69137
9.89259
13.7026
13.507
8.80404
14.3954
11.0642
10.3277
10.4754
8.18946
11.3359
14.4877
5.97011
8.61863
12.7663
12.5028
13.033
7.50162
12.2328
13.4141
14.7468
10.8088
5.25988
14.7848
9.46542
14.0032
9.30891
5.12926
13.3363
14.6564
13.6827
12.1973
8.921
11.2655
14.0344
10.5252
8.9096
13.3173
11.925
10.5516
8.79178
8.99133
13.9569
10.9083
12.0018
7.46991
5.70927
10.1378
13.3742
8.37618
9.78997
7.4223
9.13748
12.7804
14.3615
6.73526
7.26225
14.9345
5.42393
11.2009
10.7551
12.5563
9.27754
5.886
5.22816
14.5556
14.8392
10.3233
11.1123
11.5055
13.6322
14.4158
11.211
12.1028
13.0097
12.7618
12.1629
11.4272
7.84407
9.29639
4.70156
10.4709
13.2367
10.6999
11.4192
13.3874
10.9961
7.41074
10.2156
6.34961
14.5916
11.3298
13.7343
14.4033
10.8495
11.0702
9.56753
10.0058
5.07633
5.53661
11.0792
13.4023
14.2047
5.62995
8.31584
7.74691
5.33702
10.7015
12.6702
5.93071
13.7146
14.7192
9.18507
14.6813
7.3412
14.7926
8.08604
6.0706
10.5152
11.8167
9.82646
9.24908
12.6394
12.064
13.2351
13.294
11.9248
12.7073
7.85757
9.55959
8.17563
13.8925
10.3065
10.4328
14.127
14.5876
14.0961
13.8527
14.0876
12.0375
14.1198
9.8435
4.52968
13.4613
14.6445
9.97684
9.01793
11.9105
14.7836
13.2626
12.6055
8.00656
9.99652
6.00335
5.29539
11.5998
13.3193
14.1135
11.6687
9.74105
9.64961
13.4196
8.02917
10.7993
6.1959
7.0038
12.0493
14.2327
6.70325
9.55532
8.22862
10.9838
13.6454
13.3284
13.7879
9.33127
12.5213
8.76682
13.8253
14.116
11.5942
10.4843
10.887
14.1384
13.894
13.0548
9.8115
12.3775
5.8948
10.5412
14.9106
9.32654
9.56391
10.8627
6.62279
10.607
8.55371
11.4533
13.7464
12.9099
9.88596
12.9665
11.8119
12.1775
13.3674
5.24543
11.8096
13.3125
12.7992
4.51977
13.0434
12.4302
11.9115
13.3118
10.9412
13.7239
14.4501
10.5623
9.4678
9.57544
11.2551
13.7043
10.5331
11.6898
10.1069
13.6883
9.71803
14.3552
10.3451
11.2566
12.0408
12.3993
8.11593
14.6628
5.35873
9.78547
10.7134
10.2037
5.82902
5.48243
10.5957
14.497
9.26459
11.2677
12.3637
10.3764
13.9624
9.64567
11.4966
12.8054
14.1444
9.86403
14.1515
7.95105
10.8311
13.4248
11.3662
9.14843
12.6232
4.89479
4.95197
12.275
9.56581
9.76242
7.90667
8.38168
6.93442
7.12434
14.4745
13.958
5.663
11.2821
10.433
10.2676
9.49735
12.1336
13.5177
13.0405
10.7846
13.8443
10.3345
5.77039
11.5447
9.61333
11.2451
11.9555
14.8024
8.79824
14.7419
8.40759
14.8382
5.09473
12.0152
4.42432
11.8736
10.7728
14.863
14.3873
12.813
8.87876
11.1218
7.82597
13.226
9.11047
5.25287
11.0907
11.0479
9.37018
13.4335
11.5693
13.8426
9.39557
13.5516
14.3516
11.6035
7.91776
8.73705
13.7742
9.67475
11.3327
14.08
12.1903
12.9539
10.7324
11.848
4.67738
13.2053
10.8546
11.9321
10.4371
13.2659
10.0359
13.7905
11.0249
13.2824
9.84124
13.999
6.33797
12.5795
14.2141
9.85071
11.1201
11.0406
11.1501
10.1661
12.4779
12.1616
8.95237
6.89563
6.73387
14.7692
6.98813
11.1601
11.309
12.3245
12.9573
8.8081
9.82252
11.878
14.4333
6.1861
8.89478
11.5119
12.5069
12.2881
12.8447
12.6523
10.7058
12.9707
8.71425
12.0247
14.4079
13.6798
5.64779
7.3599
14.574
8.8325
11.2327
8.48052
8.34258
13.6681
9.49561
5.26332
11.1425
5.08904
9.83526
14.9352
9.65783
5.55489
11.4623
4.46679
13.9133
14.0248
8.48146
11.5608
6.00406
9.48145
12.4276
13.2597
11.7809
13.2048
5.27971
4.65078
14.0834
14.3886
10.0186
13.779
13.9486
14.9004
9.49595
11.1055
10.2279
11.4739
8.18752
10.0863
9.47104
6.03595
9.57262
13.0247
10.9121
12.266
9.8157
11.5841
9.13597
9.60082
14.7102
12.2519
10.841
12.0571
7.66249
8.8949
14.0678
11.8797
10.4757
7.55907
13.0548
13.8218
12.2119
8.08122
13.5601
14.1527
12.3608
11.0368
11.4987
13.4188
12.4458
12.6639
9.19001
11.4291
13.4648
7.4519
11.3089
8.12047
10.148
9.76128
11.817
9.8783
12.0551
11.9244
7.55786
13.3932
13.9039
5.91302
12.1212
14.2669
5.81696
10.069
9.53239
8.46424
11.2075
7.59454
10.1025
14.8324
10.513
13.4671
6.05776
11.9543
5.91028
11.816
5.90681
10.4683
13.3911
10.6517
13.7223
9.50246
4.79612
12.3198
9.5744
10.7498
12.2304
8.35095
13.685
12.7145
12.0115
13.1237
7.78474
5.55555
14.9645
13.3386
5.6461
12.8937
8.88904
10.0819
14.0783
12.4018
11.8565
13.4645
11.6135
13.8186
12.7727
8.59894
12.186
11.306
9.6955
13.1366
10.3912
12.8697
14.5857
3.94384
11.3453
10.5182
14.6134
12.4032
14.3925
6.80278
7.93073
9.30299
12.0271
10.3414
4.42733
9.07175
12.3023
8.74941
14.0476
10.7442
10.9637
9.25662
10.5108
11.6823
11.6699
11.8472
10.6338
10.605
9.07662
13.7125
8.79023
10.6435
5.97634
8.82543
12.7614
8.34728
13.1633
10.475
8.62584
11.9373
13.8711
14.0691
14.501
10.1575
12.1814
14.043
5.30201
13.6709
8.18068
11.5361
10.3211
10.0722
11.7387
14.8015
14.5634
11.0433
13.0785
7.19675
9.83592
4.37601
14.192
6.40198
11.793
11.9728
14.5956
8.78493
4.92958
7.83425
13.8244
11.7463
12.7287
14.3525
11.3146
14.9568
12.8161
14.2253
5.7898
6.08362
12.5834
9.34278
6.0762
10.2242
14.2482
11.6376
10.1072
13.1787
14.7071
13.6071
10.568
9.98005
8.74619
14.7108
8.27029
10.3082
9.48013
5.92595
7.41504
12.4689
14.6431
12.1616
13.9215
10.8072
13.339
10.9541
4.09078
12.3455
9.33048
4.70342
5.9037
9.56235
11.4788
6.22957
13.0913
12.6106
8.38997
8.37004
13.1513
13.8981
5.72292
11.5644
13.9349
9.14347
14.9231
14.5205
14.4303
8.87849
10.1945
11.7711
12.0881
14.6996
12.1342
10.3278
13.5823
9.50341
12.1611
7.56647
14.1698
11.2803
6.78569
13.0151
9.26239
10.3711
13.006
12.0956
7.29255
11.7367
11.2648
13.0497
10.7808
13.5076
13.1993
9.78259
10.5799
6.95558
10.5843
9.13611
10.9291
11.7821
7.36778
6.14012
9.59743
13.3873
8.25818
12.1603
13.977
9.32487
12.1541
12.0583
10.6906
11.308
12.5755
13.6352
11.4152
14.9375
10.3142
11.7477
11.0854
12.0735
11.8931
8.62954
9.15895
10.0472
8.8103
12.0362
13.6657
13.2524
9.48953
8.80821
7.38862
11.089
5.13808
14.806
13.6182
9.17516
13.7836
13.8257
14.9927
14.9725
9.83008
14.6069
10.7677
14.7066
6.00307
11.5206
10.035
13.0534
7.42564
13.0825
5.76293
12.1387
7.11587
12.4104
13.062
8.49582
10.7118
8.60749
9.77077
12.3026
13.2546
10.0626
6.31818
13.1333
13.2184
9.70913
10.1987
10.2781
14.2127
11.0945
11.4589
10.2964
10.6641
11.7861
9.06304
8.47483
9.22429
5.00076
7.06419
9.73811
14.8954
5.40822
13.8003
5.3717
5.16431
11.1012
8.43938
14.3964
11.1748
9.5455
11.6799
3.76874
13.7604
12.425
14.42
14.8042
14.8726
5.48362
11.6838
13.7404
6.25083
8.69505
13.3692
11.433
7.34026
10.3164
11.2212
12.5018
12.4604
5.93693
5.93463
9.83541
9.95458
7.54171
11.2799
13.1929
13.9066
4.89266
8.43659
11.9951
6.77685
9.05181
11.8779
9.70827
10.7805
9.26654
6.46926
13.7207
14.2227
10.5578
10.8015
11.3265
12.1815
9.36728
8.14403
12.1271
5.13808
14.1797
8.58339
5.9529
13.4912
10.6257
14.5268
13.8317
9.37415
13.3623
11.6156
10.0324
13.0173
9.13436
10.4923
9.75694
12.2348
9.34684
12.8331
9.12028
8.3591
11.3849
5.54456
5.37318
7.62843
7.25079
11.7669
9.17756
9.82046
12.0174
14.1688
7.81838
10.873
14.422
8.51552
11.3542
5.52676
12.6374
9.21532
9.93714
6.38546
12.48
7.66558
10.3293
9.954
11.0419
10.5476
12.6469
11.0788
5.54896
6.0788
12.7351
5.25777
9.1291
14.6035
5.25688
13.1861
9.72461
14.0619
13.8337
6.97789
13.4454
14.7976
14.1265
8.12315
10.5121
8.43354
11.6983
10.7168
10.8832
5.86747
13.8266
13.7938
12.3967
8.44738
6.01126
14.6799
6.23674
8.3194
13.5418
12.3492
5.23257
13.4992
10.853
4.88981
12.6704
8.76444
10.351
8.33143
13.7533
8.14957
11.9803
14.2265
11.0635
10.1076
14.6899
10.8003
14.5922
13.579
12.4785
13.312
11.9308
10.7449
5.58657
13.5385
13.8465
14.4967
11.9361
10.2913
13.4631
10.7552
7.50814
14.5216
12.9761
13.0287
12.9821
10.6504
4.42377
10.1834
11.4035
11.509
14.9559
11.3143
6.74873
10.9832
11.9962
13.3035
14.6448
5.78728
11.4524
12.2749
9.56856
6.35894
13.7025
12.184
10.496
8.0358
13.3564
13.9026
8.39548
12.9345
10.8529
12.1767
14.7788
8.19199
4.57862
11.6602
10.4478
7.87984
13.9661
8.68224
12.2143
11.1445
8.81512
10.3015
6.83389
9.03547
9.33657
7.75314
14.6523
11.3991
5.46608
9.6693
11.9353
14.4824
10.2667
11.7835
8.52293
9.69687
9.98302
10.3255
8.51508
11.2085
11.514
5.05406
12.417
9.6749
12.7092
13.5754
10.6751
8.89771
12.4285
12.0531
9.60466
10.7657
10.0096
8.77619
11.3065
10.8293
5.30348
12.3812
13.6429
9.27959
10.9344
12.8677
8.70375
10.418
14.62
11.5252
11.7101
7.32208
6.12362
6.09232
5.20739
6.47806
11.0189
12.6654
11.8661
10.0935
13.3326
7.50673
6.69522
9.61935
10.3058
7.36237
12.1286
10.5315
14.6617
9.22775
14.8569
14.5711
11.8905
6.99636
11.2856
12.5115
11.6304
10.1014
7.26887
10.0447
11.1071
12.3351
11.9562
6.1361
9.6896
8.74609
6.57874
10.7627
10.6347
5.1111
10.1234
13.9325
13.3275
9.46978
12.0543
10.0941
8.70358
12.0811
14.5564
13.3966
10.6852
14.3645
5.93393
8.77675
11.0391
11.8156
6.35659
12.3382
6.42972
8.29034
12.0142
6.91763
11.496
7.16562
5.14994
14.642
8.86779
10.1684
13.4607
12.3787
13.935
10.5455
10.5645
11.4371
12.4519
7.85655
7.56456
9.65663
8.75475
10.8544
4.7227
9.02453
11.824
7.35935
10.9036
14.0687
10.5117
13.7985
14.1431
14.4823
4.0453
10.9978
14.8442
12.0722
8.0709
12.6206
10.6881
9.34509
6.26102
13.8495
14.6027
13.6017
13.511
8.73664
12.3174
8.1489
10.0901
13.0879
9.18474
4.95904
13.1786
14.0272
10.3576
11.4267
11.7534
12.2037
5.96286
11.9402
13.7022
9.0794
14.5191
9.24188
11.8475
8.33659
4.5182
12.4929
11.486
10.7691
13.7632
14.5683
6.56893
12.9066
10.9378
9.6818
6.92795
14.2467
9.86134
5.15933
14.6153
10.8217
11.0685
8.23864
11.447
6.0089
5.08746
7.63769
7.35771
11.6999
8.71542
9.80289
12.2371
14.4024
9.69293
7.63893
5.0775
8.40903
4.31109
10.1951
8.21431
8.76214
12.1897
10.2038
14.8283
7.24006
10.3169
6.95392
14.136
13.7771
4.81364
12.5074
9.57979
10.0384
8.9207
9.38763
14.6125
13.2388
10.9006
8.03205
14.7372
13.2512
13.5886
14.3064
10.5426
11.0482
12.9731
13.8898
4.47098
11.9153
14.7274
5.76527
6.11871
11.3462
9.27075
11.5588
14.4538
9.34399
14.8981
11.9393
4.42702
14.0974
9.24176
11.2157
8.87208
8.27155
13.5469
9.65558
7.80804
8.98603
11.4726
8.05562
9.45465
9.35654
14.919
10.4337
14.3512
12.3238
6.57394
10.1083
14.3517
8.12477
11.4861
10.0877
13.2405
6.08913
14.1129
11.523
11.2948
12.9306
11.1587
9.64056
11.3087
13.7763
5.29247
12.6033
12.6104
5.47487
8.80218
14.2493
12.6568
8.27369
5.73632
12.3267
9.95842
10.7305
7.91299
12.5511
14.6526
5.11687
9.26072
12.2577
9.88319
10.3943
12.2757
9.03041
13.7924
8.71558
13.0713
9.63074
10.4089
12.847
12.8545
11.0755
9.981
12.9393
11.9094
9.72496
12.7268
10.3213
10.1738
11.1056
8.35096
13.4517
12.4968
6.14395
5.70785
13.2996
13.3599
14.7739
6.73303
12.729
13.9688
10.6703
9.53381
11.4342
9.02293
12.8068
10.7893
11.957
5.90307
5.71424
13.5246
13.1187
12.3182
12.8448
12.6346
12.0835
12.2923
10.0016
6.21495
13.961
12.8346
13.3414
13.3313
10.133
12.5179
10.8564
12.8659
12.1839
14.3971
7.68486
8.91335
5.9332
13.9872
8.86332
13.2917
9.13331
9.67753
10.4384
9.45914
7.95296
12.6704
12.4582
11.9854
14.0544
10.7604
4.79601
8.6731
11.1256
10.3493
6.50241
13.17
12.0101
12.957
14.4919
11.2005
14.396
8.5652
6.84922
8.22077
5.99001
11.5786
12.4163
12.2612
6.08262
12.3284
13.3652
12.9368
11.9426
14.8623
13.6211
8.55964
8.22159
13.6089
11.7079
13.2991
10.7693
10.3349
9.76365
10.6932
8.70696
10.8532
14.0778
11.2017
10.0712
7.1528
13.6472
9.11947
10.1522
9.3949
9.05208
11.7884
12.6027
14.9435
11.9557
13.2777
5.01613
10.5197
6.75432
12.0396
8.6449
13.3937
9.10259
9.74304
10.561
14.9737
9.64771
10.0381
9.20021
14.5828
8.80968
11.128
14.5862
9.13654
8.65666
9.34461
14.0201
11.1826
8.04101
14.151
8.67288
13.3528
10.5787
5.25688
7.13076
13.9685
11.3592
12.2627
5.20013
11.181
8.98577
8.48051
9.01445
9.91879
14.3255
10.1802
13.1071
13.844
12.3685
13.3531
8.36169
7.60527
8.88733
4.59325
10.4409
8.90746
14.634
7.77789
13.7968
14.9057
8.86193
12.6551
14.23
14.3809
13.2478
13.6618
14.2455
8.14334
13.9644
14.9324
11.685
13.3858
14.6396
10.0996
11.1933
5.03515
7.5813
10.9046
6.99875
8.78151
12.6374
11.1676
6.85415
9.98829
10.8305
9.66796
11.2185
10.8771
12.092
9.37912
8.62357
14.6999
10.2136
10.1094
14.6412
8.22484
12.9373
11.7416
12.1982
7.47779
13.5763
8.32706
14.2186
12.2453
10.2796
10.8556
9.02038
13.6915
14.184
10.1399
12.5532
14.7684
12.9507
6.28878
9.06835
14.5057
14.3372
8.31109
10.7744
10.5564
14.8009
9.98521
13.2759
13.2478
13.4651
12.026
6.17024
9.41097
10.4625
10.8817
8.29105
14.7844
11.1428
10.1589
12.6963
6.88769
10.5957
10.4088
9.09926
11.883
11.7323
14.5751
13.383
7.78283
14.2022
12.3544
11.2025
12.9934
11.147
13.8221
14.8929
10.1393
10.2095
11.2864
10.8958
9.87243
12.6308
8.48364
9.90453
9.1251
10.9401
6.83346
8.69178
12.9917
10.6517
7.90451
11.5423
14.9558
11.0498
12.3936
9.36298
9.00975
12.8881
14.5895
11.5269
13.5282
10.1108
10.7306
7.61269
13.069
9.83531
11.2704
8.93089
12.5348
12.6841
6.17305
12.4778
12.2341
11.9858
13.0515
12.5793
14.6341
14.1405
8.61775
11.8288
11.4599
12.1636
6.21585
9.12385
8.53641
14.6445
10.2418
13.0006
10.1331
13.1796
12.5519
14.6291
13.0232
12.8088
14.8225
13.3761
14.2141
8.56227
8.81133
9.09444
9.13101
12.3537
11.5229
9.93416
11.013
11.1652
13.1955
11.3687
11.4603
10.5331
13.5094
14.014
12.141
9.46528
14.5378
10.2872
12.7406
9.57491
6.10734
13.9979
5.66984
14.7121
8.74576
14.1312
10.7514
9.57172
6.41566
10.4144
5.01403
14.8985
14.4437
14.4737
9.23263
9.2591
9.06718
11.9107
7.36929
8.71151
13.8717
14.2224
5.3497
12.164
12.7084
11.7517
12.8417
9.70005
13.1938
11.0584
7.88168
4.97321
8.75808
12.6235
13.7183
10.9951
12.9978
9.73872
11.1776
12.8319
14.2384
8.80175
14.1531
11.2178
13.711
11.5485
13.3529
7.45202
12.6624
8.41456
5.00492
11.0289
10.9046
10.3335
14.1368
11.3207
12.339
11.0182
9.56932
6.41621
13.2009
12.0566
6.65597
6.58979
11.6657
10.9056
7.89702
13.1444
13.8373
9.92624
9.444
12.7822
12.1656
14.5473
9.02701
6.07683
6.51341
11.2013
13.7761
10.6513
14.3509
5.54048
14.3171
9.59772
10.4776
14.223
6.33207
10.6851
11.346
14.927
11.2081
8.84789
11.2209
14.4799
9.2006
10.8477
8.93136
13.2003
13.0635
12.6146
12.331
4.79027
13.3528
9.06397
13.5043
11.1981
8.07977
12.4327
8.93722
11.2185
14.4412
8.56065
12.3261
11.881
11.477
14.7936
11.0176
7.91994
7.87975
4.92672
8.23552
12.8183
10.2177
11.0548
14.9084
11.1724
5.3625
14.0761
13.388
6.72219
8.57336
10.7192
7.59846
8.26205
14.5497
10.285
10.5778
9.0343
14.1817
14.3774
8.50144
10.7052
14.3535
14.3014
13.9058
4.81924
9.07538
4.32989
8.96862
12.4017
13.1105
11.9147
9.69859
9.67778
14.4665
10.5503
8.25833
10.0791
13.4136
11.892
12.8305
13.9397
8.41189
12.6676
12.7443
10.5772
5.34957
11.7398
9.1384
8.77796
14.8014
6.60838
9.87951
10.1828
5.6056
14.7426
14.324
12.2233
14.2611
13.9635
14.3457
10.7744
14.3686
14.7195
9.84899
9.76922
5.30576
10.0549
14.8159
13.0274
12.489
12.0502
8.99403
14.0532
5.46536
13.7076
10.7122
6.75044
9.85054
12.0351
14.0485
8.8627
8.24037
11.6348
14.7416
14.6932
11.0128
9.6331
9.27873
7.89783
9.53916
14.5575
11.635
14.9094
11.986
10.1433
6.72234
14.2974
9.98396
12.0708
12.831
12.3432
10.7487
11.4926
9.31254
10.1536
13.7485
12.0159
12.119
12.5412
12.3904
13.9328
7.95765
13.2491
10.0491
9.90962
7.59633
13.2359
13.7712
8.23034
7.23394
11.3439
10.2374
8.17631
13.201
5.31511
10.793
11.1125
14.0455
12.8856
14.3155
14.9793
8.77228
11.16
3.98238
10.8918
11.2042
10.8391
9.20318
14.3503
11.6602
14.2782
11.0838
10.8501
5.39648
14.3664
7.39826
7.04862
12.0322
10.6527
5.77718
11.6347
9.20547
7.17726
8.05158
11.3932
13.2353
14.0693
9.45536
9.05367
9.84969
9.17959
5.95955
6.5267
12.5094
10.0098
4.93366
6.36678
13.2078
8.49409
12.8592
12.138
12.7318
9.28651
9.45826
9.27822
13.9897
13.2981
8.0041
12.4131
6.79455
10.2885
8.2222
13.5054
10.6899
13.5867
13.1431
9.38411
14.1932
14.8176
11.2676
13.1879
13.0653
9.12164
6.00089
8.63607
10.6938
13.4171
11.7366
11.4438
14.581
12.8022
10.4275
14.3525
9.5517
14.766
7.69849
11.9885
12.0532
7.12718
5.67242
12.9187
8.53831
9.74153
9.31575
13.6996
8.8107
13.7955
14.2959
10.6099
14.3282
9.02732
14.3616
9.06121
5.39298
10.7738
9.83911
14.6039
9.85308
14.8929
9.18995
12.4177
13.5266
11.2808
6.5996
7.51922
10.2074
10.1325
6.13785
4.63071
9.96741
8.46852
5.88382
10.3371
12.9603
10.9303
13.058
8.12341
10.1149
13.4233
10.8772
9.2749
12.7327
9.10515
11.1289
5.14527
7.68969
10.9989
11.9638
10.2323
5.35418
11.0643
5.83334
13.4715
10.4687
10.0616
8.45658
14.2467
11.1156
11.3698
11.4263
13.7546
9.55514
11.4084
10.2041
8.87637
7.05776
11.783
14.0387
14.3192
11.1005
9.79299
9.8941
13.2614
14.9754
9.60726
9.21458
9.68908
14.5455
9.44716
13.8179
10.172
13.4726
13.0246
6.55355
14.9252
6.20318
13.3873
12.1656
10.4622
13.0127
13.5196
14.3213
12.1241
10.9867
9.9136
10.0708
8.31457
9.78489
14.7311
7.71539
12.5531
13.9766
14.1496
10.8141
12.51
9.22442
9.55127
14.5461
14.2438
13.3232
8.53133
10.5899
11.1831
11.4047
8.36043
11.6329
11.0236
11.9992
6.50034
10.7226
10.8104
9.0842
12.1477
12.3217
13.1124
9.36196
10.7192
10.0387
9.62535
13.999
8.31973
12.2185
8.20235
14.6884
14.9859
13.8335
11.4191
11.016
14.0597
4.9259
14.7244
12.7593
11.3121
12.2042
14.3448
7.92785
10.0338
9.45976
9.77331
10.2468
11.8479
10.1069
6.32406
8.0402
5.64396
8.53739
9.28104
5.32465
10.7295
10.8109
13.9578
5.01397
13.538
13.9783
4.38978
10.002
12.8778
12.6897
10.9924
13.7762
10.2723
11.2305
10.5276
7.65593
12.7503
14.5441
14.8797
10.4414
9.7172
12.1221
10.2426
12.1782
5.97483
6.89665
13.8011
6.97475
14.2912
9.62131
12.6084
11.1399
13.8703
14.8341
13.256
14.9711
5.11764
13.431
12.1977
9.06854
10.4496
11.4332
12.3602
13.8232
5.89551
9.02175
13.9099
5.67806
5.35161
13.2175
13.82
10.873
8.28461
9.45778
8.86554
11.539
11.061
8.29618
12.8696
13.0315
12.1292
14.7999
13.0264
14.992
5.42079
13.9839
14.1651
11.6909
12.7263
11.7898
10.2106
10.0736
7.99044
8.66545
13.453
9.04752
11.4368
9.49629
7.90634
12.9176
14.4584
13.7932
7.43793
14.8024
7.77681
11.4634
5.63847
14.4401
12.3208
11.3388
10.0189
10.5146
6.84102
14.2061
11.6109
11.2564
11.3303
6.06931
12.7036
13.0408
10.3158
11.9914
8.35672
10.5787
8.39791
12.1466
11.7691
10.9615
12.2762
12.0433
9.45195
9.96308
8.19307
13.271
12.0673
13.3394
9.90079
12.0039
8.00949
11.9447
13.2303
10.3678
10.6789
5.408
14.9966
9.95296
12.6641
10.1743
5.69645
8.24602
12.6151
11.215
14.6022
13.6071
13.3444
5.76928
12.8664
9.37286
14.4865
5.85755
8.73516
13.2206
9.56567
13.1916
10.3597
9.18704
4.23865
11.8821
8.3104
10.4663
8.09682
5.7499
9.46045
14.4553
11.5114
14.3173
12.1758
14.644
9.7385
8.75869
14.756
13.7753
5.81684
10.3599
10.4712
14.3667
10.0418
13.9279
14.4639
5.71403
14.6075
12.4813
14.4486
11.3529
8.58522
9.31874
13.1365
9.88001
11.3152
10.0737
12.1273
13.1335
11.2784
9.32249
7.90224
10.0767
9.82774
12.55
12.968
11.3581
9.90456
12.21
10.6723
8.09266
14.3726
12.299
11.7493
13.7325
14.1046
8.30784
8.99269
11.8268
5.97949
10.5567
9.78224
7.91114
10.7837
9.90015
13.6957
10.754
14.1679
12.1298
10.0362
14.6883
8.97662
6.66979
14.2513
4.10756
11.9947
5.42272
14.776
6.71652
8.55621
14.8675
14.3077
14.5507
12.0914
12.5546
10.053
12.8217
8.30498
6.68453
14.6715
13.3035
8.83829
6.67369
14.2557
11.7039
13.227
9.99236
10.5064
12.2101
14.9562
11.5858
11.8017
12.5669
10.3929
5.23798
14.1327
10.3142
7.73962
14.2119
12.5633
5.95934
7.68646
13.149
11.3644
8.4997
12.3446
5.60572
9.53406
14.0422
10.2155
10.9182
13.3601
12.2831
10.8918
9.86197
10.5263
11.658
13.0127
13.1871
11.0652
13.381
14.5393
14.6306
14.1436
12.8939
9.62509
9.48861
12.7342
8.55593
13.2361
9.5013
9.14602
11.2556
9.02486
10.0438
10.2696
9.69892
13.9091
11.457
5.92252
7.36513
9.88444
4.99432
9.30768
8.77267
9.09639
9.68169
12.5446
13.7451
7.50384
10.8099
10.6901
6.16783
5.02323
10.004
6.70344
10.1892
10.5115
11.5316
7.94421
11.4804
8.57562
9.52538
7.31261
8.0255
10.8315
8.45612
9.41701
4.74104
9.22526
9.3088
8.07587
11.6397
12.1182
11.1994
14.3731
12.3734
7.93316
8.4461
5.94159
10.5332
7.8332
10.5218
11.8422
9.95205
5.72241
14.0709
10.319
10.8589
11.7357
11.4858
11.5585
11.7981
7.80733
11.9101
6.51852
14.1865
8.66507
11.2066
5.09563
10.173
6.56994
12.9721
4.13768
13.4028
7.4888
11.0959
5.72197
8.95004
12.8686
9.37853
11.124
12.6334
6.92113
8.3942
8.98323
13.8423
9.22417
5.90933
8.32806
13.2373
5.25852
12.053
12.4832
8.10839
12.0125
8.72736
5.22022
10.5954
14.6137
7.56415
10.9136
14.8536
9.14498
12.5744
9.68076
9.63902
6.76045
9.01164
13.612
7.38796
11.3035
12.049
13.7694
11.1257
12.0603
10.0167
10.1796
12.9026
8.34091
7.63452
12.8127
14.5597
9.86178
13.3276
14.0498
12.2576
11.6429
14.6395
12.1984
6.89796
11.4882
12.9927
9.20625
8.49913
13.3763
9.35459
10.5032
9.8397
9.44095
10.4493
5.84187
12.3969
8.69826
8.50896
14.1843
14.765
10.4
14.5974
7.55596
14.4276
13.4316
7.00055
11.4124
14.6601
14.8666
8.00139
9.25439
11.4336
10.1033
11.5091
11.7512
6.41151
6.4325
13.3493
12.4502
12.3999
9.70374
14.8855
9.47438
13.2167
10.3195
8.53401
13.53
12.3579
10.1459
14.86
12.297
14.2171
10.1707
14.0373
6.33386
9.78599
6.14385
11.9865
5.85073
5.69111
9.8503
13.9179
12.9947
7.4966
14.0597
10.4582
10.8591
5.17812
7.22481
5.69345
5.70452
11.1579
13.4691
9.64958
12.3666
14.2578
12.1327
11.0073
13.1216
14.299
5.93264
12.2531
10.5564
10.1242
8.60654
9.17238
11.903
14.4327
13.4567
10.4879
10.6902
13.5702
12.0648
4.85107
12.6658
10.2407
12.7137
4.65899
8.29429
8.07897
8.78382
11.3381
10.0731
9.87676
8.13827
13.6669
11.6385
9.35725
11.2156
10.5962
13.1785
9.6055
9.7891
10.2762
13.1404
7.7859
10.0843
8.61227
9.97025
10.8037
7.269
12.3816
9.58558
11.5179
10.06
6.49337
14.5821
13.2509
14.4419
12.6632
6.58332
14.4347
14.2663
4.9787
14.5599
14.7419
5.31871
6.33338
13.5197
6.8581
14.5251
8.29311
14.6567
8.4122
8.42771
9.31967
13.4907
14.1513
14.6182
11.219
14.2336
12.5133
11.6776
7.67373
4.07082
11.197
14.0457
12.849
14.2152
13.9622
12.8784
14.8823
5.89632
9.36376
12.5556
7.8337
5.0155
14.3233
13.131
11.712
14.7899
12.0298
8.78488
14.1769
13.0237
6.2663
9.93085
5.40543
9.44364
14.3302
10.1691
5.49365
12.5717
6.07336
11.8616
11.7336
10.8369
13.9952
11.9685
11.729
8.60254
12.4614
12.27
10.0881
13.8478
8.93927
14.1182
12.4992
13.1992
9.35264
10.3176
8.81166
8.99456
13.2426
12.698
6.48485
6.22353
9.38602
5.56804
8.69348
10.4989
5.56656
13.7182
6.22852
11.6648
9.00609
8.07216
6.52377
12.8116
13.1337
8.66265
4.6939
9.40773
10.5591
11.3657
6.63708
12.3987
9.30328
12.77
10.5643
9.67002
13.2524
14.5445
9.37005
9.6884
11.7506
11.1101
8.8642
14.6057
11.0155
11.1108
13.089
6.90393
8.67637
8.7802
13.1162
11.8739
9.68986
10.9835
13.6995
10.265
6.49081
9.97732
14.3034
7.77315
10.1832
12.0227
6.4397
10.1998
11.3391
8.83687
8.30845
13.2075
9.93099
9.99501
13.455
11.7798
5.39523
11.326
14.9623
13.0416
13.7531
9.8405
14.7414
13.708
12.0893
9.92501
4.40534
13.8105
12.87
12.47
13.4308
10.1475
10.9901
14.8839
10.8315
8.72919
12.0138
14.4972
13.1242
11.1474
7.5205
13.7307
6.71601
6.1614
6.45623
10.7666
13.6077
13.0032
14.5326
10.5912
12.8566
3.91169
14.0375
13.4326
14.2347
10.5365
5.28394
13.2185
10.685
9.14649
10.1109
7.62431
8.57997
7.06688
12.771
5.82544
8.03215
11.5621
14.3206
8.48096
11.0627
12.7251
13.2727
7.80553
9.63556
7.97214
14.571
10.9689
12.1338
10.3222
9.60588
10.4503
10.9175
11.934
11.3388
9.70514
11.6509
13.8319
11.2565
13.7677
13.8728
12.8501
12.2076
7.89408
11.5206
13.718
13.9293
11.3096
13.9013
9.81353
9.72966
12.3023
12.3451
14.4787
8.58953
6.92553
10.4709
13.849
4.3122
6.52374
10.9367
9.3469
9.02289
11.6662
5.79359
10.937
14.1066
5.50985
11.3137
14.1845
10.6832
13.343
9.5854
13.9641
11.7464
10.3699
14.0883
5.49549
12.234
8.83088
12.8778
8.76374
8.55449
12.6573
13.257
11.6014
14.3266
11.5329
11.1823
10.1225
14.5942
9.86589
6.09669
12.4752
9.75947
13.3174
14.7485
14.5217
8.97616
9.84492
10.9972
6.48137
10.4916
12.88
7.19947
7.95901
13.5097
7.39733
13.5441
12.1766
13.0193
9.56309
10.9824
8.99019
5.4313
10.0551
7.68912
9.39826
9.35637
12.855
8.41748
13.3562
9.77264
10.0925
14.8017
8.66194
13.0263
14.4016
9.32248
12.3611
10.7993
11.9559
14.7047
5.76051
7.6098
8.99207
11.8183
8.07205
8.11351
9.94405
5.2094
10.4963
12.315
9.10137
9.54549
11.8073
9.07473
13.8461
13.7817
11.4398
13.5934
9.4958
9.72976
14.2088
13.808
12.9834
12.368
13.2436
14.5327
11.4034
11.8817
5.3402
11.8151
14.9747
8.77258
14.102
11.1371
12.2859
12.8008
7.36549
10.439
11.892
14.9761
9.46867
6.37163
14.1809
14.7313
5.91013
12.887
9.51171
12.2974
14.95
8.77117
6.42987
6.74528
10.2041
5.90369
11.6529
14.8592
14.6112
5.30371
9.69304
14.1074
12.2901
5.90524
6.05334
10.8242
14.6629
9.79216
11.2359
13.2537
8.0966
13.6522
11.6869
11.9664
10.7129
10.8363
5.75604
10.8678
9.91413
14.9375
12.0677
8.5091
13.8377
8.62381
11.8598
11.5132
10.5713
4.81894
10.5886
10.2867
6.99111
11.6102
13.0252
5.78492
11.4204
11.2463
6.12979
13.8224
5.31375
13.6417
13.3613
8.74502
11.8583
7.04077
12.4489
8.18692
14.6033
10.6205
13.8143
8.36603
8.11056
10.0356
12.4104
11.9561
14.8906
12.5361
11.1162
5.41919
12.9126
10.3521
11.1722
14.0366
9.8199
7.99395
13.8447
6.17636
12.6694
12.9869
14.0572
8.87582
10.8566
6.01486
14.7518
11.4211
7.15777
6.48933
9.30617
13.3542
9.17717
10.789
10.5052
10.1129
12.4401
14.1689
10.4072
11.985
6.48241
11.5128
10.4946
11.3787
9.81643
12.8272
7.75125
5.84549
10.337
11.9862
11.1731
12.4347
13.9058
12.0122
8.83356
13.0456
14.6704
5.94233
9.3086
5.9797
11.7232
9.93616
11.4513
14.6658
13.7168
9.32404
9.88985
7.55761
13.4437
11.6714
10.6325
10.8994
11.8474
10.4663
13.181
11.4378
12.7742
13.7226
5.72691
5.07081
13.4162
9.57019
9.93142
12.9889
6.38365
8.83105
6.02793
5.77023
9.15248
10.5757
9.70426
6.00275
8.48007
13.8951
11.7638
4.76508
12.1766
13.3744
12.7409
9.86582
11.0689
9.06262
12.6172
14.4884
12.7398
9.8398
8.6583
10.3944
14.4831
12.8308
9.90867
8.56903
10.3678
12.2554
10.4866
10.0433
14.1619
6.09471
9.59016
10.901
14.9258
10.0079
12.6087
8.29843
10.4465
12.0154
10.3298
14.6821
14.935
8.12303
12.8861
8.54858
14.9204
4.61607
14.2863
8.42848
11.9878
10.2821
9.93961
14.2152
9.64426
9.66783
10.8344
13.5202
8.99668
6.2844
13.9919
8.0889
9.98743
12.011
12.9121
12.0508
10.4865
7.25015
14.9645
10.0601
8.17387
5.92905
10.5936
6.66977
12.0859
9.47032
8.73741
8.88239
12.0315
9.4603
11.2411
14.0428
14.7082
14.8525
11.2763
5.67326
6.60725
5.56703
4.61305
14.9338
14.6923
7.34503
6.06211
5.27227
6.81741
12.877
11.3679
9.95764
9.25309
14.669
6.60456
11.2578
10.7587
5.88822
8.17972
9.31163
8.81164
13.9039
9.66776
6.38065
12.8046
6.43079
14.4551
7.15199
8.73705
14.0428
8.76479
14.8891
12.8327
14.0481
12.7849
12.3707
11.0188
13.4351
5.96295
4.99418
11.8867
14.6913
14.5125
14.8824
7.89313
11.3059
11.3689
14.3065
13.5065
6.53508
6.271
14.2291
12.555
13.3541
7.90404
14.2176
10.0446
8.11521
8.17218
14.7053
13.2909
7.76778
10.1963
12.8337
14.0685
13.6573
13.4824
8.82727
8.63818
10.4559
6.41554
14.7054
12.8455
6.15403
6.27705
13.6539
10.6271
8.98286
4.80357
6.03268
11.7791
9.59834
8.85809
8.80381
6.9651
8.84474
6.85012
8.85382
8.06694
12.6217
10.5477
11.4524
7.65337
14.5421
9.40348
10.3042
12.5642
12.0917
10.4922
5.8646
14.2785
10.3334
12.2899
12.3908
13.174
6.23237
12.6263
5.89385
14.5266
12.1147
9.86917
11.506
10.1258
9.4813
7.96533
13.6687
6.11283
11.9804
11.4447
5.2913
12.0753
6.57093
10.9364
11.3548
12.5835
13.9636
6.348
4.78623
6.5993
14.7499
5.51566
10.6764
8.80094
13.1586
12.3421
13.8183
11.9098
12.5836
8.13701
5.73102
10.3683
8.26871
13.0818
11.5798
13.496
10.1899
10.3386
13.0587
5.81345
6.37238
9.73347
9.29416
7.34007
5.79955
4.70292
10.6366
13.1041
13.5706
5.81152
7.21701
8.11748
8.32953
13.0101
13.6293
14.0329
10.5162
13.1192
10.4879
14.3359
13.0406
10.8556
12.3718
10.9055
13.3753
9.38644
14.2511
5.88171
10.4337
9.38921
9.12934
5.8639
8.20944
8.61891
11.9194
8.44239
6.13901
12.4217
5.20381
9.96281
12.5077
10.191
13.2522
11.9348
9.83215
10.4319
10.9266
10.4815
14.4584
13.0353
8.63138
8.56925
8.85885
9.89212
12.8823
13.9924
9.13059
8.27373
4.56704
6.0808
12.8938
7.62849
12.194
10.4465
13.6099
12.5057
9.83474
10.0636
14.2525
10.5373
13.3833
8.45757
9.42724
12.4687
13.0671
11.9933
14.6759
12.4803
11.7132
13.2016
12.5701
12.1538
11.7665
11.6209
13.3695
11.0094
10.5943
14.7101
9.09033
13.6154
10.8229
8.52171
11.9423
6.05848
12.4508
14.2218
14.3369
11.2124
8.25023
7.26537
12.5981
10.7623
12.0202
10.706
11.8356
10.2821
13.6136
13.1031
5.44056
12.5915
7.44757
12.7315
13.9737
9.1379
8.68158
10.5389
9.95023
10.2192
13.3169
10.6723
13.991
11.2614
13.7692
14.8612
10.9942
14.6178
14.9759
12.003
14.2923
11.8117
9.1595
12.1527
11.2928
10.2166
12.4209
10.8365
10.9979
13.1807
8.83781
9.92351
5.27941
14.7906
8.17145
13.8386
13.5303
14.2793
10.294
10.9174
10.9121
9.46336
14.4386
9.0563
8.99808
10.9533
10.6055
6.27581
4.47741
10.3668
11.1582
14.7473
13.328
11.941
6.49619
9.91872
14.1504
11.6897
11.7948
13.0356
12.8341
13.1998
4.95463
13.9346
5.93141
12.105
11.0625
10.5376
11.0945
6.18752
11.1311
9.66119
11.6223
7.15731
14.1354
8.34589
11.8834
9.63313
11.2193
9.5873
14.1315
11.9538
13.3423
11.2031
9.63411
11.1992
14.4885
10.7189
14.6528
11.5125
10.9125
11.267
13.766
10.6656
10.1743
11.1823
13.1958
10.8022
9.50063
9.48911
14.2347
10.8369
12.5724
9.15077
10.0391
4.50547
9.57856
10.9076
9.35976
8.89898
5.72117
13.9649
9.63958
12.6711
10.6754
12.2435
8.75654
14.024
11.7749
6.12768
14.821
9.80861
11.1352
11.7518
11.6155
9.66941
10.208
9.50562
9.12548
13.6103
5.96126
9.7863
12.8354
11.6628
12.6775
10.5542
11.0057
11.6066
7.40181
7.20502
6.09582
12.341
10.3145
12.6675
13.2891
14.8365
9.15891
8.25564
9.3674
12.2261
13.7197
10.8276
7.40249
8.53666
10.7346
14.0463
5.8438
9.08198
9.20486
5.3485
11.9814
11.8637
14.4939
12.9118
9.64706
14.7478
8.04074
12.7204
10.6323
12.455
12.8718
11.3971
9.47815
10.3067
4.97441
6.40756
5.74123
8.7982
11.9487
12.9136
9.76402
11.2225
13.6351
13.4433
13.5757
9.78313
12.9745
12.3432
12.7862
11.3152
10.493
7.81061
14.3503
14.8245
5.80608
12.6176
13.5389
7.87993
7.34531
10.5611
11.2862
14.9797
12.8457
10.1958
12.5807
6.28691
10.7902
11.3307
10.638
10.0645
10.8296
9.77957
6.06482
8.51387
11.333
11.7413
12.6702
11.9663
12.7538
10.3954
9.44169
12.8912
7.85722
11.0952
13.4759
14.1488
14.6517
10.7288
13.5875
14.2649
13.3104
11.396
12.1023
9.34384
11.8425
10.0782
11.7742
8.95092
14.0639
13.1953
12.6827
12.3211
6.10669
10.6075
8.7345
9.25543
12.2819
9.51621
11.2123
13.2608
12.3815
11.6126
13.7178
11.2994
11.2803
13.2214
10.8993
9.02827
11.4591
10.0908
14.6561
11.5769
13.1985
13.7052
8.4512
8.45025
10.7776
11.3192
13.76
10.5303
6.02842
11.8402
8.41048
10.7707
10.3599
10.4738
6.88829
5.99823
12.4015
11.7199
13.1739
14.6002
13.4385
10.577
8.5411
14.0884
13.6002
13.5449
11.8115
6.78682
11.6172
10.5804
7.32139
10.8001
14.4859
7.7147
8.29506
14.753
12.1893
4.8712
11.4646
11.2036
8.85837
11.0109
10.3109
13.9004
5.76622
13.0901
14.652
14.72
12.6304
7.80019
13.0389
6.52135
6.6703
14.931
13.9853
9.27269
14.3057
11.9763
7.54071
8.66131
7.2924
11.3017
5.76678
10.1319
9.59875
6.58186
11.5036
12.1345
13.5499
13.9269
14.7159
9.47586
6.53881
11.5866
11.3542
12.5779
9.57728
14.1003
8.67383
11.7145
13.586
14.8699
9.35046
8.41969
13.7026
9.36912
7.7677
12.4753
14.1356
9.04483
5.577
7.23971
11.2503
5.10499
14.9903
9.18248
13.289
5.95815
12.0655
6.89154
11.1049
6.50297
11.0734
13.7125
10.0199
8.6037
6.4045
13.3638
14.6643
6.17994
10.0636
11.8299
6.2558
6.06644
12.8496
8.89526
12.007
10.3859
13.3461
5.82906
14.2911
9.58701
13.2095
5.3683
11.003
14.9864
12.2157
4.77901
14.2084
10.0117
12.6844
6.29623
12.0496
9.73678
14.8707
11.4465
5.96562
8.25915
14.0122
13.544
12.0351
7.93007
5.68083
8.76616
9.8399
5.5474
8.74842
9.79748
5.95148
10.3738
6.37098
12.7072
10.1231
12.5826
14.0992
10.716
11.6274
14.118
10.9524
10.5717
10.3006
8.08478
10.3578
9.51186
5.96421
11.2208
9.46287
14.5025
9.49483
14.2841
10.0975
11.4065
6.03946
9.34314
10.2995
10.2985
12.808
14.1721
14.417
6.71421
5.789
10.2742
10.1222
11.4221
12.9158
12.1423
11.114
8.76256
9.26933
14.5243
7.22261
14.7428
10.7634
5.48549
11.1601
10.6506
9.89796
6.42852
6.20645
12.4745
8.43195
10.995
10.3823
9.14196
12.3767
9.25875
12.0055
12.6588
12.1076
6.30979
14.0217
11.5027
9.87967
14.2529
10.1618
12.9984
7.19876
10.3064
11.9315
5.69034
8.78562
14.31
14.8309
8.95851
14.031
8.56126
14.2721
10.5281
10.6729
9.17237
7.85069
10.5581
14.5178
10.1492
5.85147
14.8649
5.85184
6.36
9.82835
13.2172
7.42095
12.8686
14.8167
14.54
13.5816
4.73661
12.2316
12.2869
10.0621
11.1372
8.96672
6.34062
11.4241
6.5481
12.6846
9.37403
13.548
14.2302
11.8096
14.5689
11.2224
11.7079
13.6345
14.7067
10.2927
5.25905
8.13701
8.33882
10.4172
9.90157
12.6575
10.3884
11.0276
10.9302
8.33601
7.09192
8.29607
11.6298
12.9856
5.2335
8.29962
12.0843
10.7957
12.0786
8.86914
8.63967
14.9974
12.0211
6.08291
12.3712
10.5375
6.21794
13.8979
12.095
12.9493
5.25071
8.02971
10.8937
9.66043
14.7351
10.5099
6.61401
6.39157
8.88823
9.99575
10.808
5.93207
9.02127
8.66594
7.83874
11.2566
10.0912
9.25648
14.7475
11.8636
10.5345
10.9347
14.1352
12.3553
13.6982
14.8276
10.3117
7.02602
14.0155
7.18077
14.9481
4.37332
6.33804
11.7265
7.26254
13.5229
11.7098
12.3064
13.5938
10.9877
10.7088
14.522
11.573
8.94606
9.62812
12.1274
12.6757
10.0991
11.218
11.9599
9.60671
10.7403
10.1262
12.1276
7.08079
6.26938
9.84971
10.7568
6.24422
11.2298
14.2142
13.6723
13.4543
11.4039
13.3637
13.1122
5.45211
10.8449
9.4823
14.4563
14.995
11.3132
13.0975
14.5409
8.42933
14.9534
13.057
14.1665
9.18956
14.3402
5.38101
13.6348
11.7367
14.1144
10.4823
14.3816
9.1147
10.6496
12.4247
14.4727
10.0079
10.5351
11.6767
13.2666
14.0496
7.07919
13.3257
7.71339
5.93235
13.7453
13.2591
6.21921
10.3041
9.88702
12.6146
9.22687
4.72323
8.85224
6.01398
11.8566
14.193
9.85294
10.2349
7.23674
9.71906
6.56206
7.32437
14.6246
13.6817
8.48041
14.026
14.1013
14.5496
6.85554
7.63364
5.80288
8.47648
10.3059
12.3625
9.13264
11.5913
12.9919
9.86047
9.90672
13.6179
4.53518
10.0152
13.1061
13.0416
11.3121
10.9265
12.3332
13.9101
11.6985
9.95108
4.7924
12.9006
9.02085
5.50998
8.44016
8.1854
11.2486
10.9737
8.56822
13.6505
8.44004
9.48197
9.88251
10.3715
14.5459
10.9131
11.0087
7.04836
12.191
9.66722
14.9178
9.7854
14.7119
13.0368
11.6176
9.54692
10.5539
13.6294
12.0862
10.3753
14.5077
5.84736
10.5118
7.8276
10.8731
7.57038
13.5851
7.13251
12.7592
14.8033
10.0665
11.3001
10.977
6.82911
14.8042
9.71272
12.8557
9.59793
13.0293
10.6561
12.9996
5.25874
7.63208
7.25765
9.20123
9.76027
7.85913
10.4895
12.9168
11.2089
7.10573
13.7125
11.4883
8.85128
10.4773
9.67295
9.96702
14.3785
13.3371
11.7463
5.5372
13.1059
10.2341
6.98657
10.0079
13.1709
14.5116
13.4327
14.4407
12.1753
13.6594
5.76441
13.1358
6.25642
12.7028
13.6562
12.338
11.687
8.13582
10.9651
14.8688
8.86343
14.5996
8.53613
11.0071
9.90603
9.90722
13.1812
7.60214
13.6535
8.07837
14.4718
11.9714
8.83704
12.7076
5.7397
12.5798
8.29909
11.85
9.88411
11.1042
14.0755
8.18157
9.18108
6.25
10.4982
8.90816
9.32152
9.63922
9.97254
12.6724
12.1909
10.3327
9.62261
12.7019
13.3798
12.4894
11.7149
13.0683
10.9087
8.35279
13.1875
14.0083
11.4642
8.14728
12.5291
9.8011
14.119
10.2616
12.4299
8.45046
10.1042
6.28066
10.4764
5.53819
13.2287
13.6824
13.3981
12.7509
10.6094
11.5624
13.2869
12.4832
11.937
11.0643
14.724
7.60736
13.2167
12.5119
9.72881
11.7079
5.94691
14.2188
13.5336
14.2669
8.72427
12.496
10.6638
8.19795
11.9565
10.1647
14.723
11.9221
13.8653
11.7554
7.06983
7.94621
11.7688
13.4808
12.0244
6.03335
13.7881
4.66621
9.74261
8.48704
12.6485
14.4849
9.62138
11.274
12.9667
11.4384
14.5883
6.51709
14.7782
7.92415
8.90406
11.8091
11.4404
13.2042
8.32716
6.65506
14.1763
7.40214
12.8477
10.2692
5.68707
12.9194
12.9248
10.8484
5.53711
6.16484
8.79861
10.2995
13.1532
9.38852
10.6938
8.78694
6.35166
9.04668
8.03369
13.3446
10.642
8.2852
13.6249
13.9913
11.9481
8.61829
11.8848
7.57548
9.18221
9.43725
14.1795
11.5134
10.3586
8.92292
5.16433
10.0527
9.25582
5.43537
14.9134
14.0196
10.7294
10.3195
9.84976
12.6257
14.1261
14.6937
12.2554
7.37536
8.07136
13.9369
13.2625
13.1695
13.8972
11.182
12.0981
8.93303
10.5576
14.792
6.43949
11.8244
11.4817
9.93724
10.7846
7.16445
13.5286
4.68511
10.8082
8.56746
9.66081
10.1725
11.9513
13.479
12.3922
9.25345
6.43786
10.8747
13.6516
11.1255
8.93001
14.5051
14.6306
13.6663
5.39066
11.4181
11.8578
10.2607
9.54107
8.2969
10.834
8.6826
13.2695
13.5453
14.1192
10.419
13.8503
12.5383
11.9623
12.4456
9.64125
6.02655
12.281
12.1164
11.3429
10.8518
9.63611
9.901
12.481
14.4397
4.63763
6.0311
10.4834
11.9947
11.7498
11.8775
11.1536
8.23054
9.44753
12.2067
8.93204
14.9907
14.5171
12.1075
5.85194
8.60398
13.4549
14.868
10.2512
13.7402
13.3672
12.5179
5.3483
13.4597
14.3336
13.7109
10.8472
6.27643
7.47734
14.0437
13.5401
11.0454
8.62573
14.2747
12.1006
9.87953
8.34334
10.7485
12.7226
13.0938
11.2195
8.74781
6.36744
10.112
7.51656
13.2309
7.67368
9.63161
13.3903
11.191
12.1174
11.9226
10.2971
9.8093
10.176
10.7493
13.3586
14.4627
14.0076
9.31308
5.5716
7.4881
10.6501
14.4573
8.60234
14.9612
10.5076
9.11299
11.6316
8.45344
8.76189
8.83576
6.6558
8.68544
5.79332
6.34155
10.3951
10.917
13.5576
10.7864
8.20382
13.4431
13.4572
10.8651
11.6595
12.4544
14.8788
11.8581
12.5983
12.2709
13.5505
10.7295
7.69255
5.4935
6.66808
5.18274
8.22194
10.7635
10.2407
8.93583
9.10661
8.28165
9.33549
10.7401
9.25289
14.4995
9.91677
12.3611
14.6091
12.8945
13.8306
4.99252
6.29827
12.0948
11.6316
11.5084
10.2816
14.168
12.8479
13.9457
12.5136
6.06163
12.6906
9.88007
10.4428
13.7597
14.0332
12.4905
10.6451
8.99167
9.28653
9.95084
7.4254
8.56032
11.6423
9.12902
14.4293
13.8536
10.7221
13.7742
13.0821
4.46566
11.849
13.4392
8.29548
11.4098
5.37409
13.691
13.2886
10.8439
12.9231
12.3393
5.82799
11.3252
14.6379
9.93753
7.91088
12.8468
9.69927
12.6482
9.5691
14.3825
13.1468
8.17805
9.2805
7.01931
8.63219
10.1336
9.22964
10.0993
5.61576
12.1437
14.3241
9.80917
13.5494
8.435
13.8993
13.2259
12.7046
11.8514
11.8288
10.545
11.3361
13.024
11.5012
11.178
14.763
9.01243
11.0378
6.35083
10.5017
9.83866
8.1958
11.7367
9.92627
12.3484
10.9633
10.7206
10.1918
12.0317
13.3149
14.2819
10.3599
13.9867
12.2068
11.5803
12.4016
8.85133
8.13324
10.0566
7.10081
10.708
10.0268
12.7447
13.5813
9.94612
10.3196
13.4403
5.71099
9.60966
11.7915
11.242
12.5838
12.9533
9.59106
8.28539
14.2361
12.8163
10.9754
9.06873
12.2614
13.8855
10.663
8.93417
14.8918
8.83834
8.4747
12.0572
8.96777
6.32829
10.3911
13.5628
11.7589
8.43688
11.7455
12.5361
8.50225
10.662
8.65497
12.7879
4.79625
7.28833
13.5901
5.77865
13.5163
8.25084
13.189
12.7128
11.6683
14.2427
11.8182
12.9018
12.025
10.1294
10.7063
10.4587
12.9738
7.61496
6.09693
6.27759
12.977
10.437
11.9762
9.67266
13.9276
11.5862
6.54384
12.9531
5.12252
8.81738
10.6795
14.3855
6.23909
11.9148
13.1567
14.3953
11.1465
9.93976
4.16051
14.8819
11.8097
10.562
10.1732
6.01926
14.3579
9.72823
12.3392
4.77356
11.5937
14.5945
10.7692
9.65372
11.1353
6.95335
10.314
13.578
12.9987
11.4334
13.3958
12.9236
9.14431
7.40828
7.32165
11.6494
9.28678
10.8611
10.5947
12.5977
7.13699
7.83012
11.5514
12.9449
11.5323
9.62477
13.6963
11.8016
14.2844
10.3916
14.8914
14.7671
12.7976
14.8977
8.39532
14.0471
10.8873
14.9928
14.3876
13.8255
11.3622
14.7644
9.02503
9.65967
6.02754
10.1637
8.80576
11.6698
11.9304
12.1235
11.9024
9.33705
12.0381
9.81319
8.20261
6.03557
4.44454
5.91536
14.3094
9.1288
13.0147
13.3183
14.106
11.0187
13.6553
10.6965
7.42276
14.0086
12.6804
11.8995
10.6515
9.22417
5.56683
8.75094
12.0867
12.224
13.8338
10.3537
6.39459
8.36721
8.16563
11.2119
4.92644
12.5985
11.1814
8.28458
11.7001
7.1769
5.98164
12.0165
10.8262
12.8263
6.08306
11.5702
12.348
13.925
14.7246
10.45
8.19678
6.28603
13.8274
9.48045
9.28395
13.0381
11.9614
14.3906
6.22195
7.88452
10.2493
8.42002
10.5372
13.3832
9.04249
13.7442
14.3642
14.8908
8.37594
11.9846
13.7031
14.4983
10.7822
14.2773
11.8683
10.9713
10.0158
11.5598
11.2174
14.1955
10.5399
10.7785
13.8685
14.9319
9.87356
12.5244
6.11113
10.3497
11.5488
14.7116
9.63954
12.2377
9.22802
14.4411
9.61595
14.136
9.77541
13.3901
13.3252
9.20221
7.23794
9.54489
11.6387
14.4193
13.9441
10.2336
11.2265
11.3691
14.7659
8.98295
14.8531
14.7227
13.0959
8.13532
6.38385
8.02526
13.7258
8.66093
13.0879
14.5033
8.71778
14.6522
11.5728
8.02984
6.80383
6.78106
10.1362
5.01499
7.94515
10.3883
9.46774
8.9669
14.1961
5.71651
9.83727
13.7747
5.52962
12.5633
8.45334
6.08612
13.677
10.1123
14.877
12.7704
8.04681
10.6265
11.7023
5.35684
12.5295
10.8653
6.67451
14.0319
13.469
10.3443
9.46118
11.6556
14.2904
8.72365
11.8006
13.2534
11.9199
7.22459
5.00667
11.675
5.86077
13.5326
10.2938
9.80921
14.2089
10.9232
8.61325
13.734
12.9601
9.70566
11.6859
13.3786
8.12216
7.98748
12.4993
14.7388
13.2348
13.4861
11.8467
12.0654
12.4589
10.9438
8.85852
8.55546
14.5286
12.0061
9.90507
6.79103
8.7975
9.5611
10.3838
10.6966
13.7318
7.33316
13.259
12.19
4.89518
12.349
13.3466
14.6385
11.3037
14.5315
10.3067
14.8094
14.8597
14.1531
14.3664
9.00802
14.3693
14.0647
14.1292
12.4766
11.393
6.55813
13.2922
13.7333
14.8325
12.4464
13.8088
11.454
14.0197
8.78772
7.76553
11.376
7.34146
7.91779
13.5417
9.05894
9.68966
14.0861
13.0035
14.9569
8.09252
9.18986
12.9778
14.4372
12.7183
5.92149
8.38763
9.4882
14.3698
12.034
7.51263
14.0335
12.8715
10.9118
5.99624
12.9933
10.737
6.3067
10.2416
9.35547
9.59733
13.1354
8.91998
13.9468
10.5795
10.5357
10.3892
8.66653
12.8322
10.1675
13.941
14.5908
11.5234
13.6048
10.4073
12.3923
12.2697
14.6794
12.1299
8.13472
13.7727
14.2247
14.9176
10.1534
10.3799
11.7744
7.56532
14.2738
6.92068
14.1958
9.5843
9.9352
12.7673
10.6204
13.7183
12.9853
11.1439
11.4665
9.79163
6.21489
12.6762
12.3405
6.0746
10.3876
8.53416
11.6823
9.54656
6.84222
13.9485
13.0327
11.7416
12.5925
11.6501
5.55596
13.7607
13.6372
12.9483
14.0611
12.0281
10.8696
8.78507
10.1141
12.7426
14.1984
11.7722
11.3843
13.6145
14.2673
8.35244
5.77999
11.3455
5.7179
12.6371
9.77704
9.14035
10.5841
12.1425
8.61615
8.14937
11.119
13.4259
12.4307
14.5434
5.7403
4.96026
11.5439
7.15787
6.2469
10.2301
8.90329
14.7617
9.95334
8.78073
10.9451
8.05966
10.583
13.8122
6.10346
9.27864
10.0547
9.00427
9.85873
11.4068
8.50015
8.82548
6.40986
6.19462
12.5405
10.8398
13.9216
8.23547
7.95308
10.0219
9.35843
8.75067
8.7247
13.205
10.2575
14.1637
5.86393
13.9358
10.4325
13.9703
12.693
14.3507
13.0122
9.05239
9.45703
13.0606
11.7411
13.1017
12.542
8.46579
5.2903
11.6137
8.4164
8.93463
12.0195
7.75871
10.6376
11.3244
14.86
8.90896
14.7793
11.836
9.76996
8.49644
10.2081
7.2806
12.3568
8.83374
8.50942
10.2161
14.562
6.87116
7.50174
11.0277
8.30327
12.0986
5.98107
13.6893
14.7522
14.3579
13.3217
7.65335
13.7207
11.9241
12.0592
9.16792
6.45398
11.89
14.8018
5.5564
11.315
14.0767
11.3873
12.1055
10.8822
9.43143
13.2169
10.5151
11.2033
10.6625
12.3004
9.69448
12.9268
9.48609
11.5822
13.2821
10.1858
8.61734
13.4178
7.53122
11.2951
8.20158
13.3809
12.3746
9.62129
13.2446
9.6705
12.3127
14.9727
10.8329
8.13869
14.576
12.7217
8.32259
12.6427
9.7322
10.0528
6.31006
7.70223
12.4946
9.86109
11.2128
10.3663
12.4741
8.75005
12.2912
8.73844
8.25811
14.876
6.05919
12.7263
11.5208
8.91098
8.78302
6.01431
10.3385
12.391
10.6265
12.8167
4.96964
12.0701
4.82888
10.5187
10.594
6.15729
13.4689
10.931
9.77636
7.23411
14.4743
8.27097
13.6945
8.48579
7.46443
11.027
6.15045
9.75546
12.686
6.90741
11.2494
10.8056
14.9269
10.7526
9.84307
10.8098
12.6628
13.4337
8.56198
10.2287
8.35253
14.1705
11.3365
12.4279
11.474
14.3879
5.04374
8.90026
6.02191
12.1872
9.26732
10.963
11.3068
8.47017
10.0299
5.323
9.88478
10.8057
10.3922
8.42272
7.93013
10.3641
8.40729
8.4684
6.02767
8.06268
11.9061
9.30029
13.3529
5.8418
14.2652
10.7675
13.412
13.6567
8.96759
7.14306
8.67321
11.8324
13.6851
11.5783
9.63438
13.0277
13.2388
9.52397
13.4086
14.6478
9.87443
9.01077
5.57924
12.9062
11.3803
13.4382
5.57656
11.6163
9.17425
13.6745
12.2428
5.94618
12.4327
12.2422
11.077
12.736
13.6314
13.15
9.93765
13.801
13.4447
6.53604
9.98051
12.4439
10.5863
10.0603
4.41399
6.34615
12.3565
9.11744
11.4535
10.3771
8.42412
7.63749
11.2174
8.41564
9.03452
12.4808
13.705
7.37029
10.8139
10.5044
14.5827
9.3005
11.7099
13.2724
10.9544
12.3456
11.9433
13.3554
12.3556
4.95463
13.346
7.41935
14.0329
12.7031
10.5977
14.1086
6.8009
7.62722
11.27
11.9921
13.4067
5.32869
13.6647
12.5198
14.82
6.42071
13.9825
7.97647
8.77979
11.4673
10.3446
14.8449
11.0592
9.05349
8.5689
10.1401
10.6878
14.6756
7.09261
8.68678
10.7252
9.08938
13.9679
11.226
12.093
14.3717
12.9232
8.58467
10.9767
11.3988
13.4298
10.1361
9.5163
12.463
12.0168
8.70653
11.3563
13.3779
8.86269
12.9664
14.325
13.9038
11.0522
10.4528
9.49453
11.4548
10.1242
7.79488
8.39587
11.3664
12.4553
12.8003
8.98492
7.10018
14.5747
10.9841
12.5468
10.5628
13.466
9.38362
5.06052
9.98902
7.91617
11.728
4.38646
14.1617
13.0906
10.4204
6.11342
9.15556
9.86411
13.8892
9.40774
14.3362
7.37618
12.4501
12.4549
9.67974
10.3682
13.2477
10.8155
5.99754
7.66988
14.4028
8.85818
9.64945
9.60625
12.6097
5.2702
10.6621
8.84191
12.3568
12.3695
8.8072
10.4918
13.5745
13.9844
10.7932
11.4569
11.0967
10.4492
13.5294
11.0535
9.43072
10.3974
8.64814
11.7789
8.22381
8.15758
7.81959
12.1045
14.8434
4.84852
13.7293
10.5138
12.4024
12.642
11.547
8.35694
14.5206
11.6163
7.89933
12.2613
7.40484
5.35335
10.3801
9.28236
7.48577
14.8259
14.8133
8.40511
14.4256
8.22719
10.1947
9.97558
12.5615
14.3579
10.123
12.9994
12.9932
11.3127
13.2319
14.0618
13.8708
13.6657
12.6954
10.0289
8.45023
10.1146
10.3205
14.8971
10.7751
11.1703
12.6328
9.04598
12.8225
10.3005
12.3426
9.66865
11.9283
9.89734
8.59712
9.76484
7.95314
11.1545
5.44864
13.7896
8.70391
14.3231
10.3537
5.98071
10.3454
7.53122
9.60916
14.0987
14.8823
5.86304
14.8673
6.31078
10.5387
13.8875
9.56073
11.3133
6.16659
10.5337
12.2895
10.0206
9.84893
10.2756
12.0465
12.9714
9.80011
8.52295
9.46712
12.8446
13.0214
9.96528
11.9434
12.2243
13.787
5.02827
14.0345
6.70828
10.6049
11.9949
14.7555
14.0757
11.4253
11.8324
7.98491
8.81752
11.2885
12.1066
7.33415
10.0563
11.7531
14.2423
13.5847
12.2378
8.9391
10.4739
10.6294
13.7214
12.5228
13.4265
6.11832
9.24386
14.4268
14.9181
14.7555
7.94318
9.50383
8.55585
13.3961
6.92714
14.4296
11.2142
14.6474
10.1148
11.6896
14.5933
8.84995
13.8091
4.87451
13.0228
11.5029
12.6258
8.33003
11.2085
11.7905
9.43142
8.8284
12.581
5.45192
5.74507
12.4198
10.1949
9.71225
14.3662
10.8349
9.27931
10.3115
13.636
4.24562
10.9537
13.3753
9.60759
13.7156
13.2153
14.0751
12.1704
10.669
5.49216
12.451
14.2029
11.1411
14.5499
10.834
14.7193
9.90883
14.3331
13.7227
11.4437
4.83043
13.5803
13.5124
10.2916
9.68801
11.1583
11.3799
12.1301
12.0065
12.9849
11.9103
10.5899
6.85142
13.1274
13.2207
10.3769
10.6258
9.12978
10.709
7.08954
14.1583
7.22759
11.9153
14.1429
10.3626
8.87345
9.57185
8.65857
14.0405
12.5112
9.29806
13.8724
14.5433
10.4087
5.05512
14.4468
11.8715
12.3717
7.90683
13.6803
5.96301
8.30073
7.99142
12.3522
14.1322
6.31839
14.1023
9.82959
14.2011
13.3091
9.05147
9.6473
7.80044
11.0815
7.12173
13.2789
11.59
13.4934
10.1854
11.1087
12.1562
9.11742
9.56124
6.27705
11.9253
10.5108
10.8608
4.55234
6.03245
6.92295
11.1346
14.9287
5.99131
14.0384
11.3255
14.9819
9.90974
10.8302
12.9875
11.8743
8.88489
12.7323
10.1888
12.7918
6.06959
7.22213
11.0426
13.9929
12.8758
6.16691
6.0092
10.3602
8.67085
14.8319
5.97902
13.1751
7.65862
9.92278
13.6143
13.6762
11.1419
11.5225
9.63976
6.27623
9.58422
8.72505
12.3853
8.2183
12.4433
10.1439
7.55406
11.2424
14.7737
13.6612
8.49481
11.8745
14.1881
4.92342
5.36645
7.26326
8.86505
14.7508
8.62499
11.0181
7.07123
9.61674
7.95684
4.36081
11.7322
14.7333
14.7096
8.37767
5.65179
5.0773
5.91792
10.4493
12.3894
11.1418
11.0108
11.6728
13.9294
12.0723
10.9425
9.76848
13.5743
10.1927
11.0203
12.667
11.022
9.71021
12.1649
14.1055
14.5586
7.01969
14.5139
14.3267
14.1056
5.844
9.34694
12.2463
10.8725
13.7402
7.29451
8.35837
10.3922
12.18
11.4898
10.7632
9.89249
13.7876
10.7226
7.2501
9.82815
14.6108
11.4208
12.5444
13.556
8.16403
13.7765
14.6071
10.5672
6.32246
10.7607
10.6555
12.5895
13.7837
6.14305
8.52432
9.30842
10.2196
13.1761
9.07532
10.5179
11.2332
5.94841
9.87695
8.84493
4.71319
13.8602
5.62209
10.0698
9.32133
5.00188
14.0301
12.2116
6.56482
12.7841
5.9207
11.1271
5.84039
5.90338
8.47614
5.83171
8.50359
5.72889
8.97467
4.99334
13.4523
7.00822
12.2468
9.08042
12.5435
13.652
13.01
13.6833
12.6388
13.7962
10.7111
10.8799
8.84381
11.2337
12.9315
9.39354
5.93413
11.4086
14.1146
10.5652
10.4534
11.2453
12.6585
6.60578
14.2491
9.63017
8.40395
14.0424
9.1235
11.0919
5.49414
14.6426
13.1614
8.2092
11.2114
9.13275
5.85807
12.3375
13.3065
9.02081
11.0055
6.49158
10.1072
13.172
6.80657
8.06793
9.10186
10.9734
10.6643
9.75768
11.128
9.93509
10.1265
13.3967
13.1697
9.93515
11.2077
10.3089
14.61
7.32752
14.3114
8.66216
14.5514
10.3121
10.7856
9.76071
12.293
9.64079
13.5272
6.10335
10.0716
9.79501
8.77199
12.5604
13.1353
5.88009
11.9552
12.0638
7.68739
9.83827
8.57843
9.17071
9.14503
5.06917
9.02046
13.4269
10.2948
9.69001
10.1704
13.5651
10.0552
9.84675
11.8382
13.8448
11.1292
9.85742
13.2907
9.9305
7.48483
13.5558
14.2797
12.1322
10.8833
8.96555
11.0114
8.73316
12.9019
11.773
7.4186
14.1102
11.1908
11.393
6.69179
13.3171
7.85014
10.4006
6.01119
12.1045
13.2679
9.45445
12.1318
12.6932
10.451
8.97455
14.2855
7.88201
7.9808
9.56663
12.3373
14.5671
14.3913
10.2482
7.58447
11.1046
12.8602
7.04475
12.2818
13.1533
13.8234
12.8859
13.553
12.1463
10.7322
14.6093
14.9526
9.62076
11.3933
6.43054
12.2757
12.5292
11.9079
9.2473
10.451
13.4225
12.1159
7.43777
14.4717
13.4839
13.6361
14.4083
8.0643
12.7021
12.1036
12.4825
10.6348
6.55366
13.5758
5.2118
8.91932
10.9849
10.749
10.3291
10.8677
9.59242
11.8797
13.1518
10.3038
12.7143
13.59
9.87649
9.29564
10.2437
10.425
13.057
10.9617
12.1008
11.0225
12.0303
13.4654
5.54295
13.1376
7.57182
7.55973
9.64173
9.76849
9.5841
10.3231
12.5816
13.4135
10.8317
14.9907
13.5827
8.50954
6.50306
13.2828
13.1777
8.16303
12.2828
14.7168
6.04131
13.3441
4.14216
8.76304
14.9024
11.4863
11.0601
10.4809
11.6458
7.69586
11.5244
9.13159
9.0082
9.7031
9.10621
11.9335
8.63408
8.20127
10.2731
6.01456
11.807
7.69897
14.1304
11.7139
6.24534
7.9408
9.65892
8.29883
9.17689
13.8968
7.71337
10.4515
9.68979
12.7794
12.4487
14.432
10.276
13.748
9.01004
14.9133
11.7049
10.8477
9.99721
11.0005
10.2875
12.4494
14.8831
12.928
13.6699
9.94092
6.29583
11.5739
9.96203
8.90987
12.8578
7.72513
9.75934
12.4773
10.4873
12.1269
13.6419
11.5444
12.2248
8.4007
12.9107
11.8368
8.10387
9.97625
5.53243
10.3657
14.24
8.10012
10.215
6.60285
9.55249
11.7008
9.0892
11.6806
10.2087
5.92601
11.2102
14.2148
10.1571
11.8676
13.5587
8.7916
9.36549
13.4053
12.8255
8.19451
12.3754
6.82122
9.96604
14.702
14.5864
12.0449
9.02083
9.43338
12.2115
14.5722
6.41857
11.1023
12.1939
14.6487
5.85444
8.58979
13.9677
12.5066
11.9606
12.7574
12.1331
9.24869
10.6325
4.73222
12.5128
10.9156
8.98641
11.4481
11.1697
10.3243
5.78192
12.0927
11.7391
14.1665
9.30517
10.0093
11.3335
10.459
10.1297
9.92881
9.64127
10.8007
12.9034
12.3777
13.1352
7.28329
12.8872
9.91466
14.6559
6.52994
5.79267
10.9923
10.4656
6.29284
8.76692
14.1842
5.75302
9.58785
10.5021
10.9662
13.8616
11.0794
9.46589
6.07086
9.13087
12.1498
10.3034
10.4018
6.11131
8.20645
13.1742
14.981
12.9084
12.4484
13.5671
12.1625
9.97243
9.26107
7.36455
13.0217
13.2147
10.6708
12.8789
10.7375
12.7473
14.6463
13.3999
13.0276
6.77938
12.2825
14.9231
11.5646
6.33716
8.81957
10.076
10.0725
14.4166
6.36106
8.83128
8.67217
13.6367
13.461
10.7048
6.35071
12.6526
12.2413
9.07666
14.7909
11.4662
12.0545
11.8478
13.0177
12.4875
5.60591
10.0328
12.1991
9.39028
9.21902
12.4028
12.0333
7.76998
12.8934
11.4605
11.9716
4.78685
13.276
11.7546
14.0129
7.57706
9.76672
8.77949
6.46256
7.93955
10.9542
12.7714
11.433
5.11999
5.51354
11.2886
9.39361
12.9943
10.558
10.9223
13.9901
6.47415
8.96131
9.05534
10.9551
14.5846
11.4747
8.9104
13.2328
10.7075
8.4894
7.19874
14.8063
5.06592
14.9132
9.45275
11.5303
11.2049
12.9663
9.19953
14.6404
9.78047
13.1701
9.46603
4.8865
12.3345
13.0082
10.328
11.3556
6.75725
12.9312
10.8108
13.7667
10.233
9.12404
6.13903
13.5165
7.97755
13.7341
13.8827
6.4284
10.7186
9.86715
10.8679
7.77205
9.7401
9.23981
6.73759
14.5654
7.9433
10.3054
14.6664
14.7556
14.1081
6.55027
11.7656
6.09713
8.77755
5.65061
11.1062
14.3644
5.67691
13.9886
9.64145
10.0884
6.59715
10.7412
9.36961
12.0854
6.12766
14.8347
9.56462
10.963
13.4654
5.29155
10.3826
8.97799
13.1755
10.7585
11.8981
11.2068
12.8528
10.6354
14.9305
6.28822
10.4746
11.8767
13.6341
8.44284
10.1642
8.39095
11.3401
11.2845
11.9107
7.42173
9.80137
12.2701
11.1464
10.9642
10.2592
12.0626
11.4359
13.0788
11.4241
5.14621
8.98623
8.22028
11.6104
9.33453
12.3787
11.1653
5.60571
10.3925
11.902
9.73061
9.10954
14.2789
4.50153
4.75199
13.1813
12.2529
11.8581
6.59352
7.26708
7.47942
9.87199
8.3853
9.66813
10.0882
10.8156
10.0114
9.15717
12.5233
13.0545
7.87629
9.86485
10.1528
8.95091
11.6684
7.10494
8.39658
11.0604
7.18717
11.2119
11.6663
14.2476
11.7753
12.7944
11.0909
11.3883
11.1952
14.0252
10.2724
13.9662
12.4978
10.7553
9.26979
14.1749
14.5404
7.08827
6.19599
13.9737
11.2094
7.03995
13.6465
10.6145
12.493
12.6676
10.5722
11.003
9.79727
12.4812
13.3325
11.6463
11.3178
14.587
5.25786
12.2394
13.9854
8.88798
10.6434
10.0005
6.23545
11.1428
9.2307
9.15394
9.88555
7.78299
4.93453
10.4747
5.61023
8.46194
8.16862
6.60709
10.2669
13.5985
8.71103
8.17455
13.852
12.5072
10.634
13.5967
13.2542
10.7968
8.54579
5.03758
6.87177
5.66752
11.1381
9.3936
5.2914
8.81969
8.70691
12.8468
8.69741
13.4362
11.3556
10.379
12.6253
13.2866
9.05281
12.6062
13.4126
6.22488
12.87
13.4727
6.00139
14.322
9.93334
11.5707
10.3577
8.4816
12.2405
8.80183
12.8645
8.20202
8.82308
10.3979
8.12611
7.25034
13.2248
7.11284
6.68414
9.47901
12.148
13.9898
9.86023
11.863
8.32362
5.00048
12.5289
6.17194
8.25392
5.52151
13.6416
5.45963
14.7661
6.83147
5.61699
13.7259
4.26831
6.14701
10.9937
8.96798
11.4727
10.6585
10.401
8.96304
13.8953
6.8985
12.092
11.5282
10.4699
12.218
7.18228
7.08849
7.01841
6.05533
10.0562
10.3486
6.0479
9.70329
12.9185
13.5334
12.682
11.5057
11.984
13.514
11.8416
13.4413
14.1536
12.1408
12.0547
12.3337
14.1245
12.2669
10.5291
13.3758
9.477
9.34625
7.62638
11.6434
10.45
10.1497
12.5739
14.4309
10.51
12.0214
6.25276
13.8673
10.5633
12.4931
13.9165
10.5115
12.8247
14.0084
12.4855
7.6318
6.30875
14.595
14.7558
12.5825
14.6097
7.48852
9.58095
9.20097
14.1823
10.2001
9.45121
14.4157
13.7822
5.38887
12.4066
8.18312
8.31753
14.2897
7.90163
14.2631
11.8644
4.89329
8.67573
8.62222
14.3912
13.3865
12.3144
11.0393
13.9825
12.2703
9.25474
13.7416
13.3864
10.1855
7.23153
13.5663
12.5031
13.958
9.75216
14.4727
9.76174
12.2045
12.3246
12.1671
8.93845
9.7303
7.78589
14.9668
9.18747
10.5194
13.448
14.2986
13.2
6.09993
12.3192
10.5729
14.428
6.06006
12.1491
10.3647
6.07914
12.0282
14.0836
5.96157
8.4401
10.4227
14.4114
9.98249
13.6435
5.84396
9.99403
12.9603
11.3776
9.80135
12.4588
12.7587
12.6016
5.81579
13.9392
12.9735
8.39635
4.80828
13.34
13.0858
13.4879
10.2531
12.0556
12.8065
8.59882
6.12574
8.20497
11.6645
12.4661
13.8935
6.12778
10.9017
14.06
9.64929
12.147
11.4642
13.4443
11.9591
13.7253
14.0598
8.16609
5.68323
13.7665
8.6248
10.0701
11.201
10.1988
9.72921
11.4399
14.7446
8.55751
12.7993
6.93524
11.2927
5.85045
10.0695
9.0595
9.54344
8.52878
13.1101
13.5389
9.09988
9.96667
10.627
14.1322
11.0156
10.1051
8.98209
7.72641
9.55523
13.2377
14.4413
12.9629
9.27608
12.4059
11.9189
13.4417
10.7314
13.012
10.4736
10.2809
10.4334
10.3661
10.9644
13.8322
8.22367
7.38288
8.44091
13.4799
10.0596
11.247
9.44842
14.6076
6.62467
9.02891
14.7423
13.844
8.80694
7.91803
13.3203
4.20595
5.9172
9.23745
14.9351
12.2183
6.09968
9.53804
12.5895
7.95194
12.8394
8.8312
10.1372
8.50562
10.6556
5.45136
12.5916
8.15676
10.3236
10.6152
7.19355
10.6447
10.4758
10.6285
4.57701
9.77621
8.01473
9.29664
5.56592
4.0989
9.34013
11.258
14.164
13.173
12.4236
11.0674
13.8069
7.1198
8.8361
10.5924
11.2551
9.33294
8.3975
10.5801
10.5216
10.0049
13.7645
12.7886
7.83125
11.6731
13.3517
12.6957
8.63446
13.1672
5.77756
14.892
9.88435
10.2227
12.6453
6.94836
11.3073
10.4418
12.6974
14.7938
5.35635
12.544
9.43928
8.76957
12.728
9.0294
9.05113
13.3827
9.80902
12.2283
10.4151
11.9933
14.7751
13.497
5.33883
12.7046
8.73576
8.394
12.307
9.92268
8.19745
12.0995
11.1689
9.08053
13.1004
8.80419
10.7639
13.4476
12.3298
11.0365
14.8042
11.9236
13.5847
11.0625
10.504
8.05733
5.18106
10.7137
11.6202
6.2765
9.94616
8.85622
10.2942
