14.7855
13.2747
8.94369
9.72063
9.69532
12.6056
12.6958
11.3097
13.8361
10.51
14.9354
11.4068
9.40198
14.1155
9.1773
10.7865
14.2167
5.35286
10.0395
14.5659
11.5848
13.9928
14.6967
4.49495
11.8394
14.3743
8.30847
12.1951
13.759
11.1898
5.22861
8.08283
6.99056
9.31745
11.9019
6.09982
10.0507
13.0377
14.5048
13.2727
10.5385
13.2634
4.6238
13.1666
13.9956
9.49611
12.1873
7.7059
14.5825
7.0097
12.7348
12.9727
6.21109
6.38394
14.9734
11.7211
8.96218
5.65687
10.8687
6.44617
14.2099
7.32596
14.0246
11.9184
14.1477
13.5089
9.52379
9.2853
9.10865
13.4493
14.8718
10.0286
9.92832
14.0964
9.64325
14.5191
9.82236
13.3826
5.60579
12.4855
6.47642
14.6925
12.2008
10.0591
9.92227
12.9118
11.3947
10.1155
14.2922
13.349
14.7255
10.2143
14.7474
12.292
12.906
7.15449
7.65873
5.18559
12.9076
9.52248
14.3427
14.9326
12.249
10.7357
12.5233
10.1074
9.95555
9.8635
10.673
8.34157
12.0916
14.5234
8.35627
14.9084
14.4465
5.81751
8.96039
12.7784
11.7803
11.9043
8.91321
12.5816
11.1785
10.0602
8.88941
12.629
10.0806
12.4124
9.88938
14.3109
10.4597
11.3381
7.81273
9.68494
11.5701
10.2388
14.5046
8.53458
11.4284
8.68842
14.9064
13.5703
13.6301
11.0946
13.4624
8.42402
13.2876
14.5978
10.0583
14.3954
13.606
6.79798
9.79055
13.5999
13.7204
10.5763
13.0469
13.3302
10.2706
12.2759
8.55593
9.07588
13.1954
13.9994
11.4795
10.4707
10.5539
12.759
6.54838
7.89541
13.0267
14.7602
12.7938
10.2587
14.4262
12.8238
9.17986
9.69391
10.0411
8.96408
10.4782
14.4176
13.7247
8.59961
12.5072
8.33942
13.8961
7.4276
9.98035
6.3594
14.3952
6.65241
14.1635
11.0696
14.1508
11.1167
13.1684
11.6081
12.9612
13.6138
13.9337
13.5917
6.17168
8.72276
10.1063
11.0477
13.4215
12.677
10.2921
10.9469
11.4692
10.8467
12.8868
7.6026
13.1411
13.8096
5.39894
9.22602
8.23588
14.8162
7.85549
14.5514
12.4704
13.3618
13.9805
12.005
13.6257
13.0692
12.4449
10.4158
12.9754
14.3718
13.0881
12.0723
11.7323
11.4174
4.99606
10.083
10.5482
12.8906
12.7624
10.1029
14.2375
13.5486
10.9748
11.1693
8.17453
14.8684
13.965
12.5048
9.76565
13.8144
11.911
14.4635
14.7078
9.54096
9.17301
11.4685
12.0178
9.03613
11.1649
13.1354
10.1238
9.91213
12.2616
10.5526
14.1712
9.76668
14.9816
14.1179
12.6752
11.5006
12.5355
14.6894
13.3946
13.1871
14.9267
14.6735
9.235
14.8428
13.0786
14.1104
9.2893
11.2856
7.09727
9.55982
14.1648
9.42353
10.4309
9.25424
9.59058
13.2457
11.9117
10.7386
9.54503
6.6815
10.2736
12.1277
6.76995
11.998
13.9473
7.93224
10.1759
5.69491
12.3289
8.05279
10.4288
14.385
9.07313
12.6266
9.94086
5.65258
14.3945
13.3984
13.4963
12.8133
14.8468
14.0304
11.9426
11.5734
11.5442
13.7167
12.5815
14.996
8.32047
10.8401
10.3004
6.52952
11.979
9.65415
11.7428
10.7546
10.4998
9.46546
9.18803
13.5156
10.2994
9.06779
7.85611
13.4331
10.7365
10.6681
10.4278
13.9408
11.9231
5.21089
12.4132
9.46801
14.4574
14.2687
11.7463
9.11922
11.5332
11.0046
11.4115
14.725
14.5224
11.8728
7.22102
13.8053
10.4172
14.9861
11.0387
12.5032
10.9052
11.5782
13.5574
11.689
8.11272
11.1613
11.7959
12.0296
12.9039
11.2463
13.5645
10.9749
14.568
8.98911
11.5685
14.3963
4.51662
10.2588
12.0436
13.9607
6.18502
10.9128
12.2504
14.9564
10.843
6.85868
14.6981
11.7584
12.7787
11.9879
9.3162
14.56
13.2214
8.8225
7.8813
12.5054
11.2402
6.3533
7.33225
14.6774
12.6264
14.0166
12.9013
12.0939
6.41197
13.0734
12.2916
14.2168
13.756
11.5908
8.54858
14.0031
10.8772
12.7485
8.54201
13.4252
9.64083
11.9044
10.8688
13.3483
10.5413
6.01323
11.1616
9.86235
5.30902
9.87217
14.3675
12.9065
6.42662
9.61971
13.462
10.8032
8.12874
14.0044
11.8002
10.5764
9.12553
14.8857
11.9254
8.25203
9.3541
8.49568
5.95093
8.06611
13.147
13.5123
12.3825
11.1478
13.3939
10.0653
13.0651
5.14899
13.0931
12.9304
10.3554
14.6218
6.5297
13.9886
10.505
5.53591
10.7447
5.37985
8.42464
14.1851
8.98025
9.39278
9.1514
10.6673
13.7362
10.79
12.5296
10.1459
13.6694
9.78988
13.7794
14.7699
9.31502
12.9417
8.87975
7.28671
11.9247
12.5919
11.6465
8.00736
7.60099
11.5079
9.05584
14.8272
10.4104
12.1307
14.284
9.94872
6.84841
12.8561
14.2001
10.5494
9.5428
13.677
10.4685
8.92062
9.32369
5.06756
4.8268
10.4284
9.32948
9.93431
10.4893
9.9897
9.48546
13.5785
10.4157
12.3122
13.8512
11.5913
10.7993
9.09556
9.48378
12.9723
12.0202
8.98343
11.7461
14.3708
10.0974
11.8046
11.2833
8.26167
10.2385
10.6929
4.81324
6.78534
11.1972
12.3242
8.43897
11.3165
12.2366
10.0301
14.641
11.3118
13.5946
12.5606
9.96338
11.3364
14.7469
13.2364
11.5831
12.7678
9.00531
13.8887
14.2239
9.32929
13.3755
9.46491
8.61321
12.6482
13.2134
9.69058
12.1343
5.80329
12.4907
7.80025
8.88941
13.2748
14.0441
12.9347
4.62344
14.9282
11.0054
8.56326
10.5956
9.01103
10.93
10.135
10.3267
9.08152
11.2363
7.02433
9.2443
14.8887
12.7684
13.7161
11.2617
9.41284
10.4965
11.4012
11.5905
7.8966
13.8918
9.67003
13.8788
8.74288
11.7409
9.98979
14.447
8.35709
10.5127
14.0826
12.1469
9.85934
14.4005
12.5235
9.59038
8.82669
6.51518
14.8625
14.8195
13.1562
13.1566
12.2593
14.4946
13.2691
9.99522
14.1466
6.93584
9.67173
14.386
10.4921
14.0792
13.4627
11.1153
14.4985
9.64117
12.9807
10.2567
10.4753
13.3022
12.0364
10.1709
5.22828
10.2614
10.9107
10.9163
14.1299
12.438
8.11674
5.13148
13.7996
7.09626
14.3557
10.6117
10.9382
11.3103
8.32073
6.57636
11.4614
8.35765
10.7351
10.6225
8.28807
12.0489
13.3288
13.2557
9.17179
8.7899
8.61472
12.4509
13.3557
7.65355
9.30042
8.33175
11.582
11.9734
10.7344
13.1619
13.4452
13.8174
10.534
11.4597
14.708
11.2907
6.41396
14.2086
11.7039
12.3612
7.98492
13.3357
10.7666
10.9126
5.67933
11.8958
10.4883
8.10081
10.3283
7.83062
11.4898
13.3132
12.8017
13.4019
12.1445
12.2182
13.4043
11.8102
9.37923
9.6111
6.47537
11.8262
8.88545
8.92923
11.8312
10.0209
12.8674
13.3892
9.17541
8.49691
13.0188
12.6588
5.48958
11.2155
9.47431
11.2885
13.3346
14.5913
10.3493
14.7252
13.6623
12.357
10.86
14.8519
10.2486
10.709
6.75981
13.9356
4.99583
11.8251
10.8353
10.0464
11.0071
9.51348
11.407
5.33385
14.0885
9.52311
9.87082
12.1581
12.9249
13.6678
12.1851
14.7194
13.2287
10.4059
14.9462
11.5119
14.1126
8.95654
12.7752
9.03793
14.8223
12.9495
8.58177
11.2965
6.23561
9.36716
13.7843
6.77894
13.2817
12.6235
12.8975
9.5649
12.4489
9.9773
11.8446
13.8439
11.477
11.1302
14.8781
13.5523
10.6935
11.1223
14.9571
9.61652
14.3019
14.0789
8.19959
13.5352
8.80969
7.11443
9.64392
6.03272
11.9362
14.3179
11.1269
13.1649
14.1589
14.6817
6.60702
8.7737
12.3662
6.67587
12.9564
10.3742
9.64613
8.37387
12.0715
9.77375
14.4453
12.5891
14.1406
7.66141
13.4718
14.2338
13.7846
10.6135
11.5604
9.80815
12.8246
13.6733
9.08848
12.1098
11.5306
12.1793
9.3986
11.8672
6.46902
12.3687
14.89
12.4107
12.6489
11.6064
8.53961
12.1337
13.0753
11.7763
14.6415
8.45114
14.0445
10.8393
6.36404
14.1994
12.5988
10.5089
14.4931
8.92499
12.2781
9.17265
14.5039
13.3949
12.1012
9.51815
14.7537
14.4776
11.0603
10.4037
9.73956
12.4462
14.2613
12.963
11.0612
7.58502
9.68014
11.2291
13.9336
9.0386
14.1491
5.16456
6.38495
6.78678
13.5143
4.67623
12.791
10.0989
10.7541
6.21966
14.3672
11.8796
10.3469
11.5656
5.79649
7.592
10.3923
13.8553
8.47991
14.3971
12.2968
11.1352
8.55523
13.8355
13.4437
8.95666
10.1278
10.5665
6.10755
10.243
12.816
10.179
13.9518
8.11548
11.3777
8.72059
9.68289
14.4006
11.4637
13.5109
14.6188
11.8426
6.18695
11.7705
11.5875
11.2502
5.78411
9.14268
14.5361
12.8772
9.52182
7.86404
12.6748
14.7794
14.0871
13.7127
9.14844
8.63534
14.1658
12.3853
9.27954
12.4333
14.362
13.5722
13.5329
5.22334
14.4268
13.8811
14.7818
5.08852
13.8885
9.52563
6.72643
4.3089
6.02893
8.60947
14.5588
10.0961
5.47315
13.1275
14.7479
12.8308
12.4255
6.10412
14.4047
14.0422
11.3383
11.5789
11.7746
13.8171
13.1155
11.8387
12.3484
12.3946
9.93404
8.71664
11.3119
8.32731
13.6059
9.77016
9.17227
12.907
13.533
5.73941
13.3972
11.2052
14.6522
5.60442
11.6512
12.8661
7.03067
6.41979
10.5153
10.2305
9.08516
11.8091
7.61185
9.81971
11.9354
13.1537
14.7438
11.1222
14.9838
9.8488
8.23834
12.1608
13.8752
13.5677
14.7391
9.59988
12.7365
13.1665
9.21072
13.1584
12.4974
8.72156
7.35576
9.04084
13.0875
8.40626
10.5226
8.52572
12.3061
7.22926
12.8083
8.66834
13.1148
9.87588
12.6831
8.41555
11.8994
10.667
9.5324
14.68
13.458
14.9272
14.2467
10.5145
14.0128
11.5814
10.3665
5.16518
10.3296
14.2368
9.98045
8.02809
4.7678
14.8533
11.9826
12.3329
13.0136
14.6519
12.0405
12.1317
9.99582
12.9716
12.3255
11.5124
11.1841
13.7267
11.6723
12.5574
10.8276
12.9964
11.3305
12.45
12.0892
11.2372
14.4221
14.6954
13.3632
10.6691
5.56962
11.5041
14.855
12.0336
13.499
13.2003
9.85531
14.2652
12.619
12.6619
13.2448
8.4793
7.54838
8.02022
12.764
13.485
12.1504
13.5296
10.8798
14.7347
8.55759
9.54242
8.76964
12.5053
8.80728
11.6433
11.8143
13.7196
14.7365
10.7347
7.66105
9.4584
14.2625
12.4304
13.4923
9.07622
14.9764
8.34223
11.7434
12.0773
11.8276
8.54938
14.9535
6.61734
14.2384
14.0582
12.0165
8.98457
12.5197
13.7205
13.9426
13.9542
11.989
9.58964
8.89123
14.2603
4.6116
11.7797
14.5642
14.3634
10.4676
8.81547
12.9333
10.9875
10.277
9.67995
9.17246
8.37243
14.0664
9.92813
7.44254
9.63917
5.16742
9.13619
13.9304
14.8007
8.97986
11.3971
13.9356
9.14896
13.5086
9.94305
12.9086
8.44723
12.5035
13.0729
13.8853
14.0946
13.0074
9.81302
13.5036
12.6738
11.0672
9.2368
6.09978
12.0983
10.9701
14.329
14.4628
8.72098
12.4792
10.4412
14.5817
10.1969
14.0168
14.8854
14.476
9.83502
4.40012
14.8781
11.3313
10.7023
8.46764
10.8581
7.17166
14.2058
8.76294
12.7163
7.22524
12.035
6.31856
12.5969
14.1382
8.66903
11.6641
10.9656
12.6757
9.69642
13.0755
6.76312
10.3709
10.2773
11.1195
9.88684
11.7758
11.7949
14.0665
12.6903
10.3196
14.0403
6.93935
13.9632
9.17889
13.6687
12.5527
10.0558
6.86353
9.18762
9.20845
8.96238
12.7382
5.47409
8.37721
11.7497
13.4836
13.0697
12.1733
8.68769
13.7372
13.4814
13.9287
13.4294
13.6473
13.0557
11.4533
14.4832
11.5901
4.64257
13.7486
6.74764
4.22405
5.60457
13.8187
14.0024
12.2963
6.02053
6.7233
13.5059
11.7243
12.8006
14.1847
7.01889
13.3928
5.84885
4.43506
12.7967
10.5917
11.7409
9.95136
8.73737
6.6908
9.63254
14.8147
6.33601
8.71699
13.6414
9.66745
8.7602
10.7195
11.409
8.22034
8.8702
4.11479
11.2155
12.4478
10.7293
10.9782
10.679
8.37045
12.4043
7.24156
8.80634
10.9569
8.77927
12.4371
11.0799
14.0253
6.40077
10.484
12.9721
12.9952
8.43675
8.43959
11.2701
8.65447
11.2942
8.4584
14.793
12.6698
10.3967
9.50464
11.0976
11.7015
11.3317
14.8524
10.5839
10.5891
12.9796
12.8028
11.6707
12.5383
10.2417
5.70229
14.8445
12.2657
6.973
7.70609
8.9379
14.2172
14.1865
11.3173
12.9855
8.35773
12.2654
5.58446
13.605
12.6206
13.31
8.63777
13.8288
5.06598
13.1922
8.16118
13.0349
7.4547
11.7722
13.6528
10.4376
9.04208
11.8494
10.0449
5.6888
8.6201
8.72248
14.282
10.9445
12.9566
11.4977
13.1404
12.0072
9.03778
12.5598
12.3943
14.9069
14.423
14.0905
11.2798
8.58584
11.4155
6.01412
5.28724
11.7944
12.0264
9.28356
10.6872
10.9182
14.8637
6.65434
13.403
6.15932
12.1473
12.2932
11.716
8.814
13.7754
9.10519
14.4783
9.29237
11.3026
13.1753
5.85184
10.5507
10.3004
7.0282
11.4854
13.7471
8.34893
12.0657
14.9305
5.53994
10.7976
6.86809
12.0607
6.4888
9.83428
11.0328
12.6985
5.43727
12.8362
13.6033
14.6333
14.5104
8.38078
5.16305
10.3227
8.06031
12.0864
14.132
13.6319
9.93881
11.11
12.523
7.07185
10.2643
12.9818
10.294
10.9083
11.8055
14.6088
9.84955
12.027
14.4025
14.9084
10.3923
13.3679
9.71468
8.36656
10.7465
9.87744
6.80887
11.6619
9.15977
13.1693
4.91462
13.5637
10.951
13.309
9.67287
12.4797
6.13457
10.6276
6.03325
14.2842
12.6228
11.4984
9.42646
13.4243
13.79
10.5945
8.39722
11.7274
9.50663
13.0786
10.8899
10.6783
8.35693
13.2785
14.3499
13.7048
9.97167
11.0309
8.1539
4.93195
12.731
8.71513
4.94226
14.7561
7.84453
13.8756
9.84644
13.0495
12.2241
10.1702
12.3035
12.9117
6.94371
8.38741
10.1134
13.8215
12.612
14.9529
12.9278
9.00484
10.8961
5.74909
12.5867
14.6423
8.72996
11.8213
12.2702
6.72028
13.7009
13.4632
10.9512
5.83955
8.47556
12.0013
11.6907
10.9961
12.1824
14.8034
9.84627
9.38165
10.4059
12.4825
12.0031
11.6668
10.6217
8.54815
14.7288
8.9897
14.2045
7.19867
10.1088
9.94441
13.292
7.1384
13.2901
12.3985
14.1814
10.3602
14.4025
6.04555
13.4299
4.90436
9.45823
12.7008
8.29569
7.49748
8.84522
11.4269
10.7526
5.72968
14.8453
14.6974
8.29446
14.5052
12.8379
11.9989
14.4867
14.8873
7.96011
10.8132
13.1335
11.0026
9.07344
8.21001
7.48802
10.6863
11.3425
10.8192
9.95581
12.5446
10.2362
9.03753
11.1761
14.9903
7.41733
10.1271
14.4604
9.27876
12.4833
11.8626
13.9004
13.6991
14.3399
11.5975
14.3283
12.4175
10.6386
7.83112
13.9666
9.29181
14.2934
10.5702
6.49874
12.8527
10.0463
11.4199
9.92521
13.2018
10.3424
14.4972
9.66083
14.4614
10.2646
11.036
13.5149
8.03321
14.9354
11.8355
12.4135
11.8036
13.7205
14.0221
13.2539
8.82834
11.8256
6.79864
8.42616
5.80355
10.2901
10.6935
12.2235
12.4128
13.7738
14.2464
13.4372
11.8457
13.8927
14.156
12.5123
6.28879
12.6509
9.87827
13.7412
10.839
14.7601
14.739
5.95065
10.8278
9.48891
9.438
8.64854
10.63
5.95273
14.2878
13.5071
14.0012
14.2603
11.0063
12.0708
13.2694
13.6089
6.37446
11.7794
11.4673
7.88358
13.4902
9.71019
8.80725
10.6832
9.01066
9.92296
5.53348
7.314
5.85005
12.7871
10.9717
11.5256
13.6058
8.55515
14.8295
14.7228
13.3996
10.1176
12.2175
14.3993
10.8483
7.26216
12.4642
11.4912
9.15761
11.4179
7.53865
12.1675
8.54987
11.6979
10.3503
10.6297
5.06078
13.5976
14.5353
11.1789
8.6066
13.9885
11.5694
12.4134
10.0805
12.1473
13.288
13.1951
11.3265
11.12
12.7137
6.51156
5.70344
12.6485
9.64312
13.6963
9.67409
7.7127
14.4956
10.4441
13.1618
10.2213
14.6056
9.99275
12.1771
9.97133
10.367
9.95086
12.1337
13.2508
11.7604
10.2995
12.1699
8.60048
12.238
6.3142
10.8628
10.9518
12.6716
10.5148
5.30279
7.0549
14.5582
8.5819
10.8436
12.2268
5.19856
11.045
9.55768
14.0213
12.4797
13.6653
6.97262
6.90867
6.03217
13.2396
14.1171
12.2947
11.4418
12.2251
13.032
10.8674
10.7937
11.4099
14.6527
14.9691
11.4174
14.3606
10.7887
11.371
5.74036
14.5695
9.96032
11.4594
5.42025
10.2829
10.2665
9.75345
12.8706
12.4318
11.0383
12.0628
5.41795
10.5123
13.5457
9.88468
10.6915
9.76581
11.6806
11.6392
7.01227
14.4213
13.8328
4.8623
11.0069
9.09745
5.82453
14.8327
14.7939
12.8543
10.7809
11.3401
11.0531
9.42446
12.2586
5.75602
9.20084
11.6338
13.7982
8.98312
11.3928
10.8576
10.1302
10.9614
12.3778
10.1285
10.4612
12.2224
14.5476
6.36554
11.5199
11.5984
9.48347
13.8038
7.79121
11.7365
12.7395
10.7484
11.0369
8.79861
9.58799
12.5518
9.71333
10.5591
10.7341
14.1817
14.3872
14.8488
10.2623
14.5933
10.1586
14.8278
10.0653
13.012
11.4014
9.99849
8.88686
9.86896
7.57149
11.7395
8.20714
13.1766
12.917
10.2827
5.83066
11.9034
14.0396
12.7047
11.4495
9.29374
13.0041
6.08532
12.7446
13.361
13.4269
14.3687
11.8708
14.2253
11.7042
13.4258
11.2227
14.3982
14.231
14.076
11.3856
8.8272
12.342
10.3847
9.03398
14.5894
13.6721
12.9637
14.404
14.0317
8.91443
11.1682
5.96331
8.88074
14.9531
10.6119
6.12244
11.715
10.7657
11.0962
9.15773
10.9117
13.1505
8.81887
11.2386
13.7874
13.9976
8.25459
9.31305
12.5499
5.79245
11.1367
13.5085
9.86923
11.276
11.7236
12.743
14.0747
11.1774
10.5509
12.815
10.718
14.4256
8.66169
13.4466
14.264
14.025
13.6204
10.2818
5.30063
13.0393
8.69747
7.26768
9.83366
5.12451
9.95778
3.74601
8.71509
13.7428
8.22695
10.1658
12.2185
12.6626
6.55651
14.3998
10.1196
10.1379
13.5333
13.3458
12.8155
14.051
8.20592
12.9021
10.2486
14.9287
10.922
13.9181
10.0632
9.06312
6.95547
14.2917
9.92849
14.6848
10.6235
13.0934
11.5123
7.40238
9.93048
14.6963
11.4165
12.1514
6.22582
8.53852
14.5311
14.323
12.0309
13.1787
6.71141
12.7241
10.6188
10.3571
5.41903
14.4792
11.0726
11.7875
6.16038
8.54885
14.75
10.0733
10.8222
10.5121
6.12802
6.5573
12.3526
14.8491
9.7083
13.9072
11.1034
13.4516
10.261
13.8535
10.5951
12.1894
9.39021
14.0024
13.7708
13.5264
13.2099
12.4011
10.2407
9.29269
14.7057
11.7845
14.2537
12.4741
8.14655
11.2478
11.7224
7.81628
9.68612
8.07603
9.17033
11.8206
12.7885
10.4047
7.77383
10.8422
13.9182
11.6337
12.9396
14.5088
8.33422
14.5902
13.0404
13.4298
9.09786
13.2452
12.2608
8.68747
10.7949
10.5286
12.8601
7.53139
8.77257
10.4856
6.10536
12.8187
10.8525
7.85337
11.9088
12.2961
8.4769
9.55136
10.688
11.3582
10.7339
4.93853
6.67423
13.8616
11.4699
13.6883
9.18788
14.74
6.62234
9.4671
12.1461
14.5486
8.39725
8.27842
13.3737
9.18872
8.96779
14.5065
10.4046
8.70702
14.8737
14.0731
9.67777
13.7975
8.17844
8.28362
14.5421
8.46058
10.3632
12.6584
11.2376
13.5242
9.95686
12.0712
11.3591
13.0838
14.3313
6.31237
9.99323
10.7529
13.806
10.9844
11.4832
9.67481
8.45987
8.92776
13.7445
12.0231
14.1769
6.69415
10.3036
8.34139
11.5985
8.46457
12.9425
13.8735
6.80375
5.76904
11.3305
9.54346
6.4744
9.65066
12.0366
12.7035
12.2765
10.134
8.40331
14.7864
9.71933
5.90715
13.88
6.08074
6.07584
10.7959
10.4566
6.84771
13.4685
9.74383
10.7754
11.9161
8.06719
13.6239
10.4753
8.76107
12.3569
14.6434
12.4683
11.7106
10.249
10.7594
10.5144
10.2844
14.7827
14.5207
8.68398
14.8263
8.03849
14.1184
12.1755
5.37146
13.5773
6.23697
5.28029
6.67179
10.2536
10.8627
6.66472
10.4302
10.1599
11.1619
14.668
12.0131
13.7276
9.36229
10.0216
14.971
13.2665
8.43175
8.93873
12.8375
14.6244
14.6582
11.3642
11.8258
13.1072
12.8868
5.98364
11.6555
5.28885
5.79834
11.6951
14.0642
9.9898
14.157
14.8261
14.7299
10.5839
12.0891
11.8655
5.35921
11.6769
13.3168
13.3441
9.38797
14.5707
7.00781
10.3891
7.41274
13.0222
6.44606
12.091
10.189
9.57918
10.8967
11.8666
6.22634
12.2809
9.63727
10.2739
12.9559
9.19918
13.9781
9.00739
8.43409
12.0311
8.23685
6.32301
6.44428
12.6851
11.7677
14.0705
10.9698
9.94916
11.004
12.0521
6.98611
10.9686
12.6046
14.0302
11.1888
10.5021
11.4763
7.1834
12.7962
12.3084
11.091
14.2167
11.7691
11.0385
14.1476
14.606
5.23689
10.6187
12.4515
9.63805
6.55985
8.41522
14.0131
10.2047
7.98169
11.6501
7.43709
5.06544
5.87912
14.1974
12.3658
11.9564
7.64823
13.7607
13.9415
13.0269
10.0751
14.2786
14.6128
13.5074
13.253
14.1341
11.0856
10.7151
10.9344
11.8249
6.76046
10.549
12.5055
10.206
14.5897
14.7153
14.2485
10.3712
12.0731
13.444
14.812
14.4177
10.2912
12.773
11.9426
9.36191
14.6269
10.8676
12.3327
14.6218
13.375
14.9489
9.42295
12.8306
7.54972
11.1655
10.1103
13.682
6.23367
13.9987
14.0175
5.83457
8.38157
6.38752
7.81604
10.7907
14.6708
13.7014
11.3072
7.95776
14.3878
13.7878
13.9352
9.66618
9.01992
12.2562
13.2729
13.3952
13.9427
13.1617
13.0124
5.42684
7.40451
6.8117
9.58652
10.1252
12.735
12.1217
8.84052
10.1598
12.428
9.94121
7.41674
12.9894
11.7685
10.7938
8.91253
11.5133
13.0309
8.77871
14.7585
11.9719
12.7693
11.0976
6.57249
12.0949
12.5322
14.1076
14.4808
6.1295
14.5402
9.04205
14.8531
13.3536
11.0991
10.9882
10.7763
10.6495
14.5624
12.8275
13.6049
12.6524
10.9411
13.7259
9.28326
9.91081
13.6353
14.8457
10.1049
6.87051
4.99995
8.63298
13.5549
14.5906
11.0749
13.0255
8.66687
9.81259
13.4889
10.7174
9.62395
12.6299
14.5647
9.3302
11.9448
11.5043
11.6882
5.97293
10.8221
14.8481
7.40377
6.20765
6.4096
12.3893
14.321
5.78799
8.84491
12.1355
6.917
10.5478
8.69535
12.1963
12.5171
14.1645
10.7139
6.1064
10.6523
12.0037
12.5971
11.0268
5.63862
7.75778
5.76311
13.7554
14.979
12.1292
14.5921
13.0559
11.7509
12.1134
12.8084
9.42991
10.4782
8.25727
14.3386
11.6494
11.3537
6.15262
10.4061
12.6708
9.78285
11.0283
8.57894
14.7235
13.8352
9.38601
14.8099
7.54595
7.62761
11.476
8.23086
12.1124
9.69575
10.9446
13.6704
11.3665
14.6244
11.6592
12.2323
11.2727
14.9216
8.90644
8.60546
13.8877
8.64808
11.0888
8.27634
9.43206
12.4129
10.8463
9.73089
8.54365
8.70836
13.4672
13.6354
12.5101
14.4156
13.6958
9.93846
13.463
9.73985
13.1002
12.4797
10.1755
13.414
6.16791
9.04772
4.29849
11.8787
13.5138
12.2817
4.73216
12.8184
10.1766
12.4625
6.08167
13.3353
12.9349
8.97887
12.2809
9.41368
12.5316
10.1822
12.6238
12.3941
12.8959
13.4198
10.2529
13.0868
13.0591
11.7436
14.9702
11.1236
11.9663
13.9258
8.32079
14.6546
11.5507
12.7279
12.824
10.7848
9.78224
6.93666
14.8793
14.1665
14.044
9.80712
4.96839
8.31987
10.1822
9.9844
9.47527
14.1198
11.3428
11.7433
10.26
6.46876
6.71513
12.6503
14.3292
5.79928
14.4279
12.4306
14.6222
13.9976
12.9559
13.6475
13.2024
8.42718
13.1037
12.1853
6.91754
8.46509
13.5093
14.8067
12.2061
12.6781
11.6157
6.96291
9.28066
12.6005
10.0472
11.7167
11.8569
8.58117
10.6842
14.925
12.5146
9.06152
12.9919
14.5062
13.9969
9.08636
13.0913
12.1222
11.8587
11.8011
13.3148
10.5733
11.6177
12.9809
10.9693
13.0985
12.4716
14.6977
12.6083
14.5246
13.5932
11.7306
14.5903
9.06035
11.0437
10.5925
13.8173
6.02967
7.97846
14.0911
10.9385
9.59144
14.9303
10.8313
9.51782
14.4525
9.05729
10.7795
11.95
8.8065
11.9115
14.088
13.0008
12.3744
10.757
6.12268
7.85633
11.1791
13.2525
10.3052
12.5711
12.9015
8.83831
6.01008
14.2704
13.4272
12.351
7.84421
12.3876
14.3413
13.065
11.5627
13.3635
14.9897
8.80811
11.4253
11.8787
12.3789
11.797
6.8046
11.9513
13.1062
10.1552
9.50834
14.8817
13.6294
14.8277
11.766
12.4527
12.7174
14.4111
13.6122
9.93777
10.2728
8.59304
13.0287
11.3507
10.0409
8.61323
13.4448
13.3391
6.04898
13.2203
14.4871
14.0639
13.6585
8.58928
14.7178
9.67805
12.2195
13.4439
14.3374
6.4284
12.1224
10.4394
13.9112
8.81184
14.9401
14.4602
10.6171
13.3384
11.4878
9.73767
12.3388
4.99026
10.7539
8.96126
10.9777
6.55458
14.9665
11.0925
8.61305
14.9862
6.55546
8.49584
12.5007
13.7478
11.9789
14.7399
14.6402
13.8047
9.00229
12.5924
7.7416
10.0886
14.324
11.2303
14.6494
14.3713
10.316
14.229
11.5205
10.4229
10.8425
13.4889
13.0947
8.92985
10.4779
14.1709
14.2968
14.4934
13.5353
14.5917
14.3048
12.1827
6.11686
9.21747
10.9047
13.68
12.493
12.9433
11.9149
11.5231
6.22802
9.9296
11.1874
8.59434
5.08518
10.0108
14.8465
14.7406
12.5993
13.9858
9.85956
7.59312
10.2006
6.77255
13.6225
12.1656
11.0243
12.7306
14.9177
10.5148
13.7754
14.8618
6.68008
10.4246
9.67352
14.6029
14.3237
12.178
10.4441
13.4592
13.7486
9.80048
12.6634
8.64418
5.48538
10.2299
9.63509
11.6429
13.809
13.9684
12.3509
6.02545
7.3365
11.0159
10.7848
10.65
10.1534
13.6882
9.01431
13.2254
13.9414
9.87401
6.02216
12.1966
12.4151
12.9591
11.585
13.6244
7.18557
6.73285
11.623
11.3236
14.2703
14.6477
14.6854
11.5788
10.7863
4.8297
11.9284
7.31914
13.102
14.8921
8.4402
13.6948
13.5806
8.86005
10.9735
7.17879
14.4613
8.0619
8.75324
10.9457
11.7434
10.5197
12.3696
10.1208
11.7881
12.543
9.12969
14.3497
11.6098
12.3202
7.84908
12.7128
7.5008
13.3872
14.6166
13.5754
12.737
5.24274
10.2046
9.12032
9.01766
9.20824
14.3542
9.99121
14.3819
11.8701
9.33796
7.5775
11.8123
8.21227
12.9549
9.16781
9.46445
9.39682
7.77786
14.5641
10.3617
8.3908
13.6592
4.20006
14.0269
10.0386
14.9752
12.4877
11.4822
11.7893
12.8379
7.15679
14.145
12.569
10.0939
12.8869
10.4259
12.6444
11.4258
6.64804
13.9338
14.2468
8.54488
12.8793
14.8813
9.59434
9.81731
9.98253
11.9888
9.31293
12.1133
12.943
14.8272
7.4086
8.91186
12.7828
11.5073
14.2279
12.117
12.1073
10.0113
12.0395
8.79656
11.711
12.3548
11.6916
10.4498
13.3005
11.2196
8.48974
6.94323
11.9181
11.7758
13.7213
7.02284
8.61726
12.3654
12.1887
11.0515
9.86266
12.5171
12.6945
14.2469
11.6209
12.6456
13.4637
11.8912
10.8333
12.9853
12.1476
10.6745
11.206
14.8425
4.00037
11.7445
13.0179
8.68675
6.75104
10.6994
12.8974
10.6291
7.02722
13.2717
12.0503
13.1384
10.5781
12.4179
5.0354
9.92313
14.7333
13.5913
14.2518
10.4665
12.6854
10.9389
14.8946
9.29214
13.7244
9.28567
11.1773
6.66361
13.355
10.5291
9.5267
12.3273
9.07827
11.6684
13.6433
10.5583
12.6737
12.9273
13.1856
14.6736
5.32819
9.23013
13.0435
9.25976
10.8274
12.9183
10.6175
11.5259
11.3811
10.8304
6.6643
13.3172
12.7751
14.5936
10.7236
14.9925
14.8359
9.37981
13.3546
12.8678
9.06034
14.8137
11.8312
14.5208
13.8177
7.92762
9.94718
5.01928
12.5951
13.9963
14.9245
14.8663
10.6107
14.2298
14.6908
8.89236
14.117
7.34464
13.0412
11.7776
8.73709
12.7994
14.4699
8.78611
9.10544
11.037
9.99659
13.3212
12.1322
11.6385
10.0024
7.43664
9.29167
12.533
5.62184
12.0942
9.75191
13.3022
13.5
8.48113
11.0042
11.8084
14.5735
10.5232
14.5548
10.3424
6.04496
9.86828
6.35438
11.5379
9.03669
9.46116
13.4138
14.6664
14.0567
13.0534
9.95696
14.3311
7.94922
8.80308
8.12305
10.3406
11.1724
12.5862
6.64933
9.88513
9.79435
10.8438
14.6212
7.03707
9.15237
10.2893
12.251
11.382
8.85562
8.97573
13.7446
11.0706
12.4891
6.45458
8.11045
11.0998
10.9907
10.924
13.4178
8.26698
11.8448
10.3564
14.8946
10.9978
9.17942
13.1279
6.94019
7.91646
8.54835
11.142
5.86398
14.4656
10.5445
13.9495
12.8973
12.3667
13.8036
11.9039
8.21161
8.33413
10.7722
12.8643
14.5872
5.40545
12.3103
8.14612
7.21574
8.91814
12.6735
14.035
5.58676
6.6667
6.03103
10.4267
11.0287
14.7872
8.77573
4.66747
14.2884
7.58214
14.9054
12.7662
14.9426
10.4936
11.5116
8.77869
14.7847
7.50626
7.66521
5.69194
9.0323
13.9911
14.6263
10.4891
10.4759
11.2962
14.6589
10.9675
4.85758
8.00055
6.62411
12.6087
7.29629
12.687
14.6687
5.75944
7.85221
10.2112
7.23029
13.6582
8.63104
5.59245
8.51401
13.4192
13.9475
10.402
10.2704
14.1745
8.723
13.7664
14.958
5.50673
12.9564
9.41638
10.2833
8.03668
6.18515
9.6704
12.5055
10.3138
9.29961
14.1168
14.9283
13.3852
8.43722
12.6871
14.2725
14.5096
12.4164
9.78272
11.9969
13.5687
14.6891
6.48425
12.2793
11.5379
13.1617
11.4672
13.6798
9.8072
13.8972
12.3293
9.32891
14.9392
6.46535
8.8414
10.1231
10.8725
12.7086
11.3153
14.6313
11.85
9.72529
11.4903
10.7285
10.4758
6.88754
11.5547
13.0301
11.8014
12.1762
12.2713
13.9196
10.101
14.4273
12.5202
14.0911
10.8299
9.00242
10.8997
12.6201
7.24925
10.4484
12.3008
9.2615
13.6787
13.894
10.1872
11.569
14.4434
5.84313
11.4931
8.70661
8.76724
12.6877
12.1819
10.7479
9.92044
14.6566
11.4586
11.9385
14.5076
14.3013
10.1595
5.77561
9.44656
10.4121
14.2007
10.4467
8.52885
8.76396
11.8854
13.4212
13.6874
6.83361
10.9844
13.4623
12.361
8.35132
12.445
13.2321
10.833
10.3946
10.8068
8.55796
14.18
6.97284
11.2912
9.57903
12.9395
10.6869
14.1346
10.4954
7.72365
9.37032
13.6039
11.035
11.1572
11.774
12.6413
8.15227
9.92302
14.3763
11.3568
13.1345
14.1147
6.78046
6.18322
14.8908
10.6984
10.3121
14.6433
10.2329
10.4126
13.6434
7.80432
10.3339
11.2977
14.3143
10.5436
14.9924
9.98792
11.0359
9.68007
14.4211
13.8867
13.3614
9.89725
10.5727
13.8183
8.90299
9.29952
11.3758
6.90715
11.8277
12.044
14.8983
11.054
14.3923
8.0368
11.7548
9.32268
9.34351
11.9264
13.2854
9.78913
10.078
6.09853
8.06514
8.49615
9.14103
8.76505
11.7908
14.0324
4.64839
11.5345
13.7341
13.4557
11.6098
7.82548
14.1076
9.79054
13.6512
14.5605
11.8608
14.3182
9.45053
12.7703
6.88971
10.0545
12.8656
13.9769
9.80309
11.7049
12.8788
12.8326
8.71388
10.2431
11.094
11.008
5.56267
8.39332
10.6049
10.8816
13.7112
9.66606
4.11422
8.88213
11.4513
10.7403
6.83292
12.9066
12.2832
11.7872
12.0504
12.2092
7.84257
6.7272
5.32285
6.7326
13.3595
9.06155
11.1082
9.78039
14.5036
13.6858
11.8874
11.8445
13.9411
12.9093
11.097
10.1979
9.58103
8.72527
13.1017
9.63054
13.1898
9.63521
10.8276
9.92598
6.50401
6.4819
10.9089
5.96969
12.8881
14.5686
13.6896
12.5387
9.9038
12.8353
5.99966
12.1516
14.4726
12.9877
9.42234
8.88651
12.8427
14.5545
7.37106
8.12854
11.2849
13.7959
5.43193
14.6159
11.9465
10.7911
11.661
10.8254
10.0143
9.64285
6.5643
12.4544
9.69459
7.49985
14.1982
13.7981
13.7572
12.7358
12.2542
9.9192
13.4415
14.0359
5.79718
14.082
10.3873
7.88893
10.0508
9.63128
7.7103
11.5072
12.5897
12.7022
11.1024
12.6014
14.4111
14.6239
5.84554
13.6681
14.2652
14.9919
13.7826
12.1127
12.2696
7.6383
11.3585
13.1025
13.8565
9.86417
12.1765
13.0596
5.51782
6.41019
14.532
14.4974
13.2507
14.3016
13.786
9.55248
6.51908
7.04104
10.1931
9.69562
12.8546
11.3305
11.0462
10.332
11.4339
13.9009
10.6222
10.6419
8.89151
14.2538
8.81065
8.88691
13.863
8.32728
7.58405
11.7835
8.3531
11.1748
6.59494
6.05618
12.7693
6.84934
11.7885
14.7743
14.077
14.011
13.315
13.8879
7.12059
5.60818
10.8818
10.5252
14.4231
7.43716
14.372
12.8323
9.07206
12.7271
13.7014
14.854
14.1832
12.0282
13.3954
11.6864
14.7502
9.86822
11.7742
7.96677
12.5168
11.2404
7.92006
8.05847
6.98323
13.5072
10.2257
6.44321
11.0978
14.7897
7.91845
6.1896
13.051
11.8701
14.0877
14.2783
9.75739
10.7799
14.8523
14.5192
9.07594
8.3402
14.5004
9.22089
13.4009
11.768
12.2997
14.5316
12.6767
14.9771
13.2304
10.0887
9.90086
14.6143
9.69265
9.88961
6.90714
12.7485
10.578
11.4999
6.50651
11.0582
11.3748
13.5155
6.37157
10.5299
13.0757
13.52
11.0861
14.1701
10.6838
10.1007
12.0846
12.6302
8.25205
13.0852
9.4616
12.9785
8.8211
10.8932
13.655
10.1742
13.4097
13.5906
14.404
12.9516
12.0786
14.1696
10.6529
12.3478
10.5849
11.4979
9.32039
14.8798
12.8074
9.20271
13.4742
11.9814
10.848
12.1921
4.37388
12.5518
14.1818
7.74573
9.12456
10.0561
11.3052
8.08609
7.03574
13.8593
8.48987
10.5602
14.7333
9.19802
9.57047
10.7674
5.15833
9.78824
10.0242
11.3627
8.64983
13.5084
13.7225
7.47107
13.7068
12.7355
7.8395
14.7255
12.6761
11.4743
9.83274
14.5903
13.6212
12.7253
13.5462
5.00727
6.7538
13.8286
10.6805
4.85549
8.96993
8.92735
6.17607
8.09259
13.0305
10.4515
11.2635
14.5959
13.9687
10.4347
11.2233
10.1038
10.4726
8.73694
13.3143
9.41595
11.6481
10.2404
9.43754
13.1191
14.7536
12.3642
13.8882
5.98234
13.6886
8.62363
10.3661
11.7887
14.1164
10.5322
9.67538
11.9551
13.5798
14.4087
9.94951
10.1458
6.64554
10.3636
14.5861
14.2545
14.6623
6.11372
6.12222
13.6332
10.6606
6.62565
13.3515
12.3428
9.65018
8.9796
9.84349
12.628
9.44593
12.4402
11.8186
8.06756
12.3754
10.8936
14.6633
10.5396
9.18384
12.299
10.2023
8.92091
13.903
8.75427
5.229
5.94405
14.9319
3.97834
10.8362
14.2302
7.61065
14.3073
12.1622
8.64935
11.6813
12.4494
9.94359
7.29634
12.6219
8.1497
13.4071
11.9582
10.0104
11.0523
9.52793
13.7407
8.26841
8.71155
10.4811
13.1657
10.0317
8.575
10.9227
7.99219
10.1985
8.38378
10.8977
7.95606
11.3374
11.036
11.5043
12.5901
11.3627
11.2332
6.36429
12.1887
13.8471
8.79171
9.24299
10.0447
4.84711
6.01264
12.0187
14.6882
12.6592
11.8645
12.2225
13.9733
13.1259
11.53
14.2237
14.8737
13.1296
14.1993
11.9147
13.5972
6.03645
10.041
12.9142
10.0823
8.77622
14.3098
12.2976
13.4191
13.585
13.3338
12.1523
13.4555
7.12414
11.8305
8.52875
10.201
8.48705
5.84851
7.58596
14.3184
13.9441
10.3332
13.9437
14.3195
14.531
10.3943
10.9469
10.1535
5.84
6.12722
9.22565
14.5586
7.94919
10.8568
13.3481
12.241
12.458
12.4122
11.9597
7.38856
10.8706
14.1552
14.6431
8.42657
7.19005
11.3964
10.4358
13.537
9.246
9.41429
8.40822
11.8872
6.46573
9.69463
13.0786
14.403
6.45119
9.57248
14.6543
14.0819
9.48012
6.06101
9.19623
14.8957
9.25276
14.9768
4.81299
9.23862
12.3916
9.4763
12.6518
12.4409
10.0258
9.10264
13.3906
8.87177
13.2356
13.9674
5.42581
7.77093
10.0655
12.7695
13.199
5.1296
6.03389
13.007
14.4532
11.9517
11.6567
10.5474
14.0165
14.6675
12.5588
13.2363
13.3714
4.79176
13.8496
11.783
9.81616
13.0147
12.5312
7.36307
11.2717
14.0927
14.5989
13.234
11.244
13.1917
12.7703
10.0009
14.6391
12.0041
13.0014
9.97023
12.5099
11.8857
12.7838
11.955
14.0295
13.6723
14.1479
10.0269
10.6722
11.2287
9.61647
12.9932
12.9509
5.2489
12.3227
11.2164
14.7324
14.2846
12.8756
7.37684
9.70612
13.1544
13.3035
10.3189
14.0489
12.823
14.9052
14.8829
9.67791
7.40717
14.0745
6.21842
11.1626
8.17313
8.78387
8.15305
10.2392
13.8464
4.38944
8.89577
14.0195
6.23871
6.43277
13.5732
10.5218
11.8274
7.75325
14.5062
13.6962
14.003
9.14149
12.0442
12.4403
11.5039
11.1312
10.4525
12.7365
14.928
10.5423
14.2802
10.3233
11.9978
5.65114
14.2164
8.99709
11.8833
9.33482
14.1149
14.2257
13.6685
10.5924
9.66127
9.28619
13.8978
5.99736
14.0062
13.9495
14.2007
6.23357
10.516
5.61386
6.7678
12.3116
9.028
4.24853
8.40726
13.7189
13.3167
12.7582
13.6529
11.7307
10.3351
13.6834
12.0016
13.5791
13.6003
10.3822
14.3789
12.9261
9.89532
14.6295
12.3257
11.2553
12.6689
11.2846
11.5315
14.8186
13.1404
5.82003
14.3828
6.28921
10.0235
7.77556
10.5816
13.7546
12.2139
9.13518
13.3783
9.08568
10.3366
12.2117
14.5231
11.4121
14.1499
14.4262
11.0059
14.7733
12.5474
8.97204
8.7714
14.8692
9.07438
9.19491
10.6584
11.1956
13.5434
13.296
5.83313
12.7865
14.2982
14.4587
14.6107
10.7031
5.68127
13.6841
9.09793
5.97974
12.5211
10.6417
11.2806
12.8743
9.76225
11.8297
13.4823
10.6518
12.4157
13.9365
10.6528
5.50774
12.7747
7.82541
14.8128
7.94035
14.9254
14.6778
11.544
11.318
11.055
14.7538
14.3217
14.3378
14.2258
14.1363
14.143
13.5018
11.5347
10.548
11.7779
10.4792
8.48729
8.09665
14.0211
13.1231
12.6798
10.3457
5.38398
14.6319
14.8706
9.1699
11.3145
11.5791
14.6328
6.04409
10.7939
12.6806
13.8939
5.98516
14.3574
13.0025
11.3384
13.6902
12.3511
13.5578
11.7541
13.4797
11.9516
9.16964
12.1124
12.7638
8.9198
4.06522
8.15754
11.7386
10.4579
11.4495
12.8432
14.1635
11.1503
13.6949
14.1492
8.80344
13.4646
13.6063
12.6827
8.34583
13.1187
11.0555
14.49
10.078
13.7856
8.62498
7.2375
14.4587
10.641
4.7557
14.3229
9.4181
9.54995
8.75645
5.38538
10.9731
10.4876
11.9298
14.2045
10.3182
14.5336
11.1696
6.93004
13.7577
14.0699
12.1093
14.7433
8.6195
13.7469
13.4923
5.00055
12.9786
14.6514
14.4805
8.64072
11.2021
14.2894
11.2573
10.5398
13.7518
11.7236
13.4287
14.122
9.21014
13.9953
10.8223
9.57301
6.84779
5.19375
11.0765
12.7424
14.7126
12.2911
14.6155
14.4559
12.7652
10.0969
13.0246
14.1932
13.4581
14.874
13.6435
10.1313
9.98001
13.808
10.402
14.3493
12.7839
10.856
9.18398
9.3631
10.0417
11.6466
11.5099
10.5622
14.3342
8.01167
11.4531
11.6468
9.02234
12.2489
5.30784
12.93
9.13382
12.3144
11.6031
6.25452
13.9101
12.5171
11.9245
6.10174
4.80877
6.59049
14.4963
10.7958
10.1812
5.49901
11.5106
14.0022
9.59641
13.1152
11.0096
13.944
11.7501
14.0951
11.7995
14.4152
12.523
13.6593
13.0784
11.5368
11.1329
9.40521
9.40713
14.465
12.4029
5.8904
12.8957
13.4198
13.9462
13.0758
13.6415
14.8796
14.5733
14.6904
12.176
11.7966
13.8948
12.3029
14.6286
14.3136
7.37305
14.9941
10.2065
11.9428
11.0481
7.39787
9.21654
11.7722
9.98789
6.04577
13.2505
11.7252
10.4786
12.5612
14.1876
13.6358
11.0528
7.94233
8.64195
6.15701
14.4499
14.4724
10.6665
10.0137
12.0046
14.1445
11.8859
6.02877
8.67864
13.5884
14.4871
12.2807
13.2282
13.1672
12.2936
14.252
12.9647
13.9846
14.7741
14.9396
12.03
10.522
14.773
8.74207
5.96774
4.82401
10.1945
10.0179
13.2678
8.57641
13.8154
10.8438
13.64
11.9471
10.596
12.0716
14.1011
8.31834
7.48505
5.49027
13.1805
12.1242
9.6063
13.4537
13.971
11.7619
10.9962
13.166
11.5342
14.1317
12.2248
4.84344
4.69929
13.1322
9.32668
12.2962
14.4867
8.97802
13.3339
9.91167
9.87694
8.91576
9.64832
14.7768
11.8453
13.7102
13.2967
9.09024
14.6647
7.20347
12.1801
12.1939
9.19738
8.72816
12.8813
14.2403
10.4355
8.66555
14.5517
14.13
12.7445
9.61453
9.64692
11.463
6.00913
13.1253
13.3989
12.2514
12.6954
8.52158
11.542
11.9242
6.27093
12.2128
12.1425
14.164
8.91996
8.55118
14.0415
12.8709
6.23905
10.0209
12.4347
12.1589
9.02498
10.4586
12.0934
9.70314
14.6994
12.2252
11.3597
11.1896
13.0833
9.43359
8.92107
13.1078
14.5218
8.33074
5.9625
14.8452
13.6755
14.1967
12.2124
13.9778
11.1534
12.1301
8.93997
11.0539
6.69835
11.9429
12.8745
6.64324
9.10776
14.6663
11.5182
11.9239
14.1274
5.99703
14.0936
9.36001
6.08843
13.3537
14.6913
11.0012
12.865
11.3652
14.1785
13.0209
9.2299
11.4023
10.7928
12.0387
14.7573
14.4593
6.33391
13.1709
14.5007
12.3139
14.4222
11.1523
8.08518
14.6518
11.1325
11.0175
6.10047
13.492
13.4348
14.1693
13.4562
14.1008
14.406
5.38068
7.45609
10.6078
13.267
5.48372
5.34917
14.5114
13.9857
8.79469
14.9598
5.03343
13.4877
12.4532
10.171
5.69128
8.67259
10.5579
8.97521
14.1028
11.1228
13.292
14.2476
14.1051
8.18774
9.24991
10.1882
12.7077
13.3748
5.16032
6.14243
12.1472
10.244
10.0454
9.20377
11.2608
5.23347
5.56915
10.4373
11.139
11.5412
9.55645
5.23316
7.03542
14.8227
12.8978
13.1525
11.341
11.123
6.13813
12.2834
12.8744
11.1088
12.6046
13.6651
13.0044
8.97849
6.19152
10.8387
13.1454
10.3237
9.46015
8.65356
12.3978
9.04564
10.9396
14.1026
8.85338
11.8795
10.1744
14.077
14.6945
9.2065
4.32439
8.63213
12.906
12.1323
11.366
11.867
13.5196
10.344
11.9659
6.30129
14.0789
12.8185
9.702
8.54641
9.32323
14.9363
12.1025
8.90527
14.5815
10.4442
10.9905
11.4411
13.853
11.3362
12.2578
9.9798
6.30566
10.5516
10.3886
14.8924
12.4892
11.7917
13.921
5.92727
8.91249
11.6595
14.756
13.6879
14.8919
11.1192
11.5441
8.87622
12.957
13.4842
13.0298
13.6459
11.6047
10.6985
11.6118
9.17965
11.3813
13.0117
7.87665
13.211
14.2593
8.03786
10.1528
10.5077
12.429
9.69683
11.1835
12.0932
6.01342
12.5097
9.66919
6.54744
11.8571
12.0264
7.76551
8.15715
12.9337
7.59647
10.7302
11.0465
14.3485
13.7723
10.7947
13.7723
10.5704
13.1829
13.1842
12.9919
14.0859
13.7594
12.5348
12.4052
6.84444
10.3456
8.57566
12.4042
11.6327
11.5664
8.49735
9.91754
14.6745
4.5254
13.5761
10.1271
14.1449
13.9957
5.39614
12.7277
10.529
7.48483
6.28455
13.8191
13.3816
14.2766
9.87545
14.7852
8.782
5.64933
14.9758
8.98147
9.22273
11.111
12.1443
10.9904
7.37549
14.2564
12.7513
11.1685
14.2773
10.1577
6.07517
13.658
12.5043
5.91674
12.9503
9.1568
12.1317
14.3892
12.3407
8.90971
12.7108
8.61354
12.9532
10.379
13.9808
12.1453
12.5935
9.65268
9.39615
9.09458
11.362
14.4862
9.68914
14.4277
11.5548
13.0717
10.4152
8.38321
5.51607
5.66541
9.52953
9.14494
5.03181
6.18594
13.4832
9.23668
14.9205
10.4099
10.2223
10.54
13.6483
4.60338
10.7469
7.28256
11.4147
7.43568
11.6766
12.5498
8.21049
5.46146
12.8959
14.3541
11.0819
5.16034
12.9426
8.5725
6.01814
11.8329
9.02483
11.3814
12.6501
10.2462
11.0461
10.4081
11.2833
7.25152
8.04908
11.057
13.1621
14.6382
13.9198
13.1762
11.6274
7.78832
14.7367
6.22066
13.5694
12.2115
10.9015
12.0146
13.5198
9.43093
14.7459
14.2419
11.3788
11.1089
8.6078
5.96478
13.1387
12.5119
9.85311
9.52985
11.8667
12.0582
12.3287
12.2991
11.0084
7.89815
11.7871
14.2135
9.5206
12.3641
13.1318
13.3279
9.29542
14.6559
8.58399
13.263
14.1374
14.2682
11.5116
13.5436
8.58219
13.6505
13.1551
14.446
9.26428
11.2741
6.08022
7.82933
14.7059
14.0355
13.9225
7.17741
10.819
9.69931
14.7723
5.74574
10.2163
12.5283
14.2935
8.33696
13.2471
8.4713
9.8944
11.3617
14.2361
8.06799
8.33601
10.9458
12.9858
6.171
5.88776
5.84374
14.1192
8.15479
10.2313
13.0735
11.0807
10.2211
13.4539
5.92768
8.87897
9.88387
10.8682
10.8063
9.82924
14.2371
14.4809
9.76024
10.5552
6.32009
14.5197
14.202
14.1555
13.4811
11.3798
8.92094
14.5841
10.5822
13.5957
11.5212
12.654
11.1754
9.93116
14.2411
12.16
10.4544
11.1608
12.7695
11.5832
12.7293
10.5627
5.27564
14.4395
13.7615
14.202
12.9718
12.7747
14.3094
11.8755
13.0514
9.66304
11.9592
12.5853
10.3785
5.82668
11.6277
10.4941
12.4824
5.49568
4.17353
14.2604
10.6795
11.7555
13.5682
12.2788
6.17736
12.2383
5.29839
10.922
10.5825
14.5792
14.0985
12.7189
12.7748
9.88838
13.9173
6.47317
13.651
14.2704
10.4296
12.4603
6.0835
11.0924
10.7535
12.1426
8.063
14.1778
11.6714
13.7672
9.86247
7.78163
11.9036
13.1877
14.5683
11.3534
11.9
11.0523
10.774
13.0104
11.4637
6.3372
13.316
13.7712
14.9317
14.3401
14.9006
6.99292
10.5638
11.1096
12.8667
13.4736
6.54313
12.9258
7.55209
9.2966
12.6844
5.65413
14.9835
13.9768
14.79
14.5941
14.4663
4.89616
13.3492
8.95386
14.8244
13.2746
13.7145
13.5367
5.90697
11.7327
10.4544
9.83805
11.8076
13.7274
14.7848
9.38849
4.70333
9.8671
12.9169
13.6377
8.81588
10.3539
12.0503
13.1287
12.7886
5.58759
13.7976
9.97124
14.0351
13.2422
14.6916
11.4906
7.42936
9.42916
10.0632
9.64466
10.7858
10.5142
11.2187
12.2049
10.7755
9.84489
14.0777
5.14167
12.0663
5.81276
5.3216
14.7779
12.8623
14.3035
10.5166
14.4254
12.4936
14.8393
14.8859
13.5046
13.6363
5.35063
5.87415
14.7782
13.1981
5.98299
8.74439
10.166
14.1483
9.19866
8.94475
9.33713
14.0679
11.074
7.56947
9.41281
12.4771
9.564
14.294
10.6459
8.44604
13.3339
14.3202
10.4512
14.736
9.8183
9.3762
8.705
11.9855
6.19656
10.7761
11.9556
14.4201
14.1628
11.6751
14.963
13.4056
7.06347
9.85733
13.3146
10.1322
12.7517
5.55824
14.2641
12.3365
7.98145
10.1216
13.6368
14.0503
10.5669
7.78664
6.33619
7.92556
14.2915
10.9006
14.0298
10.9796
9.91442
9.03283
8.38191
12.4585
14.1639
10.3763
14.0859
14.2333
13.5495
14.1555
7.45296
10.9052
14.9728
13.4252
14.9481
14.1769
9.65747
12.6525
10.5341
13.5014
8.71499
9.4074
6.24939
8.79643
11.8666
11.7531
14.9592
14.0126
7.96633
11.5126
7.7733
10.7587
12.5494
12.8197
9.66419
11.3144
14.0201
9.00468
12.7471
8.56164
12.0148
14.3261
13.7168
12.0448
7.49759
9.11508
7.13485
14.381
11.4855
14.2844
8.11953
13.2149
13.2453
14.361
11.2959
5.20992
10.461
9.36055
14.4764
8.97687
11.8397
13.302
11.9372
9.02034
13.2428
8.67318
7.36697
11.8351
12.8501
11.9088
7.75468
7.59701
14.1873
5.5865
11.2146
4.11834
8.2748
13.1516
12.362
11.377
4.97935
13.3673
10.4027
10.9401
13.3786
7.97809
10.244
13.0608
10.9847
14.4919
10.9116
14.0145
11.9803
13.3106
11.5079
7.49578
11.2246
11.5107
10.3188
10.3859
12.5214
13.7701
14.1296
14.2997
10.8618
7.6308
12.8811
12.0322
14.8524
12.5052
7.21094
9.06403
9.12118
8.8875
12.8705
10.6243
9.11945
12.8922
13.6795
12.4252
12.5906
13.2468
7.49113
7.94637
5.20155
14.3519
5.81031
11.8565
11.5538
7.84407
8.91387
11.3912
7.06467
12.1374
9.80845
14.4782
12.8148
12.4183
13.5498
14.42
10.836
11.3131
9.46045
14.9102
6.53318
11.8949
12.2973
13.4171
13.0192
13.4536
8.80132
9.58338
6.09948
10.8443
14.5436
8.75383
13.7263
8.84342
10.335
13.5937
11.8874
10.9594
9.51711
14.461
9.18574
10.4801
13.7895
5.82729
13.1704
12.7422
10.1516
14.6702
11.559
6.26598
9.88215
13.9211
8.53152
12.7559
8.50307
13.1871
12.2602
10.5645
11.9626
14.343
14.5571
11.1326
8.02599
14.3528
11.5796
9.62595
11.4603
13.23
11.9764
11.4472
14.7676
10.2311
11.5845
8.56737
10.9252
8.48659
12.9462
12.7246
12.7001
13.0272
12.2502
9.40252
13.7775
11.1553
8.78059
5.82175
5.74257
10.8925
5.46885
13.2887
13.3392
13.1725
13.311
8.97023
6.61851
9.79756
14.8015
4.98882
14.8964
9.84275
14.211
9.77015
12.6674
5.07028
14.9718
10.9907
13.6746
8.41855
12.5962
13.5764
10.4166
14.0799
13.1994
9.67962
10.1953
10.8419
10.305
12.0987
12.7829
14.0651
13.5087
10.2304
14.3522
9.23514
11.2188
13.0841
11.767
14.9565
5.85521
11.0474
9.50012
12.7559
12.8377
10.9867
9.41265
8.26083
14.64
14.0626
13.7438
9.13751
9.22987
10.2691
9.64581
14.4918
14.9709
13.1266
12.467
10.8256
14.0846
10.8924
10.9132
12.8683
9.55245
8.48296
12.728
11.5523
12.3712
5.43891
11.2732
9.98635
8.95924
12.6992
6.01161
10.6136
13.3363
11.1414
8.52075
13.5992
11.0892
13.0951
14.6382
10.6895
10.2217
11.7392
8.66194
10.4543
14.6546
14.9552
10.7756
9.06375
5.84255
10.8785
10.1537
10.0623
14.537
8.2112
12.154
9.76915
14.5083
11.2642
11.8503
13.74
13.1488
10.5759
10.1481
13.2389
12.6687
5.62237
14.0675
4.80273
11.894
12.7458
14.2403
12.9398
5.76796
14.944
11.3103
13.9709
8.38076
9.40191
8.77009
11.9722
13.7847
9.17245
10.7997
13.8705
12.9861
9.27802
10.2199
14.5246
13.5917
14.8738
13.5497
14.7072
10.3627
8.79264
13.6948
11.9042
9.68945
6.00908
12.4988
10.611
13.7697
14.4746
11.891
14.3772
7.427
4.72218
11.482
11.3343
13.3383
13.133
13.4007
12.2808
6.00549
6.52466
8.61835
12.3217
9.51196
9.85281
9.26373
13.3415
10.811
14.7653
10.0626
10.9502
12.8292
13.935
13.9871
14.627
10.8425
14.8883
9.24926
14.8622
10.9611
10.9533
12.7612
14.8221
12.9599
10.1517
13.6898
13.2447
14.0156
14.4091
10.597
13.0296
9.76802
12.0671
8.50101
5.84026
10.1565
8.38971
5.76462
12.7963
8.80647
4.60615
7.5774
12.1684
14.8269
13.8051
10.7953
12.2105
9.23219
10.8265
9.32373
9.27518
10.499
12.4735
14.0602
9.84488
12.5447
14.1108
9.97566
13.4636
11.6934
12.4965
14.8423
13.6187
13.7766
13.3207
9.73998
8.5355
8.72179
10.9351
7.46061
11.185
13.8736
11.2523
14.2793
14.6361
5.45511
11.1015
11.2129
13.2735
12.764
10.4503
11.2605
10.4988
8.55875
12.2879
9.9475
10.9403
6.71416
13.5858
10.7939
10.9059
14.8114
14.0239
11.0512
11.0998
10.1129
9.36933
11.4446
14.2314
13.3945
10.2128
9.10648
12.7371
7.40245
14.6771
12.3132
14.0239
12.3952
14.2289
8.76463
7.37745
9.19748
11.7674
14.958
12.3925
11.8889
13.9673
10.8587
7.39628
10.1216
13.9537
8.50392
8.86825
13.8716
8.53368
13.4347
5.47216
12.6754
13.366
9.16071
14.7822
12.9771
8.53737
12.3268
10.7265
14.1407
10.686
6.57859
6.52271
10.5589
13.7727
12.5316
7.82484
5.63065
5.99405
6.49762
11.9374
12.6737
6.21382
12.0061
13.2535
13.4788
6.41048
11.8086
9.13983
14.8586
7.93565
11.947
6.21154
11.9406
13.0491
14.4376
12.919
10.9477
10.0686
12.7111
5.90846
13.9431
8.76858
5.66533
14.7885
13.238
13.708
8.81972
8.62534
8.54193
14.8243
4.75839
14.5293
11.3726
10.854
8.57645
11.4581
11.9733
14.3594
11.6558
12.0368
13.7737
14.911
10.3798
13.1512
12.238
11.1405
12.5942
10.4625
8.84671
9.45317
9.67585
12.2717
11.2169
12.5512
4.37463
9.13499
13.2801
7.21791
10.3292
9.02361
10.8475
7.14992
8.24546
13.8547
12.2777
5.96226
5.95886
12.3333
10.2718
14.1141
6.2362
13.8277
8.86354
11.8042
13.8228
8.38643
13.3737
8.7933
11.1615
8.69615
10.0487
6.67533
12.1021
13.4602
8.25882
10.8118
13.8987
6.85541
14.2793
11.3857
11.1774
12.5388
5.66136
7.14067
10.7653
10.5772
13.5197
13.6194
13.3986
11.7664
12.0242
9.01211
13.5012
5.69937
14.691
12.4557
13.316
8.41615
14.9621
13.7661
11.3103
8.87118
12.087
14.2845
12.1642
14.2521
10.3001
6.12395
12.0997
9.6386
11.9777
10.889
6.20086
9.63411
10.4538
12.5049
12.4312
13.7636
13.3653
13.867
8.9503
14.1139
13.6913
14.5549
8.75347
10.6178
11.771
11.1995
10.0414
12.9669
10.1272
10.0202
14.7444
13.8613
12.0771
13.1397
14.223
9.86893
13.2028
9.00057
12.3539
12.7373
11.2131
12.2954
8.76817
7.55607
10.1136
7.97535
8.65261
11.994
11.6808
11.2684
9.35544
13.271
8.63818
12.1729
14.0924
11.0413
11.3878
12.5529
8.50834
13.2507
14.4339
8.68181
11.5385
13.9223
7.82155
6.5267
8.83058
11.6172
13.9555
13.6846
8.64734
12.9637
14.698
9.63214
8.74134
9.21263
12.9108
9.87397
9.09275
11.4509
13.2446
6.00075
12.9283
14.9688
11.9504
10.1167
9.46189
9.94603
8.32659
9.01462
10.6084
13.4609
10.8322
10.4916
6.53464
12.7657
5.91811
11.6246
9.57114
13.7031
14.2865
6.63763
14.6949
12.9791
13.0434
9.19532
6.57612
6.27074
10.3916
13.9424
13.1896
9.76717
8.92576
9.27784
11.2897
14.8795
6.59842
8.46345
9.54034
10.1301
12.7991
9.63993
10.5744
14.3312
10.5836
6.99854
12.6623
13.8985
10.776
6.45276
12.2804
12.6518
11.7219
14.3355
14.0871
11.9985
14.9399
12.46
9.38403
8.65932
11.4399
13.0177
11.7559
11.3076
6.12191
12.1744
6.50863
10.7711
5.54662
6.15828
13.9827
8.94577
11.3447
9.24608
8.82375
8.82176
8.06302
14.5278
4.59776
8.69035
6.21817
6.14127
4.45701
9.82214
14.4313
6.60968
12.0101
13.6266
14.911
6.35948
12.8961
6.10449
14.8532
8.75539
10.4851
14.0036
13.5919
10.6299
12.6118
10.8141
13.0414
10.0035
9.54732
11.375
12.4134
9.49032
13.4142
14.2459
7.5968
11.2406
12.749
13.8231
12.9481
11.9594
8.54997
13.176
13.7952
6.02487
9.29586
10.9269
13.9792
14.6173
12.1793
13.4688
9.30637
11.3001
5.81136
12.4268
14.8209
6.45449
4.43817
9.24996
12.8646
13.1814
7.34524
13.7113
10.7557
10.1492
12.7243
14.9123
8.35565
11.6025
13.3135
10.9863
10.7891
8.92215
13.5234
13.9035
8.54381
5.60314
6.81065
4.65155
9.72817
6.06943
9.46719
14.1682
11.2409
12.6538
12.8092
12.7013
8.96366
10.627
8.40014
12.9314
12.1016
9.07979
10.15
14.8638
7.01358
12.7568
9.00479
8.4748
13.2565
9.32149
9.65708
14.1545
10.6493
10.041
9.14526
14.8277
12.7196
11.8124
11.9887
8.64208
14.8583
7.52809
11.3733
14.0879
13.0492
11.0877
6.69862
5.46764
12.11
8.66549
13.4043
14.0996
13.87
7.12546
13.9745
12.7787
10.6493
11.1995
13.7355
14.5759
14.1695
11.8715
13.0089
11.1356
12.4157
14.6732
12.8324
14.6399
11.6919
8.64125
14.922
10.0194
11.1003
13.9453
12.3101
10.0211
14.2979
11.2387
13.2785
12.9454
11.1034
13.1129
11.7396
14.9226
10.8893
11.4401
11.8702
13.137
13.0942
14.7923
8.51185
11.053
12.6869
12.2354
7.82477
7.82036
13.5482
7.53397
10.4398
8.47953
12.4901
12.4607
10.4032
12.9441
12.1241
10.9387
13.5983
9.36046
13.7575
10.9961
6.94419
8.88969
11.3808
10.9532
12.4614
14.7149
5.77472
8.61226
8.65726
12.4364
6.18206
5.29911
6.54965
10.0115
7.05711
10.9837
13.6344
11.6558
9.07452
10.1828
11.2242
13.9378
9.21879
10.0851
13.1553
11.5254
10.0985
12.3646
13.3273
12.4916
14.3744
11.4393
11.9385
11.4568
14.7107
12.1342
8.38717
8.25723
5.66887
10.5654
11.6218
10.628
14.1032
14.3855
10.2314
8.70321
11.1836
10.3607
9.33803
13.2334
6.38816
12.1054
13.4956
12.1562
11.97
14.2306
11.0008
13.3968
6.36705
12.7874
12.42
11.9778
12.1028
13.9456
8.52771
13.0685
12.958
14.4699
11.6538
11.9883
13.993
11.1082
13.8538
12.4599
12.5193
8.41126
5.34255
8.50365
9.68393
10.9002
11.0564
7.08293
10.3064
12.5388
13.5038
9.35898
10.5637
13.5606
11.3387
13.4438
12.1187
12.0762
7.44915
10.7554
6.42262
11.294
6.45326
13.7544
9.61767
5.89026
13.1627
14.9654
14.0472
12.4246
10.9416
13.6701
12.5483
10.4578
11.6442
9.77737
10.6586
12.3003
13.2044
12.2443
9.2588
14.2666
14.9003
13.3425
9.42535
12.5068
12.6677
13.156
9.98883
13.4671
14.7438
11.7221
11.4969
14.4485
13.9032
13.7986
11.6699
7.45113
12.5173
11.7449
8.62275
11.7166
14.0561
9.64418
8.98491
9.20667
13.3433
6.56147
14.0196
13.9128
12.4663
4.21216
8.11828
9.06171
13.8166
14.9364
11.1748
5.18291
12.2214
12.6111
13.1378
12.6394
10.7661
6.62132
12.52
10.9308
12.7591
13.9752
13.8402
11.9703
12.1418
6.92604
8.07826
14.0535
11.813
9.58278
12.3162
9.11044
13.4949
5.3784
6.17294
10.4351
8.96268
12.0516
10.9577
14.6332
12.4745
14.39
9.30517
10.0739
12.6018
14.9868
14.0748
13.6707
9.15924
14.5993
12.9921
12.3057
13.0355
13.5453
9.04537
8.06034
11.6632
11.0953
14.7544
12.734
14.7387
11.1067
9.14348
14.0755
13.2055
10.9666
6.72026
5.76096
14.5392
11.1939
9.44441
12.933
12.2169
14.155
10.1267
9.81132
6.02036
11.6685
13.1664
12.8261
11.1915
13.2207
4.58945
14.9847
10.8416
14.7922
10.4067
10.7066
5.56315
11.7557
11.5915
6.449
10.3142
9.70382
13.8893
10.7155
13.3622
9.66733
12.811
10.0719
10.5582
14.7246
11.3725
9.66789
13.8922
10.7473
14.5738
9.55948
12.2281
12.741
10.0568
14.4332
6.62699
9.48893
11.6132
12.0997
7.84147
9.17018
13.1507
14.4498
9.27166
7.21411
12.351
6.31808
6.32361
5.74655
9.54222
8.71704
11.3118
8.3452
14.4305
9.62952
5.53365
12.4705
10.2195
14.2087
9.45158
10.5366
14.231
6.81894
14.4638
8.38004
14.7719
12.416
13.1214
12.3436
9.98516
12.8911
7.32234
11.6579
13.0011
9.4711
8.49654
12.9621
8.77579
10.9122
8.10287
10.5146
11.5466
10.1334
10.489
10.9993
10.6182
12.5257
12.6386
13.263
12.1646
11.9417
6.5084
6.15826
12.539
8.54275
9.68464
14.0744
14.3881
10.1258
12.4707
10.6137
8.15404
12.5093
12.4929
13.3726
11.0717
10.7134
13.5109
12.0974
6.23295
6.00855
14.7031
13.2
9.66433
10.9219
7.5873
13.1963
9.01325
11.5404
13.1982
13.6827
12.8896
13.4328
9.27515
9.34761
10.3555
13.7268
10.9619
9.25639
7.23145
9.49508
12.0203
13.832
12.3532
14.8696
5.42763
12.0646
9.6348
14.6339
14.8295
13.0986
10.9596
9.83282
12.8002
12.8795
14.347
13.1821
12.7905
11.7182
10.7156
10.347
14.0963
12.9441
13.3625
5.9768
14.7679
11.5592
6.5113
7.86464
13.9822
12.4222
5.65429
13.791
5.68444
12.4664
13.1033
10.6174
13.3385
8.82712
14.4966
11.8849
13.0348
11.33
13.8496
13.9827
13.0752
14.563
13.6185
13.8094
12.0803
8.42305
14.3181
10.3524
10.798
13.0035
13.4818
11.4445
10.5935
13.0731
12.4522
12.7511
13.5575
12.7443
12.1864
10.2975
4.5092
13.8397
12.4415
11.2143
11.0974
12.4459
13.6015
9.096
7.86215
10.156
11.8927
10.364
14.2059
11.4046
12.8757
10.697
9.94859
10.7926
13.0954
13.6874
14.8072
11.2464
12.398
13.0174
11.3791
8.28205
12.4772
13.2737
6.56218
13.5194
11.4603
6.05615
12.0101
10.584
14.2715
12.5559
12.6991
8.76688
12.6183
10.9806
13.1231
12.5898
14.1695
14.8316
13.7369
14.9187
13.662
14.4175
13.5989
13.0824
13.3029
13.8406
11.5162
13.0282
7.25703
13.6634
13.5558
14.6009
5.14962
14.5192
10.6322
9.02968
8.59688
11.3134
11.5633
14.8791
13.6107
13.9617
8.97598
10.2944
14.3361
13.0976
12.4722
12.1183
11.8978
12.8728
14.9299
13.0931
13.6193
13.5009
9.66278
14.0236
11.8262
10.0767
9.21507
9.7994
5.33853
12.9065
10.3123
13.1294
8.79935
8.98872
13.8722
12.0616
12.1187
14.1845
9.59882
12.5664
7.06254
11.9653
12.1067
13.3285
14.4795
9.94342
13.1606
14.9202
10.7409
13.1946
14.0821
9.91897
8.69436
10.7764
12.1414
13.618
11.7692
12.0124
14.8149
10.8814
6.52485
10.3938
11.6883
8.9064
11.4548
5.07157
9.8529
8.24112
7.12142
14.0116
14.2108
12.046
12.3985
13.5856
12.5625
6.4836
11.1966
6.96248
14.1578
10.4665
10.1279
11.5908
13.2011
13.7439
10.224
13.8164
8.79777
11.8799
12.6741
10.3528
13.5281
8.35286
9.00682
13.2947
9.07662
11.0105
11.2663
9.27611
9.96796
12.8672
14.7337
11.8615
14.6966
14.379
11.7634
14.9138
14.2055
10.3185
10.2628
13.4227
10.5671
11.8849
13.465
8.93213
6.06214
14.0722
12.8054
7.68839
8.63886
10.2858
13.8519
5.65641
13.4388
8.62605
12.5284
14.9977
14.9921
10.6038
11.2349
13.6781
5.95832
12.1527
11.5126
10.2047
12.5299
14.7065
10.4328
11.9355
14.7563
14.7886
14.3865
13.7836
14.3602
12.3001
9.77044
11.1245
10.3166
12.8407
10.7035
8.94546
5.21163
8.87803
10.6968
13.8303
9.72133
12.8843
12.137
14.9558
13.6635
9.55805
12.2377
13.4774
8.52393
7.17263
14.8379
12.936
11.705
12.77
13.9549
10.1832
14.1193
10.1135
13.0826
11.9643
13.8033
8.0207
13.6336
5.61673
13.3091
10.0108
10.3423
10.6865
9.16548
11.9172
11.3882
12.2584
7.44013
11.2957
11.393
9.79198
13.2478
6.11139
8.54808
14.067
11.8663
9.76596
11.2604
8.54807
12.0903
10.8173
13.3632
14.9046
12.5336
9.51117
11.3746
3.93205
13.1577
10.9936
13.7629
11.0902
10.7706
10.7614
14.0396
14.0391
14.6774
6.82183
14.7927
12.6382
10.5582
11.6858
11.2098
5.96201
10.0751
10.5549
11.7549
11.569
13.4064
13.0852
11.2148
13.4769
11.9136
9.14404
9.85039
8.95304
8.15174
10.0171
12.4649
11.7227
12.7805
10.0875
14.775
14.8638
11.5535
12.1167
9.71237
13.1494
14.827
11.8265
13.022
12.1295
14.4489
12.0206
13.0545
12.2633
12.7847
10.4184
13.4736
14.6821
13.5665
11.7972
13.5024
12.8609
10.5575
10.8653
13.1116
14.9542
7.08925
13.8581
8.39574
13.6506
8.39599
14.6626
6.12899
13.818
5.53617
9.42132
12.5247
11.9509
13.4989
11.2475
8.77887
13.1939
9.07312
13.1659
8.28773
8.08878
8.59799
10.5371
12.5874
13.1037
14.4486
12.2225
13.1189
10.092
8.35773
10.395
10.618
13.2763
8.69309
14.94
6.11577
13.6986
11.9174
9.58656
7.3945
14.1939
6.87966
6.96037
9.99771
14.6819
12.1819
14.8353
14.891
12.7379
14.958
10.4113
9.8007
6.08995
9.57064
10.8268
10.2838
13.0133
14.5267
10.5988
9.1687
9.68727
10.2782
10.8036
8.5487
10.0872
12.1148
13.0693
9.03197
11.9611
5.63331
7.28389
12.7487
10.5089
13.693
11.1478
10.2044
9.28325
12.7854
12.41
11.9203
11.8777
11.7374
13.5097
14.163
10.1723
9.74712
10.7792
14.8062
9.78495
6.24809
8.07753
11.0535
10.4201
13.3336
13.7022
8.63397
13.0288
7.49156
9.5582
12.101
8.25378
13.9618
11.6707
14.5301
6.27723
13.4075
14.5263
10.4516
8.01188
13.3577
10.6262
13.9903
14.0178
11.6985
11.1533
14.5053
14.1811
10.8907
14.3001
12.5346
12.3133
10.3411
14.7462
9.91114
14.7709
12.8064
8.53986
10.063
13.8682
8.49041
13.2467
14.2773
12.1821
9.89827
8.36242
12.2192
13.4255
11.1562
14.9891
10.258
11.0911
11.7564
12.2124
10.4767
14.4637
13.1234
9.63721
10.2723
14.3934
10.8742
14.857
14.905
10.4741
13.3905
11.5118
10.3271
10.2298
9.81433
14.0912
10.0648
13.7536
13.6767
12.6666
8.99968
8.95831
12.0768
10.5616
9.34793
12.3461
11.5366
9.35557
14.4008
8.04144
14.061
10.4885
9.90144
10.2806
13.0472
14.1385
11.9285
5.94144
12.2902
14.2162
9.67412
14.6621
4.31454
12.5421
8.11569
14.5128
7.3288
8.43973
11.1744
6.74095
13.2819
12.9496
11.9596
10.7605
8.4985
10.1303
5.6634
7.02204
13.69
8.39843
13.29
14.3942
9.34365
6.83915
12.8001
14.3897
11.974
8.34475
8.56317
6.60074
12.7372
7.98018
10.3015
12.6084
6.78627
11.011
12.6024
12.9419
8.73763
11.9388
13.851
12.0077
10.1197
8.7324
8.86447
10.3432
10.9195
12.325
11.9275
11.4084
9.99844
6.75679
10.9122
6.67375
14.6237
10.6143
9.08104
12.441
11.7578
10.1928
6.2475
10.4181
11.4103
14.4867
11.9349
9.191
10.0955
9.57592
13.3016
14.2996
13.6086
13.0271
9.2866
6.16434
13.0354
12.3136
5.99366
11.3319
14.1108
13.0397
12.8054
9.58879
5.90251
11.0948
9.07065
11.9198
14.8473
5.69087
12.653
8.95419
5.46769
13.4534
10.9896
11.7596
14.1088
10.6246
14.5965
11.9765
11.1111
9.19921
9.31814
9.06121
11.8766
5.2932
6.03734
9.5739
12.7368
6.97828
14.4016
10.2965
9.83819
11.1715
12.0508
12.4496
11.1497
13.7128
8.98187
10.9308
11.1348
13.4335
7.78688
13.7006
9.50984
14.0402
14.0018
9.46682
6.44481
13.1873
8.69672
6.45202
12.3239
9.87131
12.798
11.2032
5.50862
10.5192
13.9202
5.8994
11.2729
14.1739
11.5826
14.178
14.5926
6.0291
14.9707
14.9228
10.7919
9.83087
14.0428
13.3558
14.0217
14.5211
14.8118
8.93763
10.6147
9.98358
8.09738
4.71018
11.2717
10.0691
11.3767
14.899
8.56421
14.8215
12.5592
12.0546
12.1811
14.7505
9.55747
13.6891
9.57843
11.802
5.72728
10.3623
6.5575
12.1918
14.1666
12.7163
14.463
10.3114
10.655
10.1132
11.2556
8.43654
10.7422
13.6501
11.4771
12.2171
11.6788
10.4769
10.8094
10.1464
12.6009
8.74286
11.9131
10.3244
4.90842
7.93688
11.4211
10.8743
8.49401
12.5204
13.1656
9.62649
12.1605
12.4401
7.61997
6.18405
10.0139
10.7684
14.3912
8.10056
8.03673
14.6714
14.8105
13.6117
10.9189
7.80638
10.6535
11.5703
14.9375
12.3513
10.6887
8.97361
12.3076
12.7537
9.6278
9.64012
13.3947
7.68688
12.3446
4.47191
11.0017
8.7961
10.4916
13.6933
12.5208
11.4036
13.8538
12.3084
11.7557
11.116
9.77401
9.80105
13.38
11.7734
8.6799
5.78561
13.1894
14.2585
11.9118
9.60552
14.4933
13.4647
11.4115
9.95055
12.18
6.63094
13.6072
11.3329
13.7378
9.83357
9.06579
11.7156
11.8262
11.7416
9.02596
8.75335
13.5477
12.7305
4.51775
9.81906
11.485
9.26647
9.55457
13.969
13.0694
10.6252
9.2006
14.3856
10.6182
9.90878
14.2112
10.5947
9.61702
10.1472
12.0627
14.9569
12.2109
13.0967
10.8986
14.0251
14.9656
5.17035
13.9662
5.28022
13.622
11.462
9.92439
8.4156
11.7796
14.8905
14.6186
12.0803
14.9838
10.4338
13.4031
13.3218
9.38052
10.6095
9.84024
10.2737
13.2224
9.88242
10.1215
9.22918
11.1003
6.54068
9.00226
14.6555
13.2608
10.237
9.31548
5.63112
11.4101
13.1326
7.06528
5.56278
14.7898
14.5369
12.6806
13.9907
11.6826
12.2433
14.2023
12.6029
9.74364
10.3886
12.3583
9.83737
12.8119
12.2043
12.4782
11.7272
8.99412
6.22931
6.43639
7.68613
7.21619
5.61024
13.2319
13.3936
11.0412
14.0498
8.59996
9.23297
11.3934
10.7963
11.4397
12.6022
9.87539
13.9002
12.1516
13.0856
14.616
14.9685
8.92304
13.0504
12.504
6.61985
9.85484
13.9051
13.4916
4.83897
14.4332
10.9078
14.4751
9.72551
12.8313
9.7111
14.116
10.7182
10.3269
11.8883
8.42887
6.23195
14.6586
12.7085
13.0388
5.80581
13.0135
7.35651
11.2039
10.2673
10.3132
9.80333
12.2128
13.5814
12.047
14.9362
9.0207
10.5749
14.6703
5.80934
13.2273
8.51914
11.4729
7.68356
14.3299
14.9884
12.5683
10.7703
14.9322
9.77413
14.3765
8.28449
7.07455
14.287
9.8746
11.7073
9.97816
13.6288
8.9124
14.2838
10.1927
14.1277
14.5217
5.32182
10.5036
14.3798
6.62568
9.5458
13.2249
6.05029
9.093
14.1134
9.82538
8.67648
9.78757
6.42325
12.1721
11.5749
9.78007
14.4588
9.21059
13.9762
11.9074
10.8657
10.002
9.21534
9.97705
11.5551
11.8383
11.983
12.3727
11.9604
12.5762
13.0013
10.4317
12.1551
11.7938
9.01898
13.502
9.80701
5.86447
13.8645
9.96166
12.7121
12.8708
10.9377
14.4249
12.1767
6.80637
11.3039
9.87651
11.3292
8.93023
6.50989
12.1225
12.296
14.2577
9.07174
10.5389
11.763
12.126
14.3995
13.9177
12.8015
9.6893
14.5548
9.68343
12.2312
11.3729
12.3236
9.78734
13.1768
7.15466
13.9463
14.4332
6.59861
11.0705
6.54627
9.47895
12.0588
12.529
13.8634
12.7165
13.3173
8.89287
10.6401
6.18121
8.63044
11.9862
13.6759
5.83492
13.5746
11.0502
7.08255
14.9888
11.448
8.89375
12.7029
10.1771
7.69032
14.83
9.54861
12.9424
12.1503
9.66281
14.8819
8.44475
6.55265
12.0879
12.3253
10.1678
14.3057
13.4198
13.995
5.4219
12.4642
14.5775
13.7868
11.228
12.9931
12.3042
