12.8367
13.0056
14.7966
13.4483
8.96687
11.3173
8.81799
13.7795
9.90115
11.4087
8.15866
9.52826
14.3649
9.97601
9.04872
12.824
5.32034
10.4156
14.4461
12.2892
5.85795
4.62823
10.019
9.06193
14.8227
11.9009
11.8716
4.3799
13.628
12.1223
8.58144
6.04694
10.0101
8.85667
12.9845
14.2572
5.81436
9.87902
11.8849
7.78359
12.8221
8.25563
13.1839
14.188
7.96995
14.1834
13.061
8.89269
14.161
5.6597
13.6646
9.70164
10.2062
11.1771
11.7796
11.0336
9.48542
14.5944
13.742
10.6986
12.8471
10.229
12.7179
14.3445
8.02925
4.65564
14.38
14.4011
10.2079
13.6972
12.6927
11.2143
13.8657
11.9577
8.63717
12.1664
8.62633
9.83538
14.0769
11.8694
7.23533
12.0991
9.46597
6.10029
14.0752
12.4466
8.69624
14.6022
5.04602
9.60997
14.7022
14.2012
10.4516
12.0552
6.22024
6.38638
14.2255
12.3847
9.71269
10.4887
12.3862
10.1709
5.28551
8.54451
14.8805
9.58766
13.3489
6.54084
8.2311
10.7968
6.25106
14.4839
9.70236
11.2808
9.7446
8.18222
11.8135
12.2344
11.0174
8.60106
7.23705
6.86097
14.5014
9.29807
12.6727
14.2975
10.9686
8.61346
9.10272
13.4133
11.0358
10.4831
7.906
13.1314
14.1292
14.9865
11.8554
12.8266
11.6598
14.6975
10.6108
10.6767
10.5289
14.9182
13.4436
13.2843
6.07907
9.28724
10.2987
14.0043
13.8491
14.8809
7.69512
10.7248
13.5974
10.922
11.5654
10.1644
12.2659
6.7145
14.8105
14.4444
9.33335
13.7656
13.6569
13.4821
14.3109
8.22721
9.31114
8.20934
10.2129
10.0053
7.60807
10.7315
9.90678
14.2239
5.85502
14.0102
14.3349
14.7507
8.34284
14.6502
14.3929
12.5884
11.1627
7.93705
11.3494
12.7094
9.44934
8.71873
10.2861
14.4004
11.1647
14.6759
9.49087
3.81345
13.1006
12.4942
11.0962
13.8557
5.56066
14.6264
9.95885
8.47793
12.5566
10.0157
10.6517
7.24599
11.3304
13.7969
8.0648
14.5844
14.4667
10.3078
11.0451
6.72632
8.33478
5.56244
14.2261
7.06445
13.4733
12.9198
8.49808
13.5487
14.2139
9.80661
10.6964
13.1168
6.252
9.23113
12.789
9.04704
14.9767
12.2257
7.0098
11.0601
9.92487
7.65445
12.9242
6.97367
7.68926
9.30548
9.24013
5.05204
11.8798
8.33662
9.59606
10.6509
10.2732
12.3672
14.7321
12.6913
10.9829
14.9265
14.8773
13.409
9.01277
9.37683
9.75584
13.5874
9.65614
5.93726
12.9839
8.94077
11.5021
10.5006
8.48726
9.51669
4.72789
11.5856
9.28523
5.71135
5.76068
13.9176
9.67874
10.0337
4.97761
10.5325
13.5462
5.35195
9.64382
9.60369
12.9115
4.74553
12.3678
13.6245
8.01433
12.715
13.7658
13.9856
14.4403
11.7512
10.2046
5.09394
14.3502
14.0389
14.5731
14.3347
11.9779
10.0399
10.2083
12.2121
12.0714
13.7463
12.7258
8.42356
9.52169
13.3615
11.7599
14.0372
10.7319
6.13079
9.98593
8.42217
10.0169
11.7504
10.7106
5.7465
11.6065
7.06351
8.92849
6.07347
12.1005
8.0779
11.198
10.1964
9.2901
5.30988
8.00621
11.0651
12.4727
13.2362
14.6186
14.7824
8.77417
13.6009
11.2434
4.6467
9.58254
12.4962
10.8476
12.1098
13.4001
10.5363
10.9661
11.0025
11.5831
12.9658
13.6553
10.579
10.1503
13.6361
8.84245
10.0787
9.91279
13.6227
6.67722
11.0548
12.3172
5.06884
14.5512
6.03561
12.295
10.8954
8.92335
8.63852
11.0408
11.5772
14.7783
14.72
12.0252
9.54243
5.97723
9.65343
12.077
11.6869
12.7109
8.83435
9.08943
9.93218
8.24267
12.9524
7.58283
13.3372
12.6936
9.38482
6.1955
12.0813
11.1617
6.05212
10.8474
13.6426
8.86309
13.6929
9.40834
9.61174
11.1191
12.1387
14.1522
13.3035
7.42009
8.31454
11.2725
7.75899
12.7568
11.7636
14.8573
10.8679
14.5903
13.83
13.0139
5.73055
9.6972
13.8699
10.3268
14.93
11.2501
8.57582
14.6244
8.74533
13.1717
13.3535
14.586
14.0922
13.4012
11.5856
8.68077
14.6051
10.2117
11.5112
14.5166
11.0865
10.9353
5.76521
13.3254
13.462
7.19732
5.4934
14.5571
12.2051
6.0184
5.43746
13.5323
12.8038
10.4343
8.86886
12.0997
12.9581
13.7179
14.6744
12.3703
13.5645
13.8849
14.3811
12.0613
8.42163
12.309
9.73462
12.8462
13.2933
12.7529
12.271
7.80957
8.9989
5.99844
11.6308
10.687
12.9235
6.3374
14.5963
11.4163
13.1277
14.7994
11.4606
7.9388
12.6641
8.15284
10.4117
8.98113
13.1012
14.2602
5.40596
14.2885
12.7325
13.958
9.78303
3.97152
6.11879
11.1707
11.3528
12.3105
11.5641
7.56305
13.2086
10.3991
11.1646
14.3528
10.7128
8.93707
9.39849
10.6456
12.8033
6.35055
14.4396
14.4998
7.8746
14.5662
9.89751
14.62
9.81031
12.2489
10.0903
13.684
14.5307
8.37307
14.471
7.9317
6.62525
8.41763
12.9664
11.6171
10.8173
9.66127
10.2557
8.43937
13.2471
12.803
12.9464
14.2005
10.9091
8.26342
6.33007
14.9837
7.52331
11.8147
14.4869
5.83383
12.9483
8.22066
10.3058
13.2649
14.0899
7.8933
9.57478
12.178
11.4983
10.4123
8.20938
8.99184
11.2464
7.75849
11.9618
14.695
14.6788
12.3279
9.08311
12.2344
13.2912
10.881
14.2008
8.6976
10.725
12.3577
7.79627
10.9131
8.50286
12.2507
10.4556
10.007
13.9904
12.5125
14.6182
13.1861
9.9284
5.10513
6.25445
12.7813
12.337
10.9638
11.696
11.7927
6.37736
6.59657
14.9292
13.1952
14.2774
11.9379
13.922
11.9605
10.5722
13.3463
11.7399
8.83219
14.1644
8.35685
10.1503
11.0038
14.6756
11.8852
5.30632
6.41501
13.1447
9.45973
8.56285
14.6528
11.5828
14.1987
10.4855
14.4395
13.7336
5.62597
9.68073
12.6723
5.24677
8.50584
5.63626
13.2088
11.8112
12.7581
10.5796
14.647
9.7853
10.7922
13.3823
10.8633
8.2206
9.83405
12.4737
8.54684
5.33582
14.979
13.2697
14.3355
6.04403
14.6512
8.12026
14.8781
9.89012
4.40066
12.3928
14.253
13.1927
14.9628
13.1167
13.3624
10.0762
9.17791
11.4462
7.64225
9.26223
8.99291
7.44343
6.35582
14.3272
12.3971
11.3339
8.6312
12.4959
13.2149
13.6164
6.27273
10.616
14.536
12.2045
13.017
13.8927
13.0451
12.4712
11.1653
10.7214
9.36432
11.5771
9.89862
9.98513
13.0131
12.0119
14.7892
14.3903
8.57931
14.9944
14.4796
12.6132
9.12577
14.7176
11.4214
9.64457
10.6143
6.08076
10.7899
13.722
13.129
11.7679
7.54319
14.7737
12.2257
6.98266
13.7904
8.43473
14.3045
12.9613
11.1027
12.9657
10.1223
7.40305
10.5542
10.1111
12.7088
8.48775
8.20919
11.9623
9.96175
11.4028
4.00908
11.6202
14.0383
11.59
12.4337
10.3218
14.9382
11.708
14.0609
11.6131
12.5458
5.1485
14.1953
12.2512
4.27227
9.47653
11.3034
7.02886
13.0931
14.2731
12.0241
14.0115
13.2985
14.7698
8.54335
13.2652
13.0612
13.9831
13.8967
8.57321
13.729
11.0312
10.6054
12.227
10.3204
7.14947
10.9081
10.288
7.30992
12.5542
14.5064
8.77339
13.182
5.5227
5.09203
5.4947
5.06959
6.12904
5.33418
12.7551
10.9651
13.124
12.8208
6.88904
6.67878
12.2265
10.6841
8.38402
11.5682
9.52254
10.281
6.23552
6.26374
13.9573
10.4085
10.7997
9.82003
5.78297
14.8169
8.85897
13.1339
5.5314
11.6754
8.12692
9.83931
9.48236
12.5197
10.0743
14.1053
14.0068
13.897
11.1608
13.3576
6.00938
8.63234
8.07056
8.52958
10.4112
12.459
13.9862
6.21208
5.48736
13.7922
13.9349
10.9277
12.2454
12.6859
13.5974
10.1129
14.1238
13.6542
13.0075
12.5458
14.5538
14.194
11.6544
14.2285
14.5287
14.3631
7.92494
12.5853
7.37412
13.8313
12.1078
13.7709
9.05829
14.7997
14.6056
8.43634
13.4704
4.60027
5.84565
13.1703
7.85848
9.65782
12.8636
10.4414
11.8429
14.229
12.4348
10.1427
14.7557
14.9923
13.7528
6.09616
9.18829
6.32185
11.0588
9.89659
14.8354
13.5087
7.37427
10.0642
14.0017
8.92138
14.9638
12.3524
6.32718
8.294
7.5147
13.0668
10.1366
10.3116
10.264
14.5027
13.6118
10.3708
13.0753
8.55512
12.2828
13.9219
14.5853
14.9197
14.5619
5.56635
13.5796
10.4191
6.7369
9.45521
14.6805
6.75412
14.6683
14.6208
6.27239
14.8088
14.9107
13.3576
14.3162
13.4188
10.9322
8.7078
14.4537
14.3136
7.67135
9.5247
4.99267
7.28227
10.2809
10.5673
10.7363
9.89316
6.78024
11.8499
7.68597
12.8024
10.1976
7.85063
6.50706
11.366
13.4275
14.335
14.0845
14.334
6.57267
10.0861
10.5991
11.5325
10.2678
9.38307
10.5333
12.4081
14.9406
6.28044
13.8825
10.2569
8.72577
11.9132
5.42106
12.4437
10.5777
13.0524
11.5088
10.8497
10.9969
10.0568
13.7075
12.0696
7.04203
12.802
14.0454
14.2048
14.288
5.66751
13.1635
6.12498
10.4928
9.8723
13.585
12.2906
13.1759
8.05117
13.1612
14.8972
6.26358
14.4389
13.3531
13.6709
14.8491
10.113
11.3718
7.86425
11.5023
12.0392
8.49369
10.789
6.9389
14.0725
7.22239
6.50749
10.2465
5.45801
11.5249
10.6563
9.8635
10.526
12.3058
11.2533
14.9794
12.0761
14.5741
9.55942
10.3369
12.9738
10.5523
14.4641
9.96576
6.75539
11.7151
13.6041
9.34048
6.23332
14.697
11.0493
13.809
5.43778
13.0908
14.9185
10.3235
14.8641
10.2383
9.04802
11.765
13.9862
11.0912
14.5345
9.69799
11.2365
7.92285
11.2221
11.5078
13.2117
9.0834
10.9432
10.3221
11.3289
7.39168
11.367
13.6541
8.52329
9.6418
5.08365
13.9266
12.9486
10.4541
13.5138
14.5354
14.2599
14.6567
13.8691
12.9123
10.6536
9.52993
8.83202
13.0395
12.1603
9.07251
14.9552
9.31087
11.1903
12.8454
14.5046
11.1846
14.7919
14.7106
11.8087
10.7442
11.367
10.3707
10.4201
10.8744
12.3722
14.5916
12.6348
14.3882
8.35072
8.94071
13.0683
13.5731
9.29079
7.83147
6.53777
11.8431
12.8887
10.5913
9.21103
8.31448
11.0486
9.73208
14.0159
9.0051
12.1872
14.9118
10.1023
12.0182
12.8836
10.2125
13.0366
12.412
14.1907
14.3343
8.76632
6.56572
14.0274
8.64459
13.5868
11.3232
5.50898
6.53249
12.2635
6.94225
12.1984
12.2504
13.7137
12.9004
5.11212
12.2888
8.77116
11.7309
14.1335
11.6231
12.9117
9.6252
9.3584
14.6008
13.8091
11.7904
10.407
13.6604
8.71283
9.80809
14.1077
12.7046
12.9168
12.9544
11.3832
13.9232
11.0547
14.2806
13.9281
7.27444
7.78494
9.92932
14.4455
11.8956
9.85169
9.13667
9.12569
7.02276
5.39607
13.3984
12.7417
5.34559
11.6038
13.0534
9.83148
11.0567
14.1357
6.23702
14.6233
11.1106
9.36119
13.3462
9.70883
5.18305
5.73966
4.9341
13.5954
13.0429
5.55719
5.63622
9.742
10.6529
14.4731
9.145
5.3131
4.13893
13.9164
8.80631
7.06507
11.9663
11.9154
7.27194
11.6812
13.4795
12.0121
8.82466
12.3958
12.5416
8.69885
14.353
11.1499
8.47265
12.6603
14.027
9.85205
9.78985
10.1266
10.2188
12.1071
11.6677
13.1905
14.9147
9.71636
13.1756
7.88007
14.436
11.2611
8.57411
13.6307
13.3547
10.7891
11.0084
14.2966
13.8978
13.1852
7.95108
9.41218
13.1797
13.0072
14.9509
14.9787
11.5045
7.60523
13.0479
13.7221
10.8175
11.983
13.6298
9.54282
10.5893
5.46555
12.2731
14.2879
9.40389
8.97737
13.6464
11.714
7.06825
8.66757
11.35
10.1615
9.35331
11.5436
11.6486
9.55879
8.68159
12.066
13.4634
13.0753
6.7905
10.6289
5.69945
6.5417
10.1061
9.48838
9.42373
10.4239
5.46421
12.7718
10.1229
14.4163
10.1995
8.57528
11.8237
13.6712
14.5072
11.187
12.037
9.82783
6.51526
5.91516
13.5654
8.16862
13.0252
12.4922
6.40423
10.7572
14.7206
13.2813
12.0308
8.20703
10.0334
13.6862
10.034
12.9755
8.19958
12.8288
13.702
12.2025
12.6982
14.4901
10.2031
13.6654
12.2982
6.9802
13.5161
11.1867
14.3806
8.20811
7.97656
13.9243
14.7522
13.5116
10.7849
4.99059
7.29672
10.7054
12.8437
14.2351
8.07113
12.0838
11.7973
4.26655
12.854
10.3609
13.8438
9.47195
11.9501
7.96476
13.8745
10.7063
12.5657
12.8737
10.3456
12.5765
13.1544
10.7742
9.4137
6.02443
9.11718
9.92812
5.95053
12.8238
10.2256
11.2317
12.2394
9.94919
13.2913
14.1645
7.63865
7.64982
12.6238
9.92444
6.58435
10.843
9.01955
14.9094
11.9471
9.43954
14.0848
5.0941
9.95121
12.3764
12.1108
12.591
10.1032
13.5765
6.17111
13.6983
7.22849
14.814
8.03309
13.7503
10.1695
5.48622
9.58482
13.3287
9.75467
6.5113
13.5723
6.0621
8.65457
13.8104
11.8933
12.5868
4.17314
13.5412
5.89589
11.3142
9.56937
10.825
13.3232
10.9669
12.8745
8.78434
8.97655
14.0198
11.9997
10.8117
14.0635
10.4847
10.773
14.0301
13.7487
11.1704
10.8857
10.7394
8.03301
10.4733
10.3921
9.68165
8.59191
10.2632
12.603
13.251
8.15849
13.61
12.9879
12.8841
12.0145
14.3791
11.9842
11.3596
8.83919
13.35
9.93525
5.11483
12.3216
13.1643
10.2114
14.6038
9.59983
10.4626
9.95484
14.9808
12.9169
12.5677
8.75457
14.1979
13.3393
12.4516
12.6393
9.91645
9.96395
13.9639
13.6385
13.4955
11.9058
11.7445
5.27587
13.3211
7.71211
8.32475
10.5014
5.82278
13.8017
8.79598
14.8085
12.5885
6.53606
6.31703
9.67088
9.60318
9.172
14.1027
11.9202
10.8463
10.4434
6.56659
11.312
14.793
12.2115
8.61012
11.3663
8.65033
8.46938
6.34121
13.63
13.9393
8.81835
13.5574
9.93975
14.6468
11.8356
12.7169
13.9633
13.9549
9.97007
11.0027
9.63253
8.30114
12.2377
12.9831
14.7419
8.23228
12.6334
8.10975
9.22962
12.8365
10.9932
10.3215
6.35757
11.2015
12.9586
12.9018
11.6136
6.36761
8.84236
12.9228
14.5258
10.3473
5.58423
9.432
12.6682
10.1166
8.00449
8.06125
10.2159
14.0921
12.6826
11.0311
14.225
8.44099
13.0531
8.56239
11.5971
10.7146
6.33702
10.3656
10.438
10.1432
14.696
14.5732
12.3663
5.60457
13.8784
5.35462
6.94692
12.669
10.2938
13.1809
14.3285
13.7399
13.136
5.58938
10.2533
10.1214
11.0599
14.8259
8.56191
10.2825
13.0614
11.4873
14.5905
6.50735
13.9333
13.2954
7.07103
10.4404
14.5533
10.5066
12.9472
8.88208
11.6764
9.81905
10.6888
13.6198
9.94064
13.5262
8.70679
13.989
9.08466
11.318
13.6111
14.336
13.921
14.6194
13.556
5.25442
13.4138
10.2005
11.7195
13.6554
13.662
13.5589
12.1247
9.175
13.4536
13.5538
13.9286
11.2461
14.7335
5.71242
10.1121
14.6722
7.6047
10.512
14.4502
13.2402
10.6453
10.6178
7.84476
10.841
12.7468
13.408
8.29411
13.0033
12.3922
8.58949
14.0532
8.08041
6.35511
12.5658
14.5791
10.3154
9.73898
13.076
14.3292
8.833
7.07171
9.44732
11.4546
8.74824
10.1722
11.074
6.94765
8.20668
9.94677
12.2852
13.5197
11.2327
4.52228
11.2199
10.274
14.6385
8.08883
14.2179
9.14898
13.4411
6.69156
9.82841
13.8595
11.7226
12.4825
14.0376
11.0566
4.21666
7.56442
6.44084
5.9191
10.1582
14.202
12.5204
10.8271
13.4598
13.8833
12.7787
13.2558
6.82981
12.1844
4.95853
11.8868
11.2076
12.8138
13.4363
14.5271
6.29492
8.31117
13.4659
12.852
12.3277
8.76943
7.95311
13.5983
4.55381
13.4095
14.4203
12.6679
10.3516
13.8843
6.88466
9.69603
11.1911
7.98047
10.3115
10.9004
13.6426
8.96576
7.15172
9.48879
12.3139
13.4522
5.8435
7.63231
14.6406
14.1965
5.45339
4.19721
13.9573
14.9205
13.078
14.5199
12.9361
9.79104
12.8667
9.9724
8.90923
12.7659
4.97673
13.6515
9.20715
11.2328
9.15711
14.5814
10.0814
11.0315
10.9053
14.3404
9.01463
9.95684
5.88615
14.4893
10.3879
7.26533
14.7224
14.4815
11.7476
13.9058
12.6988
10.9337
8.14073
11.0445
13.9768
12.5384
11.9616
9.41952
10.0828
9.60127
13.1999
12.3478
12.5966
13.8019
9.76036
11.4894
9.67904
5.98841
11.0978
10.9653
13.5804
13.3009
5.96506
9.62803
10.6016
10.3889
9.75668
9.75828
13.3061
6.15727
13.649
10.5473
14.5062
11.6957
8.19774
11.4915
11.2978
7.41199
11.7979
9.50497
9.58752
8.74388
8.10368
10.4156
13.0843
11.9717
10.3524
10.9188
14.9352
11.1019
10.0949
12.1523
10.539
13.9395
10.072
11.9193
11.5931
12.1582
13.8115
11.5691
14.0137
10.7442
10.7934
10.3959
13.2552
11.759
6.67956
10.3515
12.5685
8.281
5.47689
11.457
13.5582
13.4303
14.0318
10.9935
9.32765
10.0772
9.54109
12.866
12.897
12.9182
4.98439
5.22439
11.4501
11.3903
14.3181
13.5173
11.6559
10.6065
4.68967
10.2387
14.4557
11.6715
9.08236
9.53848
9.8517
6.43166
9.66496
10.761
10.3184
6.71437
13.5009
8.53185
12.7044
13.591
11.1163
13.7862
11.3788
10.2699
13.6068
13.9367
12.2119
9.05153
12.7258
14.9277
12.6301
8.79224
12.9116
13.617
14.1196
10.5199
9.20358
11.9864
8.49159
14.318
13.3282
13.3833
11.2145
12.2459
13.1542
13.9701
10.2683
12.915
11.2287
9.63762
11.6898
14.0437
13.474
8.13801
10.5302
14.5493
9.02262
4.24019
8.7359
10.4493
14.5873
12.9971
14.2767
13.0108
13.1308
8.98815
9.01428
10.744
8.69062
13.486
6.01297
5.45312
10.2261
9.67286
14.0589
9.21322
6.15954
8.91647
13.1062
8.31992
13.4886
6.96715
11.5641
10.334
5.52831
7.82082
14.3698
13.7644
6.30426
9.9769
12.1573
13.0178
9.86155
14.2382
10.6896
13.3436
14.8261
8.98516
12.0558
5.76465
8.04815
13.8653
4.14152
14.093
13.2376
10.9759
13.5367
13.6266
6.40828
14.0167
10.0224
10.5319
5.88723
11.7053
14.5149
13.9101
13.1007
14.0319
12.1324
7.28968
13.4522
13.194
11.8093
13.267
9.14268
8.7981
14.2224
12.4977
13.0684
9.98014
14.8145
13.6079
8.45109
11.2003
13.5809
9.54295
9.67132
9.5174
10.8368
6.68095
8.26778
13.5563
13.3538
14.5146
14.6243
10.011
13.5171
13.3948
14.2718
13.7412
6.08078
9.54953
11.1034
10.1212
7.55178
7.89255
12.6134
9.68482
13.0281
14.38
13.2111
10.7263
5.95179
14.9611
9.2578
14.126
11.3718
9.1958
12.0195
13.024
14.5381
10.3179
13.8417
8.5312
9.18333
13.1616
13.8002
9.56339
11.7201
9.49649
9.98432
14.5689
4.91376
9.63622
9.79195
11.5172
10.9551
14.2559
13.4482
6.33231
9.36931
14.9916
6.4147
11.3429
11.1676
9.58093
11.3687
14.139
13.6127
14.1394
6.02493
8.24769
14.156
7.03181
5.49544
12.1545
14.6889
13.0558
11.6504
13.6062
14.0948
13.4392
7.68214
8.80497
6.3789
8.98271
8.21776
14.9912
11.0084
14.9024
11.2721
11.097
13.3991
11.791
10.9732
10.7032
7.5326
6.57087
12.7731
9.54169
11.0762
14.1781
13.4058
7.54415
10.3834
13.0036
11.9762
9.83324
10.8442
13.6234
8.31498
11.519
11.533
10.2541
14.246
10.54
14.261
14.274
12.3731
13.9566
8.84105
9.68683
11.3986
8.46808
12.1139
12.3346
11.1267
10.062
11.6154
10.0863
14.0859
12.1673
5.56454
14.5963
13.1215
8.02471
14.9417
8.34287
12.7062
4.94649
11.0331
12.9538
13.0747
12.4549
7.95408
11.8614
9.3782
8.91992
9.06276
5.55697
10.8515
13.8592
13.1256
11.0417
11.1779
14.0399
10.7861
12.3814
10.2472
6.1673
13.0089
14.582
4.82761
5.97291
5.42946
6.03431
6.81003
9.4323
13.4906
6.09345
6.82152
10.9038
8.53992
13.7991
8.94275
8.26408
11.0911
14.4176
6.45496
9.52736
11.7446
13.9964
4.39656
6.41069
14.2966
12.5603
14.6782
13.4799
8.94634
6.61029
12.85
14.3584
13.8023
9.12303
5.3285
10.2485
14.8181
14.9821
13.7435
7.94945
11.7157
11.7064
10.5231
12.1438
7.23036
11.7567
8.33523
9.18911
8.97333
12.0869
12.5791
12.4809
12.3104
12.0037
6.69402
7.92445
12.5429
11.4524
10.3109
9.37462
13.4429
12.6756
13.1741
9.6431
10.2162
6.19011
11.0022
10.8024
11.192
6.19276
10.9103
12.5668
12.6691
13.7793
8.80777
14.8392
10.2559
13.6508
6.3933
8.93653
10.2997
11.1155
10.7849
13.6316
11.9636
14.621
13.0628
10.4733
14.4061
9.85793
9.29265
13.6851
10.5816
8.82428
13.6398
6.07309
9.78757
12.7581
10.8343
14.6623
11.1752
11.5856
6.83486
14.0673
12.6049
13.3912
14.4509
10.8247
12.9211
9.0889
11.7916
10.4897
14.3304
9.66638
8.17042
13.107
11.6873
13.6574
13.7091
14.924
12.7828
13.0464
5.48531
12.488
10.8844
11.0246
8.46093
12.6222
14.4389
13.0463
6.08415
12.3759
9.72151
7.86994
11.8827
14.6794
13.9403
8.45584
14.7714
14.574
9.01954
10.2086
10.3518
11.3497
12.9582
5.3815
10.1344
12.2446
6.20102
9.198
10.36
10.2617
9.80422
6.37193
13.3349
11.0863
14.717
12.2619
10.7107
11.9888
11.5994
8.52704
12.0265
10.248
11.5405
8.76523
7.92934
10.4108
13.1647
9.27121
10.5904
13.5646
10.714
10.8709
11.1054
5.65869
14.2435
7.34766
11.3267
5.85875
13.1335
11.3222
11.9506
11.3585
14.9378
14.2445
12.3182
10.3766
10.8537
8.22599
7.13897
10.7154
6.69871
14.8313
14.987
4.7792
11.981
8.33319
9.64549
11.5357
4.96221
5.99405
12.7117
10.2655
9.03171
12.1668
11.9515
11.1106
13.9258
11.7009
8.286
9.52923
10.7511
10.3368
13.0408
14.6318
13.3159
13.0473
13.2867
11.1428
11.4468
12.3097
8.15424
10.9681
13.4404
12.0195
12.4721
10.7443
13.1939
12.2112
10.5628
9.89271
6.53222
8.14424
10.5392
11.8741
14.9897
11.8946
10.8335
6.60388
9.14367
10.1089
11.5717
11.1417
5.34278
9.4128
10.9574
10.2414
13.4024
10.2105
14.2109
12.3959
10.472
8.98789
12.3789
14.892
8.52544
6.82338
11.3641
12.0299
8.43887
8.59668
14.2029
11.8591
8.83834
13.7774
13.0467
14.6648
11.4682
10.3491
10.5806
12.4234
10.678
14.1724
13.213
14.5269
9.33831
14.0219
14.2019
7.60237
13.5869
12.2389
14.9206
7.29247
9.98904
13.7505
9.96984
13.4748
8.67941
13.1832
9.61918
13.3456
13.23
12.4112
11.7392
12.5413
12.1297
13.8638
14.964
8.92971
9.95476
10.3258
13.5086
9.66971
10.0744
10.3893
8.09076
9.46781
11.4245
13.0234
8.43514
7.01927
13.59
9.8091
11.2665
11.8219
14.9526
9.89393
13.5554
12.3383
11.2081
14.4463
14.3604
6.31931
10.8256
11.3293
13.9779
12.9608
14.7094
10.6627
12.9394
12.3351
13.9816
12.5408
9.41846
8.78569
13.3611
8.54522
11.2665
13.4187
4.17959
9.09009
6.43711
9.2567
9.54641
14.6525
10.5701
14.9036
13.7258
3.86342
10.1246
7.20455
11.5971
10.2407
13.3219
11.8503
14.6419
11.0759
13.3296
10.4998
13.8178
4.15021
11.049
8.56866
8.89535
11.8933
8.67861
8.07207
12.605
14.6868
8.96149
8.95137
12.6024
10.7171
14.9976
11.543
12.8749
8.79598
7.53567
9.87812
11.3384
11.712
13.3936
10.3838
13.2862
12.9097
11.8525
10.5298
12.0278
14.9904
13.2716
12.1642
8.25436
9.56434
6.8198
10.2195
5.41066
13.2082
8.12631
11.461
14.4386
10.1424
12.66
13.551
8.05741
11.5373
14.209
10.1903
13.0554
12.3605
9.2228
10.3943
9.14233
10.2499
9.85098
8.16108
10.4316
14.5521
9.39368
14.9008
13.8931
14.1732
5.66458
10.6433
11.8358
11.437
9.94005
12.3515
8.55914
10.0826
13.7765
8.86446
13.7053
13.6468
9.85588
7.94784
12.8661
13.1446
11.7324
12.4683
13.1549
11.9421
10.4459
12.3551
10.0968
10.4289
11.0677
12.3052
14.4532
13.4604
11.3821
8.57498
11.414
8.25975
12.4185
13.5734
10.3521
4.46936
11.5976
14.3811
14.5801
11.742
11.0463
10.4839
5.06583
8.59606
14.1784
11.8862
13.2302
10.1608
10.1607
13.0063
12.8062
9.48987
14.3952
11.9164
11.369
10.6813
9.61537
11.3901
12.3969
11.4743
6.16336
13.3236
14.9189
10.1943
13.944
13.5497
11.2482
12.9659
12.5971
12.0211
11.0315
14.4518
12.0389
11.3006
14.5644
12.6612
10.1575
11.5903
14.1264
14.6704
10.5413
8.4269
13.7384
12.2934
12.2275
11.16
6.21625
13.0556
12.9927
14.9763
9.88543
11.144
10.1027
7.66507
12.1498
13.4819
8.24696
13.5942
6.56387
8.41153
9.9232
12.2487
6.11891
9.66136
7.96332
14.5224
13.0218
4.96059
8.92034
9.0538
11.9844
12.685
13.621
12.0353
13.0614
13.2868
7.21121
12.1091
6.83597
11.99
5.91066
12.8132
11.2176
9.36131
13.5848
9.95829
11.1569
14.8031
13.5819
5.63149
11.5537
13.55
9.14184
10.4906
14.8939
14.1697
12.6593
9.65336
10.0098
14.2652
13.4403
14.2426
12.2465
10.474
12.1014
13.2241
13.0004
12.8894
12.3204
11.6685
11.1719
13.1698
10.7324
12.8203
11.5989
8.08995
12.7795
10.3621
11.6354
6.01879
13.563
13.7577
12.0456
14.6238
10.9833
9.65755
4.32934
10.3701
8.04118
14.4795
13.4954
12.4624
14.8235
12.3476
5.76438
14.2871
4.63135
8.42564
10.2232
10.1713
10.3389
6.91639
4.50193
11.4532
5.86129
11.9508
8.38734
10.1085
9.58001
13.3249
9.64038
11.5957
13.473
11.3301
10.4647
6.35674
9.39696
11.9494
14.135
10.595
10.5228
11.4522
11.1679
10.6444
14.0164
9.19985
12.03
12.98
13.719
10.7946
8.40104
10.025
13.8956
4.80529
10.6976
13.8283
10.6892
12.9869
6.09565
12.9223
14.3006
14.2624
9.99687
11.8006
6.722
9.64246
6.8484
14.65
11.8398
8.70595
10.6066
10.4631
10.975
13.8001
12.024
14.9753
8.35018
9.17388
10.3573
11.6573
9.74923
10.591
9.53468
6.11899
10.3826
8.82607
13.3625
14.4611
14.8509
13.7368
14.7976
12.631
12.3743
8.20545
13.3609
5.76093
10.4504
10.6038
9.76482
13.4086
14.6857
10.6451
13.3998
12.6049
9.84634
12.4427
12.0429
9.13644
9.74051
8.84709
6.22827
14.1939
11.3156
12.3376
5.74182
8.36341
12.2294
9.2957
7.54448
11.2753
13.4989
11.6672
6.21049
14.66
6.27765
13.6695
7.60608
13.0669
14.6337
5.76477
13.1712
13.338
8.53453
10.415
8.10606
9.4867
11.9421
12.5427
10.019
6.72225
11.1673
13.3787
8.25212
12.9217
10.4581
14.3048
14.4157
14.8182
10.4459
7.80738
10.1999
8.89797
7.83911
6.35692
10.0202
11.2589
13.5483
6.09919
10.2172
14.8572
9.24506
14.6479
5.43309
6.95277
13.7192
10.5845
10.3502
6.03601
9.59553
9.59572
9.57923
14.6932
13.9622
8.47261
9.96355
14.5269
13.9235
8.86521
11.7754
11.8282
9.91314
7.75594
14.4059
7.25705
8.54228
10.8344
12.832
13.9478
14.6025
10.9927
10.6948
12.8132
12.829
14.9433
13.2807
10.477
14.2077
13.6963
13.1873
7.98539
14.218
12.4371
12.4557
13.1027
14.7937
8.12623
12.3853
12.3953
4.51822
14.7766
12.1433
11.4691
13.9166
5.61976
12.3421
10.7592
12.4024
14.6967
8.17602
10.0623
12.2795
9.50076
5.44007
8.58873
8.57234
11.5696
13.6216
11.2881
7.68175
9.84216
10.8428
8.19333
9.84665
7.70935
9.51162
10.136
10.8131
7.79083
11.9981
14.6595
9.00306
8.93975
8.77491
14.3016
10.1892
14.9672
13.5988
14.8733
11.845
9.02598
13.9285
13.1828
12.1631
8.95219
14.743
9.94496
14.9848
11.5721
14.8891
11.1933
14.9924
12.6758
10.7753
10.0042
12.4038
14.6653
6.26822
11.8396
7.45081
11.5315
14.1657
7.45769
10.3712
6.27524
14.2637
8.49139
11.2921
9.86927
13.2619
8.12378
7.66502
12.5052
14.196
12.483
9.67226
13.5062
14.0327
12.1817
11.529
10.8902
10.1414
10.0209
9.55928
6.08052
13.6902
9.18714
11.3739
13.0214
9.26496
10.4972
8.42571
8.53959
8.66096
13.3904
9.82674
6.42292
13.5554
12.8734
11.5077
11.8163
14.3291
13.4857
14.357
7.13329
14.5604
13.5707
5.43551
11.137
5.95198
12.3837
14.5708
12.8105
13.8306
10.6799
5.71092
8.78113
14.1171
11.9461
13.6049
12.2731
13.7547
13.1819
13.2149
14.864
13.7926
9.27326
10.8381
8.99966
11.8245
10.7994
10.5512
9.85112
9.19033
12.7288
10.2655
9.58639
8.50931
13.5952
9.01828
11.4604
13.9909
10.0985
12.2093
12.5723
9.89242
11.3596
8.35951
11.6173
14.6985
9.48145
11.8137
12.7752
10.6408
11.7434
5.71313
13.1815
14.5811
14.6741
7.67294
10.9569
12.7851
11.4379
8.09761
13.5605
11.1699
13.5388
12.4781
8.80708
14.0647
5.82257
9.86822
9.87888
9.43296
13.832
9.22596
11.6302
12.8644
8.20327
14.2455
8.76717
10.1774
11.3905
14.1584
9.22017
11.4748
5.4415
12.9496
14.5466
10.8697
14.3843
8.71182
9.15474
12.2001
12.5438
13.509
14.2369
10.2018
10.2571
14.9683
13.2379
12.1571
13.1703
13.9873
8.19296
11.2283
8.76535
5.64325
6.06461
10.3276
13.5324
8.62843
14.1897
14.5611
6.66491
13.7476
8.70421
10.4663
12.6767
13.3967
13.3402
13.8354
13.3573
13.7753
10.0901
13.7235
13.3628
13.8421
12.652
9.73111
14.4039
11.0718
12.6019
11.1963
10.53
5.81743
4.93933
11.9642
11.7744
13.4715
13.9148
14.9532
10.4739
11.557
10.2166
13.1444
10.6483
9.71098
14.57
12.7814
12.8508
13.2066
10.0435
9.13093
10.0545
11.7897
10.3635
14.167
10.724
5.35261
8.28116
10.2264
14.1836
13.4996
10.6632
13.0597
12.7579
13.3787
14.6091
10.8884
14.4959
8.67964
7.9467
12.4087
11.1602
10.9927
13.1406
13.3135
11.132
13.4071
7.8415
9.37246
11.9062
10.5407
12.1066
7.44113
10.8938
9.35127
13.8185
8.8393
6.59885
12.7783
11.7111
6.9816
11.0614
14.1755
8.28341
13.2857
12.7981
4.69828
10.1872
9.63746
14.3337
8.73888
12.166
11.8505
12.3131
5.2019
10.8046
14.2121
10.4201
7.99857
9.71148
9.80384
14.5883
14.6938
6.79756
13.1136
11.078
8.17615
9.89596
10.3863
14.9562
13.679
10.0739
8.11232
14.1901
5.50325
9.84409
10.9026
14.8423
6.38945
11.9871
10.6297
10.5053
12.2211
5.62917
5.90103
5.35062
10.772
12.646
8.68305
10.4367
9.47451
7.32066
6.86663
13.3953
14.0974
9.6183
14.9948
10.4114
13.154
14.0009
13.7339
11.8977
14.6077
14.7062
5.15852
12.3246
10.9134
12.2853
5.53781
8.77293
14.9231
6.88944
10.139
13.3633
10.2824
13.578
7.2575
10.4787
9.6417
11.0168
4.70017
13.0528
9.27434
10.9632
12.9686
10.0834
8.82771
12.9686
8.8795
5.82933
9.69218
13.742
11.7337
7.23712
14.8892
13.7575
6.88388
11.7643
10.2771
13.204
10.1059
12.4765
14.9771
6.32721
13.3134
11.9567
10.4269
9.76722
5.73902
10.5039
11.8909
8.84414
13.713
14.2146
12.7499
6.04962
8.55906
11.8519
14.4223
14.6114
12.7568
11.8451
12.2571
9.70358
12.226
11.8164
11.8148
5.57713
12.2082
7.41184
11.2067
14.2541
11.5695
13.8208
11.0081
11.6296
10.1868
10.6448
13.1522
13.1063
6.90631
10.1742
12.8714
14.3666
10.1371
9.16594
11.5809
9.62668
13.9058
10.181
11.9924
11.5748
5.49148
9.06356
9.45415
8.75777
10.2491
9.0379
10.2648
6.48301
10.7747
13.8233
14.0246
13.1846
5.87834
6.40276
12.2182
6.56607
7.95466
11.6497
11.8033
13.9978
12.1757
13.4946
8.56844
11.5473
10.9506
13.878
12.8253
14.9094
8.13209
9.26227
6.23367
12.3881
14.8514
8.64513
9.82036
10.1902
11.0118
10.8681
12.7375
13.5176
7.28831
10.1869
12.3248
14.1119
11.3412
12.7042
10.5858
8.42362
10.1463
13.6581
14.6615
8.06232
9.42773
12.3363
13.5799
13.7155
13.6552
14.8066
8.60656
12.8443
14.7921
10.8819
13.9079
9.27061
9.33772
10.9692
8.79203
12.3773
14.6807
14.1059
7.44015
12.2626
8.2805
9.46089
5.95465
8.55846
14.1515
5.84533
11.8904
7.94636
13.0087
10.1533
6.94367
8.83033
8.44797
12.4342
6.61927
13.1819
10.2419
8.83082
6.32821
9.57626
8.4165
13.0653
7.41961
9.41281
12.8288
7.726
12.482
12.147
10.0597
9.42082
9.37507
13.623
8.50802
9.72336
14.1369
11.6176
10.8595
8.01783
14.888
11.2453
10.0054
6.13325
12.0146
14.7871
14.0886
13.0569
11.8094
8.26801
5.17681
14.4433
5.83284
14.0384
14.64
8.27386
12.6288
12.8102
8.90999
11.9384
14.2878
10.0017
6.34288
11.3911
13.2833
8.41172
13.871
14.3828
10.6612
10.6809
13.2349
8.87167
12.6142
9.93207
8.2767
12.9736
13.8334
7.65227
11.2095
6.95731
10.4329
10.0955
10.0942
10.3357
9.7181
11.4947
13.3139
13.3013
10.5499
12.3634
13.1501
10.1708
6.02379
10.5146
10.423
12.8112
7.6657
9.65393
9.72769
7.17384
14.6936
12.4143
7.96451
10.5396
9.9672
7.62726
6.51253
13.0296
12.2777
10.1366
10.4765
12.3869
14.2319
8.97196
12.3311
10.3651
6.39183
8.9255
6.88279
6.08677
12.6881
9.77772
12.0333
13.9298
11.4609
6.42487
5.58577
12.1354
11.5649
11.6853
13.7963
12.2308
12.648
14.4046
14.7531
12.4426
9.50721
9.05369
12.7098
11.4928
13.9708
13.4879
13.6311
14.0322
10.8942
10.417
13.2609
10.4138
13.7939
12.9588
11.59
12.4391
12.9118
13.4913
9.71682
7.12957
12.7175
10.7742
4.80489
6.80758
12.7576
10.8484
11.645
12.5705
14.6691
9.54098
13.6069
14.3912
12.3378
13.635
13.9736
13.0323
6.35053
6.99399
6.7553
13.491
8.51908
9.9435
6.03629
8.70383
7.34893
12.4868
9.98415
12.7296
9.89916
13.166
13.7968
9.91705
10.6965
8.0111
8.88125
14.5343
6.13919
8.71025
13.56
13.8708
14.5653
11.3641
6.94249
7.98458
8.85537
5.86709
11.2564
8.44114
6.2733
14.346
13.4386
10.5408
10.1093
11.2864
11.5272
14.8748
10.0729
6.26348
5.85109
8.51732
5.99738
9.31501
13.9267
13.9959
12.9098
9.87051
10.9422
6.11532
9.01308
13.6606
14.8074
7.59964
14.3319
9.88034
14.6063
6.06109
12.2103
14.3106
14.1367
5.21914
13.108
13.7294
7.81437
11.5919
13.8584
13.1193
9.50238
6.40343
11.9302
12.1745
9.93346
7.00166
8.57503
9.72178
12.6336
12.3347
12.7514
9.16482
12.6544
12.9587
13.6329
5.35418
8.12842
14.1431
10.0382
11.3374
10.7572
11.2473
11.3689
13.6439
9.26208
9.91512
5.5833
8.61349
12.1763
9.71483
8.32725
10.8017
14.028
8.4717
14.0435
9.89992
10.3515
12.2969
8.92744
12.3905
10.4907
12.7016
12.0454
14.7687
12.9271
10.2835
14.2937
13.4019
10.7901
11.8218
12.4244
10.8845
11.1506
11.3438
10.8443
12.0603
9.14028
10.4088
6.92874
9.23103
14.222
11.6859
11.8761
14.5027
14.7281
9.57615
11.0497
12.056
9.48447
14.0673
9.92262
5.92877
9.50016
5.49894
11.741
8.60498
14.7488
14.48
5.99017
5.95048
14.1353
14.7481
8.63314
5.50557
5.56892
9.15605
5.71716
14.2409
10.7708
12.3468
9.82366
10.3045
8.29013
12.4288
14.0806
8.19717
13.2408
4.79677
11.1761
14.4461
5.8293
10.3195
10.3971
14.7214
12.5778
11.6704
13.5701
6.33767
10.2171
12.6632
9.16425
10.567
13.4419
14.5515
10.389
4.65602
13.8711
13.688
14.5712
10.2682
14.832
9.39353
10.7334
14.0248
9.49484
11.3704
12.8161
10.3542
12.5809
12.3883
7.67873
10.2922
14.2068
5.52194
8.51173
11.0881
14.4203
13.2553
13.1601
14.2348
5.97652
14.5715
13.9122
8.50163
12.4996
6.1715
11.2608
8.06564
9.98575
14.7591
13.8508
12.6573
14.9418
11.5503
13.2569
8.35594
8.78567
12.9577
6.54622
14.8
11.8075
14.0677
8.9423
14.5386
13.9212
10.4903
10.8713
13.2134
10.2477
14.5553
11.7375
5.62919
7.85748
13.1911
11.296
10.9594
11.4583
10.2104
8.73486
11.8137
8.45967
9.91809
14.6677
11.8282
12.9987
13.0658
13.2323
14.5393
10.2163
8.66354
12.307
11.3348
13.0071
10.7438
14.4661
13.2902
13.0151
9.69311
9.72486
13.4076
10.3777
11.8442
13.1247
9.92756
9.88974
13.3121
10.3596
12.9938
12.5387
11.9656
13.6113
10.0875
11.9388
8.92824
13.4903
11.5159
6.10663
13.4028
10.0945
9.38004
11.5497
11.0714
9.27598
5.96898
14.7653
14.6298
11.135
10.0297
12.8708
14.3267
14.4678
8.68929
12.2592
10.23
10.9457
5.66339
8.10793
5.47314
13.828
11.3125
9.46242
12.9905
14.9786
10.6455
14.2874
10.6125
5.81416
14.4454
12.2608
14.5353
8.14953
12.2342
8.71772
13.8504
12.7277
5.8661
12.5442
9.4085
9.88565
10.544
8.78097
12.6355
14.1371
13.4149
14.6806
11.1211
13.8756
5.56097
11.4778
10.6141
12.3527
6.07232
8.83328
6.36053
9.66622
10.0999
12.0788
8.93399
14.2433
14.8565
14.1061
14.7403
14.9806
6.52235
4.68842
7.70215
5.88978
11.8685
14.5671
10.5195
12.7953
7.46939
7.86969
9.37177
13.6774
12.5257
14.7688
8.48623
8.97726
12.7271
10.7381
11.5263
7.8214
12.0294
12.3012
8.35207
13.4172
6.33273
14.2335
6.05138
13.2358
9.35243
8.93598
13.4896
9.91502
9.51395
11.4336
14.7656
9.98715
4.70517
9.01933
8.90816
13.4213
4.9475
12.4675
12.453
7.06585
13.0259
9.37712
11.8879
7.71178
8.50192
8.69343
6.35628
6.5933
14.1204
14.0654
6.34868
10.1536
10.0138
9.5913
11.0926
14.6619
10.9889
10.4611
13.7817
6.82721
10.5191
5.57001
8.87579
14.7305
14.5234
10.6952
8.90884
6.04635
12.9255
10.9298
14.4743
9.65102
6.27496
10.3894
9.85583
14.2362
9.24119
14.5485
14.9208
6.43496
10.7001
8.11978
10.0284
8.48335
10.6953
8.24572
12.0372
10.2226
10.6575
8.65725
14.2545
12.1446
12.6991
13.223
14.8239
10.0313
9.33844
10.5585
9.88732
13.0878
12.0672
6.0901
14.2078
11.5511
8.39722
13.3283
12.1599
10.8406
9.61442
8.45034
13.0785
12.0112
11.4237
10.6071
11.2643
14.5545
12.7403
8.66655
14.2345
8.78855
11.313
13.836
10.7473
14.3403
10.7619
13.5653
14.4259
11.3226
14.4557
9.5862
12.8752
13.1212
11.9407
13.7594
14.6937
12.506
6.3322
14.2825
10.6765
14.1298
11.9754
14.6297
9.23133
6.46061
10.4327
7.32493
10.7167
10.8181
11.0342
8.73482
10.9317
13.0724
10.575
11.2904
8.99611
7.9287
12.2173
9.69952
9.20701
10.0902
13.9958
14.6895
10.1136
14.1166
13.1692
12.7406
11.0335
11.1929
11.953
13.6274
5.60878
11.6378
14.8825
11.9872
11.8097
7.95624
9.92018
9.9242
10.7099
8.98327
14.7188
8.64874
14.2258
5.91325
9.67068
13.7791
8.59243
11.4618
13.9459
14.1075
10.9678
11.4853
13.4086
8.78889
7.2372
14.9106
14.3531
11.8401
11.0165
14.2806
6.03367
10.9343
9.21431
8.57872
8.27249
10.5071
10.4913
11.2841
10.5805
13.1138
12.0349
14.6025
14.5104
10.9259
6.77026
5.93751
11.6422
14.7336
6.18202
12.2286
5.79002
9.91008
9.78647
12.9676
9.35472
14.8957
9.96647
13.2249
8.84652
14.8562
9.34351
14.0449
10.0442
8.99668
12.1312
8.95391
14.7772
14.5237
12.594
5.67296
13.4661
10.5802
6.57611
9.58429
14.5436
6.80038
14.2106
14.3389
13.7643
12.4601
6.3109
12.3232
11.5427
13.0478
10.6131
13.1256
10.2997
14.7089
8.63871
14.0089
8.98308
14.1718
11.4105
9.40222
12.4939
11.2828
6.29354
11.9359
10.1823
13.3961
9.86523
6.65407
11.37
12.1738
11.4489
8.53049
6.01234
13.2952
12.6025
8.12391
10.1381
10.5258
9.111
13.1619
7.52274
4.81918
8.5005
7.88476
9.88921
12.989
8.49561
7.67194
13.9361
10.9199
10.4981
11.4783
14.9203
14.028
7.25984
9.26706
13.9924
14.9788
9.18738
11.7342
11.1923
10.6511
6.90145
9.74967
11.8221
13.3667
10.9461
10.5244
12.9977
10.9298
12.9001
8.04323
13.8439
14.0694
9.71329
13.7508
8.20158
11.7137
9.34334
14.5115
12.69
10.3522
9.42877
11.5677
11.0842
6.87451
14.5785
10.9714
13.0341
6.57821
13.6735
7.22722
9.21298
12.7338
10.3454
6.61556
12.658
10.0726
7.40761
6.05316
8.78921
9.21836
14.4208
10.0478
14.659
7.00013
5.86693
13.557
10.2893
5.638
4.42419
5.36925
6.25526
11.0187
9.69693
14.3277
12.5161
9.20769
11.5489
8.71364
4.40837
9.91052
10.3203
5.69982
10.4652
11.9847
11.3957
12.132
6.33556
8.6945
14.226
12.3255
7.75504
14.9333
12.4031
11.417
10.01
13.0869
12.1841
14.7706
10.1819
14.3979
6.29911
13.3994
9.57287
14.3686
8.95227
14.8799
12.7154
10.5464
13.5803
11.8686
7.77956
13.2059
14.2469
14.8684
10.8546
13.9291
10.215
12.2498
12.7756
14.1548
10.5693
13.1451
11.8914
10.052
8.71378
14.0012
10.813
11.0269
10.8732
12.3619
11.8637
14.5915
14.4181
14.8824
8.79368
12.2321
14.5744
7.64187
13.836
9.12463
12.3225
14.3053
7.96975
10.4664
11.5611
13.482
14.4063
5.44745
11.0222
13.2276
12.3975
9.87489
13.3112
13.8014
11.7504
10.2349
5.34854
14.6834
11.842
13.6344
13.0642
14.0522
7.37566
13.7919
9.0137
11.3244
10.9081
9.8627
12.771
11.3162
9.51458
8.4778
13.5731
12.7411
13.4664
6.19059
12.2648
10.3319
14.9984
13.4096
12.595
13.2247
7.0816
8.77926
12.5872
9.8018
13.6524
12.4374
14.7229
8.47159
10.5837
13.1833
7.02555
13.6637
14.1726
9.82089
13.135
12.2464
7.07638
11.8568
6.43112
9.72577
8.72445
13.1895
9.21373
12.0984
14.8138
6.15436
8.63031
8.78246
10.7648
13.3734
10.7699
11.8279
12.1593
13.9557
13.5358
12.6429
13.9839
7.21075
11.3541
14.6107
10.0234
6.76579
14.3838
8.89786
9.63108
14.0368
10.9942
10.1638
9.3288
8.10006
8.40193
14.9177
12.1744
14.4803
12.1165
6.89243
10.191
13.4149
10.3463
9.9888
9.83965
8.27165
7.91554
6.22988
12.4933
12.8
14.1522
9.47277
11.5354
10.2957
5.55409
12.202
14.3068
10.3768
12.3462
10.7904
13.9473
9.97019
10.2001
11.4754
14.1701
13.268
13.2572
11.1491
10.5953
12.8626
13.3625
12.2284
8.08953
13.3676
8.37581
11.6385
14.4578
13.6482
7.56002
11.2953
14.1399
10.1937
12.4089
11.091
13.6671
12.4144
11.6638
14.4385
12.2103
14.2166
13.2641
5.81682
8.4125
13.9796
14.5242
14.7873
14.2894
12.0676
12.3248
9.62259
9.59938
14.7147
13.2935
13.9791
8.57343
13.5171
12.8859
10.1297
13.1651
10.9198
11.2344
13.3671
6.76276
11.1584
14.55
11.2001
9.07372
14.9728
11.5377
7.5768
13.2962
8.3033
14.5134
10.9689
13.2864
10.4749
13.9147
10.5511
10.5528
8.54963
5.34586
13.1135
14.5353
9.32955
7.24834
9.62618
13.1982
13.795
8.12212
10.5722
12.4333
11.9421
4.9626
12.789
11.8053
14.8974
11.2737
12.4899
8.92358
13.7612
9.72798
13.8568
14.2014
5.40687
12.6998
9.68632
12.716
10.5726
12.642
12.0916
9.45352
7.00011
10.0013
9.91456
13.0352
14.6881
12.8254
5.38926
12.2367
10.1649
12.1185
11.4801
6.73057
12.4611
14.0064
13.2304
9.59849
9.6893
10.6001
14.7297
9.75009
10.5004
14.1534
11.4277
8.10937
10.5324
10.9465
10.4961
12.7875
13.2098
8.43402
10.4963
14.2704
5.95817
7.08916
7.1489
7.44363
5.79095
4.7213
11.8362
14.7009
14.4533
6.63027
5.57367
12.4515
11.2826
12.3002
11.775
13.785
9.35558
14.2872
10.3322
10.7141
11.4785
12.8737
14.8677
6.04091
10.3518
11.3994
7.74553
13.5248
14.9355
14.7626
10.3137
5.50529
9.92705
8.96231
6.6768
12.1124
11.7352
8.67383
10.0962
14.7469
11.7323
8.80226
10.159
11.9115
10.5963
10.4963
12.1989
7.6968
10.6298
9.71192
11.6648
10.429
12.6602
6.81294
9.70529
4.37039
9.45691
13.5379
10.368
14.0884
8.83169
9.4249
13.5009
8.6047
13.8475
6.69195
13.8293
8.87385
9.47911
12.156
5.45897
14.9778
12.7732
12.4362
13.1005
13.6555
7.35848
9.78373
9.76136
5.86188
9.31779
14.7407
5.94534
11.9518
10.0652
10.7508
8.89686
13.934
13.3566
7.34717
11.5639
9.94649
10.3256
12.5985
13.0872
11.1339
14.1221
14.5368
9.94465
9.75545
11.4451
10.6498
6.45643
8.87039
8.90167
11.3526
13.8964
10.2769
10.789
6.86236
14.3325
8.31748
8.81208
11.9054
10.5453
9.1138
13.6517
11.184
10.4629
7.76812
10.6529
10.9071
9.76257
10.0879
11.484
10.9823
9.36249
10.3958
10.3219
12.0952
10.8646
5.92891
7.7001
8.34371
11.7745
12.4815
14.0254
14.058
12.4026
12.3308
13.2654
12.6293
11.9068
8.06614
10.0188
13.996
14.0001
14.5845
14.4304
14.8288
10.9643
12.8235
6.8575
11.0195
9.48327
11.6068
11.8377
13.7095
11.2089
14.9739
12.6886
7.60554
10.6071
10.2103
14.9376
10.5947
8.62898
13.7775
12.4073
12.6055
10.9424
11.7978
11.9853
13.9321
11.5862
14.1645
12.1729
10.1399
12.5737
13.1627
13.3525
6.64794
14.1146
8.30682
10.8197
5.78336
9.57261
8.28405
8.61449
14.3396
14.1699
14.6968
13.7463
12.8583
9.13391
7.5067
12.5672
10.7233
11.9268
4.4697
12.7195
12.8745
11.3078
14.6639
13.2367
5.15415
10.5179
12.9931
5.622
9.15648
11.5892
11.7602
13.1789
12.3719
10.7831
9.87746
11.9053
5.96078
13.5588
9.14081
13.0073
13.7161
14.3247
11.4349
9.93432
11.7516
13.8124
12.9429
11.6123
6.22838
14.9183
14.8192
10.7565
8.61229
13.6061
10.9655
12.184
12.4769
13.9871
14.8277
9.4343
11.8457
13.0346
10.0212
9.86365
6.20142
14.245
9.84434
13.5719
10.4641
14.0164
8.93625
6.22448
11.5383
13.5644
9.51202
9.98896
10.0778
13.3162
5.44456
11.6085
8.20205
6.38564
13.1261
14.6557
9.11037
10.0826
13.053
12.4357
10.361
14.6916
14.5542
10.4392
8.69181
13.3595
13.0688
9.00468
12.5801
9.07237
12.8174
5.78709
13.3255
10.0272
7.5655
10.6025
9.85727
14.2151
11.8717
5.93477
6.21441
10.4839
14.735
12.5015
13.7979
10.3028
12.0207
14.8022
11.4282
14.2507
13.9818
10.684
14.1181
14.6816
9.44979
10.9291
7.536
8.02089
11.9817
10.0301
10.8848
8.25124
7.68126
11.9164
9.67728
12.199
9.28827
14.5304
10.4783
13.0211
5.15342
9.28465
9.30106
5.34987
13.684
9.74797
14.69
9.31336
12.4732
14.6194
13.7443
6.44394
11.9062
9.92775
4.56521
12.6052
9.46126
7.89456
14.812
5.34063
5.94968
13.2468
9.08886
9.55191
5.74461
9.94398
11.7625
11.2252
9.78468
10.4549
11.3424
8.34266
6.57405
11.9156
11.2749
9.7837
14.4827
13.7539
14.2443
5.74639
8.54705
9.21107
8.63089
13.5823
6.18986
10.141
11.9275
9.38431
14.7324
10.2935
11.0092
13.3077
10.9471
13.4189
13.0053
13.5276
13.3511
10.4275
14.6126
8.38436
10.8406
12.21
14.3418
5.87438
12.1034
13.816
10.6266
9.75606
14.9613
8.48109
13.3105
14.6104
13.1763
5.87658
14.1685
13.5076
9.88477
13.6243
14.7794
9.58007
6.5494
10.6796
10.6782
11.8479
14.06
5.88073
8.12048
6.16082
12.3703
13.3889
13.9265
14.0691
12.3536
5.12474
9.04579
14.0084
13.9066
6.16518
8.3048
10.7215
9.80463
14.2103
10.2139
13.2019
12.3194
12.7643
13.0914
11.1943
14.6557
11.6374
10.008
14.2553
9.50567
12.9478
12.0637
8.25921
12.316
12.5707
12.2097
8.65541
6.27242
13.9879
11.6827
6.04934
7.76054
12.3956
12.3084
14.5218
10.5677
9.68671
10.9992
10.9867
9.32763
8.84416
12.4965
12.4479
14.1129
12.5967
14.5393
11.135
10.6498
12.9474
9.73017
11.5101
7.89964
12.6721
9.3793
14.0607
6.48739
8.87322
11.2101
4.63565
6.13547
7.15429
10.4818
14.4185
8.67962
11.6576
12.3465
10.5856
8.72155
8.08013
14.55
10.6558
14.2043
10.2031
14.7342
10.8292
12.6491
13.2483
10.6173
9.83883
10.0236
11.3834
10.6313
8.95067
10.8236
4.73079
11.9542
6.00871
11.8818
7.4302
14.6614
9.92265
10.2504
10.8675
12.7957
6.23393
11.3872
8.3845
9.67896
10.1619
13.17
6.47568
10.075
10.2914
13.2148
8.87063
6.31028
9.4926
11.5639
13.8167
13.8839
12.9894
6.71819
14.0629
12.2369
8.45509
8.90813
6.11838
11.8391
12.0768
12.0645
11.3965
14.8909
13.4935
13.7206
13.5369
6.22004
11.363
9.68105
9.02157
11.9861
14.3413
9.16791
13.6901
12.221
14.1574
13.2418
11.1905
14.3032
11.0824
11.6676
10.6524
11.7736
8.68731
9.54587
11.3843
10.5332
7.26417
6.98316
11.0536
11.4387
9.51309
14.5505
9.7722
14.1413
14.1987
14.9942
12.7409
13.1746
13.2319
9.98841
8.52511
10.7518
14.7771
7.82977
13.6036
7.37437
13.2832
9.1235
12.1208
11.434
9.73976
12.7082
14.0111
5.8649
13.8428
12.0823
14.4743
13.5027
13.5831
8.94983
13.4378
12.7744
8.18859
11.1207
11.3027
10.1785
9.06463
8.97707
14.5038
10.0386
6.88664
7.62058
14.7053
9.15871
8.96006
11.86
13.2627
8.22774
6.23516
14.6044
11.2198
13.2609
13.9649
6.88668
13.0895
10.0114
10.2928
5.87787
8.96947
10.4929
14.0666
11.4565
10.2532
11.3675
8.74087
13.3416
6.52314
10.7991
7.35213
8.55637
11.3968
14.9356
11.7296
5.36011
6.72009
10.4642
12.731
8.78186
6.0757
9.68185
10.8936
10.5356
12.2625
13.9309
5.18621
11.0223
14.0695
14.826
6.49424
7.3814
10.1798
13.5678
9.19555
12.86
6.37399
11.3716
8.94153
13.7544
14.5217
12.9548
8.25371
13.075
12.216
12.885
9.49792
12.6124
10.562
9.85829
6.27003
11.0003
14.076
14.8895
9.58987
7.77485
10.4975
13.4579
13.5705
14.5639
10.0762
11.4716
6.19139
10.9103
14.836
9.27965
12.1383
9.47263
11.5015
11.2417
11.9482
8.00857
13.4611
13.4133
14.1109
13.9379
10.7033
14.4113
10.2105
9.43266
11.952
10.2884
6.27616
5.81931
14.4794
12.5374
13.0495
14.9612
12.9837
10.9031
14.422
12.0401
14.9949
7.30676
9.21856
10.5801
8.83736
10.1791
5.65016
10.4869
9.80022
10.9885
9.66246
10.8007
7.28242
13.8498
13.3381
10.891
13.7091
11.1508
12.1248
10.5609
12.2656
13.7316
10.5819
14.4522
12.3044
9.60846
12.3557
8.89069
14.2541
12.7723
14.7738
9.03197
8.8651
11.0234
10.1566
14.0262
13.5809
13.9157
8.75353
6.13435
5.58471
14.1741
12.1164
12.2295
14.3243
9.25631
9.3505
11.2206
8.93429
10.4744
10.5624
10.2428
13.5098
13.3292
8.7237
9.35753
12.3708
14.4377
9.10665
10.2005
8.21471
8.85446
9.62732
12.2541
12.6566
12.5787
13.6718
9.10679
11.9598
14.9248
10.3967
5.43278
8.50718
11.1404
9.26537
7.03643
6.37149
11.4762
12.1667
5.56676
13.2051
12.6535
14.1928
5.23404
11.8603
13.8309
11.9158
12.6449
14.0354
11.2367
14.3248
10.7056
6.58421
11.8543
8.94707
13.8513
12.2338
6.2827
14.6616
13.6911
6.09165
14.8729
14.7679
9.92998
5.46872
5.4805
12.4494
8.72214
11.3424
12.6264
7.92322
11.6469
14.9735
12.5314
10.9004
14.949
6.87971
12.377
10.5711
13.6913
14.586
9.42371
10.7294
10.9009
6.67339
11.7628
13.4973
7.81072
14.0128
13.8651
11.7674
14.8578
14.5156
5.98327
8.64651
8.20269
13.3261
14.3964
13.3245
14.4986
10.7459
11.8751
11.6096
10.1249
8.22846
8.06841
10.719
13.8883
10.6444
10.2565
14.0951
12.0641
14.4099
8.63011
12.5657
4.25264
8.70537
12.2275
8.57983
10.9648
14.6548
10.4821
11.1005
12.309
6.20584
8.30883
10.2363
12.467
6.64502
9.09251
6.13334
12.9254
11.6175
7.90906
13.1472
5.13748
8.94398
10.9017
10.6752
12.8361
14.6948
9.76021
8.37753
14.4808
14.8863
13.1728
12.4062
14.2624
13.7979
13.5062
11.0476
5.9908
11.4642
10.7085
11.016
13.3016
14.8797
7.22906
13.5931
13.964
12.9568
10.7461
12.6269
9.92262
5.83132
9.573
5.81212
10.3846
12.4505
14.913
10.1919
14.7852
10.9228
14.8109
14.608
9.76338
10.6311
11.151
12.0114
14.5238
8.8359
9.8376
9.8772
13.0578
12.0595
9.15481
12.6352
13.7633
8.22808
11.2634
7.45792
12.8328
5.91555
14.3784
7.84784
8.89119
9.12094
6.86883
10.5751
10.7219
10.4215
6.04772
12.2641
5.61465
11.6579
12.4479
6.23335
8.23819
11.1556
10.812
13.9824
10.3044
7.66642
10.7936
10.9022
13.8579
10.8747
12.0923
11.6842
11.3555
13.1038
9.98221
9.16921
10.6279
13.012
8.37455
12.949
10.8591
12.7356
9.06537
9.3924
12.2539
14.1348
11.155
9.02408
13.9335
10.5503
14.919
10.7032
12.0669
12.3465
13.8269
11.8857
11.8724
11.0191
13.9335
6.05198
10.9433
11.2523
10.4091
10.3298
11.9395
14.5118
14.934
8.91031
5.75697
12.1639
9.64144
10.2936
9.82387
10.3044
8.46462
9.18965
14.7522
14.7908
13.9042
12.4289
14.4266
13.344
11.4377
9.11627
10.114
14.6942
6.19379
9.27067
10.991
11.6803
10.4536
12.6008
11.9573
14.7555
12.1459
11.8689
13.0444
13.3999
8.43586
9.90884
7.92638
11.7482
13.6625
11.3565
12.7027
10.0726
11.0456
13.3266
11.6599
14.4562
13.7943
8.44126
10.1066
9.7492
6.79358
9.91339
13.63
14.288
10.3146
10.2369
14.8051
14.8372
9.622
6.40187
6.28372
6.14758
12.8521
13.3708
10.9419
9.18055
5.91828
14.3895
12.3406
11.1767
11.1392
11.4982
10.4178
7.69306
11.0369
10.9568
5.62411
12.9773
8.64559
13.7466
13.4102
13.8901
10.9613
8.81273
9.84853
10.719
14.4187
12.3517
13.3924
10.337
14.3006
4.35735
9.3863
8.87689
13.9709
10.8763
14.3205
6.37675
10.2676
13.8455
9.89949
12.6262
14.7354
9.98528
12.5235
14.8912
13.4342
9.21899
12.4121
9.97413
11.8556
14.6197
8.97752
14.2683
7.35258
11.7102
13.4168
9.17893
10.4258
9.74302
9.76554
11.8305
12.7169
11.7671
7.64702
9.79927
14.6658
8.55569
9.7779
9.52478
14.8941
14.3426
10.1736
11.1493
13.4922
5.86684
11.9485
13.9094
9.22798
8.54646
10.8608
9.91591
5.2176
10.1215
8.38019
14.6465
10.0391
7.69721
11.3747
12.9183
8.43569
11.0745
8.84131
11.2956
11.5699
4.99291
13.2853
9.08132
6.59496
6.27367
13.9154
11.0982
12.5546
14.0905
10.3806
13.6631
14.7427
6.77975
8.92881
6.14338
12.2377
11.2209
9.92295
10.7031
13.3852
10.4482
11.7077
12.5069
12.5299
14.1931
12.2245
7.00786
8.44346
6.2578
13.1319
6.18684
10.6044
9.43295
6.01604
8.01125
10.2882
5.86723
11.8097
12.6043
9.33574
13.1499
11.2383
12.1724
10.6088
8.796
10.6353
14.9231
8.87983
13.5916
11.2048
13.593
9.35983
11.7507
12.6748
12.9139
10.6544
12.58
11.8921
11.5568
11.5123
14.6598
12.4475
9.6466
11.5924
12.0008
11.8243
11.5128
11.7397
5.48697
14.6888
10.8984
11.3093
10.0793
13.4271
13.2939
9.00671
8.02451
12.1404
12.1417
8.88749
10.131
10.2871
9.44827
11.731
10.9083
11.7878
10.5332
9.32999
6.21721
13.4846
14.9756
12.8393
11.4854
12.7881
12.6937
14.9368
9.90959
10.1149
12.0712
13.8563
6.31273
10.1422
13.0726
11.4206
6.09852
8.10521
12.8644
14.3301
12.9291
14.3086
6.79695
10.803
13.2925
13.8739
13.5779
6.10777
14.0465
13.349
7.43832
9.65703
10.6158
8.00141
12.1155
6.14198
14.8517
12.8559
9.09159
8.05049
9.22976
8.78748
9.95864
12.4575
6.0666
9.74319
11.8391
10.4164
13.7427
14.4462
9.46656
12.6934
11.5089
14.9893
11.9743
10.9691
14.549
13.7815
12.9605
9.48997
12.8578
14.5859
10.6734
13.082
7.27363
11.4238
4.59282
14.6815
7.26787
14.5543
11.7823
5.75732
6.39318
10.1551
11.2361
9.02017
10.3299
12.6938
10.6324
14.6195
8.12067
14.3183
14.9118
13.8667
11.9837
9.58982
12.1645
13.1983
10.1167
8.32289
10.0745
11.2927
6.7403
13.5745
13.5575
13.7426
10.7822
9.02339
9.65405
11.3202
9.17639
13.8758
14.4595
12.1807
12.0817
14.461
8.70024
10.1502
10.973
11.8028
11.6181
11.4321
12.0443
8.46222
12.7047
9.59266
7.65772
13.5974
14.0975
13.356
9.45099
12.1506
7.23248
11.9336
12.3364
11.4422
6.05776
8.56607
14.1663
13.357
14.5771
11.6284
9.19811
6.28775
12.83
10.6002
8.25735
10.945
9.44549
10.208
11.1196
10.3488
7.26638
9.42244
10.6246
10.9288
4.4634
13.5427
11.5603
12.0686
11.0468
14.9722
9.61078
10.3101
14.8621
10.1455
12.6252
11.7717
9.4782
13.3741
10.1226
10.5983
14.4384
9.75334
9.14852
8.28136
9.89176
9.59308
6.7184
11.6634
9.98488
9.17847
13.0031
11.7647
10.767
5.98254
6.05405
10.3786
12.1707
10.3627
12.39
13.9947
13.5151
6.15221
10.3901
10.4283
14.7765
6.34196
9.59662
8.77929
6.13694
6.67616
14.9843
11.4889
4.57047
10.5875
9.06149
11.404
5.85078
13.6944
5.85366
8.58249
9.8805
14.2303
13.0576
12.6011
11.1322
8.56904
13.91
9.53182
8.78942
12.8412
14.6052
14.2799
13.2392
12.4033
10.8711
9.82212
7.51001
13.4604
13.5268
5.28181
13.5926
4.98811
9.24071
12.1649
14.8146
12.7837
14.1479
14.266
11.3149
9.8583
9.98343
11.7922
11.7631
10.2734
14.2702
8.89164
14.9289
11.5898
6.97403
14.0977
12.1538
14.7051
7.71075
12.3867
12.6623
12.9729
8.5208
13.0031
9.94449
7.03957
10.1651
10.1007
11.4535
6.90453
12.9005
12.9466
14.2855
12.9945
7.2926
13.9446
6.20932
13.3826
13.2359
14.5519
9.69342
8.60877
9.86563
14.7797
10.3386
9.84293
6.4355
11.9937
11.2739
12.5523
11.1221
8.25898
14.9471
9.43676
11.1928
11.4985
14.1579
14.789
11.4352
10.929
14.8465
11.743
11.5921
11.6695
7.08734
13.7796
10.7367
14.8594
14.91
12.6482
9.65948
14.9713
12.4045
10.4531
9.98267
12.4344
12.1298
12.318
10.0203
7.13724
12.8014
10.644
12.2135
14.0286
9.79333
8.98006
13.901
14.0153
13.5017
13.4038
13.0243
9.24289
10.5146
10.3894
10.7966
12.679
11.5462
11.9093
11.7252
14.192
13.3305
13.583
9.96104
8.62612
14.2705
13.5064
13.4651
10.522
7.48068
13.1566
8.44688
6.10599
14.6183
11.8018
11.4352
13.598
11.1041
11.5634
13.9113
10.6225
9.59145
4.67262
12.0073
13.801
11.1214
6.55492
7.02977
9.30962
9.83828
9.92157
13.3251
10.1507
9.3509
13.7736
10.6798
9.68544
10.2984
11.7315
9.73528
14.2292
12.1204
11.2381
13.1019
11.5517
8.2804
9.54157
8.69795
12.4363
8.71712
13.2537
12.3225
6.23549
11.9999
9.76884
10.3419
13.9257
10.4986
11.8841
11.4387
7.60568
9.68303
6.77074
8.95064
11.8401
10.9749
11.2263
6.84509
12.1149
9.00034
12.2247
6.86629
8.43138
12.3744
11.1001
9.22038
12.2516
9.17484
10.3001
14.2797
4.8813
6.45559
8.05722
8.30977
10.232
9.01126
9.96926
11.6961
11.7793
8.06454
8.84916
8.11389
10.8848
10.809
12.5817
13.2168
8.82353
11.7725
9.43994
12.0908
8.74214
10.5084
14.534
14.908
10.9406
12.5377
7.34237
14.003
11.3937
8.97208
6.04011
14.418
14.1277
11.9113
12.0385
8.62601
14.0114
9.07935
5.69295
11.3482
8.52875
14.1273
8.62681
12.6311
13.9865
6.49447
9.91162
10.162
13.6936
5.50178
9.07961
12.8515
13.0265
6.4244
7.9096
10.1065
6.29398
14.9961
11.5744
14.9616
9.78315
12.2427
5.73597
6.39305
9.02656
12.2225
11.212
11.133
12.6071
13.4618
13.331
13.8023
10.5148
6.09242
14.6033
12.3145
9.59137
14.3243
9.83029
10.5033
8.6129
12.0402
14.6341
9.8326
8.9732
12.9256
14.4353
9.94437
10.2738
9.85382
10.2847
11.1731
11.2885
13.2906
8.28184
11.4446
9.62121
7.35853
6.14349
9.54743
9.84011
11.1275
10.0674
12.948
11.3138
10.6853
8.07017
10.3919
12.7661
13.6778
11.0609
11.1167
12.4144
4.7333
6.42421
13.4704
14.7065
14.1058
8.15396
5.94347
14.4123
9.39732
12.4057
11.467
9.01604
8.69861
6.30512
13.2
5.96025
11.9052
10.3517
13.6413
10.1744
13.1284
13.4817
12.3114
14.0341
11.96
13.9363
10.1178
11.4333
7.04436
10.2171
9.30189
11.5765
9.36823
10.4183
13.8424
10.1803
10.873
11.3485
6.1906
9.43902
10.275
12.1122
13.9752
9.46464
7.69488
9.01823
7.49116
11.9295
9.65085
5.95349
11.2789
14.2559
14.2298
13.1105
14.2067
10.808
12.4446
14.7927
12.1905
11.0565
12.2043
11.298
12.3282
14.76
6.06821
12.301
9.90202
12.8179
9.32556
9.0701
12.1844
9.47152
6.66709
10.6073
9.9624
10.9853
6.4925
13.8166
6.13234
10.6784
14.0813
8.97571
9.6984
5.95651
8.08303
10.3417
7.0369
13.8202
14.8079
12.3348
5.39925
9.50475
14.7513
9.7401
10.4487
13.1682
6.13138
6.01824
8.11427
8.62623
13.7599
7.9384
10.9541
10.2948
11.3647
12.9076
13.2869
14.3013
8.85792
12.6693
11.4945
6.25075
13.3829
6.45213
13.3505
11.9072
14.917
7.51105
5.61405
12.2577
14.1978
13.5351
10.0819
9.28248
13.3758
12.5261
8.8352
8.3482
12.1338
11.1474
11.6975
6.32513
11.6224
13.7162
7.7088
11.7908
13.7788
12.2907
14.8468
11.1767
10.2522
5.63307
5.1921
10.1656
13.8185
6.725
11.2997
11.7037
7.63804
9.64019
6.18909
7.64156
13.31
10.5506
12.3106
10.061
6.34228
8.86082
9.30271
12.04
10.2226
10.2743
9.7926
8.25741
7.47863
11.0175
10.3248
11.6765
6.32395
9.05796
13.6002
10.3634
9.12535
6.47403
14.9839
14.7213
13.8531
12.257
6.26616
12.8156
13.7789
14.2723
9.72665
13.8118
9.82011
10.6238
10.3489
13.2854
8.52252
12.6972
12.7281
8.93591
12.4883
11.0745
12.9593
7.39313
12.171
14.4944
12.1862
9.77972
11.2635
5.51823
6.44097
13.178
9.1063
12.5296
9.29763
9.71561
14.9822
10.355
5.6314
14.8648
11.7
13.6755
9.66247
8.15963
10.687
13.8125
9.60227
6.7628
13.2721
11.0137
8.62303
9.93587
9.92206
10.6172
13.7466
13.4556
11.1375
5.6717
10.3713
12.0979
14.7725
11.0704
14.382
12.9551
5.83675
7.73446
14.1023
9.95214
6.59788
6.71676
8.44916
14.0312
8.61778
12.8864
13.9113
6.80253
10.4187
12.94
12.657
14.8592
12.4252
6.90273
9.05703
10.4936
8.95677
11.7112
10.9307
12.6747
14.0694
11.9431
12.2076
8.39002
13.1018
14.3972
10.0046
10.3434
10.2921
8.72701
13.9902
5.67193
13.6912
11.5279
11.3333
5.86558
12.5065
10.3204
10.4051
9.33313
12.5283
9.4921
10.7279
9.9749
7.37243
13.8019
9.71744
12.5128
14.3414
13.7435
11.7039
13.8456
9.78535
8.21989
14.3553
6.62653
9.41698
12.7015
11.5753
14.5769
14.6041
12.986
5.50539
11.4056
10.1976
10.5106
14.7565
8.78539
13.3727
14.2964
13.2536
12.4601
6.45378
10.2496
10.9685
13.1835
13.948
13.8993
10.1611
4.8948
6.03149
11.8955
14.4707
12.7926
5.44967
13.8155
13.641
5.13002
9.36154
12.8038
9.12428
5.0707
14.3388
12.3313
12.6019
5.61544
11.6692
12.2587
10.1844
9.83488
11.3126
9.78425
11.9147
5.90453
8.1915
6.18542
14.1726
10.8468
14.8612
13.3034
10.2469
8.57987
9.27686
14.799
11.8707
5.64354
6.56774
9.33756
10.2745
11.0547
13.9982
10.2435
9.51156
4.74436
13.4116
10.5637
12.936
6.32439
10.9988
7.19249
12.2761
11.7677
14.8164
13.1962
14.111
13.9034
11.9244
10.2474
13.254
13.3069
10.2145
7.10837
14.9706
11.6928
12.2553
13.0678
8.29884
14.0242
14.7509
13.9541
10.65
13.7674
12.9631
6.41044
5.87434
7.04289
9.63876
11.1926
9.11279
10.8531
10.012
12.1189
6.31352
13.1157
5.91031
14.0506
8.8752
9.0346
11.3436
8.95983
14.7114
10.2144
12.4821
13.9416
11.3063
14.5128
10.186
14.0927
9.4384
13.9037
14.0421
13.9286
12.0787
9.37258
13.3595
12.8255
9.68865
7.89422
13.1507
10.7504
11.7638
9.83513
8.34101
10.6077
12.1867
7.66567
13.3282
8.29383
5.97979
9.06683
4.84798
11.0409
8.77882
10.9059
10.0144
10.9333
11.7358
10.4519
9.28791
13.7693
10.1605
8.80168
5.99962
12.3877
10.8294
9.27463
8.42266
12.302
8.59383
11.4496
13.6241
14.3546
6.32076
12.6881
11.9306
12.4319
9.76253
14.5218
13.9928
12.3894
12.5177
12.548
13.9052
5.82704
5.59973
14.7284
14.2925
11.2738
5.86925
8.79154
10.7398
11.5572
14.9872
9.56219
8.48678
8.87838
7.54277
14.0758
14.5435
13.669
9.17046
12.1192
13.2497
13.0579
9.33902
8.63884
12.0981
5.65054
6.5324
5.0346
14.6069
6.82133
12.8654
7.18283
12.1274
12.9999
9.48974
8.65627
9.12931
14.5109
11.9939
11.5295
11.6733
12.3052
