7.44376
13.0845
10.4428
14.9192
10.281
13.7151
13.9372
9.62882
12.5616
12.417
13.214
14.8764
11.9636
13.3902
10.295
9.00089
14.1128
12.0459
6.84338
10.1168
7.65002
13.8425
12.4281
14.4337
14.0079
14.1641
13.3478
12.381
7.20736
13.8641
12.7829
8.92031
14.1596
10.6032
11.2823
8.5341
5.78859
9.51254
13.6626
6.41809
6.01887
11.7296
7.62536
11.1048
13.9112
10.2474
5.15609
5.25323
11.4843
9.39377
11.6727
13.0964
14.9602
12.4915
10.1096
8.2019
10.0052
10.271
5.66752
6.16461
6.43395
14.7444
12.9619
11.7439
11.7873
6.28025
13.4347
12.1891
13.4155
11.9809
8.97245
12.8601
14.597
12.5954
11.1931
13.3059
7.6323
8.41645
12.7406
12.5985
14.9966
10.5377
9.97034
6.31246
11.4792
8.10761
9.92541
14.0613
14.1951
10.9383
14.3975
13.5773
11.0808
7.88837
8.95231
14.997
13.5182
8.56597
9.57537
14.4492
10.7795
9.48186
13.122
8.56258
14.6662
11.898
12.7821
10.7956
13.4389
5.70769
10.5392
13.8892
14.238
10.1751
10.641
11.115
9.46904
8.89935
14.126
9.89495
12.7011
12.7695
9.25192
14.7666
12.0506
13.934
11.2258
10.1054
12.5643
10.2604
12.164
14.5287
13.4894
9.47563
13.483
14.3836
6.7973
8.5081
12.7973
10.94
8.85838
10.0281
11.0258
10.0751
7.47434
9.62518
8.58498
10.0568
14.6741
11.4779
12.7799
12.2531
10.5682
14.0958
11.8192
11.2865
14.788
13.776
14.6963
11.4013
14.9287
9.74167
14.6238
9.25809
13.7875
13.3094
7.31478
9.9365
13.1481
13.2776
11.4829
7.59241
12.9274
12.66
14.0035
14.2307
14.0975
14.7191
12.6754
9.61092
10.8913
9.8931
14.2083
10.3754
14.1023
11.6981
8.65654
14.7719
12.2124
9.16084
14.9624
10.1064
13.4981
12.7122
9.43095
10.3395
13.7544
14.7442
8.53769
6.99533
9.13762
14.1212
8.49931
13.6933
14.7448
8.53961
14.8862
9.07808
11.5711
9.22014
11.9585
11.6195
12.5829
11.9557
9.39406
12.8849
12.9587
14.2072
14.6817
10.8921
12.8215
9.13372
9.52678
11.3599
11.0478
9.48025
12.1084
12.1915
7.80295
14.8633
11.9435
11.8429
6.36702
9.72807
13.3615
13.1661
12.4766
11.9835
13.083
14.8257
14.3644
14.5114
12.3626
9.41275
9.90142
14.2037
10.4703
11.2086
14.9327
13.5486
14.3985
14.2157
12.1487
6.51661
14.3692
13.9777
11.5041
8.69936
11.453
9.33703
12.9449
8.75318
8.67823
13.4811
8.11207
9.90094
8.69696
12.1225
13.8711
8.86873
4.67389
9.66952
10.4404
14.2614
4.4021
11.7197
10.8778
12.1906
14.6627
11.3755
10.8052
10.1327
5.98121
9.14054
14.8336
6.51932
10.1649
13.4773
13.011
12.6883
8.90811
7.9453
12.8602
14.1416
8.06673
11.2231
12.8313
12.2022
14.8344
13.7501
11.1775
9.02439
14.1315
11.1014
8.87405
14.3359
12.4124
13.4272
6.15129
10.4923
11.4091
11.893
14.0883
12.02
9.78812
12.1422
9.67222
11.8542
13.6953
9.77477
13.4402
10.6393
13.5075
10.4619
12.2043
7.21109
14.9124
13.683
12.9967
9.1753
8.96502
12.3579
10.7709
12.0324
14.1218
10.5149
13.5263
14.6537
13.3134
10.6074
13.817
13.1649
13.7583
4.65961
12.798
14.5542
7.98393
13.9627
8.04191
11.6508
5.89374
11.9788
10.7849
6.07334
13.7386
10.9723
14.6671
13.8995
14.1656
11.9941
5.7975
8.42309
14.4515
13.1707
13.5936
10.3767
14.0083
6.97456
4.64814
6.55635
8.45776
11.0273
5.15484
4.69876
9.8993
11.8345
13.7315
11.5238
10.7674
9.96374
13.027
14.1785
11.4575
6.54693
14.16
14.9291
13.0586
13.3507
8.65077
11.9417
11.7866
11.95
9.1104
10.2646
12.5154
10.606
14.906
11.0401
8.89657
8.87318
9.9842
5.35199
9.56285
14.4605
10.1495
10.311
9.40185
13.4677
7.08614
11.6421
13.6613
5.86091
12.6985
7.5553
14.2078
14.9098
11.8787
12.6836
5.47333
9.31723
9.02826
12.3977
10.4796
7.8834
13.2209
8.98062
12.4293
11.2314
5.73248
6.99694
5.69254
5.61002
9.73248
14.7519
7.1645
12.6926
12.9172
12.5657
13.503
9.20861
12.663
14.9703
12.9086
9.80832
12.7698
6.47897
13.3471
11.1368
11.8799
11.5609
6.69334
7.16538
9.72833
7.36822
6.22564
11.0088
10.424
6.46128
5.98839
10.9243
9.61926
4.23095
5.97242
9.39559
11.0743
13.0595
12.8871
12.7655
8.17775
10.2687
6.92838
9.55217
11.0444
14.659
5.33881
6.32817
4.58717
6.05426
10.0259
12.9882
13.3242
12.1283
7.99827
12.0697
13.2072
9.90624
11.4931
14.6281
13.1298
11.8949
7.26514
8.59844
11.2296
12.9062
14.358
6.00563
13.7678
14.7782
4.53664
9.72869
5.61814
8.7599
14.6696
13.3854
12.5853
11.3105
5.94106
9.98154
12.6078
11.1333
12.4036
9.34908
8.3894
12.8472
13.5287
14.8917
12.1933
10.5222
9.04622
10.3714
13.9015
5.28328
9.92118
8.63247
11.4643
9.34344
13.8597
12.0358
11.6226
5.13184
13.6091
5.76578
6.972
10.6591
9.13434
14.2861
5.45722
10.6169
10.8412
10.2465
14.756
11.761
13.8889
12.5994
12.2253
8.20399
12.9148
12.914
10.4085
8.586
13.8542
9.69051
11.5079
8.96236
7.10793
10.6635
13.2979
7.6135
5.8659
7.9129
13.7547
5.46305
12.3016
6.14777
14.4501
11.6842
12.9878
13.7934
14.9043
14.2053
10.0953
13.3914
10.5438
6.60201
9.19033
13.7581
9.7543
7.43247
8.27585
11.7703
11.4377
14.552
12.0421
8.35801
13.1936
14.5272
8.76313
14.6034
11.4825
13.1359
9.48843
10.1427
14.874
13.148
11.2285
5.79957
9.53915
5.4581
4.88735
10.9354
12.4648
11.0663
8.91622
10.7494
8.30937
8.32216
7.76042
10.1189
14.3365
12.5889
12.5129
12.8848
11.4688
14.8183
12.0319
8.87174
12.0247
14.944
5.69745
8.73965
9.01803
11.7259
10.5553
13.515
11.468
7.94587
11.1989
14.5828
12.2354
11.7608
14.3506
14.7092
5.4577
14.1423
14.1412
11.5725
12.0979
13.5245
11.6315
14.465
8.59395
14.4536
6.70898
13.2434
6.24951
11.5535
14.5586
13.0359
10.3696
14.1867
8.57687
6.41268
12.2965
8.75698
14.85
9.33714
11.3195
14.7909
12.6598
4.70366
8.13729
10.3252
11.0081
12.6152
14.3317
8.6385
13.6857
13.491
13.3649
8.67327
12.6377
9.42118
14.0507
11.1612
12.942
13.9467
14.9922
11.1677
13.0125
12.1202
14.6536
10.4533
11.613
14.212
13.9117
10.5965
8.84264
13.1519
9.68939
9.37125
13.2393
12.2674
7.95419
13.1811
9.12298
10.8154
12.9621
13.3973
11.1066
13.2901
14.2207
11.661
8.71505
10.4968
14.6716
10.2826
6.03409
9.9726
11.0929
14.2231
12.2745
14.8309
13.2714
11.4386
12.6076
13.6397
6.6247
10.352
9.89815
11.3744
14.6853
9.92086
11.7828
13.6046
9.30307
14.0563
12.8519
10.1332
8.59974
14.8256
9.36096
12.6095
6.9226
11.3291
8.5488
13.8406
10.8336
10.4313
9.37824
13.5342
9.81386
13.5315
14.3229
11.4383
9.71314
9.42809
12.2752
11.5451
12.2203
12.776
13.3576
9.55685
14.7145
13.6815
10.3347
11.054
7.15129
14.5696
12.2772
14.3387
10.4149
13.1506
14.0152
14.9194
11.6773
13.3721
10.0137
13.7971
13.7333
7.78543
11.3243
8.86771
13.2279
8.92325
13.8264
12.0932
10.7722
13.4336
10.172
14.224
12.2231
12.1183
12.708
14.7511
13.8291
14.6012
11.2881
14.5934
13.7146
11.4253
13.495
14.6228
13.1413
11.3528
11.4689
13.3398
11.9984
14.0581
12.3842
12.4903
4.02634
6.18015
9.01115
14.6301
10.506
14.0535
13.6608
14.7068
13.6934
11.652
10.11
12.7704
11.7596
11.8022
13.8311
13.6031
11.8393
13.5816
8.07746
13.6738
9.00214
12.7932
4.75556
10.8663
8.61467
10.8224
8.54291
14.2695
9.94448
13.8746
11.2691
11.193
9.88875
12.1975
11.4994
10.3221
11.1941
12.9684
9.9325
13.3968
13.9828
13.6574
10.8872
13.0601
13.7936
6.03282
5.09483
8.50002
12.0908
11.92
5.28741
9.38495
12.5857
14.8405
12.8916
9.30902
9.92146
12.9749
12.8803
14.5654
10.0076
13.8795
14.8673
14.2471
13.8384
12.4837
5.58274
13.3135
12.0748
12.0114
5.63849
7.12613
14.7263
12.4618
9.05855
9.67696
10.5034
14.6865
11.3305
14.1629
6.73442
10.9639
13.3913
10.6646
11.9234
7.19229
5.78563
10.681
10.9244
10.8944
11.9481
12.0399
11.621
13.9256
14.6724
14.2142
14.2079
12.5475
13.2952
14.0113
14.405
9.40688
14.6928
7.9591
7.38355
14.9843
12.3899
12.1271
11.0951
11.7591
7.56252
12.5908
9.47576
12.2024
10.5454
12.3407
10.2259
14.1768
10.6502
9.35566
14.1615
7.15537
13.5073
12.8416
11.8158
14.2508
13.4509
9.75812
14.6287
10.4041
12.1745
12.2271
14.7318
13.0627
12.6116
14.1116
14.1535
9.28502
9.10171
11.798
9.36407
8.05054
5.53169
7.08716
8.97035
7.26333
12.1165
7.89703
10.8407
14.2034
11.632
14.6284
12.4193
13.4055
12.7367
13.2625
13.0438
11.1917
11.2732
9.94773
14.9185
10.8077
11.6743
11.7781
13.2721
14.9983
10.2157
7.65126
13.7316
5.62237
14.4234
14.6477
14.1209
11.4228
14.9585
14.0073
11.1913
10.5465
14.6249
13.5086
13.4615
8.45926
14.8462
14.321
5.82694
10.1278
12.6948
5.70643
12.8071
8.56095
10.0574
12.2711
12.3128
10.4919
14.5352
11.8184
8.40311
9.70488
9.86779
5.37988
13.3719
13.755
13.224
14.5854
11.08
13.491
13.4906
7.45745
12.7376
14.1835
9.43564
12.7957
10.2202
9.73711
9.57783
10.4359
10.8886
8.99714
12.8668
6.57238
8.88748
12.3614
6.10698
8.32522
9.86267
14.1577
11.6343
11.4008
8.44421
14.6609
14.9167
10.6089
6.13251
6.20113
12.9189
12.5569
13.6849
12.3387
8.90554
12.6349
14.3367
12.9027
11.2248
12.3605
4.89205
8.18035
13.4271
10.4115
12.2602
13.5122
10.4364
10.5194
9.45082
9.53347
14.5944
11.41
12.7837
14.7253
11.3898
8.19646
11.7173
11.1645
11.9666
8.77446
8.75143
10.6674
6.16734
12.7295
14.2243
9.96684
14.2081
10.3364
12.2768
8.96155
5.11202
11.5152
14.3711
9.18422
9.19787
5.35813
9.20177
8.28908
13.2281
13.0273
12.4926
10.3
8.73292
12.2216
8.18157
13.4215
10.6762
8.44463
9.74581
7.26932
11.9898
12.6058
11.0541
10.2289
14.2355
12.3571
14.3892
14.6322
6.06003
9.91912
9.78512
12.0314
10.0139
11.797
7.81599
11.9111
13.9546
10.3547
12.7386
12.0974
11.175
10.3906
9.6306
14.6267
12.5621
4.78514
6.42351
13.2993
8.4527
9.91714
12.5211
14.6371
13.9709
13.3769
10.2486
12.5478
6.93153
14.5077
3.56524
6.28128
13.1894
11.3547
12.8435
7.67057
14.7636
9.06375
9.56791
9.98518
13.9393
12.4952
12.3296
9.7142
10.9786
10.34
14.4079
12.5515
11.329
8.66998
5.3968
13.1215
8.59658
4.64721
12.6444
10.2244
13.3789
9.37162
11.7608
10.7275
7.61634
13.5739
11.3689
14.728
9.82403
12.9991
11.4035
10.3612
12.1792
10.6675
12.7706
8.33668
11.0082
6.59694
11.8225
10.2038
14.2577
11.8194
12.3792
12.7704
13.9338
13.6632
10.6583
9.96924
13.3072
10.8245
13.6004
9.52531
13.667
12.4075
11.8266
10.3574
10.0899
11.1027
13.8457
7.24159
13.1112
12.8528
11.0897
9.41438
8.78116
12.652
14.3154
11.3535
8.84942
14.626
8.88132
11.4839
10.8649
12.3507
10.8135
9.48182
14.542
12.3381
7.67129
9.89429
6.74603
10.9381
13.6271
11.5881
14.2865
12.8559
11.43
14.1867
14.6701
8.96508
7.64098
12.8784
13.3462
9.40528
12.1375
14.9231
11.655
6.20588
12.8599
12.4882
13.6564
12.498
8.88793
13.0006
14.2293
13.0175
11.5289
11.4978
10.0045
7.10491
12.7392
5.15983
13.8425
7.98229
14.0817
12.0235
13.8406
7.50761
12.8107
13.9726
14.2146
14.8854
6.78853
11.6607
12.7268
12.3929
13.0401
11.6426
11.0529
12.6905
8.68937
6.11859
10.4851
8.35904
11.1129
7.73877
10.1829
13.061
13.2009
9.67207
9.49683
10.9554
7.79062
10.8939
14.5441
8.26203
9.95662
7.334
14.6471
8.78076
12.3279
11.6221
10.2092
14.8856
8.33749
13.4704
11.6832
12.9603
9.79316
12.9739
14.4796
6.23518
11.3022
14.7593
10.2737
5.98982
8.61496
5.89387
11.2271
6.2029
12.9041
13.5327
11.7123
12.4923
8.78305
14.7455
10.6848
10.5027
13.0607
11.6234
14.8196
10.7547
4.7993
13.3763
9.84558
11.2733
8.5698
9.75576
9.0515
11.4633
8.54495
14.5676
14.2342
9.40748
12.3307
13.4901
13.0882
5.7548
9.94734
13.4349
13.6158
10.6204
14.4424
11.9967
14.4973
13.1507
14.8995
11.8394
14.151
13.5129
10.6632
14.0299
8.68265
5.89428
8.29109
14.8274
12.3354
13.7722
10.0854
13.9952
13.1476
14.6507
11.7851
9.74457
9.0374
11.1885
13.0547
14.9331
10.3214
12.4845
10.0851
8.20663
13.3445
9.86757
14.9642
14.6398
10.2163
12.9044
9.98496
12.301
13.3608
13.7883
14.9771
14.6162
14.2037
13.2268
9.90568
6.14574
12.7014
8.77057
11.7519
12.8743
14.1547
14.7979
12.9705
13.9532
8.63228
12.4047
10.7136
13.7016
13.583
12.4987
14.7886
12.4915
12.4638
14.8229
14.4434
11.548
12.8067
11.3066
14.3466
14.5205
7.10396
12.0559
14.0847
14.1859
12.2573
8.80412
11.0493
9.18527
5.3625
14.9923
14.2939
8.58556
10.7672
12.8881
12.9514
9.6317
14.8984
13.9691
13.282
10.8529
8.60428
10.5885
14.4889
12.7847
14.7528
10.4581
12.2208
11.5181
6.35782
10.822
14.4546
14.5301
14.4078
14.5467
13.7333
11.0697
14.6212
13.0906
12.7577
6.18373
9.4573
12.5778
10.8465
13.8884
14.6783
14.4633
5.33342
12.2299
8.55758
14.0894
8.30471
10.9317
13.1199
12.9311
12.2878
14.4693
8.64649
11.4194
12.6248
8.20024
10.779
12.5867
7.16761
8.12772
14.132
13.3015
14.2029
13.565
9.40115
14.7241
13.7985
13.8041
14.7446
9.49889
13.9507
12.9993
6.57921
11.3101
13.8959
11.0698
10.1639
10.3572
12.745
8.58208
8.38992
10.7926
12.8628
10.3005
6.01236
13.4327
10.7339
8.34045
10.0913
12.5765
10.9175
11.1329
9.64889
11.513
9.3294
6.22592
9.64313
11.7319
8.36465
8.37326
11.7021
6.73707
10.3424
6.81126
3.74476
10.4728
12.2566
4.73075
8.52569
14.9707
14.2162
12.2135
13.7149
10.519
14.4287
4.62874
8.14742
13.0143
12.3163
14.1534
13.8498
9.9299
10.7851
8.82749
14.0009
11.6579
13.1284
8.61189
14.1039
13.0083
10.0093
5.55701
14.3541
9.35204
13.2667
14.3628
14.6478
8.05753
6.55798
10.9484
6.76887
12.9214
11.0205
12.4973
11.4567
14.0788
8.59271
7.58846
8.32176
10.2993
11.5565
7.85528
8.38041
12.6312
11.4962
13.2944
14.9262
12.2578
12.1815
14.0147
9.06148
11.604
10.4816
9.29557
14.3165
9.69345
14.2361
12.3967
8.75212
10.5866
11.0565
14.1454
8.59811
11.1356
6.62121
13.5402
10.3845
9.07189
12.8507
12.2194
13.9
11.3227
14.8365
10.2583
12.379
12.6368
6.48431
14.3527
13.7425
13.5333
9.75629
6.28474
10.604
12.2716
9.66291
14.5685
7.40656
14.6173
6.83093
8.82606
12.1231
4.5968
7.77418
13.7263
13.4706
13.0086
14.5472
11.9723
14.1574
13.0595
7.95304
14.1039
14.928
8.68764
9.82766
8.57395
12.7079
9.83657
8.74508
6.7587
13.5459
14.6343
11.2814
10.5545
14.2513
8.59611
6.45409
8.85174
7.56188
12.5465
14.5501
11.7392
8.82511
14.556
9.6535
7.68124
13.7755
10.9468
7.79813
5.84391
7.10326
14.9593
9.50467
6.20808
5.10314
8.42125
9.19675
11.8522
14.2264
12.1185
11.9902
11.7517
14.7217
6.65795
8.608
13.7261
7.65629
9.87715
11.7572
14.0594
13.2829
9.41764
12.6878
4.7736
12.3521
13.6149
6.45564
13.2694
13.5231
13.4561
5.21932
12.1734
14.8955
9.90531
14.2165
14.6365
13.6723
8.37049
12.8782
11.2259
12.1049
6.19003
8.64929
12.8649
9.48572
8.63195
8.61001
10.6869
11.2896
13.0389
11.1191
11.0203
7.39846
7.41755
13.9047
14.3964
14.7567
8.89963
8.56681
11.7256
11.3411
14.2045
12.6416
10.9649
13.5361
11.3066
11.9481
7.52487
13.9216
10.4441
13.3623
5.82352
12.3645
14.6409
14.1696
10.3585
11.5254
10.5276
12.2109
14.7638
13.9323
14.3555
9.15494
9.86135
14.2232
6.28511
12.6287
5.87302
10.3426
12.7154
14.3025
7.52704
14.752
14.6801
9.92873
10.5973
11.7515
12.6988
13.269
12.2613
11.864
12.2876
9.31249
11.473
12.4639
10.2031
13.551
7.3317
9.10689
14.4976
12.1613
8.48866
14.9053
13.4272
13.196
10.2208
11.5721
9.16652
14.2798
12.1405
9.17928
10.4058
13.155
9.14945
10.2747
13.858
11.5869
12.5021
9.14116
14.5376
14.6576
14.1937
5.41919
13.4581
11.4822
13.6296
10.2112
12.1667
14.9674
13.1862
14.5372
13.0306
12.3201
4.92797
13.7945
11.2337
14.1091
11.6551
11.7128
9.71498
14.7782
12.2925
10.7964
14.2261
12.3028
13.9611
9.74129
9.45065
7.35362
10.7625
11.7835
11.4632
13.0014
12.2445
13.3042
12.7465
6.02525
11.197
5.98431
6.89347
10.8721
14.6806
11.4935
8.00312
13.9004
14.5929
10.6053
8.26533
14.0288
8.27946
14.9428
11.592
11.027
10.0968
9.78942
10.2882
10.1067
13.4537
13.8806
12.3723
9.01305
5.9071
9.27458
5.06913
10.7068
9.6337
12.5407
14.4909
11.4828
10.2596
7.01586
5.98948
9.64379
11.6756
13.1777
14.2122
14.5916
8.83934
12.4323
12.963
14.0084
11.8156
12.8849
13.9148
11.4715
12.4877
10.5333
9.10407
5.45027
6.72702
14.4704
14.0583
7.90294
10.6454
9.88032
14.5196
12.5102
12.3735
12.9213
13.3378
4.55207
6.64619
14.9757
11.3084
8.96608
13.5234
13.2481
10.4571
14.3795
9.68747
12.6984
8.93331
14.2492
14.8889
6.81913
14.8342
12.5201
14.8991
11.8197
9.74756
11.8356
11.4037
13.2935
13.3611
11.8843
10.9111
10.5388
14.7076
5.70214
4.51243
10.2812
8.19828
9.23043
13.4541
11.5972
10.5041
10.4001
13.7947
10.2633
13.5055
5.35016
8.67709
13.2617
10.8857
12.8327
14.1974
6.47958
9.58336
8.54153
11.0692
9.70454
7.80622
14.0958
9.5746
12.149
8.07617
11.9997
5.67825
8.28059
9.80502
12.5025
8.2584
5.4686
10.1183
14.3481
10.3065
13.6922
11.8385
10.5711
8.26011
12.2624
11.5975
8.94893
11.7491
10.3306
8.88718
9.23875
14.2942
9.79442
12.8337
11.5604
14.7501
10.4781
12.1345
6.19965
8.78733
10.1292
13.0282
10.5792
11.6358
8.73601
12.5006
11.0868
11.3429
13.4828
10.4061
14.7417
10.9713
12.3234
5.90192
5.58301
13.4841
13.3157
11.7587
10.1841
13.7314
14.7315
13.1819
12.0724
14.7545
12.7999
10.9921
7.17916
12.1844
12.7664
9.56388
7.76208
13.19
12.1116
12.0681
8.03304
10.2159
10.9421
13.3593
7.99723
7.99138
9.01606
8.36904
12.3657
14.7302
11.4057
12.3118
10.639
7.52701
12.9996
11.3374
13.7628
10.4235
14.2711
7.71525
11.2148
14.8209
10.7963
5.55461
12.2582
10.9699
12.831
7.86724
11.1781
10.547
14.7004
11.3874
8.82601
12.205
10.3181
9.8942
14.7546
13.8968
10.6365
11.0945
7.39203
10.705
13.6771
14.4205
9.34775
14.1905
9.90262
7.03185
11.3876
12.9015
6.68784
6.47232
5.90245
13.3945
8.79645
5.96792
13.6709
10.0731
6.07532
8.81189
13.1555
10.834
11.4417
14.475
12.7019
14.6683
5.83178
12.7523
13.794
14.4431
14.3249
12.6074
8.4746
12.4229
14.8291
13.3883
7.68533
12.4742
6.80326
7.24999
8.89978
8.92817
11.5807
14.1455
14.4866
13.8379
9.08713
12.6473
13.281
13.1915
12.5094
11.909
11.283
13.5883
6.35063
6.54026
11.2904
13.1816
12.3311
10.6094
12.9533
8.94466
12.4566
6.98385
13.6912
9.84888
14.0935
13.0444
14.9554
12.2114
11.9925
14.4622
10.7422
6.85248
8.23672
13.4699
9.27663
10.5309
12.2298
11.2843
8.41893
4.86583
6.16663
12.3033
10.6383
14.8071
13.6684
5.98431
13.7493
13.1065
12.3882
13.4526
14.9158
11.7063
10.1854
14.1985
10.0237
14.0986
14.9699
9.95943
14.6455
9.96862
12.5204
6.77847
13.4886
13.3877
9.7308
13.583
12.9674
14.8504
10.5288
14.6453
13.8868
5.13401
9.82882
10.7089
14.273
12.4715
14.9135
13.1176
8.59919
9.81223
13.524
11.8254
13.1771
10.4723
12.4128
12.5282
13.1534
12.2794
13.1408
11.2159
11.9596
13.8736
14.1336
9.77946
12.6124
13.2822
14.5104
14.7105
11.9566
13.9645
8.83768
8.46098
12.2269
14.8529
9.45031
10.2897
10.0226
12.8276
8.538
14.5402
8.81542
10.0283
6.01404
10.164
14.9005
11.2677
9.41057
10.6317
14.9198
5.91747
10.1493
6.73291
9.8604
12.7853
8.85922
14.4164
12.3956
12.8926
13.6346
12.9807
11.5248
10.7755
7.07603
11.5785
8.70131
12.9726
14.1207
13.0106
9.82417
12.3764
8.8236
12.927
14.1829
11.6927
9.81417
5.28425
12.4587
13.867
14.0492
14.9423
14.8203
12.5368
8.67814
13.6346
10.2982
12.9627
13.4913
11.3526
9.74666
6.14975
7.41153
13.8991
12.1541
11.2207
8.42436
13.7619
11.6011
12.6171
6.31216
8.6583
14.5252
8.23776
9.69589
9.90796
10.5699
10.0355
14.0193
14.3301
10.4912
11.4862
8.8866
8.17871
11.9224
10.0171
11.9093
6.66197
14.9727
13.7875
8.946
7.77025
11.0878
13.0882
6.11723
14.9787
14.8472
12.6959
8.33412
14.5878
9.29414
11.2251
13.4112
10.894
10.5573
9.98519
12.7106
12.4058
12.37
13.1598
6.43765
10.2149
14.5924
8.41242
14.564
14.8602
10.6002
6.93293
11.525
11.7527
6.63863
14.7019
13.8251
8.33211
9.68273
11.6851
10.5481
8.85018
11.909
14.0761
5.33764
13.3105
14.3404
6.7011
12.5571
12.6349
13.0969
14.1012
13.3084
11.5384
6.51641
12.4301
13.3593
13.8228
12.5997
10.7953
12.9242
13.3862
11.5923
7.94208
13.4185
14.8143
14.8222
11.0721
11.6253
12.931
11.6211
14.0303
14.5282
10.447
12.3157
13.9651
14.6109
11.1096
10.9485
13.7415
9.83904
8.59274
14.3845
9.9555
14.7225
12.1763
10.8528
12.781
12.479
14.55
10.1203
9.61869
12.315
13.357
6.06711
10.4873
8.51235
13.0022
7.77131
13.7925
14.0084
10.5177
12.9393
10.892
8.93302
9.82944
12.4851
11.4284
12.2588
12.5379
10.672
7.97966
8.54837
9.82356
11.4628
10.7398
7.10703
10.5029
9.76225
13.1007
8.01948
6.4315
14.5958
11.1365
14.9346
8.6612
9.79506
14.9362
13.3971
14.0324
11.9227
12.9261
8.4918
13.052
10.657
11.8539
13.4518
9.65418
14.4359
10.393
9.81886
13.9273
6.28181
10.9863
13.3423
13.5436
9.71896
13.955
11.3325
12.7815
12.5553
12.5667
13.6973
13.5199
14.2814
12.7902
14.1319
12.0509
8.87153
9.06712
11.5189
12.4879
13.1426
9.66819
14.0104
9.1939
13.9685
11.2989
8.4867
6.34031
10.3639
8.40648
8.91263
14.7194
10.3615
12.9922
10.0698
12.9922
12.2446
6.13947
11.794
14.9978
12.58
11.8449
8.54983
11.8528
14.4947
10.4157
14.4217
8.84877
14.9313
12.115
11.5568
6.77298
11.9391
10.5929
5.08538
11.8835
10.417
13.3609
7.50544
10.9697
11.147
14.8565
13.2038
10.5134
7.29572
12.8056
6.55162
8.02917
10.5805
14.1104
6.32556
9.29042
9.36148
9.57029
5.38856
12.7372
10.0056
10.082
11.7896
11.5242
8.15275
14.6737
10.0393
11.2315
5.5509
14.8876
14.8489
11.5219
14.7474
8.33759
11.0294
8.48686
12.0097
7.10602
8.94076
10.8299
10.854
9.18457
12.7712
11.7782
11.6641
9.47463
12.1159
10.6218
8.31421
8.16128
11.2253
12.4073
10.3831
9.05106
6.02778
10.1366
14.7309
8.65744
13.8236
14.6033
9.40179
9.74069
11.4331
9.33562
8.66337
12.4721
14.8485
9.23648
6.05062
11.7711
14.4372
14.5061
12.4518
12.7501
8.11753
11.2507
13.3206
12.9487
9.51971
6.48973
8.40834
9.96715
12.3509
10.1925
13.5905
10.5262
7.46313
12.6063
14.9058
12.7283
13.5758
14.9654
9.33001
13.2456
13.6212
10.6165
12.2887
11.2819
14.1194
12.8346
12.0311
7.34441
10.5937
12.7032
5.98954
10.4682
12.6444
12.2032
8.7763
5.95409
14.9326
11.8873
12.2383
10.5547
14.8447
13.0134
11.6852
11.6191
5.33002
13.8558
9.60595
14.961
10.6958
11.0042
13.8378
13.7585
9.57684
14.9937
8.14957
14.3896
13.5833
12.5605
10.7123
12.2023
13.0472
13.0773
14.0218
14.9123
13.5195
10.222
13.9444
12.8197
13.0758
9.41842
12.2038
14.8603
9.95784
9.48944
14.1859
10.6032
12.0599
13.2576
10.6206
8.99143
11.464
14.7388
13.4681
11.1007
12.5799
10.8836
12.6441
13.8349
9.95659
9.91869
14.6195
13.3612
6.1163
9.72324
13.7711
14.1518
10.9583
14.9118
11.2989
13.2703
12.6191
10.9855
6.18301
10.1719
9.36242
7.44252
11.4421
14.9899
12.9556
10.9282
5.87385
9.84619
11.2276
14.8123
12.992
13.2056
10.6655
11.8666
8.15333
8.71568
10.0043
12.9908
13.9502
11.0485
9.77414
12.6354
14.6127
12.14
13.7672
13.1155
12.6686
8.56815
10.5859
12.3906
5.81229
13.835
6.93806
14.2196
11.2166
9.6901
13.6891
8.53079
5.52715
13.193
13.5164
14.5765
10.7165
13.0408
14.2737
10.1361
12.1102
4.77909
5.20274
8.83622
7.37067
12.8012
7.80643
10.8256
8.38468
8.69958
12.4625
13.3443
11.9363
14.8437
14.1698
9.90625
13.7913
14.3628
11.3974
8.33549
14.851
7.99968
8.83014
7.54712
11.5404
12.2533
5.69912
10.8352
12.1661
6.26441
8.95041
4.11914
14.1725
11.9296
13.3391
10.1556
10.4765
8.30566
8.22289
13.5578
10.6287
12.0171
14.09
12.0066
13.9692
9.88292
13.6357
10.0548
5.74153
13.8197
10.1123
12.0445
13.8478
10.9188
13.6035
10.1424
13.2831
14.0312
10.024
11.2068
14.463
12.7589
13.3183
12.7145
9.3321
14.4402
7.72734
9.81271
11.901
12.7616
13.9084
5.47754
13.4305
9.9919
13.3838
8.68723
12.9638
12.2406
13.3872
11.0519
12.8047
11.5957
13.3626
8.69774
13.4536
12.0986
10.2688
8.80143
10.8203
14.6707
8.6176
10.1458
14.306
13.9403
8.20435
14.4493
11.8808
8.71887
5.51114
12.7839
12.4623
13.059
12.6759
8.72789
14.5018
13.1389
13.82
13.6564
10.1422
12.6208
10.4472
12.7
12.0921
14.6555
10.083
13.1297
8.66097
14.1357
14.7551
13.193
9.73192
14.3958
10.8135
13.2134
9.38169
11.5043
12.7189
14.3654
9.79062
14.2451
10.6904
9.95165
12.3161
14.8471
9.51717
13.5639
7.64805
13.7158
14.8186
14.3233
14.4525
12.2721
10.1492
8.81822
14.3907
9.16086
8.78396
14.1847
11.038
12.8803
9.66419
10.9097
7.22606
13.1808
13.0326
13.4508
12.1537
8.84261
10.3917
13.9032
14.8664
13.304
14.611
11.5303
12.8477
13.7582
10.6912
9.64944
13.9339
13.1635
11.6094
12.8624
9.31452
14.3799
6.79723
5.55543
14.842
8.28073
8.43828
9.30153
7.65213
10.2685
10.6939
8.59585
8.67117
14.1887
13.9256
6.53561
9.68355
9.53284
11.7824
12.1477
9.09569
12.1968
12.2252
12.2837
13.6899
11.0087
9.23417
10.1047
11.8633
8.81727
10.5312
11.4347
11.1342
13.2463
6.29769
14.7051
13.4888
9.89781
12.8257
14.4782
11.0333
13.9896
13.5032
10.1126
11.2347
13.1959
14.696
11.2015
10.0073
14.336
13.8749
14.9651
11.2609
12.2876
13.8585
14.9989
5.4371
6.42247
6.24766
12.1296
12.6749
8.17428
7.92468
10.8412
14.5854
9.89949
11.7185
11.1061
11.9444
11.9121
12.3553
13.3696
11.3709
12.9173
14.3199
14.0839
14.2921
14.7803
14.5358
10.7045
9.71809
5.90972
14.4656
12.2597
13.2651
14.7586
8.62036
4.14969
14.5834
11.6455
10.8233
13.1406
14.1272
6.65725
12.3624
14.8947
9.60975
6.10126
14.9762
11.6996
12.7447
12.2766
11.5729
13.9412
12.444
9.41583
12.7817
10.5647
7.33429
12.5673
9.90365
13.4491
13.5855
11.0897
14.1152
14.2481
8.33632
10.9835
12.1222
9.80715
13.7865
11.7761
14.5805
13.9647
11.3004
14.1676
12.7884
9.21374
11.2072
6.19001
12.9816
10.611
12.2004
9.91815
8.22087
12.518
12.3634
12.5082
9.72499
9.89193
8.63523
12.1394
9.18877
13.3946
14.1514
9.42016
11.8305
6.10912
12.4068
11.8395
11.4727
13.4432
5.97376
14.8062
6.60898
11.2046
9.95505
14.9043
13.496
9.07674
13.1859
8.23076
11.5385
10.17
7.96879
11.0446
7.43187
8.92856
8.61216
12.3867
13.0675
6.24883
6.057
10.0537
13.8182
8.7688
5.70935
8.38131
13.7325
13.3423
13.1063
12.6765
10.0572
12.2435
8.33711
13.5807
9.26869
13.4433
14.0634
11.235
14.8002
9.88622
9.30099
9.94484
14.577
6.91126
4.59812
10.0852
14.6958
13.8323
10.1625
8.63932
9.81826
14.3795
12.3698
10.1996
13.1427
13.6786
9.9829
5.84666
10.9898
9.74901
10.8636
9.33705
14.233
11.4096
9.56769
9.11161
11.585
10.709
10.5401
13.8871
10.1059
13.2723
14.2565
10.3971
12.2174
13.7926
10.9728
13.8266
13.5784
12.3657
10.0054
13.7231
14.0468
13.1124
11.3604
9.97196
6.8277
14.4542
11.3087
13.2148
6.0269
9.57333
10.1296
5.12564
8.95912
14.4658
10.8073
13.8757
11.8961
12.0362
14.0483
10.8534
11.0494
14.1557
11.6319
13.4458
13.4529
11.6108
10.2648
13.8826
13.3032
8.8062
14.4961
12.9748
12.9779
10.7026
9.49967
11.7158
10.5634
8.08221
11.5883
11.5206
13.2671
13.9892
12.0842
10.4588
8.38252
11.7436
12.7198
10.985
14.0888
7.29967
5.11436
6.36797
11.4711
10.0298
13.978
13.6459
9.76066
14.6094
7.85194
12.7249
9.60526
14.1207
10.6096
14.3761
9.22404
13.5505
6.27068
10.0423
14.2882
14.1034
14.6801
13.157
12.2916
8.43923
13.3708
13.7857
14.8221
12.1975
7.17967
6.85384
11.3084
9.96133
14.0372
14.191
11.6714
14.9744
13.5515
12.2131
10.5086
5.73727
9.17199
13.4457
12.0958
12.208
14.5549
11.5276
13.3277
12.1196
10.7045
10.8588
11.2983
9.14439
13.9519
14.5297
10.5505
12.0053
13.7842
11.1511
12.906
13.2088
8.68206
10.2784
9.05694
6.83022
14.4881
13.6471
13.7488
13.8021
10.9915
11.8989
11.9062
14.4356
6.9486
13.1505
14.4404
14.7534
11.3288
6.38584
9.518
10.3352
5.97239
8.76385
12.0971
9.25469
9.75387
7.61098
12.994
8.45268
10.9355
14.114
11.5831
11.0666
11.3958
10.3451
7.20032
11.5466
5.96336
10.5434
14.1968
13.2801
11.7524
11.5131
12.6438
14.3629
12.5801
9.54492
13.1171
14.1532
14.2772
12.1248
10.1977
13.7574
9.11714
6.88148
12.909
14.4992
14.2834
11.1588
14.6661
8.83741
11.694
14.6002
13.2971
13.1407
8.27252
12.9605
6.53518
12.9698
9.55172
10.4304
10.3842
8.38776
13.159
13.6375
10.9805
12.1151
11.1351
9.79192
11.9989
6.47743
5.89863
10.6201
9.22854
14.9639
14.95
14.8934
12.0684
10.6515
13.5879
7.46613
7.26597
13.2187
14.4334
14.902
11.9289
12.1452
13.4177
6.64467
12.8087
13.6088
11.8687
13.5188
10.0431
10.2748
12.5718
8.40158
11.2798
10.9579
6.10682
11.2601
14.0448
13.1723
14.3191
12.6697
5.89914
14.4593
5.48541
9.73543
9.77131
11.5289
14.2368
13.9714
8.70317
10.6849
9.43606
5.43787
6.43055
11.6443
14.4079
13.4675
11.6954
10.484
14.6832
13.8464
12.0913
10.8889
12.0332
12.4647
6.28983
14.8231
14.8684
6.52598
11.1447
11.9769
12.1588
6.69669
7.42017
13.4518
10.8576
14.3216
14.8473
12.3765
13.4019
9.22071
9.62436
9.05689
12.4654
9.63484
9.56966
6.3079
6.25037
11.137
14.0044
5.28445
11.623
12.6152
9.4203
11.0988
6.40459
13.1551
13.1789
11.4361
14.9831
11.9151
11.2005
6.22103
6.83282
10.9257
14.2836
11.3272
8.73729
12.9983
12.8568
14.7951
13.6257
8.99355
5.98824
12.1507
11.4167
10.1962
14.2183
6.43845
10.9405
11.7002
13.3298
7.37261
13.9678
10.5681
12.9833
14.1018
6.24747
13.504
12.3317
14.4114
14.6848
11.8347
13.6668
13.0977
14.3998
8.77735
14.6604
10.5622
9.62935
13.8632
13.8219
12.6618
12.9716
14.56
9.87453
9.99277
14.3545
12.698
10.816
8.68226
11.1303
11.7696
8.29451
14.3877
10.4432
14.918
13.6675
7.00781
14.6369
9.80036
9.87155
8.39377
10.0089
13.0604
12.0099
10.2859
9.66168
10.4676
14.7871
6.95668
8.58366
9.63455
12.1093
6.0834
11.0548
8.3492
10.3776
13.7175
12.7489
13.3046
12.4003
13.3894
12.4379
9.87838
12.5864
14.859
13.3905
13.2379
10.6914
12.9632
12.6666
14.1967
12.2895
8.28588
14.0384
11.23
12.8308
11.1814
11.0254
10.4981
13.6026
6.2433
13.0073
10.6911
14.9192
11.1207
6.03444
9.65593
7.70848
10.8674
12.9462
11.9373
12.3658
14.2025
13.5059
14.9251
13.5586
7.89504
8.60404
11.5199
10.9206
13.4326
10.7362
12.2767
11.0637
14.0196
12.1798
12.5626
12.2228
14.3799
7.82849
9.70482
11.3064
10.7667
13.8253
14.3298
11.7611
14.5667
10.0294
3.70685
13.8788
8.33091
12.0268
14.9395
11.3909
12.668
14.4693
8.37085
13.3918
13.1709
14.4907
11.3842
11.279
13.7042
8.10791
8.22267
13.9326
13.8107
10.0406
14.4533
8.69573
9.23275
13.3428
14.5311
13.6085
5.63845
12.99
13.9704
12.4613
5.93327
11.7692
5.96098
13.2644
10.0575
8.60601
13.9136
11.5001
10.4752
5.6548
5.1577
8.50397
14.3857
8.80816
11.9689
11.8341
11.7988
9.85629
10.6285
8.47551
13.7477
11.5102
10.0561
5.29719
13.5023
11.5791
12.8192
8.19523
12.949
8.39599
8.05182
5.5784
5.99023
13.6033
12.5332
10.3237
5.84867
12.523
10.3465
11.4244
10.3902
10.1558
9.88862
10.9338
11.3043
14.8258
11.4123
10.3249
6.93628
12.3014
14.5025
12.5696
11.9321
9.14179
12.7987
14.437
14.6645
11.2178
13.6958
9.83029
8.18635
10.0104
5.94012
8.52711
9.95173
11.3279
9.54203
13.0479
11.5957
10.7433
8.73836
13.1271
9.40834
10.2129
12.931
11.9359
13.8678
10.3325
5.42018
12.5927
6.50568
13.7414
10.4624
10.7431
12.6569
13.9191
14.1284
12.6226
13
14.1999
14.3564
14.48
8.05406
11.8524
4.42185
12.5788
12.8443
10.2366
5.82584
14.5562
10.0558
5.74878
13.6187
9.88753
6.27872
12.4463
12.7145
14.8349
9.67102
14.9599
13.853
5.05026
10.1747
10.7358
8.69143
8.71782
6.31706
11.7935
14.1054
14.0089
11.9289
10.5361
10.0425
13.3182
13.7718
13.9958
7.91469
8.077
12.7486
12.9375
9.61558
13.7102
12.652
12.4581
14.5862
13.6406
13.893
14.3449
14.3364
13.6639
14.9358
13.5155
12.6357
12.2136
11.6745
8.66969
11.3456
13.6632
12.4252
12.7293
13.1776
14.7619
14.7683
10.9692
10.8087
10.4448
8.8647
14.9572
11.6125
10.6826
10.646
13.9676
8.09641
8.21281
13.6363
13.961
13.2045
14.8394
14.5011
13.4414
7.15259
4.3576
11.7263
11.8231
6.83676
14.5987
13.7068
5.78946
8.34447
14.5897
13.2789
12.7913
10.9882
11.8265
14.5535
8.83413
10.1478
10.1504
14.0077
11.8253
12.0292
14.8218
7.18631
7.98481
8.92348
8.20761
12.3448
14.7306
13.2334
13.5641
10.933
10.9656
13.0329
10.9667
13.9323
9.24719
13.9223
13.6023
9.98505
13.07
11.8761
14.7178
13.3845
13.0878
14.8415
10.4877
6.80947
14.0531
10.5974
13.2954
14.4844
10.8684
11.7213
14.8598
14.0189
10.6878
10.282
10.4718
10.4709
13.2503
10.429
11.5373
13.1524
12.8765
11.3181
14.4146
11.0135
13.9965
9.00969
12.4513
8.86437
13.8555
13.3573
7.18889
11.6961
13.0851
5.26726
14.1513
9.59502
14.2038
5.59591
9.37749
13.4492
10.4843
6.91375
6.66583
13.7143
4.73484
9.88521
13.6454
10.7948
7.58747
5.21335
7.55044
10.6041
13.3957
14.0838
14.6344
14.4683
8.16248
11.7712
12.7113
11.5386
9.64734
10.0639
9.72663
10.6556
11.0603
8.36263
8.95794
11.94
8.3245
13.5246
9.65828
8.74796
12.5172
10.0702
14.3768
10.0922
9.71994
11.535
10.1012
7.93141
6.97198
12.2223
13.7612
13.9141
11.4468
13.4881
12.6322
9.37778
12.1073
13.9546
10.5975
8.13938
13.4996
14.8587
14.5635
14.0305
7.38374
12.2572
5.36126
12.1181
12.0604
9.39936
9.70672
11.8356
14.5966
14.6045
9.77665
11.4298
12.376
5.62618
14.4759
12.4275
14.2066
11.2049
13.0812
13.9927
11.8617
8.67571
9.8021
7.01617
9.83987
10.4545
5.36964
9.08272
14.669
10.7876
14.8462
12.6606
12.8095
13.4758
14.5797
8.78747
13.7034
13.4743
12.5976
11.3555
13.7976
14.1815
11.8409
9.01793
14.1798
12.1336
10.974
10.2053
14.4696
12.3714
13.899
11.6739
8.73053
12.957
12.0196
5.64077
6.86239
10.5189
14.4031
13.8429
14.3829
14.0978
11.9501
10.7065
13.668
10.9884
14.2941
11.8005
14.1958
12.3672
12.8289
13.0697
8.78051
12.7096
12.7364
8.47187
12.5744
11.6159
11.694
4.60795
9.47145
11.7614
12.7056
8.36593
13.7332
13.4451
12.531
14.2939
11.0004
10.5747
13.7815
12.1368
10.2807
11.0961
14.7939
12.2581
6.12337
14.0836
5.82371
13.163
6.6675
13.5071
14.8205
13.806
12.9879
10.3356
14.7235
12.966
11.4076
14.8739
12.1741
12.0693
14.5798
12.0149
14.2365
12.0519
11.5071
9.17301
12.5276
6.31897
13.8431
13.347
14.6053
11.1736
13.5081
14.3319
9.33599
12.5456
12.2181
12.9657
11.6806
14.5883
5.96785
10.5983
11.4163
6.46235
8.36431
11.9873
13.1224
8.6308
10.9235
10.7249
14.0159
11.5244
11.5819
8.08247
12.035
13.7185
8.4483
10.6514
13.8788
11.5765
13.4295
5.70755
4.99199
10.5843
13.4875
11.4659
14.4062
10.3271
12.1973
7.86494
13.1441
10.5588
10.0732
9.54376
11.145
6.90849
11.8226
7.39339
10.2995
11.7516
14.367
11.8587
14.7849
9.03029
10.7614
9.36969
11.0024
14.547
10.0353
12.4164
13.9057
11.7952
11.2831
13.2016
12.4748
11.6729
8.80904
11.1396
9.62294
6.10778
14.5322
14.1256
11.5708
14.1404
9.11186
12.762
12.1286
13.9196
13.3614
11.8394
12.3553
14.2554
12.8369
9.10982
11.4119
14.7483
13.8823
10.0285
8.38761
13.4236
10.0072
13.9775
10.2171
12.1155
6.13088
12.9613
14.3786
10.4155
14.1175
11.9031
13.2169
12.5189
9.21778
13.7422
14.719
14.0878
8.34531
10.7812
6.04141
8.78308
10.6008
11.9131
12.7682
12.451
9.74516
10.7146
12.8348
12.8048
9.92793
14.0612
13.579
11.2247
9.20155
12.2928
11.807
8.10691
11.7233
11.1073
10.9824
11.8453
9.68526
10.2652
12.5353
12.6185
14.8023
14.1114
12.3579
13.2412
10.5163
11.2187
12.1767
11.6789
14.5749
13.105
13.1411
9.9343
5.16759
10.0929
11.3651
12.572
14.4797
13.2197
12.6326
8.27825
11.867
8.08134
12.3016
9.42679
9.63908
11.3589
5.24637
12.0415
10.3142
9.07051
14.6139
13.8528
10.3061
10.6227
14.2043
11.5629
14.1634
10.203
10.8019
13.0904
9.68796
14.1348
10.8061
8.82937
6.80951
14.2477
10.4271
10.3181
10.4837
9.70973
12.7233
10.5767
13.5276
11.4284
14.2288
12.0779
7.90753
13.1445
11.8614
11.195
14.6088
14.3356
6.86917
5.46937
13.5261
14.2164
14.8276
5.8254
13.7051
9.90696
14.0744
14.9118
11.588
8.30605
13.2935
12.5929
14.1725
12.1941
10.7675
11.9579
11.1106
10.671
13.148
14.5645
11.6653
12.171
14.0649
13.8558
14.8243
9.54246
8.12414
10.7283
12.6042
13.9681
12.8845
6.81581
10.7519
14.2944
13.7087
7.92422
13.9866
11.762
13.9507
14.6854
12.7495
10.1121
14.9226
12.5504
5.14558
10.144
12.6336
14.1812
12.1921
9.12117
13.9138
14.6999
8.86283
8.26004
10.3352
12.7016
13.3826
8.48473
10.4057
12.6379
8.06939
7.89907
10.1796
9.3636
14.1121
12.5853
5.21978
14.525
13.7458
10.0047
11.478
5.7751
14.4002
5.30201
8.03023
9.63642
7.55285
9.73587
11.9901
12.9197
12.0333
12.8324
12.8548
13.9914
11.9272
12.9576
14.7641
10.1127
13.9021
13.3927
11.5652
11.8409
13.5328
5.65545
9.32355
14.7472
12.5752
5.64449
8.68336
13.5932
11.4307
14.0222
10.867
10.7004
5.18099
9.21573
13.102
11.0108
11.3732
14.225
8.97845
11.5469
12.401
5.74231
13.0352
10.929
11.2783
6.71093
5.7862
13.5833
4.79525
10.6514
13.9347
5.94263
13.9484
14.324
10.6319
12.2954
12.5129
13.9372
9.40183
13.4923
11.6229
8.83398
11.3811
11.9503
7.99148
4.3101
5.32155
9.47853
5.50022
10.1218
13.2425
11.7478
8.5171
13.8513
9.09243
13.7656
8.72824
13.3548
11.533
14.5444
14.4016
12.3006
13.6135
12.6587
12.1909
13.0389
10.2937
6.51608
9.64526
12.3974
13.8747
11.0927
8.13382
12.2134
5.11098
12.6675
9.56501
13.4986
8.96705
12.3901
7.07219
13.9161
6.97233
14.0608
12.0394
12.7844
9.32087
10.8073
13.9977
10.4263
13.854
5.74101
11.1763
14.2168
8.57327
14.1077
9.85781
8.56167
10.1086
12.3624
11.6032
8.77957
9.09741
14.083
14.1635
12.2492
8.88914
14.5019
8.5944
11.6565
13.3095
8.65354
10.1449
14.9443
8.82695
14.2943
11.8045
14.8673
7.45125
9.82432
8.26744
13.8605
14.9273
9.50796
14.7556
13.5949
12.9841
14.9635
11.6578
11.2533
5.91213
14.7934
14.4291
10.7718
11.395
14.4844
14.1994
8.93402
7.43102
11.2735
11.9207
11.5007
10.2054
8.53704
13.9883
9.39349
9.37141
10.0859
14.9786
7.95317
12.7969
11.2591
14.8634
13.2556
12.7757
10.1584
9.27451
11.2685
14.5997
12.771
10.6565
8.36313
9.85909
12.8011
6.20133
12.545
11.9394
8.63672
9.18274
5.77018
8.4677
11.9035
10.9097
9.79416
14.8646
13.3895
13.605
11.9885
14.7425
9.84352
7.26525
13.1721
13.0009
13.5337
11.4532
14.7117
14.3288
10.4186
10.3673
9.70532
14.4936
13.7648
11.3153
10.3331
13.732
13.1534
10.0051
9.25809
6.47105
12.9131
9.25629
14.6682
14.1075
13.1748
10.2422
11.3088
12.5949
13.9301
11.9081
13.8464
12.2279
9.27376
9.9599
9.47682
14.8541
13.4985
10.3033
14.5831
13.8948
7.85789
13.9343
14.6712
12.0564
10.7713
14.9952
10.0597
13.5061
13.9049
14.8039
11.6309
9.86814
10.949
10.397
11.492
12.9609
13.2609
14.2505
12.228
9.23857
12.4217
14.7722
12.7815
8.32713
14.014
8.59885
8.40695
14.642
9.42658
12.1178
11.5397
13.2862
13.4106
8.70563
13.9646
9.7669
14.2424
6.17561
12.1716
12.6851
4.28479
12.5566
13.5531
14.9576
14.5359
13.653
8.70131
14.6264
10.2161
5.89506
8.36819
10.9602
7.06165
12.4619
10.0289
13.4583
8.98376
10.6155
13.8538
9.50045
7.39723
14.6337
13.9139
11.2803
10.7901
8.05548
6.32781
11.52
11.32
9.92762
13.9675
12.4717
8.58801
8.99356
14.576
6.40611
13.508
9.42058
9.85793
10.6625
9.08553
10.0184
14.7333
11.1577
12.8083
14.1826
9.22312
13.1025
9.60798
10.3343
11.9565
7.54655
10.4628
11.0279
5.44031
11.0011
11.9351
13.8791
10.6981
5.9425
6.41834
12.6382
11.3854
10.3938
11.3288
13.0786
14.183
6.59762
13.9356
13.5163
11.6823
13.0285
11.929
10.5376
14.0824
12.4562
12.5876
5.91268
10.2391
11.0562
11.7994
11.628
8.37112
11.2084
10.2554
9.33629
14.4944
9.20464
11.2109
13.1857
14.6017
9.68445
12.4718
13.7024
8.72683
12.6804
14.4905
11.4763
6.84588
9.24799
9.49748
13.7247
8.40576
10.3705
7.46681
8.7358
9.7341
10.8441
11.8301
12.4761
14.3329
14.1723
11.9087
13.8225
12.491
13.9471
4.04837
14.5175
13.6993
13.7044
9.41714
8.97396
13.079
14.3421
14.3113
10.7409
13.268
11.8335
13.7636
12.6028
13.2709
10.7193
12.3542
9.48048
13.0582
10.7471
9.81776
10.1824
13.9822
11.7117
7.00322
13.1689
7.10091
13.3619
11.9677
11.9902
10.6683
8.66504
10.2185
14.4709
13.2622
13.1738
10.0956
11.7219
8.64077
6.14669
12.2018
9.17579
9.6517
14.4284
13.5335
10.2185
10.2421
11.6212
14.9946
9.09881
13.4031
7.87515
7.54479
12.903
10.0536
12.6377
12.3102
10.8714
9.47299
11.2908
8.70815
8.59068
10.0703
6.64801
11.9795
5.5341
11.541
14.1924
12.9095
12.7503
13.116
14.5287
8.63422
9.70932
13.0255
14.8034
14.1211
12.3437
11.0896
11.3113
13.7302
14.2678
12.7368
11.3026
11.3602
5.59942
9.97814
7.88588
14.3624
11.6424
8.49507
9.82606
9.6924
11.2481
10.7099
5.72481
9.14558
11.8769
12.8404
8.50087
12.261
11.9851
13.7204
7.66174
13.5706
11.0824
11.4657
11.9045
14.5611
7.35163
13.4889
10.0706
9.6012
11.2783
9.51634
8.91006
14.0206
10.7009
13.7294
13.5468
8.55335
13.4924
10.459
10.2763
5.26839
13.0375
12.3113
12.4767
14.4922
8.81467
11.2763
11.6511
9.4462
13.906
10.9544
12.1791
9.07546
10.7228
11.1
11.3873
10.5597
14.1128
9.2452
13.8321
13.5458
9.48498
9.64545
7.84208
4.86713
8.81521
6.17668
11.1851
11.7128
11.9749
12.7131
9.43593
10.7821
13.6929
14.3121
14.7373
11.6269
9.40142
14.893
10.9544
14.541
11.1316
11.7754
5.08408
12.6478
14.8888
9.16325
12.6174
13.5709
13.8672
13.3998
8.76816
11.0753
14.4231
5.55771
14.8021
14.8888
11.2178
6.47447
14.4151
13.4549
12.5834
11.446
14.2944
9.89569
12.8474
9.02576
11.5804
9.09807
10.5967
10.5296
12.0628
11.3049
12.8083
11.9034
6.15025
14.3167
5.78435
13.3091
13.5627
10.2252
11.3129
12.0723
8.91024
11.218
12.8718
13.8307
12.1748
8.12657
7.97615
12.8996
11.6959
9.7196
9.96483
11.6863
8.21728
10.003
5.73177
12.1512
11.7719
10.0826
12.5646
13.6219
12.2872
14.6092
14.7711
11.6163
12.6713
13.1553
8.89719
11.0272
9.14291
9.1027
10.8923
13.9378
14.3495
11.63
10.1951
13.6048
12.8158
11.2187
10.1422
12.2334
14.4215
8.34871
12.8002
10.7864
12.3852
11.0879
5.32368
6.69902
13.4632
12.3046
14.865
13.0974
8.66769
9.26972
9.32547
7.99409
10.1539
11.9991
12.7953
10.0834
9.38878
12.0988
13.366
12.4949
11.5821
9.45459
13.1471
11.292
9.88499
11.7308
13.1906
8.43123
9.21554
8.03881
13.4805
14.1515
10.6556
13.9688
10.1643
9.70633
14.654
10.2759
7.59185
12.5995
11.8267
10.2683
11.0801
7.33612
6.34099
11.157
12.8702
9.9704
10.3806
14.1944
8.4777
7.20799
7.58413
10.2556
8.98931
10.5314
13.3181
10.9236
12.4199
12.3283
8.8152
12.6926
12.2856
14.7077
5.86275
12.2599
11.4677
9.97009
12.9114
12.7662
14.9125
9.37836
5.39317
12.5945
13.1238
7.52571
14.2171
13.6593
14.4729
14.3863
13.2494
11.1904
13.4199
12.45
14.0157
12.3015
11.4111
14.7992
9.01852
5.86688
6.02498
12.6247
8.8551
11.3031
13.6139
11.4964
14.5188
8.50533
10.5752
12.9533
9.51721
14.8551
8.77325
9.65809
11.9604
14.3417
14.039
10.7701
7.94952
12.3589
9.52193
9.9464
11.5034
13.3258
5.65254
13.0778
11.3233
13.0347
9.34528
14.2223
11.4901
6.30633
11.1481
14.0131
8.98047
11.3773
13.4346
8.78379
12.1858
13.842
14.1234
11.7651
12.3301
12.0966
5.99558
9.86336
13.2922
12.5713
10.0288
13.9664
8.35176
11.7648
10.6886
12.87
10.3653
12.9746
13.8273
10.5686
14.7644
12.1507
9.97433
9.08487
14.0477
6.20894
7.97624
14.7006
9.69969
13.6042
12.7181
8.33904
14.8454
12.498
14.3707
14.6451
10.0637
14.2367
14.639
11.5297
12.7519
12.0407
12.0137
13.6545
6.45181
7.94976
14.1126
9.56842
6.35382
14.1137
11.1694
10.038
9.6855
6.86599
13.3074
8.08703
11.7302
13.1457
12.6409
12.899
8.47569
6.93278
13.9547
8.32097
9.3103
9.16908
14.1685
8.03468
14.6498
12.6161
11.0418
14.5178
13.5993
10.6101
8.8563
9.92142
10.7001
13.3916
12.1782
9.81108
13.3628
12.7997
13.8825
14.3045
8.34491
8.50359
14.6423
10.8967
14.5203
11.3011
11.9997
11.7236
12.5312
6.30217
7.29271
12.8181
13.7255
6.49007
7.91291
13.5381
7.15528
13.0044
7.77962
8.62921
13.887
14.5088
13.9947
7.76023
11.8263
13.5793
8.41759
14.8903
13.4823
11.9215
14.9621
14.3162
10.9832
12.1557
13.0103
14.6079
11.8457
12.7689
12.6607
13.1599
13.6482
11.5608
5.32779
13.0709
11.3288
13.6611
14.6743
14.2013
11.5636
8.90765
13.3012
11.2424
11.1254
10.235
7.20029
13.6903
8.69704
11.094
9.09211
11.0308
7.8455
12.182
12.0005
14.419
6.51567
9.54922
9.32348
6.69621
12.0704
10.6129
11.4794
14.4314
10.411
11.3396
8.64215
8.88346
13.449
9.44583
9.14749
14.3617
11.0982
12.9064
8.68191
7.74589
13.3433
12.3365
12.3516
14.3352
12.9639
5.45596
9.82958
9.89222
9.70965
5.74005
12.2358
13.2978
8.27439
11.8664
11.1804
14.7314
10.2389
14.0643
12.5086
8.9279
14.9022
13.4943
10.3192
10.9037
12.9447
11.0776
12.9905
13.4335
10.6117
13.983
11.0162
14.7789
12.2344
14.2996
12.4201
14.5782
10.3131
9.55411
11.9838
12.5794
10.1334
8.14176
9.33971
11.9471
11.8894
12.4959
7.32708
10.0065
9.34838
8.7696
8.67019
11.3594
12.8108
11.6607
13.2114
13.4436
6.36266
13.3979
13.4895
12.2236
12.6433
14.229
6.95387
10.9231
13.3393
12.2132
12.6731
12.6434
8.8984
9.71259
11.2869
14.3667
13.0066
14.0204
12.2665
12.3237
13.3987
10.0505
13.7572
12.2673
11.0111
12.1128
11.8906
13.1295
13.4736
11.8573
10.0792
12.1537
8.72946
13.6781
12.2654
13.7972
8.31995
8.30291
6.12902
11.2683
10.5198
12.7496
14.5296
13.0137
14.7273
5.79436
14.5565
14.769
11.3886
8.77699
14.1323
6.42982
12.3937
8.48748
13.6782
13.0922
8.29583
14.1803
6.00317
13.4467
11.5778
6.80532
10.3605
8.95035
8.19141
9.15593
14.408
10.4119
12.434
5.84723
13.3431
7.9268
5.71678
10.6998
10.6218
6.12536
10.5174
11.2808
8.97895
12.4756
10.6983
11.3587
7.28016
6.32515
7.37456
14.9645
12.0574
8.60527
13.6069
10.125
14.454
13.8983
14.6382
14.8715
12.3312
6.46867
11.9055
10.4981
8.66613
14.2256
12.2896
14.6352
14.4735
11.8008
10.2268
14.4171
12.0444
6.31102
10.8864
12.3101
14.6417
8.73463
10.9343
14.9272
12.1384
13.7406
10.9932
10.6559
12.3269
11.7221
10.6966
14.8352
11.3308
9.42595
5.82666
8.4926
9.09701
12.3827
14.174
11.9427
12.6054
7.71072
6.58532
11.1093
10.4931
9.37153
11.9613
8.94317
11.614
14.817
9.73023
9.91876
12.8884
13.3819
10.7925
11.6027
11.7315
9.03181
10.9931
11.7632
10.5002
11.8677
14.3924
7.21679
9.14171
14.9808
9.47902
12.1949
14.8221
10.7023
8.76117
14.4994
8.14554
12.8084
14.8881
11.709
10.4728
8.65451
11.973
12.6965
5.80136
9.17039
10.9633
10.7826
12.2161
9.85076
14.0972
8.48298
11.7203
14.9783
10.1715
5.9996
12.8091
14.1868
11.4408
5.97946
9.60747
9.75803
14.0257
9.02542
10.8841
12.4837
13.8757
8.0143
11.2978
9.5013
10.8628
14.0454
13.0508
13.0344
8.58978
12.3281
10.095
5.52014
14.5951
11.9172
9.94445
9.99346
12.9711
14.1064
14.2861
7.88754
11.8119
8.45645
11.9619
10.5105
12.6716
11.1945
9.78764
6.80957
14.1012
10.3893
10.1872
11.726
10.4833
11.6272
14.4071
11.2025
8.91002
8.56721
8.03365
8.80427
13.3068
14.8732
7.92314
7.23356
12.387
10.628
14.5308
12.6717
13.8656
10.8537
6.28816
8.63755
10.4562
8.7463
11.2135
11.7318
8.46687
5.66006
9.90768
10.7087
14.9383
10.0719
11.9795
11.8116
10.3666
13.3506
13.4485
9.31259
12.6397
11.3337
13.7993
5.79295
9.09105
13.6655
12.0332
14.2186
10.2176
10.0537
11.6808
13.9874
11.6913
10.559
14.6968
14.1336
10.9488
12.9588
14.3827
8.3069
9.89695
9.85981
11.6738
13.2075
11.8643
10.5614
11.7984
14.936
11.8667
12.1382
12.7045
11.2972
12.2015
14.2998
8.90261
12.56
14.5553
13.5573
5.22604
8.96173
10.3723
11.4953
11.6743
8.61548
10.665
11.3864
12.3377
12.5745
10.2607
14.1833
10.6506
13.3385
12.2385
14.0384
10.2088
10.7579
12.9405
14.4185
14.9684
10.1688
14.6168
13.7943
7.31337
9.10632
12.2924
12.2637
11.8109
10.4236
11.3148
6.60779
14.0647
9.73511
14.0262
12.8156
9.08105
13.7268
10.1642
14.5086
8.33428
12.9373
8.74915
8.99666
11.6198
9.76802
12.4447
13.1791
10.0242
14.6163
10.2461
12.7611
9.54646
13.2929
14.2755
7.83823
6.24242
9.71883
7.14055
8.55956
10.8875
12.2179
14.4384
14.3955
10.4764
5.05771
14.4319
12.8662
11.7287
10.9279
5.80262
9.25345
13.1831
14.824
8.7851
12.1977
11.509
10.877
7.90045
9.82695
7.60746
10.0854
13.2328
9.87482
13.0933
8.07592
6.80295
14.9165
14.2916
14.9711
12.7606
11.6067
14.5929
10.4174
10.044
11.5232
13.1425
11.83
9.52774
8.98187
12.1354
9.34994
9.95577
13.2805
14.6348
8.84794
12.8282
12.7963
10.1736
10.382
7.78557
9.00384
12.9552
8.99592
5.50694
12.6894
8.47671
13.5929
13.8723
14.5681
10.7255
8.62472
14.2943
8.79291
13.9455
13.8168
14.2385
14.0603
11.8679
14.2862
12.2642
7.84897
6.51499
10.9199
11.4996
14.9777
10.6119
13.0492
11.5404
14.9283
14.4936
6.24874
11.7018
12.2103
6.26378
10.168
11.9522
8.73523
14.3201
8.45245
9.13271
10.3953
13.9066
10.7355
8.64926
13.0185
10.6227
14.8832
11.7134
13.6235
14.3711
10.4083
9.38966
11.0076
14.6542
12.1896
14.9007
11.7241
13.6679
4.07811
9.5189
14.3045
8.72841
7.65157
14.5791
11.515
12.9098
12.5823
14.8845
13.0855
7.67576
12.2266
11.3844
14.7156
12.0031
8.47474
10.6276
9.55423
14.7895
13.931
8.81013
13.0093
12.1453
13.7755
11.3662
14.5611
12.6299
14.4166
14.8811
9.93807
10.7967
12.9579
11.922
10.1138
13.87
8.67455
6.03121
12.7406
12.5003
9.14334
14.901
13.4356
12.7673
14.2947
9.25846
13.68
8.23424
12.0072
10.8618
9.99138
13.8226
11.2719
13.8793
11.8723
11.6002
8.35356
9.51729
9.7009
14.1066
6.15722
14.8813
14.0912
12.4032
10.2705
9.26163
11.7038
11.5909
9.98608
13.3498
14.3508
11.7335
12.2247
12.3096
10.7471
7.61555
10.5506
13.7812
8.89821
7.5852
6.22337
13.6828
4.36344
5.18758
13.8037
11.061
12.1097
14.4857
13.7896
5.81214
12.3528
11.004
6.17314
12.7381
12.683
13.3825
14.0479
14.615
10.4663
11.35
8.30499
12.946
9.42023
14.9082
11.0386
10.4014
8.5488
6.32369
9.74043
9.77915
8.32337
13.4449
12.6917
13.8041
10.8023
11.0736
12.5012
4.29744
8.82247
10.482
14.6117
9.091
11.959
7.2934
12.9402
8.06621
9.95339
9.61637
11.1312
14.1983
14.9098
7.57837
13.8816
14.2211
14.3926
9.29322
14.8251
13.847
14.5644
7.81607
10.3482
13.0098
11.5326
13.6709
10.5334
9.88429
14.0825
9.98165
12.3537
10.0139
13.1358
9.29896
6.03492
10.6115
12.447
11.8185
10.2975
5.63339
10.5304
12.1352
12.9226
14.8273
12.8414
8.5154
9.5479
9.57195
13.4402
14.9756
13.1487
8.79376
9.94455
9.64126
6.24424
9.98803
8.77214
13.4066
11.0595
10.6688
8.82884
7.01207
14.2721
11.3846
12.0118
12.3102
13.6707
9.22566
14.8469
14.5696
13.2449
9.6335
10.095
12.9831
13.9273
8.84274
11.0235
13.0377
13.4748
5.76453
5.66467
5.97049
14.7451
10.5208
10.7334
12.0285
8.30312
11.2009
9.77534
11.8127
12.7006
11.4073
13.1027
9.83106
7.48842
13.8292
8.38903
14.4724
14.0595
11.1308
14.616
14.5121
9.51772
6.15062
11.8537
11.1326
9.36836
14.6785
9.56544
10.5704
13.9884
10.8822
7.38891
14.6836
7.28692
9.73149
10.2208
8.12863
13.6703
11.6089
13.167
8.67832
14.1929
11.5001
10.7433
10.7513
14.6487
10.5849
13.0524
13.212
14.2532
11.8193
13.442
13.8803
8.53817
10.243
10.4617
12.2034
11.2304
13.3844
14.1083
13.0881
12.3487
12.368
8.40186
11.0732
14.2803
12.813
13.45
11.688
6.45255
9.76653
13.8174
12.0972
9.09164
12.0967
13.5075
13.8109
13.5385
9.12458
10.7333
11.9393
9.38517
9.76672
9.56595
13.7029
14.6705
9.77047
11.6046
12.2835
13.6156
12.8167
14.2419
9.90897
6.07289
6.21973
10.9513
12.7761
13.8776
12.6669
13.7915
14.5389
13.3918
9.77117
11.8356
11.1576
11.4142
10.5843
12.582
14.3635
8.83298
14.6352
10.2358
8.25175
14.3777
10.4235
11.9862
11.8952
4.79722
7.90396
11.2349
11.5857
14.4885
13.5105
11.2646
13.7798
13.3227
8.41784
11.3223
14.2359
10.1069
13.1932
5.15592
9.2021
12.0966
10.1616
12.8936
12.0338
11.6048
12.4452
8.9794
12.3803
12.629
10.3996
6.21889
11.9105
13.9112
13.7867
11.4554
10.6174
12.4168
14.9983
13.5975
13.9233
11.6101
11.9084
7.09248
6.26167
11.7961
9.54309
10.0032
13.303
13.0428
13.8499
13.8917
14.1036
11.669
14.2792
13.7372
13.4171
11.4236
5.93469
12.5437
10.6876
14.975
8.4067
14.4031
5.81247
13.1258
5.50411
8.87021
9.50982
8.25647
9.27213
6.21918
11.4642
14.4594
13.6146
14.249
14.3188
13.4176
5.66969
9.04301
11.4697
5.24857
13.4791
13.1086
10.8003
13.5233
13.5729
12.9034
12.536
6.07785
10.1264
11.1125
7.89148
6.83273
5.41127
6.319
10.8868
6.50082
9.98623
12.4203
12.1454
8.39348
12.2408
12.3861
13.2891
9.99285
6.54832
5.35007
10.6554
12.7273
8.39779
9.00429
6.99736
9.75813
9.54377
11.7864
14.1068
10.311
11.7092
13.5597
10.3047
7.14308
11.4385
9.75029
9.75544
12.8297
9.00455
8.38589
13.7988
12.7095
12.4967
11.9614
11.0553
13.9577
10.1663
7.77485
12.0666
14.9302
5.71089
14.1123
14.4021
6.41084
12.8548
14.1454
9.99755
12.3764
8.86862
10.2888
13.8039
14.7176
12.0147
12.0098
14.7318
11.6267
10.9377
6.26766
10.8161
14.4137
9.84354
5.72225
9.33931
11.7164
9.71022
14.5969
9.27309
7.48929
13.6924
5.32566
6.00628
12.5361
10.0365
10.3035
11.4225
14.0538
5.33488
11.3753
10.7167
14.2224
12.6985
11.7208
12.5258
14.9102
10.1089
9.55296
11.5398
10.0645
12.2322
12.549
14.7724
13.6734
11.9373
13.861
8.29382
6.44908
14.3803
13.9235
8.23452
10.2705
14.6468
9.75404
6.37523
12.2382
8.14739
12.57
8.28944
11.115
12.2004
10.2709
12.2963
14.4428
12.8107
13.8764
8.62733
5.11899
12.646
11.5622
9.73909
14.5021
13.7893
8.36182
12.478
6.48735
6.54558
14.6183
14.3548
11.6981
9.80196
9.93581
12.2124
12.2102
11.7143
9.68193
9.86973
13.7884
13.8551
10.5533
9.43013
6.43254
14.4627
11.3013
9.54136
9.85572
12.9268
13.095
11.4797
9.18003
10.0264
9.14438
8.2458
12.1234
13.637
14.1925
14.2517
12.2484
14.3492
11.9022
12.1643
13.8584
13.9937
13.8349
13.4604
12.3116
7.55409
14.2267
14.0127
11.3769
9.674
11.3796
8.91655
10.6502
12.6027
9.74268
9.77641
10.0775
11.0973
11.6306
13.0825
10.241
12.1648
14.2058
12.7444
10.5991
8.33342
13.1668
14.6289
6.21947
7.65362
12.2931
13.3689
10.2914
10.6319
8.3502
5.96508
13.2251
14.65
14.6584
6.2966
12.3252
10.1153
9.98099
6.44966
12.3775
10.9198
10.9525
5.96799
14.7727
13.5006
10.0457
9.94707
13.5317
8.33328
12.6149
10.8052
14.0917
11.8532
12.5203
14.7279
13.6434
6.37668
11.3819
11.513
9.02468
14.4046
14.4803
11.5443
12.467
11.5667
9.98657
11.9019
12.1434
11.9957
10.1466
10.8503
12.0722
9.79473
9.16076
10.0088
14.6169
14.4675
10.7279
12.8135
8.16422
14.3278
8.91726
12.6467
12.0438
9.9038
14.299
8.52447
6.05964
7.24046
6.69572
10.0054
12.74
14.8044
13.6067
14.5936
11.3678
14.0457
13.7183
5.80574
14.3106
12.6692
13.3949
12.5052
9.46747
9.86373
11.9719
10.0588
10.095
10.4631
10.6635
14.5157
13.436
14.8571
13.0908
11.5034
14.2078
11.6461
13.5127
9.87716
11.4699
14.3591
9.44593
14.7968
9.80212
7.88386
10.3226
8.73821
12.8534
13.8324
14.6498
11.4532
13.916
11.9387
11.5591
14.3617
14.2669
5.79708
13.2284
8.25428
5.14201
9.48878
6.02484
8.80986
10.7581
11.6422
14.0294
12.9601
9.8747
10.9682
13.7676
14.4493
14.1326
9.66915
8.56259
12.291
11.2974
10.9449
10.737
8.67901
8.45033
11.043
9.19192
5.85643
10.4678
14.334
13.6437
14.0417
12.2559
12.1853
8.22939
11.8385
13.1707
13.2969
11.6622
9.84879
12.0279
13.5081
12.6868
9.74787
14.0125
5.81448
8.65068
13.9112
5.98672
13.9954
12.3443
7.00303
7.86339
10.9014
14.6991
9.8308
12.5793
11.5997
13.2713
10.2342
8.6489
8.50335
9.79171
10.5214
12.5489
7.39812
11.1418
14.7336
9.93953
13.9866
8.60291
14.8149
10.9606
13.9837
13.7069
8.38984
10.5601
8.73908
13.6563
11.0405
10.7552
10.8498
11.4503
9.90458
12.7183
10.184
11.7997
11.3155
9.99159
14.5624
9.96926
14.3365
12.6656
6.16147
5.80532
8.70468
9.84686
10.756
11.3255
12.3272
8.74017
10.6058
11.5661
9.28405
14.5131
13.2529
7.91633
13.1842
12.4512
11.476
12.4048
10.377
11.2623
13.3672
9.68317
14.0331
11.8546
10.7815
8.87744
13.2543
8.64173
9.33191
10.8165
11.9274
13.5003
8.42067
12.1013
14.8815
14.8721
11.9663
13.7185
14.3859
12.4233
13.3176
9.23279
5.21125
13.2578
8.34787
13.7277
7.45634
11.4932
9.83625
14.2994
12.9782
14.0578
11.8707
11.8113
13.3941
13.4876
13.9547
6.40471
10.5513
10.62
9.55042
14.3602
14.3255
11.3666
12.263
7.4348
12.0953
10.581
13.1088
11.4516
13.6308
11.4899
13.9964
13.6885
14.4221
12.2455
12.1296
6.33608
8.48018
11.7954
7.5529
8.55591
11.4332
10.1
11.125
14.8034
10.3125
10.857
12.0701
11.4126
14.2394
11.0057
14.2579
11.3733
6.07831
10.2156
13.5754
11.9958
11.491
14.9891
10.1207
14.8157
14.1908
14.6313
13.247
6.35418
14.7728
10.196
12.7209
12.0731
13.4094
12.3876
12.2547
11.6991
14.1569
14.9607
13.0808
13.8616
4.84315
5.50027
14.3818
11.3769
12.0229
12.3633
14.3917
14.9813
10.1167
10.6888
13.5415
11.5223
11.4896
13.2107
11.4331
13.0454
10.0179
7.2228
5.58199
10.1304
12.6159
14.2459
8.86279
7.94495
11.0643
14.6849
13.8124
7.37507
9.45737
8.2985
9.3621
10.9882
5.13033
12.519
9.13558
4.51745
8.91076
8.27352
14.7681
11.0243
10.3907
9.80466
10.757
11.2993
13.7692
10.3865
12.5558
14.5106
12.6773
12.7781
10.4478
14.9327
13.8596
7.28144
14.731
9.76436
10.2895
8.811
14.6097
12.2965
10.0377
14.1777
14.6974
11.5209
5.29688
10.9762
11.4443
14.9363
12.5709
9.39348
11.9602
12.3042
12.4733
6.98153
11.3271
10.1742
14.1331
10.5667
7.27854
7.83349
11.3026
10.7771
11.7137
9.93311
10.6367
9.83845
8.94995
14.2135
10.9589
13.2008
9.73104
9.292
13.9365
12.9444
11.6986
11.3712
10.9863
11.1014
12.2778
10.0422
14.4418
14.4675
7.93789
8.45343
12.4881
14.4337
8.94483
11.8393
6.22721
13.5521
12.0247
12.101
6.41827
10.7839
14.7673
13.7035
6.49057
11.8083
14.359
12.4986
11.2831
8.16869
14.1248
10.762
12.5182
13.4333
13.5927
11.189
9.20337
12.8966
11.0798
6.16523
14.5646
11.7472
11.8731
12.6604
11.2855
14.4257
10.5902
10.0008
13.6661
14.8922
13.6645
6.70958
11.7723
11.6111
14.27
12.3969
14.8045
9.38758
11.7408
10.6144
10.3313
13.9874
13.5503
8.77947
14.1678
14.962
7.74254
14.4504
13.2928
14.7424
14.1622
10.3146
12.0912
8.23529
14.4201
11.671
14.7961
11.1998
14.2449
12.3264
12.2527
11.9842
13.8681
7.86075
12.6492
14.1047
14.0019
14.7196
13.821
10.9496
14.3166
8.31834
12.4302
11.544
9.62176
9.73627
6.39421
12.6393
14.6272
12.8319
14.7009
10.7999
11.6792
6.01757
14.8128
8.09851
12.1084
6.96533
10.9456
12.5997
14.4106
13.6588
14.1374
14.2753
11.5269
6.04676
8.51098
8.29391
8.00189
12.9731
13.0745
5.24361
7.80375
10.9512
11.7441
12.8351
9.26516
14.0395
10.7788
11.137
14.5317
14.2919
12.8073
9.86131
10.7219
14.1644
7.76754
8.25473
9.37362
7.42946
11.9501
9.21443
11.9962
4.59085
12.1365
10.3486
13.8847
14.753
5.97969
14.7879
13.38
14.1885
13.8169
11.5797
10.5351
8.5518
13.4716
14.3384
12.1904
12.4261
9.71172
13.5823
13.4674
12.5839
11.9673
4.93998
12.2128
14.2793
7.10082
14.0177
10.3889
14.7486
13.9817
10.6176
4.39611
9.12154
11.0166
5.0343
11.391
13.1997
14.2022
8.35344
14.5914
14.3304
10.4317
10.5867
9.02513
13.309
6.94609
12.7706
13.8926
14.3256
8.14932
10.6841
14.5577
9.69125
11.9303
7.41388
11.9123
13.4907
9.20139
11.1056
10.8186
8.23804
13.2205
14.0747
14.0118
11.3591
11.6056
13.2757
10.2534
11.7492
10.6781
12.1599
10.7485
12.8101
14.1497
13.9545
14.1524
10.8925
8.68812
10.2321
7.60101
13.3532
10.6046
5.96073
13.8893
9.96074
12.1751
6.76001
12.5851
10.1335
6.56209
9.72979
9.66373
13.8231
6.55472
7.72614
12.5029
13.639
10.041
8.78881
12.4459
4.89391
10.4187
12.8832
9.86419
12.1048
12.033
6.17049
13.9143
12.313
11.227
12.0114
11.9279
11.1477
14.3284
10.0577
11.394
7.03769
9.68102
5.31073
10.398
10.9885
10.0516
13.1244
14.137
8.79977
13.2838
12.7931
8.62405
14.1485
11.0143
12.5996
14.3653
14.2485
10.7393
11.581
9.86029
11.9516
10.6617
13.343
11.0604
10.4976
7.69186
13.2202
4.52427
14.0475
13.4769
12.0329
13.8721
8.18822
14.011
13.8384
8.49195
5.51276
13.2429
11.8332
13.675
8.19603
13.6379
13.5303
8.58943
5.40929
13.4241
7.87272
10.5493
10.4429
9.78219
14.2145
9.09828
14.2632
11.0911
14.3577
10.5942
12.0509
7.24741
10.7286
14.7022
13.5737
13.2395
14.6686
7.04252
5.57955
14.4172
9.29243
9.3978
9.66594
12.8592
6.33634
10.6674
11.0955
14.7872
8.89909
13.9915
13.589
9.86258
10.9001
10.5995
13.7473
12.4041
11.4153
9.75022
10.5171
12.1345
11.2971
12.6679
10.4531
14.2882
13.5132
11.5373
13.2854
11.2048
14.1931
9.6164
8.94975
14.385
5.18377
9.64836
13.5842
13.3598
10.2527
14.187
12.6453
14.0042
11.827
10.0543
10.061
8.5704
10.8392
11.5491
13.6545
9.29118
12.5279
11.421
8.63943
6.4062
9.57634
10.8225
14.1106
13.0734
7.14637
12.6591
14.5315
9.54829
12.8824
10.5345
8.42261
10.389
12.6141
13.7629
14.8635
9.78197
14.1985
8.79744
8.17362
11.4907
10.1278
9.80017
13.2998
11.5629
6.09422
13.0998
9.17725
13.63
14.2437
9.1406
9.3719
14.4594
10.7514
8.67723
14.3644
11.1367
14.4218
10.9233
8.80643
14.7151
12.3185
10.0135
10.2167
12.1439
13.2666
12.7667
9.13878
10.9789
13.8358
12.2293
10.8334
14.7009
12.8532
12.1112
11.9466
8.31188
13.5387
11.0219
9.65119
11.8803
9.12869
14.7201
12.5535
14.1571
8.50583
14.2746
14.6088
13.2915
14.5924
9.84906
13.2056
13.7707
14.6145
6.901
14.6596
11.9459
11.9092
12.2114
10.6154
11.5775
14.2785
7.05129
5.39212
5.49529
12.5443
7.46792
12.256
6.55921
9.20812
8.98859
14.9145
5.28055
5.61022
14.4502
9.82175
8.81411
12.5023
12.6623
14.7861
8.75248
6.32158
13.1847
10.0228
8.64657
12.6212
9.29633
12.5258
13.3562
12.2276
10.0219
10.6673
14.7236
13.7049
6.15789
10.5413
12.4676
4.42476
13.7602
11.1861
12.9078
13.5479
12.2041
13.9499
11.7938
9.93585
7.91939
8.55408
11.7057
12.4447
12.7368
8.31803
10.3516
12.6803
7.37773
14.4475
13.2437
14.4388
11.0155
10.856
7.92753
13.6785
9.8868
5.53172
8.95739
11.4851
13.1034
13.3881
14.596
8.57164
11.3227
11.25
6.33854
11.1506
14.3241
11.9818
8.35751
12.4105
8.99218
6.18672
8.70602
9.4673
9.35185
13.0645
14.3026
10.1799
14.5587
13.1613
14.9417
8.09359
5.765
6.77669
9.58959
12.4571
14.3307
14.6204
5.55232
12.8182
9.79374
12.6491
9.08629
10.766
8.54759
8.48658
6.27497
13.0401
9.79114
14.2055
13.3453
5.53417
13.0396
6.16309
11.5151
8.86927
9.88287
8.31594
13.534
8.68982
13.4413
13.9005
9.07021
10.3594
14.7476
11.6524
14.4107
13.0274
11.3465
14.2761
13.9202
12.5313
13.2172
14.0905
10.1606
8.61889
11.5935
10.9002
11.7303
12.7287
14.0424
14.2639
6.12121
8.59693
12.2087
14.1484
12.1869
8.67488
11.8763
12.5871
10.6323
13.5557
10.2878
9.19751
11.8537
10.7719
11.9129
8.71426
10.0639
10.6967
13.3461
12.9164
8.29857
12.4482
9.55828
10.6856
13.707
13.0239
10.5749
14.1403
14.5284
11.4038
9.71271
8.56761
11.7985
11.7813
11.5817
14.5121
13.7928
12.6711
14.3774
8.21678
14.815
9.74075
11.5458
9.03982
12.9178
8.02501
12.7874
12.2797
10.5435
14.5735
10.8617
11.8998
8.96895
9.98538
12.096
11.7403
12.6974
13.9619
12.8192
10.9801
11.8254
14.8578
12.4361
9.94572
10.662
9.93203
11.104
8.61244
6.4248
10.8203
13.4543
10.3195
13.0323
14.1014
14.7892
13.3051
8.75511
9.03613
11.8887
6.23153
9.8396
12.0955
13.4823
11.6169
8.7246
9.4821
14.0078
8.54339
12.3656
12.146
11.7307
10.4474
10.1833
11.6996
14.8511
10.4081
6.90072
11.6151
13.4668
10.554
9.86389
8.73945
14.2421
13.1161
11.3126
8.7384
14.7977
13.704
10.8362
14.9827
5.06156
14.8502
13.5231
5.47123
13.054
9.42666
14.3523
14.6892
14.399
7.69796
11.832
11.1196
9.14898
12.8435
11.8583
9.27691
11.8642
10.8114
9.04445
11.5503
12.7884
12.16
11.861
11.5425
12.4387
10.7345
11.3469
9.66973
9.86537
12.5627
12.5363
14.8238
14.6772
10.4189
11.3847
9.58361
10.1197
9.98569
10.6711
11.0178
5.95045
9.6157
5.20238
5.15666
10.784
12.3168
10.6763
8.78421
9.37924
14.2045
6.61444
12.9505
5.81225
10.295
7.80996
11.6253
13.2752
8.91851
10.1788
12.0174
12.3724
8.44391
12.4327
13.8336
7.7639
10.3171
12.0527
5.10408
12.003
14.9595
13.5013
10.4716
13.7982
11.2812
12.7366
10.0586
10.8983
12.1599
14.0048
13.6724
13.4687
10.9553
5.70971
12.7559
14.5399
13.4588
13.9379
14.6967
9.75629
10.1979
10.9224
13.7861
12.4696
6.16509
6.08922
10.386
13.855
14.7256
6.99338
13.7039
11.007
9.90778
14.7487
12.0402
12.2079
13.5606
9.33992
8.58919
13.0627
11.3709
14.9909
11.2672
10.725
9.91271
14.841
11.9699
13.5766
14.256
10.8827
12.2037
14.6363
12.3205
10.9
14.9059
5.85967
14.3662
11.716
10.495
10.0119
10.2388
10.6639
9.84675
14.6963
9.36563
14.2406
14.3139
10.4313
8.93334
9.64913
10.7684
12.4081
10.6415
11.0985
10.9594
10.1356
13.0571
10.3166
7.38445
13.5973
7.60357
13.792
10.8558
10.759
14.9377
9.21415
14.2003
10.9867
12.7176
12.2369
13.9062
14.2131
5.20894
6.1753
13.4681
5.49164
10.4812
14.3724
5.93978
13.7719
14.3984
14.0263
9.14115
7.42986
10.7001
13.4017
13.3694
13.0517
13.279
10.4176
10.5893
10.3028
9.96597
12.5124
14.7429
11.1863
14.0608
10.278
14.642
8.00596
9.30888
9.95576
14.2677
5.37909
12.8497
12.8195
12.6487
12.1373
11.2095
13.8443
8.8852
10.9635
13.0262
13.3645
14.6943
12.8325
11.8818
14.4643
13.1468
14.8051
13.2891
11.7801
11.471
13.4265
11.9725
7.3221
13.2847
8.80277
9.34569
11.9531
11.2404
13.7084
11.0974
13.949
14.8574
11.0347
12.0852
14.8903
10.2003
13.7989
11.3293
9.78991
9.56991
6.33699
6.03428
13.3822
11.4381
14.1643
11.6055
11.0224
8.45693
13.3207
7.1995
11.9989
14.7316
13.6091
9.17939
13.5716
11.606
12.2102
14.6857
9.7592
11.8668
10.3888
12.7734
10.7074
13.5543
10.6625
11.0283
11.0945
10.4391
14.0912
14.4043
11.602
12.9445
13.0467
9.00931
9.23326
13.9598
9.66886
14.1695
12.2403
14.6343
13.8718
11.1635
9.20883
6.15652
8.67533
5.56729
9.14207
9.18284
8.41051
6.13925
11.2462
9.45464
11.5725
10.9464
9.97096
11.2281
7.04574
13.6983
10.7019
12.3809
14.316
12.6007
5.48929
6.95486
12.9327
4.56455
5.9695
14.4369
11.8841
11.5163
12.9786
11.6121
14.885
7.93604
10.2182
12.6799
14.219
9.92081
11.8982
11.2693
8.31382
9.41707
8.9973
9.22275
14.7114
8.62824
10.6119
13.0869
8.72749
11.3963
14.9263
13.3722
7.11061
10.7455
10.8819
12.5421
5.15402
13.5906
9.55401
12.9824
14.389
6.67655
13.4299
11.7417
8.51068
14.4897
14.322
12.6555
11.8884
5.94621
10.0635
8.42464
14.1313
7.31101
11.765
13.4343
13.2036
13.3012
8.59763
6.00498
13.6147
14.3506
12.3085
12.7212
5.90082
10.957
14.9312
10.5119
13.3952
7.64728
13.1074
12.6055
11.7926
10.2661
10.7596
4.77566
14.239
9.36491
11.7261
12.2985
11.5162
7.98293
13.0409
12.2768
12.1836
11.6172
14.7395
12.4897
11.6926
12.8382
9.50222
12.1159
14.9873
12.3096
14.6158
12.6627
14.8343
13.3784
12.1328
10.6635
12.0978
8.99139
14.2305
14.1881
11.7195
13.5222
13.0831
13.9758
8.56677
14.2827
14.1744
13.9484
8.64178
13.2081
5.97096
10.3112
12.6407
14.688
10.5418
14.2329
14.1381
11.0961
13.4715
12.3981
14.4095
12.2741
13.8672
10.7224
13.9721
13.0008
13.9493
14.4888
8.72356
6.27489
11.9377
10.3348
10.0025
4.69457
11.721
10.5166
10.9768
13.4763
4.47143
14.2656
9.03461
14.2693
12.1012
5.69523
6.43938
12.3971
13.5227
10.6313
13.5474
13.2107
6.13516
4.46995
12.6441
12.6811
11.5667
10.0988
9.51488
8.68456
9.21229
10.1267
14.4408
10.5714
8.8296
6.26677
11.451
10.1651
10.2741
9.64738
11.7822
9.7741
14.0676
7.88089
10.0358
10.4563
13.0034
9.71487
13.7027
13.6421
13.8348
9.99411
11.9018
12.0035
13.36
14.3741
14.6035
12.2754
9.3013
9.97516
12.0585
7.49102
12.8455
7.7094
10.6014
13.2109
8.48943
13.4233
12.2799
9.21236
14.0596
5.78894
10.7701
10.108
5.43694
5.61133
12.183
7.78763
6.46455
8.69509
10.9146
11.9968
13.7275
6.35192
7.09839
12.0035
14.7916
14.576
14.7952
12.5968
6.2283
12.4819
13.0782
10.2966
12.0127
13.8915
12.1057
11.627
14.8707
6.43297
10.5003
13.9939
14.1542
11.8807
5.28896
5.38773
10.9492
14.7581
13.6638
14.1686
11.9576
6.66384
8.70412
14.8652
12.7554
11.4708
9.34591
11.3648
13.2488
10.6316
10.2933
8.0394
6.55843
11.3564
12.2787
14.847
13.2394
12.6176
14.9318
10.6113
13.7519
12.4288
5.75182
8.29942
12.3927
11.8038
12.262
13.9831
14.711
5.22906
8.75169
12.163
12.3539
10.7262
12.162
12.848
14.6104
12.7347
8.69264
9.91685
9.77374
10.7789
14.8766
8.90862
9.58377
13.4016
13.9255
9.18031
13.9045
6.33497
10.306
13.6912
4.86798
5.03854
11.8076
10.674
11.9721
11.1674
14.6436
11.7958
10.984
11.5414
12.2546
7.2675
6.20612
6.44763
14.5898
11.3548
12.4801
7.27908
12.1407
12.1706
10.583
13.1399
11.7703
12.0734
12.6427
10.283
10.6507
9.52003
12.4958
13.2443
9.53187
9.80564
10.6369
10.3272
11.6135
11.2094
9.2213
11.3185
12.4338
12.598
6.04815
14.9289
10.9571
12.5543
12.5825
12.0876
14.8023
9.70561
11.6114
14.0091
13.4478
13.7988
8.81657
9.61104
12.981
11.3605
10.9611
5.51065
13.7382
13.1473
14.1459
12.1615
12.5823
11.4636
11.3894
10.5437
13.0103
9.63789
12.1944
13.8494
8.30454
7.94638
10.2314
14.5565
11.829
14.7209
9.02036
14.8707
12.9495
12.9721
12.5649
11.2049
14.4559
10.5037
13.1423
13.3801
11.1538
14.8176
6.20162
14.2014
13.4295
7.56451
14.3253
10.734
14.374
12.3221
8.25987
12.9305
13.0862
13.5198
10.0784
14.0198
14.706
13.9584
9.93098
10.1133
14.6158
10.4464
9.69691
7.00169
13.657
6.07806
14.9441
12.1361
14.8522
10.0719
12.0033
10.3577
11.8462
8.18291
9.73168
10.7324
9.69464
5.67718
8.67571
9.73832
10.3197
10.6322
11.5997
5.18654
10.9403
13.3551
14.1456
10.4734
13.9885
11.9287
14.4621
13.968
8.57831
6.29878
13.812
9.36721
13.5932
8.3895
10.4332
12.5443
6.04976
12.0479
7.0472
9.3431
13.1994
12.4862
14.2971
9.92831
10.5651
8.52669
11.9533
7.73029
8.70903
13.8511
10.9949
14.1843
5.34075
14.0841
10.8174
13.1969
10.1907
6.02141
10.5161
12.3745
12.3662
13.3452
13.2436
8.86782
8.13686
9.37564
13.538
13.0594
10.8913
11.4037
12.4459
10.0499
8.53324
14.2451
6.48508
8.05826
14.4612
10.3673
9.69317
14.502
13.2848
13.4141
7.76079
13.3399
13.5083
13.4704
11.8064
5.40801
14.2248
5.64231
11.2571
12.2847
12.444
12.1154
11.1136
14.8337
12.1685
11.0848
6.71393
10.3351
12.1477
10.7171
9.33384
10.7113
5.08906
8.32476
10.9641
9.67014
12.4597
10.4017
9.2171
13.13
13.9992
13.329
14.6196
6.44457
14.6147
11.8574
14.9518
6.74714
14.5015
6.91417
11.747
14.3366
14.1298
8.38988
13.2318
10.4424
10.0428
7.69696
14.2288
11.776
14.8951
10.7703
14.1608
7.60269
12.5055
9.72594
8.83991
12.7009
4.84493
8.38064
13.3573
11.0288
14.0479
7.56386
14.4152
11.4351
6.03478
9.55522
8.50931
7.3322
13.7506
14.1633
13.9205
14.7603
13.6622
7.58876
11.3111
14.0655
5.72031
9.26177
13.3892
11.6405
10.6524
11.8851
9.63263
13.8069
13.1886
13.0487
10.046
11.937
12.0099
11.8114
10.0989
13.452
10.7959
4.51866
13.6474
11.2459
13.7642
14.0431
11.3291
10.2153
5.94023
6.49949
14.478
7.66844
9.43144
14.3862
12.9625
14.434
14.7592
11.552
9.31147
12.8998
12.4696
10.1081
14.2736
13.0723
10.3489
13.7837
11.0462
13.9281
9.6363
6.56348
11.3523
6.77614
8.348
12.4977
13.0801
11.1294
12.65
14.0952
12.3135
12.5843
13.9026
6.55573
9.55296
10.8724
14.9657
14.7191
14.6775
9.62962
14.1935
14.6995
13.2447
9.27495
10.9606
11.4141
14.8123
13.305
13.4845
14.2414
13.0365
8.90923
12.7305
5.79719
14.1278
12.5839
9.38989
12.2084
11.9163
14.5933
8.96079
4.62632
13.1697
12.4352
13.2792
5.39874
8.61695
11.9854
10.7953
9.48256
14.7902
10.18
10.1745
11.6377
11.3069
8.82019
6.08536
11.7733
10.643
8.91625
13.6492
14.8109
7.58741
12.0586
13.7499
9.55526
13.3901
11.8079
14.3089
14.6933
14.8096
14.278
13.6279
6.28712
12.1029
12.1552
5.60726
13.0306
5.72586
14.3436
11.1658
8.86755
10.0174
10.0934
13.6003
11.7332
9.535
14.1483
11.3544
14.6043
11.2231
13.6551
10.2443
13.2631
9.94335
13.5938
12.124
9.58022
12.4528
12.9874
12.8401
5.35476
8.37012
10.9159
14.0134
9.69954
11.0274
8.23391
12.0986
14.0047
12.0703
12.5899
13.1163
10.4713
13.2433
4.8275
10.3665
12.9517
10.7332
6.70147
11.812
9.1893
14.0323
10.9575
8.94635
5.49452
11.3927
12.6275
8.98466
10.8052
8.55573
11.5241
5.68309
10.7057
8.10573
9.31227
5.73744
13.6129
8.52714
14.2713
10.8429
11.2317
8.49981
9.81789
14.6982
11.3949
14.1365
11.6827
10.9193
14.3188
11.9608
10.7992
13.7209
10.1296
14.2487
12.619
11.6988
12.7786
11.994
9.07035
12.4303
14.9068
11.5583
8.54645
13.0577
12.3658
10.9575
14.4462
12.258
8.56942
14.5808
13.4073
10.5522
14.5555
11.4054
14.0146
9.53669
14.8071
13.647
7.7779
10.789
13.1497
11.9075
7.89423
9.71432
9.97263
14.601
9.8965
11.4786
13.8688
12.4859
14.0378
10.1471
11.532
8.88267
10.202
11.1716
7.28181
14.4297
9.86134
11.4747
10.5034
9.97831
5.63283
12.094
9.58984
13.4562
14.4258
9.92816
13.642
5.98806
13.9549
9.47015
13.4115
9.61598
14.4899
14.0268
14.1019
5.13969
12.5613
5.94805
14.304
9.68262
12.5066
9.63383
12.9229
12.427
10.9092
9.26859
11.6369
13.4635
10.5026
13.0851
5.90706
11.8429
11.7292
14.1476
12.7783
13.157
13.9523
10.1445
11.3114
11.3951
13.0981
14.6563
9.64467
9.35888
12.9649
11.1837
11.0374
13.1302
10.1902
6.18422
5.92932
9.37916
12.3625
12.8356
14.2607
12.6214
10.2711
11.4848
8.08805
14.1975
12.837
14.3406
13.9045
9.59787
8.60774
10.7319
14.6978
6.28594
8.58973
13.3758
13.8886
10.609
12.9419
11.0595
12.4511
10.7694
12.2999
11.6879
13.8102
12.5743
9.51411
5.95366
6.24505
12.3513
11.6482
11.6139
9.88934
10.2424
13.5904
11.2608
12.7155
14.1084
14.5873
14.8203
13.225
14.2237
10.7722
12.0256
13.7029
9.91782
11.3137
11.3168
14.5127
11.8546
9.56791
13.2169
14.4526
14.7107
10.962
12.008
9.69281
8.01333
9.55677
11.3766
14.7356
11.1649
10.6834
6.00502
13.7715
11.2944
7.34219
14.4268
14.4517
10.3925
14.8744
9.03483
12.9542
6.85629
14.4168
12.5729
13.3192
10.445
12.3307
10.5157
12.9099
9.76825
11.4204
12.2323
6.45792
12.5819
6.80909
12.3889
13.2544
12.5893
14.4126
13.0297
10.1193
14.3631
10.8493
13.7212
12.4001
9.91037
14.434
10.7934
11.7923
10.7365
11.421
10.5973
10.9551
10.2666
12.4127
14.5594
11.5586
8.6382
11.1118
9.69064
12.6279
11.9123
13.5586
8.65227
10.5687
9.17422
9.6068
12.385
12.1307
10.9791
12.9806
14.6023
12.2171
13.346
11.6707
6.46786
14.9406
11.7964
5.62924
9.64506
10.4681
11.712
14.5188
8.2358
14.7163
9.63978
13.5634
14.4749
12.4779
13.4415
8.56114
9.47239
12.6785
9.85604
11.7254
6.20549
13.0251
7.5031
8.85275
13.0608
10.265
13.6852
6.6936
6.06031
5.20395
12.1897
10.302
9.9898
9.17581
9.37461
13.8334
10.6278
13.4294
13.1239
12.2249
10.5661
11.7417
11.5946
13.0913
11.1892
13.1061
8.33658
11.9851
10.4048
10.5788
9.88424
9.93113
11.6836
7.24485
14.716
8.76026
14.43
13.8804
12.245
11.493
8.45176
11.3874
11.9538
10.7724
14.6007
9.31471
14.2412
13.2878
5.008
7.93766
13.184
12.122
13.8884
11.7227
12.9838
10.5912
9.10409
13.4608
10.8144
14.2525
10.4289
6.92648
12.8721
14.2267
6.41965
8.69711
8.32636
9.36396
14.9113
5.7427
10.7754
10.4739
11.8575
13.5206
14.1179
8.69826
13.2902
10.5167
8.80084
7.34037
8.9644
12.8572
13.1868
10.5465
12.6515
10.1039
11.1608
10.5993
12.3643
12.8901
8.52803
12.3784
14.7116
9.54202
9.85605
12.9271
13.0954
11.4794
9.17939
10.0267
10.4911
13.0691
11.6545
14.428
12.9821
12.2599
8.3926
10.6343
7.24978
10.5389
10.9746
12.6151
8.06696
14.9604
13.9218
13.0377
8.98222
12.3299
13.7918
14.236
10.8631
10.1157
12.279
14.4759
12.1971
14.459
14.115
6.08184
11.3312
7.66181
14.3764
7.33873
6.1637
7.6693
7.30536
11.7777
14.0884
13.7553
12.0352
12.679
14.1124
11.1078
13.6458
11.4723
13.9524
11.7829
13.1061
8.03054
12.1375
10.5097
8.25894
14.4669
6.20707
14.626
8.73877
8.73571
13.9449
14.1653
11.6296
7.38756
14.9762
9.92491
11.225
12.4503
8.81024
11.6113
12.0809
9.9002
11.4103
9.86024
11.9581
14.8237
13.4659
13.5444
12.3761
5.67
12.4581
9.93044
13.7226
9.00263
14.6689
5.94295
14.072
10.1801
14.3172
10.1736
13.2937
12.5654
9.70974
11.5946
9.66463
8.2173
14.0407
7.74017
8.66693
12.8475
9.77071
8.62771
10.8371
11.6869
9.93295
10.7312
11.7535
12.3981
9.64633
13.2203
13.1878
12.4535
10.752
12.8461
12.439
4.89515
8.1531
10.9025
12.0636
14.4771
12.8632
7.29444
11.7381
10.0091
5.19675
13.334
11.0511
11.1483
6.09831
10.4571
13.8497
8.72341
10.3524
11.7469
6.08364
10.2787
8.29097
11.9008
12.0452
13.9845
14.2913
11.012
7.64416
9.02341
9.49297
9.37508
9.10436
11.6324
8.76419
7.03623
14.0095
10.7975
12.0726
14.2561
4.6267
13.8897
12.0666
12.8664
11.5733
14.4554
9.94204
11.9938
14.9788
5.86985
9.53125
9.8525
6.17175
12.0347
9.72144
6.16911
13.9595
8.76221
11.5956
14.2257
12.0848
9.97375
9.39028
10.7778
9.17952
9.98473
10.6878
9.29563
12.8531
9.57738
11.0416
8.62151
14.7959
9.70237
8.09146
12.2602
10.3131
9.41678
12.2869
9.25878
13.7074
10.6134
6.0976
12.1339
14.5034
9.47692
14.6517
9.50127
11.4445
10.573
13.4956
13.2829
13.7518
10.6365
14.8703
11.6135
11.0547
14.8103
9.65056
10.136
12.7308
14.8289
7.65411
11.8273
6.78872
13.1404
10.8884
10.5567
11.353
6.40288
13.9421
13.3816
7.00437
10.7145
8.86272
10.8175
9.17067
10.6444
10.2595
9.54362
11.7736
12.0363
11.7984
12.8199
14.6061
10.8881
8.3779
7.99571
10.5715
7.81918
8.72331
7.88268
13.4963
9.14039
14.1344
14.4112
5.96564
12.7875
10.3878
12.9105
14.8552
6.13001
14.8222
10.6295
9.85149
7.09851
5.75152
14.299
13.1129
14.1252
12.1094
11.3574
10.6746
12.5303
10.1362
8.82808
5.83313
11.7803
13.7182
6.87334
12.7878
11.6426
9.86515
13.8474
13.8923
9.7576
9.18071
10.9793
11.2224
14.422
10.0604
9.93734
13.2433
10.2176
9.86385
11.1321
10.7375
12.0395
10.7799
14.8834
9.59787
12.7856
11.0705
14.5785
8.22818
13.0125
11.9874
10.8025
14.2797
14.7883
8.94884
12.1769
12.4634
11.5934
5.90273
12.3065
10.9254
6.44272
11.7743
11.8871
11.5887
10.4393
8.34412
12.8541
13.1602
12.7928
5.28809
9.5385
13.6212
11.3689
11.723
11.4531
14.1062
14.6055
13.1564
11.7056
10.7833
14.0007
14.6425
13.5423
9.80285
10.317
12.0901
14.6892
12.9871
8.04131
11.2593
8.07043
11.3057
9.66059
8.42538
12.4895
6.23882
14.5074
6.7156
4.53825
13.3201
11.3198
12.3524
6.94855
13.1028
9.026
12.7906
6.41528
11.0817
9.29982
8.30726
11.327
7.92454
13.6184
11.127
10.1713
10.6795
14.0894
13.5946
14.4042
14.1657
10.4227
12.3911
12.7695
14.5103
14.3687
9.96589
13.3874
10.1341
11.1237
13.0448
9.37902
13.8675
10.5131
8.8256
10.1688
9.19955
11.0053
10.4102
5.39992
12.5382
12.6742
9.75193
8.33991
10.4829
7.27398
13.9845
10.2469
11.5053
6.165
13.2243
14.919
8.64749
10.0062
10.9042
13.0572
12.8506
10.7951
14.9391
9.33517
11.9289
6.06252
10.9938
11.2715
12.9536
7.09866
10.0648
14.3538
5.47271
8.68751
12.1631
9.75231
10.2028
11.3876
12.7006
13.0974
11.7175
14.9433
13.2908
14.3688
11.5236
11.3131
8.15674
13.6303
11.3982
9.01599
11.3277
12.545
13.7247
13.4692
12.3488
14.4878
13.0538
12.061
12.6343
12.167
12.37
14.3342
10.7754
8.36889
12.4531
8.95053
10.409
12.542
9.03197
6.18055
6.2063
8.93696
14.0404
14.9794
11.3492
10.5014
11.2553
14.7245
12.2254
12.1705
13.4563
13.8939
6.29488
14.7904
4.89963
12.9041
13.4064
9.24174
7.65399
9.91461
14.4518
10.4535
12.6815
10.9433
8.60125
9.66829
9.37999
14.0753
14.2629
12.1066
4.53667
5.92393
14.0102
13.792
14.1016
13.131
12.354
12.6946
11.5483
14.687
14.465
12.6197
11.9381
8.90744
9.64316
12.2505
13.324
12.0103
12.8036
8.90708
14.9492
13.9787
12.3078
11.5521
8.22691
5.50388
8.3895
7.16072
5.84623
11.673
7.81275
9.86044
5.24859
11.7998
6.63598
10.3296
12.1307
13.8407
12.7945
10.8457
10.3067
9.99762
12.6456
14.4075
12.9009
12.7367
11.9589
14.8041
5.87634
9.64719
12.4053
14.4457
14.0767
10.648
13.2702
10.0002
11.9713
6.62585
8.15998
12.7817
10.5957
8.78664
10.2872
5.34501
14.0129
12.1884
10.8977
11.4521
13.7226
7.77009
6.9254
13.5243
9.96785
13.5946
10.485
9.04541
12.052
10.3234
8.72834
14.7026
14.7995
13.8501
13.0945
12.4317
14.4651
11.8821
10.4776
12.9595
9.58546
13.7751
8.99978
10.8206
8.35388
13.7562
10.4571
10.4572
10.4511
9.15315
14.4338
13.9542
9.70258
9.60356
12.5224
8.43845
5.91696
6.08207
9.98744
14.5915
12.0441
14.4972
11.2752
12.9022
14.9568
13.2745
12.4831
12.2266
10.7073
14.6844
9.75427
8.22623
7.42323
10.9127
13.2064
11.793
6.33645
13.1419
7.20809
11.9365
14.0819
14.278
14.3558
12.6448
11.4528
11.7906
14.2673
12.8281
14.7876
14.1319
8.41187
14.3526
9.37783
5.4388
13.1515
12.0895
13.9867
12.138
10.192
11.3819
10.1448
12.0352
6.08927
8.87568
13.49
6.57908
7.73067
14.7642
13.94
11.4825
10.732
11.488
12.5602
12.422
11.5128
13.2613
12.1641
12.484
10.4831
9.05617
10.5694
8.5804
13.5403
14.8897
12.6293
13.1245
10.9487
13.4216
11.1424
14.1068
11.9047
7.99294
12.9551
14.0392
11.3168
13.1433
14.3324
14.1585
14.7684
13.2703
14.8023
12.6902
11.3805
10.1483
10.5159
13.5658
8.58207
12.5061
9.07492
13.4399
12.767
12.1185
13.933
12.42
10.1829
10.0504
5.95824
6.34326
5.37202
12.4457
10.5648
9.98036
8.75712
12.3798
9.49357
7.23075
12.7004
9.87105
12.7609
13.3569
10.9365
13.2226
12.5296
14.5125
4.8017
7.56902
5.61128
14.2678
5.85353
12.6385
8.70207
14.7056
12.0671
14.574
12.4343
9.22818
12.8465
8.24471
6.13966
9.62583
13.9075
10.7511
12.1076
9.86198
6.39734
5.53659
13.4618
14.3865
14.5561
8.44945
9.77889
13.8419
12.4541
9.92262
10.9899
13.2109
12.9886
10.6462
5.48272
11.2504
9.621
10.0011
11.7099
12.6123
13.1141
10.8048
8.5371
14.8806
13.9987
12.6797
12.0668
13.4141
5.78897
14.5318
7.21017
12.9268
14.4745
8.95533
11.5337
13.1841
13.5202
8.68416
11.9274
11.7065
13.3725
11.3191
13.8308
10.6126
9.64492
12.0963
11.7068
8.46027
11.7966
11.8945
8.15263
6.92463
8.94356
10.0067
11.89
14.3393
12.3127
12.663
10.7818
11.4938
12.4985
11.0728
11.4464
13.9708
11.2769
10.9308
11.8379
5.9368
6.12487
8.13233
13.1004
12.3709
7.18707
13.2522
10.2159
8.58385
10.1995
9.82711
12.4387
12.4464
11.0206
5.88015
8.28347
11.6329
11.6635
10.9248
10.3428
11.0825
11.9107
13.4926
11.2594
11.0193
13.9614
6.29962
14.7532
9.97642
9.95379
10.0484
14.4792
11.3753
14.394
9.46632
14.2143
13.5584
12.8775
14.5086
9.87488
9.26069
13.4046
13.2424
11.5182
6.19313
11.8959
9.99958
5.86557
13.8409
12.7091
11.3572
9.92027
9.40999
13.6201
12.4871
7.20273
8.47157
13.9677
12.926
9.87969
12.4447
9.03768
13.3234
13.0743
8.92777
7.15046
14.328
13.9407
6.62549
11.0466
14.4272
11.2579
14.7713
8.47774
14.3236
7.66987
12.2103
8.49369
6.28368
14.7626
11.5036
14.6135
14.9068
8.38908
11.4645
13.5626
14.0566
10.3389
11.0191
12.1146
10.3458
8.88187
9.45727
5.53318
13.2848
11.4705
6.61815
11.4102
13.1809
9.13363
8.80928
14.3382
12.2767
14.6808
11.9449
12.4796
5.93
13.4708
9.59233
10.5817
6.69853
9.81737
13.4048
12.7221
5.62955
14.2048
12.5059
13.5898
6.47483
14.6605
14.9876
13.2072
14.198
8.05766
11.195
9.5297
14.5186
14.05
14.9441
13.4059
13.0083
10.1048
14.5362
9.80408
14.5143
14.102
14.4577
6.04423
10.2002
8.68906
9.79097
10.7038
5.10647
11.827
12.8873
10.1842
12.3831
10.804
11.8098
13.123
9.63901
5.89112
10.4368
9.94433
7.10281
12.7906
11.6705
13.8858
14.7259
13.7947
12.7283
10.8836
11.641
14.9294
14.1865
13.5154
14.4262
10.6878
14.191
10.1179
13.4721
14.3397
8.82835
7.83852
14.223
12.0795
11.2566
14.0927
13.0086
10.9752
11.8204
14.7907
14.5044
5.97409
10.0691
10.1239
11.9695
14.958
10.5966
10.5977
14.5505
11.8297
9.03816
13.9352
9.01224
14.668
10.0316
5.09001
11.1523
14.2132
14.1913
14.2897
13.985
13.5142
13.5288
11.6587
9.86229
7.0905
13.0524
14.7373
14.0932
14.9599
12.172
13.8596
12.916
12.7572
6.30668
10.8333
11.7047
10.7437
11.774
12.9537
11.439
12.0096
12.5362
14.5313
14.819
9.70633
6.7624
12.1982
9.43244
10.7736
14.723
10.0222
13.9025
8.81225
13.1924
11.3304
14.427
9.12392
14.2773
13.6594
14.8784
13.3124
7.87026
9.01879
13.7309
8.20266
9.29228
14.2873
8.99158
10.146
14.4503
12.2865
12.9451
5.3517
9.89551
9.14464
6.73149
12.5113
11.1452
9.63656
6.09632
12.0551
13.3121
8.30977
13.778
12.9055
7.09781
11.2903
8.6602
11.9484
14.5574
13.04
13.4159
11.4705
6.0051
12.0283
11.9427
14.0006
13.1549
13.0614
12.8712
8.13543
14.584
10.0224
14.4211
9.16597
9.35314
12.4698
5.70761
7.00046
10.7113
11.412
9.89804
14.9104
12.7095
14.6137
13.9689
8.80106
13.0315
12.3356
13.0353
14.405
13.7641
12.1749
8.6617
13.6039
13.5114
13.3167
9.96774
14.3121
10.7587
14.6485
11.3727
12.7528
14.4314
13.3055
8.41835
12.0983
13.2286
13.361
5.93001
13.1422
9.94316
13.9121
10.4937
11.2747
10.5613
13.1443
14.869
10.2264
12.1473
13.3468
13.9061
13.019
14.8628
13.6622
14.4723
9.91343
9.57334
14.2447
6.03001
12.4498
14.0488
13.6687
12.7428
5.91226
12.5086
14.7342
14.4238
9.66699
10.8283
10.4989
11.1101
12.6206
13.1824
11.3434
5.54118
14.5683
14.5427
13.3479
13.7675
14.6737
12.7231
7.63325
10.6151
14.0668
14.9245
10.8004
11.1375
12.7098
14.8148
12.0235
9.7263
13.8293
9.25143
13.2008
13.2611
13.1241
13.5824
10.2037
6.31877
9.87637
13.4989
5.29816
10.2938
12.7412
12.8428
6.1673
12.1655
13.6172
14.2974
9.23245
12.5559
12.8302
12.6587
11.3227
9.23162
12.4869
6.30909
13.3276
14.277
12.3412
10.8531
9.88358
8.66574
12.5369
9.54067
9.14568
13.6535
14.3774
9.74903
8.34754
10.1197
14.9835
5.98885
6.33373
6.28718
12.1955
11.5208
8.55446
9.81207
7.11741
11.6404
13.5451
9.31588
14.7625
13.7843
9.25402
9.50413
12.6985
13.5813
11.1837
14.3558
8.58672
8.88665
8.27708
11.25
5.70765
13.4602
8.82167
12.3613
5.22504
12.8352
13.6103
13.3589
11.7673
12.2644
14.6553
14.0756
10.3514
12.1545
8.99768
11.2014
9.66662
10.8343
14.3174
11.2807
14.1066
13.9181
14.0447
11.7842
12.6119
12.0387
8.08487
10.2014
12.6288
10.5996
9.06153
9.32464
9.46246
11.0368
9.41461
8.54167
12.6616
9.84457
10.3009
9.57709
9.96245
12.4665
10.3801
6.13386
11.9897
8.74401
10.8801
5.57077
12.1893
10.0081
11.8874
9.01788
14.3037
5.6216
14.3401
9.38174
13.7055
11.1194
6.21215
13.3438
6.19962
14.943
14.4565
14.9827
10.556
12.7174
14.3331
10.2235
13.0939
12.9029
14.7781
11.5347
8.45063
4.97168
6.32199
11.7648
12.9184
13.8547
9.06216
10.0185
12.1138
12.9921
9.73516
12.4239
10.2423
12.8447
11.2662
10.1551
13.5296
13.928
13.1293
6.1268
10.5577
5.72322
11.8835
9.28724
13.222
14.709
13.063
10.8054
5.78332
12.4482
11.5563
14.1247
7.3004
11.9773
12.2325
14.1736
8.66786
12.7398
13.7398
12.9106
12.5586
14.7903
8.51364
11.5354
10.992
14.2889
14.7977
11.8909
11.2314
11.0661
5.92076
11.9175
7.29305
11.3626
9.07916
7.3241
12.2856
10.0802
14.939
11.0926
10.6408
11.6849
14.9865
9.40287
12.5922
9.7026
12.08
6.26193
6.6201
12.083
10.1077
14.4181
12.4703
14.6755
14.9448
9.71868
9.84022
12.2634
7.18646
9.1221
11.9911
10.2237
11.7972
13.6002
13.9907
11.5744
8.83689
13.5748
11.4882
8.40061
9.79818
9.84441
9.98946
11.8479
5.46382
12.1837
13.9178
13.5084
7.31349
12.1643
6.76801
14.3034
10.4999
13.3343
9.43246
8.6552
14.8166
8.85576
10.2703
12.1987
9.76139
8.99976
13.9412
11.0147
14.3816
13.7767
14.4993
13.1624
10.592
12.8675
14.6626
11.7594
14.4629
11.3312
14.62
14.3326
14.7278
13.1376
12.2489
14.4095
14.5091
14.0046
9.79817
14.3107
14.7866
12.9206
13.926
12.3722
11.8724
5.55935
9.36654
12.819
10.5363
14.8775
10.1575
12.8158
14.8151
12.4242
10.4969
9.23451
14.5373
13.8883
12.0996
11.927
13.3202
12.7665
11.2148
13.6008
12.1187
13.9942
10.7732
13.1262
10.9242
12.1191
9.77529
12.4593
9.6308
14.5323
11.5529
9.01037
14.0693
12.3611
8.4248
12.9154
5.44463
14.3305
5.98456
11.4847
6.1923
10.4731
5.84726
13.2048
12.1085
10.9907
10.4135
11.3525
10.6676
7.76412
7.10691
13.2899
12.6636
11.8694
7.12387
7.14787
12.0417
11.5528
10.2251
13.9027
10.973
12.3093
9.81344
12.0473
13.8307
12.5296
10.9698
13.1461
14.2625
14.7342
11.25
13.1637
13.247
14.3787
8.58505
9.49587
10.6737
12.0366
9.43922
9.25786
10.397
11.1414
5.23886
13.0877
6.02178
6.89298
13.8622
9.76525
13.2995
12.6333
9.95532
6.03306
13.8841
9.95584
10.8155
11.2391
11.8709
8.07757
9.54638
11.7535
10.184
12.7512
12.4276
6.71295
9.96447
10.1642
14.5865
13.3378
13.3623
12.3128
5.77016
9.87277
13.5134
5.57416
13.7558
7.16793
8.75829
8.78387
14.8861
12.9235
5.22639
9.69044
8.71246
9.18672
12.1896
8.76609
12.7059
13.621
10.2868
9.77614
8.42957
6.00941
10.3221
12.1201
11.3842
9.03928
13.4944
13.6061
9.53844
6.45194
9.86298
14.48
10.6878
12.0251
10.7446
10.0144
8.67338
7.20402
14.8906
13.669
13.9316
11.6737
11.7124
11.8418
14.9644
8.46476
14.3231
13.2969
8.4918
14.4273
13.3436
14.4502
13.7023
11.1834
13.5165
5.97749
14.7204
13.2156
10.1945
9.27976
14.5165
8.6772
8.54724
12.0575
6.26574
11.3357
12.5596
13.5283
10.894
12.1519
12.6206
10.7977
14.027
14.2265
13.1181
6.64862
11.675
7.8166
13.9137
7.9013
14.3619
10.9092
10.3013
10.5134
13.429
13.5903
6.10876
11.6022
13.1992
11.4229
10.864
14.2414
13.5941
14.4832
14.8274
11.3725
11.2976
9.61722
13.8955
10.3477
12.5866
11.0086
10.7183
6.0117
11.9213
8.60011
9.03815
10.1574
14.7129
13.4236
11.8497
5.93218
7.95242
12.685
8.23989
11.4548
14.1654
8.24063
11.5448
13.929
14.8515
8.25464
12.7964
11.8608
4.57882
4.92602
11.4025
10.6464
8.78934
14.6207
9.64517
12.4671
9.52126
13.0333
14.6459
13.2809
7.43771
11.9804
13.2665
9.1424
8.71146
11.5213
14.2394
8.98479
11.1201
13.6712
8.6682
11.7067
14.5611
11.2518
11.6509
14.8019
12.4079
8.23942
5.18846
7.14173
10.954
9.01027
10.9649
11.7061
9.09926
12.8951
6.48683
5.54113
12.5949
11.4749
10.0843
12.5992
10.2196
14.3967
10.3106
14.0061
12.1201
14.2119
6.05052
14.911
5.84038
14.216
12.3947
11.5937
5.67901
14.3929
9.84311
14.2824
14.038
8.04405
7.73998
14.4167
14.3877
12.1002
11.2818
14.0654
11.6882
12.0406
13.7165
11.5798
11.8523
11.1462
14.9184
12.7749
12.2038
11.6434
14.2696
14.7524
10.4243
12.1409
8.45379
11.4803
12.0016
14.7449
11.5097
12.9462
14.8195
10.8319
5.14337
12.4582
13.5639
6.92665
10.5178
12.8008
12.186
14.7478
14.0718
11.9728
6.40615
12.4749
11.3036
11.5644
12.7975
12.3406
9.14789
8.45389
11.3394
14.9405
13.4501
14.5033
14.0923
7.79472
8.77613
9.68292
13.7804
7.72982
6.13097
5.442
11.837
12.7255
14.6945
11.9526
14.9744
13.5279
6.0041
12.5413
7.71633
14.9597
9.09456
7.58742
14.7738
6.07197
8.8327
13.0603
14.792
10.4031
13.1659
14.4595
13.7527
11.0346
10.6527
11.7411
14.6151
9.96887
13.9222
13.3605
14.8007
13.2063
13.3865
11.2
14.3252
9.47454
8.50348
9.04666
8.85224
9.79382
12.7429
13.3149
8.01671
13.7323
10.8361
14.2843
6.97177
6.17466
10.4579
7.61589
12.2093
7.01209
10.7367
11.7583
9.76517
12.3672
14.5575
12.6639
9.02905
13.5542
12.1677
7.13953
13.627
14.1865
11.8056
13.9945
13.4212
10.3369
10.049
10.1738
11.1302
5.69848
14.1733
11.8646
13.1443
7.872
14.7253
9.21042
12.7309
12.8113
9.21006
13.705
11.5126
8.68722
10.0277
14.1197
9.99834
14.2875
13.1278
11.2361
12.7045
12.83
12.7475
11.4561
12.0612
12.4783
14.1616
12.3731
8.81064
12.9713
14.268
9.12572
12.836
6.10892
11.0055
13.8774
9.57452
9.68109
14.7591
9.0434
13.9661
11.9779
11.0545
9.94305
13.5254
11.2092
13.131
12.8336
10.2956
11.1878
8.4393
13.3517
9.43797
9.60415
9.70445
10.1013
7.86438
14.3771
13.5642
5.97734
8.61208
9.84982
11.9746
13.4661
14.4068
12.3444
14.2106
9.13491
11.5559
14.5562
12.7777
12.367
14.6597
14.3234
9.88563
4.40121
6.4355
9.99286
6.99199
14.9553
13.1796
6.17859
11.0853
13.6602
10.1359
12.1032
10.691
14.1088
11.5042
12.8752
6.60628
5.82939
10.8339
11.9713
13.1856
13.9449
8.60793
12.368
13.4963
11.2715
14.3928
12.3675
8.85811
9.53496
13.0785
13.3098
10.8576
14.0673
10.6021
9.39922
7.13343
13.4118
5.15377
13.2959
14.2822
8.70384
9.97313
11.9113
11.9514
13.3918
13.2799
14.3085
9.07488
11.4411
11.8991
13.9079
13.9043
13.2884
13.9724
14.9729
14.2011
13.7015
12.5592
6.92977
14.8708
9.77973
13.5743
10.0918
14.9027
14.4842
8.10012
12.6256
14.6679
9.02949
12.8802
9.21965
11.5623
11.5501
14.6417
6.38924
12.1007
14.9452
11.5362
12.3456
13.7486
12.961
10.685
11.8838
11.2692
8.35438
13.8056
13.4737
5.8798
14.8859
11.5248
14.1374
7.79393
13.2537
11.5577
13.3809
14.8496
6.21317
10.0471
9.3559
13.5389
10.3817
5.94215
11.2918
13.8991
11.6924
14.1087
13.1532
11.7055
6.83836
6.26547
12.5151
14.3589
10.1754
14.5187
13.4507
13.7803
8.68478
14.1785
10.8966
9.23128
11.5942
9.3831
11.8986
14.6684
8.28751
10.2022
7.13661
12.4213
6.33403
14.5408
13.2636
13.5428
10.7639
11.501
11.8474
13.3325
10.5499
13.7478
14.3967
13.8232
11.2659
10.5477
12.8804
13.6336
11.4896
7.99548
12.0695
8.88453
10.4788
14.0253
11.3127
9.90937
14.5057
6.09965
9.31521
12.5637
9.59341
11.6783
9.81513
11.8855
11.9275
8.49921
14.0596
12.2832
13.3861
14.9808
9.06621
9.15609
9.39519
13.705
14.6391
11.288
14.7645
9.61165
12.9086
14.6741
14.6489
9.90551
12.9029
6.73014
5.31796
10.648
13.7064
7.14008
11.8359
8.11783
11.5066
11.2513
13.4835
13.2733
12.2524
10.0879
7.00337
13.0972
12.2398
11.6831
14.6894
6.03027
11.5211
13.3263
13.4044
14.9276
14.8276
13.3894
13.1204
14.3927
8.65332
11.234
9.42441
8.63331
6.79061
14.0171
13.6478
8.30668
14.152
12.6108
14.2333
5.67288
9.22917
14.9155
13.9783
11.1317
5.37365
13.3595
5.38979
13.5387
10.4165
11.1215
10.9902
13.1146
11.444
11.5501
13.1516
10.7737
12.5362
12.7229
10.5217
14.4777
13.7437
10.0494
14.1631
12.4929
10.6196
6.29473
10.0579
13.8267
11.1135
12.8709
8.58692
12.2689
4.81664
12.356
13.5463
11.8758
8.94343
9.99462
11.0011
9.8024
10.2064
4.8943
8.12625
5.52571
9.92856
9.82727
13.5744
13.2181
11.8165
14.2203
8.15818
12.4446
13.9588
11.6549
5.363
9.63523
6.32986
10.9067
10.361
7.82045
8.67692
14.8644
6.30255
10.0178
14.1076
14.1862
9.00133
13.47
13.721
10.8122
14.286
12.5722
14.0424
13.8581
13.0483
13.9272
11.3885
13.7569
13.1369
9.49247
13.278
10.1945
7.33717
14.8013
13.4433
11.5765
9.95953
13.317
14.8711
14.0204
9.99447
13.232
14.1117
12.587
14.8055
10.2402
10.6116
8.43931
12.5173
13.7867
9.92986
9.9559
14.0663
14.8344
14.2775
13.7713
14.8922
10.1409
14.8812
14.2785
13.8467
14.3452
9.57684
10.2242
7.89681
13.2245
11.1544
10.0631
14.7919
14.1835
12.5897
10.6741
13.751
14.7721
13.375
14.1684
14.2822
14.4435
9.00728
11.2147
14.1212
14.0038
11.2979
11.5092
9.97728
10.4517
12.9936
14.9106
11.4625
9.26309
10.0382
14.6292
11.7551
13.7294
12.2792
14.6858
8.72705
12.7147
10.3297
9.09479
6.12701
10.8454
10.6418
10.1675
13.387
11.8218
10.209
14.7718
10.2
10.5915
14.1616
9.75919
13.027
9.62291
10.4517
11.2569
14.1225
12.8692
13.9851
8.84449
8.81256
7.64506
12.729
11.4382
14.5696
10.1861
13.1739
9.86445
9.86004
9.97137
12.5862
13.2119
9.2625
14.4919
7.39322
7.19808
11.8904
11.4891
9.9583
9.26948
9.29694
14.2666
12.1729
10.7123
12.2197
11.5344
5.45913
13.3044
7.48626
8.82372
10.6984
9.74875
14.1088
9.7019
13.7585
12.9745
12.2495
9.25362
13.9692
13.9869
11.7898
12.7051
10.914
10.5884
8.37232
10.5939
13.5916
10.0269
6.8976
11.1019
14.0322
11.6905
10.0796
12.1666
4.78646
11.3073
9.16305
10.409
9.19001
14.3339
14.6687
6.9206
13.1527
9.75898
14.8092
13.3617
10.7295
10.188
13.5611
5.9437
14.7285
13.8569
10.0837
11.545
6.62337
11.7841
13.6845
11.5349
12.0276
5.86467
8.76467
8.81558
14.2121
11.0253
12.3982
10.2383
9.7078
5.32825
9.57488
10.5291
10.7498
13.4435
14.0827
8.9058
14.4439
11.5458
13.4219
12.8055
7.55842
9.89869
12.1868
12.8848
12.2947
10.8044
8.71916
8.46274
11.2671
6.90236
14.9111
8.58354
6.94137
11.8498
10.2136
13.7151
12.1542
10.3188
12.4235
8.80009
13.4292
14.3786
11.8755
10.4835
9.88333
11.3184
9.6648
8.10366
9.68678
13.9417
14.0903
13.8412
14.1512
8.61496
12.2045
14.5924
8.43053
6.11053
12.9736
13.2134
13.216
11.3663
12.2841
11.4862
14.4223
8.59511
9.89567
12.4508
5.78914
13.3243
12.3089
14.0816
12.1413
12.4233
12.2205
7.29741
12.8262
13.3329
14.1857
10.1226
11.9208
12.3157
10.0913
12.9636
12.255
8.80422
12.328
11.5195
11.7497
8.43896
13.8426
10.8959
10.0478
13.5131
6.06728
11.1981
12.8624
13.6029
12.3537
13.7361
8.44138
14.3926
10.6502
11.8884
14.1351
10.1704
10.4944
11.7746
11.605
8.4427
12.7821
8.99406
12.5387
9.21634
12.5945
10.2081
10.4554
10.1732
13.1504
13.8898
8.99565
9.58903
14.4103
13.7967
13.3246
13.1076
13.6304
10.8195
12.2554
12.3358
8.38081
12.1438
6.13923
14.5276
11.9969
13.6965
12.3625
14.2363
12.9624
9.06544
14.2195
9.34183
9.22077
9.35808
6.18434
14.4961
13.9144
12.2261
12.2782
11.8468
10.5396
9.50192
12.8224
13.311
6.04625
8.17218
13.0629
9.84166
13.434
9.00034
5.76766
14.3356
12.1419
11.4724
14.8822
10.4214
13.5595
12.4969
8.70647
11.3341
14.9345
13.68
11.9953
13.3494
7.4287
7.2382
14.0548
8.35294
13.7251
9.76672
9.48975
14.1927
13.5479
11.0866
10.7379
14.2882
14.3376
14.3233
13.4926
8.60865
11.9246
14.7303
11.0907
10.2135
10.3275
11.8289
14.9534
14.8781
8.60215
9.58796
11.2204
14.3483
8.19087
10.6027
12.8043
10.5278
6.08873
14.2246
8.63994
6.38193
9.52155
14.5737
10.5992
11.8765
8.60448
11.4194
10.8001
13.0623
12.8643
13.8922
12.6976
13.9058
10.4007
10.4642
11.1013
11.5214
11.5121
13.2828
8.79727
13.331
12.2421
9.93089
9.4848
6.48151
10.7682
12.2118
9.64221
12.272
10.6288
14.2999
10.849
10.3198
9.7129
12.108
14.8002
13.879
9.92137
10.6438
11.385
13.1249
13.1937
10.3181
11.817
12.0641
7.57933
10.1165
8.85413
14.5691
13.2338
10.361
12.4697
14.3988
5.38885
13.0172
10.0455
9.92624
13.3161
7.74541
14.1051
5.94291
10.2656
12.8544
14.4061
14.5985
10.833
14.3803
11.8738
7.24267
14.9792
11.4994
11.6569
12.4341
14.1291
10.8584
10.0331
10.1932
10.5268
5.44223
11.9999
13.1182
11.2653
10.1143
11.9755
10.9112
14.8184
12.3206
14.1558
12.7682
9.39094
8.04552
10.5165
13.2303
8.9826
14.9478
14.8247
14.7738
10.4944
10.3086
10.2029
13.6048
12.3238
14.3594
9.77962
10.0028
10.9879
10.4501
12.9722
11.9982
14.0538
8.38008
8.56272
13.1682
14.6431
8.13382
11.7357
12.9698
12.0641
11.7615
13.3454
10.6907
12.374
9.11933
14.6113
12.2998
14.1813
14.4063
12.97
11.8709
7.71288
13.5057
14.5646
12.7598
13.4145
8.6737
14.069
10.0119
14.1481
6.54053
10.3053
10.9287
9.64005
8.69672
11.5854
11.2852
12.0875
13.2924
12.8082
13.3963
10.8468
11.7945
7.85829
9.32659
9.93309
14.0956
9.95331
14.8658
14.9474
9.74853
10.448
12.3423
11.1945
13.3179
13.5386
14.7827
11.329
13.7995
14.0768
7.11303
9.35732
9.30136
11.4938
13.1474
8.2237
12.468
13.5008
11.5538
9.77215
11.2169
9.43835
10.8714
5.78568
13.8015
5.41874
11.9398
13.6344
10.3349
8.49365
12.0528
11.0605
8.81736
10.9115
9.86514
12.8809
13.9227
14.3081
13.2603
14.8713
13.2238
9.7457
13.6885
13.1
13.3745
13.3815
9.35027
11.6326
11.5465
11.735
13.5465
11.985
14.0227
12.527
9.05393
5.31494
13.5751
13.4958
10.6468
14.27
10.9397
8.59549
10.3236
14.3446
12.1762
9.15007
10.141
10.227
14.0799
14.4837
11.6098
11.918
11.8456
13.8665
10.5362
12.6676
12.2121
13.4295
14.7286
11.2939
8.93407
10.1809
13.1526
12.937
6.04125
11.9428
10.8074
10.6223
10.5062
9.2355
9.84176
14.5791
12.5532
9.76927
8.54156
10.9698
11.9306
12.0845
10.0581
14.6278
13.7802
8.79821
10.1345
6.4139
8.79096
14.2819
12.1756
14.4911
10.186
14.176
9.74641
6.1719
11.4174
14.21
5.17947
7.5825
9.06661
11.3605
10.7929
7.12701
12.1276
11.5376
12.5778
10.312
12.8928
12.23
9.06861
13.4841
11.3401
12.7739
12.5333
13.7871
13.8373
14.59
9.46412
13.2086
14.4681
11.6726
13.6522
11.4634
11.53
12.3008
10.1978
10.3283
10.0328
8.23374
13.9271
12.4343
14.874
14.5853
10.137
11.2584
12.7475
13.1165
13.8818
14.9575
7.29005
7.58947
6.77997
8.50074
8.80293
11.0767
14.1663
11.331
11.9726
13.1919
7.77846
14.943
12.6337
13.058
8.66298
12.8378
13.4963
13.2729
8.35735
13.4542
13.5606
13.7939
11.3389
10.2654
10.6669
9.8715
6.35965
14.1954
10.6498
10.5161
10.3864
7.72554
9.28257
14.7917
9.74251
9.31911
8.67061
8.45867
5.69453
14.739
10.4215
9.65988
14.7304
12.6473
12.1167
14.1694
14.8511
14.8793
7.9733
9.38904
6.41262
11.1293
4.35412
8.87876
9.8271
14.129
12.8881
11.0265
12.3205
12.2489
13.3849
6.10085
14.9331
11.7455
6.93613
12.863
11.9261
11.6362
9.75554
10.7573
6.83914
6.52596
13.7638
14.2092
10.7415
13.1333
13.1918
10.509
11.7144
14.4498
13.6926
12.0524
11.6985
11.652
12.5736
14.4787
8.03592
10.569
11.3799
14.589
11.4266
10.2377
10.9894
11.9657
11.6035
14.0366
14.616
6.79834
11.8835
14.2007
6.0155
9.62233
11.1215
9.91977
8.12201
13.9165
11.5785
10.0235
6.54363
14.3626
8.93977
7.0053
14.2997
11.4998
10.7526
14.8374
11.8576
14.1118
5.55611
8.68543
14.885
12.7344
9.88452
11.0615
8.91908
11.1085
10.3444
10.2382
9.37923
7.63675
10.3175
8.16751
11.387
9.09981
5.53067
13.3654
12.7768
6.55301
13.1822
11.5805
6.11154
6.16423
13.1083
12.914
12.9182
13.7832
8.8369
11.5906
12.2691
11.0909
13.3949
10.9957
12.4745
12.9128
10.4059
13.8118
14.0835
13.8313
14.3851
11.8553
11.42
13.8125
5.93806
8.64162
14.3456
9.85052
11.1376
11.1138
10.1305
12.8742
10.4803
11.457
13.9472
12.2222
13.1122
7.89738
9.39891
14.2908
13.561
11.681
11.4673
10.4308
10.3887
6.26785
8.55679
12.1402
10.2966
5.99322
10.5984
11.6848
9.29901
10.5696
11.2607
14.12
13.1848
6.328
8.72702
11.2719
14.7078
12.6774
8.7742
5.98786
14.602
13.8428
8.45988
10.7655
8.86732
10.27
9.92651
13.0318
9.99911
12.0781
4.08416
14.6672
10.6895
12.8006
12.096
14.9894
14.4454
12.4472
12.2898
10.0542
11.8972
13.9779
5.93038
6.11728
11.8869
13.6289
11.2621
12.8126
14.4416
10.1449
10.0318
9.15386
13.699
12.2577
13.2722
8.35608
11.3388
7.97117
6.44133
9.18518
8.34316
14.6236
12.3704
14.2009
10.386
9.99321
14.41
10.9305
11.9971
6.11623
14.3339
6.91599
12.7113
11.8838
7.82454
9.67129
8.49304
12.2968
11.3531
13.4204
11.9711
13.4019
9.09031
13.7579
5.44351
8.24404
10.942
13.5169
11.7839
6.45817
12.0019
13.3846
11.4811
11.9858
12.8022
6.30464
14.7483
13.0406
12.8749
11.072
13.4766
10.3558
11.3109
12.8598
13.8179
14.1035
12.064
8.26954
6.05773
8.40573
12.1354
11.8333
8.17155
13.6725
12.4192
14.6919
13.2131
11.1981
9.45405
12.143
9.94674
13.7332
11.904
14.611
8.40389
9.95933
7.41315
12.835
13.3569
13.6862
9.82206
8.36152
9.00427
9.53606
7.28826
8.58501
9.22207
12.3338
6.75792
14.5373
8.84612
10.6981
11.4955
13.2427
9.38347
5.55207
9.43965
6.2796
14.269
4.72639
8.93611
12.7536
8.76826
14.5908
6.12706
14.3945
10.6505
8.42296
5.69735
14.6011
14.2219
12.1814
11.254
12.9144
11.8958
12.9975
13.4884
13.483
14.9666
13.878
8.68276
10.6662
13.847
14.6607
11.7967
8.836
10.584
12.64
10.8489
9.33357
12.2626
8.89925
14.1684
10.2931
9.59581
10.8902
10.4824
4.43613
4.96309
13.1825
13.0412
14.0237
14.0752
14.6149
14.7378
9.80883
10.4655
9.60112
13.2025
8.55068
13.3491
10.5035
11.9972
9.22848
12.9805
13.3448
12.3193
14.7618
11.4242
12.7863
10.5037
11.3389
6.35766
5.01665
10.8342
14.9578
10.6116
