12.5505
10.6262
12.8825
12.6746
8.42137
5.68525
12.2704
9.19292
14.5155
12.508
14.37
11.9021
12.7828
8.14642
9.94569
10.8723
12.266
6.43609
12.2359
4.62614
12.0864
13.9103
12.9506
8.34258
11.5992
9.54327
12.7257
6.91686
14.8636
6.81042
13.3405
7.59308
11.9374
12.8407
11.0334
13.8522
14.8547
9.96587
7.8306
10.3298
12.2845
8.43517
12.2762
8.31254
5.88578
9.31437
6.83864
10.5168
8.79507
13.7337
14.7997
10.5407
8.6419
6.1694
7.80149
5.99962
13.2857
11.6208
9.59333
10.4376
10.2229
10.8663
11.3654
4.71397
6.17946
8.64805
13.4666
7.60493
13.1917
8.8236
7.94029
14.2893
14.5725
8.50004
14.2288
13.6588
9.28169
14.6873
9.28642
10.0788
14.5502
12.2922
11.0804
5.936
11.985
9.84159
13.3878
12.4052
10.3339
5.70946
14.6135
13.5509
8.66987
14.1395
13.1579
13.5827
13.4692
13.9224
14.0375
12.6555
13.3763
9.45167
11.1561
11.7967
9.40266
12.5166
11.5547
9.47731
11.324
14.0028
14.7822
12.2028
9.38524
11.1692
12.3625
14.5052
13.208
10.9133
9.66626
12.4569
11.0433
14.0132
14.6335
9.88039
12.6369
9.35466
12.9831
11.7315
11.161
11.2515
10.3728
11.8696
12.1947
8.4598
12.8684
12.9871
13.3607
11.2513
10.9056
12.1627
9.4591
14.3541
11.4509
9.74966
14.4388
7.76313
8.13682
13.8612
5.83077
12.1845
8.33641
10.9889
14.8211
5.69786
5.96351
12.0475
4.38413
9.17249
13.3
8.99827
6.14583
12.6096
5.3327
13.0815
14.9437
12.0627
11.4823
10.5318
11.0454
13.0369
11.3837
10.4202
11.6094
13.1801
13.3022
8.63214
6.63006
10.1974
14.509
9.81212
13.3504
10.6821
10.8442
11.0344
9.03389
11.1952
9.43571
14.3694
12.7659
8.50854
10.0881
14.0161
13.7463
6.20653
13.979
14.7417
13.1805
10.1916
4.432
11.7591
7.14582
12.2467
12.9833
11.9241
11.2811
9.9381
9.45632
9.9707
5.82991
13.0713
12.7784
10.7391
12.516
8.88549
8.14583
9.84828
10.2782
14.9137
7.40775
6.04896
13.4708
14.2581
10.1035
10.1777
12.7838
8.69716
6.49908
7.81785
11.0135
7.03693
9.04909
11.6465
14.0148
13.7877
10.161
11.6409
14.3359
10.0449
7.6999
14.4054
8.87989
9.25327
10.363
10.6982
9.43634
13.6572
12.6647
12.9627
13.2496
13.4733
14.2534
14.43
9.15299
6.40925
10.0373
9.0961
14.5353
8.25101
10.8182
10.9656
9.369
10.8076
12.5174
11.1521
9.21331
7.5552
13.4288
11.5862
8.68109
11.2457
12.6857
5.37427
10.6521
10.553
14.9221
7.18206
8.92755
10.8923
14.0587
9.35217
12.044
6.16346
11.6508
14.3336
14.27
13.3223
4.57449
14.7581
12.8802
14.7543
8.79997
11.8916
14.8095
12.2647
9.49706
13.1543
12.2219
6.62273
13.6459
12.3534
8.87863
11.7403
10.4241
10.9814
6.78686
6.02978
13.605
8.68925
14.9985
12.9438
14.1601
10.8079
7.74698
7.43266
11.8766
12.3593
14.8314
11.1121
5.78681
9.18719
12.2534
11.7369
12.7204
7.11942
14.5249
9.36481
7.30838
11.2515
7.85967
12.2212
12.1025
12.3249
4.54589
8.36152
11.2446
13.3982
13.6968
7.34242
10.3016
4.36559
8.329
14.4762
6.85986
11.3951
9.53605
10.6514
12.9383
12.0631
13.3227
9.41059
10.0265
11.9435
10.6536
6.62475
7.93019
14.7589
9.62771
14.5071
11.9701
7.34872
6.44997
14.7373
7.07352
12.1113
10.4058
9.95708
12.2732
9.40596
14.8144
13.0139
13.197
12.1733
11.0472
10.6611
14.4811
13.7947
12.5267
11.3207
11.9452
12.6909
14.4493
11.3998
14.8084
11.223
11.8559
11.6889
9.20286
13.4654
11.9993
7.87699
12.9053
11.0166
11.717
12.132
5.53378
11.6722
11.2835
8.49483
9.09212
11.6181
9.3056
12.076
14.0679
9.47755
10.9683
13.3538
14.7433
10.7369
14.2706
12.052
13.2589
7.68759
9.37564
11.5142
9.75006
13.686
12.1654
6.03142
14.6842
14.7002
8.75082
10.0703
7.24981
11.1989
14.388
13.0277
10.1199
7.49307
11.766
8.77983
10.3267
5.92096
7.81822
7.18248
13.5022
13.8338
13.7636
11.6337
12.1787
11.7818
11.2577
13.013
14.8227
14.0622
10.0916
13.6234
12.5401
13.9709
9.14445
14.7912
9.39748
13.2722
12.0044
8.48195
6.2762
14.6733
10.7941
12.4631
14.0727
10.0024
11.8952
6.85252
9.4911
11.8537
12.2534
10.8689
11.6569
13.1183
14.7997
7.80024
13.6483
6.6633
10.7339
14.7368
5.54873
11.1963
9.40319
14.0952
14.0703
10.8562
10.8878
10.6043
13.3496
6.31728
11.5514
6.43222
13.0041
11.5588
10.6577
9.70293
12.5045
12.9693
6.95449
10.0313
8.23059
14.8487
14.2666
10.1706
8.5287
8.18574
14.5743
11.986
12.1179
11.6538
14.5002
10.8112
12.9319
11.6884
12.461
9.71507
4.517
12.2284
11.6384
12.9953
12.8979
14.0273
8.73586
10.171
8.09839
10.5154
12.9458
6.26282
7.22267
10.3938
14.005
10.1086
9.4077
13.0613
13.643
5.59534
11.0444
14.2383
12.1513
6.88397
13.1664
9.58236
10.727
14.4623
10.6414
12.1963
14.1932
10.8924
14.8221
11.0541
8.53847
14.6766
14.9071
13.1233
11.9723
14.4841
14.7364
8.8277
11.6307
7.69664
8.24746
12.222
14.6075
13.2805
14.6391
10.8441
14.6769
9.76908
8.25154
14.7379
13.6445
13.5262
11.9995
12.838
11.1398
14.4615
13.4531
12.2742
6.18928
12.8743
14.3433
14.0512
14.2101
13.7116
6.04469
12.7618
8.07841
13.7281
11.3361
9.27401
10.7132
11.2361
12.6132
14.2947
13.9132
12.1579
10.145
12.4629
10.4572
12.9079
6.27552
14.757
7.51608
14.8989
10.3408
12.1139
14.8658
10.8094
7.48144
12.2365
9.87877
9.24002
12.11
8.8355
10.758
4.80398
11.8267
9.9402
12.2654
9.33196
9.28615
9.08169
6.5144
8.21077
5.63449
6.02158
6.5864
9.71191
9.66839
10.8104
8.88277
9.22125
13.0369
14.9488
11.9354
9.58802
10.2191
11.9245
12.1818
8.94631
11.4955
13.0742
14.2299
13.4373
6.19853
14.2374
11.0749
14.2096
7.16799
10.1126
14.0043
10.9707
7.33632
10.9685
13.1207
13.5591
14.2961
13.4394
5.95667
8.56865
12.3144
8.98738
5.20465
12.1638
9.2715
7.26018
12.2047
13.9139
12.359
5.58173
14.6002
13.3189
11.9105
11.9934
12.9689
11.5409
13.29
8.76871
14.7076
13.1873
13.0471
14.1155
9.34572
7.10959
14.5455
12.9509
8.88572
13.8091
14.3642
13.0691
7.54874
11.0776
14.1672
12.7989
8.88002
12.75
12.6653
12.2546
11.3896
9.80435
6.60587
10.4906
14.0674
8.30375
13.9116
14.0866
11.6571
13.9244
14.4638
11.2248
14.8322
12.4557
11.9136
14.4074
12.9709
11.6182
7.19047
12.5097
4.40735
13.962
13.078
13.6518
12.3655
13.6703
5.59313
11.8003
14.822
12.6278
11.4463
11.9253
10.9079
14.5435
5.05516
14.9162
11.6032
13.7444
12.9521
10.5999
9.15217
14.7768
13.5493
14.709
9.62377
8.81154
12.0313
11.3145
12.9407
13.1744
14.5813
14.4222
13.3016
10.0239
11.2892
13.1723
14.4782
8.57
11.2989
12.5066
8.26885
13.6294
12.1758
11.6556
14.8707
13.1884
4.1
8.22456
11.4258
14.4236
8.81887
14.7786
12.0757
12.7003
10.7629
12.7761
9.43695
14.9558
11.359
9.93709
7.46449
14.5871
11.4049
6.71365
10.6747
12.7113
6.81937
10.1234
11.9441
7.95614
14.2802
13.3824
12.5793
9.79475
13.8961
13.0771
10.5535
11.4764
6.21382
8.67865
12.7747
13.7287
11.3159
13.3198
11.5768
8.47754
10.1849
7.34067
7.42436
9.49635
13.8352
12.4635
12.3023
12.2229
14.3364
8.74189
12.7669
8.88714
13.9541
12.9159
9.19216
13.8595
12.9354
11.1513
10.8016
6.51708
9.0358
7.13328
14.9086
14.7251
12.4936
12.6942
9.11599
13.1198
9.92916
6.27841
13.0982
12.3494
12.7065
14.1841
12.065
13.7013
12.91
9.75115
10.7621
12.3627
8.22317
11.9344
9.80443
11.8728
10.5004
10.0332
13.6878
8.48749
11.4391
10.3859
13.4904
11.4018
7.2108
8.90941
10.5804
10.3712
11.3592
14.5286
8.37866
10.2556
10.3204
14.2827
9.10019
7.49692
12.356
9.07647
14.7553
14.0475
12.1052
13.9164
14.7512
7.3606
10.1503
13.4758
12.0987
6.91814
10.3056
11.2499
8.43398
13.884
14.8784
13.4171
8.41815
12.9515
9.19149
14.1699
7.46253
9.06903
12.5175
14.1154
11.5809
14.4384
11.4119
9.06432
13.8389
11.3439
13.3151
9.27467
14.1409
11.3507
10.6922
10.183
11.6998
14.0905
10.4827
8.50301
11.9574
11.6221
10.2195
7.77302
5.1932
13.5914
9.98168
10.7274
5.92379
7.37949
12.8731
13.0963
10.089
12.3507
13.5087
12.6441
9.48997
12.6609
10.6912
13.5938
12.199
12.5593
14.1766
10.6432
9.53465
14.2148
13.2434
8.40823
9.85804
8.8738
11.7029
6.12891
12.351
10.5598
6.35518
7.19713
13.2495
7.03776
11.6999
13.7149
13.0602
8.8303
9.32377
9.71057
13.4531
14.4329
6.76037
8.26636
6.04015
8.396
6.122
14.9183
12.4695
14.5891
12.3276
9.72846
8.18386
12.3216
8.83643
14.3347
6.13047
11.7118
11.2656
13.311
14.3699
9.37127
13.5016
12.5412
14.5085
8.77346
8.15921
14.7613
14.0755
14.7292
7.39399
8.61021
14.3913
10.631
13.3199
7.62614
13.4137
12.0679
13.4989
13.9942
10.8492
10.5344
14.0822
9.83668
4.66431
13.1859
7.88305
10.2545
10.6342
13.8921
13.2043
6.06571
11.8586
14.2024
12.933
13.2621
6.33056
9.30547
7.07775
13.4088
14.9896
14.9009
14.6717
10.6639
9.10357
6.90132
13.7727
11.2385
9.89922
8.45819
14.8937
12.4466
7.53601
10.5117
11.1539
10.9032
13.3556
14.5094
11.0961
12.8206
10.1128
11.5265
12.5644
11.4132
10.6435
10.3854
14.0706
6.91717
6.2301
6.35652
11.7477
13.8431
10.7957
13.7304
10.1497
13.5069
11.8358
10.6422
10.2933
14.6679
14.1335
8.64343
7.70584
4.97049
12.9293
12.831
9.27283
9.86824
12.2447
13.1138
7.46624
14.6547
8.76912
11.4554
13.8222
11.6727
13.3021
5.16873
6.10675
7.85219
11.6531
12.7217
11.0684
9.59712
14.2558
13.1391
12.1751
13.9638
10.5841
7.46081
7.56059
12.8876
12.9529
13.5892
6.90766
14.6318
8.42461
10.882
12.3505
11.1077
14.6628
10.5515
14.1707
14.9067
10.2465
9.42087
11.8806
12.988
10.4405
7.04481
10.7491
12.1812
11.858
11.5844
6.84088
6.26654
12.2828
13.9248
12.5899
8.97447
9.77057
14.7449
8.60079
8.26696
13.0543
4.2187
14.9696
14.7348
12.8385
12.8342
5.83467
5.98036
12.3354
14.4441
11.1605
13.1414
10.2603
10.5615
11.1796
11.3328
10.4893
6.20632
14.8108
14.0681
10.4979
7.86869
12.6213
13.7085
13.6185
12.5867
11.0706
10.0056
6.24365
10.1084
12.0462
10.5798
11.9924
14.7167
13.9365
11.1744
4.51749
10.8532
12.3575
11.9272
8.85448
12.1611
14.8667
10.3497
5.18372
6.17291
11.5904
8.13295
8.79307
11.9061
5.81909
12.2006
5.66109
9.36461
12.3224
10.296
11.8149
12.0274
10.9561
11.7382
13.4343
13.6167
13.7707
12.9396
12.1976
6.16947
14.9692
12.5186
6.83685
14.333
8.35839
14.6657
13.7469
14.6519
10.0604
14.69
7.46118
13.2571
10.1543
6.97203
8.42926
7.07698
10.5949
9.32345
11.8184
9.11821
13.7958
7.50007
10.8738
12.8746
10.0699
13.2279
11.9497
11.5038
13.5623
12.2681
11.9618
14.3389
11.6763
8.04689
12.5736
13.8139
11.1072
14.5438
6.22012
14.8017
8.49767
13.8872
12.3004
14.4788
7.39446
14.7156
5.20583
11.3807
10.4238
13.7791
9.26983
8.84975
12.6442
5.51516
9.28693
12.1771
12.0755
11.7683
8.87652
13.4135
8.61185
8.08967
10.5178
11.1638
14.9588
13.0821
10.5685
13.213
9.34015
7.55815
9.84908
12.7616
11.2598
11.9978
9.60385
11.2168
11.9078
10.59
10.2414
14.2183
12.3166
14.7228
10.7175
12.278
9.62032
11.9276
9.03008
14.185
14.3598
14.4006
13.121
7.18449
11.308
8.08711
8.89549
8.73135
11.4251
12.6604
9.49502
13.4546
9.19019
9.95174
8.31783
13.6655
12.6871
6.34974
4.43689
11.4149
7.059
14.7594
14.1004
10.8443
13.4314
12.6538
5.86048
13.0614
13.1518
14.5224
14.4664
11.7498
6.10556
7.47889
13.2007
10.9022
11.3282
10.8851
8.49272
8.39876
7.28203
4.45164
11.0541
12.8078
10.8829
10.1928
11.2865
14.0072
12.5748
12.8555
11.0503
12.701
13.4772
14.8641
10.0348
13.2505
11.1246
14.6486
10.5591
11.0209
12.1356
10.8558
8.65729
9.97905
13.7925
8.56023
6.99898
13.669
6.35103
13.5095
10.5742
7.25795
7.70102
10.3031
14.6528
13.064
12.2794
14.8379
13.3723
12.6475
7.70095
11.2311
13.7329
8.11945
13.9359
11.3451
8.59173
8.55154
12.6708
12.1877
13.2584
8.56628
12.0184
12.5189
12.4993
10.3271
13.9802
9.70444
12.1637
13.3607
7.71886
13.6264
13.2211
11.6005
12.2472
11.1679
7.53418
10.1552
11.9867
10.476
12.7406
10.2441
14.1183
12.8316
10.4253
12.8775
12.1511
14.2763
14.2802
13.8917
12.6429
12.042
12.8232
11.4313
10.8593
14.8611
13.9624
13.4255
14.9432
11.1088
10.9642
13.0929
10.4392
8.30632
13.5771
10.9373
10.6893
12.2838
13.4669
12.7019
13.604
6.13445
6.35894
13.5277
12.1507
9.70896
8.06555
8.17582
6.27949
14.5225
11.4259
9.59373
10.9305
13.9708
11.5483
9.87701
10.4068
9.42448
10.8715
12.1233
11.8494
12.2297
14.1398
14.9071
13.114
13.2603
12.621
4.77214
14.094
13.661
7.11247
13.5995
14.0875
11.1477
8.88825
14.4123
12.1028
9.25986
13.9941
12.3425
7.65974
7.82055
14.9685
11.7292
13.9773
10.6994
12.1709
4.88048
13.1737
12.0627
9.38886
8.25662
12.9364
10.7096
12.5702
13.5482
10.5942
10.3012
14.2077
9.89939
14.4763
11.4791
8.833
11.0545
10.7479
12.1495
9.54152
9.10991
11.7925
8.96612
13.1187
10.9516
11.3783
14.4264
4.86646
9.3444
9.34506
13.011
10.9634
11.7689
5.63285
8.52125
13.8981
12.5777
7.39653
9.48364
10.6643
10.4452
13.6441
14.9679
5.68682
10.0011
12.246
12.2592
14.7382
14.4088
8.99591
13.9968
13.8937
9.92774
11.0162
12.7303
6.33791
13.1006
7.8398
14.9187
10.8514
11.6049
12.1257
12.8749
9.39465
11.36
13.807
11.3702
10.3702
14.3579
6.18707
8.56353
10.8373
13.3756
8.3382
10.8436
10.284
12.7903
11.3217
12.0003
7.43906
14.2263
13.3626
14.0658
11.2756
7.04781
6.37311
9.78342
11.097
11.9787
14.3753
10.5164
9.02873
11.2402
12.9702
12.3319
8.95636
11.4629
14.2794
12.1212
13.5213
8.79573
13.8729
12.7439
7.51796
11.5819
10.5785
14.9541
12.5315
11.3508
13.9789
9.42031
14.6261
14.4284
12.6781
10.9382
8.75607
11.9362
11.3682
13.9505
12.4127
14.245
7.4398
14.6358
13.6701
13.7063
6.59381
3.52693
14.6901
14.2554
12.7356
11.7575
9.20582
7.97953
11.5607
10.7911
14.906
9.19749
11.7815
11.2872
11.4827
10.2676
9.34108
14.7323
11.5824
9.51219
14.8525
11.0867
10.6777
13.8657
14.4598
13.3521
10.5044
14.0463
12.5408
8.61349
6.74815
10.1803
13.7702
14.5242
9.77752
13.4164
13.785
13.4008
12.7131
13.1819
8.79317
12.3615
10.5788
6.92225
12.1188
8.87312
13.755
5.30222
11.2153
12.9243
13.592
14.0456
8.88924
9.15727
9.92133
11.8958
9.45022
11.6886
6.93532
12.7806
13.8475
14.7651
13.1167
11.1518
13.8415
12.0419
9.44274
14.45
13.8995
10.5927
10.9148
11.4911
7.97411
10.5662
10.0122
12.9132
9.50865
12.485
12.4974
12.6499
12.6913
9.04728
11.1893
14.5507
9.02628
13.5508
14.2892
10.2581
13.7647
14.9321
12.4215
7.12981
9.4141
13.7985
14.2786
7.63861
11.5149
10.147
11.8876
11.2186
9.11402
9.00544
6.71677
9.39368
13.4911
10.9973
7.91086
10.6624
5.10401
10.6524
13.6861
7.07929
11.6358
13.5297
9.87814
14.0258
10.4935
12.3543
11.2945
12.3061
8.55158
13.9382
13.2
9.63245
8.311
11.7248
14.4736
14.8348
12.1786
8.02699
11.3829
12.1052
12.541
12.018
14.4023
8.40348
11.0875
13.5698
11.9054
12.5235
13.0399
9.32062
14.9507
13.9809
12.1518
14.2293
14.8391
10.3533
13.3954
12.4253
14.3564
11.2961
7.45021
12.3699
5.62796
10.0902
9.33632
12.6556
13.9372
13.0342
9.77509
8.1385
4.58049
10.0642
10.7682
10.9172
4.51937
10.2539
14.2327
13.0229
11.1574
7.63771
14.1202
8.72889
14.1271
9.09132
12.4097
8.91382
13.2313
14.7257
14.7065
12.7286
12.4775
11.2888
12.4711
12.8951
6.35864
10.5451
13.0386
7.02381
14.8086
6.66371
13.059
6.30699
11.5875
5.80323
14.2182
13.0036
12.0764
13.5244
14.838
10.0087
12.7553
12.1273
13.2328
10.2642
12.3063
14.7889
14.0744
12.084
13.2996
13.6895
12.2613
9.68655
10.4565
11.3694
11.5604
12.6326
13.2617
12.0362
9.97047
12.266
9.65298
9.0972
12.3084
8.26202
13.7329
7.62644
10.6557
5.78832
11.9613
11.2189
14.4374
7.05589
11.0513
9.41253
10.8019
13.9053
13.6633
10.4796
12.4718
10.8639
7.48113
7.99342
12.4858
14.8702
9.10594
6.10921
14.4792
9.4564
10.1164
14.9554
14.4125
10.4661
5.08062
5.61243
9.36156
10.8532
11.5101
8.41134
8.22463
12.932
8.32274
11.1514
11.7627
14.1576
9.95077
11.8043
12.7791
9.48948
14.3701
10.4348
14.9463
12.3044
14.9507
10.181
14.8826
10.2149
8.48436
11.7711
10.7609
9.11829
4.21788
9.27045
13.7279
14.3939
4.31956
12.6349
13.8275
10.5964
10.3813
14.4824
11.8887
12.0142
12.4312
14.5705
9.05249
14.6577
10.2174
13.3624
11.086
13.8206
14.148
10.8559
9.36643
13.7644
9.66517
14.9221
11.4882
8.69541
13.7507
11.5153
10.789
10.8742
14.5538
9.62186
7.36111
10.4231
7.9793
11.7007
12.3938
9.48006
9.67376
12.2734
13.1526
13.1588
9.60626
10.9768
10.0133
9.12486
8.41035
11.7217
9.36058
11.6812
13.9746
13.1006
12.6343
14.5588
7.31389
13.3505
12.9725
8.73753
10.2231
12.4756
14.6621
12.504
7.58413
13.259
11.1098
13.5287
11.8884
13.6244
14.4682
11.7495
13.0356
12.8666
14.2799
11.4773
8.93768
8.55289
12.993
13.3046
11.9981
13.0836
12.2343
10.4234
10.8655
12.8122
12.5759
13.34
11.4582
13.4114
13.0386
12.5125
13.39
10.2318
7.61103
10.4378
8.38614
11.2219
14.0427
14.1768
10.0432
8.7292
7.77753
12.857
6.95372
13.9787
9.89249
14.8741
14.8672
10.6934
5.76325
10.5754
7.47305
11.5159
8.6908
6.32649
12.894
8.93464
10.9408
13.8744
8.32675
14.0838
12.5447
14.2488
10.3089
12.7189
10.3105
10.5815
11.9755
10.394
14.5717
12.6064
8.49544
14.266
12.9349
11.395
6.45214
9.78822
7.07348
8.35398
13.4835
13.6162
10.32
14.9928
13.9293
10.0625
10.5593
9.95663
14.5042
13.5355
14.671
7.32502
8.24937
8.16412
13.7478
14.5189
13.7436
10.062
12.128
11.4628
13.434
12.9972
12.7498
4.86875
7.96306
13.3979
9.20381
8.45291
10.0941
10.532
10.604
14.4738
10.904
7.88458
14.8109
11.6184
7.82326
11.086
10.0004
13.8291
5.89016
12.0867
13.029
10.6379
14.0234
13.1785
7.92443
13.0028
11.3052
7.51353
10.6142
14.4412
5.71321
8.81101
12.7746
7.25279
9.90397
11.5223
6.359
14.9666
13.0376
12.8835
12.0437
4.89415
7.72589
14.4857
13.1347
13.1326
10.231
5.03343
11.5188
10.2444
8.75454
10.5745
5.28946
6.00425
12.1749
9.17293
11.1374
10.1757
11.901
11.6102
10.8079
12.155
10.5085
5.20636
11.8845
12.8456
12.925
12.989
13.8011
5.56686
12.02
13.1055
10.0631
10.9838
12.3253
14.4287
13.3215
14.4891
12.4243
11.7605
9.75959
12.0261
11.8061
12.369
13.876
10.7196
14.0822
12.9217
14.115
9.84313
8.59254
11.1119
6.02466
14.9311
13.4665
10.1262
8.70847
9.65437
7.75655
6.2383
14.9412
9.58294
12.7512
12.3503
9.56785
13.9371
11.9172
14.0974
12.5104
10.5121
14.0368
10.5813
14.8656
11.4861
10.3386
13.6669
10.4893
8.49518
10.6938
12.8233
7.51008
13.0455
12.4968
11.5162
12.2759
7.12807
4.98836
5.59865
8.03068
13.1779
6.8171
14.1207
12.665
14.3048
9.44246
14.0593
6.66387
12.0133
13.8443
14.074
12.5432
13.3329
8.94525
12.6796
10.9222
12.7453
13.3406
10.1386
8.31071
11.5481
13.3817
6.80584
11.5992
12.3815
13.072
12.7142
14.4277
12.6507
11.8852
7.12732
14.3866
8.34564
14.8871
10.9209
14.3322
10.7134
8.20427
11.1647
14.9378
11.6907
10.7385
9.1211
13.0672
14.94
14.3014
13.4724
8.64929
13.253
12.7104
7.45228
8.6595
13.3968
14.7552
10.7265
13.186
7.87374
12.7353
13.1202
10.8341
11.1735
7.97492
11.4268
12.4259
13.891
8.72588
14.4614
11.772
13.9607
10.855
12.791
9.49243
9.93324
13.4562
14.7767
8.70819
9.16937
14.194
12.9247
8.02334
12.7954
12.7224
8.68467
10.019
12.3281
13.1963
14.4329
14.549
10.8776
6.51134
12.3376
12.9112
13.5106
12.7671
13.8796
14.2328
12.9305
14.8983
7.49829
8.39749
11.0089
11.0385
8.14871
7.19735
6.79916
13.481
13.8132
13.198
11.2154
13.2304
9.02562
12.1038
11.0458
4.96443
9.64189
13.1382
11.863
14.0107
10.384
12.1031
7.52382
14.6799
11.9316
10.288
10.5678
10.3205
13.1534
4.47262
14.2786
13.1177
13.2693
5.29576
12.1627
6.04697
11.3211
8.55217
13.9413
8.55312
10.12
8.89443
13.8405
4.26713
13.4255
11.3819
9.97852
9.01007
8.07786
14.0027
10.6535
13.3719
13.1523
11.1256
10.4329
10.5832
13.4159
7.42619
9.05963
9.83227
10.9223
9.10635
12.0843
9.28082
14.7508
14.1968
5.65244
13.2345
11.9701
10.0118
14.0172
14.0154
13.4694
14.9534
4.57669
14.6279
5.96809
12.5626
14.9316
14.0882
5.82898
14.8966
13.8199
13.0458
7.94736
13.9349
11.3679
13.05
9.96962
12.9795
12.8135
8.29678
11.1879
13.7864
13.5202
14.6655
8.65059
6.33517
11.3532
10.0673
6.49338
13.1202
9.32387
12.05
14.0371
10.9432
8.076
14.0405
6.58104
9.6237
7.18048
12.2541
9.1248
11.8873
11.1706
9.97197
11.5563
8.90089
8.96132
10.3443
7.41873
13.7492
5.86477
12.8543
5.139
11.4403
11.5052
14.4649
13.872
13.7185
14.339
9.21297
9.06676
10.0856
9.38404
12.4817
14.4595
11.2673
13.8073
14.0424
11.6539
10.0761
9.39755
8.87552
9.49687
12.4742
10.5629
13.9067
13.6142
10.1086
13.6239
10.5219
9.63742
10.329
11.6582
12.8355
13.5804
12.3719
9.7163
6.7688
9.48722
7.11762
13.5967
12.2253
13.2219
8.93106
12.5953
13.7887
13.3522
12.2419
14.5077
9.73506
6.82139
10.0097
13.2994
11.6562
13.9302
12.7433
11.2903
14.412
14.1167
14.6832
13.0181
13.8034
5.75295
14.7695
5.17427
10.8075
8.63909
10.9717
14.1909
12.0244
10.3719
12.2499
12.0726
9.95684
8.66757
12.6021
13.1434
6.88738
14.354
9.80684
12.5731
9.61609
10.2743
13.2555
12.9711
13.3958
14.5157
12.2555
11.0205
12.5979
10.8468
11.4327
10.2829
12.5863
13.8211
13.2817
9.53906
12.854
10.8877
6.32125
8.31467
10.3178
6.14301
9.3366
14.8031
11.0085
10.2457
7.18471
9.8926
6.96063
6.32711
10.1326
5.29767
7.57888
13.2435
6.99189
12.5729
14.3754
13.4471
5.36167
6.7956
10.0957
10.4192
11.3425
14.7731
14.6762
13.1791
8.90503
10.0917
9.35663
14.1958
11.6913
14.4749
6.2418
14.3972
6.27333
14.5188
11.9524
9.43225
10.3698
10.5701
12.6277
13.536
7.79796
12.0182
14.5269
14.5936
11.3296
6.51023
14.592
14.7411
13.8978
11.6289
8.82513
9.06647
11.7466
9.12088
14.4806
6.4751
8.81414
10.5035
12.9225
9.00088
9.88091
6.53625
14.3133
10.2069
11.6572
9.48403
6.88124
10.2131
10.1003
9.30128
11.3793
7.74165
10.0983
6.7984
5.82492
11.2236
10.4607
13.6077
11.4259
11.8459
12.929
14.9561
5.5802
11.4925
4.37199
7.6479
12.7993
11.443
10.9878
9.29506
12.5637
12.6768
13.2616
13.8834
9.44807
6.90561
11.6586
13.0317
6.3622
7.16768
9.92116
10.5398
8.55205
5.80157
13.5063
8.16241
10.6349
12.5987
12.9365
10.2472
13.7467
12.672
13.207
9.34974
10.9334
14.8572
6.48787
11.4424
10.1893
11.7291
13.821
5.74467
12.0144
12.7303
14.7914
13.7964
14.9169
9.75321
9.7525
12.0532
9.88495
13.5013
8.82378
8.30867
13.1351
12.6838
11.5154
10.6726
11.1754
6.92914
12.8299
14.1795
12.7765
10.3364
7.2306
11.4299
11.3723
7.98638
11.7523
11.859
12.9372
9.11116
6.14978
12.8855
10.8757
14.7833
8.12191
11.6002
14.2649
12.9865
11.1972
10.3598
10.3934
6.94391
10.107
9.34959
11.1355
9.6958
7.58627
13.2923
11.6501
5.64362
10.2704
10.1478
7.12055
9.78191
7.16567
10.9786
13.9675
11.3869
14.8101
11.9616
13.3734
10.892
12.2491
8.62092
13.9428
12.4916
13.4195
12.9798
13.5324
14.0899
11.0554
9.33273
14.9685
11.3111
11.1762
14.4137
12.551
12.3621
10.1117
9.73267
12.619
7.12468
11.764
14.8248
12.4542
10.7396
6.35593
12.417
12.1712
13.4915
10.3564
8.65145
8.45549
14.5488
8.55225
14.317
8.64846
12.6139
9.53384
6.24538
13.5898
9.98125
12.5353
10.3697
12.2115
14.5364
6.74009
10.1679
13.9806
9.65929
13.0555
11.5539
8.10288
11.7497
12.2036
12.2799
13.748
9.02597
8.97942
14.1301
11.2183
7.54522
14.0476
14.9976
12.0129
12.5148
8.80177
12.0832
11.4808
11.9272
10.8846
7.26141
10.6918
13.6994
14.5298
10.3925
12.8579
14.7172
10.4914
11.4909
8.46645
14.2647
9.98553
5.51129
9.71131
12.7726
8.85793
14.877
9.96532
10.5816
14.0027
7.87635
8.4714
12.0507
13.6795
10.2116
9.56679
7.95124
14.9723
13.6517
9.72692
14.5835
13.2962
11.5192
8.55226
12.1176
11.8677
14.7003
10.854
14.0114
13.2913
12.7148
13.503
8.67206
12.2982
11.8459
12.2674
11.1797
7.38159
9.9222
14.3295
11.5446
10.2612
14.0217
14.9033
7.62082
12.758
8.46385
14.9685
12.315
13.6175
11.3203
6.40282
13.5885
11.406
6.54462
9.19761
14.2214
13.4259
10.324
14.252
14.5121
12.5812
7.92275
6.78447
14.2857
13.1508
11.7255
6.64734
9.47764
5.3582
5.71642
7.95248
11.7716
11.6508
10.7082
9.39563
7.73892
14.238
7.315
13.5866
11.7276
12.7588
10.2243
10.6461
11.5881
12.283
13.9553
13.5597
10.085
6.67391
10.6065
14.5303
9.72245
13.0769
12.3279
14.1934
8.45344
11.6521
4.89371
11.2442
11.7251
14.2482
11.8066
14.0962
8.82853
14.9716
7.19834
4.88137
8.42638
5.28537
13.7274
11.4416
8.95226
13.1697
12.6624
14.1397
9.19133
14.4308
7.57034
7.51244
11.1205
5.93705
13.5684
13.534
13.9026
8.29428
13.0207
12.6358
14.0389
14.2464
13.0351
14.626
8.11185
10.3632
12.6072
9.65615
9.59505
14.0248
7.95042
4.27934
4.36541
11.3202
4.3142
9.41654
10.9415
14.1015
11.1334
12.178
5.72137
9.388
14.5506
14.8455
8.68601
13.3213
14.6113
10.7418
12.5033
12.9709
14.0109
6.36452
13.2424
14.2569
5.04579
13.0748
13.4736
14.0242
13.2793
12.2651
4.33875
13.8607
6.68388
13.7694
10.8186
12.7049
7.83134
13.3363
10.716
7.06652
10.2644
12.8856
10.5553
9.22264
11.4481
14.7203
9.29578
11.2676
11.8319
9.44341
12.646
13.5952
9.89677
13.0715
9.78438
12.1717
14.4174
7.87216
13.2568
14.7017
10.5927
7.8975
10.1472
11.3644
11.4549
13.3267
14.1115
10.2218
10.549
4.94292
9.22576
8.0488
9.37115
7.06406
10.7296
13.9012
12.2729
6.44643
13.9337
14.8504
11.3084
13.6449
11.8385
14.7524
7.89404
14.7142
11.1791
6.39215
13.3201
13.8819
6.1437
11.3492
14.6298
14.1463
8.41623
11.8036
7.35753
12.5564
5.99806
14.0621
10.4962
13.7458
14.6841
9.17245
10.9317
10.6535
14.8209
13.4576
7.54985
14.5083
10.4221
13.7689
9.16318
12.7761
14.9851
14.7807
12.274
7.87575
11.2276
12.3454
7.43632
11.4648
11.9904
9.24785
11.4086
12.6323
9.80187
9.42534
12.9376
13.2523
13.9118
11.2277
5.29371
9.76286
9.28392
11.5318
13.0385
12.2467
9.38771
10.6329
11.3823
12.5109
13.513
8.21888
8.5887
11.1009
8.4645
13.3798
13.6256
9.65128
8.40652
12.878
12.0604
5.16468
12.3157
11.236
8.41396
10.2328
13.5357
11.7207
13.8117
9.72901
8.48203
10.4141
14.9488
9.45599
8.88837
12.7106
14.7255
14.0422
13.3277
13.5788
11.5093
12.284
9.55627
9.52251
14.4025
12.624
11.8105
6.2129
9.91146
6.01732
11.0212
7.73644
13.5536
14.4362
13.3261
8.40183
10.721
12.9364
13.0051
6.58637
9.84402
14.5498
13.1807
14.6389
11.8525
14.8112
13.6738
13.6517
11.6704
12.5471
11.4328
14.177
10.13
12.5913
12.1713
14.023
12.6903
12.3509
13.6673
14.5862
14.043
11.4254
14.1836
13.0785
13.7872
8.64198
11.9475
12.8341
10.6029
9.1152
9.84772
9.73968
8.74771
13.5092
12.4066
14.7296
5.44969
9.5905
12.9108
11.3793
10.906
13.9429
10.9702
11.9571
11.6187
9.30892
14.2553
13.7339
14.4302
14.2217
12.6684
9.55515
11.0733
5.62424
8.85707
9.51551
11.5058
13.6304
12.7359
10.6469
12.6376
12.2596
14.7426
12.8195
14.0591
12.3908
13.8327
11.7298
13.3344
13.0149
10.346
5.91629
14.0204
10.5078
12.2057
10.0013
5.94019
7.12499
12.2097
14.4816
8.35565
8.70257
12.9171
12.5668
12.2463
10.7754
9.77773
8.91576
9.93194
11.1782
12.5384
8.44832
4.91664
14.7208
13.4225
14.2071
4.52016
14.2188
11.365
8.7835
14.8469
10.4498
7.18403
10.6112
8.66601
14.5722
10.0292
5.51138
12.8886
6.21101
13.5361
11.928
8.16274
9.89869
11.1501
8.9515
9.92783
13.3782
12.2782
14.624
11.0278
10.4309
7.05689
14.1654
9.36906
14.584
14.9171
14.7032
10.0066
13.0437
8.91148
8.98134
14.6043
7.29181
10.9795
6.10006
8.71589
14.3112
14.628
14.4002
13.3188
14.3344
10.3767
11.2333
12.7279
9.77221
10.4413
11.6828
13.1896
6.7965
7.09556
11.1208
13.0609
9.26662
10.1816
5.38451
10.5159
12.968
14.1225
9.70803
10.4759
11.5441
9.24468
5.84787
9.26759
11.6999
14.0985
10.273
6.47751
14.8019
9.89223
13.3198
4.21691
7.53446
12.2537
13.9322
6.52483
13.8466
14.8998
6.87395
11.1084
12.5413
10.1809
6.15729
8.96236
10.3906
9.44543
11.401
5.47793
6.65715
14.7103
12.6451
13.2015
13.7489
13.496
14.1815
10.3318
13.7389
7.46513
12.6425
13.9279
11.38
13.0149
10.8853
14.8922
14.7833
9.70357
11.2664
11.6895
14.3403
13.568
13.5163
9.2436
8.70284
6.54133
12.6831
12.154
8.92915
10.2224
13.9475
12.7265
9.45428
11.1847
11.3862
14.6814
10.1644
11.0883
12.3705
8.565
14.1865
8.89204
10.2638
11.8211
12.818
11.6988
13.6342
6.00069
13.5867
13.4708
10.8751
9.01025
4.86021
9.70567
14.4465
14.6541
10.1579
5.75221
5.16693
11.6134
10.7099
11.7514
14.9536
10.1024
13.8926
14.1499
12.3986
13.8648
12.0717
12.7267
8.72686
13.581
14.3305
11.6928
11.9454
8.29908
12.5672
11.7797
11.8997
13.3974
13.2697
14.4092
12.6674
14.5652
12.9259
12.7072
12.3151
10.4012
13.5588
8.8202
8.34011
13.6577
8.16802
12.5948
8.9917
12.1612
9.90741
11.8639
11.9224
9.6035
6.7974
12.1632
7.373
13.8753
8.59782
4.22186
8.9027
11.9048
9.20918
14.5361
8.08982
13.3838
5.91913
7.68023
12.1104
8.79073
14.1921
12.8163
11.4727
12.1133
13.237
11.1585
13.0971
10.4806
13.9993
14.4686
7.66123
12.4448
14.4605
12.7672
11.6445
13.3104
10.2113
6.98082
12.0502
9.95808
14.0017
10.4173
13.2979
13.8175
11.3646
11.1581
9.45449
13.5668
14.3929
9.90223
14.914
13.3259
14.102
14.1261
10.4587
11.3993
11.8768
13.4676
5.52009
11.0176
10.7268
5.63969
8.02367
10.4491
14.7448
8.42572
7.37346
14.1585
8.19361
14.367
13.561
11.8939
11.648
13.2711
12.9517
14.3143
13.5678
13.5825
8.81014
10.8798
12.3166
13.2932
9.41936
13.9951
9.83969
8.01903
12.0116
13.6793
12.0021
14.2409
8.92366
11.9404
13.3333
9.09033
11.766
13.4449
14.4632
12.0658
10.2228
10.027
14.1613
13.3658
10.6171
11.7918
9.56045
11.9713
13.2936
12.8342
12.651
11.703
12.7766
14.0506
13.8167
13.0169
13.0402
9.74416
10.9861
4.83973
7.93622
14.6294
11.1663
14.8407
12.515
11.4041
8.09299
11.803
12.0291
11.7233
6.05197
9.29481
13.9732
14.2324
14.9057
7.27563
12.3773
12.4256
6.6762
11.0775
5.24702
5.80112
13.811
8.1127
13.1151
12.4391
11.1884
11.7586
14.1656
10.6944
8.86484
14.7116
11.1763
6.76534
12.2051
14.4779
11.0578
10.9799
11.399
10.3183
9.3067
8.42269
14.2108
12.7304
7.68648
8.18471
8.99157
11.2261
6.15913
10.3148
11.9537
14.7617
14.3771
13.0078
14.5426
10.3864
9.26522
12.5124
10.1983
8.3941
8.93346
9.43618
10.2899
13.6253
12.6045
14.4243
8.47303
9.85895
9.78669
14.3612
11.2691
12.0786
13.2411
12.902
9.82922
14.4291
13.5447
14.3176
10.4298
10.96
6.52085
5.54832
13.1268
13.7396
10.9956
10.4022
14.2595
11.5488
13.529
14.0908
10.3078
7.08026
14.7006
13.2659
11.1257
10.1193
14.9152
12.778
14.7407
10.1966
8.23275
12.4172
12.7805
10.432
9.37135
7.79938
13.8604
11.7204
11.9049
8.35792
10.3773
11.9847
11.5259
14.8683
14.019
5.39713
8.69193
6.22096
13.7552
7.99348
11.5395
8.47711
10.3011
9.24407
12.5489
13.8832
11.4635
9.27084
13.8312
14.5131
13.3292
9.47817
12.8942
13.1834
12.8986
11.9676
7.90163
13.4252
13.6263
14.1512
13.1887
12.9952
12.5898
11.6609
13.4099
8.90582
12.4976
10.3831
4.4808
12.1586
10.4474
6.70772
13.1516
12.661
11.8524
5.90289
13.0996
12.8723
14.4089
13.9034
8.54479
14.5352
8.148
7.49743
13.6063
10.7585
12.3213
12.2931
8.82157
11.845
9.33922
11.297
12.738
9.88004
4.30252
10.1458
14.3529
10.7996
14.8356
14.3293
12.244
9.67921
11.0298
12.651
10.3266
7.67974
10.3466
14.5485
14.6317
14.1057
8.63975
11.46
12.0906
5.99035
13.0974
14.7755
12.8272
11.0397
10.6655
12.5961
14.6699
10.3824
11.2381
14.4406
12.545
12.0486
14.0843
9.07243
12.0029
12.5533
4.80213
8.69601
10.4435
12.5578
13.3201
10.1705
13.2024
8.50563
5.69248
11.9972
6.17102
10.9965
6.01569
14.7782
13.6319
7.87067
14.9182
13.5484
6.71195
9.81108
12.2126
12.2318
14.1074
9.97251
13.7781
12.933
8.2808
10.0961
10.7391
5.71671
11.3528
6.39713
9.25986
8.43205
10.0711
11.5948
14.3793
12.9355
13.5887
12.8423
5.45295
11.2287
11.9429
14.6854
12.742
10.7553
11.3836
12.9573
13.8442
10.3089
9.64497
6.04813
12.6812
6.79938
10.3358
14.4407
9.67466
12.84
14.2822
11.3741
12.3219
13.9452
14.9318
11.3828
9.05438
5.75955
6.7718
9.67487
14.6374
12.3385
13.8007
11.0377
8.9729
14.3289
13.0894
9.68953
9.25408
12.3043
5.31981
13.5503
9.05365
11.4819
14.6727
8.06991
12.5609
9.40776
8.47618
10.5384
12.8778
12.2642
9.09173
12.0145
13.6065
12.8335
8.93234
14.9873
9.59239
12.0041
11.6241
9.97984
13.5069
13.2688
14.6194
13.6465
11.5104
6.97397
14.1486
13.6029
11.5579
12.7271
14.3022
12.7886
11.4297
14.4319
12.5027
7.55366
8.19502
14.8632
11.6254
14.3333
13.6771
12.4178
14.1026
12.1093
10.7729
11.8168
10.4461
4.1874
5.82781
14.4442
14.305
6.39055
11.8631
14.2916
7.79629
14.6828
11.6155
10.7883
11.9503
7.95352
10.4262
14.9825
14.3057
11.344
10.0263
4.20399
13.2417
7.24754
14.4983
12.4113
6.93829
12.1012
9.07903
6.71316
10.0797
10.4121
7.09943
10.4938
9.80076
13.426
14.2866
13.0089
13.0473
9.25087
10.8306
8.57985
9.82815
13.1087
11.7233
6.41027
12.2563
13.9223
13.2949
10.9552
13.4944
10.47
10.2218
12.809
11.8372
13.5665
11.9285
12.8027
8.69413
11.017
12.7409
11.1018
8.85804
14.2381
10.9333
10.6664
9.26941
13.5531
12.3179
10.7147
14.7422
9.95832
9.84163
12.0803
7.29715
8.62932
9.97705
9.59419
12.2016
7.96593
12.438
9.98699
10.0234
10.4318
7.40538
9.75751
5.238
9.90904
13.3242
6.49102
13.5792
10.1032
9.38161
13.9358
10.089
10.7833
12.2674
13.115
10.2502
14.7572
13.8771
13.6351
13.9341
9.11104
7.51258
10.0943
5.5755
12.87
12.2556
8.14324
9.44061
13.138
8.99642
13.6105
14.8118
12.9939
12.0281
11.8861
8.91629
10.929
10.0686
12.4788
9.58222
10.8476
12.4178
14.399
9.85275
14.5236
9.44463
9.9426
7.24179
14.7606
11.7805
11.498
5.61233
12.2005
13.2874
14.6983
11.7716
5.97462
10.9426
10.3576
10.4065
10.1925
10.0719
8.96305
10.5503
12.5225
10.2429
12.707
12.7742
12.9081
12.0045
13.1441
10.3034
8.60796
11.0485
12.1609
10.9782
9.57218
13.9789
14.0315
14.1548
12.6919
7.2966
4.14837
11.475
14.7096
8.64135
6.40788
10.5449
14.4442
7.46001
14.2608
12.6452
9.98709
13.092
7.88276
12.8506
10.7397
7.88485
10.8566
7.1107
13.9597
14.3522
12.9298
14.9665
8.79957
13.6881
12.1025
12.225
9.43702
12.3735
13.4042
14.9428
10.2882
8.34667
14.2698
13.6742
12.5206
12.3176
10.5504
9.26404
11.6388
5.45014
13.8603
12.5069
7.88897
8.036
7.96995
12.1652
9.86
14.8999
13.772
9.72734
8.34851
14.6531
9.23959
11.9478
14.6584
11.0189
13.6584
9.34637
7.96721
13.5911
8.44847
14.8969
11.1613
14.2146
14.0778
13.9316
9.17579
14.2744
10.2029
9.05078
7.2757
13.1287
13.4544
14.059
10.3499
14.1769
11.7509
9.12439
12.808
14.1815
11.3285
11.3323
10.7199
10.4225
14.3786
14.0042
13.4498
10.0891
13.8096
11.3333
8.00963
14.9326
7.71634
11.7033
9.6492
14.006
11.9842
13.0879
8.32702
14.3495
12.2442
9.12727
12.0913
11.5414
12.2883
11.7189
8.38169
13.8377
13.7964
14.4132
14.3285
13.918
7.57637
11.4681
11.9288
13.1787
12.0931
10.8362
14.9508
13.6146
11.293
12.7975
14.0863
12.8714
12.9628
13.3477
4.90038
11.2391
14.5941
12.5544
11.8511
9.77784
14.1518
11.8837
10.7487
12.2493
10.7169
11.0563
10.789
8.71373
13.0778
9.81516
9.57366
11.6797
14.2669
8.31785
13.8675
11.7082
14.6082
8.60668
13.5071
7.75246
13.9951
9.59524
8.26853
9.90717
9.52226
10.3179
10.2766
9.22139
6.23469
12.6112
9.67591
7.05839
11.2324
14.7875
11.7295
11.8824
14.1524
14.5104
12.1671
13.7861
6.57661
12.2457
9.97338
7.39978
13.7276
14.5418
10.0886
11.0035
11.6834
11.0243
9.3661
10.8262
14.0804
14.7683
6.87937
14.4281
8.10031
12.8644
9.80839
12.0357
11.2048
8.6283
12.8983
12.4186
14.5657
13.3394
10.1976
12.9541
13.8208
14.7711
14.9512
12.1224
10.996
11.1984
10.7754
10.8162
8.31145
7.27941
10.9914
14.455
8.30172
11.5525
8.56803
9.83499
10.6062
8.65023
6.95187
12.6064
12.4522
6.63142
10.0422
8.80018
13.1969
12.7503
14.8604
14.2717
12.3317
11.8517
9.90393
13.1185
10.6414
10.0751
9.77989
13.9986
11.0066
9.66742
10.6299
5.46187
14.8597
11.8122
10.8851
12.1251
11.5605
11.5777
14.1833
8.32769
13.8322
12.2409
14.7483
11.3627
10.4117
11.0275
14.8834
14.0427
13.987
10.4909
9.43968
11.8733
10.1068
11.2823
10.9773
11.8649
12.5577
13.4802
10.2909
12.8625
10.4914
14.4057
8.78356
10.5079
9.73174
12.9177
8.09933
11.3892
14.7845
13.8978
8.20764
12.9111
12.8907
12.927
14.214
14.9872
12.989
10.4628
14.3097
12.028
8.52314
12.9547
13.7921
9.64333
13.382
13.1936
6.48796
5.49869
5.13236
13.4446
10.6337
13.1995
10.9635
13.8372
11.742
12.6187
12.6349
5.92173
7.38154
11.32
14.3399
7.68724
11.4789
6.80553
12.1453
12.9986
7.72105
14.9818
4.5213
13.3228
12.5525
13.4596
8.67467
12.6112
9.1429
14.5219
6.44818
12.9442
13.981
11.6038
10.4553
11.0439
14.7642
12.5329
6.01106
7.95458
12.1642
5.06135
12.8049
14.1255
14.6798
12.341
14.9739
9.47362
12.171
14.6452
10.5492
9.92675
10.5544
13.7532
11.0342
9.69906
13.8837
12.0724
7.08535
7.43434
6.97153
14.296
13.552
13.8037
14.6237
13.0394
11.0636
13.1386
7.80639
13.7804
13.5953
10.3448
5.65154
6.19616
9.34352
13.9151
10.9694
10.8226
6.77242
14.5669
9.37563
11.9349
11.311
8.82971
5.54539
9.69797
10.5068
7.68586
14.8406
10.1144
10.2156
12.7759
14.0947
13.3589
14.3699
12.3818
14.214
14.3471
10.3788
5.08448
11.831
13.8419
11.4104
14.4356
10.0011
8.05552
9.14149
14.5394
12.3552
11.3975
13.4068
12.2547
5.37293
4.17119
13.2928
14.1465
13.9457
14.4559
11.0579
13.4
9.54793
4.14471
14.8637
10.1891
10.0273
13.089
14.6285
10.4355
9.87563
7.70804
11.1024
13.4794
8.4009
12.0921
13.3084
8.9137
14.4976
13.3226
11.0612
13.1451
9.41844
14.722
13.5128
10.2004
13.9065
10.5521
12.8211
14.4097
9.16168
9.88944
10.1638
13.276
14.1963
14.2522
13.7519
12.6774
11.8877
14.167
4.90995
7.5377
7.28284
9.41668
9.19188
14.9543
9.63181
10.5579
8.39796
13.001
10.5363
10.766
13.667
12.5198
11.8831
10.2981
11.1701
13.4435
11.3565
6.44938
9.22941
6.75709
13.5438
7.15992
8.45213
4.6236
10.6456
9.32919
13.0651
10.8818
13.0505
12.1894
14.194
11.8098
11.8585
13.8131
14.861
5.94854
4.98105
13.0757
12.7614
4.74742
6.2725
7.75858
11.7624
10.6649
8.18278
13.1518
14.2164
9.03187
9.3932
13.0046
10.7018
9.49424
10.8691
12.4889
9.74568
10.8297
8.25565
9.28269
12.6058
9.1746
14.6775
13.3451
6.14357
8.54525
11.2205
8.71143
11.1167
11.4829
10.7724
9.34284
11.9687
13.2407
14.573
7.84562
13.6126
8.09115
11.3697
13.041
12.1086
10.3487
9.01277
5.61549
8.89651
14.8474
11.8674
11.5239
12.8884
9.56733
7.01373
14.1901
13.9291
14.1499
12.9049
9.13648
14.5853
14.6579
5.83821
4.99841
6.92341
13.2461
10.8473
9.27218
11.8105
12.4193
12.4054
13.2163
13.2117
11.5941
8.91428
13.0601
12.9649
11.0743
10.3772
7.70538
14.1009
12.4122
11.4297
11.0911
10.8599
10.2518
13.7458
8.56108
11.65
8.8058
11.4874
14.3827
10.0822
11.3105
7.68595
8.93496
12.417
11.3784
4.99577
11.3005
13.8128
12.6603
12.7645
14.4427
14.4199
8.4312
13.376
14.1942
8.3785
10.3621
11.6774
10.5671
14.3939
14.5376
11.3645
9.87871
12.1154
9.3306
5.11642
8.07634
14.0429
4.47078
9.91984
8.45134
13.8286
12.3661
9.8416
13.5741
13.2282
14.5608
5.90326
13.2093
11.0684
7.8412
9.92843
11.8293
9.87649
11.509
4.53996
13.8306
13.3361
10.8825
10.8915
11.8995
10.5159
9.97624
13.3021
4.89981
13.3015
12.426
13.6525
10.0957
10.1546
8.59232
6.81822
10.9917
12.3045
9.31986
9.41912
10.6165
8.97147
14.6507
10.0925
8.39814
11.4595
8.21947
14.2813
12.5334
9.42446
9.64618
7.52326
11.7462
12.6276
14.1511
6.37052
14.6996
12.12
7.16351
13.3094
11.0567
11.308
10.3648
10.5918
10.9318
14.8945
11.2066
11.4824
11.1167
9.78167
10.3266
7.86864
11.3731
12.2793
5.76173
8.78142
8.77945
11.9026
14.0098
5.79282
9.95884
12.2543
11.2564
9.2349
8.47419
10.6313
11.2866
13.6357
9.69407
11.903
9.13658
7.41419
12.9476
12.1339
9.60344
7.387
14.1409
10.4847
12.2363
13.6414
13.8169
10.9772
10.0167
14.8961
13.5849
13.7707
12.3846
11.3679
10.6394
7.7092
10.5585
9.79311
9.9579
9.03863
13.8646
6.01101
10.5531
9.35248
14.766
7.4054
13.253
6.41507
10.9023
14.1668
14.4623
11.7421
12.6081
11.8855
14.0489
5.08936
12.462
11.7514
14.3132
4.859
14.9835
14.3269
14.6574
14.3902
14.9536
5.14638
7.00608
8.9545
12.8335
11.6278
12.0412
10.3881
13.1709
10.5934
8.61192
10.1176
13.8977
14.2692
10.2462
13.5659
11.8832
14.4085
11.8997
13.5681
14.1751
9.28663
14.7959
10.2081
6.10743
6.94344
14.065
14.4957
10.6954
14.3375
7.68382
7.10262
9.02209
5.18236
10.5116
9.0867
14.0019
9.07124
11.2735
13.032
14.664
10.5558
11.0564
5.93063
9.38321
13.9308
11.6867
12.4477
13.0186
4.67499
9.63334
14.8605
11.3315
12.6367
14.5705
9.98263
9.18651
7.05437
9.49573
8.10371
12.9453
14.6627
8.654
10.9482
13.2638
13.5717
7.60384
4.55004
13.4041
14.5092
7.1558
11.9428
9.7191
11.1211
8.44088
11.6562
14.7839
9.62662
7.34415
7.13754
9.7841
13.7511
8.04336
11.5485
14.9187
14.062
10.9407
8.07402
13.7577
6.46815
5.71061
5.53396
10.7868
8.80881
7.93077
11.4663
8.42501
14.5006
10.8475
12.6915
12.3054
11.8974
10.1998
11.7261
10.6122
13.2646
14.9847
7.58062
12.3861
12.9639
14.6475
13.3753
14.3095
12.6338
14.154
14.8214
9.86655
14.7186
9.59667
14.8464
8.89668
13.348
10.2762
13.2006
14.1982
13.4655
5.81976
9.03575
13.8208
10.6581
7.29807
12.5622
13.0721
13.2462
10.5457
10.7759
12.0212
13.5884
13.2252
14.5821
9.09306
13.5176
9.25665
12.6578
9.32671
13.2541
12.2
11.2284
12.9401
10.252
10.829
9.10213
12.4362
7.09645
14.9896
9.04294
12.2711
12.3725
4.17537
13.0699
9.53774
13.7538
7.89974
14.9524
12.5898
13.949
13.8521
12.2096
14.4438
11.9091
14.1226
8.58136
10.9747
12.1256
12.3746
11.0398
10.5432
12.0545
14.7288
9.95065
11.5718
11.9345
13.8996
10.721
12.0183
14.8225
12.0776
4.6109
10.136
10.9407
9.3519
10.7981
7.95324
11.2231
13.341
13.4744
12.5673
8.17598
13.4073
9.78291
5.69236
6.86292
6.78432
8.66927
11.3944
7.78847
7.23071
8.36899
9.05367
12.2978
10.6171
13.4682
12.9582
9.46239
11.9308
11.7247
13.7214
14.8508
10.977
12.9344
6.04757
11.9689
10.5975
11.7036
8.61215
10.9919
10.2105
13.3762
10.5408
9.57316
8.52517
10.865
9.324
9.66777
9.29388
12.613
14.065
12.4118
14.7222
12.6244
11.628
14.5366
12.5525
14.8348
14.7621
12.3097
11.8043
12.2079
13.3494
8.44658
14.5583
13.7794
8.76478
9.86048
9.399
11.9973
12.756
8.63398
14.6608
11.98
12.3988
5.41099
7.25118
11.1468
13.4935
10.9305
9.57545
11.8916
12.7608
8.94229
14.4344
4.91481
9.19901
5.18147
12.9365
8.39598
9.92761
12.4792
6.74501
9.83505
4.99952
11.8889
9.87782
10.4679
13.1898
13.4393
14.5555
14.7157
6.31795
10.8239
14.8567
11.1563
14.9368
12.2677
9.96197
14.8724
9.63948
13.8008
5.40023
13.0788
11.1199
11.3439
9.67879
14.347
9.21547
10.3387
5.26089
5.73335
9.90022
10.5513
9.90728
13.2252
11.4487
10.1488
6.39243
10.3378
9.58477
12.6663
12.5178
12.9415
12.4319
13.6474
10.2564
14.4338
14.0818
11.1974
7.80923
11.4331
11.2456
13.3483
10.4478
10.1849
7.52522
13.9205
8.43865
12.3786
13.9982
9.15249
11.8144
14.2899
11.3941
10.68
14.7657
9.62453
10.131
11.9152
10.999
11.4803
13.9328
13.4419
14.6661
12.6639
9.7417
14.3576
12.3991
13.881
11.2757
13.8719
12.922
13.935
12.9209
10.7294
14.2581
10.3831
7.19758
9.73612
7.7182
14.6527
7.81459
10.1247
14.2232
6.62281
13.6092
4.21074
5.37498
10.9155
12.6734
13.6376
10.2857
14.478
8.73114
10.4853
10.2187
14.2802
11.0308
11.5817
10.6835
10.9299
6.03423
14.8883
13.1176
10.2067
11.1837
7.0889
13.4951
10.3312
10.3044
7.73908
14.8995
12.1725
10.3533
14.1683
11.9849
12.2835
12.5037
7.11021
14.6388
14.8492
6.2435
12.9294
12.1942
8.42027
13.4098
14.3138
14.7688
9.39712
12.6251
13.9038
10.8544
12.4488
13.918
13.6344
5.78263
13.8576
13.0522
8.94663
13.0905
13.4468
9.42532
8.50431
14.2217
12.1927
9.35778
6.09521
7.82038
9.93781
9.92612
14.2732
13.459
11.8902
5.57752
8.30356
8.30694
8.64768
14.3868
6.15477
11.4702
13.3879
13.2275
10.8288
8.58601
8.56981
10.6503
8.62118
12.1994
13.5947
7.96242
10.1611
8.79446
10.6473
9.39843
14.9895
9.00211
13.0089
9.25967
7.50483
9.48228
14.828
14.2303
14.6355
14.6116
8.61992
12.6226
10.5862
12.0141
10.8951
13.5707
14.0027
9.5366
9.8796
13.3286
10.6441
12.1045
14.0924
14.6756
7.74304
13.0305
14.6513
11.3284
10.8038
13.937
14.4292
9.77046
11.5157
9.81914
7.26328
5.01118
11.6443
10.026
10.3886
13.1809
8.88166
6.74342
9.68747
8.61283
6.34754
11.3628
7.97726
13.7363
13.1713
10.2966
10.6294
9.41362
12.3953
13.3879
14.0678
10.974
4.21712
14.1947
8.11472
13.5424
6.60085
9.21975
11.4779
12.1803
10.7608
11.5209
13.1835
12.1095
10.5101
12.2706
12.7663
11.8902
6.83169
11.4331
14.8908
11.1545
11.398
14.7539
9.53275
9.41303
14.0554
14.4537
13.1479
9.7663
14.6574
7.99296
14.8689
11.6493
8.9153
12.1454
8.32625
14.1521
14.3051
8.16725
13.2143
13.0955
8.66659
14.6213
10.3886
8.70078
11.8766
4.21853
14.9221
12.0982
8.71969
7.34702
14.7128
11.5685
14.3899
14.4062
9.61177
11.0379
9.64033
7.92226
11.5091
10.5234
13.4015
13.4013
12.8185
14.9928
13.245
9.05616
10.5483
10.8674
10.3168
14.539
13.5625
14.27
9.64786
8.19289
14.2065
7.44179
10.8907
13.7076
13.7983
13.5133
12.3349
10.8839
9.99091
9.98162
9.36843
8.9186
12.189
12.9297
10.4959
12.3972
8.26133
7.1587
13.5684
9.6481
14.9726
11.7676
12.2037
11.4175
14.1322
14.621
9.5491
10.3285
13.5851
9.52356
10.8873
8.43183
8.45809
13.8499
10.0274
7.32898
10.4027
13.5858
11.4385
5.02624
14.9735
14.5652
4.13289
6.1903
11.9292
12.8059
12.7297
11.9689
14.3255
9.34432
12.9331
11.2475
13.1988
10.9613
11.9646
13.957
13.6736
10.8196
13.3247
14.6436
13.0176
7.71329
14.5572
10.4118
12.804
11.7745
14.9433
11.4014
10.6124
8.83034
11.4108
13.7636
8.8504
11.3574
14.2235
13.5162
12.9206
9.68113
14.1752
5.43735
13.1245
11.9267
13.3827
5.85904
12.5089
13.8653
12.9176
11.6873
6.10176
12.9711
8.99265
7.41169
8.98069
12.7209
13.3006
10.4933
8.54802
12.7988
14.2573
12.5809
12.4711
8.35262
14.9736
13.448
12.5371
9.60177
10.9934
14.9396
13.8197
11.2622
14.1678
14.6388
11.2878
12.1698
13.8502
14.7627
6.67138
10.7038
14.5062
10.379
8.78304
11.6623
11.8035
8.39055
10.0078
13.6879
13.3428
8.75227
13.9284
13.8908
8.67517
14.4835
10.7907
12.2019
14.6694
12.8628
9.86974
8.79287
10.9118
8.37138
11.3435
9.80527
6.21085
7.06156
13.8237
11.2985
10.2007
12.6387
13.0402
8.96865
5.50945
8.85266
11.2942
10.2394
11.1709
9.82046
7.85481
14.2077
5.63816
10.1714
8.78783
12.7162
12.6598
14.8602
14.0341
11.2188
14.5117
13.0658
12.7349
11.2532
12.7882
12.9774
14.5954
11.3779
10.6188
10.3527
9.11448
11.5768
13.1863
12.596
14.5562
12.8062
14.5131
12.5729
9.33701
14.9726
5.59921
11.871
13.6682
13.5679
13.8288
11.4454
11.9053
11.7485
9.84897
14.6851
10.2034
10.1953
11.8391
14.1208
12.708
4.59659
14.8119
12.7997
14.6623
14.3897
14.9465
12.4214
14.2982
11.8605
13.8569
13.9085
6.15731
8.49197
11.0105
10.2504
8.22596
7.57754
11.5004
12.3994
11.782
14.2791
14.6835
10.9426
11.8551
14.7653
13.3768
14.586
9.54616
13.8502
6.24171
12.9317
11.1044
7.03233
6.69498
9.52385
7.63814
11.6817
14.1463
8.56741
8.32296
3.66676
10.7971
13.6019
9.96237
12.9472
6.74989
11.8466
10.1329
9.80279
12.1141
9.99807
14.7264
14.355
10.7544
11.8204
14.0612
9.65703
11.7308
7.30649
10.1735
12.9952
12.4829
13.7191
10.8062
6.882
14.8724
14.9515
11.5218
14.171
6.30645
9.78626
5.564
13.0502
14.0809
10.3748
11.6408
7.38557
14.8703
7.77868
12.4221
13.917
9.92641
14.5673
9.48539
12.9981
14.0931
13.2341
13.7535
11.7181
9.84726
13.4847
14.2413
11.2919
9.45634
12.3476
5.18914
11.0778
13.9155
11.0052
5.31363
14.2978
9.59329
8.67937
14.587
14.9483
11.5108
10.5966
14.0329
14.9754
9.05993
8.56037
14.2092
9.62498
12.579
14.4601
13.5115
13.8719
9.588
5.23551
14.7451
12.7506
7.67363
13.0075
8.83803
11.8456
11.3364
14.303
10.2657
14.8175
14.0779
13.7535
12.533
13.9293
12.4328
14.3714
11.1233
11.5511
9.53347
14.1368
8.02684
13.6209
10.5026
10.7151
14.9934
14.1091
12.6643
12.5461
14.5285
10.8685
12.5866
12.7971
9.00026
11.4383
12.3557
10.2854
5.42856
4.29236
12.2721
13.6274
14.8337
14.2256
6.31353
12.1412
13.3843
9.09049
13.3409
7.28969
5.25257
14.0616
12.7091
13.1438
13.5423
6.94282
10.709
8.77568
13.8959
14.2333
13.544
10.5672
5.14183
14.6762
5.37063
14.9455
12.7895
13.9848
9.20778
11.3817
10.9051
9.09889
13.3484
11.6405
11.1074
14.2856
13.8242
10.8741
12.0234
14.816
11.9168
8.2272
10.3325
12.8165
7.92864
6.94072
10.2165
13.1399
13.0047
14.3821
13.6047
13.25
13.7221
13.996
12.5115
10.0835
11.7994
13.9683
9.3056
5.83034
4.25898
14.6487
10.5922
13.3083
14.2104
11.6902
14.0936
10.5248
11.2365
11.5908
8.99605
5.72981
14.2049
9.49886
12.9645
11.5194
11.8844
14.9558
11.3404
11.6471
14.7285
14.5099
14.0902
14.9454
12.9158
11.3702
13.7372
13.1447
14.3388
12.4197
10.4356
13.03
13.8084
11.137
13.9389
12.2356
12.2916
13.6288
13.5076
7.52892
13.5443
14.7666
12.4847
9.87691
7.36636
12.151
11.0364
6.68601
9.24476
11.4125
6.81189
12.7204
7.17042
9.51784
11.855
13.328
11.7628
13.2366
14.9583
12.2824
9.65882
11.9502
12.6354
14.3109
12.6597
10.9348
14.9233
13.678
11.7564
13.9293
11.7978
13.8578
13.1977
9.96441
11.488
12.4633
14.9414
13.9906
12.0567
14.4979
5.50378
10.9835
14.328
11.9074
9.0626
5.5549
11.6705
10.256
9.3392
10.6086
10.7895
8.67794
13.4544
11.1042
13.6686
12.2756
12.5321
14.2833
12.5115
10.6462
9.6341
14.4322
11.5982
11.1416
6.47452
9.36617
10.2188
14.6525
14.3632
14.0392
11.7183
11.5517
9.76846
8.07023
11.4283
9.13962
12.1711
11.7548
9.61771
11.7661
11.5601
6.57985
11.7525
7.15299
11.5387
14.8768
10.3313
8.94009
14.6344
9.57353
9.19273
11.1194
13.0176
11.3879
8.70601
11.3376
9.64926
14.7223
10.8371
10.949
11.0527
14.2985
14.8292
6.52488
9.90449
10.154
7.07609
12.1623
9.89755
13.7129
10.8759
13.9553
12.2632
13.2513
10.4716
8.25281
7.23809
13.4828
11.7265
6.00179
9.06164
9.57691
13.4128
10.0581
14.1009
13.9464
13.9994
13.3586
12.3177
10.0364
14.9541
4.24508
14.5572
9.20235
8.95389
13.2929
9.56261
10.8267
10.4559
8.03517
9.56038
8.21588
6.05714
11.8904
7.68214
13.7354
6.59175
12.0225
14.4386
13.3285
4.71713
13.1705
14.6705
14.6769
6.46365
12.4445
12.1017
10.9813
8.40285
5.89027
5.50119
9.27108
11.6374
8.06557
9.96638
9.14012
7.04586
14.6682
10.0796
5.62853
11.3938
6.605
12.6543
11.5316
14.0671
9.72916
12.1208
14.3449
10.7512
11.3603
11.4727
11.5956
13.4129
11.7093
6.40298
9.55022
11.4474
10.9811
11.0467
13.0224
13.2323
12.2416
11.4789
10.4685
14.8574
14.5368
11.4844
12.3748
12.9968
13.7842
9.21913
13.5747
9.52879
8.91059
9.84822
7.12285
9.41228
9.54576
8.09174
11.9577
13.6308
12.6599
14.6101
13.5618
10.2578
14.8351
9.62481
12.1274
14.6443
12.8106
8.85479
12.2727
13.7113
6.76841
13.7497
13.0887
11.1914
10.3937
14.519
6.4437
10.6791
8.76543
6.74205
11.2078
6.69926
10.1846
13.8899
13.2894
14.5662
8.5363
13.5059
10.3333
8.75332
8.36492
8.48299
13.177
13.2733
10.8938
12.1484
8.84477
9.73221
12.3173
13.1952
11.5166
11.9624
9.95482
9.95929
14.3017
12.1909
4.28791
9.01248
11.4337
6.23007
9.81769
11.8401
7.62963
5.65113
6.83888
14.4495
12.2977
14.842
12.5203
5.85863
13.3757
14.1846
8.04905
9.78829
14.5082
9.7408
6.88117
14.6157
13.8203
14.0581
10.9719
7.8112
12.8592
14.2915
12.5381
4.38821
9.66631
12.853
12.2976
12.8245
14.1841
13.9745
14.3006
13.884
10.9279
10.8492
13.6787
9.55005
7.90688
4.56841
13.2712
14.6887
13.631
14.0282
11.5461
13.1073
14.9746
13.0979
14.8955
11.1477
14.653
10.729
13.3979
14.6342
14.5426
11.8859
14.2248
12.6685
4.07219
14.1356
12.8664
12.9061
13.4182
9.73495
14.3783
9.37474
14.5349
10.3998
6.15849
11.853
13.3087
13.7856
11.9304
12.6899
13.8699
9.26755
13.8689
9.89097
8.67563
11.2928
12.9381
14.6347
12.2643
13.5958
12.4877
14.5435
14.1068
10.6951
13.0374
10.4352
14.958
8.07571
5.7202
14.1696
13.9236
8.90412
8.1884
10.3402
11.4233
4.37393
10.5978
11.629
9.55906
13.8457
11.6941
9.72238
11.892
11.0426
13.9251
9.58086
14.7166
13.7301
10.7883
11.7033
14.1497
12.6274
13.024
12.9515
14.2714
11.5732
14.8305
5.61453
11.7201
11.0408
13.157
11.21
9.68114
14.0225
13.7139
14.4792
10.8315
8.76572
13.3892
9.09977
10.69
10.4935
10.6026
14.3429
12.6457
12.9752
14.5412
13.4968
7.14784
10.986
10.5973
10.4102
10.3363
5.92442
8.68244
13.1257
12.0348
12.2767
13.8831
9.43475
5.61018
14.2927
14.4603
13.2658
12.1073
11.4565
14.7215
13.4301
12.0649
14.375
9.06729
9.88881
12.0352
12.8254
11.913
13.8083
13.8692
11.4993
11.6495
13.4593
11.094
12.4122
7.79656
10.6738
7.89287
8.78451
12.9321
7.33373
8.51076
6.55277
11.8132
11.4586
14.384
13.4717
13.1636
11.426
10.8903
11.4661
13.3936
14.925
13.8168
12.7884
12.4989
8.81249
13.2847
8.0264
10.5028
13.4992
14.7321
13.5012
12.8065
12.0841
9.77075
8.11826
7.12854
7.45114
11.4442
12.3746
14.3297
13.7424
10.7254
13.8321
14.3859
11.8012
13.3854
14.1759
8.00795
8.80464
12.6454
11.0601
14.2368
9.34886
14.6412
11.0472
5.86449
8.26346
13.3446
13.2511
14.3833
11.5439
12.1429
14.9831
5.91884
9.54193
11.9342
14.386
14.0115
9.3937
11.065
14.2718
8.39029
14.0591
11.1761
12.407
14.1917
11.2249
10.3543
12.4386
10.2922
14.3632
13.9819
5.3791
7.76965
13.3428
11.7588
8.79833
12.1947
8.80076
14.7865
11.7059
12.8672
9.47257
9.99582
14.5685
12.2821
12.4102
11.0538
9.04132
6.35317
12.0193
12.202
10.9981
13.3799
12.7269
7.26407
14.526
10.4026
14.7759
10.1593
10.4821
14.6377
11.2867
11.6457
13.3877
11.959
10.0108
10.3988
14.3894
8.55475
14.489
10.1722
14.5953
8.07039
10.2543
14.2792
14.2333
10.5234
7.18865
12.5771
9.56807
6.14747
12.1775
13.5413
14.6024
14.6708
14.694
10.6647
13.8027
10.8887
7.55001
12.2635
11.0505
7.6853
11.5963
13.0733
5.88696
7.29899
9.65961
5.84785
12.0619
11.7332
13.0304
14.0613
11.0879
11.1089
13.4137
14.124
10.5638
9.39254
9.66984
10.8842
12.0939
11.0754
14.7433
11.6877
8.18017
13.9274
11.1217
12.5213
12.4221
9.99797
9.23152
12.7094
9.80732
12.9282
10.2351
13.0632
11.5982
11.0029
11.5975
7.22099
5.06865
9.46857
13.5343
8.83029
13.8662
14.7963
7.07246
12.8606
11.5858
12.0093
8.38611
13.1585
8.96876
10.0986
9.46985
6.8434
6.39624
14.3421
8.63576
6.76387
8.51093
13.5558
10.3031
11.5572
10.8446
10.2383
14.0539
10.7938
13.7236
10.1034
12.8933
11.6181
13.0002
14.6662
10.9825
11.8996
11.0617
11.2364
8.51285
11.8133
13.1555
13.5677
12.3772
13.594
12.7431
11.4512
7.13897
11.3274
13.7933
6.35998
10.2059
13.0163
13.871
12.1504
12.1898
11.9087
10.1605
13.8004
12.7767
5.84463
6.35504
6.40941
10.2972
8.8693
12.8046
12.6073
14.133
13.5565
7.36273
13.7503
13.3737
14.1845
12.2924
12.5168
13.5818
9.10921
14.1039
6.72996
13.7734
14.7698
12.9658
8.4088
8.79244
13.4016
6.19397
6.05259
13.8269
13.3489
10.686
8.84531
8.12315
12.0945
7.85979
8.33061
11.7951
8.17376
14.194
10.216
14.1269
4.87054
14.608
14.1851
14.1578
14.595
9.796
12.6331
13.0545
12.6377
14.3544
10.5148
7.41281
14.0526
13.9699
13.8149
11.0627
9.74852
12.4328
9.05616
8.49264
11.9178
13.0157
4.35092
6.40799
9.93101
11.3121
13.6043
12.2134
5.67037
11.2892
11.7499
10.2713
13.0098
13.5383
13.9154
12.279
9.90623
12.4708
14.7854
8.63267
6.13237
14.0161
13.818
14.0914
9.82043
10.1393
4.92569
9.29753
5.69017
11.3064
12.5533
12.4235
14.8348
13.1773
12.9496
13.3763
8.68797
11.2339
14.7097
6.3163
11.6724
14.5808
10.9531
14.2426
11.5617
13.5702
9.8586
10.1966
12.8299
14.8825
12.3977
13.8543
8.86029
5.55873
4.81503
9.66188
9.66037
6.67748
11.1054
9.05766
10.4297
14.8246
14.7478
12.9995
12.5124
9.80123
7.08096
13.1922
10.6437
13.5908
14.5148
14.9613
12.9622
12.6466
10.2072
11.0262
12.9146
11.2038
4.58253
13.3149
11.1793
11.683
14.8201
14.3606
8.67626
9.47046
6.22677
10.7662
12.2891
10.5541
8.45575
13.4825
12.7641
9.48092
14.6634
6.98745
11.4038
4.56767
9.02276
14.6693
14.4339
7.96029
14.1616
7.82256
13.9907
13.0658
14.5481
10.2524
9.70964
11.5044
10.2366
13.6949
11.763
10.803
14.7373
8.69049
13.1111
12.2697
10.5377
12.5479
13.6596
10.7385
11.3433
8.22966
14.5228
13.3423
14.2653
13.0448
9.45145
13.8069
12.4693
14.5074
14.4559
8.70253
10.1836
9.551
6.32362
8.65824
12.7799
9.80525
10.1583
12.7716
10.4993
8.53024
11.0797
12.1902
11.4493
13.039
10.0464
14.1341
8.27216
8.77352
14.7611
11.8206
11.0823
14.1116
12.0512
5.50301
9.19656
11.2821
4.79344
14.0829
14.2902
12.1886
5.38104
8.19335
7.05196
13.0855
7.95215
5.22058
14.5108
6.16265
7.47895
10.3063
13.7701
10.0409
11.4065
12.5669
10.4571
9.92738
12.568
10.5709
10.3359
8.23236
9.17251
8.24137
14.2186
8.62438
12.6295
12.8099
8.66101
10.9453
14.3194
12.7051
13.6047
13.8961
7.67904
10.042
13.391
14.5987
13.6105
5.79491
14.786
14.045
14.969
14.6376
9.43838
11.2674
11.6683
8.84623
5.84708
13.3911
10.5273
8.14325
13.9408
12.4567
11.4119
13.5967
10.0347
14.6528
14.5935
7.0866
8.31455
14.3055
13.8158
13.8713
13.9874
14.5253
10.5791
13.3502
7.74306
13.1546
5.80818
11.5631
5.39486
10.7365
9.85232
14.5793
10.9212
7.17072
12.6226
10.9253
14.2675
13.1593
5.5546
13.6842
9.20698
13.1503
9.71332
14.0079
8.75813
12.7922
7.64782
7.61132
10.709
5.29772
13.7285
9.41791
13.1225
10.0945
9.63739
10.5023
4.61286
13.5863
9.53856
10.7439
9.68988
12.6584
9.81986
8.39196
9.13248
11.4565
9.84918
13.457
12.1314
13.4712
8.75249
10.9753
12.9698
13.3804
13.8663
14.9636
13.4908
9.0253
13.2449
11.2382
13.2301
6.10142
12.4842
14.5343
14.8474
9.68295
12.6095
5.32408
11.5334
14.0408
11.5416
14.9367
11.2346
14.7693
14.9955
11.2268
9.29942
14.9326
11.4972
10.8337
11.9949
12.47
10.2194
9.65958
11.4895
12.2874
10.5161
9.60762
12.5961
11.3819
13.0978
11.8367
13.0903
11.745
12.1143
11.0912
13.2317
9.69195
10.675
14.7149
9.05416
14.0438
14.7697
8.82291
8.53335
9.43802
11.0731
13.7005
13.3003
6.40546
11.3936
14.0745
14.9866
13.8043
13.3046
5.98782
10.5951
14.0024
4.53726
14.6575
13.2944
10.2976
11.0484
6.68263
12.927
14.1375
11.8348
14.1939
13.0598
14.0045
13.1721
13.0383
14.3061
11.8223
11.9779
4.29793
14.5154
12.9061
11.7973
13.778
13.3021
12.9127
14.7432
12.9952
9.52925
12.6293
10.5123
13.5585
6.81596
8.29058
8.46603
9.28134
11.2861
7.94104
13.5179
12.6835
7.5533
13.0957
11.8609
6.07425
13.803
13.4305
14.3249
8.95495
10.3554
14.8133
14.6732
10.6969
10.977
9.49879
12.3491
7.77304
12.7266
6.20938
12.9154
9.05962
13.8749
11.893
9.35434
12.8426
14.052
11.3629
5.1706
5.98688
8.95409
9.54712
9.24718
13.719
11.451
14.3436
14.1217
9.04079
7.25721
14.9389
14.6998
10.097
12.9383
12.6329
10.0413
12.0613
9.24673
12.7155
12.2419
10.1261
14.7406
9.82744
11.0754
14.0481
12.4011
8.71254
12.3664
7.11264
10.153
13.4784
12.1913
8.44476
6.95967
12.6005
11.5787
10.5527
8.12952
13.2473
14.3836
9.30026
12.0501
10.1845
12.3328
9.75193
6.16658
12.2146
10.0656
13.0047
10.7414
12.0001
10.1776
14.5654
12.4752
13.6297
13.0569
11.5015
8.05133
14.9423
7.58983
13.245
10.8468
10.1048
14.8376
10.6987
8.64003
5.34638
12.432
14.7301
13.364
11.937
5.89792
11.7385
9.81717
8.45619
9.89348
10.8082
14.6638
10.2176
14.0418
12.154
5.38497
11.5379
6.12001
6.42718
8.18122
14.716
12.6348
10.0725
12.3552
12.0552
8.05628
5.78723
9.97063
8.71617
13.7355
12.8848
14.713
4.58879
10.4959
11.362
14.5883
13.8033
14.441
10.6521
9.3419
13.0834
5.83423
14.455
9.73725
11.2746
14.7671
14.1983
14.6417
13.4927
7.70501
8.74981
12.7928
11.738
14.6001
10.4244
14.9597
11.3078
11.2384
9.80675
6.25359
8.52668
8.05723
8.64038
14.2919
9.44739
11.3066
13.1095
11.7908
12.3132
14.5104
13.1891
14.6016
14.8329
12.2417
14.9314
11.6838
9.51903
11.5029
13.1612
13.945
12.2924
14.8275
9.44378
13.0093
14.721
11.1416
11.5344
13.6718
8.76917
12.492
14.5885
5.73141
8.11014
10.8021
9.33969
12.0677
13.055
13.9097
12.6247
14.8074
8.39438
12.0046
10.0495
13.8325
10.4462
7.83102
13.1097
11.7748
11.8854
14.9724
14.0384
11.7537
10.1863
13.9969
14.1037
9.64617
12.9679
5.09344
13.3771
10.5001
12.971
9.40351
7.73637
11.2508
14.2849
13.3144
6.08833
10.2668
13.4004
10.981
7.01045
9.81943
6.07414
10.685
10.5685
10.6909
8.29388
12.1796
12.7722
4.11337
9.05305
12.6141
8.97326
13.2248
8.86664
9.84777
8.80023
12.2921
8.27935
14.472
12.6857
12.3758
14.3331
4.45985
11.5705
12.3262
11.7842
10.6452
12.5254
13.0814
10.2887
13.719
13.6071
10.7292
14.2226
10.936
12.4521
9.68286
9.86447
14.6897
10.8809
14.4085
9.66803
13.7581
10.4254
12.3459
8.17527
14.2018
13.9663
9.32945
12.5993
7.51227
12.0425
10.1731
14.6096
13.4684
7.02758
7.55323
12.2173
12.7818
8.98404
11.6304
11.0247
13.1217
11.6758
8.36905
7.75752
12.3034
14.1145
8.43234
13.7119
13.0058
12.7048
12.5545
11.0246
7.78654
10.2068
4.53142
14.3326
9.10614
13.8979
14.1028
9.01146
14.4066
9.27611
11.2457
5.71948
9.20419
14.8671
12.5443
9.23563
13.4735
14.4879
11.8497
11.4567
12.617
12.4795
11.4442
4.3887
9.02028
6.8534
10.9538
10.1233
8.762
14.4374
10.8238
11.0891
14.2665
9.75338
13.0886
13.3622
12.408
7.52555
14.2088
13.1586
10.686
6.69444
6.82499
10.04
9.7596
12.417
12.983
8.93787
9.65116
10.3064
9.58913
7.37654
8.71018
10.999
9.53865
9.10807
6.30407
10.7403
14.4346
11.4014
11.0855
14.7125
13.6506
9.98631
14.3417
11.4144
12.5206
13.3494
14.4277
13.0898
13.2955
10.6323
8.23043
14.5925
10.202
13.0134
11.1872
14.0265
8.79284
11.8487
12.9398
7.96383
8.42123
12.6659
13.8254
8.85016
9.97624
8.08682
10.3513
13.1237
6.12341
7.10755
10.3993
14.3034
8.87503
14.7203
10.9326
9.1283
5.25977
7.31963
9.8047
12.3667
14.2849
14.2011
14.7886
12.4262
11.3109
13.9069
10.0904
10.4931
10.6344
9.32587
5.96639
10.1037
12.2477
13.1524
13.8588
4.30956
10.0084
14.1328
12.2106
7.11807
12.6457
14.4012
11.4104
13.0643
14.1097
14.5083
13.2616
6.99485
14.0516
11.4764
5.53548
8.96867
7.55247
8.52411
7.72782
6.0279
12.411
12.2436
13.8248
14.7275
12.088
12.6271
12.9252
9.4049
9.31129
11.0354
13.5144
8.92098
7.70067
4.04033
14.4764
12.4065
11.2947
13.3933
8.05273
8.50334
6.30274
14.9402
10.3989
11.6716
3.9809
12.6418
6.24254
11.9746
9.93323
7.48213
12.5324
11.8009
9.54542
10.3492
13.5404
7.45967
11.3071
8.7923
14.819
8.85824
5.75738
4.33015
14.8092
9.95104
9.85687
10.6707
8.2024
14.6945
11.7447
14.5722
13.102
8.69609
12.4395
14.7248
13.6203
11.3247
9.62053
14.1019
6.06611
9.25508
12.7419
13.9182
11.5922
11.3578
11.7538
12.232
13.2889
7.92563
8.69457
13.9689
13.4264
12.2185
12.3415
10.3385
11.8251
5.91604
14.29
10.737
11.9061
11.4005
13.8413
13.0057
9.35341
13.8449
10.1663
4.98368
8.74499
10.4599
8.2022
13.6257
5.76199
7.12528
11.9679
13.0739
8.54399
13.8873
10.0333
13.3598
11.6569
13.8209
13.1838
12.9298
11.7547
14.7369
11.6784
14.416
12.9175
10.7807
14.774
9.75641
14.6328
12.8101
14.6289
13.7126
11.3781
14.6127
11.9613
7.47273
5.25199
4.49243
11.1412
9.91028
14.3623
10.2069
14.1797
14.8753
13.1497
13.7162
11.5843
13.6759
8.69678
12.9671
12.7222
9.26135
9.36657
12.0486
11.4727
14.3521
14.2153
12.9901
12.6873
5.54699
11.2271
10.3708
10.7717
12.7757
10.7163
8.22989
13.3614
8.48688
13.699
11.4826
11.2795
10.092
14.9317
12.6464
7.26671
12.0795
11.3971
12.2672
11.4599
14.9669
13.2696
7.72409
14.2477
12.707
10.08
8.02387
9.69967
12.2426
11.809
12.5817
9.71824
10.5842
9.58959
9.99089
11.5373
11.3018
11.3438
12.1265
9.30818
10.1986
12.4964
14.5007
10.672
10.7892
10.0655
12.7147
9.20649
14.0122
11.7401
13.0979
8.72426
12.3205
5.83356
10.5737
13.204
11.1512
7.22674
10.5346
11.3684
11.4303
12.5957
14.0375
11.9875
7.94757
13.7676
13.8372
13.536
14.1633
12.9846
5.54671
14.666
12.2731
7.7873
12.3859
11.2717
13.5178
14.6341
8.70771
8.5054
7.20698
12.7007
13.149
11.283
13.5204
11.6268
12.3814
12.3718
12.0455
6.1406
13.3001
6.3512
7.05077
7.93089
13.2225
6.28265
14.4735
10.4368
13.9928
14.4223
12.481
11.4791
10.3819
14.9189
14.6912
12.7493
13.872
11.7012
8.11859
14.1744
10.2122
14.3613
5.87353
12.0578
10.3095
9.24305
7.98873
8.44628
12.7999
12.6262
14.3632
14.3742
10.8925
8.47653
9.80993
11.9791
6.91086
7.49266
6.25886
13.5705
14.1855
10.0015
14.3612
11.5976
14.2584
4.48961
14.0919
4.42317
13.0163
14.7031
13.9826
10.6263
9.87997
5.36753
14.4127
13.8706
13.125
12.8021
13.3851
11.8763
7.52739
11.0635
10.245
5.26285
14.9866
5.35788
9.91686
5.95286
10.598
13.6472
12.3671
11.8653
7.54351
11.9545
9.98875
13.5024
13.762
13.4267
11.4189
11.0665
13.7841
12.9173
9.16773
5.79217
13.0961
11.0528
10.2927
13.8881
9.41716
14.3805
8.83869
11.8394
5.97387
12.4521
12.632
10.2721
11.1792
14.6276
9.92994
12.9523
11.0254
8.70061
11.4275
9.69211
14.624
11.9766
13.6335
8.7983
11.8411
12.0205
9.51246
11.1673
6.57116
11.6012
13.2104
11.8564
12.4088
10.1395
10.8391
9.46528
14.7682
5.89121
12.2892
5.80409
8.55
11.1844
9.99104
5.71496
11.9354
12.1255
13.5533
10.7515
9.71821
10.9245
12.4215
9.01874
6.68976
11.1922
13.3643
10.6716
8.64221
14.9332
14.7161
11.036
9.10777
11.1931
14.8677
14.4631
9.15909
8.66098
9.0184
13.6423
14.1856
9.71733
9.75327
12.7425
12.2217
13.9684
7.09979
13.36
14.9338
8.82599
14.534
12.2577
12.1996
12.2352
14.1132
14.4316
13.83
12.7902
10.4726
5.0632
8.474
9.4287
10.9088
13.9123
13.8698
9.70479
14.9433
9.73704
10.3895
13.4429
12.3857
11.4595
13.6941
5.99207
11.4533
11.8186
14.595
10.442
10.2446
8.17729
13.882
4.58909
13.8602
11.2964
14.6481
11.7841
10.984
11.4636
10.9221
8.76297
9.39705
6.75943
13.7587
12.685
8.63298
14.2438
14.5645
8.64221
12.2534
11.5239
8.70831
8.43188
13.7671
10.3143
12.1477
11.4361
12.907
8.67675
9.52749
7.98679
12.3305
12.0933
11.4032
8.53985
8.59243
13.7578
10.7719
12.1649
13.7273
10.0591
14.8536
5.96098
11.2561
13.1419
8.94021
14.2917
14.0366
7.01573
12.6718
10.099
11.7081
10.419
14.3176
14.5003
13.2731
11.0263
9.91
10.8063
12.1291
14.3862
10.6324
10.4675
8.84566
10.9745
13.9638
11.4485
11.8064
10.194
14.5118
11.1139
12.9974
12.4726
9.39399
9.33324
9.40133
13.4274
13.0063
14.8283
11.9103
12.68
14.8383
11.2017
9.81683
9.39873
10.5786
13.8778
14.1117
9.51311
14.5325
13.449
11.7104
14.9971
9.80436
14.5595
10.7343
14.3613
13.3987
14.0012
10.2024
5.93918
10.2019
9.00521
14.6157
13.5596
14.6578
10.6955
14.4841
6.72384
9.80283
6.08598
13.6273
14.9171
12.0685
9.39738
8.60221
11.2735
10.0861
9.83105
11.2389
9.57962
13.8904
14.4241
9.07417
11.6962
14.641
12.227
10.9528
13.0056
9.12924
13.7432
10.086
10.1495
14.3976
11.7807
11.5526
14.8127
7.38229
13.9075
9.08593
12.6986
12.2439
12.5674
13.298
12.6561
9.40106
8.88143
11.6174
12.5903
10.3936
7.82648
11.9787
4.83407
11.8743
10.0198
12.5625
9.66333
9.83875
12.5376
12.2068
10.7961
10.4531
10.5496
7.35147
4.72192
9.76577
14.325
11.1775
9.40536
10.7839
12.1782
14.7242
10.4246
10.9437
12.795
14.2166
11.0203
14.5587
14.1241
10.3194
11.19
10.1894
7.48305
7.09988
8.41101
10.5295
10.7133
14.1528
9.88126
11.3679
11.6295
6.7094
8.54646
12.8186
14.6188
13.5001
13.9641
9.95018
12.3496
11.9702
14.3658
7.41349
13.4662
7.11008
4.32582
12.6219
9.34801
12.1033
10.6097
6.32313
11.3225
4.43058
9.14855
13.8244
8.99527
10.0621
12.7044
13.6461
8.69719
11.5716
5.86602
5.439
10.0195
6.5278
14.8708
13.1273
14.8675
10.5411
9.94576
9.24856
14.9966
12.5282
11.3331
12.3776
8.16342
11.0925
11.3769
9.84357
9.06955
12.3424
13.8641
8.7438
13.5422
9.64003
13.2571
7.54854
10.5857
9.53365
14.9935
11.2043
12.5399
11.9578
11.5974
14.3322
12.8342
13.7565
8.94839
13.3582
10.2633
14.954
14.1972
8.29353
13.8693
8.83802
13.6995
12.4013
12.7342
11.7561
9.66649
14.417
10.0735
9.3435
10.8539
11.7238
9.8035
14.3142
11.7215
14.272
11.0493
6.95391
10.3479
6.73232
7.59002
14.3449
10.103
14.8241
13.7198
11.234
13.4205
10.8443
11.2199
13.1281
11.7985
13.5888
11.0613
13.9141
14.4886
13.8519
10.1761
8.31665
7.79591
8.87285
12.7334
11.2194
10.5264
10.6754
10.683
11.1598
13.3277
12.082
14.1019
9.06914
13.8388
14.4783
14.539
11.4324
3.95977
10.4239
9.39237
5.37258
14.8619
12.8011
7.52562
5.95135
11.3972
11.9064
14.7634
5.17946
14.0277
10.1262
9.94026
6.51091
9.5167
11.3507
13
10.0427
11.8327
12.2114
14.4547
12.298
13.6783
12.0149
10.5067
10.245
10.8108
13.5603
5.78382
10.8596
6.21286
8.17628
13.3941
6.79269
14.7406
13.3413
12.8411
10.161
11.8542
12.1782
13.412
12.1917
10.3075
6.93381
11.288
10.08
14.1071
14.0613
9.1199
13.4743
9.95545
11.2776
9.6303
12.2982
13.4753
10.8067
7.83416
8.31773
13.7857
14.8457
11.8052
11.1654
10.7221
13.0407
12.5224
12.0932
11.8372
10.1076
13.2493
12.4046
11.0084
12.6177
13.0957
13.0784
6.53931
13.6648
12.6666
9.19869
6.0587
14.4842
14.7431
9.80621
8.62435
10.6496
12.5304
14.7454
12.4065
11.9341
8.41647
11.4813
11.369
14.9888
8.03021
12.3268
8.6586
14.8325
13.4558
6.11056
9.56105
7.28822
11.8101
13.7973
12.556
8.279
11.0672
13.3457
9.0572
12.1888
6.10688
11.1277
14.5776
14.4785
9.06999
12.5111
13.0037
8.05949
9.95347
11.3116
12.7256
5.92261
13.1898
6.63378
13.8923
12.8221
12.3236
13.2934
14.6168
14.4105
5.39733
14.3299
7.46202
11.5191
9.48445
9.05825
10.9131
8.80139
11.1973
11.7177
8.8326
13.4585
12.2171
12.4895
13.553
13.1459
12.9754
12.3267
9.38894
5.73455
13.2563
9.93947
9.5883
6.00286
14.1402
14.8266
8.69032
6.36209
14.1379
7.14943
12.6856
12.7285
4.25915
8.93392
13.2429
9.5896
10.3711
13.2818
4.53227
9.07489
12.8119
12.7665
7.57287
11.3003
12.1017
13.913
13.1882
12.2188
12.2392
14.2732
6.26111
11.5434
13.4585
8.24743
14.7644
13.2967
13.4705
12.0083
14.1602
9.90239
10.7538
13.7022
14.7338
12.1534
11.7129
13.8758
11.2202
10.6672
13.6672
7.91943
7.6883
13.8593
7.77853
10.932
13.9862
5.98444
7.99297
13.1599
8.79792
11.7873
10.3613
9.6097
14.7161
8.18731
12.9319
10.8138
8.3759
11.0577
6.32311
13.7268
6.10991
10.9639
9.11168
11.7767
13.879
13.4602
8.89629
14.1696
13.1167
12.8162
5.39815
14.6519
12.5048
8.40876
13.8527
13.3937
9.84574
14.7381
13.8294
12.4905
14.7456
11.6856
8.24097
8.12577
13.5186
9.58773
13.6421
9.14435
14.6657
10.6228
11.2795
13.1773
10.4347
11.5876
6.19023
11.6318
11.8069
12.6172
8.21815
7.27414
12.0776
11.1036
10.7622
6.2485
11.9372
8.27006
13.7012
10.5546
13.1786
14.4044
10.8067
12.7607
12.0035
13.0253
10.2716
11.0289
14.0322
11.361
11.8284
6.05601
14.9793
12.9002
9.39426
11.0798
12.0425
8.16258
14.5007
11.2125
7.91428
11.5772
10.962
12.9737
12.4812
10.9221
12.3582
12.2424
14.4578
10.9149
10.6443
9.71683
14.2992
14.9832
14.3303
10.1242
12.9706
8.94511
12.406
12.8831
14.5583
12.0369
10.5764
12.2088
11.3798
9.77786
12.6861
14.037
5.20893
12.443
7.58835
12.2894
7.39999
12.8802
14.41
10.4461
8.85017
13.5524
12.3059
14.2441
14.7593
10.9866
13.8077
9.56376
11.9342
14.691
6.96314
8.26114
9.53832
12.1783
9.6116
12.755
10.7669
13.5792
11.8464
11.3779
7.83118
10.3261
12.8662
6.59272
4.51268
14.5005
14.6445
14.2938
13.2555
11.8282
14.5561
10.2108
14.5699
14.8274
12.4313
8.10698
12.6646
13.0303
11.7709
14.2754
10.6124
13.8846
7.04517
11.2991
9.53279
10.558
14.3625
14.9955
7.65757
14.8252
10.6302
14.7046
11.4283
12.4515
14.2013
10.532
14.8368
14.7106
12.722
9.90274
11.9903
9.00983
8.7863
13.804
9.67023
11.6163
9.06944
9.96103
14.8026
10.782
10.3573
10.16
14.4149
14.8406
13.9299
14.6888
14.1587
14.3976
9.94286
14.0493
12.5383
13.2463
12.5514
5.93448
5.66886
13.2344
12.7401
5.45862
11.6297
10.6905
13.4656
8.9733
12.8348
8.16739
13.195
14.125
14.0016
11.3266
10.817
12.5499
5.44066
7.40836
7.16933
14.4782
14.8346
14.7025
11.5302
8.50788
12.6389
8.21883
12.8848
8.13497
11.9981
9.50563
9.63102
9.99925
9.62943
5.94002
10.2985
12.9128
9.94451
13.9882
13.5386
14.0798
11.082
13.5484
13.0428
4.16477
12.7077
11.9448
14.177
12.5629
14.2104
8.14118
9.19907
4.59936
8.73295
11.5492
10.9081
14.9745
9.26662
7.33664
12.9075
9.61687
8.48029
11.3539
8.26651
10.4282
6.34855
14.2174
14.8876
5.95102
14.926
12.5299
11.4114
11.2287
11.0356
11.3576
6.68582
13.1936
14.8851
13.8283
13.5528
10.8376
11.351
8.47879
9.68803
7.50803
10.8472
14.0686
8.53792
14.7309
5.98902
12.5229
10.3405
12.2744
9.91356
13.2411
12.359
9.68554
5.97405
13.495
13.7024
13.0679
12.454
13.904
14.7456
14.5123
6.36066
7.57514
14.3763
13.7892
11.3725
11.4941
11.9411
14.02
12.6331
13.4987
9.55375
11.9423
11.3934
12.2745
13.6155
5.34007
9.09789
13.9707
8.7663
14.9621
14.7113
12.2463
12.6756
6.17299
14.8003
14.0812
9.12239
13.3797
8.40238
7.22701
9.82851
8.67089
12.616
5.04923
6.08542
11.8873
13.3564
12.5353
8.33637
6.02908
13.3608
14.8529
13.0396
12.9804
8.48747
12.8734
14.5971
14.3778
11.1881
10.3646
14.0697
10.3698
14.8105
5.73259
8.98289
13.8279
11.0511
10.5844
9.00277
4.68142
11.5252
10.066
8.84893
14.2132
12.5259
8.6085
9.04526
11.4101
14.305
12.2809
13.5594
9.20394
14.5294
8.32581
11.8519
14.4863
14.4688
6.09625
7.30156
8.20206
12.3678
11.7925
14.7812
10.9828
8.38657
11.037
11.0873
13.1021
9.92523
14.7156
6.51319
12.1534
11.1406
10.5986
10.9881
8.96949
7.95349
4.79991
10.7041
13.1345
9.56102
13.0383
14.0992
13.0286
10.6434
9.30579
13.1116
14.7751
10.9374
8.81148
12.2734
9.15596
10.1872
8.89405
9.8612
11.3733
13.1462
9.06264
13.7147
9.96375
6.89221
12.9439
10.2881
4.39049
13.1303
4.47779
13.3445
12.782
13.8988
13.9783
7.63158
13.3884
10.1528
11.1315
8.23677
9.75493
10.6984
11.4783
11.2048
10.9884
10.0602
10.7707
14.1213
11.5015
12.4917
10.7899
13.2527
5.38412
8.64967
7.27418
8.43871
12.0572
12.1856
13.992
9.65623
14.7281
11.9951
13.3446
10.5092
6.10786
4.77875
13.0398
5.76377
13.2474
13.4417
13.2942
12.0542
10.4656
14.8382
10.6998
8.43326
10.813
14.6604
14.1873
5.50887
10.3704
12.7803
11.6289
14.8701
7.44367
9.3757
10.4749
12.934
11.4396
14.0115
14.9579
12.1781
12.4955
13.2655
12.2991
12.2151
6.45874
12.4606
10.3631
14.7776
10.4563
8.96054
7.00094
11.5978
9.19715
12.4572
14.2851
9.64388
8.34395
12.4744
8.81073
9.97796
12.9279
4.35356
8.82369
12.5434
11.6552
5.37168
10.5461
13.3996
12.6101
6.88048
11.3769
8.01504
13.6661
13.4742
8.40961
10.4905
9.96894
14.7593
13.5424
6.15674
13.415
7.43364
12.3399
13.3285
7.78405
10.864
9.44336
12.002
10.6228
12.5443
12.6171
10.0117
8.49458
10.5752
14.6648
10.6735
14.6421
5.36036
8.48715
11.4412
13.3048
11.3915
12.8701
8.66237
8.45085
11.7939
12.403
14.3802
12.0833
9.58367
13.2996
14.6153
14.2428
6.20355
8.37804
8.68477
11.4567
9.13374
12.2799
9.04654
10.5917
12.656
10.5284
12.422
9.41644
12.8797
11.1718
10.904
14.0526
10.8549
13.3255
10.848
10.3279
11.5254
7.0065
10.0374
9.85008
7.86207
14.1418
11.5143
14.2582
4.37983
7.71028
12.3575
13.9436
12.9617
11.11
7.14731
14.4391
11.9347
14.0858
11.3299
9.5884
6.58919
10.2585
11.5862
5.81378
14.117
14.6611
4.73143
6.63143
13.4009
9.74099
11.5557
10.0344
11.8967
9.84312
10.1499
13.0203
12.1522
13.6482
12.8499
8.83917
9.71587
9.38638
8.81966
11.1613
10.7202
14.4127
10.347
13.0041
7.54508
12.2283
11.2572
14.2699
11.6539
6.14281
9.58453
14.126
9.5577
13.0421
11.2533
12.6923
6.12154
11.6867
14.6493
8.59588
10.4168
13.9555
14.2945
11.3528
14.2969
8.61378
10.9035
13.936
13.0951
8.16512
9.46479
10.854
7.65346
13.0513
11.7825
13.3039
12.4969
7.34206
6.30009
7.15936
14.1237
12.272
12.1101
14.6753
14.2767
12.7622
13.9769
12.0505
9.02658
12.4229
10.1182
12.5911
13.0378
14.2593
14.5142
10.6479
8.03094
11.45
12.4999
9.90262
5.35268
12.4923
14.4218
12.073
5.79941
13.4842
14.1579
9.00393
12.4328
8.95632
10.968
11.3048
9.1834
12.7806
7.9728
14.0814
10.2692
14.0706
8.72157
12.9839
10.3202
14.0583
9.54187
13.1948
12.0258
11.9235
11.8115
12.8686
11.6599
9.78301
6.57492
8.68309
9.12181
13.8168
11.2595
11.6032
9.28595
7.83554
14.3066
5.74502
13.751
14.1975
12.3321
10.5415
9.55126
8.86512
11.0637
11.2981
8.40355
13.8955
12.6633
10.1759
11.5629
12.0401
13.9066
13.961
11.6846
9.92369
14.7329
11.8616
11.9654
9.1039
9.29864
14.2383
13.3614
7.02657
8.98679
13.0671
11.8084
11.1164
11.6808
9.99702
14.0552
7.95945
9.49015
11.7484
11.3029
13.2022
10.6278
14.5659
13.5154
10.3825
9.32766
14.0136
12.7446
8.52652
12.322
12.4011
14.836
9.87803
10.1157
12.2889
8.68566
7.42088
10.6826
10.6528
8.93301
14.5878
13.9004
13.1639
14.3394
9.4314
9.15381
14.1836
8.81473
14.6771
7.10371
8.25083
9.89525
13.4838
11.1729
12.0217
6.36555
12.3414
14.4434
9.94553
14.355
12.3363
14.2261
14.6012
10.8418
5.5628
11.5906
12.8012
12.3323
11.3598
12.6136
12.0897
12.5474
11.9454
8.71125
4.84696
13.0116
12.1883
10.8394
8.94238
10.244
8.52349
9.67108
10.3834
14.9241
14.7059
8.91941
11.67
9.96816
9.65879
14.6249
11.8793
14.4976
7.19132
7.92999
6.57969
8.6907
14.3816
14.552
13.7535
14.8947
12.0724
11.068
9.30918
12.7831
9.79739
9.19584
10.2527
10.5891
9.94803
11.7295
9.31199
13.1241
9.99016
10.3608
6.91145
11.0018
12.5708
12.0944
12.3235
11.1397
9.91407
8.74932
10.8163
10.3964
14.8988
14.0149
14.9119
13.7938
14.869
13.8258
13.322
10.9888
14.0942
4.88849
4.22622
8.50879
14.1711
5.1782
6.07396
8.35414
14.0164
11.7322
11.8097
8.83184
7.47614
12.9824
14.6499
13.2203
10.0775
14.5903
11.9925
14.9936
11.9477
10.4496
8.41811
12.05
11.171
13.4635
13.9509
14.9526
13.0059
14.2539
11.0756
8.95592
10.3997
11.5108
8.93396
12.3257
11.2681
10.9361
13.7272
10.2756
6.75954
10.4017
14.8799
8.51655
8.67778
11.7679
14.9497
10.762
14.3576
13.9215
7.48777
9.45668
9.5292
9.51329
12.6092
10.8299
14.0838
8.92981
5.94067
8.6318
13.097
14.7915
5.54056
13.797
14.3316
14.1426
9.15817
10.9251
8.6455
14.0474
12.0629
11.0453
11.0511
14.8301
10.486
9.94518
14.1841
6.14306
11.4277
13.6566
4.96982
9.9433
12.0997
12.1789
8.98684
6.20246
14.3926
14.8579
11.5663
14.515
13.8501
9.82313
10.4318
14.4433
13.3665
12.2365
11.0018
5.51715
5.84997
12.4066
11.5327
11.3605
8.13013
9.93232
12.0203
9.97573
9.88414
8.69364
14.7
14.2853
8.90276
6.40918
13.322
7.08593
9.08119
14.2941
5.32932
5.96606
14.2237
12.5253
12.9875
13.1698
11.7137
14.776
14.8322
11.4596
11.3684
13.5737
14.9957
13.5556
12.1946
12.4368
12.0645
13.7783
10.8671
14.9558
14.1296
10.4399
8.9271
10.1725
10.0277
7.54532
5.98296
13.8309
11.6022
12.2583
12.9834
13.7635
6.26309
9.25223
9.35796
10.0385
9.20226
9.31974
6.47367
14.0708
8.07394
12.3204
12.1874
14.9286
12.6908
11.7029
10.2435
13.7145
12.3435
10.0514
9.49563
10.6428
6.13594
9.45629
10.9187
11.5965
14.9213
11.1485
10.1212
12.6057
8.90877
12.4842
14.7264
9.99176
7.03799
10.5638
11.4869
12.9929
6.66212
13.3588
8.50175
14.6215
7.69442
9.19052
12.4029
12.5733
5.9552
5.74937
14.0034
10.6418
8.54231
8.50155
13.94
13.99
11.6049
14.9245
11.7018
11.8048
13.6976
6.61777
11.1979
13.5125
11.6521
12.3597
11.2543
14.2675
14.046
10.103
13.2876
9.72372
13.0313
9.06549
9.03624
10.1244
11.3808
10.8536
11.3772
13.8814
12.1288
11.8069
8.99394
13.8485
12.631
10.0806
9.37755
10.9979
12.547
12.9704
14.1172
12.132
11.8935
13.8047
9.32802
12.7929
12.7519
4.34556
14.3777
8.93726
14.8637
14.172
14.1186
9.85685
10.703
13.2713
13.2673
10.7409
9.38166
12.5597
13.3693
9.54635
12.932
6.63353
13.7778
14.6506
11.0981
13.1453
10.8522
14.5117
14.939
12.1801
6.18769
12.137
13.9674
13.4551
13.8932
14.5389
14.7294
14.68
14.9409
9.91028
11.6534
12.7232
11.8673
14.9672
7.99224
7.39846
7.6132
4.43217
5.67941
10.0682
10.9095
14.8745
9.16413
11.5012
11.1682
11.7041
9.94111
10.6524
13.5338
8.9147
10.3916
12.5396
14.7782
14.5775
9.60417
11.5539
13.8434
13.8708
13.7079
12.5294
14.6069
6.0867
6.13425
7.28744
10.7257
14.8191
8.90366
9.86573
13.1208
13.8238
7.19618
6.42639
12.267
12.8397
7.48301
9.54592
13.8658
14.0162
12.2717
9.85156
10.4333
12.2816
12.7691
11.2255
10.6357
7.23045
14.9147
11.7723
8.42643
10.5367
14.5212
12.4016
11.3089
11.184
11.2857
11.064
14.2229
14.2721
14.2752
10.3057
11.2964
11.3808
12.5649
12.0483
13.7469
5.59712
7.33062
14.5033
11.5794
9.55101
14.6246
14.9976
14.9969
14.2002
9.22808
13.9869
14.9727
14.3224
11.2032
12.4535
9.66373
12.0435
9.22448
10.3794
13.8012
14.9968
13.0489
12.8153
5.63954
6.50446
8.42751
7.5295
14.0627
11.1421
10.2762
10.8631
13.9208
10.5783
5.36162
10.334
13.1559
13.9889
7.09634
11.1763
12.4532
12.0139
10.8585
10.8226
14.2588
14.7054
14.9461
11.3397
9.83371
9.37453
13.8523
12.6052
12.5738
12.2159
14.3668
13.5116
13.7884
13.5476
10.8955
14.0341
11.997
14.3131
13.5132
10.0832
12.8174
14.5988
5.85948
12.6546
12.0971
14.4774
13.3644
12.0517
9.84352
8.37298
13.0201
10.7315
8.63259
10.8002
9.70845
13.9409
13.0591
11.7258
14.6189
12.6205
10.4688
8.20604
12.0299
10.4434
8.78544
11.9346
7.61605
9.47848
14.1668
11.288
14.5974
13.7781
9.88546
11.3151
13.5438
11.7717
12.9532
7.98335
12.229
9.71965
9.66875
12.894
10.3665
8.64772
12.8791
11.0847
8.508
10.2991
11.0449
11.9097
14.4752
10.6453
11.6035
10.122
5.72013
8.47533
11.2012
13.1021
8.40378
9.29013
14.2379
8.55586
5.89692
14.1704
14.0944
9.02188
11.784
7.10065
9.42852
12.5453
4.86583
6.89935
8.87471
8.28667
9.74527
7.59353
10.3128
11.5622
8.69372
12.5662
12.6853
12.3237
5.52445
5.72843
4.979
12.5193
8.10795
9.57869
6.71083
8.35602
9.45407
13.7608
12.3437
9.36323
11.9656
10.0008
8.1514
12.7861
12.3421
11.4115
4.87571
11.1933
4.33564
11.9263
8.99594
9.2043
9.30007
13.6292
11.6772
8.49561
10.7416
13.8547
11.9367
6.57808
9.3334
14.9844
14.3617
8.95681
14.8617
11.9448
8.69739
11.4785
12.9493
5.51583
8.88643
10.7915
14.2375
14.698
8.25373
10.3064
11.0021
13.1222
13.9309
14.2938
10.2451
13.6714
10.3839
12.8801
7.81057
14.3493
10.0995
13.6839
10.8201
8.64778
11.0458
6.69814
7.73455
10.4971
13.2248
7.50982
9.8275
14.5193
11.5453
12.8582
14.6042
12.5479
14.3794
11.3952
13.4432
12.5485
11.8716
9.42382
11.2512
9.6486
8.39421
10.7687
13.9037
7.48961
12.0106
7.4189
12.5149
12.1225
12.6538
9.85233
14.3852
7.21605
10.2796
10.918
14.3268
8.95707
14.7582
11.2671
12.3531
14.4664
11.7022
13.9274
9.38104
10.5946
10.6345
14.1537
13.9165
13.0223
8.99284
12.8626
9.93948
11.2956
13.1148
12.2613
8.87471
8.60614
13.1078
11.8636
10.2652
13.5163
13.337
13.2959
5.55011
13.9391
9.0503
5.12033
4.41502
9.31748
6.48481
10.2207
13.6509
11.5299
13.6068
12.9892
12.1983
11.3853
5.34057
9.92119
13.227
10.5808
8.98347
14.445
10.0368
14.4251
11.91
13.7393
8.77817
12.2197
7.666
10.474
13.8047
10.5813
8.65684
13.9441
13.3619
12.8047
11.5198
12.6042
11.8801
11.11
14.7617
11.9592
10.8024
14.8031
8.31407
7.4417
7.22055
8.51554
12.593
13.4442
7.29324
13.551
9.0584
13.3784
12.4068
10.0971
11.1705
14.9141
9.8021
8.07081
10.6474
14.2474
12.8664
11.1646
10.6659
13.4888
10.7696
12.2433
4.70889
14.6881
12.4395
13.0544
9.92936
14.9115
14.8543
9.29139
9.89898
10.1588
12.3021
14.5957
14.3618
11.2946
10.3803
8.18181
11.727
13.6754
14.8193
14.2426
11.011
13.4402
10.2111
8.893
11.717
13.9793
13.7899
5.87336
12.1084
11.7866
13.1495
13.5949
10.5101
4.55091
11.0441
12.6717
14.4542
13.8129
14.8523
12.3617
7.38139
11.2665
8.48601
14.3878
13.8369
14.3354
14.3278
6.59105
8.66669
10.6157
10.3534
9.19638
10.888
10.2298
11.4117
4.98834
11.2917
9.40023
7.74219
14.8236
6.02525
8.49757
13.1798
14.1835
7.94833
10.449
13.81
10.6808
9.39348
13.3221
13.2898
13.8878
14.6507
9.34837
5.52758
12.1933
10.3954
11.1691
14.3064
9.70432
14.548
6.74291
6.10483
8.79717
9.80362
4.38697
12.1616
14.8169
10.1396
11.385
11.1165
8.68697
9.43147
10.6425
9.52948
7.26344
14.0258
13.4017
10.019
8.59002
12.5122
11.5649
10.3418
13.9017
9.95935
12.8918
9.51677
10.8108
8.72974
14.9198
11.9049
14.5855
14.548
8.56435
8.59879
11.1369
13.1008
13.7317
9.21715
6.47062
13.1573
10.4961
8.03981
12.4162
7.04311
10.5735
14.8517
5.0672
14.7436
9.33838
14.7781
9.89257
12.0786
10.3477
6.28665
11.7658
11.7526
8.14974
11.4798
13.9189
13.4341
14.8215
13.1425
13.6583
9.91067
10.7379
11.0547
14.4651
9.43049
12.8951
10.283
14.7553
7.20524
13.5306
9.368
12.4724
14.8313
14.12
12.3416
14.5836
11.0983
11.9776
13.0066
13.2588
5.18761
6.43418
9.19422
12.3047
13.8541
12.8111
13.8817
12.6629
13.4949
13.6059
12.6061
13.7505
8.85788
13.8114
13.7858
14.7418
10.1193
8.35178
8.79281
11.7179
14.6028
8.38927
11.5875
11.8657
12.3057
13.8997
12.2002
10.7792
11.7151
9.44645
10.3423
10.2173
12.1002
9.44074
13.5199
9.1465
14.6376
12.4872
9.54252
11.7753
14.5974
13.8031
12.6966
6.39063
14.9609
8.45042
14.6782
14.7641
14.0487
8.45682
12.6719
14.0245
14.0389
14.3285
13.0173
10.0653
13.3162
10.9774
8.95379
14.1191
11.135
11.5421
8.20422
14.4926
10.4745
10.5932
8.90642
7.3145
13.7039
13.2565
11.4146
11.0041
11.5649
6.44629
10.348
6.31886
7.41416
10.6911
11.725
10.239
12.2407
9.81419
8.97198
14.5226
8.01521
12.5693
10.6906
13.575
13.2255
13.9831
9.04023
6.55497
14.9165
10.0338
9.33002
6.46532
9.77358
12.3536
14.2567
11.0387
14.1354
7.05451
14.5489
9.14524
12.617
9.57748
10.2043
10.803
8.9493
10.3203
13.2107
14.556
13.0676
13.742
12.9133
11.9466
12.3616
13.2687
14.4722
14.4614
11.5988
13.6011
11.837
10.6585
14.0631
8.27437
13.6902
14.2167
11.9872
10.2811
13.7199
11.5409
13.0854
14.685
14.4386
4.31785
7.46795
7.50297
14.734
8.45096
10.1166
14.3942
12.1199
9.82482
6.52842
8.1464
12.568
14.4754
12.8588
13.7685
10.7721
11.4122
8.97414
11.0534
12.219
12.2023
7.95399
14.3512
12.3031
10.6012
13.8424
11.4473
8.50273
10.1654
14.1073
13.9999
13.3398
12.7036
14.7351
9.66737
13.1315
7.8245
7.78753
9.72628
10.5823
9.70183
14.3448
8.50716
10.7793
12.1189
9.13863
14.5211
10.0067
12.6533
7.79484
7.60419
12.6217
13.6794
12.8471
14.4956
10.3657
14.0752
11.6379
11.5179
6.53126
8.90422
9.91522
12.2277
13.8861
8.7374
9.02864
7.51827
14.791
10.6414
11.5767
13.7044
14.8065
9.63465
10.3726
11.1967
14.8758
14.9977
11.9606
12.4409
13.9001
8.89476
10.9026
14.7543
11.2104
12.3452
12.8771
8.38121
13.7386
11.1547
9.57899
11.8623
13.6884
13.2108
13.277
12.8122
11.5994
13.4947
12.4952
9.1143
13.2113
14.5624
12.7517
13.2012
7.6392
12.1246
14.6022
13.6883
7.70872
14.2869
12.7932
6.7631
12.0047
10.1822
10.1914
11.0053
7.53037
10.4443
11.7141
14.1805
13.8564
6.25797
9.80855
9.88621
8.76241
14.7421
8.77063
8.72081
14.6862
8.54093
11.0552
13.4406
8.51484
13.687
11.5303
11.8779
9.30203
12.799
13.187
12.7378
11.9674
14.3916
12.1123
14.8759
11.9096
11.9676
13.0155
5.70466
9.51813
11.5613
11.5784
11.5979
14.3167
12.9403
7.97289
12.9413
14.9135
11.4236
11.5486
13.0552
12.4178
8.78613
8.42173
8.70703
5.71273
8.59493
11.7291
13.3526
7.08871
13.6257
13.1521
12.393
8.98206
8.48477
9.67919
12.7497
12.4338
10.3434
11.5674
13.7591
14.5231
12.0382
12.4726
9.79873
8.16833
11.1592
8.36824
13.4558
10.569
14.2
10.7973
14.1687
12.843
12.9867
10.5998
12.5025
11.7159
13.8469
13.088
10.8785
8.55632
14.659
13.9696
10.5647
14.9693
7.56159
11.6855
13.7318
11.51
14.5257
10.1855
12.1609
14.1608
10.1646
9.1492
5.479
4.62435
6.52696
12.1108
12.6461
9.12309
12.0443
10.7616
8.87694
7.40831
6.27873
9.52732
10.6639
14.1902
11.2186
14.2233
12.0694
13.8925
14.0847
12.3109
10.7686
8.13655
13.9861
12.1214
6.80642
14.8942
7.46364
14.9417
10.2641
12.7483
8.64736
7.61894
11.8713
11.5204
13.8428
13.0903
5.31144
14.5337
13.074
7.44492
13.5422
11.9092
4.35863
13.4144
10.1068
13.9339
12.8684
13.167
11.5265
14.608
12.4759
12.7378
11.9586
12.6869
12.5997
11.3893
11.9633
13.1896
14.5053
11.8653
13.868
14.8106
8.13025
13.7016
11.7944
14.4621
12.2829
10.6477
14.1691
12.0015
5.5001
5.61342
14.1925
13.5732
11.0127
12.8038
11.5923
8.61802
14.3288
14.6902
8.96677
9.87401
6.73085
8.67056
10.2425
11.0575
6.16113
14.0257
13.5986
6.25679
6.28539
8.50084
12.3286
10.2036
8.37252
13.5418
13.8804
10.3947
13.1011
11.6322
12.1962
14.1837
11.8608
10.4596
13.1244
8.59092
14.5312
13.0847
11.8938
10.9514
12.6092
9.91828
12.6423
11.5387
13.6033
12.4511
14.0831
6.40485
10.9175
7.58106
10.6002
13.4691
10.9649
7.59002
13.5989
13.4467
5.44498
14.0603
10.4963
11.8793
12.111
13.4496
8.88206
10.2022
8.883
7.50179
14.8777
11.7474
12.0499
6.97281
5.42504
13.1112
9.42798
12.5305
11.3587
14.5442
14.3959
13.0217
11.4953
14.1942
10.4903
9.67468
13.2424
10.8251
12.3294
14.8029
10.1781
13.5213
13.203
12.5532
13.9051
13.0875
11.3388
8.88075
11.1239
14.4794
7.53458
10.0137
12.1282
13.17
6.94289
6.66272
5.9439
13.6994
13.8741
5.48358
10.6234
14.8905
12.8416
13.1173
7.00123
10.0727
12.7557
6.37995
14.8815
11.1657
13.5316
14.5496
5.50044
14.3831
12.7765
8.2288
9.02548
4.94276
12.0337
13.711
10.8572
8.98629
8.65067
14.7678
12.891
8.08243
13.6258
9.9395
11.4147
7.19111
11.4241
13.8692
13.5191
7.76981
12.7693
11.7708
13.7837
8.17078
12.7452
14.1122
13.3755
8.80725
13.0335
12.7685
13.1455
10.2232
10.9832
12.4796
13.6418
11.5242
11.3864
11.5937
12.5364
14.4634
11.1273
14.7303
8.81916
8.95526
9.80698
13.9161
10.1386
6.74523
12.0305
9.18398
13.4891
13.3653
14.8245
13.245
6.35859
11.1002
10.022
11.1021
6.54736
12.9493
9.31224
12.5216
14.8071
11.4155
11.2635
13.4204
13.8609
14.0938
8.84451
13.8637
11.8451
13.6286
14.3504
10.8976
8.46546
10.6166
12.6487
5.54171
4.72327
11.5703
7.51871
13.7536
12.0045
10.1059
11.8044
7.80548
12.3914
11.0739
11.9233
10.1778
13.9189
11.9316
13.3583
9.3669
11.3239
13.1155
13.9263
10.3482
7.94706
12.2131
9.77285
4.04805
14.4556
10.0813
14.0317
4.7314
8.85782
9.39033
10.7221
11.2514
7.94406
12.1964
11.2716
11.4994
11.9887
6.31506
11.0759
5.69652
11.5698
9.73262
13.2037
11.2477
14.6039
4.28862
13.7288
13.9456
14.7958
12.9557
13.7309
8.56656
5.43508
13.6477
9.95554
6.72275
6.45574
12.7524
10.4102
8.43257
11.9964
7.38251
9.30028
13.4064
12.9194
6.04248
14.6226
14.7418
14.1593
8.41585
12.738
11.0361
14.9195
12.056
7.25512
12.2111
8.84669
13.7366
8.26595
10.6242
14.2552
10.8169
14.3564
9.43645
14.7174
10.2837
9.5133
8.92414
13.5582
14.9344
10.1539
8.64653
14.3728
8.29861
12.3373
9.86411
12.2053
12.389
11.3727
12.0654
14.5705
11.9465
10.0695
8.32206
7.73957
7.95532
11.4546
13.2348
10.0577
9.30664
11.6095
9.06195
7.79024
12.5605
7.62373
10.588
11.3011
13.1069
9.07263
12.2094
14.1283
12.4708
11.8908
9.5444
9.4481
11.0009
9.69942
11.0479
7.64764
7.70869
13.9693
12.8949
13.4872
11.3285
12.0107
6.8454
11.9495
9.19878
12.577
8.84348
14.1443
13.9838
9.61093
12.7159
9.54605
14.1714
12.8913
10.5184
13.6943
9.96933
13.9317
14.0568
13.8439
14.8332
9.82563
14.0847
10.213
8.8758
9.84907
9.27039
14.0362
12.1311
11.0214
5.0092
13.6418
5.51946
9.42005
11.8545
14.5594
14.6709
10.1632
13.5952
14.4806
12.3342
11.7521
13.2591
13.0471
8.6988
9.46738
12.9379
9.6949
14.9181
5.86985
14.0699
10.285
12.5827
6.6623
10.3592
7.16228
12.9211
13.4684
14.8539
14.295
12.0125
11.2923
11.6926
9.13696
12.9252
12.7803
7.55279
7.85609
12.3113
7.94496
11.7341
7.82228
12.9525
8.49331
14.594
12.9276
12.4629
10.5239
12.9493
12.0021
9.87668
9.37131
6.94315
9.54481
11.3985
5.48021
9.40471
9.82397
10.2034
14.5471
11.1779
14.6233
12.6723
10.3344
12.7
7.67865
5.91403
13.0013
9.07136
11.2914
5.82443
10.4231
6.87804
14.5962
10.6878
13.6916
8.05123
14.1953
14.1522
13.844
13.7997
12.4104
7.81259
11.1256
13.6363
14.4835
13.1361
10.7942
12.1455
10.4809
14.6907
10.8072
10.4281
14.1223
14.8347
14.418
8.87577
8.91955
11.783
12.4068
13.1928
10.0016
10.3643
7.95054
12.8772
9.74357
14.5934
6.3734
9.10947
12.2425
12.2062
14.802
13.3447
12.0605
6.99979
12.159
14.5893
11.1947
11.2139
12.8757
11.8388
11.5044
14.7373
10.9856
11.6112
11.8274
8.35404
10.0145
8.51246
11.0969
10.2108
7.20401
11.4161
11.8315
12.6813
14.9784
9.75521
10.6055
12.9152
12.2146
12.9523
5.39825
12.079
7.34539
8.49223
14.0322
12.3164
10.6041
10.491
12.6957
14.137
6.07531
7.85516
11.4134
11.7377
6.54011
13.1772
14.608
13.8365
11.7786
12.0765
9.64844
13.3266
13.1655
14.9095
13.76
12.5331
5.25254
9.31184
13.7419
12.0806
12.4083
13.4241
14.158
12.1923
14.0374
14.2167
6.86299
10.5279
13.8523
4.59361
14.9312
12.7089
12.7967
12.4828
10.6083
13.1521
14.7933
12.7125
9.79799
11.509
13.8351
14.1503
14.4855
12.4564
13.4017
6.75066
5.59727
13.7426
9.63742
8.95915
11.2271
10.6357
13.4113
10.1166
12.0025
13.068
5.84025
9.71485
11.488
12.9297
14.2588
14.7192
14.5787
10.2436
13.447
14.3138
8.92911
5.80245
6.61717
9.54873
8.11205
10.216
10.0212
10.7463
14.3479
12.3976
10.5872
8.14197
11.666
13.5046
14.0855
14.8871
13.395
13.4273
11.2318
10.6084
13.5104
8.54761
7.41833
12.4923
13.5014
12.8713
12.1361
11.3755
12.953
11.9228
12.1904
10.7225
7.05582
10.089
9.2754
13.8502
8.34331
14.6695
13.2093
13.5058
6.05955
13.2701
9.16129
6.32245
12.535
14.1976
12.6703
7.91548
12.534
14.9461
10.5894
8.81431
10.3815
14.7978
6.6328
11.4933
14.4625
14.8085
14.8989
11.0449
12.4768
4.72654
13.1329
12.1922
14.2781
10.5789
10.7218
12.0172
5.57055
7.92549
13.2008
10.4285
12.8594
7.60727
14.8105
11.2486
10.5557
13.0149
13.1132
12.3063
6.56702
13.5453
14.8816
14.3605
12.3813
12.7395
10.341
14.2016
13.7675
5.61156
8.32848
14.7846
12.0842
8.76509
14.2089
5.64574
13.8809
6.9388
5.37941
8.66035
12.8028
9.68153
12.275
13.8344
13.5758
13.7118
13.4744
13.2919
14.0311
12.6946
9.22731
13.8322
12.6759
11.674
14.3432
13.003
13.676
13.1433
7.06088
12.8209
10.6865
9.31656
12.4869
12.5842
9.15126
11.1975
4.78321
6.90056
6.37216
12.1893
12.7897
11.2159
13.1839
6.02584
10.5217
13.8255
14.1329
14.6709
11.8137
9.45442
12.284
9.00479
13.0651
14.3933
9.49709
6.61548
13.1219
10.9722
10.6563
9.99329
11.891
13.5068
13.383
12.9352
12.3974
8.73782
12.3735
11.3698
13.6775
14.5056
10.0679
9.89849
10.3192
9.71849
11.127
12.9457
13.8213
9.42827
12.2303
9.31427
10.3344
6.23491
12.2382
7.59918
14.9263
12.6513
14.9821
13.0987
6.87515
9.69197
13.8131
9.01747
11.6851
10.8114
12.8182
14.9968
11.7902
8.37392
9.59799
14.4532
14.1619
9.76919
13.6704
11.3766
10.3118
7.90812
13.8105
14.7431
13.7998
14.2385
12.7667
13.5754
11.0446
11.6934
14.5343
12.8862
11.3329
13.8846
11.919
11.4693
12.2183
13.2872
12.5662
6.06563
8.21657
10.817
9.72007
8.49471
13.7193
10.1729
12.3137
8.85651
6.07872
13.4237
9.79637
10.2043
11.1349
8.91019
10.3555
13.2793
13.1698
8.36599
6.71719
4.02551
9.25647
11.8384
9.05928
12.0501
12.8384
13.5249
13.9548
12.7004
12.2998
6.47988
14.4938
10.2839
13.1046
11.4244
8.62485
10.6848
13.0869
5.67108
11.4032
12.1825
9.78478
11.6295
10.2474
11.6903
12.349
14.6872
10.5904
12.3539
10.6135
11.7925
13.5547
8.95826
13.547
7.81929
13.6299
14.6736
14.8655
9.94197
4.32106
11.1314
11.0363
14.0746
13.6871
13.5918
9.82146
11.8678
9.66368
11.9553
8.51631
14.1083
10.7588
5.80226
10.106
12.5058
10.5228
8.16197
13.3929
12.0577
11.9788
13.9382
8.84078
13.941
14.6732
12.8956
12.8759
14.3907
9.73502
7.07532
8.70956
9.91956
14.6902
14.2481
14.8418
14.1932
9.06434
12.0346
13.2712
8.07002
11.2107
10.5754
9.78451
13.1069
14.5449
13.7634
12.0187
10.9273
11.4073
8.41295
12.4846
8.0202
12.0978
13.4731
13.4556
13.5769
7.6697
12.5614
12.6557
11.5169
10.1797
13.7255
8.51025
14.1925
10.3695
8.68084
10.5372
11.2279
6.49653
11.8282
8.81805
7.07871
14.9928
13.4934
7.75722
9.62828
14.7971
14.4211
10.328
10.6296
6.09284
8.448
13.9641
12.0628
12.0887
14.0818
11.1723
9.11421
7.3249
14.401
14.3351
14.6526
9.22349
8.18582
8.46816
11.1654
11.9285
6.80021
11.1494
13.6221
12.3284
13.3828
12.6567
13.7346
11.3478
10.8989
12.9177
14.6437
11.7373
5.30832
14.2613
14.5343
9.4229
12.6719
12.4811
9.00074
4.31311
13.6592
8.71821
11.7137
11.077
13.655
12.8412
14.7776
14.0831
10.8279
13.5517
6.38956
10.066
12.7147
14.9198
13.9686
14.7439
12.2041
8.56849
10.0485
14.721
11.5499
12.9659
12.1902
14.0394
9.42183
10.2514
13.5084
12.4392
7.9132
8.95608
12.4207
11.9605
7.79025
11.3547
14.5599
7.75949
12.4012
13.4061
9.06225
8.12568
14.4194
5.5354
13.9864
10.3742
12.4042
9.2458
13.2505
8.66247
6.25766
7.13448
11.3347
12.9969
11.2723
14.157
6.67731
9.53
12.3808
14.8604
12.0997
12.5381
6.94297
6.54389
14.6301
12.6745
13.51
10.4329
13.9829
14.6991
8.63594
9.30792
11.0022
9.61478
10.0895
14.7613
8.37486
14.4003
7.52534
10.9053
14.9629
9.50664
12.7002
9.31295
14.5179
10.1967
13.8808
14.5697
5.86471
13.2927
13.8361
12.9204
11.6612
14.5388
8.4756
11.1104
14.0202
4.5391
9.22636
6.82261
9.28205
9.54301
14.3231
6.08688
11.9687
13.5459
8.92802
13.432
14.11
13.2761
13.1586
5.95572
11.5946
12.7626
9.68239
11.7309
10.2866
11.5774
11.5499
11.2516
14.8086
11.1104
6.3359
9.27218
14.1529
12.0094
14.0299
10.8306
9.64747
11.8054
10.2088
9.35946
13.2048
10.5215
13.0669
10.2453
13.2015
6.21535
8.38131
12.0062
13.0371
10.6132
13.5862
12.418
12.0464
13.211
7.20491
8.05082
13.3226
12.3529
13.6302
10.1251
13.3026
11.6609
9.95751
14.6584
14.4231
12.7879
14.3636
9.32118
9.58737
13.2016
11.1044
10.9681
9.67178
8.56638
13.3357
11.2874
14.5781
9.90895
9.13439
11.3643
5.7946
7.13
8.82667
12.659
11.5387
10.9964
11.1643
13.936
6.42884
10.4886
13.6551
13.2709
8.90908
13.7965
14.6161
11.421
9.14517
12.8773
13.008
7.49354
7.64015
14.2952
10.5084
13.1717
11.1109
10.3524
14.1469
9.92976
12.6018
13.0656
13.6445
12.6459
11.265
14.6572
7.31714
14.2085
13.7878
12.9104
11.7758
12.1553
8.4563
9.75245
10.7493
13.4808
13.53
13.5455
13.6088
11.9664
11.2766
13.8176
5.94519
9.80914
12.5823
9.08231
12.8618
11.823
7.56413
11.4383
12.3793
12.3744
6.90476
14.2007
10.9929
14.3851
10.2448
6.84377
13.8983
10.5822
9.25987
14.6045
6.04492
11.4832
14.85
6.40589
4.51445
12.4943
8.78655
9.85783
10.367
13.0818
12.5745
9.63276
14.4092
14.7568
10.8851
7.76619
9.11873
5.98561
9.92992
9.20881
8.81053
11.0039
14.716
14.2978
11.2065
11.6073
12.4259
14.3793
5.07402
10.7762
10.2772
10.6664
9.16855
14.8681
14.9259
14.0947
11.1298
5.69521
10.8313
11.8193
6.02127
13.758
12.4177
10.2957
11.2225
14.1882
14.6132
10.8908
11.8614
13.2451
9.18456
14.824
12.4863
8.72981
11.6654
10.6132
10.8145
10.3972
13.2655
11.0903
14.3587
13.7778
11.0708
11.91
9.46644
14.3029
8.22907
13.5657
14.1001
9.45232
14.7951
8.67957
14.5187
6.44647
14.2706
9.24147
9.81248
14.0283
9.26842
13.934
10.1723
8.99705
14.5122
13.7684
11.6901
6.14648
7.29862
13.81
12.2292
10.8169
11.5582
10.227
8.43331
9.98582
12.0313
9.91187
5.9707
6.29294
8.51352
9.17519
9.95057
11.9941
11.0724
11.6848
12.5898
12.1319
11.8811
9.30787
11.9572
13.4943
14.5817
9.07537
14.998
10.017
11.5911
12.2145
14.6763
6.0488
13.6669
14.9933
13.0968
14.7441
7.35836
9.93636
11.3696
14.5904
12.2324
6.42551
9.39862
14.0479
9.98385
4.75202
13.177
5.68812
5.1969
8.5615
6.81773
13.1478
12.6715
14.4293
6.38559
10.6817
12.1828
9.69335
14.9029
5.1121
6.68909
11.715
9.78044
11.6674
8.83474
12.0232
10.6512
13.4674
6.15034
7.65441
13.0422
13.5121
12.5632
10.6282
13.5228
14.986
12.8019
12.982
12.4315
10.7761
10.0118
6.4037
5.90776
6.48476
14.6675
13.9259
10.445
13.3139
9.12682
14.7755
5.33979
9.06796
11.9853
8.76048
10.9222
10.2428
10.3955
8.48779
11.189
7.86657
13.8758
9.31433
14.0974
13.026
11.0865
6.25502
13.1107
11.2945
6.96623
8.62638
