7.95795
13.7769
11.7117
13.1027
11.6188
10.1537
9.6295
9.85773
14.6617
8.88407
12.6844
11.0653
12.1386
14.3311
5.10235
10.9323
13.8911
13.4397
7.57919
12.2338
13.267
10.2936
7.87989
10.2184
11.6982
11.8632
10.0122
12.6449
6.63913
13.584
11.8939
7.42657
14.944
12.6043
12.5738
9.27156
10.4921
14.223
10.2781
11.287
10.2324
9.79941
14.8936
12.5616
8.74653
13.9837
9.67149
12.2069
10.5771
10.3693
14.6176
6.80826
14.7993
12.2952
5.60981
13.5103
12.0044
14.773
13.9664
13.0411
12.937
11.5725
13.65
9.59018
12.3839
13.9815
13.7798
14.1959
14.699
13.2214
11.9957
10.2598
14.1079
13.8008
11.1427
12.7923
11.2419
14.7714
11.9051
12.3135
11.1574
12.5185
11.2608
9.25301
14.5593
8.79429
3.85815
13.1232
6.5975
11.7062
10.3832
7.29727
12.2667
9.14688
11.4711
10.7521
9.89746
5.99797
9.66408
11.0923
9.88415
11.0341
9.61979
11.8812
13.8481
10.031
13.7542
14.0908
12.9888
12.7938
10.0284
8.62882
13.8607
7.95138
10.5939
14.9684
11.4544
10.5475
8.7302
12.2745
4.14454
8.8974
10.8291
6.18553
5.6081
7.09292
12.3435
12.0719
9.53436
10.7775
12.6952
9.95504
11.1864
14.4053
11.2167
13.1882
13.8289
12.9597
12.4965
13.0575
13.6571
14.1317
13.4358
13.9503
11.1913
9.0679
9.97895
9.83695
13.5129
11.7205
14.7592
8.287
14.2835
7.28564
3.94926
11.379
10.6212
8.09052
6.27247
11.5004
12.6933
6.37227
11.5533
10.4259
12.6205
10.5406
13.9904
13.7514
9.31973
8.28214
7.96971
5.64752
9.30029
13.6437
8.03022
10.0535
13.7404
12.0791
11.9743
4.01812
11.2907
8.16869
9.18526
11.4582
8.94404
13.9467
9.12383
13.6164
13.2814
11.6336
13.3663
10.1917
11.4246
11.8369
13.5519
9.89874
10.9453
6.37014
5.73541
10.4601
13.0494
14.1716
12.7897
10.2396
14.1037
10.5878
11.6822
10.919
12.6656
13.4391
9.92033
8.65445
8.66594
13.6454
13.0227
11.9384
9.96357
8.65253
9.17823
10.0818
9.94096
10.0303
10.3113
7.95326
13.9242
13.2995
9.1678
11.7515
9.15297
7.86833
13.4682
8.4796
12.4642
14.4577
13.6266
13.5744
13.5029
10.6336
14.0578
9.67399
10.3634
14.1039
11.1143
10.9123
12.4673
5.84026
10.4079
12.9177
13.8533
5.65687
8.09886
9.03544
6.80729
9.9302
9.9244
4.5591
5.53728
5.7036
14.381
14.2082
14.884
12.9046
12.4916
9.71101
9.51248
8.627
8.55143
10.7683
6.73663
13.7079
8.31861
13.0288
13.7536
12.6129
11.8078
11.577
10.7994
8.27365
14.1644
10.2928
12.2343
11.0354
5.48218
12.3774
9.98741
14.92
8.11501
8.94805
8.76599
12.9631
14.524
6.34459
12.3901
14.4574
13.294
13.7436
5.95455
13.0662
9.67883
14.1562
14.6233
10.0767
13.212
10.7033
10.5856
12.5409
4.9792
6.61358
8.86259
7.81877
10.4999
8.56408
13.9709
14.3452
13.3599
10.1331
12.8824
12.5804
14.4232
12.3606
9.94501
10.1649
6.59728
5.267
6.49857
12.425
12.2535
12.5394
9.74008
11.0233
5.49909
14.2111
14.8776
14.7827
9.67865
10.2776
12.7515
12.8351
10.1931
6.03335
13.0388
13.2648
9.89267
12.3151
13.3301
8.97415
10.5704
8.62232
8.60432
10.5056
10.8193
11.7674
14.1877
10.9426
11.3517
8.9085
10.0511
11.4573
13.604
9.79328
13.4725
13.6237
6.93141
9.59922
11.561
11.4808
7.17424
11.7199
14.3579
11.9747
11.9559
11.1129
9.9713
11.0576
9.98706
3.41791
6.95712
10.1387
13.1343
11.6219
11.925
10.6401
11.2204
11.2524
13.6185
12.5104
7.40059
10.0403
11.9165
12.2506
14.8886
14.9735
11.721
12.811
13.5852
7.07741
4.83143
9.77529
9.65049
6.16029
5.75433
10.0887
10.0966
11.537
12.6772
6.69599
5.96817
10.03
8.49498
12.4321
5.31999
13.7983
13.3112
13.9883
5.39691
10.9904
11.523
8.2898
5.25233
11.5293
14.0096
6.63586
13.1605
5.60705
12.4649
10.9606
6.25257
10.4775
12.2211
14.6871
13.365
9.4911
11.0366
8.77542
11.9537
10.2561
6.08837
6.19285
14.1116
11.13
13.9805
12.059
12.4569
6.53566
10.0511
13.1773
10.077
14.1884
11.3455
10.2154
10.5095
14.3414
10.3852
10.2158
11.8792
13.7039
14.0629
9.79041
8.83356
5.94031
9.76267
6.45758
11.7439
14.1664
5.622
10.2038
11.2404
14.065
12.8428
7.85448
10.1237
7.46535
11.6258
14.1964
8.59184
13.2637
9.98173
10.3138
11.3158
12.6275
8.74978
8.87522
12.3574
10.9383
12.1083
11.0431
14.7205
5.03613
8.74583
13.1061
8.3975
12.164
10.8975
9.04201
7.62324
14.9023
14.5973
12.7244
10.5152
8.38665
7.04004
12.8911
10.3254
14.468
13.1279
12.6378
9.65076
13.1789
13.7579
14.7924
14.798
11.8104
9.18295
8.35872
13.044
9.97092
10.4634
10.6225
8.15276
13.042
8.52381
12.5104
11.3937
13.0966
12.7045
9.95367
14.157
14.2165
8.06026
13.3277
8.64975
14.2407
13.6207
9.0105
12.963
6.37567
14.2286
11.6127
12.7345
9.82839
9.29968
14.8739
10.606
12.3442
13.9922
11.325
9.29801
13.9916
10.2319
4.91002
12.4347
12.2492
8.29874
12.3737
12.2429
11.1276
11.8361
9.74739
14.8581
10.3784
6.95363
14.1039
10.9835
10.4972
12.7961
11.235
12.8384
7.16532
11.1219
13.0139
10.9729
5.77725
12.9691
9.77975
12.4088
11.639
14.5547
13.3788
6.77685
12.6574
13.9724
13.7213
8.57659
13.1702
14.2463
7.61276
5.35293
6.69791
12.5836
4.20784
9.1593
10.6245
13.7385
13.7675
12.7673
9.68238
13.9349
13.0665
12.806
6.00638
13.8948
14.1881
7.03214
14.9963
8.34713
6.10226
13.2498
11.9126
10.8198
14.1695
14.5536
10.1009
14.8224
11.5035
8.46087
12.0506
12.4717
9.05687
11.6947
5.25243
14.3669
10.1208
13.3682
6.7286
10.2385
10.4732
5.6096
5.84148
5.25944
13.8992
10.7469
12.2605
10.4832
9.46836
14.0633
5.61482
9.0414
10.4565
11.5512
6.7109
10.0882
6.3763
14.4042
9.5957
11.8957
10.9755
7.43365
10.3132
7.42956
10.3483
9.215
13.5871
10.4123
10.7608
8.86941
14.0063
4.80487
10.9051
5.25715
11.2703
10.7734
12.3666
14.5524
14.0291
7.91524
9.62815
9.23908
6.38103
5.12427
13.0618
14.7302
5.87134
7.74168
10.5697
8.62064
6.23512
12.5262
10.3871
11.3912
14.0416
12.8402
10.169
13.5776
12.7915
11.009
7.71137
12.5148
10.8883
9.11854
12.5668
14.5981
9.47653
12.74
9.70938
10.6657
5.0634
14.2504
10.534
9.65631
14.744
8.84027
11.1103
10.6501
7.00775
10.4983
13.3749
12.9867
4.57148
9.96673
5.99125
7.57058
11.8536
9.93483
12.347
9.42078
4.46789
6.10363
6.5008
12.8914
10.0196
6.61425
12.273
13.5832
8.82544
5.96962
5.34145
5.69925
5.24359
11.5342
13.151
14.6532
14.4985
14.1763
12.7008
11.1238
10.3297
14.5315
9.91439
14.79
8.43851
8.97339
14.6276
11.2593
13.713
5.61238
10.5332
11.6058
10.3812
10.1274
9.75172
10.03
9.81063
14.9335
14.0118
11.3904
11.909
13.4722
12.3006
9.67915
8.76838
11.2453
11.2647
14.0705
7.76414
4.06157
12.1656
13.9552
10.2769
12.8855
4.91473
10.7194
12.6483
7.32229
12.569
10.0532
8.78513
14.2737
6.59643
12.9933
9.60134
5.6531
12.5589
11.5367
13.1895
8.07385
8.82656
7.3955
13.1324
5.205
13.2182
5.38915
12.2709
13.8031
11.0971
9.59029
12.098
9.91921
9.74875
12.4997
13.8563
13.177
13.5767
14.2596
13.6668
13.8516
10.783
7.80753
6.4092
9.55402
8.766
12.436
5.57547
12.2061
10.0627
13.495
13.4806
13.9516
6.12627
6.35413
8.42017
12.84
9.20603
10.6609
11.8448
13.6138
14.7953
12.5167
14.4252
13.9376
5.57807
9.71034
11.5162
14.1971
14.8157
14.5121
5.48804
9.70931
10.2311
13.1269
5.12876
10.1956
11.056
11.6321
9.96926
7.09737
13.0031
7.65364
9.67188
10.8471
5.15661
14.9938
12.2462
10.7663
10.3205
6.72227
11.2409
12.4599
10.6919
8.02125
11.2896
13.9777
13.7199
13.2455
11.4453
11.8441
9.53493
10.4852
6.15668
14.1333
11.7902
12.4474
6.74774
14.2447
5.87714
10.9508
14.1623
13.3165
10.7591
12.1801
9.70537
13.4955
11.3541
11.0064
8.04302
10.8129
11.8514
12.4055
12.0578
9.01765
9.90778
6.20848
11.8873
9.94534
8.8673
14.462
9.8108
6.20126
4.13888
5.80013
10.7814
13.3438
9.79176
6.64963
8.60025
6.98893
10.4714
12.9375
8.09824
13.0655
9.43844
7.06632
11.7865
6.11213
14.2107
10.792
12.8415
12.1261
6.35731
14.8484
12.4417
14.8849
10.615
10.2131
11.1275
14.2755
10.9137
11.9939
8.17307
12.2453
9.96916
14.1436
10.9074
5.78953
9.98007
12.8232
11.1085
14.9666
13.2756
10.4377
13.4298
13.5902
14.865
8.37086
8.68095
13.7975
12.976
10.6012
8.27035
10.731
13.637
12.7545
11.7068
10.3863
12.5726
9.76938
10.5383
5.81906
14.0865
11.4626
13.1785
14.8577
13.4968
7.32032
13.6967
5.89504
10.3265
11.8049
14.601
8.84878
11.2732
12.2801
10.393
11.5776
8.63739
11.2808
14.5368
10.7849
14.9769
5.05971
7.94007
10.2692
8.59223
10.2397
10.7074
5.82828
4.52663
10.4786
13.7207
11.7017
10.4583
8.77924
10.2147
9.48391
14.4849
12.6049
14.3887
8.66385
14.9206
12.4228
13.9554
14.3967
5.46147
9.45434
13.8196
5.58181
14.1063
8.2854
7.84115
5.39797
8.8781
8.97671
11.5516
13.6718
7.98144
12.571
8.34099
14.8389
14.9801
11.8301
10.2189
11.2761
9.75218
14.862
11.5087
7.9866
9.22756
13.5521
9.09166
11.8314
10.2851
12.5993
10.2571
7.50501
4.99876
9.04339
13.9579
7.67306
13.0788
8.22972
11.7736
13.896
13.0478
14.9139
12.2543
9.57665
12.4719
14.4366
5.2697
9.32506
9.70989
8.56672
6.45825
9.98135
5.99304
13.5986
7.41098
12.7784
8.0509
12.8783
10.6703
10.173
13.3325
10.3408
12.2478
11.4707
6.09974
13.4594
13.7603
14.0281
11.2802
10.4936
11.0877
9.70824
13.1009
12.8031
13.2317
9.17838
10.1876
11.5542
9.77328
11.7398
5.34914
10.4264
6.02281
9.61341
10.3432
14.97
10.2549
14.9699
12.4453
9.04565
5.1861
12.1261
13.1448
9.03209
12.7799
10.4776
12.2583
10.0126
13.146
11.0019
4.60006
12.9379
14.0095
5.26188
9.8312
10.3347
9.36421
8.81574
9.77185
10.8477
12.8432
9.62819
13.9297
7.73528
12.1957
7.50645
14.0511
14.1242
9.597
9.08775
12.0233
10.2936
14.5845
10.4338
5.38588
5.88184
9.30691
4.57703
9.94803
10.3316
14.3188
9.10173
8.88221
14.4051
14.1553
14.4709
5.90147
5.32302
14.0685
11.3707
14.9616
13.7239
11.1356
5.54332
9.41564
6.98207
7.90732
9.57477
13.4668
11.1908
9.30143
12.0602
10.6054
10.9771
9.24304
7.29637
7.50005
9.68884
14.001
6.95144
10.6872
9.72371
10.4976
14.7619
10.3794
13.3794
12.8011
11.2013
13.7016
12.4896
5.65332
14.4203
12.7237
8.7683
10.459
11.2305
6.2488
7.77185
9.90357
11.702
9.88505
11.421
12.1171
9.65285
9.10531
14.3577
10.9046
9.5147
14.5647
5.73789
4.64416
11.1535
11.514
14.9797
9.89816
5.53095
7.78431
9.58289
5.56919
6.6237
12.4469
8.32092
12.5931
9.64198
9.81709
6.1464
6.40816
8.77603
5.04324
6.7255
8.34058
9.27482
14.4264
12.8602
5.49981
9.95286
5.8638
12.4491
11.2215
12.4646
5.78916
13.2513
13.4538
7.45149
14.2696
7.42336
7.14734
12.7015
13.5699
14.6744
5.93644
9.84778
9.77955
11.0416
14.0313
13.7038
10.9799
12.04
12.874
11.6862
5.28747
14.2186
9.87198
14.6236
13.8821
11.5326
8.24322
12.2795
10.2084
12.4237
10.8033
11.2748
14.7755
11.3959
13.6824
12.7309
9.76438
6.58893
13.4824
12.3433
11.0028
11.9605
8.20602
12.6047
8.53681
6.16811
12.1331
10.7309
9.3997
10.0365
9.04519
12.7775
9.0188
13.1959
11.7983
12.1625
10.7148
12.7185
9.74499
12.9612
6.48448
11.3728
13.1691
6.28772
11.7286
10.0011
12.1842
5.90174
7.55597
11.2246
10.0857
11.1077
10.9036
11.1817
13.4482
12.5322
8.65761
11.3003
11.874
6.75077
9.67303
10.4233
6.65812
14.1697
14.8763
14.2835
10.043
10.5667
9.95362
9.63464
10.4868
11.7197
9.73516
13.8305
12.7634
14.4547
8.43216
13.7188
14.01
10.7116
11.2878
4.65466
14.6327
14.119
11.1515
13.9963
12.6933
9.14618
9.04324
5.65596
13.4428
12.8448
9.2418
11.5869
6.22523
12.638
12.5255
14.4203
9.54228
13.8744
14.6535
12.8138
7.12977
10.3585
10.5972
14.8992
12.6069
9.96998
13.3974
9.60591
9.51113
11.2792
11.0112
8.08176
7.79161
13.6869
11.3837
10.8388
13.6906
14.0611
7.02333
12.7647
8.67007
11.2607
14.1285
10.4087
5.99572
13.9979
9.29568
12.0096
11.4118
8.59589
13.5003
11.6422
9.77588
7.05831
11.4679
11.4435
14.1714
10.4134
10.1392
4.43935
14.2149
10.2206
4.8045
10.7104
11.9381
9.38642
7.431
11.8634
11.4002
6.91896
3.94166
14.7147
12.9359
5.54123
12.7516
8.23176
5.46547
14.4976
5.39758
5.97074
12.854
8.82537
10.6564
12.4598
9.38115
10.3169
13.9596
8.77984
7.30243
9.28194
11.3147
13.6304
12.0874
11.3171
11.2976
5.88627
7.98465
13.4157
11.8745
8.13717
11.9506
12.1444
11.0368
10.8
10.6955
8.83169
10.7322
10.6338
13.9012
10.181
13.273
5.72097
9.60893
13.6166
6.21176
10.0129
6.24396
11.7032
9.85547
6.64752
9.78705
11.2787
11.5831
11.9575
11.7633
12.1982
11.6299
9.58738
9.90128
13.7137
10.9233
8.13471
10.086
14.8805
9.95427
10.5674
12.1255
11.5545
9.18272
3.67258
8.6464
14.7098
12.2525
9.07636
13.7695
5.88038
9.95114
12.2859
6.28626
12.7031
11.143
6.47488
8.92166
11.4904
14.7426
13.2314
11.1472
13.9646
12.4535
5.64909
11.4463
14.2093
6.22437
12.6959
9.11722
5.21735
9.32693
12.146
14.4987
10.794
10.573
9.23636
10.7217
12.4577
13.7646
5.73349
13.536
13.9891
14.5355
13.76
13.0109
9.66418
5.16501
5.26975
13.4284
14.0907
8.85656
14.0578
11.8195
10.8314
13.9507
11.5537
11.2262
5.24444
6.25872
5.8531
10.9595
12.6188
9.60532
10.5496
10.1357
10.9444
9.49794
12.9979
14.9889
10.1873
9.64957
12.628
6.56242
5.9984
5.50412
8.45084
14.139
12.1264
5.05282
11.1782
10.0679
13.7145
6.64808
14.2338
10.7883
14.2878
14.0227
12.0085
7.44805
11.1002
14.2068
12.1103
14.9699
13.3591
13.7664
5.70585
12.7694
11.2783
12.5045
11.8684
9.94045
8.82093
14.1368
12.1831
8.21791
11.8886
5.10718
10.6264
8.30074
9.821
12.2515
7.31203
14.752
6.70385
12.6707
5.99899
9.00289
14.323
7.47157
5.2787
14.1956
14.7243
10.4423
8.74725
14.1313
14.9245
8.2759
9.51248
9.95996
10.6233
7.3219
11.9946
8.62246
11.4473
14.3331
8.07699
10.5906
12.253
5.76351
5.38063
13.5107
10.5694
10.9955
7.11055
9.74863
14.5433
14.1431
12.944
13.5718
12.2765
8.62747
8.51995
12.8649
13.5997
8.08011
7.23826
14.85
13.1423
12.5329
10.1913
8.04053
11.4097
3.8381
13.3851
12.3742
14.7737
12.2931
11.3705
12.4447
13.457
13.8735
9.71449
4.91581
13.3842
10.0962
6.74717
14
9.99329
10.3673
10.1967
6.66102
14.0607
14.6997
5.46942
9.22287
5.65364
10.313
12.1388
5.46407
11.3203
12.8227
9.21388
10.1455
13.7844
9.40294
14.6799
8.673
10.2792
5.99929
9.58778
7.28332
13.9579
13.0452
10.1034
4.65146
12.3303
12.9121
5.55767
6.13639
6.37093
13.1735
10.4698
10.6036
9.32006
13.6258
7.22198
6.80167
7.2665
11.6386
11.0934
5.97724
11.9053
7.48187
13.658
8.97803
12.5201
6.53723
13.9313
13.7966
8.10456
5.10999
9.71159
8.67816
11.7156
5.61054
9.34859
11.9452
8.32149
13.1762
11.594
14.5065
13.9598
14.8013
10.2637
11.4953
5.54069
7.9244
9.93995
8.91305
13.4162
8.93037
8.30672
7.18322
14.8978
10.8808
11.5267
12.2571
10.1832
10.1405
10.4296
13.9904
8.94885
13.1121
10.5077
7.21532
13.9677
8.32693
7.61202
11.5165
14.1193
11.9357
14.0437
10.3177
6.69996
12.3408
9.35771
10.4235
6.55814
12.9292
6.41161
10.326
10.0744
8.92236
10.1147
12.7112
9.79625
6.49882
9.95997
11.4131
13.5375
13.3522
14.7103
13.1691
14.9977
11.3753
10.6548
13.6874
5.97189
11.0236
11.4102
10.8153
12.3341
10.8388
8.22898
7.29044
9.45431
5.73531
8.30608
14.2673
10.0347
11.1501
9.21029
9.7447
6.08396
14.1431
9.01614
6.77862
9.72793
13.3252
8.63547
5.43908
12.1956
10.0238
10.8756
12.3799
13.0272
10.0854
8.6324
10.3521
10.3055
10.7092
11.9336
7.72917
10.1421
13.2322
10.0741
10.7739
14.7378
14.9623
8.94697
6.34744
4.7225
11.5448
13.1839
9.80637
9.64714
12.3751
10.1788
14.5327
14.8624
10.7597
13.4483
6.74922
8.52161
14.4305
14.6287
11.3464
11.1345
10.6794
9.2983
10.3019
6.41506
14.5255
13.3654
12.2728
14.285
9.9816
11.3419
13.525
9.9771
5.4376
7.72067
10.164
9.42922
9.06484
5.85044
10.7957
14.605
7.29588
14.0136
13.403
7.86588
14.3332
12.9605
13.8129
12.0588
6.42232
11.1625
10.4694
7.34605
10.5186
14.6866
13.6509
9.86232
6.08489
5.94155
7.87702
14.2298
10.5706
11.9997
12.7442
12.1769
13.066
10.9837
14.9799
11.4462
10.8693
12.3028
12.8283
13.3727
13.9704
12.0822
11.3304
11.1215
7.94173
6.47554
11.2715
11.3396
5.77547
13.457
10.3375
11.7282
14.9259
11.7168
13.4261
8.10202
12.4529
14.1144
10.3397
5.88446
14.6491
10.6354
14.8616
10.1949
13.9307
13.5332
12.9008
9.83868
10.0198
7.12829
10.5281
6.36417
9.85143
12.9364
9.88879
12.2323
11.2425
6.85723
9.21278
8.55243
6.97892
10.8768
12.6783
13.5375
4.00044
13.6065
12.5248
12.1617
9.60423
8.97166
6.068
7.28212
12.8246
11.9244
10.8517
9.61454
11.5944
8.01799
5.34034
11.5599
12.9176
9.60359
10.4803
14.8849
11.8745
5.7987
5.97288
9.98723
6.15771
9.77614
14.6906
13.6036
6.14414
9.61606
4.38363
12.1655
11.3016
9.83228
13.7438
9.93746
12.5523
9.96629
8.15644
13.9672
10.1073
11.0371
6.4798
10.0567
12.8302
7.12331
14.22
12.5922
7.93308
10.569
10.1935
8.9261
13.1279
14.0798
8.18872
5.58781
9.41921
14.1125
8.924
6.15219
11.7433
8.99111
14.0072
12.3103
9.55652
13.2911
12.7489
9.69966
9.94189
9.49154
13.5272
9.69655
11.6765
13.644
8.33331
5.68372
9.82979
6.71134
8.02856
11.5132
13.9883
12.4716
9.40749
11.5062
14.631
12.4304
14.3285
7.00014
13.1959
9.04397
8.23447
9.71971
14.9326
12.3022
10.0887
12.7902
14.3115
5.88189
8.29761
10.7539
11.4428
14.7132
14.7449
6.78155
4.79662
8.86436
14.5442
6.35121
10.7879
12.5349
10.9242
5.75183
8.71694
9.51586
14.5126
9.99191
11.0101
11.9612
10.3771
13.8181
12.0137
5.35736
10.0088
14.1283
11.6507
9.67004
12.1306
12.534
4.92547
10.3289
13.538
11.0658
11.9779
5.42288
5.85859
9.78127
12.3401
9.02931
6.99692
12.2607
14.7688
14.5583
8.40424
11.5223
14.4298
11.8761
13.6501
11.2817
10.1012
11.0515
5.02893
12.4985
10.5404
13.3199
8.5523
10.3458
14.404
14.6797
6.11972
13.7962
14.0186
12.4409
9.20162
8.10224
13.2598
8.52533
13.1912
11.3626
13.7527
5.35116
9.40553
10.422
4.96213
10.8264
14.2257
12.647
13.7607
14.7286
13.8165
11.5681
14.1912
12.8775
11.1578
10.9284
12.4647
14.3471
9.59763
13.383
11.0203
11.2019
10.2397
11.4841
10.7977
11.2453
8.66498
14.7259
8.09027
8.44855
6.89439
12.1596
12.6203
8.99363
12.0572
14.2581
8.85263
13.2128
13.031
10.7933
11.1531
11.0872
10.1822
11.5344
14.3166
12.4799
14.1902
12.4351
14.5052
10.5321
14.8604
14.3361
8.55479
12.8496
6.30038
6.32361
9.57263
11.5087
10.1564
7.25007
11.3021
13.9899
14.9795
8.07127
10.5478
8.20344
6.27148
10.2182
6.81171
8.79908
12.8814
6.1302
13.0104
10.4608
9.46933
12.379
9.3301
6.82612
8.67256
8.54545
14.2921
11.6145
12.3475
10.9347
13.934
9.38497
10.4457
14.56
6.85527
13.5064
13.347
14.2212
14.761
10.019
7.53976
9.37442
5.91854
7.83701
8.67914
13.4394
14.0436
10.7797
9.13926
5.78509
5.96376
10.9345
5.40343
11.2783
12.5778
14.5176
12.3581
14.3711
11.1876
13.4276
13.0671
6.255
12.7939
12.1785
9.60859
7.82774
14.7924
14.7191
11.4717
9.35862
10.0708
8.0259
9.42326
6.55756
11.7478
10.8999
14.1761
10.8525
14.4988
12.3689
14.228
8.84511
11.2541
10.8898
6.27472
13.7165
8.76563
10.7918
14.6153
8.66846
13.361
12.8034
12.198
14.5128
9.90582
4.91142
14.0714
10.3224
14.8143
11.6103
11.9892
12.2
14.905
12.5156
10.4266
11.7655
11.4888
14.8372
13.8985
9.4565
14.5166
13.0928
14.1462
10.7798
10.8036
14.0592
9.43213
9.79767
9.73616
12.038
8.85074
5.27325
8.90948
9.99443
6.74106
7.04326
10.2927
11.6594
6.23387
8.82993
13.8368
13.3672
13.0698
12.9173
12.0297
12.3883
11.6783
10.523
14.0288
8.42282
14.1054
10.924
10.5695
13.6474
10.2852
11.2313
13.2682
11.8045
10.6352
14.281
7.911
10.3908
7.89282
11.7324
9.42444
14.4955
14.0402
9.92019
13.0311
13.4177
13.9991
10.5128
10.1459
14.2282
10.5087
12.5786
8.35659
6.27015
10.6426
8.818
14.0927
9.96636
10.0986
13.9463
6.24252
5.93754
11.5448
11.7406
8.09183
12.6846
5.31965
6.57941
11.7806
13.4432
13.8138
6.17517
8.16884
6.01639
5.8233
11.6623
8.855
11.7175
13.7111
11.3235
9.06055
10.0787
10.4152
9.66149
7.93458
8.93788
12.056
13.7148
14.0855
14.4988
9.67346
12.8702
10.2935
7.18204
14.5919
12.074
10.04
9.57158
7.2915
13.7384
14.5355
12.3752
9.11028
10.7112
11.993
10.2174
11.8656
5.90701
11.3373
9.81135
6.35223
14.7185
14.957
14.7561
7.80394
9.02006
11.1852
14.603
7.80546
9.29019
11.8522
13.882
13.0067
12.5446
10.1446
12.24
10.246
14.9387
13.6833
13.0809
11.2195
6.34122
13.6167
6.05366
10.0055
6.62851
11.2897
14.9174
11.8516
12.799
7.13226
10.7032
13.4932
13.9671
9.3054
10.4271
14.5113
14.087
9.13671
13.8006
12.5161
11.0332
8.24162
10.9404
10.8901
8.01034
10.2773
5.07644
14.4969
6.84366
5.66631
14.8045
12.3571
5.4697
6.21904
10.6255
8.61231
11.8654
8.3529
14.9852
12.5889
10.7893
11.2754
8.797
6.1664
11.658
13.1518
12.8837
14.276
10.9726
12.0021
12.214
6.5898
9.11986
12.1072
11.8433
13.2013
9.25315
11.9942
9.38881
11.7086
14.3244
8.72393
7.93375
11.2869
8.54968
12.874
14.0719
14.4338
10.9946
8.80073
11.0388
12.3586
8.14234
10.5154
9.80593
14.5795
10.5881
14.3467
10.9469
10.5577
9.08677
10.964
14.2773
5.88459
10.1745
12.0292
7.76203
14.4899
12.6096
14.9153
14.6884
11.9885
6.57145
14.9993
14.6774
14.4231
11.1636
12.7176
14.0547
5.11995
11.1118
11.2008
14.0381
10.2341
9.48133
11.0317
10.4228
11.3123
9.90099
14.6494
12.7719
12.0598
8.88018
12.7816
14.3185
14.8657
14.6058
13.4345
14.0156
11.7302
10.1289
6.6872
9.298
9.74532
10.74
5.88515
12.0476
9.59977
14.3386
10.0021
5.09737
12.937
14.7124
10.1013
10.1726
10.118
10.0663
10.294
13.3534
14.2532
9.35613
6.429
12.8816
6.6808
11.626
10.3404
12.9186
10.1652
8.03489
14.2936
10.2384
10.3463
6.16794
9.25731
14.151
10.4059
10.3149
6.41868
10.3932
14.5618
10.6408
5.43236
9.80116
6.12313
14.8225
13.2755
9.1131
14.2404
13.4406
11.4734
12.9405
11.0104
13.1512
12.5252
8.45941
9.535
13.3895
4.6409
13.5422
12.116
9.53695
11.581
8.8199
5.54449
10.0581
12.3582
8.8237
12.2018
12.8614
14.6809
13.8695
5.88573
5.19257
12.7522
12.1574
8.27445
12.012
9.87719
9.75845
7.85041
9.72447
9.00378
10.152
6.60106
14.6361
8.46323
13.2037
10.9179
13.6505
13.569
12.9111
10.246
14.202
9.68833
10.3834
11.3377
14.3788
10.8442
11.4218
10.9912
9.12644
5.54725
5.25922
12.8042
8.87285
12.7184
11.1679
14.4751
9.78411
9.90903
6.43856
10.3287
7.35118
14.8176
14.6829
10.5784
10.4243
5.3325
10.4528
11.0037
12.7727
11.0735
12.1565
10.508
8.96854
9.63361
6.49459
8.93859
9.84194
13.0077
10.1669
12.013
11.4162
14.4889
12.8438
11.6618
13.3729
11.1102
10.38
13.994
11.3925
14.0682
9.30602
5.07805
13.2823
10.3364
8.90969
11.5658
10.6053
7.03602
10.4993
7.21191
9.83271
10.7414
8.24555
10.6713
12.5511
14.2776
11.7475
12.0533
5.9237
12.9564
9.18867
10.9206
8.32574
11.3659
11.5471
14.7764
14.5648
14.3776
10.9951
5.66799
11.0642
12.5795
8.94336
5.75421
11.4152
7.56171
11.2359
14.9234
10.5154
8.88116
4.44079
11.313
13.4744
12.6763
13.6678
5.48251
13.8389
11.2059
7.9336
12.4873
12.7986
13.3054
5.82552
14.7984
9.55344
7.1057
14.4777
12.3055
9.67795
10.9586
12.7161
11.751
9.45348
12.0568
14.4122
14.6032
7.51308
9.16722
13.8435
14.7172
6.23707
7.38548
11.0368
13.0916
10.9645
14.6347
9.29972
14.516
12.9865
4.84341
12.4061
10.0808
12.7009
8.08553
10.0491
13.6127
9.65882
6.15719
13.4572
13.0661
6.25196
14.2528
13.7603
14.7103
10.0977
10.508
14.8245
14.8409
12.2313
11.9436
11.9163
10.1728
13.8049
10.7609
10.2442
11.1624
8.32619
12.7189
10.0948
12.0173
12.5073
10.894
14.7384
9.26365
13.5384
13.8518
10.5209
13.0177
12.4061
14.8591
14.1246
14.4642
6.44707
12.8433
10.4514
13.3355
5.59016
10.8902
12.1676
9.7066
10.2883
6.04649
4.71326
12.5093
9.34657
12.3203
9.81419
11.6746
13.6031
8.58399
11.9572
14.2616
14.4846
13.2743
10.9171
10.8678
12.3426
11.0861
10.0777
13.8732
9.12833
13.7841
13.9026
12.7119
12.6064
4.90723
7.70327
13.2406
12.9744
9.14026
12.5161
11.1783
11.2088
9.84193
14.2511
12.2765
12.0963
12.5924
8.88175
8.59645
11.8089
13.9393
10.5305
14.8417
14.1325
10.0972
8.78351
13.9468
14.7643
13.3984
9.71192
10.0983
6.34058
12.0315
14.5199
14.4271
6.9327
10.018
8.53052
12.3347
12.3741
12.5388
12.6175
8.00645
9.76913
11.164
11.0671
7.66873
10.4307
14.4424
11.3092
13.8902
10.3577
9.49559
12.842
13.1511
9.15216
10.4596
14.9879
11.4415
9.12418
14.5518
8.86239
11.516
6.19898
8.08871
5.87569
14.3137
13.6178
6.10212
12.1304
12.8762
12.4216
13.239
8.09176
13.107
10.0749
13.592
14.4221
8.9591
10.5802
10.4027
12.0034
5.53423
13.359
9.59518
13.7093
9.41878
9.2562
9.20543
12.6029
11.1827
9.93726
10.3524
8.34307
11.3018
12.7617
10.8532
11.0051
12.8413
11.7314
12.2209
14.9888
13.6406
14.6169
14.5484
13.4791
14.0703
10.8811
7.19324
8.71728
10.5646
5.27508
9.18378
13.5591
14.3738
10.7761
8.69515
10.5114
12.3435
12.9335
9.30381
12.2104
11.8059
12.7332
9.35499
11.5917
14.4048
8.6462
4.61751
10.1136
14.8728
11.1432
11.259
6.3515
12.666
12.4585
10.0065
11.1996
11.204
13.6049
13.0055
10.9109
9.42896
13.8136
11.3955
11.4258
14.7461
8.46201
14.5721
14.0121
6.48749
11.5497
13.7067
12.9651
10.8471
14.291
14.5535
14.2862
10.9788
5.3128
5.31817
10.1235
10.9965
9.36017
10.9303
9.71715
13.9865
13.9802
11.1644
10.9296
11.5415
12.6537
6.00128
4.54905
7.56228
12.1047
10.7889
6.02363
9.97345
12.5072
6.14125
8.83592
12.3274
13.3297
14.1894
14.1428
10.4998
11.4066
8.55958
8.79605
5.58698
10.1619
10.6297
12.2869
9.64607
6.79521
10.7836
13.922
9.75481
13.203
9.63243
5.41536
14.9222
14.4053
14.2478
11.5529
12.426
11.9366
13.589
8.52087
10.7612
6.42044
12.338
9.98091
4.76502
11.8721
13.8695
8.80116
5.93927
11.8643
6.20755
13.2765
10.1115
10.8845
13.8836
13.833
6.56984
9.71287
10.1425
10.1569
13.883
13.855
6.08177
8.88566
12.8007
4.58491
6.16909
9.20192
10.5643
8.3079
13.9634
5.90927
11.6907
11.123
10.7142
8.59374
14.0224
9.66726
11.9048
13.009
14.9635
13.5541
10.1175
5.06946
14.4342
10.5021
9.80906
14.6568
8.81163
11.055
10.5176
6.91639
10.3776
14.9333
7.84709
12.3496
14.4255
10.742
11.3532
8.6021
6.41995
13.0355
10.0653
10.9778
9.63153
9.99518
10.0093
7.57706
5.94243
7.45896
14.0103
9.86602
8.33467
14.8957
8.69361
4.42819
9.08827
10.892
4.50707
8.73641
12.749
12.7669
13.3706
11.0631
9.9813
9.57119
14.3327
11.7413
7.39384
14.0159
10.4965
12.5409
9.57665
12.8993
10.827
5.96643
13.1213
9.77025
11.4429
7.79365
9.18491
5.97327
5.74137
5.62474
10.7145
11.2755
13.8115
11.7055
11.3099
8.32386
12.926
6.62777
13.6876
10.8879
14.8869
5.99542
9.85553
8.81316
10.8975
11.901
12.9964
11.1218
13.0202
10.0773
6.72277
10.9186
11.4334
14.2439
12.4186
14.434
5.46159
9.86584
12.3242
6.56628
13.7232
8.41893
10.5618
10.0765
5.87938
10.4557
14.1205
10.8003
8.49417
8.14253
9.17668
13.2124
12.5387
12.9873
13.8158
12.3847
12.0657
10.7608
13.3468
10.6947
13.4116
10.4873
13.7394
14.252
9.01687
7.17756
9.94101
13.0006
12.8461
9.14805
5.01204
5.58395
8.70984
7.81629
13.2009
6.2453
6.39927
9.60912
9.61028
12.0276
10.9569
14.241
12.5
14.7759
10.0309
12.8229
9.83538
10.4933
14.4036
8.15293
12.4412
5.65576
8.7844
5.37075
13.5621
9.69094
7.94253
12.4855
13.7255
12.1769
14.5778
11.4771
5.89129
14.1902
11.8874
11.5619
12.4352
9.65137
11.4976
13.2792
14.3387
11.2975
9.31323
12.3397
8.61808
11.0836
9.19085
13.9117
11.3578
6.40396
6.65685
14.5754
7.37731
9.42562
10.1697
12.0469
14.1294
13.2352
13.613
10.0826
13.4294
5.81306
14.0537
5.60666
7.16169
13.625
6.2683
12.1276
5.7705
12.3985
10.1024
11.5664
13.3753
14.3199
14.8065
14.2128
11.6663
11.8217
12.1464
11.0698
14.1857
14.1639
10.5554
12.3851
8.76025
8.92475
13.8982
6.27839
8.79674
13.7225
14.5506
12.2825
7.7155
10.7316
9.54877
8.28729
10.9799
8.85815
10.2075
13.8713
11.5424
10.5471
11.1252
9.43821
12.7437
10.3296
12.4125
10.4948
10.8072
6.30848
10.0391
10.3628
6.18756
12.9173
10.9329
6.1467
9.49813
11.1791
12.475
13.1836
13.3012
11.7339
9.16972
9.04105
12.8099
13.3856
10.5978
9.66681
12.7922
6.38373
10.3293
10.756
7.41567
13.9254
8.03888
10.0847
6.2704
13.1625
14.8214
12.4563
13.4325
10.2113
9.89018
13.9509
10.8548
12.5526
5.34074
14.9056
12.6431
12.258
13.9097
11.7502
7.74192
12.7218
7.548
14.9709
14.5795
13.976
9.66712
9.82539
14.5829
10.9752
4.63435
13.9667
13.1419
12.6832
9.86012
12.156
6.2001
9.99044
9.00953
13.0885
10.2475
5.63943
10.2579
14.5981
14.429
14.2029
9.14967
13.3979
13.7319
9.23912
11.4304
6.70119
12.0866
11.6049
6.64966
5.90984
10.4332
11.648
13.4666
10.5513
4.87112
6.44926
5.98598
13.6581
12.8198
9.91222
14.897
13.313
11.2116
8.5071
11.0904
14.8681
13.9757
14.1951
12.7936
9.56597
10.1089
12.2048
14.9828
7.80309
12.1546
12.8687
10.3837
12.2759
5.03381
6.34734
9.18191
13.1455
9.00913
13.8305
11.1857
14.5765
13.705
10.4597
12.4511
9.77355
14.8278
14.9327
14.7456
10.309
14.2388
12.3949
9.67009
9.97073
8.85643
10.194
14.5146
12.3739
13.0313
11.5946
5.66079
10.5548
12.9278
9.95191
13.4341
13.4595
9.06653
6.25756
5.91773
10.3727
11.9767
12.4357
7.24053
12.248
11.8189
10.2216
10.6641
5.87126
12.8559
9.88043
10.0597
8.54712
13.3547
12.8021
13.5406
9.14773
10.192
6.50442
11.9545
8.48063
14.7319
6.57352
13.817
8.86102
13.9656
11.1985
11.6552
9.72956
10.4258
12.9955
9.66376
10.8857
10.7495
11.3502
11.4302
13.8685
13.6073
13.9164
12.6413
14.3264
14.3793
8.89991
7.84588
8.29467
9.72482
7.19282
11.838
14.9655
14.7313
12.3739
10.9764
14.8646
9.15352
13.7998
13.7806
14.1314
13.8408
9.84681
14.627
8.41904
8.41153
12.2025
9.39337
7.91092
10.4949
12.2482
13.1327
6.72088
8.0796
12.701
9.36573
14.6535
11.6345
10.9042
5.59544
9.89817
14.5272
8.8991
12.3728
8.86899
10.2627
12.1403
9.19856
6.78241
13.7299
8.44099
11.7557
10.2142
5.58601
6.1026
14.3112
14.8047
14.2214
11.4271
14.6544
14.9433
14.2314
8.7918
13.4766
6.97059
14.7726
9.06684
8.24335
8.1973
13.2718
10.5375
14.6639
14.537
13.4436
12.6574
12.0467
14.2819
7.49761
6.10138
11.0841
9.6933
8.11248
7.98122
7.38782
11.0631
13.6392
9.76937
13.3381
11.9062
14.2601
8.41941
13.8465
12.2858
12.8638
9.46525
11.4295
5.12789
13.1405
13.0001
10.4191
9.98026
12.0729
14.6277
12.2825
10.2476
12.1483
9.91835
5.54801
5.25976
12.9703
13.0009
9.92939
10.2397
12.3692
9.9543
9.62975
6.81741
6.67863
8.07315
11.5411
14.5792
3.98387
5.35324
11.5046
10.6135
11.0826
13.0927
9.92704
10.578
14.5455
10.976
11.6064
5.08492
12.1995
6.38438
14.4529
13.7859
13.1428
10.872
14.8433
14.1338
6.93217
14.935
12.1326
11.0049
5.67929
12.6366
10.6588
14.5904
14.1996
6.46978
8.83178
12.8903
9.18247
9.43313
13.2038
10.2306
14.4532
9.21055
9.07866
13.4687
14.0996
10.4682
9.67153
13.0707
8.10375
5.17984
13.9313
11.8983
8.9398
10.9262
7.86543
13.6173
5.73911
8.02184
11.6388
9.10449
10.2716
12.3619
13.4566
9.12853
10.8899
10.7138
10.1987
4.83862
14.0984
14.7345
10.7418
13.7988
8.73099
8.93743
8.26302
11.442
8.59532
14.9016
11.7492
14.8349
8.30784
12.6006
14.0315
9.26344
12.9189
11.1188
9.44501
9.4541
14.9664
7.69251
10.2435
14.0665
14.8332
12.3448
11.7533
13.1896
10.7872
11.7842
12.6798
10.3884
12.0554
8.67507
10.1737
14.4496
9.80346
5.56338
10.4811
8.1468
11.2996
12.0971
14.2765
7.36671
14.3289
13.1271
14.4965
11.7134
13.0811
14.2233
13.8927
12.4644
13.5955
6.75318
9.56669
13.8787
10.7753
13.8636
10.1273
9.80045
14.241
10.3117
10.0076
5.91517
5.87153
9.57643
14.9768
10.1371
10.2047
6.64378
10.6839
8.17263
6.16015
12.6671
6.00143
7.09922
9.55245
13.0285
5.91571
4.825
14.6255
13.6637
14.3263
9.99308
11.8986
14.1385
6.22328
9.2241
11.2299
13.2129
10.5786
12.7543
13.4546
13.9402
12.7217
14.993
7.89184
6.22948
10.9427
11.6174
10.1608
14.5297
14.6185
11.449
8.40804
5.86364
5.41529
14.3765
10.8518
12.3566
11.2423
10.1061
9.60474
10.0202
7.61236
10.1596
12.4666
9.06306
12.3536
6.38427
9.17354
11.8965
14.0828
12.2555
10.3816
9.48122
14.2422
13.9539
6.92295
9.80132
14.5048
12.4863
11.7705
10.0217
10.0887
11.3441
13.5315
12.3425
14.4337
9.9003
9.67217
13.0953
13.2809
5.34532
8.62444
9.97423
10.8103
4.70796
13.5628
12.9092
13.4351
9.51529
10.0052
14.3337
13.7758
10.2356
10.4092
10.0167
5.53802
10.7268
5.63731
5.51079
11.8747
14.5177
12.2145
10.144
9.76626
9.16877
14.9226
10.7114
11.7923
13.7983
12.8175
7.65551
9.39105
14.4489
13.8482
8.89629
12.7879
6.3298
12.3697
13.4853
9.35064
9.12328
14.6714
14.5669
6.25832
11.442
12.3642
14.9282
14.7555
8.88149
11.4736
9.62459
5.50692
6.428
14.7041
13.8921
8.5624
8.06002
11.8874
9.312
13.5005
13.5409
14.6545
5.74563
9.83999
10.2976
9.79344
10.0074
11.9547
8.64425
9.24291
11.3733
9.20271
12.7297
9.03031
11.112
11.0507
6.90878
14.0581
12.6284
6.91811
12.1535
11.7909
11.0607
5.5723
9.23083
9.95597
9.9594
10.6098
8.62471
12.9068
9.63491
12.3825
5.1574
10.3143
10.2909
8.351
11.241
11.1386
7.12791
12.3507
9.33298
9.0214
9.73152
14.3252
9.88934
10.1995
11.866
7.46545
13.1499
10.16
5.91543
10.0796
7.81777
8.03026
5.94189
10.0817
13.0013
11.5824
7.19025
12.9348
7.24261
14.6223
8.61863
13.295
10.9601
5.23266
9.52383
8.59488
12.4548
5.64569
10.5875
11.4919
12.0673
10.0088
9.60157
13.3135
10.4032
12.6638
8.97355
11.3268
8.66966
9.71066
12.254
13.3244
14.6276
10.7143
10.9268
13.5782
14.5527
6.69029
11.2189
11.5318
11.0282
13.9487
13.7963
5.51357
12.046
10.6228
13.0419
9.24157
5.37174
10.6505
9.44599
11.7038
10.3721
8.62749
8.11471
14.0567
10.3621
11.5629
13.369
14.3492
13.2855
4.71338
13.4678
8.43966
6.3273
8.43497
14.6105
8.53085
11.6659
12.8736
11.9614
11.8227
12.1105
12.2542
14.8898
5.34555
5.51348
11.7433
7.44934
13.5472
10.2802
4.41887
13.7617
7.77189
14.2381
12.2965
13.4857
14.0935
10.1154
7.91043
9.07292
13.2306
13.3455
9.57879
6.37418
10.1302
13.6533
4.74583
13.0787
13.6216
14.8935
10.7619
13.5882
12.8821
10.9386
4.96246
6.02182
10.0643
9.50437
9.7632
13.7872
11.9569
12.9856
13.2558
11.6757
10.4856
11.48
10.7456
10.9137
14.3247
14.9427
10.7117
10.7154
13.9504
13.132
11.7568
9.06235
14.8166
14.8106
6.83416
10.4871
9.90464
8.85369
9.97134
6.06733
5.77333
10.7778
9.64658
13.7539
11.9957
8.71116
8.50312
14.4768
4.76312
11.0103
10.1012
12.146
13.5494
12.0708
6.7734
10.9437
9.91965
14.2896
8.58869
11.9711
5.69745
10.4314
4.86851
8.73409
9.14135
13.2611
6.30227
10.4714
13.2722
14.4306
10.646
6.58654
13.111
12.0934
8.9418
8.52096
14.1733
11.366
9.98501
8.86499
8.81178
13.5964
14.177
10.2202
9.39593
14.5556
9.2461
13.2642
5.55118
14.1138
9.50888
4.99733
11.8697
9.31704
10.852
9.93568
10.0324
14.4105
13.1974
6.87
6.92337
14.4702
10.2558
13.4008
10.5014
12.1631
14.6751
12.5903
9.48058
10.5703
10.8487
11.572
11.1449
11.3345
11.1928
13.3659
11.2843
13.3532
6.27291
9.80373
11.377
10.1487
9.0295
14.2386
7.12882
14.4968
13.7897
14.5284
12.9894
13.3191
12.3549
9.48152
13.0213
10.7488
13.164
12.6811
9.0711
10.6521
7.93707
12.2748
14.339
9.48721
9.27836
4.51431
14.3002
9.76557
8.58538
14.5282
8.91043
13.6714
11.9498
13.9722
12.8598
13.5783
13.2196
10.4011
5.81745
9.37152
5.25096
6.9824
8.10403
10.2458
11.4403
10.9788
9.55508
7.89312
12.14
12.5172
10.516
8.29675
11.9142
4.62861
6.59582
8.95377
10.8342
10.9865
14.6597
13.7779
5.98299
14.1164
10.9397
9.88487
12.6125
8.77103
11.6339
12.5331
11.2839
14.8649
10.1331
13.7655
10.8358
12.1694
11.856
12.018
10.1016
5.62459
13.7535
6.64682
14.4893
10.677
13.7665
9.74032
6.95306
12.9289
8.90006
14.2138
11.3834
12.9673
13.847
11.5012
10.4728
7.69864
14.5782
13.4618
14.7141
14.9264
8.66561
11.9128
12.374
5.57984
14.8295
9.59912
13.2679
11.8118
6.93929
9.1401
8.74704
10.1103
11.8491
11.1506
11.704
8.69468
10.6974
11.7648
10.3028
11.6875
10.2854
11.9677
6.60627
10.1588
11.715
12.3433
12.0144
14.1216
12.5138
11.133
13.895
8.06033
6.41299
12.7597
6.68986
12.8505
13.18
8.00859
11.1555
13.7556
10.988
7.33578
8.39238
10.2839
13.0274
9.73325
4.78139
11.6692
8.41189
6.26045
8.33671
14.1533
6.35673
10.2856
10.0637
14.2311
8.15476
13.5954
9.75876
13.9995
6.05044
8.46469
13.3715
13.5142
10.6153
5.91131
14.6516
13.7618
12.3646
6.80693
9.96629
10.9337
14.3164
10.2027
10.1526
10.7666
12.1535
9.4231
7.87394
5.83347
11.6305
10.304
10.4961
14.3058
4.60132
11.9578
10.3064
6.14966
10.7953
13.4328
11.485
8.42512
13.8938
10.2022
8.26751
13.5298
11.3069
10.0426
14.9812
7.41855
13.8568
10.0373
9.5072
10.3073
5.47848
10.6418
9.56088
9.02737
9.85513
9.69083
11.9774
10.1043
8.97243
4.92545
7.21132
9.74425
9.72216
9.91945
10.2132
7.07148
6.1461
12.3373
8.74277
13.3052
5.07932
11.0073
9.40628
13.2792
13.3997
13.9939
9.31662
6.50398
9.34077
9.68379
10.2245
9.1159
11.5547
13.8011
8.55264
10.2178
11.6278
9.92924
12.495
13.6903
13.0106
14.6273
11.7278
7.55293
5.33431
8.304
13.54
10.9314
12.3057
12.0968
12.198
12.1591
9.29521
10.6868
13.1138
14.0388
14.6832
9.50328
11.8194
7.82588
9.79357
14.4056
10.3923
9.70813
12.3384
9.7444
9.03611
10.5138
12.6375
11.9355
12.4517
13.5351
13.5736
14.7265
5.55736
5.92632
13.3854
14.6448
13.2047
11.2189
13.4704
12.6203
4.31018
13.0392
7.51776
10.6442
10.1194
8.16599
10.0994
11.5181
14.8319
11.1403
8.6895
12.9045
13.9479
14.7341
4.54488
14.7018
9.96133
10.1898
9.24796
8.75341
14.4682
12.2384
11.3381
14.4894
11.9048
14.9998
14.2909
10.9045
14.4341
10.4495
6.93437
13.6569
11.5128
14.9382
6.65529
11.6361
10.289
5.66367
14.6529
12.2683
10.2292
13.3532
10.1808
9.04508
7.89618
14.0463
10.7235
8.33323
10.5276
14.229
9.95119
12.7006
14.8222
7.53468
9.55777
10.0975
10.5921
14.2449
9.67721
8.76479
12.944
7.50578
14.5855
10.7434
9.56423
8.5722
13.2066
8.69148
10.0459
9.75742
9.66388
14.8899
10.1512
6.10733
6.90057
14.1785
11.9219
14.7966
10.4745
13.5896
12.1562
13.4482
10.8804
10.8191
8.08159
6.77406
5.83633
12.4303
10.924
11.904
13.1087
12.5479
8.92578
10.2872
11.7927
13.4781
10.3663
9.59645
13.5799
11.1938
11.9302
9.71242
13.1249
14.238
9.7524
9.3932
11.7748
9.6355
11.9072
12.1264
12.5411
14.7256
11.4015
8.34739
12.0593
14.6748
13.6091
8.88499
13.6337
8.7397
11.9543
9.83753
9.7848
8.53654
9.56447
12.4117
14.3201
7.39911
9.29875
9.87357
5.02666
13.426
12.2754
12.1581
13.2333
14.1447
11.5265
14.5396
11.671
13.2053
12.5697
14.2314
8.28576
12.1176
8.50415
9.88962
14.2297
5.83519
6.33932
13.5064
12.3542
6.04243
14.9666
14.196
14.1818
14.2914
10.5554
12.308
10.4215
13.9659
9.63927
5.94014
14.0761
5.50776
9.23029
6.40592
10.1131
5.56932
11.1224
11.9663
7.55513
14.7348
8.62584
12.7136
11.9129
14.8572
12.5162
6.69943
8.83752
7.6655
10.4733
12.6384
8.50767
10.5137
8.63478
14.406
8.54722
14.2933
8.65747
10.0287
10.0715
6.62804
11.0115
6.55398
8.00262
12.4687
6.28672
12.7703
6.92013
11.2073
11.2279
9.40725
12.2391
12.0709
11.2612
9.98537
11.5015
7.15484
10.7655
14.8968
13.6952
14.3261
11.6968
10.788
11.8701
10.327
12.669
8.39289
10.2145
14.0599
8.63671
14.3261
10.1189
10.7245
14.169
12.3028
14.0626
8.15948
13.111
12.0526
9.8167
7.94161
9.24787
5.05042
8.03736
13.7069
14.4224
13.8838
11.4479
6.23404
8.53326
9.94383
7.24449
12.3141
13.8607
8.05154
7.68318
11.4781
8.49268
10.9899
11.7253
5.66217
10.6164
9.03007
11.7921
10.0602
12.4454
10.5473
6.82311
13.3653
12.4058
11.1087
14.3019
14.5585
8.41397
10.2872
8.73613
12.1378
12.1781
11.4035
13.6618
7.56494
9.0816
12.6113
8.21255
8.48956
6.21632
8.39783
14.3422
6.15546
13.3592
14.1672
10.8771
8.28293
12.197
7.60179
8.66946
11.1961
12.8871
5.73824
5.71734
13.2691
12.7223
10.7223
10.1468
8.87171
12.7515
8.06292
12.5594
6.02427
8.82321
12.2306
14.9734
11.7414
6.65701
13.6626
14.0038
12.0874
14.7668
12.9546
6.08481
7.0444
11.1192
14.4046
10.5599
10.6389
11.8799
10.9676
14.1551
14.0574
12.1421
5.98545
11.38
11.163
8.44479
12.8991
10.3047
5.87015
13.6386
11.1202
8.19094
12.8053
11.9361
10.357
14.2966
7.5425
12.5905
9.80631
5.12521
6.74568
13.2225
14.2042
8.39906
10.707
13.429
13.6635
10.9668
10.4801
8.47743
11.2251
10.4965
6.64212
11.8815
14.3469
10.2912
8.98213
10.3004
11.8766
5.83241
8.41302
8.64561
13.3011
13.7501
6.10655
9.99743
13.6051
14.5455
12.0052
7.33064
10.957
13.5832
13.1942
14.7332
12.1614
12.6138
13.5153
13.7019
11.7545
10.3268
6.24209
6.12428
11.0221
11.4481
10.4733
11.2205
14.5376
14.9977
11.459
12.0549
8.24883
12.8512
13.0129
7.98295
8.35342
10.8242
14.3808
12.737
14.0922
5.58213
8.47568
9.90923
7.96146
12.799
13.3031
6.27958
8.65992
14.2812
14.2406
12.2583
6.18306
6.10061
14.2121
8.94632
10.346
12.8342
14.3307
8.92616
12.3293
10.9192
11.9529
10.3218
11.5304
10.9255
12.5842
6.50559
11.1307
10.8975
9.35193
6.8219
7.46992
7.77684
5.37081
12.0746
7.31517
4.4906
4.42714
13.2674
8.62002
13.109
11.0215
13.9523
13.0002
13.9272
14.0985
10.6353
5.55923
8.89374
5.8919
10.2024
11.3718
11.6795
5.22564
10.2798
7.77635
14.2235
9.75465
11.8779
11.7005
11.9758
10.5862
9.75387
14.4073
14.5785
11.6266
14.7435
12.5339
14.7338
14.4522
8.53662
12.4854
10.6287
8.76391
14.815
7.03941
9.47912
9.26846
11.0564
7.51475
9.97556
8.94221
5.52763
14.0107
5.76983
14.9477
6.54869
14.9923
13.3593
14.5521
14.084
14.0799
10.2115
12.7194
10.0816
11.9017
12.7605
10.1643
5.31627
8.57452
6.11123
12.3171
11.6163
11.2878
14.1821
11.3959
12.7563
11.9181
13.494
9.75894
8.63245
8.1957
12.3608
5.75003
9.24588
8.99731
12.1057
8.08918
5.63114
10.298
11.3947
7.67578
10.1598
5.26961
6.86305
13.7322
13.8083
10.5078
12.9587
7.87165
10.2281
9.60352
9.12125
6.73135
13.2374
7.62184
12.4873
10.4723
14.7823
10.5883
10.2072
12.7189
12.3921
12.2881
8.3317
