12.4009
11.469
8.42292
12.7519
9.81293
11.9887
12.4586
9.13637
9.39059
13.6122
12.942
11.2472
6.87092
12.2827
10.4506
5.96617
12.4307
8.50122
11.1581
14.8495
9.03741
10.4206
13.1795
12.8599
14.836
6.11986
14.8598
11.192
9.7245
13.3927
12.9087
8.82181
12.2922
6.01811
13.5431
8.6071
12.5172
5.42041
4.73598
9.94861
9.68539
8.72546
9.19021
14.5345
8.91081
14.2133
5.37492
13.5992
4.86812
14.3353
7.88484
11.277
6.1883
9.95366
8.61678
14.2123
13.4056
13.6321
10.9117
5.8813
11.9358
12.5405
10.5271
7.70989
12.1277
4.65837
12.9109
12.9694
10.4023
11.5821
6.30674
9.14872
13.0787
12.3659
11.18
12.5337
5.95939
13.7127
14.9584
9.38427
6.30649
10.427
14.503
9.77908
11.8083
10.2644
8.40502
14.6585
8.05507
7.98413
5.24409
9.23849
11.799
12.9497
10.837
13.3389
13.5776
6.11061
5.4763
6.15775
7.84282
12.4654
13.6679
8.20334
7.24464
12.1368
11.7191
12.2671
8.40547
7.47642
7.71603
6.22978
12.5351
5.64862
14.5389
7.46795
7.37498
10.35
5.96077
14.3602
9.11341
14.4053
9.96662
5.37222
10.6213
5.82075
11.1078
6.45171
9.20533
11.2332
12.6794
8.74453
9.88324
6.30585
12.6618
10.1683
12.5976
9.66588
11.0954
9.30355
12.9363
11.7492
13.8876
8.62137
10.382
12.9537
8.11147
14.6116
13.8272
12.3867
10.3009
14.374
14.7845
14.6032
11.4509
12.128
13.6062
12.8108
10.2071
8.79248
14.4668
12.5743
6.56823
13.5449
10.8771
14.1252
8.77841
10.0468
8.63475
12.7278
13.2981
8.81199
13.3961
12.0569
6.00959
14.8059
14.1538
13.5896
10.9134
12.2003
14.9445
6.73035
14.6427
14.7889
13.1476
4.96999
7.45517
8.71287
13.1624
9.37153
14.3269
14.9891
8.77667
11.9887
7.46177
13.3723
14.4951
7.46684
12.3059
12.4296
11.2082
7.30905
14.4897
12.0091
9.36918
13.747
10.8718
14.9177
13.7184
7.05252
10.0792
8.67574
10.0278
11.5195
11.7039
8.09679
9.40984
14.5141
12.6696
8.41924
13.3011
5.38603
8.35306
13.0157
12.9798
5.72839
9.62168
6.51351
11.1846
13.4648
10.5026
11.8508
11.9046
7.9915
5.54066
9.93876
11.6481
11.6018
5.25732
9.85223
11.5531
8.62074
9.53187
14.2676
13.1906
12.7568
10.1298
10.5232
8.63343
13.8814
10.2676
11.6769
9.1125
11.8165
9.24712
12.36
14.169
13.8099
9.2138
8.77584
13.11
5.18566
5.58098
14.4296
6.09885
11.5237
13.7262
7.71645
9.88705
9.915
14.4329
13.7578
12.956
13.1895
10.3752
5.53671
13.1562
12.9374
12.6133
13.7971
7.80854
8.90746
5.68015
10.731
13.4945
13.3428
14.5097
14.9318
10.9198
10.872
9.02995
10.5407
12.4502
13.0171
6.20143
11.2037
10.2084
11.708
14.101
5.38491
8.12506
11.1725
13.024
12.7405
6.08588
8.7517
8.35248
7.38552
8.48639
10.5377
10.5378
10.9647
12.6109
9.34484
5.98204
10.8335
11.8682
4.96687
9.5066
14.9461
12.7612
6.77597
12.6852
9.0887
13.5026
14.6635
11.8841
8.67433
9.5658
10.9582
14.2399
6.02624
10.8464
13.9969
9.55705
12.0781
9.96783
13.6127
14.187
5.33362
10.1673
14.5893
6.78809
12.7545
10.654
8.74597
13.6823
11.2724
10.8623
7.64137
12.8532
11.8517
13.4578
11.3649
14.2607
6.02155
6.44585
14.7659
11.4445
13.9839
9.70872
14.2101
9.02592
7.35437
14.5745
8.75202
13.9445
12.1466
10.1983
10.918
11.8466
10.8252
5.40984
10.5324
9.79849
8.87477
12.7913
10.8435
12.0041
9.54966
8.43027
14.2859
11.6819
8.44622
5.7447
11.4821
14.2528
12.9687
11.0003
10.7752
7.2286
7.18286
11.5463
14.5008
13.8867
14.1344
5.49719
12.3019
9.7655
13.3026
9.77278
14.8257
10.1269
13.8763
9.41661
12.9993
10.5115
10.6465
14.721
12.5677
13.9359
10.4992
6.74322
10.2889
11.0323
14.5511
7.63068
11.6714
10.003
10.3739
9.40812
11.3523
8.33344
14.3782
13.3776
12.5903
13.7104
9.63119
11.1325
6.29047
8.31681
14.4924
9.66602
8.83368
10.5178
10.6789
7.55244
7.20181
14.9433
13.6606
13.6062
12.2682
10.0364
10.1907
11.3427
14.2158
10.4891
10.4537
11.731
13.5381
13.1867
4.82334
7.82141
10.6202
14.8473
12.6608
8.19382
11.5747
11.9435
8.98749
13.6113
11.1509
13.2373
12.7509
3.96122
8.21828
14.5988
14.1783
9.9151
10.8832
12.6685
12.1948
7.10127
11.1323
5.86054
7.10092
12.5769
6.42867
9.2339
13.275
14.7137
12.8629
10.416
8.36179
11.2541
9.9343
13.9739
11.0426
11.6434
14.3465
10.5521
10.4945
14.633
11.1925
8.86169
10.1443
13.4815
11.3692
8.54795
11.8692
10.5
10.2813
8.7618
11.3203
14.3409
9.99873
8.73298
13.7156
10.5053
5.89435
13.7842
13.2552
5.4587
6.24254
9.34802
12.1698
4.96718
4.92171
13.1009
13.6027
12.3918
8.12373
6.78935
11.5533
8.47813
9.15054
14.5091
9.31035
8.74134
10.7277
13.1308
9.17999
13.1014
14.4597
13.9035
7.11824
13.9291
10.3964
12.5275
12.0764
6.55958
8.54253
13.0208
10.0594
9.54047
12.1161
9.06544
11.3072
13.371
9.4179
9.06018
8.70851
11.2575
6.33597
4.73421
10.0325
10.08
10.2876
9.0207
10.9209
9.77761
13.1935
12.0817
10.8532
4.61678
14.9768
11.525
9.88912
13.0763
8.90802
7.21133
6.16514
8.65134
14.9853
14.745
11.9798
9.92364
5.68038
14.7588
11.7644
11.6508
8.54681
7.14902
12.7089
12.4455
11.6621
13.1703
13.2501
12.8174
10.6958
11.4262
12.6887
14.2944
7.63106
14.2559
7.35845
14.2581
7.14167
10.5004
14.9902
13.1786
9.81641
4.28428
11.1877
5.54954
14.0682
14.8121
12.2512
9.2317
9.00151
13.8677
11.7195
12.4997
10.66
11.0973
11.261
12.3432
12.6252
11.1216
9.82188
11.7007
4.98178
12.8056
11.8259
9.89002
11.2057
9.57831
12.0692
14.7598
9.11924
13.6981
10.2081
10.7315
9.26754
11.5016
8.05586
5.77601
11.3854
8.33978
14.9296
13.5626
7.24394
12.978
9.62899
5.31242
11.4668
13.0821
9.84823
8.92338
7.39889
7.79746
8.94868
6.54014
11.973
8.84146
10.244
6.88438
6.62657
9.46643
8.8617
11.2254
10.3753
9.29478
12.8648
9.69009
14.5844
5.88447
12.0176
13.0792
11.7328
11.3124
8.73682
10.1708
12.4351
13.4057
12.912
7.48534
9.22481
10.6273
8.91383
6.24406
8.39816
11.3883
8.59295
8.47634
10.4604
13.8671
10.3852
12.321
10.5021
13.4764
12.511
10.0707
14.7853
13.4468
10.2786
5.19723
10.3893
10.8295
9.41746
9.29441
11.6037
13.3013
10.535
10.8824
11.8774
5.01909
8.40338
14.3987
12.9284
6.83408
11.5806
10.6371
10.3676
8.99689
7.7434
12.7443
13.2489
10.89
12.6367
12.7795
12.0174
10.3195
5.55895
4.55517
11.3831
9.78441
13.216
9.24053
13.1787
12.7824
11.704
8.14392
13.0617
14.0943
13.9554
6.64964
4.20464
13.3666
10.7713
10.7205
8.33554
13.1047
12.7472
10.135
10.6047
8.47119
12.9408
14.0338
10.4719
9.18157
14.4746
9.28862
13.4726
14.1284
9.8559
6.35732
5.1288
14.0116
8.72577
14.9301
9.83296
9.76855
14.0826
11.6087
9.86516
12.2504
10.7496
7.79229
8.39292
11.392
10.1526
7.66099
10.8649
12.5108
9.08448
14.8311
10.0196
14.8497
10.6898
6.98761
13.1807
5.62794
13.8735
12.7234
13.2784
5.37561
10.7492
8.05454
9.88793
8.34795
13.893
11.3405
5.30919
6.15348
10.4455
8.39894
14.4712
13.5963
11.9999
11.2943
8.10142
13.9002
13.9389
7.90334
10.6923
5.4582
10.8819
12.6776
9.56468
4.91292
14.59
13.1191
6.65931
11.2718
11.8414
7.86372
8.6627
14.636
12.0019
13.1714
12.3846
14.3599
13.2732
10.2199
11.3905
7.46606
12.014
10.5286
12.3782
13.5722
11.1554
10.86
14.8393
13.0029
13.7383
14.6107
11.0663
9.66593
11.5016
9.818
8.62233
11.8531
10.2556
7.80894
10.348
10.9934
11.9806
14.8566
13.7104
6.67052
10.59
4.96584
6.36826
7.02301
5.35111
13.5683
13.6297
4.32108
11.8283
8.86355
10.8106
12.0266
10.6014
5.28836
5.64367
12.8094
7.72118
9.65871
7.45161
11.2606
8.08839
12.0932
5.66635
14.4271
5.8741
13.1767
9.68573
11.4423
14.1512
12.2394
13.295
10.9898
11.6412
7.79904
11.5804
12.6177
11.7983
10.6869
12.9213
11.376
9.01441
13.7787
11.9318
13.5147
12.1218
10.049
14.6212
5.69737
9.04997
14.936
9.92328
14.4328
12.9606
11.0591
10.8343
13.8003
12.9682
12.7888
14.0628
14.0253
14.9129
11.8061
11.4043
13.3847
13.4273
12.4237
12.8964
8.80724
9.90703
13.6688
14.0891
8.55683
10.232
13.8423
14.8451
11.7282
13.4333
7.28179
6.73869
13.0984
6.06599
7.69477
10.3686
8.4141
9.76458
13.6555
6.32295
4.83367
6.04257
8.73815
12.6252
5.47636
14.239
6.62819
11.8606
5.64148
9.6504
14.2127
10.2187
9.50773
12.0679
8.06247
8.13345
9.49065
8.72711
11.5884
14.8906
6.23322
13.6993
9.46057
13.4956
10.501
11.1327
13.3101
9.26179
14.4489
12.9161
13.809
10.8216
6.89707
6.68261
12.1571
11.3236
14.855
12.617
13.3532
12.8183
7.87407
8.96507
13.28
14.7382
13.2803
13.1714
12.6083
7.27699
4.1167
12.7329
11.2346
11.7238
10.5999
8.48248
4.96983
5.71987
11.4573
9.57646
12.9252
7.52123
9.71635
13.6025
6.31046
12.1492
8.97189
12.0861
13.1705
10.0898
10.0858
11.7729
6.39556
14.5453
9.63876
9.15301
14.0246
12.1257
12.3571
9.24167
14.2291
11.4086
13.8707
14.6143
10.5791
10.5787
9.30134
13.0428
8.39676
13.1097
8.1075
14.085
14.351
9.29177
9.73056
12.5273
8.31318
9.88047
12.2741
14.7433
11.9915
5.10129
12.3448
7.47258
9.70372
5.97998
11.4721
13.5962
13.7701
10.7181
13.858
11.2152
5.77691
12.4291
7.56703
13.8584
12.9028
11.8649
13.9263
12.36
11.5788
10.2153
13.0536
11.1581
14.0975
10.4386
12.0058
13.4702
11.8447
9.01128
13.0666
11.7221
12.0727
8.82558
12.2768
6.44083
13.9943
10.926
13.1114
14.1561
12.6956
10.8745
8.26495
14.5937
14.6759
8.36456
5.58788
13.8584
9.23133
11.1485
8.49086
5.47331
6.25771
11.6011
14.3667
7.24677
12.9831
14.0205
13.4383
8.02263
9.72178
6.66608
8.50463
14.4635
13.0546
5.57742
8.78513
13.6458
11.1687
14.5298
9.52583
13.166
12.6083
14.7537
12.0417
11.324
12.8091
4.91363
11.3105
14.1571
14.9635
14.8211
14.4237
14.859
9.44454
11.1619
12.0386
8.41079
12.0268
13.0981
14.7619
5.30084
7.95948
13.276
11.6019
14.2239
11.7128
13.8263
14.2553
8.86819
8.75217
13.9556
9.20924
10.6161
12.2232
9.27987
11.0716
13.0631
9.4618
5.11843
9.99806
9.43409
8.40041
8.08231
14.1605
12.0198
12.672
12.3553
11.757
12.5527
11.8441
5.66138
10.9846
12.4765
11.6458
14.3034
6.0965
10.8545
12.5833
9.71813
14.579
10.3919
10.2191
5.049
12.8482
9.75155
9.42253
11.2895
9.6679
10.7086
12.9361
10.0102
13.5251
9.18979
10.4642
13.105
8.858
8.93701
6.7767
9.70933
13.7462
9.88513
4.92715
11.0756
7.96311
12.77
12.8491
11.2593
6.1673
14.4111
10.4092
12.0367
13.0508
14.591
7.71602
12.3095
8.55062
11.4483
8.80026
9.87198
8.18633
10.0918
7.0497
14.3101
12.2057
10.6198
7.1541
12.4079
8.61264
14.1078
13.4308
8.3226
14.1697
13.0552
11.6043
12.5797
9.68218
10.5623
12.7289
10.214
12.6967
12.6017
6.09525
11.4552
9.8968
10.3928
7.68916
10.3213
12.5432
12.3965
14.6345
8.39488
12.6568
11.0179
12.934
10.7498
5.96068
10.8246
11.1159
14.9866
10.4093
13.9329
10.0646
9.36312
14.959
11.7906
11.8297
6.57482
13.7628
11.3114
13.17
8.62003
14.6994
13.2404
12.5195
13.4717
14.0786
14.0434
8.83144
11.8023
14.9885
8.57205
9.21367
10.4918
12.1714
14.5717
12.693
5.66497
13.6309
5.99678
8.96831
14.3099
12.9291
8.37979
8.2049
10.4521
14.9122
11.9395
13.4302
14.7813
13.5954
9.062
5.5933
7.95651
8.9851
11.2966
8.46699
13.2042
11.6703
5.72
13.2389
8.44015
9.11634
5.83823
5.98467
12.7062
9.83073
10.1391
13.7582
13.2395
9.40947
11.5302
10.4963
7.25255
10.6531
14.6666
5.42857
6.69648
14.318
7.74752
10.3272
7.23784
10.1989
13.653
12.9767
14.1922
11.361
9.15211
4.22403
8.60379
9.45973
7.69788
11.0764
12.3858
4.22973
10.3803
8.92072
13.6284
9.39411
7.20278
11.3315
13.9703
5.62296
13.4513
14.3525
11.1232
12.2617
9.51202
9.66403
8.13773
12.9666
10.688
6.71847
8.78455
8.47595
8.90922
11.4125
11.8946
5.78859
9.9202
12.5545
12.8464
6.11537
13.8876
14.0323
12.4721
10.1347
11.234
14.5807
12.0708
9.67034
11.4523
13.4542
8.10644
14.046
13.9526
14.2568
14.8565
5.71783
9.55488
8.56879
9.88021
5.91279
6.65129
11.4364
10.963
13.1833
11.7015
12.2821
12.5097
6.99205
9.04286
13.3456
6.0115
12.1854
9.29995
7.8798
14.6272
14.0447
14.922
12.5596
5.32537
10.4815
11.5352
12.7016
13.5506
14.5747
10.3206
8.48263
10.1198
5.88207
10.1213
10.4664
10.9794
5.79206
11.601
9.8508
12.5833
11.4765
4.84616
10.2024
6.40929
5.07663
10.5654
8.66085
13.0296
10.8375
9.26012
12.2869
9.54777
7.26631
10.6107
8.20377
9.77068
9.41204
9.15292
8.79429
7.06705
7.65739
11.8026
5.06666
10.7085
9.09452
9.96469
12.3494
7.56255
12.9679
8.73653
8.48122
6.16466
10.4769
7.94455
9.16724
4.70244
5.92832
10.0382
13.1109
8.39425
10.852
9.40638
12.8476
4.63056
8.35998
8.75231
12.4865
13.1526
8.25717
12.5712
7.66003
14.5808
9.18743
10.0995
7.39179
6.03307
13.8198
9.23457
8.06265
8.83243
8.74538
14.5629
5.16696
13.9222
11.8607
11.658
12.8053
12.9058
12.2849
14.1042
8.24105
14.423
8.92565
7.3971
8.65081
8.1843
12.6724
12.1203
11.656
10.0412
11.3076
12.2216
12.7677
6.55591
10.6357
6.21697
12.9314
9.93178
9.45497
6.2618
9.71383
9.82122
11.1445
13.6916
8.74574
12.7742
11.819
9.99481
10.7858
7.87256
12.3389
5.74101
11.3815
14.5079
8.44219
10.6582
13.817
9.29356
13.8338
9.46379
14.0441
12.5331
10.2763
13.0855
13.1282
14.8805
8.52884
5.57041
10.7422
14.0146
8.94589
11.365
5.47208
11.656
13.1781
12.4115
10.2628
11.8984
9.91114
5.03275
8.95889
14.8774
14.5846
14.8258
9.01756
8.09868
13.2764
13.2254
10.629
11.5821
14.6596
13.695
13.779
9.34796
13.5336
6.59056
10.6055
8.78679
11.6317
9.22809
12.7473
10.5363
10.2464
13.1512
10.9595
13.3453
9.69553
10.5714
8.79514
9.3331
12.0962
14.6883
9.68677
14.9021
10.1639
10.0232
6.38047
13.7719
8.36067
11.0178
14.8125
12.3896
10.1371
10.3648
4.4748
12.0257
14.1357
13.3957
8.25229
5.7564
10.0155
14.6883
11.469
10.631
6.34419
9.31861
13.7969
5.7597
14.4971
5.14856
11.694
12.8191
12.2034
12.4078
13.5061
11.0641
14.2992
13.6332
6.33648
11.848
5.69431
9.0131
9.99452
9.38645
9.57048
14.3465
13.1139
11.3441
10.1247
9.61643
5.99509
11.7888
12.5347
12.6415
8.01234
6.30716
11.5944
8.79981
11.9583
10.8
12.3066
8.93278
10.5873
8.11194
12.881
13.2688
12.9809
14.1155
13.3498
12.248
14.0509
9.81287
13.0982
5.4523
13.0674
12.2501
12.3537
6.24769
10.1494
13.0179
13.1454
5.94209
13.005
8.76845
8.62276
12.3789
9.84022
10.4719
10.3522
11.5131
14.7802
14.2155
10.4685
11.953
12.7494
11.5874
11.2676
9.51812
14.9929
9.71252
9.97439
6.73378
14.9124
14.3297
11.934
8.50048
14.4623
13.8346
8.73915
13.3406
9.06114
5.78764
9.98092
9.94038
7.17701
12.4601
13.638
12.0792
12.2118
11.0537
10.371
14.681
8.85258
8.48668
6.47311
5.78697
9.83739
8.56006
6.36528
11.4086
6.2055
8.80705
10.5514
14.2579
10.5679
11.7162
9.36078
9.50916
13.5299
12.9747
14.323
10.3358
11.1126
14.4213
10.7537
11.1485
12.0727
12.1306
10.639
7.48548
6.93597
12.4876
11.7864
7.87495
7.03588
12.2362
13.7554
13.7514
4.67697
13.5929
11.7912
10.2099
10.2302
12.4833
10.534
5.92886
11.2088
5.8784
10.807
12.8071
14.5993
11.1749
9.97486
7.32978
9.94086
12.941
11.6473
9.9735
6.04045
6.94894
13.5396
9.61789
7.13705
12.633
9.03475
13.7029
11.076
7.90613
12.2921
9.88545
9.73421
7.47119
12.3304
14.6674
7.82099
10.2254
9.72786
11.3842
4.79017
9.68387
12.4965
12.7229
12.9807
10.1476
8.21012
10.3891
10.7754
11.419
12.9562
14.9901
9.95363
14.9343
14.7371
7.63686
10.3877
11.8501
9.23234
12.6302
6.97285
4.79285
11.2412
13.0335
13.4862
11.564
12.9873
12.4304
5.09418
12.2465
4.90968
10.209
4.69744
8.06525
8.18316
14.7542
10.1217
9.16516
12.762
6.16158
9.84639
14.4749
10.931
11.9482
10.5938
11.1055
11.854
12.9551
14.4377
11.3845
10.3896
13.2852
7.73787
14.169
14.4978
5.62162
11.2298
6.81152
8.9388
8.54336
11.7239
12.6412
13.4175
9.16678
10.6003
10.8584
12.0284
5.17617
11.4233
5.89657
8.79778
10.6377
11.8589
13.3504
10.5837
14.9813
11.4864
13.318
9.85226
5.59657
10.7073
7.22538
11.9819
12.1263
6.57941
11.0515
12.0971
8.32898
6.01512
12.0818
9.29627
6.56646
10.4803
8.7206
5.8493
13.0748
12.6163
6.42413
8.7258
12.2996
12.0175
8.66758
14.5946
6.4515
7.83806
9.53598
14.194
11.2128
11.0879
12.5704
6.15939
10.7997
6.22034
7.21231
11.2088
12.9657
10.4183
12.7539
7.15547
11.163
11.183
12.319
8.36358
12.3672
5.58362
11.7198
13.3125
6.16838
10.0092
12.5411
10.9394
11.8567
6.2033
14.9444
13.2883
13.9023
14.3101
14.9882
12.8632
10.3644
13.98
12.6767
9.87751
13.0794
6.16587
11.3406
12.5084
10.1676
8.43992
10.5673
8.1048
9.75334
12.3937
12.8648
12.9819
9.26741
13.2985
13.2644
9.40942
5.866
8.66686
6.49195
11.1327
5.92136
10.636
8.12658
13.86
7.79433
13.1973
14.2158
10.1914
12.1087
9.34849
14.7382
12.1095
7.94056
12.9698
8.82924
10.5543
13.4161
12.2601
13.747
9.94971
13.4475
10.8251
12.2054
14.8821
5.52077
13.2389
7.54723
7.04605
12.773
13.8987
10.6815
13.3052
9.00556
5.46613
10.1659
12.4474
13.3903
10.0393
14.9889
14.0822
9.9424
14.7174
12.0877
12.3563
13.3322
12.355
9.71162
6.67263
13.0425
9.09666
10.4427
12.3142
14.8272
8.5853
8.01888
14.3677
14.7565
14.0303
5.74524
5.30452
10.0488
6.48512
11.5377
13.2241
7.92072
13.2209
13.6579
4.84385
8.1743
8.84212
6.75257
6.20515
6.45362
14.6828
11.8017
8.50314
11.2853
8.07535
13.9373
10.5791
11.1086
6.36033
11.3865
11.8803
11.1581
12.3382
8.74473
9.19789
9.1736
10.2782
14.3677
14.9425
13.8761
11.6666
11.8647
14.8404
11.4849
9.91709
7.5034
9.20926
11.358
9.91848
9.43189
10.1925
12.5883
5.75787
12.8368
14.6292
10.2576
13.2218
14.4327
13.2432
12.8176
12.8438
13.1214
5.49167
12.924
13.6406
7.47672
10.9962
8.8754
12.5392
13.4658
9.52465
10.817
12.2424
10.269
11.073
8.91625
10.4559
9.13031
11.7467
11.3743
4.65146
12.1931
13.0067
12.2632
8.46432
8.3927
6.51776
12.6073
8.08178
13.0237
14.3206
10.6731
11.2423
13.0589
10.5499
8.88213
4.89839
13.3937
11.9532
13.6246
12.7898
12.7736
12.7255
9.67167
14.3689
14.9838
10.2773
12.3722
10.4579
13.1414
12.7073
11.3348
14.0648
10.8699
11.0085
12.5132
11.5198
11.6268
4.21145
6.23141
6.45776
13.6444
9.29884
8.70277
14.0219
13.8999
10.1082
6.14081
12.2065
11.6571
12.7738
14.0742
11.8547
12.3898
7.62864
14.4585
12.1876
14.3371
10.9844
14.6138
12.1649
7.12634
12.6306
7.03919
13.5241
6.51353
12.277
5.92373
10.2282
12.3621
7.48069
10.3606
10.9282
7.95128
5.03504
11.3423
11.4318
14.5925
10.2805
10.5283
13.6989
6.01679
9.9002
8.75425
14.5302
10.8158
13.2417
9.37728
11.2106
5.76588
14.5626
12.1248
10.977
12.5206
10.7104
6.23587
10.8895
10.1827
5.50544
9.81388
14.8861
13.1085
8.18571
12.2266
13.1099
13.5171
14.1446
12.7891
7.01012
9.91026
4.86106
11.6579
14.516
9.72127
7.39375
9.31509
9.88252
5.43898
10.2499
9.28628
14.6198
6.99734
11.6221
6.14263
13.0089
10.4761
10.4334
6.32787
8.21901
8.52717
14.2503
12.6937
9.45607
13.8821
5.46338
5.00808
12.7981
14.5017
5.56169
12.1164
12.6856
5.30705
5.22799
14.6219
8.60452
6.95326
4.85281
8.74905
12.9849
12.6387
6.38007
13.8147
14.6906
8.56633
12.5895
10.674
5.50029
13.1869
9.09267
10.3607
10.5642
10.7288
13.8499
7.59308
10.7869
7.38176
4.4686
13.5774
13.04
5.27376
8.47069
12.9178
10.5163
8.17008
9.87119
13.4058
10.7997
10.4876
14.2545
11.0926
11.0404
14.0232
14.551
11.2923
14.5031
14.9794
10.9616
12.3047
8.57102
10.8925
14.0011
12.5518
6.95922
7.87608
14.8655
11.8845
10.3435
8.34296
6.73805
13.8147
12.6239
10.8233
8.79937
6.03662
14.9153
11.0399
11.7998
13.3641
11.5906
14.4255
14.9537
14.2212
9.5177
13.8826
11.2422
10.1261
10.3858
8.22141
6.2608
10.682
14.4808
13.8842
11.1925
11.0809
11.2291
11.7493
10.143
12.7718
10.0014
12.2356
12.5783
4.82027
10.5167
7.20615
10.3003
9.87434
13.9705
6.8453
14.5813
9.37377
11.3608
14.0169
14.0398
12.9949
12.3878
12.4593
11.9659
10.1813
13.9565
9.96903
10.5083
10.9317
14.9543
14.3408
13.9334
10.7516
14.8845
13.5509
8.9731
10.4543
10.0596
12.4244
12.4111
12.3973
4.37522
7.0079
12.8621
13.7786
13.2783
12.5183
10.6588
13.879
14.7121
5.67874
12.6819
6.20749
14.2895
9.73464
4.37945
13.4429
9.40914
10.9336
11.9077
14.5749
13.0361
13.5534
10.7855
8.43099
11.5473
9.01177
6.95191
14.4061
8.40499
9.87744
8.39968
10.9201
6.4296
9.94592
11.6421
4.79739
14.0865
8.75713
11.5998
11.4913
10.1494
11.0156
12.7512
9.85406
11.5697
8.72876
13.0681
12.583
14.3225
13.6756
10.5831
9.84251
13.4974
8.70017
5.72258
4.97751
14.5205
7.99123
14.709
10.434
6.05547
12.0044
12.4555
11.2135
11.9054
14.3461
10.6655
13.3016
7.09916
14.9664
10.025
13.5623
13.272
13.6379
13.3565
9.6317
10.8903
10.0477
9.78518
13.2283
14.9272
6.75388
11.6944
12.4465
9.40223
6.62183
10.9339
4.31283
12.885
8.80352
11.2933
10.5491
12.0733
10.0468
9.52718
14.4049
8.56444
8.26434
8.2583
5.3319
9.49733
6.03874
5.60553
11.8001
13.0384
11.7343
10.052
8.88398
9.11205
14.7805
11.0619
12.0698
10.9488
8.23729
5.31566
12.3468
8.6448
12.0744
8.25262
8.79028
8.89095
10.6271
8.64276
9.07458
10.9083
7.40575
6.55203
8.03506
5.54754
13.7061
10.3871
5.29896
10.9509
13.9049
11.1081
11.6412
5.03085
6.49495
11.858
8.96489
9.21525
14.5768
13.7342
11.1224
7.41793
13.6682
10.0844
11.5345
12.0725
8.30854
14.6304
5.53999
12.8652
10.2428
11.4256
7.33867
13.6296
13.8376
8.6621
13.7514
7.15643
9.95213
12.1945
11.3798
12.4886
9.80397
10.1953
11.0291
12.3797
13.332
9.88459
11.6241
12.2777
5.30218
13.9082
12.598
12.8159
13.7339
7.50718
10.9036
11.2292
11.0619
11.9162
6.78522
7.30307
10.6295
11.1929
9.86879
14.5203
14.5754
8.61517
6.70463
10.3268
10.3382
13.5517
13.831
6.97749
13.1878
12.3599
12.0536
10.9472
8.51538
9.89273
7.36022
12.3497
6.96938
12.2041
11.1454
11.3846
10.9542
12.7326
8.57354
11.9812
12.9784
10.8235
12.1419
4.71757
9.95276
14.7281
11.1191
13.5877
12.7411
5.83722
12.6319
6.06499
11.499
14.1456
12.3424
10.7903
13.5147
9.16984
10.194
5.28526
12.6959
13.2325
14.6797
10.7535
5.92173
13.724
12.137
12.7192
11.6577
12.0909
8.8328
10.1079
8.51979
5.52613
13.3231
6.54008
14.8189
10.5856
12.3395
10.4341
13.9852
13.9746
10.7596
12.9148
12.4171
8.22507
14.9093
14.7508
10.2369
13.2134
14.3762
6.11577
12.2321
13.8318
9.14372
5.06543
6.18791
10.2756
11.8683
14.2665
8.80197
8.99677
9.41947
14.8636
12.1841
10.2678
9.77832
13.1508
10.6384
9.92521
13.69
10.8052
12.6737
7.01059
14.2698
8.71742
7.40262
10.6526
10.7517
5.79501
6.11686
10.3741
8.98915
10.5445
12.1479
14.9279
10.7554
13.9217
10.0009
14.2727
5.88378
9.16369
9.3227
10.6467
11.1362
12.9893
14.6377
8.97562
12.6571
11.5336
11.4293
6.89198
10.1862
8.69108
14.7253
14.6011
12.3173
7.01634
13.1651
10.48
11.74
4.56272
11.5949
14.5403
6.52053
8.8478
10.6117
5.48638
7.85999
13.7686
12.9446
14.4413
9.63041
6.29212
10.4317
9.81177
13.5044
9.19586
13.6888
11.9205
9.39539
13.5674
12.5123
12.4698
13.3333
7.23294
7.58595
6.31374
9.36753
14.7535
13.734
7.28741
12.3483
14.7293
7.62502
5.43157
10.1568
12.1379
10.9597
11.9723
9.65428
6.55495
11.2003
9.78757
9.67649
5.80116
10.105
12.2178
6.18142
11.3626
8.00762
11.1053
7.34437
12.2212
12.5112
9.43432
10.0609
8.71685
14.4628
11.9669
14.0021
5.01982
7.36478
10.6486
7.97899
13.5597
6.51161
10.0704
10.8493
11.9625
8.36408
11.1847
14.9038
9.87499
6.80336
12.983
9.30101
13.3466
11.0076
13.5545
4.46303
10.471
10.2652
12.8184
12.0134
5.34239
14.463
7.16291
8.67867
9.01614
6.06491
10.5762
4.68681
4.86193
14.626
7.02133
10.1296
9.41804
8.36677
11.7051
12.4907
12.5419
9.89824
11.8806
14.7136
7.7366
9.89166
9.87706
10.7184
12.0803
13.7647
12.5267
9.64904
11.2612
13.0895
14.6397
8.93557
5.21122
12.4329
4.96483
9.534
9.76122
10.538
11.1165
13.5343
14.4758
10.6604
5.86275
14.9516
13.1539
8.40652
11.7543
10.4358
10.3117
6.34759
14.9622
13.7206
5.32781
6.48693
10.3985
10.9237
10.0679
6.25359
14.5187
8.71957
9.70191
11.9602
14.9171
12.5924
8.09091
5.99066
11.6999
4.9576
11.9537
13.0179
14.9004
8.49083
9.77141
12.6775
11.2581
12.1653
11.3892
7.20721
12.3885
7.41316
9.32046
8.29487
11.4772
13.1184
12.9221
9.86986
8.49531
10.0089
10.5593
10.4574
11.8148
12.2817
6.49371
13.2038
14.0143
7.6969
6.44467
4.55904
12.6245
9.78346
12.6144
10.29
13.1017
11.3348
14.9401
5.48358
12.9141
13.3454
8.94615
13.4819
4.34274
11.2554
5.82333
13.0889
11.1042
10.6952
5.5019
10.37
9.81823
13.8124
10.8667
5.98029
10.9448
13.1464
11.7255
8.97906
10.7767
12.949
8.01056
13.861
8.90952
12.3193
11.421
9.52487
5.22562
14.5567
5.38822
12.9415
7.51904
11.55
11.879
5.27103
7.5042
13.5106
6.44858
13.9862
10.4862
12.8857
14.7647
9.3181
10.6756
11.5208
13.7225
10.9779
11.182
11.9195
13.3872
7.43369
14.1068
11.743
11.8624
6.71851
10.4596
10.1083
7.64637
11.2836
10.0171
10.9677
13.846
10.7337
9.39228
11.797
9.4264
11.251
14.6816
8.16794
5.32721
9.94281
7.78271
10.578
9.63758
10.4095
14.3806
11.8591
13.6359
11.1058
13.7599
11.3897
6.22068
9.36992
7.89778
12.6165
10.5446
6.20858
14.0252
14.4236
14.7757
8.70718
14.5152
7.81608
12.7121
13.7296
9.26111
10.4163
12.4383
8.05488
9.18171
5.67198
8.98191
13.4541
6.13201
10.4212
14.4936
12.205
8.92424
12.7848
12.7666
12.2594
9.29605
10.4081
7.75744
14.0414
14.8874
7.88214
12.4679
11.415
6.53568
10.5532
13.3954
14.3054
12.6081
6.54228
13.0497
8.8342
12.6538
11.8095
9.36749
12.2785
14.4522
12.5145
8.65675
14.5584
11.9263
4.98594
11.0747
12.7599
10.5368
9.71382
14.8668
9.70908
5.08184
11.4297
13.5148
12.5478
11.1789
8.28555
13.6588
14.2696
14.0507
13.3721
11.2973
13.3107
7.6676
8.20354
11.5301
14.0702
8.43716
13.5864
13.7371
11.8191
8.85079
14.0106
10.588
13.6068
11.2695
5.05621
9.02826
7.90004
10.342
10.8946
13.0091
9.78747
10.953
10.7986
9.25124
13.7138
13.5271
11.1913
9.69918
14.5032
11.9929
9.54804
9.00461
14.0143
13.206
6.62099
11.5901
8.37198
13.6707
13.0533
14.0609
10.6314
11.6638
11.3285
4.85396
14.5802
13.8536
11.6082
11.7171
9.69261
4.13288
12.5069
11.2423
14.8012
8.31894
7.57286
9.90359
10.621
13.0019
6.7595
5.5529
10.5002
9.10582
10.1135
11.5494
12.197
10.345
9.1038
12.4254
10.3119
8.7322
12.507
12.8957
9.82693
6.0818
9.03441
11.8436
8.28162
10.229
6.72513
12.0176
10.3354
12.1453
13.0377
13.9345
13.7163
7.89489
13.1098
14.7746
5.42335
14.1211
13.2219
10.0022
10.8625
12.7121
10.7919
11.0582
13.9033
9.9566
13.0387
10.2087
8.86814
12.0907
8.38214
10.4813
11.9649
12.4548
10.8297
13.3065
14.3393
10.3486
12.8402
12.3279
12.726
11.6426
12.5794
7.17709
10.5978
8.35512
11.5878
14.6605
13.0571
13.5567
10.3908
9.93066
14.9713
9.27543
9.41468
6.91834
11.8758
10.4831
9.11752
7.96246
5.9872
10.6714
12.3074
7.69143
10.7007
10.5601
12.4108
7.32576
5.75655
14.5784
9.16669
8.91207
9.2447
12.8281
11.9403
11.6891
9.78407
13.4565
10.1282
10.2241
9.24212
12.1866
10.7683
7.6859
13.104
14.5291
14.7929
5.71753
11.3801
11.3408
10.8902
8.86046
5.1967
8.90724
10.8912
8.36053
10.8941
5.86579
10.3987
11.9897
10.0458
10.9765
13.2262
10.3973
9.47721
5.4367
12.9711
13.1276
10.7146
14.3552
11.6919
11.4797
12.7489
10.2334
10.2062
11.004
14.298
14.9209
12.5294
12.6127
14.6482
13.4106
11.0588
5.8883
6.01302
14.6691
14.4703
8.1081
13.4973
13.6457
12.7745
14.6518
8.6067
13.1723
11.9396
6.9735
13.7521
7.74899
12.9011
10.7042
12.6923
14.359
4.46263
9.40531
12.9106
8.26182
11.7756
14.843
6.5348
11.501
12.7224
12.7513
9.80355
6.30759
11.9561
8.74777
7.94519
9.52579
10.63
14.8761
11.375
14.6485
6.33377
12.1404
14.5103
10.5986
7.13786
11.552
5.44446
7.04907
9.08836
13.7704
12.2267
13.8803
7.75622
14.2456
14.2915
8.71518
5.48473
12.8201
14.0922
10.8229
7.66216
8.79867
5.48376
10.5648
7.46427
12.2585
11.2879
13.7866
13.2811
7.44163
6.57265
13.0385
12.1665
12.5089
9.83532
10.6877
10.7644
8.57832
7.62088
13.3568
8.6744
10.6846
12.7684
10.3143
14.1254
14.525
14.725
10.6949
8.55688
7.05079
8.51892
6.05758
12.2097
12.5256
14.2796
14.9183
10.3395
12.8975
9.01156
11.5133
10.6868
8.6075
8.97248
14.4172
8.69933
13.3071
12.0573
13.8244
4.83207
12.9267
5.64945
12.4429
9.20073
13.6302
11.4791
9.69295
10.282
8.32681
12.0133
11.475
5.74701
11.9353
11.5343
9.44461
11.6169
11.5236
5.098
12.9982
12.4057
6.0921
10.7866
13.6982
14.1647
11.1675
12.9921
10.0095
13.8606
10.933
5.79539
13.726
12.5079
12.6098
9.92588
9.40305
7.66085
8.10559
8.31193
9.28738
10.0704
11.1022
5.71754
14.6757
7.2569
14.6124
10.9302
6.87201
10.0179
8.98666
10.6176
8.78658
10.2388
13.3843
14.4659
5.60088
10.5622
8.40099
6.65401
7.73515
8.89886
12.1937
4.50913
10.9167
11.8308
14.8341
9.92859
9.47088
11.3745
10.7399
10.4836
11.7916
13.6362
10.3041
10.1749
12.2134
9.85374
12.4488
14.3342
9.12206
13.5004
13.5334
11.965
13.3702
13.1498
7.16702
9.27809
9.25151
14.7362
14.8506
10.2954
13.2467
13.1893
8.42527
14.108
11.7605
10.2756
11.6398
11.6899
8.51586
8.43882
6.2848
14.0709
14.6542
9.06833
9.96957
12.1816
9.32313
10.3446
12.62
7.68443
5.95826
8.9895
5.4327
13.8379
11.5411
12.3188
4.75814
5.34111
7.52486
8.90682
5.30451
8.07033
5.06129
8.71844
13.9943
9.09405
4.66512
11.1879
7.93612
8.80314
10.6943
9.92488
7.41386
12.7577
14.1537
13.903
12.505
14.5297
9.37828
12.8812
4.85467
6.6443
11.2732
12.777
9.76659
13.5389
14.2463
6.3691
8.76929
11.2987
9.8946
10.0357
8.32633
6.66669
14.4166
14.0514
13.3347
13.2215
13.4971
12.0912
8.84917
7.38434
9.95789
14.529
12.1595
12.0235
12.1274
10.382
12.0096
10.3346
10.1087
13.433
11.2491
8.3313
12.9904
13.8622
13.4803
11.6124
14.3958
8.60815
8.64237
8.87318
13.224
10.9726
14.669
14.3319
10.1132
10.2669
9.53159
14.1705
13.8687
14.0741
9.39299
12.2611
8.61885
12.9991
11.0819
5.8862
6.57273
10.8284
5.59855
6.2931
11.0652
9.30488
12.2299
9.41935
13.1692
8.73438
13.9726
14.8565
5.16821
9.85313
10.6218
10.6859
8.45915
11.24
9.64955
5.96597
13.4468
12.144
10.9399
12.4189
11.0093
9.45118
9.96014
14.7222
6.47994
10.9105
6.1607
9.42556
14.2265
10.9475
11.1599
13.1653
5.36773
13.5191
14.6812
11.3442
8.82001
12.9766
4.84312
3.77134
12.0016
13.2962
11.3561
13.533
10.9738
12.9116
7.5851
14.9745
13.8616
9.88272
11.6162
10.0161
7.51993
10.0065
10.9279
9.2227
10.7107
9.17168
14.0815
6.44846
9.15597
10.7221
10.7906
11.6197
11.9444
10.7967
8.77488
5.64329
5.95511
7.04891
8.50101
7.7372
11.5219
12.3121
12.4114
14.4958
6.91839
10.9234
9.99715
10.0509
9.87833
12.0932
6.63619
14.1374
10.4918
11.5766
14.117
13.3523
14.8828
12.7801
9.37741
11.7291
12.35
14.9365
8.00776
13.0806
14.1787
9.9918
8.36807
12.6018
14.6102
10.3339
13.4709
8.1265
4.21064
10.6078
13.9874
9.93769
6.78153
12.5063
11.8704
11.7377
8.8054
13.3289
10.8229
9.45971
12.7805
10.5529
9.07027
5.88231
10.7661
11.6978
14.2148
6.58797
10.0855
10.9628
12.6467
12.8299
13.3452
12.5062
9.77392
9.99312
12.7042
9.86179
12.7177
14.883
9.44024
10.4759
12.4889
14.1116
9.84513
9.1486
8.76372
13.3817
11.6418
12.9652
7.71574
13.7599
14.1527
12.4185
10.7112
7.44607
10.2675
9.70462
9.50983
13.4145
12.6321
14.3523
11.373
12.2535
14.2473
11.1728
10.2348
11.2846
13.6132
10.2257
11.9429
9.04969
14.5468
14.6474
10.0655
12.4537
11.9577
9.61561
11.4283
13.2895
11.1796
11.7897
13.2838
12.0244
7.87047
12.5926
13.7664
13.0974
9.10985
10.634
12.0715
11.7278
10.9359
13.8015
9.20164
13.3787
9.11107
4.27088
8.83366
13.2351
14.9259
10.1988
7.95053
11.4081
12.8645
11.3331
10.1017
14.0231
13.2255
4.5404
9.23174
11.7619
12.2075
11.4407
9.93179
12.131
12.4351
11.1784
6.21429
11.1574
14.3959
11.9747
12.3659
10.0067
11.9769
10.0159
5.05253
14.8144
10.8342
7.38899
12.2338
6.67485
14.3974
6.20747
7.89673
6.06112
12.4786
12.0281
9.15975
12.9055
12.3396
11.2505
11.3942
10.1471
10.8103
12.0767
14.3902
14.8611
10.2468
14.6083
11.9065
10.3
11.0291
10.6192
6.91735
5.86199
13.1425
14.229
11.4827
12.2664
10.9829
13.9463
9.14822
10.9442
9.15235
13.523
12.0956
14.1291
9.78071
9.46084
14.2572
5.14402
6.9621
14.1402
9.5608
11.3196
8.90856
10.0613
14.3666
9.36057
12.9657
13.315
11.6959
14.0798
6.42944
6.25633
13.0248
13.0102
13.731
11.4564
13.9365
14.3544
10.3567
12.8852
7.16706
12.3759
12.7337
14.3399
5.99057
11.3917
13.1358
14.0832
14.2637
9.49557
14.9625
14.1792
9.2134
10.8065
11.9827
7.51856
8.75001
12.0603
14.4561
6.36373
13.4705
11.1199
8.40071
7.72389
13.7288
9.37294
12.0818
14.2999
9.43605
10.3203
8.85255
12.8553
11.4061
10.2845
11.5572
14.2968
13.2732
13.4994
8.31817
7.80841
7.36223
14.1429
7.84195
12.8877
13.9115
10.8829
14.4632
13.2661
14.4782
10.0413
14.5203
7.10343
10.861
11.2061
14.5245
11.5086
10.5394
11.2025
9.8147
10.0274
11.4531
12.3393
10.1706
14.2105
5.56754
13.3493
4.80727
5.61177
11.8126
11.5297
13.6904
9.79954
6.27546
10.3971
12.4267
11.0742
13.2505
13.2072
11.3517
9.70936
14.2184
11.6657
14.2742
13.0681
14.7136
9.66471
14.5175
12.5391
13.2517
12.4764
14.9917
9.78245
11.4264
11.4658
9.80511
12.0971
12.9419
13.0613
13.5528
10.5747
12.1718
7.05112
13.822
10.8054
5.74923
9.85764
12.4698
10.9216
6.13738
10.2037
12.01
14.187
6.87902
8.73617
14.7736
6.47535
13.4124
9.18316
14.2255
8.65504
11.5858
8.36862
11.2888
11.5539
7.81564
13.8383
9.92141
9.23929
7.83927
13.8585
11.0749
11.4757
5.83274
9.24709
8.92366
11.5543
11.7205
11.179
6.48597
10.2228
10.5397
10.0084
13.8716
6.36282
9.64887
7.5923
12.907
6.00338
10.0732
12.5885
13.0856
13.4112
13.762
9.69169
11.6689
13.8337
9.84105
8.40097
12.2953
11.345
10.4336
6.91638
10.2057
10.2896
7.9255
11.592
9.70892
9.9845
11.606
10.9159
13.9979
12.1137
12.9095
12.1373
12.2931
9.24698
12.5242
12.8005
13.5359
14.5674
10.803
12.9891
9.87137
8.05549
14.0782
12.262
10.9591
11.3713
11.7621
11.2136
11.0027
14.4149
11.1246
10.2485
12.2658
5.07796
11.5695
13.9685
14.5731
11.8392
5.9232
4.85631
8.94671
13.1024
13.4314
8.51096
8.81106
14.4002
11.0987
12.7394
13.7016
14.8794
11.7415
12.2973
9.42983
5.97594
11.0913
12.8931
11.8534
11.0873
13.6487
7.82198
14.1991
9.14873
8.44971
12.9842
9.63672
12.6876
9.85237
11.9618
12.5694
10.8272
8.69259
8.81349
13.5961
10.3394
13.4992
11.4614
9.84795
11.4626
10.0091
9.54136
12.038
6.55729
9.50105
5.69651
13.807
13.6222
8.84723
11.7075
11.2153
12.345
9.90113
9.93382
11.8137
11.0249
10.1714
9.03903
12.7273
5.61783
10.0576
11.2202
12.4686
8.9351
11.4385
10.1681
6.81215
11.5459
5.3239
9.18622
10.6467
9.56205
13.9944
11.1426
6.18457
9.21154
7.90453
8.18959
11.5831
13.1093
13.8429
10.8677
10.2855
11.0279
5.84642
13.7931
9.98358
8.89049
9.08787
11.3609
9.09253
14.5155
12.4459
12.1234
10.237
4.38193
9.29599
12.6472
9.89674
13.8825
11.5805
9.98165
7.47403
14.7584
11.7697
5.93049
12.6015
12.3401
9.71564
14.7301
5.99044
8.74774
13.1367
5.62635
14.7011
10.4729
4.36894
11.8361
7.56189
10.3205
11.9345
14.0728
12.1248
12.654
9.10433
6.26221
7.4149
14.041
14.7193
14.5776
10.3116
10.8814
8.52328
11.0387
12.3044
5.21002
9.45106
13.4347
14.6013
13.1115
10.2784
14.7677
14.7721
13.3803
11.271
14.1875
14.3233
12.2613
12.9457
7.5749
7.2457
8.47736
7.59851
9.90492
10.288
8.73268
11.4634
14.6228
14.2137
5.99493
9.67931
8.80595
7.72631
5.79479
7.71922
12.1659
14.8195
12.8303
13.1977
8.51475
8.09535
8.89649
10.026
9.83684
12.3628
9.05852
10.5056
12.7712
9.42586
13.2412
12.5973
10.8054
9.20083
6.34203
10.7855
9.29807
11.172
9.89045
10.5804
12.008
5.31476
12.6324
10.0012
13.261
11.0742
10.1665
14.102
13.3506
14.2037
12.5916
12.6395
14.9866
10.8539
9.36822
9.91533
5.69303
13.7279
6.45292
12.1918
9.63135
13.9312
9.28828
9.04791
8.96807
13.9954
14.6568
11.6329
14.0032
8.69601
11.5352
11.5671
6.03159
12.8972
10.2486
12.9283
13.7461
5.2248
13.3211
13.0829
9.32358
11.6956
7.16016
12.1755
7.53776
9.58152
11.1695
9.97664
11.6242
12.8794
10.1106
12.0924
5.01713
11.3496
12.6691
12.3716
14.1685
10.4455
12.7862
13.8374
12.9802
10.4218
13.731
12.7846
9.79006
14.312
12.0991
6.61715
9.92389
9.8378
13.5246
8.54694
5.63443
5.66297
10.4576
13.8952
12.4007
12.3519
13.6224
4.98246
9.57597
12.2639
12.2795
12.4106
9.53299
10.9323
11.367
11.0346
9.2053
11.9974
10.6996
10.4631
7.45974
11.4695
12.7089
5.83829
9.20171
12.3978
9.3863
8.94244
14.7398
14.491
14.7222
14.5222
10.6616
8.35821
12.7889
13.6915
13.344
8.18157
9.46422
12.5839
14.2971
14.9261
8.35831
10.5721
8.71807
14.5409
11.2628
5.97586
14.8628
8.84667
5.85359
14.4833
14.2887
9.18842
11.2069
13.3093
8.30934
7.05348
11.9639
10.5245
8.32093
10.8683
10.2991
14.6335
12.7215
13.4329
10.0176
11.4633
6.25119
9.51006
14.1499
8.72232
12.5355
9.62274
9.16055
14.4651
9.63973
10.0665
11.1835
14.6358
11.3836
6.1172
14.5489
11.2242
13.6799
8.27297
6.60974
14.323
10.4813
11.7682
13.011
13.1731
8.67826
9.45714
14.7071
12.9175
9.00271
8.20866
10.9338
14.7186
11.7746
14.6794
12.5456
8.78996
13.9859
4.79625
5.90961
8.81848
12.7452
5.22078
9.76678
9.46013
12.0251
9.97789
6.69887
6.06083
10.0389
14.9653
13.0527
10.4201
14.1308
8.92643
6.92525
14.0437
12.4538
5.41927
12.5303
10.9639
13.3135
11.2668
14.7007
8.3473
8.00429
7.51615
5.28917
11.601
8.48455
12.7224
12.9569
10.4311
7.08811
14.5919
12.1949
14.7425
8.36508
11.0735
14.9775
9.46685
10.3709
13.756
9.72893
14.0984
8.46115
10.9483
6.17278
9.90986
13.2073
12.8969
10.5141
5.78545
13.1025
10.2408
10.7171
8.25538
9.71938
10.4937
7.70189
12.3369
7.39412
12.8996
12.3078
10.2202
11.1894
9.29877
13.5955
9.89883
9.87615
8.2064
13.4885
12.8969
7.54605
12.7614
7.64399
11.0314
8.09321
11.5159
10.2489
12.9708
13.147
10.5719
8.16849
10.2432
8.87578
10.6673
14.5926
10.6528
12.0303
7.09087
14.0029
5.98327
9.61116
4.86337
7.78785
4.53432
13.8842
12.0287
6.07183
12.7374
14.6667
14.7785
13.2754
8.81517
5.24653
9.96474
6.07395
5.19227
6.08012
13.0045
10.0885
13.9085
13.1283
14.0854
9.56586
12.7565
5.79708
14.8898
10.2793
12.9016
5.74147
10.5663
12.101
4.24328
13.7885
12.09
14.145
11.1858
5.67292
8.52172
11.2165
12.3385
13.4408
14.6979
14.2123
14.2461
10.0866
8.23873
12.7114
9.08068
11.3193
7.14716
7.33711
12.8177
8.74659
13.9841
11.2751
12.4399
9.98141
13.5758
5.91622
13.5274
7.88335
11.4434
14.0335
10.341
13.9465
13.2331
7.99641
11.3179
10.4233
6.07895
12.0529
9.72492
13.968
10.1204
10.3828
8.39732
7.88217
12.4865
11.0253
7.25626
5.68243
8.21411
10.2922
8.92664
14.9671
14.222
8.9493
8.69628
7.51832
9.37981
13.8576
5.57317
9.1436
10.6055
14.6842
10.1826
7.01359
12.3452
7.30818
9.78382
13.5413
13.247
14.5616
14.346
5.90997
10.1158
8.42387
10.8308
5.64394
9.79183
8.70008
9.25427
7.20994
11.2339
7.84829
9.14075
12.0715
14.7653
5.7562
11.5793
13.2899
13.2208
14.9608
10.7701
5.85677
13.076
8.14028
9.94586
10.7703
12.2918
10.9621
11.4838
8.23528
6.30647
11.0322
8.17295
14.0565
6.50085
9.5866
14.1759
14.206
8.50702
12.4272
14.5575
13.0425
12.2442
14.7956
14.6548
10.826
12.4939
9.16052
9.30042
10.0701
7.62377
6.53853
12.0014
12.7896
5.52495
12.4762
5.97063
9.61715
14.8162
12.053
6.34951
11.032
9.58517
13.2524
12.644
12.8866
10.9387
8.59272
9.70449
10.8687
5.07963
14.4215
12.0426
12.7223
12.1675
9.17463
4.98476
12.3436
14.1503
11.2376
14.0599
8.80747
13.7931
12.1495
12.8622
12.9657
9.89343
9.95205
5.30235
12.8664
13.6435
5.90049
12.8529
10.9972
12.1593
11.3083
12.2268
11.3313
12.8391
8.61066
14.0631
4.2767
6.34776
7.40651
6.25022
7.04975
6.58073
14.7361
10.9678
5.84382
10.9702
12.0831
6.28508
10.5399
10.1703
6.03596
7.72344
12.0063
13.6175
13.1701
9.97398
12.5892
13.2976
12.0639
14.2722
12.0678
12.7297
14.9395
10.837
12.1431
9.24941
9.78159
11.5009
13.3421
11.2974
10.9692
6.32122
14.1074
13.5711
10.582
10.7668
6.31402
13.9207
14.655
14.2902
12.7084
14.8966
12.8966
5.5183
14.3792
13.1277
5.66871
10.1117
13.3275
13.4917
14.6707
11.1655
10.9407
12.6959
14.6687
10.5263
9.9547
13.6408
11.448
9.17289
12.0233
12.8135
12.4128
9.74112
9.37615
6.30389
9.26221
14.8433
12.0044
11.0781
9.51874
9.46117
6.39798
11.4808
13.2387
14.4842
11.1084
12.0101
8.67075
13.3668
12.277
8.17766
9.76555
13.5751
10.4851
9.91049
11.7232
13.3315
11.1146
8.69094
11.1305
8.464
12.1989
14.6802
8.27824
9.20576
9.5507
8.91796
10.8983
9.32996
6.53716
12.3802
9.87651
11.0796
8.24762
12.7887
12.8896
14.3319
6.51912
10.9966
8.4187
10.9084
10.0206
12.4017
12.6252
14.1082
11.0258
11.315
14.9681
14.7499
5.72134
4.31642
10.1218
10.7314
14.3969
11.7875
8.60729
12.5166
13.9725
6.95066
14.9328
6.56551
6.74324
8.21506
11.3688
14.124
11.4809
14.8309
12.7729
10.4921
10.6062
12.007
14.1606
12.4539
10.8201
9.95363
12.7116
13.4814
5.83197
11.2377
12.8972
6.54287
14.3947
9.84239
13.5907
13.249
10.1197
12.3363
14.6664
11.2521
13.8004
5.23211
8.51159
9.05661
11.5444
10.7856
14.7889
9.5171
11.3741
9.82803
8.80963
9.0252
11.5858
14.5082
11.2013
9.00277
10.4698
11.0277
12.0201
10.3785
11.9848
5.81202
11.3823
13.4114
5.48366
14.9692
14.0158
5.01184
14.4674
9.45817
14.4284
11.6035
11.0428
13.0486
10.2661
11.2104
13.3293
12.1978
10.8974
11.3868
6.17004
7.51544
12.8432
14.8258
10.263
11.0339
9.8394
9.37252
11.1253
10.4466
11.3065
8.54858
12.7621
8.52713
6.77227
13.2369
6.54184
14.5738
8.49258
7.60655
14.8658
9.40407
10.1876
11.2139
7.58794
8.38465
10.0773
10.4413
10.7954
8.92453
9.81036
12.5134
11.1968
12.614
11.6298
4.55324
11.9391
11.0694
5.84148
9.10904
12.2079
14.0529
8.54123
11.6554
14.428
11.6048
12.265
9.95739
13.1824
5.75916
14.327
5.45884
10.9448
10.7541
10.001
9.40349
13.0206
8.98829
11.0135
13.0192
11.0191
10.4113
13.9072
9.6964
4.54002
8.06314
13.4225
10.1265
9.73662
12.104
13.596
10.8432
12.2923
5.92289
11.0487
11.8798
9.21704
13.142
10.0925
13.2225
12.5012
9.77942
10.096
10.9057
10.4754
8.32768
14.3651
12.0166
11.3451
5.06631
14.7672
6.99381
8.20055
6.29017
10.439
8.07691
14.1002
7.26532
8.90996
9.62582
11.6086
10.204
14.6089
12.2711
14.3825
12.4232
13.1202
10.5339
13.6231
8.86326
8.20076
14.8089
9.11589
9.9356
8.25109
9.2747
8.67899
11.9417
13.2622
9.96115
14.9421
11.4019
13.3565
13.3212
11.6956
10.9001
10.4959
8.40776
11.4517
11.6791
13.7778
6.07599
13.0469
12.6516
11.9481
12.8624
8.29673
9.85713
14.692
13.5331
9.684
9.96496
10.5948
6.06413
12.0569
14.4443
8.78605
8.60537
11.4066
7.49374
11.4549
13.6375
7.87718
4.39141
10.3186
11.6156
13.2552
13.8779
13.1539
10.3576
6.82
12.7554
4.23607
14.3443
10.929
8.5315
8.09486
10.7944
12.4104
14.8028
14.684
14.676
8.02916
11.5117
11.283
13.4329
10.0331
13.738
11.4294
10.2949
14.2835
11.5399
13.9133
9.51917
6.15794
9.7462
12.75
12.4487
13.0501
6.90145
13.7311
9.54083
12.5087
7.3162
6.97311
9.75664
10.1208
8.69438
9.53642
9.61407
5.00862
13.1617
11.7406
12.5089
13.1284
11.9835
7.41303
4.81037
11.476
8.91365
8.45745
6.63604
13.2307
11.0193
12.7294
12.3639
13.4889
12.2018
9.89901
12.2409
10.6026
4.37095
9.2946
8.90648
12.001
5.89066
9.56313
11.6383
13.5278
13.6452
5.24711
10.2764
12.2372
11.4037
9.5398
11.0993
8.53717
5.74184
13.8218
14.8352
10.1505
12.7177
13.1533
6.54779
8.60546
6.06776
11.8916
11.3703
10.5637
13.8207
7.23884
13.5205
11.1734
6.80449
14.4257
6.18201
14.0843
11.2324
8.00338
12.7346
14.6734
14.8124
11.9691
10.1783
14.4041
9.1909
9.13393
13.3276
9.29193
5.64347
4.76727
11.8509
10.507
12.693
9.63538
12.9859
8.91381
7.03428
8.7407
11.9776
9.91628
12.7591
9.57586
6.69215
8.348
11.2539
9.74949
6.56073
10.2241
10.2017
14.1807
14.7904
14.5555
14.0936
7.10241
9.22632
8.25161
11.3399
11.0552
9.67418
13.5502
11.0331
10.8613
12.9952
8.90813
6.33843
14.672
5.38436
3.83938
13.031
10.7789
14.1615
8.55006
11.8511
14.2573
10.559
14.3596
13.2536
5.58593
11.7893
9.70059
13.2962
8.25998
13.8975
10.6821
5.51195
7.76209
5.65777
6.04482
6.817
13.8619
12.4296
9.93388
11.1683
5.39687
10.1429
10.0215
12.9751
13.6977
13.4421
7.21206
12.8312
11.4476
10.3011
6.76233
13.9437
12.193
10.707
8.45428
11.7869
10.9664
10.9507
13.0012
10.3333
10.6837
10.8134
9.88532
14.4738
7.12844
9.15893
11.5142
9.96475
10.3999
8.44933
13.7319
6.82706
10.4638
13.6519
7.97247
6.59744
8.54645
8.74337
12.1131
12.4238
9.53019
6.55481
13.9324
8.05084
9.99659
7.46186
10.4918
9.56284
11.1825
14.9742
6.00662
10.1528
14.2492
9.86579
13.4674
8.11384
11.4083
8.68642
8.54061
14.4966
10.8989
11.9954
10.8237
8.28797
10.8427
14.2417
9.68228
14.6437
9.45982
14.6885
12.1571
10.8873
10.2786
10.1147
11.0009
10.1784
5.53308
12.5165
12.8077
10.491
7.78028
10.7556
6.18876
14.2328
5.39202
11.4885
9.77353
11.8282
9.54741
12.9203
13.2516
6.34483
11.2962
12.4221
11.2765
9.22747
8.07106
11.5909
12.2199
14.149
13.0063
7.46396
11.6674
10.1364
10.7199
8.22573
14.0567
12.3839
8.54698
13.9989
14.1909
7.80487
13.81
11.2093
11.754
9.29024
8.34289
8.44998
9.67795
8.94701
8.16631
8.87799
10.924
14.8625
11.3046
5.54049
5.76727
11.8741
11.643
13.5883
12.3003
8.71273
12.4927
10.1949
10.5062
13.6545
11.7639
12.6633
13.569
10.1627
7.74312
9.81436
4.54459
9.84975
14.1762
9.82837
11.2895
8.8647
13.6615
8.40385
14.6432
9.3654
13.1758
9.88881
5.00751
6.57837
11.0905
11.1686
5.00319
12.6467
14.9761
6.05466
14.8753
13.3515
11.9444
9.26632
13.4523
12.6605
13.6778
9.83843
13.7735
6.51278
12.4885
5.75182
5.51357
10.9598
14.1189
11.9327
12.3771
11.3999
10.9435
12.5444
10.0333
5.88502
13.238
9.87039
14.3429
12.2133
6.05714
10.258
13.7245
13.6588
10.4751
14.5289
14.8178
11.9682
14.2723
13.7244
11.3344
12.5221
13.2589
11.5572
7.75129
12.9808
9.54563
11.1878
12.6537
4.18107
6.681
9.60519
11.4912
6.59221
12.9166
11.1302
12.2049
6.49471
13.7536
8.74387
12.363
14.8919
10.2239
10.4865
11.2504
14.1188
9.42686
10.1576
5.63773
8.65365
14.9549
11.6114
13.3029
5.54465
11.2445
6.07971
12.1106
12.8749
14.91
12.3906
10.1474
10.905
12.2612
8.51514
12.0717
9.38351
10.3899
9.99614
8.01595
14.4701
14.4244
9.4436
10.3253
5.89713
8.9207
10.5291
14.2511
11.3078
10.2385
14.9904
8.79558
11.1451
12.4394
10.0797
13.3929
14.1103
12.9357
8.10202
9.31071
8.80631
11.27
6.54798
6.1539
9.89435
13.9805
9.63991
11.0347
11.6314
8.12765
8.37116
8.96958
11.6344
5.19486
11.3261
10.3024
13.8433
7.50743
11.6868
14.7145
13.1266
8.97867
12.4495
5.15129
8.9541
12.3932
10.322
7.75458
11.3947
10.1852
14.7294
12.1729
6.82947
10.1866
12.5843
13.9255
6.95544
13.3833
9.10095
10.2183
8.00184
9.64315
11.9709
13.7172
10.323
12.7598
11.9223
13.0664
13.5717
14.1261
4.55517
14.3866
9.81545
12.4136
12.0666
13.1976
7.53772
9.57541
12.2737
12.3748
5.51265
13.9645
12.9271
10.7898
9.30896
13.6174
5.67736
11.6682
13.7961
12.875
14.9686
11.6642
11.9321
11.9335
8.09048
13.1686
13.796
8.34234
11.4259
14.8041
12.4077
5.97259
5.62571
6.46184
10.3487
10.3498
12.4518
10.6106
12.1051
9.8666
9.01771
4.16045
12.3302
12.4296
7.14014
12.1704
12.2974
12.6827
8.48839
5.2347
7.5573
10.9767
6.31064
14.7819
13.2678
4.00199
5.80126
4.2767
13.3882
13.0685
10.2504
14.3318
13.8441
5.33353
9.42268
14.2089
10.0262
10.4718
10.1074
14.3059
14.1782
9.69568
14.8979
9.40135
10.0338
14.36
8.29799
12.2254
12.5387
11.4495
10.0819
5.53344
9.87703
9.87296
9.73668
10.5998
14.2201
12.3765
6.24289
13.6484
10.8311
7.95751
6.48614
10.9321
11.7804
12.4423
12.8731
14.494
9.11542
14.1848
14.4422
13.7148
11.9756
14.1653
14.7455
9.37491
14.5601
6.05965
8.68289
10.6437
6.14941
10.1721
9.23918
14.5867
10.5491
10.0673
8.52816
5.79097
9.99768
11.123
5.96429
13.2287
11.2572
7.8744
9.92778
5.82883
8.58936
7.11438
10.5793
11.923
8.85047
9.99724
11.6448
12.277
6.96638
12.546
9.43133
11.7549
12.6703
6.25964
5.96819
12.8843
5.62216
5.7738
11.0485
12.3781
13.9574
13.227
11.7743
12.7281
13.3464
13.5402
10.6004
12.9568
11.3801
13.7623
10.0041
12.6461
4.61523
6.00015
13.3509
11.5592
12.6186
8.44589
13.3332
12.4219
14.427
13.6811
11.4347
7.0936
14.5356
5.48555
9.75334
9.99709
13.4164
12.4818
11.9088
13.8151
9.98878
11.748
5.36808
11.6245
14.9183
7.02268
11.8255
10.0236
12.0767
14.7634
11.6083
6.603
14.5262
10.5255
14.6864
13.1048
14.4654
7.36902
8.40235
14.6831
12.081
14.465
8.5025
13.2902
13.5641
8.48742
9.5511
8.78273
6.7285
8.42245
12.252
11.1493
8.36159
9.71949
9.09684
6.94051
8.61225
12.3247
11.3336
8.85732
9.97945
5.7551
9.56544
6.53855
6.26039
11.8423
8.66301
14.2488
14.6934
14.01
13.9083
12.1726
10.9858
12.625
11.7351
12.5431
13.2389
9.63702
5.65315
13.4192
10.1159
5.03441
6.04891
11.0983
6.85492
10.7065
6.61402
9.60283
14.3893
10.2562
6.25834
7.09384
12.1145
7.45344
6.87094
9.74667
13.1154
6.44459
10.2317
8.79402
10.8226
12.2391
12.4168
8.14052
13.5654
13.1992
8.82383
13.7931
6.03463
11.0323
10.8574
11.0104
10.9195
10.438
7.71616
13.5033
12.2488
7.23299
14.9824
5.77704
14.6455
6.31863
14.5399
11.1939
11.9501
6.03923
10.6727
14.0797
14.498
10.1933
9.25538
14.0274
8.50808
9.02931
14.0217
9.9682
13.9211
10.8012
12.069
11.2873
13.656
6.18884
11.6121
10.6878
13.8709
12.1848
14.6848
10.7965
5.6506
8.85616
11.863
11.3645
13.5086
11.8193
13.6879
5.29813
10.8448
13.8155
12.0056
6.97702
14.8944
13.43
8.35793
10.2742
8.99978
12.7993
13.2574
8.84398
11.0296
9.72304
12.3572
14.9658
12.9964
9.60227
5.90943
8.38791
9.82249
9.21053
7.12006
12.5327
11.3652
10.8779
12.5343
11.8594
9.3008
7.29208
8.58205
5.04527
11.0927
5.89787
8.3475
9.50721
11.5837
10.6993
6.76359
8.87021
10.2768
11.55
9.24675
14.8018
9.11655
10.5987
6.52591
11.9498
14.3121
7.79781
11.0906
7.68292
13.4806
8.5724
11.1919
12.839
7.142
12.5317
10.0132
5.35621
7.73851
13.0392
12.733
8.37458
12.1414
6.1432
12.0521
10.9237
9.76983
10.026
12.4827
12.766
5.69122
14.3521
14.0028
12.2455
13.3434
11.0759
14.3208
8.4132
14.6079
9.49876
11.6682
11.3976
8.65206
9.26025
14.7292
11.8992
6.24871
11.2766
11.8849
6.07597
14.8935
10.4015
12.2687
9.61108
14.0411
12.9153
10.1259
6.29105
10.5469
10.8199
13.2747
8.50101
11.6221
10.3281
12.0005
7.55918
7.58167
13.7599
12.9892
9.75744
13.3852
4.84038
12.7683
10.5517
13.856
11.8796
8.35408
14.7225
14.5863
5.09194
10.9211
10.5547
12.7524
12.9292
12.0584
14.6046
14.6523
12.7611
14.3828
12.5068
12.082
10.5026
13.619
14.0209
14.651
12.2731
9.12511
12.2674
8.18403
6.90231
9.807
11.0009
13.422
5.82712
14.4236
14.7962
13.7676
11.6262
12.1317
7.1896
11.5382
14.0865
5.34782
9.37521
12.8828
11.3726
14.5443
10.1106
10.3577
9.12386
14.154
12.1064
8.85825
9.06215
5.84688
5.98208
12.6722
13.3501
14.5154
10.2958
9.15473
9.63093
5.9296
9.4476
14.8485
8.46694
10.062
13.5431
11.5484
14.6852
13.0015
9.56845
5.76746
6.066
8.88705
11.3319
14.9566
10.0552
5.49998
13.8131
13.0343
13.1535
11.7301
7.06731
11.6428
13.54
14.7289
6.06049
12.9682
13.4206
13.4719
10.006
5.89543
12.0234
10.0742
14.1449
14.4907
14.5963
14.5407
12.7104
10.1745
9.89452
13.5728
9.84287
5.87441
12.847
8.36385
14.6035
11.4507
9.58186
11.5292
6.57902
8.71372
11.8717
7.01939
12.2589
10.4701
13.2676
11.2392
11.9012
12.6754
12.5772
9.5107
9.20192
14.0221
10.0185
10.1366
12.3505
9.13752
6.26889
12.0414
11.201
7.86839
14.058
12.4534
14.1526
13.7114
6.07677
8.9206
7.53422
12.9981
8.31101
12.0746
7.77911
12.2113
12.0839
10.7254
10.3403
13.1046
14.9297
10.9227
9.3979
12.0668
12.0746
11.2021
9.49835
12.2059
8.64698
7.64645
9.50743
12.4545
10.822
11.8075
6.72163
10.0663
12.3632
8.33838
5.47317
10.4436
14.0377
11.7458
6.47432
7.53415
13.7673
14.8669
14.9135
13.6507
6.0009
11.4365
13.7594
8.49624
8.98465
14.9342
11.7895
12.2305
12.1502
9.59838
12.1198
14.3646
13.1997
9.65987
8.30078
13.1919
5.25894
13.3599
10.6931
9.98681
10.6569
11.4721
9.42346
12.3873
8.28175
13.5904
12.5197
9.37235
8.51752
13.2814
12.26
6.31798
14.6927
5.5122
13.228
10.467
8.39447
9.23201
9.68657
8.96323
9.94261
10.3096
7.37555
8.483
9.94741
6.9888
5.95927
10.1738
12.577
14.583
10.2612
14.9357
12.8396
10.875
14.5284
12.644
10.4958
7.6191
12.971
5.26281
9.98076
6.41885
11.593
14.1344
12.2951
13.0113
9.4641
5.3119
6.10152
13.6383
5.79662
8.72162
11.9056
12.6845
11.8093
12.6493
8.10139
10.2237
14.9191
14.7596
7.58198
8.63522
13.714
10.513
8.26334
9.55882
12.4143
10.5197
14.3729
7.47705
9.39991
8.37401
12.6267
10.427
6.41936
10.9656
13.0838
11.9242
12.2868
14.5881
8.34919
12.4474
4.12204
14.5996
8.21298
9.77253
4.43299
13.6823
12.3203
10.8255
14.2795
10.2867
8.69851
9.35755
11.522
12.6149
10.4689
8.49353
11.5567
10.1836
10.1028
12.969
13.6315
8.96459
9.4413
13.6333
13.1861
13.042
13.7597
10.0092
9.84935
7.49666
8.06019
5.43783
7.504
13.3084
9.9149
11.6222
14.8413
10.17
12.1977
8.62472
10.1118
8.85265
8.50213
11.4151
5.64405
10.324
14.0325
7.67314
13.8412
5.42532
14.4285
13.2412
12.1574
13.1656
8.86238
12.7406
12.0018
12.9189
11.9316
12.2177
8.28577
7.5264
14.5644
7.16792
14.7095
8.3066
13.5223
13.0803
12.4537
11.7689
6.79078
9.00191
9.97215
10.9104
8.49681
11.1828
10.2463
14.6604
9.55496
6.77534
11.4275
12.9941
10.6065
9.6091
12.2841
8.38108
8.98553
10.0222
8.16431
12.6186
12.4211
14.4189
5.76499
8.6241
13.4864
13.8362
8.68773
8.3859
10.1525
11.935
7.60333
7.99188
11.3304
12.5721
13.231
14.1061
12.7585
11.3964
8.63655
11.1894
8.81026
5.1444
12.1406
9.2484
11.9149
14.7696
11.0927
12.0975
11.0605
9.23418
8.42761
6.28667
14.1293
9.90118
14.1673
5.76488
11.1725
12.2773
14.11
11.4281
11.8562
14.4475
9.68436
10.4474
10.8191
12.2927
11.6691
14.5111
7.19875
12.1015
9.41155
5.94183
5.41107
7.86002
13.8473
13.8132
6.85469
14.1581
13.2178
11.8896
14.857
10.6224
13.3044
14.9004
14.0594
14.9672
10.461
14.6438
14.4043
8.62925
6.05012
14.1619
8.47153
11.3672
12.5368
14.8196
14.1104
6.39054
11.6317
14.8033
12.1161
9.30508
14.1373
12.0048
7.41639
12.0348
13.3471
8.66848
14.2486
6.45355
5.1122
10.6016
11.7464
5.18998
11.4449
11.0829
11.4417
12.0047
12.5027
6.26347
6.84848
14.5187
8.93874
11.2855
9.25439
13.8704
10.8227
10.7836
11.9472
9.80839
5.27769
6.38785
13.128
10.6026
6.33261
8.34609
6.70203
6.33758
13.241
14.9969
13.8299
11.9502
10.7922
7.8027
9.2989
11.5162
9.2146
8.19959
11.4809
13.646
9.44145
13.7721
9.02324
11.6965
9.87496
7.81513
10.3181
7.92044
6.0353
5.07602
8.36578
5.91752
14.7089
14.1559
12.5465
11.4823
11.2075
11.2249
12.7754
14.2867
6.20327
4.43752
9.75393
13.9318
8.29688
11.8141
8.93128
13.7505
12.8736
10.0777
10.788
14.9312
13.6744
10.7347
7.55593
14.6094
10.1253
12.8359
10.4838
12.0935
11.9243
10.0653
12.2225
9.81213
7.30816
9.66975
12.5221
7.53913
10.7369
7.97112
11.3385
11.1646
13.7217
13.2862
7.74108
11.629
14.7552
11.0688
8.58961
8.11542
6.16906
11.5577
9.88098
10.3138
9.26791
12.1813
12.8762
13.3916
6.15506
10.5073
13.6087
7.96244
14.631
13.2435
7.29873
14.2421
13.7005
12.7428
7.62209
8.00461
13.0845
14.9926
13.7333
10.0056
9.82241
12.9805
5.89247
14.6486
13.4251
11.1
10.6006
5.75529
6.16956
13.0704
12.7373
11.2666
14.8039
10.203
10.2142
8.57434
9.74269
13.3131
12.8868
14.6085
11.1709
13.0791
12.2399
12.0472
8.53505
11.2714
8.95091
4.8146
14.3576
8.83284
10.921
12.3908
9.81723
12.2219
14.6029
14.133
9.6131
7.21388
11.4082
7.50872
11.039
14.2552
9.98153
10.285
7.63536
10.14
12.671
5.42019
10.657
13.5055
12.0443
13.976
13.0501
9.79506
10.1949
14.8674
14.0589
14.6144
10.1686
10.4136
13.7094
7.57646
10.1269
8.25087
4.96681
10.4258
5.50991
6.07635
11.5272
13.6879
10.5845
13.2941
14.7607
13.7198
5.26475
8.11899
13.2596
8.55052
12.4968
7.1721
14.589
13.5238
10.1806
7.01039
14.1899
14.1621
12.7059
14.5883
11.6851
13.1744
10.5193
10.3855
7.75885
11.5511
9.83602
10.2438
8.83116
13.2094
8.09203
6.22197
12.0012
14.1753
4.58638
13.9131
14.1229
12.5748
12.8994
7.55595
9.72388
13.8395
10.4768
14.2177
14.1314
14.7779
13.3864
12.0804
11.1908
8.67401
9.95547
10.7114
12.3005
6.99884
9.84614
8.73024
13.6404
8.61811
14.9239
9.99633
13.1664
14.8069
9.76061
12.6544
12.3588
9.98176
9.26068
12.9092
11.6906
9.97123
8.57595
9.85094
12.114
14.8669
6.09674
10.1055
7.3145
9.36074
11.2195
14.7844
11.1446
9.55577
13.4325
11.7053
9.80465
14.9313
12.2326
6.06649
4.71573
7.85981
10.0694
14.5515
6.1553
5.57922
11.9658
8.58977
11.6156
3.92047
6.21354
10.069
14.5832
13.6557
11.0775
8.98895
14.3433
14.0535
10.3073
10.3024
9.94808
13.7634
10.0531
7.0484
12.7573
6.70873
13.431
9.9079
12.7087
10.5282
9.19379
12.8142
7.55188
11.662
6.57438
12.3555
8.80624
13.3681
14.5305
7.13207
10.8007
8.12084
9.99588
10.7373
13.1353
12.8679
7.28796
10.3088
9.17931
14.0457
10.9143
8.26056
11.7753
6.67503
10.3191
10.6838
9.87999
13.9355
11.1679
7.87171
8.48573
9.20031
12.8747
10.1441
6.2136
10.6022
10.4413
14.5859
11.8562
6.37257
13.9409
12.857
8.92477
11.7197
9.92555
14.9683
14.8121
13.6377
11.6096
12.0934
6.53699
4.63102
6.4441
10.9645
11.2008
10.4384
13.5417
7.39228
10.4339
12.6939
10.1075
11.2636
12.4012
10.3269
10.2629
10.5085
14.1798
6.445
12.2275
13.5874
10.5187
13.965
4.56316
9.41229
11.1145
12.5665
8.42978
11.651
13.034
10.1999
10.1362
8.43757
12.4453
14.2862
13.0824
12.1846
14.0545
8.55733
13.2391
12.0505
14.7863
14.1546
13.8078
10.1445
12.5992
13.5807
10.438
13.9187
14.9047
10.6924
11.8436
9.09326
10.6967
5.41976
13.4689
6.63728
7.0067
9.24577
14.0497
13.0752
9.97959
5.54459
6.2827
13.172
14.242
9.36753
12.3361
6.77168
5.45691
10.8325
12.4524
14.0473
11.9467
13.1718
10.8066
12.5939
7.29327
11.9417
12.9336
13.0868
13.5296
13.2309
6.99267
14.5375
13.8774
13.801
11.2369
9.9206
10.2738
7.61146
10.8809
8.77176
7.12203
10.9861
8.22642
9.7588
14.019
5.72609
9.63852
6.76745
8.5362
5.99123
14.8507
13.8807
5.63076
11.861
12.3746
11.55
14.5713
12.4024
10.7321
9.65088
10.7777
11.312
12.8764
12.2237
11.5573
8.09544
11.7369
11.8897
9.62111
8.5506
11.5414
8.53129
10.5776
6.11378
11.8074
13.9445
8.25783
11.8928
13.5807
14.2848
9.47538
12.0989
12.6372
10.3288
8.38533
10.0954
10.123
9.38829
9.20318
8.86527
11.9896
11.933
5.81797
13.6702
13.2609
9.60097
10.0841
7.06134
11.5533
11.9334
10.5343
13.0999
9.09672
12.4756
11.3615
14.1387
14.6674
13.1178
9.93742
9.88833
9.65806
14.9568
13.6986
6.12434
14.1667
11.8149
14.5754
11.5588
8.55018
10.6373
9.34458
11.9258
8.23024
8.7783
9.58199
9.43974
7.17023
11.2783
14.341
11.3973
8.87294
14.7407
12.9385
10.8662
10.1957
6.10559
5.27376
13.5662
13.1154
6.06684
8.97462
13.1181
13.6596
6.79773
6.3236
14.9744
5.3303
13.8528
13.3034
6.02345
8.54298
13.2583
14.0242
6.85054
6.34598
6.46701
8.57219
5.26229
9.77575
8.87825
10.0435
14.4499
9.5614
6.8568
14.5589
13.6023
8.55425
12.1133
12.4693
11.0704
10.0126
9.36345
10.7627
10.5188
4.88755
8.6785
10.2743
14.5494
5.09881
6.21124
9.51726
14.9231
14.9389
14.7472
11.1314
11.8603
13.7724
10.9543
12.1475
9.35239
10.32
5.52951
8.82283
11.9769
14.2935
10.5906
9.98361
11.197
9.80142
14.755
9.05561
10.2942
5.99116
10.7507
12.8474
9.51415
11.0957
10.8609
10.1035
10.1623
5.99576
12.8273
13.0839
9.58409
13.1157
12.5029
13.758
10.9185
10.8648
14.2744
14.2061
14.2951
11.2873
9.95078
14.3815
8.6154
13.5624
13.5413
7.08709
14.7172
10.7758
10.7556
8.68841
8.63263
12.6855
12.5939
5.80549
5.50246
12.1624
8.8227
9.51367
6.32439
10.8904
9.54751
13.2836
12.8191
11.4461
14.1075
11.9968
14.3404
11.1955
9.754
8.34528
5.06791
10.2309
9.65284
8.23814
9.48535
7.10965
12.164
14.9729
10.0882
6.34755
5.1355
12.47
9.96625
6.26024
8.53127
7.8187
14.2385
12.649
13.0338
10.4283
7.03366
14.2922
7.91437
12.9205
13.7446
11.5999
14.6776
8.39265
5.50503
14.9978
13.7509
11.9145
6.368
10.5644
13.6619
12.0777
11.1979
12.3383
9.8199
10.4197
14.3728
10.1151
7.06205
13.5595
13.0988
13.7064
9.33228
12.9713
9.70706
5.03703
7.24684
10.3133
10.5201
12.025
9.96203
13.0376
14.2298
14.9496
13.1483
11.639
8.48666
14.5862
11.8851
14.6502
14.5457
12.6594
14.1417
6.77118
8.71829
11.019
10.0447
6.10676
9.21782
9.30992
11.0142
10.1334
14.9166
12.2827
11.0485
9.30757
11.7908
9.90621
9.5027
14.0117
12.6248
9.88076
14.372
11.5417
13.8145
10.4138
9.81075
13.761
12.3731
13.4617
14.5104
14.5308
10.5085
6.17724
14.0006
8.2453
6.02125
10.8311
10.7535
14.1164
12.9893
10.7909
5.3353
12.2872
8.11877
11.1355
14.9349
9.78633
10.5601
10.5989
13.8508
7.4139
5.86493
10.5107
10.1097
5.83494
5.48715
9.39062
6.69858
12.1778
9.09579
13.0417
12.6133
5.74041
14.0063
7.74302
14.7916
12.4244
13.9448
12.725
8.05707
10.3934
14.1825
11.9613
5.54684
10.5875
9.82534
7.17519
12.9289
14.4139
10.0896
12.8972
10.2716
10.9602
7.99475
10.9199
5.54662
6.2909
14.3084
13.306
11.2884
8.67667
9.03392
13.2523
12.4882
10.2463
14.4985
6.48912
13.7533
12.7178
12.1042
11.0714
6.04782
14.2254
10.1231
13.9784
9.97819
9.55321
10.4319
9.18238
5.17739
7.00015
12.1989
14.1144
13.7587
10.4094
9.67333
10.13
12.8836
12.7305
7.46292
13.4384
12.0079
13.4034
10.687
5.56445
10.533
10.5754
5.76094
11.8562
10.9782
11.2275
9.05038
10.8642
8.72177
13.2555
8.02785
8.48528
13.6669
12.144
11.0387
9.42779
8.91031
12.7006
12.134
9.74751
13.164
10.4255
9.16126
11.9451
13.4436
10.808
8.79385
6.2152
12.8969
14.3582
7.44319
13.9941
13.8472
9.47186
14.7989
8.51608
5.41001
6.37807
12.5523
10.4763
12.3493
12.8427
13.264
13.365
14.2729
11.551
10.6249
11.7007
14.15
11.1903
9.826
11.5434
12.6166
9.07343
13.545
12.6088
13.0657
11.6986
14.5008
8.77539
11.5183
14.605
8.81031
6.90428
9.7329
10.6044
5.37566
7.75311
11.386
6.02022
6.67297
11.1039
10.5603
11.2676
13.3039
9.3182
9.04012
8.51243
11.4739
6.03935
4.79288
10.1983
10.2245
8.88038
9.89332
11.5025
11.6166
12.03
5.81047
10.9045
14.8985
14.8889
11.963
12.1242
11.2172
10.7171
9.70183
5.67441
13.1724
11.5856
14.7314
9.01591
10.9108
7.94184
13.1599
13.2959
12.6732
14.0726
13.5612
12.2491
14.2166
9.97539
13.3592
5.53861
13.4683
12.3121
9.23653
13.0106
14.2476
14.3438
10.0791
14.3871
4.38664
14.8166
5.16422
5.48937
14.1052
5.91416
13.1817
9.54676
10.4466
14.4745
10.5621
9.19448
9.2092
9.49317
10.9346
9.50899
14.7838
8.47169
6.46107
12.386
6.52214
5.94709
11.7554
10.4499
10.7771
12.5128
9.175
14.8895
12.7269
14.912
8.65658
8.73226
13.9591
13.9715
12.6158
14.7075
11.0958
12.996
5.40495
10.2523
6.26093
8.51074
13.659
14.3314
6.98995
7.05537
9.87917
8.48873
10.1814
11.192
7.45148
10.2608
14.4057
12.167
8.62293
8.89686
8.61777
11.747
11.2926
9.21268
8.66056
11.1063
6.14882
7.50971
13.3549
7.10321
10.0951
6.90116
6.20314
10.1384
5.91473
10.3661
4.71652
9.26465
11.8981
11.1692
9.03836
6.39121
12.4758
6.18112
12.8294
6.52698
9.23607
13.9104
12.4418
12.7574
8.67389
13.2909
5.32064
13.2252
5.2351
12.2134
11.8989
8.41337
13.7108
9.973
10.8194
12.0934
13.4791
14.6376
13.1589
8.78759
7.94401
10.9956
11.667
13.8894
7.41427
9.3948
10.2257
13.6369
14.0432
12.2061
10.181
8.93369
13.162
10.7418
10.7744
8.57524
14.8579
13.0155
10.2712
6.31045
5.13735
5.24527
13.9562
10.9131
7.5773
5.64287
9.79542
5.46251
9.4947
6.11675
10.6726
10.2871
5.88813
11.3667
13.1654
14.1823
8.89683
13.6456
9.97169
10.4075
13.6957
13.4451
12.1784
9.76682
12.1377
7.25919
10.7218
13.5596
9.72226
10.4664
9.42983
5.80409
14.3592
11.2264
7.67872
8.34813
13.7482
5.47894
12.0031
13.3604
8.85875
10.1117
14.7922
10.7465
14.4461
5.78899
6.55219
6.20664
10.7709
11.7867
11.1743
12.5762
10.827
10.5046
9.03796
6.0531
9.95672
12.6304
12.1181
8.79323
13.9156
10.0927
13.9677
12.6588
13.0787
14.6168
10.9817
14.9158
8.71325
12.0162
13.5224
8.77093
13.7783
9.54728
10.2908
11.0007
8.57952
8.46286
11.7172
9.0563
8.19522
14.2393
12.0638
11.6017
9.2551
10.371
10.4548
13.876
8.91426
12.2136
14.3689
5.38993
11.2619
12.7455
7.87826
11.894
12.3961
5.63071
5.44198
11.2656
14.1492
11.6666
10.5178
8.60678
8.91996
7.06939
9.87632
11.1107
13.4981
10.2314
10.2555
9.19696
9.31739
11.8532
9.84766
11.4796
13.4241
13.1105
12.5845
8.33259
11.2826
5.35436
10.8554
12.7483
8.77306
8.4071
8.31443
11.1701
12.5674
5.87576
13.2092
12.7397
14.8644
13.0788
14.5532
10.0572
10.4735
12.9663
11.1694
11.5472
13.6466
11.5238
11.6434
8.37843
6.05151
4.36375
11.2201
5.8998
5.84996
10.6218
14.3943
12.8513
12.3248
9.99538
12.0344
12.569
14.1462
9.78408
6.53875
10.4232
9.59537
12.425
9.99144
8.66257
12.1239
6.00086
12.7713
6.89395
13.8822
9.37684
11.7441
8.63515
5.40315
11.3376
11.7853
6.48524
10.9341
8.22143
7.28946
14.3909
10.3975
11.054
14.7873
9.74954
6.85285
12.7793
5.12269
8.52734
10.6792
11.4537
9.92777
13.1047
10.3257
9.89437
11.1756
14.6229
14.1493
13.6619
14.0504
10.8621
11.6481
14.0935
12.534
5.61308
5.98607
7.02298
6.23345
9.37756
13.0475
13.5985
12.1826
9.75236
9.64566
14.4184
14.4427
9.0368
9.78501
14.4032
10.4839
10.8431
9.5837
8.54853
14.0316
7.47457
14.9559
11.8878
13.382
8.55293
11.656
12.0033
12.027
10.9506
12.5477
12.2455
10.3836
12.6766
11.6238
14.4135
14.468
9.80969
13.7189
10.0407
12.8184
11.3378
11.9951
12.9718
12.9006
14.0308
13.6867
12.2074
14.2521
11.7259
11.9465
8.23932
10.2525
13.0479
9.67127
12.4788
10.9799
7.54608
10.873
11.2585
13.9014
10.1005
10.3064
11.9594
8.03236
4.75478
4.72283
14.0848
9.68603
9.55202
11.6132
9.96544
10.0757
9.49563
11.5494
14.4071
11.4076
10.8929
12.5787
8.45383
14.8297
11.1392
13.8114
10.6546
8.91557
10.8929
10.874
6.40526
9.69408
13.9603
13.0157
13.0527
13.2207
6.22866
10.8311
12.4633
6.08884
10.5798
12.4355
11.0525
7.5704
14.1966
8.65828
12.8052
11.6018
13.0962
14.7239
11.4796
13.8073
8.13319
9.20655
11.7495
11.0682
8.57597
11.7143
13.6085
12.9934
7.86407
11.8719
13.0305
12.9227
11.075
6.09833
11.9405
14.8596
11.5288
12.6693
8.94345
7.06291
9.98261
14.0447
14.323
8.6327
4.63792
12.8588
12.7135
10.0351
14.1716
7.80174
13.4116
9.47678
9.76643
12.0397
9.00739
9.69184
11.7768
8.4547
9.08964
13.9789
12.0073
11.0321
14.0348
10.4142
9.89945
9.19862
12.4305
11.5522
7.25764
11.8469
12.8254
5.69837
10.9697
8.92335
9.30537
9.54918
13.4872
13.4081
5.56821
13.7914
13.2143
5.46999
13.803
14.4965
8.53036
13.0114
9.6458
9.66611
9.28908
9.58254
14.811
11.5876
5.65677
11.3148
14.3819
11.3229
4.29319
12.1373
9.25824
10.084
6.14223
10.0459
11.9302
10.6218
9.01339
6.24842
14.2189
9.78186
14.2011
13.2998
6.5904
9.47983
13.8042
12.6362
13.5292
5.44926
5.79432
5.51935
9.15552
14.7673
6.4455
5.90144
9.26965
14.229
9.678
11.8958
8.00352
7.9524
6.57577
6.31263
4.42951
14.1372
9.54199
13.5684
9.76489
14.3601
4.51565
14.374
11.0056
12.6317
11.6191
13.7252
13.5156
12.1359
5.47181
13.5418
11.662
5.907
9.57815
6.14622
11.8273
12.019
11.0137
5.51061
5.78607
11.1413
13.5213
10.095
12.5946
10.212
6.40784
5.79993
11.1187
12.5246
10.8263
8.78865
9.60333
13.8273
13.4404
14.1854
11.266
14.9578
7.13167
14.7144
11.5378
14.1257
11.0318
10.4005
7.94954
12.77
9.81452
12.2614
12.1015
5.62278
10.1166
9.22047
5.07708
12.1862
8.73777
13.0652
10.623
13.0948
13.5641
14.8448
9.93873
11.4919
7.48268
13.4811
11.6713
6.52289
14.1463
11.3841
12.3478
9.4061
13.3333
13.2434
11.3115
11.4778
13.5554
12.8695
14.8836
12.3981
8.50586
12.1654
10.1958
14.918
9.20199
10.8477
8.9304
7.36643
10.3114
13.0296
5.05519
10.7495
8.73484
10.6321
12.3725
5.80712
10.0302
9.19649
11.0821
9.74394
9.36641
10.2534
13.9143
10.1972
10.8604
14.4378
13.5619
11.4577
10.2789
14.769
10.4869
11.4831
14.1066
5.12901
14.501
10.1821
9.85141
14.7051
13.0607
11.3457
11.7621
13.2928
9.57656
10.2188
10.7522
13.24
5.76329
12.8979
13.7174
7.84823
14.5484
12.1057
10.8834
10.0881
12.2283
13.4394
8.01125
11.6798
13.7831
9.91285
13.5644
10.3815
13.3298
14.0673
8.65774
6.87166
12.4435
10.3528
13.3711
14.1417
12.8649
13.4913
10.1821
12.3859
14.9675
12.1213
9.57248
12.8242
6.06635
11.073
4.43477
5.7378
9.62683
12.119
5.63161
12.1134
8.64622
10.9845
10.9752
12.5936
14.7793
7.45996
5.98781
14.929
11.1194
13.5642
13.2251
5.78775
12.1461
10.6247
14.9194
13.3826
14.3911
11.4284
13.9301
10.7965
12.9036
10.1661
11.2613
11.29
7.5086
5.80958
5.29863
9.49932
14.2259
14.7138
10.3563
10.6278
12.6734
12.1993
14.1773
10.0892
12.6956
11.1964
13.6247
13.617
11.8125
12.5531
9.24363
7.49361
11.2334
9.33494
8.38357
13.5334
5.57743
14.6638
8.79847
7.83617
14.8943
10.5453
14.1062
13.8568
8.03811
12.9476
12.2011
11.2622
12.9871
14.1627
11.1939
5.85095
12.8422
9.60451
14.4274
9.87874
11.4321
9.69327
8.07671
14.4772
6.05893
11.7632
5.38262
5.39703
9.59123
14.4144
11.0029
9.97236
8.37773
5.5789
13.2607
13.0449
13.2772
11.5016
14.6433
14.5275
10.7539
9.40746
12.6089
8.914
10.4208
11.4891
10.7225
13.1575
10.6882
13.1634
5.33909
11.0089
14.6505
14.5758
10.4144
5.79959
11.3763
13.7936
6.22217
14.4237
5.30836
5.57436
7.17411
10.422
8.43048
14.2783
13.3313
13.6695
14.7139
11.4945
10.2001
13.123
9.72066
11.5721
5.38726
7.98158
11.0033
11.6502
12.475
13.1196
11.2503
12.7657
8.80308
6.90999
14.9623
6.56495
12.4558
9.65003
12.4227
14.6225
11.1291
14.5966
12.1083
13.2586
10.5487
6.93925
9.24363
14.0449
10.262
9.15123
10.2962
11.5925
12.7799
5.94959
13.7977
10.3054
8.56808
11.6063
8.65968
13.9817
12.7382
12.2281
11.1112
7.91527
12.1755
11.0688
6.68345
8.83766
11.8478
11.1892
8.49169
5.72465
9.04248
10.0415
12.2444
12.4141
9.3394
12.2546
11.7031
8.32887
6.32235
12.2545
9.48085
11.0342
13.8638
9.63117
13.0702
13.5759
8.53211
7.24783
11.6559
11.0296
5.91271
7.93357
14.4726
11.2636
4.26083
9.81138
13.5978
7.64218
12.0575
10.773
9.49808
12.4349
13.3252
12.0369
9.5661
9.30272
11.4241
4.96408
6.86923
9.88763
14.9897
12.6304
11.5786
5.02482
7.70469
12.0267
13.154
10.1497
9.82287
9.57972
10.5109
8.39008
6.29957
6.5893
10.1499
13.0585
5.17266
8.72074
14.5894
11.4481
14.4535
12.5797
6.30668
10.2018
14.7514
14.78
7.14619
12.8258
10.8277
5.72921
13.7199
10.7896
12.4956
11.6985
8.53595
6.41811
9.60314
14.9526
14.284
14.1188
14.3005
10.9537
13.8148
11.9212
11.133
9.45095
13.4007
10.244
9.33866
8.77388
14.3678
10.0928
12.1308
13.5151
9.67222
8.91179
10.8127
8.07402
12.2271
8.23347
14.3999
11.3323
14.8592
13.2269
14.8245
6.09004
12.8151
10.5562
13.9449
7.02356
5.32347
7.24364
13.4426
10.3733
13.894
10.7223
14.5704
13.6624
8.74325
14.4487
11.2862
9.13893
9.5292
6.20409
5.16083
8.54038
13.7451
13.8157
14.8196
10.4044
13.5909
12.6207
12.0824
10.4895
12.3133
12.7273
14.1583
13.5178
14.2897
13.253
13.2043
14.8636
8.44535
14.5405
5.40308
8.7651
10.6053
11.1006
13.8551
11.4034
10.8617
12.1313
11.0871
13.3762
12.4037
6.18289
5.76246
12.7651
12.3061
4.77033
14.0383
5.55901
10.6906
12.2169
12.3841
10.7481
12.2862
14.8346
11.44
9.78398
11.2527
9.15224
12.8059
14.205
14.85
10.3901
10.8693
11.4614
13.4479
11.6175
14.6275
14.9656
14.6972
14.3344
12.4953
12.9982
7.78611
11.3353
6.73783
9.41953
5.47312
10.6712
6.32234
13.5226
13.408
14.4209
9.92651
13.3081
10.6211
8.82575
10.4148
11.1874
5.53146
5.85396
12.0969
10.2333
9.81711
14.6938
8.78891
10.1404
13.3768
13.775
8.24329
5.47223
8.67172
6.70319
8.33116
6.23328
5.77324
13.7431
14.9801
9.705
14.9948
14.3353
11.3483
8.94973
12.7495
14.6838
12.7138
13.4471
8.14492
12.43
13.0101
14.6694
4.75612
13.1491
11.4618
9.03106
6.55866
11.3308
10.7173
11.6134
10.0037
12.2558
12.8379
13.364
10.51
8.65785
7.43036
8.21961
11.9716
9.62839
12.5962
7.04611
10.2473
8.13834
12.1378
8.18061
10.384
7.10123
5.14183
14.9014
14.9556
11.4115
12.5578
14.704
6.26988
8.48817
5.32328
13.3333
7.28345
12.1707
10.1508
6.27219
12.4666
10.2275
11.909
12.8765
13.6583
13.2884
12.5276
6.06177
12.6188
11.9056
5.95921
14.9098
13.416
10.1666
8.7306
12.3171
8.6967
13.113
14.2743
11.2331
11.0755
8.08638
8.68253
12.086
8.84687
8.25887
10.0321
10.5213
11.2306
11.3569
8.47427
7.9339
8.51531
6.40189
9.48907
9.89154
7.04139
8.70882
10.5664
13.7993
14.4373
10.2828
13.98
11.341
8.9503
8.69583
12.3256
12.2599
14.5391
12.0696
10.9595
13.537
9.51752
13.1799
12.8392
5.48689
14.3067
8.27576
14.5193
5.61905
13.3629
9.20278
8.7726
9.19116
11.6599
12.2247
14.7862
11.5873
10.8334
13.4151
4.9346
6.95382
13.2607
13.9131
13.9447
10.7656
12.2459
11.9814
6.89249
11.6922
4.66711
6.603
10.0781
10.3205
7.89675
10.2427
5.31263
10.6565
5.76681
11.3577
10.3678
12.4905
6.25178
14.9317
14.5689
14.2907
10.6
14.8677
5.98755
9.88522
6.97474
13.8787
14.02
11.8969
14.2285
10.7892
9.92041
9.13555
9.04457
10.1559
14.9532
11.1022
11.4805
14.8186
7.54735
10.4534
9.80544
11.739
9.63944
11.8861
10.772
11.2177
9.97147
10.2219
13.6712
8.86432
8.7947
12.0775
11.5484
7.91523
14.7248
11.7369
14.5305
9.10691
11.3149
12.456
8.49268
5.42537
13.0878
14.2216
14.432
10.0648
10.4886
14.1016
14.9293
10.1595
14.0598
10.2748
11.0992
14.8798
8.69769
14.1375
14.9182
7.38053
14.0815
10.6082
6.89054
10.6313
11.5673
11.2656
14.731
6.94576
6.2825
8.05702
9.78787
6.32641
11.8451
4.50157
12.1516
6.95945
14.6194
14.9947
4.56487
5.6495
11.9504
5.97473
10.3897
8.61116
14.8958
13.492
13.4715
10.7222
13.8622
12.9383
8.87004
14.6217
8.46844
10.7528
13.1374
7.00599
7.93396
14.889
8.44117
14.5507
13.3254
4.75146
9.99358
12.099
14.2985
10.0827
6.23243
6.49353
10.2411
10.7111
13.7114
14.582
12.5572
14.9417
5.5297
12.3735
10.4058
9.944
11.9643
12.8577
13.2037
9.648
8.68937
8.62599
12.8919
9.66486
10.904
12.6031
12.0176
9.99835
9.44046
10.6261
13.5332
13.0816
14.0921
10.9357
11.381
14.5977
8.96865
8.55838
12.3135
10.6613
13.7991
14.213
9.66584
8.508
10.638
13.0822
13.4789
9.56967
13.2759
12.3717
8.59389
13.4216
10.3882
12.3899
11.0517
8.2836
11.936
14.0525
14.4657
10.3774
10.8625
10.6713
13.8245
8.84862
6.21911
6.03636
13.5691
13.0113
9.46402
5.31151
6.10064
13.6382
5.7975
8.72125
11.9052
12.6841
11.8098
12.6495
8.10113
13.2592
9.50279
9.45087
5.42728
7.74344
12.3554
6.52235
10.1088
11.7571
13.1209
14.6381
14.0144
8.24378
11.0831
11.2198
11.2324
13.5241
14.1703
11.8873
5.95495
8.81003
5.95849
10.6403
12.2627
11.5125
14.3669
12.6856
11.4261
12.4319
8.73052
12.1485
5.29173
4.89981
12.9777
10.4416
11.0556
11.0183
11.7411
5.74726
9.51272
5.66802
14.5766
5.38674
11.0185
12.7792
4.42206
14.6749
11.5792
11.2276
10.6747
9.78855
6.28422
11.9008
13.5021
14.8679
12.8433
9.2745
10.4087
14.5279
10.3717
7.24386
6.69503
6.08295
12.3566
11.2142
11.5085
5.71302
10.9188
10.0069
5.83476
12.0701
10.3913
10.4341
8.97596
10.3746
6.68105
8.76854
10.8107
10.208
13.8927
11.4562
14.0833
5.973
8.733
9.03198
11.2759
14.9917
11.8131
9.84885
10.3734
12.8755
9.019
11.7739
12.1972
5.64957
4.26804
6.0163
8.81133
10.8502
14.9192
13.8498
4.67935
13.2479
11.0931
9.2212
8.39644
14.32
5.36083
9.7438
6.52465
5.66342
13.4628
9.88762
11.8883
9.12728
14.5883
12.1665
6.29767
11.0513
5.93532
9.90172
13.3443
11.6723
7.11566
9.74414
12.1764
8.72402
10.0129
12.448
11.3294
10.8517
7.5427
8.6291
11.6576
8.80844
12.4954
7.20294
8.11214
7.79264
7.15047
13.8371
10.2275
13.5616
5.38289
4.48909
13.8466
14.8507
9.77875
14.3391
10.8313
11.2694
6.02034
6.90598
13.5976
11.4654
14.1863
14.5438
11.416
11.0908
9.99542
10.3521
14.2045
8.75545
14.1383
14.137
13.9148
8.86174
5.12976
10.5531
11.153
8.50901
9.53832
11.348
10.0956
7.20198
5.22349
8.56664
14.3147
13.8732
10.9569
14.7574
14.9225
8.93482
11.1896
9.35677
5.90334
10.4209
12.1271
11.6299
12.8729
10.7251
14.1564
12.2205
10.2115
13.48
5.39338
14.132
5.8088
8.47482
7.86738
10.6938
13.8949
10.6906
13.8559
8.86546
6.99063
10.394
6.5322
10.9923
10.0884
9.42891
10.2857
14.9159
10.0653
10.4143
6.01931
8.39204
10.9631
11.838
12.471
11.6168
14.6508
11.5051
12.0556
12.8122
9.61264
13.92
7.53168
6.61404
11.4178
9.24829
12.8946
9.03445
11.707
8.7107
12.9982
14.9169
14.8377
8.03291
14.3593
13.9572
10.1857
5.61299
9.95814
13.3787
13.5327
12.7287
9.667
12.2706
9.32752
10.2301
7.85961
13.9899
11.5152
5.30151
6.45457
13.9963
10.4694
14.4179
12.6743
11.9473
10.0842
13.9006
7.34297
12.4488
7.52197
13.4577
11.7061
11.7206
11.8314
11.7645
11.294
14.0267
13.3989
11.7808
9.9355
6.77807
9.79627
8.50297
13.5421
9.9472
7.69862
8.15224
6.0721
10.4442
9.8759
10.6009
9.12072
8.77633
14.5395
14.2285
9.65321
10.8319
6.37307
14.4423
7.11008
12.5459
10.8245
8.95655
13.0321
4.72745
13.0861
14.9812
6.48194
8.49461
8.53542
11.0088
10.5891
11.3404
13.1082
5.50902
5.3015
6.72465
9.48167
10.4726
9.84663
9.67207
14.9615
14.7288
9.59071
11.282
10.3127
4.37662
9.19157
9.34491
13.4536
8.61477
7.81133
10.4349
11.2285
13.9578
12.7877
7.4346
14.0242
12.5991
10.0352
9.59879
10.6258
9.50018
9.6213
13.2758
9.99027
6.14597
10.4776
12.3937
9.87293
14.2384
9.44649
7.82506
12.9374
5.74746
12.7678
8.77051
12.258
14.5143
8.05903
7.46984
12.5744
6.67755
13.9539
6.14546
10.8581
14.332
11.3713
13.879
14.4999
11.4223
7.54652
14.5523
6.89926
8.17131
11.7256
6.16177
6.15856
11.5634
12.5144
10.9302
12.205
9.50129
13.0853
9.62761
6.03436
9.32627
13.0457
9.48001
9.19428
13.3502
8.34743
11.6306
6.20888
9.45474
10.0918
9.37884
10.9726
14.889
9.2609
14.4434
13.8983
10.3586
12.6847
11.9206
10.5477
10.0672
14.4851
10.7011
13.9449
13.3107
13.8129
10.4637
8.35682
12.2713
10.1156
11.308
7.1916
5.14037
7.33349
13.4284
8.1715
8.61766
8.84355
13.7024
10.644
9.79888
6.48233
9.61573
14.6367
14.2004
5.61962
14.9659
6.17281
13.2041
11.4669
14.2863
9.04053
14.842
14.404
8.93215
10.348
14.0196
10.3235
11.0438
7.96745
8.98111
12.2788
14.535
8.71547
14.8889
12.4614
12.3982
4.96401
6.53506
13.7499
7.04243
6.25085
13.7625
10.5742
14.6762
9.88341
6.40578
8.64652
12.4679
5.35944
11.7598
14.7467
12.8518
8.5619
11.955
12.2057
10.6838
10.6613
10.4979
9.96655
7.6721
10.8488
14.0385
10.2386
12.2694
8.3715
12.3995
11.985
11.6406
11.921
12.3448
10.1457
8.52699
11.9078
11.0177
9.92336
13.8768
10.3805
8.35449
10.9926
12.2169
14.0168
12.342
13.0948
10.9487
6.30599
10.4473
7.75816
9.68566
10.2459
6.15414
10.2118
14.2556
9.39126
12.1448
13.3752
8.90751
11.1101
9.60938
12.06
5.66505
7.97256
13.4645
12.1392
8.46048
10.3865
6.28199
6.97666
5.43835
13.3646
14.6888
11.9598
6.19392
13.1658
11.5135
10.8486
12.2014
10.0327
12.1377
9.91241
12.8546
12.0713
9.87061
6.02849
11.4325
6.02412
11.5129
14.4697
5.6365
13.5176
12.0986
6.77351
10.277
13.8396
11.9382
9.96993
7.64747
9.03539
14.73
14.3352
9.17656
12.096
5.97224
10.1715
6.20737
11.2921
14.7899
14.4963
10.7217
13.927
9.96299
8.51224
8.68501
14.4698
14.3186
9.85322
8.35476
12.0436
14.8349
12.4004
11.185
6.56573
7.53617
12.8513
14.21
14.2127
8.02759
9.37905
8.85214
11.2857
11.1671
12.6017
6.39338
6.08439
6.55567
9.03632
12.7737
12.451
6.00045
13.1123
13.3854
5.96146
13.3249
5.55564
9.53443
14.4956
9.81212
6.39158
9.86662
13.6865
11.4836
12.4751
9.35644
13.8867
11.6448
13.7571
11.4732
7.56768
12.1203
6.10709
10.7049
10.5262
7.43897
11.2271
10.5074
10.5219
10.5716
12.1068
13.5852
13.5836
7.36549
13.3722
12.576
10.8965
14.044
12.4496
7.47957
10.9589
8.95412
11.2481
13.9547
9.04324
9.95406
9.65512
10.368
12.9266
12.5379
5.14468
10.018
11.3593
13.0702
8.23942
9.62691
9.88911
9.50215
10.2732
13.6553
10.4972
10.9499
7.20204
12.4995
10.7745
8.3003
5.96654
11.1542
12.8206
10.506
12.018
4.57084
13.6912
6.2491
8.26153
10.4339
11.6791
10.5478
8.09534
10.8366
14.1416
9.43727
11.3611
12.7206
10.6877
11.4696
7.62957
11.5321
13.7805
12.3193
13.1871
13.202
13.5263
11.3554
6.15881
4.47961
5.09482
11.4375
13.9457
11.336
10.51
12.6575
13.0864
9.90787
8.47984
8.26595
11.9541
10.3156
11.2975
10.2796
13.8156
10.1587
12.6538
9.76198
10.9326
6.89569
4.68726
8.90137
10.7386
13.6752
11.4049
11.8546
13.8682
12.4569
14.7728
8.02934
5.42029
13.485
12.7724
10.2567
11.4661
13.8084
10.186
6.30812
6.01692
11.5472
13.9946
10.9596
11.132
11.7408
10.7737
9.11131
7.92093
5.75523
4.97038
10.416
10.3485
11.6121
5.76206
11.6421
11.919
11.4388
11.9094
14.8766
12.8652
10.42
12.1416
11.2613
13.0182
11.5506
7.55655
11.6967
10.8523
9.45625
9.66995
7.88466
12.9781
9.14
13.9263
9.74855
11.932
9.04563
7.8245
10.3389
10.2559
14.767
5.14024
5.21468
14.0196
10.5616
12.8265
12.223
10.8127
7.6213
7.80376
7.57132
10.6136
13.0481
8.98052
9.1583
13.9459
14.4532
13.9213
13.4502
13.3253
13.9211
14.4517
11.9821
7.78211
9.92239
13.4284
14.243
14.5561
13.3417
14.4545
11.3249
5.75748
6.63931
8.60003
13.1799
12.0115
9.72814
5.80667
8.91748
12.8939
7.95201
13.5675
8.10139
11.6978
9.50177
9.82851
8.99691
12.163
5.26769
8.16596
13.1618
12.4426
9.51451
14.2212
12.173
13.5906
14.7658
11.0628
12.8456
11.6616
9.99185
8.58276
9.59062
14.9746
12.0821
11.28
11.7903
9.73821
12.641
13.8817
14.0874
14.1169
10.2307
10.5974
11.9906
10.2406
14.023
8.97477
6.61301
12.5961
11.9685
10.1736
5.84252
10.5569
7.38728
10.1717
11.4342
13.606
8.97011
10.6984
8.39908
13.6411
9.9899
9.97114
5.85584
11.8345
13.6944
6.12883
11.9899
12.9594
9.37892
13.3992
5.73716
6.29825
6.14154
7.21447
11.2143
10.0993
6.83759
13.3347
6.09029
7.15369
10.9409
11.7952
12.6526
12.5375
11.0422
12.5195
13.4576
11.7179
10.6644
8.64391
10.4806
5.59966
12.3397
9.36601
10.3229
12.0358
5.9131
14.2495
8.74935
7.17759
11.9512
11.5188
14.1334
12.0768
9.26311
10.3879
13.8483
11.8135
11.3102
13.9081
9.77744
9.09951
7.19366
10.6555
11.9037
12.9638
13.3605
13.2848
12.1031
11.8962
5.18772
6.32857
6.1945
4.94776
14.6535
4.9794
11.3262
10.589
9.60272
10.3343
11.3796
12.6769
12.6578
11.9316
11.4484
14.4278
13.8413
11.4237
9.3688
8.06796
9.77357
14.9493
11.832
12.1193
12.0396
6.04781
10.9467
11.5767
11.3042
9.4191
7.21773
11.6425
9.36796
7.35499
13.6795
11.026
14.6176
12.0293
9.90648
12.2903
13.0889
12.2143
12.0822
13.3919
14.5968
9.96008
9.94912
13.1219
14.5008
9.55455
9.89836
11.3721
13.5285
11.5394
9.40395
13.0931
13.722
6.56538
8.70686
9.39217
12.9702
14.3219
10.3358
5.39658
10.4451
10.9293
8.10183
13.5597
14.9783
14.9821
11.8829
11.9595
14.706
9.52651
10.0877
11.985
11.7752
10.9325
5.00731
14.4339
10.5569
9.7368
11.6847
11.9159
8.98423
11.8124
5.6949
14.6564
14.1798
11.1632
5.93867
12.984
9.72766
12.492
6.36476
10.6188
10.4742
12.5254
12.8182
5.4901
13.4651
13.8077
11.7435
14.9344
4.2722
14.5055
8.71268
12.2753
9.43602
12.7488
12.1585
10.3897
12.3684
5.73459
8.02184
7.81143
7.27628
13.0235
7.39467
9.33928
8.52148
7.4461
5.32501
11.7891
11.3016
9.66556
12.7068
7.82434
14.7929
11.8511
10.3666
11.4188
12.6328
9.46254
13.8221
11.7228
13.3994
8.09831
12.3027
5.2092
9.54787
9.94827
14.6773
14.49
14.2071
10.3048
14.7996
12.8728
8.49813
7.68749
13.1534
12.7027
14.0201
9.93625
10.6517
9.90123
6.72663
11.9908
14.2619
10.2658
12.3837
4.66318
13.0651
10.0439
14.8406
14.1989
10.5484
6.19813
14.1385
14.2695
9.57499
13.3554
12.6026
10.4587
14.7265
14.3257
12.7146
14.27
6.80233
14.7331
5.20686
13.0892
11.1556
12.6264
6.05717
13.4758
12.7365
14.5796
10.8816
10.2499
11.5687
8.39438
6.25468
6.50251
12.8914
7.21812
11.5264
7.77986
12.5743
11.6701
14.7939
5.24433
7.78398
12.7658
14.6644
9.98083
11.6435
12.3764
10.5956
6.62394
10.9157
9.85283
13.0349
10.2537
12.6613
14.3351
9.07677
14.0079
9.4427
10.2131
14.9674
6.02277
10.0807
13.7197
13.9915
11.4352
10.6912
14.1597
4.98829
12.6303
8.95077
6.19249
12.534
9.76599
13.8982
13.9786
11.6089
10.595
12.4742
11.5312
13.3582
8.26634
12.4097
9.92431
13.834
8.14457
9.92123
6.42959
8.85879
9.78182
8.25965
7.60807
5.60291
9.42964
7.30647
5.05883
7.75452
8.51981
12.3069
9.42092
13.4504
7.0482
12.019
14.1215
10.3365
12.4118
7.01972
5.96846
13.808
14.6498
10.6089
11.6372
11.185
14.6055
12.9024
13.8589
13.0611
7.26112
7.9048
13.7581
5.15582
11.5684
5.68116
9.40154
14.8554
8.97465
4.60086
14.8066
9.51044
11.3812
13.3568
12.3482
9.02929
14.1848
9.14217
12.4261
12.015
10.2668
6.59073
10.0801
11.3352
11.6244
12.9066
10.1128
12.4018
10.5218
12.4263
10.2724
12.6866
13.717
12.72
9.31447
8.9766
11.606
8.04288
14.441
13.3388
10.9935
14.8394
13.2052
14.3112
6.11773
11.7256
13.1948
14.0925
8.87368
8.40867
10.5224
12.926
9.89679
9.67308
7.75319
10.4787
13.7576
13.137
12.9453
6.40818
13.6846
9.27728
9.38914
11.0116
14.738
4.76075
12.6321
12.347
9.78862
9.1931
12.2149
9.87097
14.6637
10.4245
14.2912
6.72581
12.941
14.5242
5.88277
12.9605
14.0108
11.3162
7.0291
13.6935
11.2711
13.2196
14.4547
14.9315
14.6733
14.1632
12.2562
12.6575
9.62433
13.1308
11.581
11.0401
14.3523
12.9737
8.59069
11.3231
12.6512
9.29068
8.10074
13.2899
4.97378
13.8302
11.971
13.8383
9.77575
10.0315
14.4164
13.6306
8.95744
8.57644
10.2331
9.0777
14.7121
10.5766
7.47324
6.00875
13.3125
10.7068
6.64743
14.5519
14.9483
14.8126
11.2289
12.3615
6.47537
12.1158
9.86297
14.1743
11.4392
14.2906
14.7592
12.057
7.58367
12.66
12.9397
7.95962
13.4669
7.5903
11.6109
10.7368
7.4932
14.3598
4.60494
12.9743
10.5669
11.6502
8.95155
7.67585
12.9076
10.0864
7.03284
12.7665
6.07036
10.335
14.0782
13.5591
6.59267
14.2003
10.2274
14.1871
12.2414
6.05352
14.755
12.8011
9.93899
8.84671
5.56777
13.6446
5.58125
14.048
5.42
13.8711
13.3731
13.0717
10.6877
11.3512
12.9492
11.3367
10.8045
12.7523
9.33967
13.4049
12.5557
9.04297
14.4688
12.948
14.9707
9.07914
13.8247
13.309
8.91319
11.1863
5.43662
12.3849
12.0002
14.3698
10.1521
14.9273
11.2219
10.6251
12.1175
14.6216
11.5594
9.65806
12.7386
9.96457
10.3001
12.2866
13.5696
9.10122
7.2833
6.17588
13.2638
9.31202
9.1437
7.59451
9.44468
11.7536
8.79914
10.3496
14.7266
10.6051
5.88498
10.3318
9.42912
9.59018
13.8777
8.36261
6.28979
12.2751
9.86771
8.83636
9.77925
11.965
13.5565
5.99924
14.1757
8.23023
14.545
10.4219
11.3747
10.7267
10.0691
13.8351
11.3637
6.63906
13.1509
6.60113
13.064
13.4669
8.41441
12.2262
5.00871
12.7394
11.7948
8.90783
13.4447
11.22
13.2441
14.993
5.71561
9.91893
5.35565
11.2441
13.8332
8.37143
11.0852
9.0169
9.77821
10.5089
11.1344
11.8131
11.6686
9.70407
5.99834
13.8916
10.2609
12.7452
14.3116
14.4203
11.6469
12.4992
11.5049
14.8711
13.8908
13.4763
6.25112
10.796
13.8513
10.0144
14.7041
10.4743
9.12917
8.89867
9.96091
10.4843
12.9333
13.3367
13.8871
10.9183
10.4105
7.67828
7.4541
5.78921
12.5399
13.2102
9.8853
8.75691
13.3012
9.00937
6.29803
10.8188
6.33604
13.1904
11.6387
14.5617
9.46747
14.3461
14.7303
11.424
10.4892
13.4111
7.81063
10.9345
8.23132
10.8817
8.81129
14.7603
8.0323
5.50198
14.2243
14.9528
8.16727
12.5425
13.8624
8.8888
12.1732
9.57404
10.4329
11.6523
14.4514
13.2405
14.5241
13.1945
14.4863
12.5799
14.4254
14.1929
13.0708
10.8854
12.8347
13.4659
10.5098
12.8554
8.87581
12.0622
12.046
12.0081
13.1791
12.8895
9.32806
14.4175
11.8305
11.7336
11.7212
14.8326
6.60465
12.852
13.869
13.2831
10.299
9.88533
9.98803
9.98061
8.77977
9.26979
11.0211
13.4202
14.7855
5.35938
13.6919
6.03888
4.79826
8.88151
6.34093
12.3505
11.579
9.90782
9.41782
10.1113
8.95724
10.4882
14.891
10.0417
5.96388
12.0967
13.0735
10.4976
13.6599
14.7662
13.6911
14.8503
6.77574
11.7032
10.0687
5.15443
14.2313
6.06689
14.3557
9.31406
6.81352
9.78775
13.2692
12.5716
13.1973
10.8721
11.2653
12.45
9.66702
14.6216
11.2056
12.6735
14.9492
13.7158
13.1059
13.4318
14.689
14.4942
9.9541
8.8497
10.0982
9.8935
9.90641
13.333
8.78697
10.5131
11.2205
12.8423
9.14798
6.39588
12.2414
12.6976
5.4526
5.84692
11.7824
6.06924
12.0716
6.02156
11.6346
6.32137
12.5206
11.6525
10.7386
11.1873
8.09011
10.9028
5.7445
9.89112
10.2938
12.6474
11.3657
11.2507
4.93839
12.9063
9.35869
5.98392
10.8432
14.8108
14.2324
5.96984
12.1861
12.4029
12.1128
12.1064
13.2801
10.5752
13.732
6.62915
14.192
9.01717
14.2245
6.38334
9.41561
13.7059
13.3459
9.12724
10.227
10.2634
14.0453
14.3781
13.283
14.2183
14.7952
13.0558
13.184
11.4338
11.5738
13.8753
14.4738
12.8429
5.44624
8.96442
8.36425
14.2996
11.1251
12.1695
13.1806
10.0931
10.6496
5.0225
11.04
11.7455
6.6042
7.27381
10.6887
11.6031
7.80587
6.93477
10.8249
12.9696
5.47336
8.48678
13.4433
11.576
13.7487
14.6506
8.74688
9.56039
14.9622
9.26669
9.78678
14.9143
6.58815
13.0311
9.49549
11.6024
12.6115
9.5299
12.9969
10.5625
11.1275
13.5311
8.81981
13.9178
9.61267
9.35383
11.4413
14.0592
9.78786
14.7638
11.9318
8.69614
6.32795
9.80907
13.7711
8.8153
12.2023
9.35136
10.1908
6.5942
10.5228
6.84567
14.949
10.5807
12.7797
9.49134
6.09194
14.0799
10.9915
12.6926
10.5458
8.32834
10.3627
8.13237
10.2533
12.2132
6.21512
10.5672
9.96875
12.1787
6.98027
6.6726
12.7203
14.8897
10.1982
13.9074
11.0579
12.8944
12.4018
10.3014
12.8871
9.66688
14.8221
10.3387
13.5826
5.03426
14.2351
8.26112
8.75435
13.6155
12.6985
10.5157
10.1224
13.6303
11.6131
9.66932
11.4929
11.0267
12.5206
12.9998
12.8022
12.138
14.1501
14.9668
13.0971
12.7424
11.0924
12.8213
10.6717
14.5768
10.9631
10.8656
9.87579
12.2843
9.70285
10.9145
12.3162
10.6052
10.0166
5.77232
11.3068
14.5502
12.8368
13.1329
12.1773
11.8847
13.8802
12.8124
14.6771
9.62185
13.9628
6.4021
8.68425
9.95277
4.59132
5.97635
8.78739
5.83073
13.1668
12.116
14.6521
13.6337
8.76123
13.3468
10.1971
12.7944
7.98059
12.2971
14.1618
14.2125
9.78721
11.6044
7.48408
9.20085
12.3589
12.4841
11.8798
7.91101
12.522
4.98198
14.7062
14.6608
13.8567
9.68009
11.6002
6.61444
12.1233
9.98567
10.0601
12.2515
10.4097
6.13382
14.39
12.5634
9.2998
13.5268
14.793
14.2462
11.2037
14.8285
6.41324
11.0687
8.83749
13.899
9.85185
11.7346
11.6563
8.40359
14.8176
14.0308
12.5967
10.8156
14.3134
12.1392
12.0696
5.32734
13.9099
7.15447
14.1534
11.7852
13.3803
6.55378
12.1878
10.5176
11.7312
11.0555
6.85448
7.44821
12.4597
13.8117
9.69215
9.56855
10.3453
12.6538
9.26038
10.5001
11.2524
6.13647
8.61215
12.9918
6.11571
11.0455
10.4951
12.0251
14.9733
5.9216
6.85767
12.7084
9.5148
14.4342
13.9145
5.93013
12.0789
9.94366
11.9793
10.4054
6.90342
9.5289
9.30212
9.89929
12.8204
13.1515
14.2609
8.7824
10.3886
11.2193
11.9212
12.741
9.59768
14.9993
12.9635
9.52266
10.2895
13.427
13.346
11.6217
11.9973
11.3776
11.9412
10.6439
8.73025
10.5665
8.21883
9.2019
14.0666
5.19749
6.04878
9.32084
13.8707
13.9225
6.09092
12.9881
14.3988
12.7701
12.0793
9.47002
13.7841
12.5832
13.9784
14.7087
12.1406
13.5707
14.7251
12.9629
14.19
5.76226
4.85085
13.464
6.02733
6.15002
7.59941
8.20462
10.3209
14.347
11.046
5.47805
12.7215
11.7039
10.8433
13.2566
13.3518
11.528
9.04331
12.7023
14.3179
14.0625
10.2951
10.5207
12.813
12.1208
8.85497
14.2635
3.88951
9.8538
10.341
6.34835
8.81096
10.4955
9.04315
4.39626
12.5006
9.80318
13.5942
14.2531
6.02801
6.71785
10.464
11.6163
10.8674
13.6443
11.7339
8.56401
12.311
14.5949
5.16435
7.76546
10.4187
9.66396
10.8762
10.2634
12.4322
12.8381
12.9663
8.3641
9.34385
7.7816
13.2982
13.8867
11.3194
11.5963
4.2946
14.7739
13.086
11.633
11.4549
6.29888
8.88969
14.7365
13.459
10.7469
12.0453
13.2497
13.6163
12.3621
12.881
13.6197
8.31913
5.70005
11.3022
12.2963
14.1277
12.2724
5.84954
10.4643
12.351
12.0848
6.38321
10.9023
11.1936
14.2007
8.16076
14.9745
12.3665
13.1531
8.50061
7.43109
9.36031
10.0116
8.38378
6.95933
10.6081
11.5215
14.4806
12.7545
6.35301
10.6644
12.9079
14.4955
12.4929
7.12156
12.6937
13.2736
9.49255
10.5246
13.9068
8.48259
6.17329
14.2853
11.3197
14.166
10.6762
5.40884
10.5004
7.17741
9.212
13.418
4.97456
13.7908
10.0353
12.4995
12.8191
11.7656
13.6024
12.9851
9.65409
9.12114
6.84772
10.9348
13.4469
11.0668
8.35096
7.6657
12.8956
11.9769
10.2501
14.6141
5.01414
7.85925
6.49041
6.83622
10.766
12.7398
9.82286
11.9432
8.92238
8.72307
9.32217
11.2963
12.4805
9.54385
7.13203
11.0169
13.7296
14.1773
9.45771
11.8126
8.92461
9.78353
11.5122
10.3684
11.3618
12.7558
6.62528
8.9904
10.2899
10.2588
11.2843
6.75226
12.6221
11.2692
8.01892
13.9357
7.86386
12.0345
13.5677
11.7336
12.2291
8.17652
8.48711
8.07734
14.7119
6.47883
9.61479
7.41497
6.12571
7.86741
12.8202
5.65416
10.8329
13.6258
11.3253
9.85352
6.0287
14.1868
10.8541
9.38948
13.5269
14.7066
12.3523
13.0062
13.1851
6.06463
5.40782
10.1994
14.5704
10.9417
14.4166
10.8414
9.90727
5.09534
12.3097
7.2997
13.5465
11.8336
11.6451
5.5881
11.9061
10.0546
9.28773
9.98109
13.0551
9.81562
9.50677
9.79884
9.4949
13.2583
10.337
4.80643
12.6962
5.64323
9.73671
6.07119
12.5428
13.7633
12.7392
9.99622
12.6162
9.92073
9.89918
11.0921
10.2289
9.02983
12.0077
13.7505
8.42874
11.7308
7.19569
10.7804
12.8251
14.9071
12.1803
9.30804
13.5213
12.764
10.9063
10.7421
10.5381
13.5156
11.9435
12.6654
11.223
13.9863
6.77999
13.4344
8.07362
4.92853
8.65272
10.3724
10.6694
8.43543
12.3677
8.40048
4.90218
14.6118
12.6078
14.7049
10.3208
14.8296
12.1659
9.66987
11.8562
13.4765
9.22292
10.0553
9.62645
5.41515
12.8499
8.26373
12.397
10.0697
4.88255
9.93986
6.65513
13.0252
12.3707
8.46255
11.7301
14.3006
11.8777
14.1055
14.8938
9.57201
9.53032
10.3602
8.113
12.8259
12.4351
11.1743
12.573
12.0149
5.57666
9.0223
10.058
7.89093
13.3342
10.3102
10.2073
5.45223
10.8361
14.093
14.2623
8.3172
9.86555
10.5245
9.34425
7.9552
11.8756
13.2899
8.85552
13.3863
13.4697
9.15593
13.6357
10.9888
12.9865
10.6024
14.4883
14.8405
8.86505
9.01942
11.625
14.0375
9.0072
6.5876
14.0357
9.18063
14.7638
10.0513
4.32011
8.80296
4.62355
13.1481
13.0242
11.2651
9.77254
11.6197
7.42582
14.8246
11.7272
7.70807
14.2151
10.7922
7.19213
12.3897
8.21221
11.7309
10.5052
12.2373
7.38965
12.7464
14.6719
12.1797
11.399
12.4819
10.6716
12.2677
13.8474
9.33809
10.7042
10.7836
13.6338
11.0684
10.5704
12.3878
11.1233
10.9093
10.3598
10.9671
13.6925
6.35996
9.15394
10.3838
10.9044
10.8237
11.6784
10.1554
13.158
7.83713
9.02804
5.27133
14.9268
10.0583
13.4164
12.1659
12.1812
12.2646
8.23233
7.06595
10.426
11.1455
13.9593
11.3658
13.3291
11.1215
10.7905
9.54442
7.35822
6.17433
6.17663
7.64341
5.33832
8.78099
13.5728
13.947
9.43868
10.4089
9.21374
10.5962
9.87411
6.02183
10.2434
8.42237
5.84561
10.0439
5.60361
12.5806
12.1896
11.7031
12.0367
13.2097
13.2816
10.1858
12.928
13.2645
11.9972
10.1537
6.87221
10.4382
5.65551
6.7344
12.7531
12.2748
10.2255
12.6506
11.7355
10.5185
6.06074
13.2656
11.6207
11.5994
9.9329
11.4585
7.07907
14.0356
5.25393
13.816
5.72177
10.5102
13.4873
12.3321
8.82808
9.50367
8.56168
10.6766
12.82
13.8757
6.00718
8.43154
12.9543
12.1707
11.0831
9.75562
9.6236
9.97173
13.3902
7.65081
13.1229
7.91087
14.5734
13.3022
9.18434
12.4735
11.3054
13.7339
12.5624
13.0364
12.1168
9.01131
8.67269
12.5585
13.06
11.5127
14.7756
10.4411
11.3687
9.21155
14.8999
7.05876
9.90012
9.40151
5.91297
14.9902
13.2483
12.2786
6.92743
9.44732
14.68
7.60539
13.2681
9.96233
8.38222
9.54525
13.6305
11.8409
6.91473
14.3438
9.80535
13.1514
10.7714
13.0816
14.7744
12.1861
6.10856
8.99555
12.7057
5.84857
13.5071
8.50428
5.66382
11.0187
9.98325
14.2504
7.82282
12.8757
14.6981
14.5206
14.9894
14.1515
7.65521
13.1893
10.4821
14.9292
11.3148
10.0482
12.8852
12.8486
10.5522
14.4658
9.97223
14.2996
14.9582
10.8922
14.2456
13.5424
13.6824
6.84042
10.2109
6.0402
8.27703
13.5937
11.4449
9.64702
7.72237
11.0959
11.2894
10.0249
13.3228
11.7795
12.9115
7.87714
12.0543
10.3609
13.3882
12.319
8.39965
11.2027
12.4746
12.9577
13.5909
14.0668
9.72364
10.0301
8.63176
14.909
5.53266
6.7841
6.08444
14.4093
6.55837
8.46487
11.4266
12.286
12.5899
11.9649
7.1057
10.2841
10.9991
13.1084
5.93233
8.60394
10.5724
11.8339
10.2268
6.25319
8.61075
11.648
12.6297
8.84523
14.202
5.73555
14.9516
11.4006
8.7685
10.4277
5.58031
4.97925
6.17724
9.70773
10.1278
13.2386
12.7381
11.7681
6.68385
7.40138
10.6366
11.6762
7.73987
6.01236
11.4043
12.7758
8.57388
13.4508
10.0876
13.2979
11.4897
13.4682
9.79791
12.0351
11.0084
9.00928
14.3399
6.13739
10.1209
6.0525
14.4158
10.0455
8.48937
11.6694
8.88928
11.6982
14.0036
14.6569
11.6436
11.9795
14.2528
11.621
14.9881
14.8262
10.692
10.5699
14.8671
8.64359
9.89205
13.0846
10.2263
5.29136
13.2043
14.7791
6.54868
8.06522
7.3008
4.60134
8.77518
9.89367
9.61948
12.9602
12.2994
10.4471
10.1373
5.4366
14.8624
7.54208
9.16125
12.1901
9.30874
11.5321
9.07754
5.53664
9.2891
12.0666
9.25803
14.6037
13.2164
12.6979
9.76894
9.75019
11.6463
6.75542
9.32609
10.9767
13.0723
14.9078
13.823
13.7074
7.10898
5.53567
10.2307
10.8902
9.19562
9.40313
9.61854
7.26358
9.14495
10.4751
9.44341
13.4712
13.1891
14.8754
14.4713
14.5242
12.4577
10.3873
10.6518
12.6046
11.4617
7.7918
10.329
5.50842
11.9031
6.46075
11.8438
11.5951
12.8616
9.91488
10.7883
9.92463
12.675
11.0437
13.5676
14.1696
12.8372
11.3904
12.6123
14.8568
14.5513
14.5294
10.3949
6.10785
10.0838
14.4941
10.278
9.7462
14.7442
12.5054
7.05168
10.9072
12.83
6.83651
9.2978
10.4822
6.19109
6.03753
14.2136
12.1826
6.86643
4.58993
6.55655
10.0421
11.1696
7.56659
8.32016
13.4512
10.1283
10.2853
9.14285
10.0428
9.74368
14.7903
9.1071
11.5117
12.3576
7.38241
7.36984
5.27878
10.3185
14.4241
12.0625
10.6408
8.67352
9.66484
5.34122
14.0533
9.76575
6.20755
6.83664
9.52358
12.8981
10.5909
9.91104
10.922
12.7515
8.14305
12.4075
13.0331
11.252
14.1055
11.3864
13.1742
7.47014
11.2125
12.4161
7.18315
5.18268
10.2665
8.00223
12.2852
10.9885
10.3542
10.4534
10.0595
11.991
11.5543
13.4365
9.70042
12.6155
7.8294
10.3781
6.05626
13.597
13.2954
9.03563
13.6298
12.5734
10.2029
10.0061
10.0793
10.7341
8.75523
9.06897
6.09713
12.1843
10.247
14.0515
13.6904
11.9586
10.7354
12.5428
11.5488
10.2032
8.06436
5.42817
13.0161
9.67802
9.87073
11.9882
14.6241
14.9783
5.70853
5.45241
12.6444
12.463
8.49835
12.8202
14.0442
14.4001
14.1176
8.03927
8.33
8.91088
11.4309
10.8341
13.5875
9.25811
11.6069
13.9192
14.8237
9.96671
11.005
11.3531
6.46571
9.96129
6.25479
10.8994
9.1698
10.242
14.9474
14.8612
9.02612
9.26816
9.50781
13.0429
5.83511
8.5042
6.1529
10.1828
12.2103
14.261
9.6977
10.7419
12.4595
11.2228
13.8002
11.6502
14.6318
11.6902
13.7261
10.3982
13.9424
5.61594
5.06642
9.78525
13.7165
13.3682
9.30145
8.79574
10.7038
12.5987
8.64065
14.762
14.4101
14.5376
12.2227
14.3482
11.3969
11.2117
13.8256
5.96882
12.8415
8.26155
11.0163
10.0083
12.2381
14.5596
14.2527
9.89955
12.9223
11.0957
10.8853
11.6511
6.0782
10.3868
11.9917
8.92251
13.0196
12.658
9.76879
13.1353
11.274
12.3995
9.52954
10.7203
9.8697
12.1078
8.23633
7.4181
9.05758
9.90596
14.527
10.8539
8.46192
13.2564
8.27626
12.2976
5.95835
12.4808
6.1029
6.00866
12.0456
14.0966
5.95162
8.42894
9.96326
13.526
11.3787
8.50201
11.5838
5.89684
10.3782
8.8171
13.9501
10.7413
5.4357
14.4786
10.4463
7.82873
10.9222
9.95716
12.8976
11.7306
14.2317
10.0245
10.8846
11.3264
13.4276
13.037
5.47636
5.16149
14.7166
13.619
9.98951
12.5536
14.7549
10.8699
12.5947
12.4102
9.4715
8.99914
8.89779
7.89879
6.42711
9.38663
10.6529
13.2691
7.87581
10.3652
8.3106
12.4555
10.5577
10.8995
14.2776
13.5467
11.9688
9.94093
6.08699
14.1041
10.4491
9.30506
4.64777
6.81599
14.9943
9.95088
9.72505
9.4012
5.68854
10.7509
11.5018
11.9358
5.35206
9.15537
13.0932
14.6943
8.87073
13.1257
5.11203
10.3796
10.8561
6.89772
6.00424
14.5534
12.5944
11.8262
14.5813
13.2332
12.1864
7.83691
5.90642
9.63634
9.20987
11.9923
6.72439
14.7141
10.6316
12.8248
12.5964
9.82541
14.3772
9.77404
12.4298
6.11426
7.96589
14.216
12.3308
9.60304
9.67552
8.86942
7.30676
12.3967
14.1232
14.0537
13.0895
10.8747
14.4549
10.6934
8.80827
6.25795
12.1023
13.0209
6.05415
5.14771
12.683
12.9261
14.6939
13.978
12.3408
4.29887
6.86942
10.9298
9.92796
14.8267
13.568
10.4873
9.45618
9.06945
11.883
12.0452
12.8835
13.3338
8.49955
13.4292
11.0614
6.0884
6.18628
6.16942
6.28896
10.214
9.76861
6.02067
12.3102
7.7527
14.9507
10.4128
12.6672
5.51839
12.508
12.9086
12.2395
10.5668
12.2379
7.84397
6.3532
10.8364
13.2851
14.5898
11.1848
12.0756
11.9932
13.3267
6.12353
11.8046
14.7159
10.1678
11.6852
10.5208
5.05976
12.8125
11.9984
7.87372
14.9341
6.35507
11.2821
9.95138
12.2145
4.70529
10.6465
5.43725
11.7732
13.3484
14.7871
10.1698
7.87538
13.9833
9.96653
6.23977
10.8745
9.44259
9.42723
10.7768
13.0896
10.2669
12.6046
13.8375
14.6418
14.6563
12.6781
9.08148
10.9806
9.82985
10.4923
6.74098
8.21398
10.8555
8.91471
10.7238
10.1644
14.6322
12.2681
10.305
10.6425
12.903
10.1448
11.7506
8.17126
10.5599
9.47938
9.1641
6.24361
10.1238
10.1256
11.44
13.654
5.28687
12.9334
5.93362
9.29604
11.2516
9.23642
13.3423
5.43453
12.4425
11.4243
12.9325
10.8716
13.8066
11.5337
8.81293
10.6607
10.4601
12.1414
8.87082
8.30533
10.183
9.5373
6.00022
8.58163
9.11523
8.93439
6.48948
11.6968
11.4373
10.1658
7.45245
9.03246
6.73401
5.5043
11.823
10.5704
10.9452
11.872
11.8277
12.9431
10.3795
4.25314
9.70445
8.53824
9.57149
12.4778
11.4293
14.5421
9.07631
7.44481
13.0754
8.69564
12.1459
14.874
11.4736
14.0898
6.05438
9.04761
13.5095
10.4352
4.52473
7.62351
12.1896
10.5291
14.702
7.50554
12.7373
9.41972
12.7488
8.2915
5.9731
14.581
11.5559
14.2239
12.4894
14.3062
12.1459
14.3291
11.5989
8.6189
10.9622
12.24
14.0296
6.01277
10.845
6.3085
13.0774
13.9693
12.0978
11.8127
8.43282
9.25113
11.5585
4.86782
10.9058
4.78427
8.99037
12.1653
8.99788
12.282
9.09412
13.241
13.2975
8.82796
12.9122
8.69869
8.15278
5.85019
11.1987
8.96683
9.09649
13.911
10.6234
14.7829
13.2004
13.8553
8.44802
12.15
12.2971
13.7721
8.13656
11.2632
6.11545
10.4472
8.94323
10.5883
6.04587
10.8842
12.5923
10.7877
14.014
11.3298
13.6766
8.19621
10.7665
11.7811
13.6328
7.13908
10.4227
13.7625
12.0313
13.4339
12.8257
9.59118
10.9459
13.7942
11.8231
13.8374
10.4945
6.75416
8.54599
13.4376
14.371
12.4889
8.46594
8.11979
9.88371
8.92817
12.8077
9.1441
14.9956
6.01782
14.2761
13.6097
7.9162
8.83701
8.87329
9.46976
10.3505
7.55796
10.7903
13.1468
6.02728
12.2533
7.30181
12.1584
13.0305
14.4475
14.5223
5.98831
6.41947
13.9989
7.72201
6.77471
8.64629
8.9543
11.7767
11.0699
9.95263
11.8359
8.92596
6.92387
12.1103
14.7443
