14.8854
10.3119
10.4779
11.9931
9.97447
10.4865
12.5968
10.5042
13.6843
6.36679
14.7268
12.6815
4.96963
13.3875
11.986
7.56089
13.4437
12.3246
14.8377
11.6199
13.0335
12.915
9.51441
9.74964
12.9532
11.0914
6.61661
11.2331
9.46103
14.846
12.7706
6.27391
11.5568
8.29832
10.5502
11.1024
7.91878
10.9141
9.03853
12.6694
12.0439
5.66273
9.52815
9.50576
6.11209
9.42569
8.11368
5.28925
7.48559
8.79183
6.83049
14.9376
10.5385
12.6058
11.4155
11.1972
5.85121
8.39965
12.705
4.53382
10.6694
10.5419
8.7384
9.56714
10.2769
13.5649
8.56668
12.2279
13.3643
13.8383
14.8158
8.545
11.205
10.136
8.39588
11.0275
9.95816
12.3677
14.761
7.77155
9.63887
14.265
12.8097
7.39023
13.0555
14.3414
13.2221
14.4677
11.3383
8.96364
11.6544
13.2507
8.86451
13.1313
12.556
11.1627
9.45582
6.04829
14.2343
9.04252
12.978
13.9738
10.7714
14.1747
7.96979
11.7369
8.20555
12.1216
6.11549
14.3764
10.7313
8.8258
12.0186
12.7841
13.2129
11.9916
12.5258
12.1722
12.893
13.1274
6.13462
10.9244
14.8211
14.1698
13.235
4.91186
14.8966
14.3298
14.5753
9.72492
13.8564
12.3
11.6812
12.2105
8.42725
10.9764
12.2438
8.84954
6.48755
14.9688
12.5954
14.0498
11.734
6.05853
10.7504
11.4331
13.8868
10.5823
14.0679
14.0709
13.9309
10.1578
13.7376
8.33699
8.87315
9.19686
10.2818
9.22892
9.97746
10.3004
14.3993
12.2586
12.2195
14.0166
14.0086
12.1426
10.273
13.7135
10.4999
12.2548
13.2047
13.308
10.8473
13.7345
12.1304
7.52373
12.6558
12.3218
9.80876
10.3396
10.2702
13.863
9.27188
12.1697
9.39766
9.02526
6.91353
13.9859
13.0991
9.51379
14.921
12.952
10.6049
13.9299
12.2857
14.7204
14.5365
9.15045
13.5845
13.0649
12.9438
4.14336
13.8379
10.7875
12.4032
12.5296
7.28955
9.41023
14.5256
14.5195
7.13516
10.2494
8.47059
10.6167
11.2773
8.95082
10.7275
8.24671
11.2992
10.5294
13.7171
14.5395
10.7833
9.41592
14.9635
9.95873
14.4529
13.546
11.3908
8.90744
11.6605
12.3299
13.1058
10.2623
11.3957
13.1649
9.10347
9.85226
14.1514
10.1255
11.4912
12.0486
8.26883
13.2906
10.8691
11.0709
14.5432
12.8316
7.71118
14.304
8.74753
9.32606
10.0543
14.0762
10.7196
12.0713
9.42923
4.25265
12.2844
13.3458
14.4525
12.9613
4.11413
9.53447
9.71772
12.865
14.9662
12.8444
12.5045
7.86117
5.50996
13.6699
11.6776
6.38933
9.48482
12.3078
9.15408
14.943
14.8884
12.0878
9.37291
6.37746
7.28127
14.4198
9.95909
4.68655
12.9962
7.69196
10.3516
12.9821
12.6984
13.6779
10.4797
14.9815
11.5667
12.1978
14.9754
14.3522
7.31252
14.7402
11.362
10.5989
11.0996
14.0857
6.038
11.7037
7.91108
9.17226
10.1496
11.4842
13.3829
10.3542
11.4814
9.82754
10.514
8.91477
9.80334
8.57999
11.1246
11.5166
7.47029
9.70547
14.0303
9.55933
13.2874
12.7788
6.33028
13.5009
6.93564
9.48301
13.4898
8.21027
9.60846
12.557
13.0828
10.7144
14.1214
7.00386
9.38624
9.64967
14.2658
13.7456
5.11258
11.5651
13.3397
12.1595
10.4684
8.77759
6.46341
8.70581
11.1384
8.68988
9.08926
10.9462
12.2942
12.1852
13.38
12.8192
7.25334
12.848
10.2269
10.6331
14.1766
9.04422
10.2988
13.8049
12.9808
10.339
6.4942
6.02039
12.6747
5.75121
13.0411
5.49329
8.7675
14.1477
9.95647
14.8533
4.79515
13.6444
14.5992
13.9581
12.561
13.6087
11.1521
13.781
12.3456
14.3055
14.5372
11.0409
12.6613
14.0235
12.8956
14.5131
8.51469
9.34495
13.7825
8.84041
10.5745
12.0275
8.58809
6.40315
14.2447
8.8033
11.3364
7.62006
13.2517
10.5677
12.9447
14.9601
14.8518
13.1435
14.4751
9.00506
13.8188
13.3103
14.2123
9.61432
11.5667
12.5312
11.5365
14.4407
10.3772
14.1539
7.58982
12.3938
12.2716
11.3303
8.07282
11.7323
10.9004
12.041
9.91815
6.72928
14.6335
9.57789
10.0576
9.1381
14.0589
8.34739
10.6887
14.4918
13.5983
10.1495
13.1879
12.1551
7.29326
13.1695
13.2841
13.941
13.804
14.0097
7.7545
12.5297
12.172
11.6102
11.7789
9.1791
11.8217
10.7148
9.44928
9.1203
13.0945
10.4294
13.3147
10.0761
6.10444
6.99161
13.2088
7.5045
5.79672
10.6806
8.68215
13.0449
9.25428
13.8447
14.7154
7.83109
13.9975
13.8328
9.44354
9.65842
7.64639
10.9876
8.70329
14.3974
12.1485
9.3593
9.47956
14.1371
4.18776
11.2425
4.04712
10.6053
14.8509
10.1631
13.4964
13.3995
10.5653
9.30102
11.1231
10.6947
11.9306
5.4415
4.82136
11.3716
14.8555
14.0575
14.143
10.6689
10.0413
8.48576
8.50513
13.1898
7.20233
9.02669
14.67
10.2162
14.4255
5.40589
9.92148
11.1763
11.4859
13.7577
5.43376
10.4801
7.74284
11.2114
9.28473
14.545
14.7918
13.5483
6.42494
6.37703
13.7422
14.6566
12.3437
10.2019
13.4382
11.8916
13.803
13.0197
9.19667
9.68284
8.82843
14.5556
10.5466
13.79
12.5238
10.1181
10.8223
8.53617
12.3704
10.3145
12.8703
7.86704
10.9812
11.7642
13.1419
9.50402
11.609
5.73602
8.65628
12.7317
14.5483
10.5523
13.8316
7.53685
11.9228
12.1208
13.055
14.6825
14.8509
11.3684
6.77502
14.8343
12.0338
9.64155
12.7508
14.7998
14.2621
10.4734
8.73984
9.59917
10.3495
11.3475
14.4724
12.941
10.7911
6.41729
5.97081
8.28515
14.4864
8.88353
14.7959
12.9029
14.8929
10.0795
11.7542
14.5564
11.2448
10.9434
14.8725
11.3711
9.84594
8.20806
8.65171
11.4934
13.7925
6.3982
9.65752
12.2843
10.3335
9.46537
12.6149
8.05297
10.2671
12.0416
12.2921
14.4078
13.0044
13.2999
10.4071
10.2378
13.5517
9.64562
4.36054
14.1853
6.69455
5.07639
8.69374
12.3206
14.6508
10.3863
13.3808
14.4528
9.92054
12.3275
12.8747
9.83423
8.18287
14.4177
14.7371
11.0261
14.0311
14.2029
12.6388
14.314
6.34408
9.88038
14.0454
10.8927
9.86102
14.2842
8.77648
11.2443
5.21645
12.9834
9.26575
11.4041
10.1759
14.3382
11.3874
11.2353
7.05606
9.46143
4.74598
12.5783
9.90815
14.6298
11.1585
9.66427
12.6769
12.5306
9.17398
10.6703
14.7108
13.7848
9.33602
8.29822
12.9612
11.1123
10.6705
7.29997
14.9179
14.5032
11.4454
13.0599
13.12
13.8769
11.9574
8.23862
10.8037
13.5229
9.52253
10.1733
9.61658
8.7837
13.0282
13.9174
13.3416
11.3385
11.077
14.9044
7.26446
14.5131
13.6841
10.7284
13.2771
14.419
10.7817
12.693
5.1993
14.7253
13.4267
13.1539
10.5967
9.55657
12.3898
9.84284
14.3167
12.7483
9.5554
6.01878
9.95709
12.5283
13.3876
14.8896
7.12203
9.84317
14.3559
10.6783
7.776
8.94625
10.6041
8.90024
10.8973
10.2809
13.8063
12.3034
8.28389
9.55773
11.3334
10.9575
13.692
12.1873
12.1662
14.8914
14.4701
5.559
8.87764
10.7128
10.0305
12.9794
10.0514
14.0394
7.94061
14.1585
10.8406
13.6385
13.1649
13.4248
14.2531
12.6344
11.4317
14.2486
13.0515
13.8612
11.9252
14.2728
13.7753
11.635
10.1159
13.4755
10.8933
9.89319
13.7119
14.5067
12.8155
10.8946
12.8697
9.15687
8.41864
11.6963
10.7566
14.7067
9.32715
13.0419
8.52503
10.9858
12.011
8.46182
9.69784
11.3469
13.2907
13.1328
14.6877
12.0331
11.3844
9.17381
7.84953
12.8186
8.98792
13.3946
10.5405
8.217
12.8337
7.57523
13.3798
6.24812
6.33851
10.5035
6.0733
8.62134
11.8086
10.5138
8.68746
10.2195
12.029
10.8271
6.34157
14.0607
9.91123
11.5949
10.4257
13.6772
5.58703
12.5666
9.31665
11.6416
13.0932
11.9836
10.9023
13.0129
12.5321
11.1042
11.4478
13.0449
11.3726
9.50845
11.7388
13.7588
13.1381
12.631
13.4529
13.6752
12.7352
14.2379
14.2427
9.5243
5.4971
10.9558
13.4484
14.9574
14.3937
13.1216
9.4053
12.7568
14.1332
10.8156
14.1165
4.99241
8.46256
6.23771
14.7795
9.7044
8.68333
8.55362
12.9743
14.0529
12.3434
11.5153
12.9859
11.7501
8.59612
10.7844
14.8579
14.6616
13.454
11.7143
7.74313
8.22734
10.1535
7.86834
12.7635
13.0293
14.9276
11.1555
9.30771
13.5881
13.882
9.1179
6.29526
9.42115
4.45272
11.4485
6.71722
14.725
13.9362
9.9798
14.9651
14.439
13.1452
6.60011
10.1479
14.7965
6.75916
5.37057
11.1884
14.1675
8.89563
10.1583
7.57071
10.7794
13.7893
14.9549
14.618
7.84559
13.1307
5.49147
13.7867
10.2569
4.43128
13.4927
8.88778
8.62412
9.33556
8.20659
14.8734
8.85692
9.13371
11.4064
9.42717
14.8815
5.61769
13.3979
12.0608
12.1223
12.2008
10.2112
14.595
13.0755
6.23655
7.7717
6.25506
14.4762
14.7387
10.0416
12.3943
9.22223
11.5603
8.83171
9.38781
14.3887
13.0359
11.4465
10.9567
11.3471
5.35168
14.0326
13.7061
13.5486
13.3659
9.1873
10.2851
11.1977
8.79365
9.24811
13.3622
10.7571
10.6253
13.0545
14.1803
13.5075
13.5693
14.5362
9.46726
14.0221
14.8018
8.22925
14.4173
10.7141
13.3456
13.9158
8.21378
9.80569
14.0358
13.7328
11.9052
8.38238
10.7345
10.0564
13.8105
8.7894
13.9372
10.0013
10.171
8.53761
13.9652
11.6448
12.3333
11.9764
10.9555
7.01722
13.7332
12.026
12.356
8.9878
12.1773
13.4288
12.8367
9.38747
11.3889
14.1786
11.5676
14.1835
10.7435
13.6424
11.0344
14.0648
12.5448
6.03812
6.01997
6.75086
14.9155
14.8246
11.3662
9.8381
10.2711
10.4082
14.8421
11.9743
12.0821
13.062
11.0994
13.3702
13.0795
13.0892
6.0027
14.4412
7.77559
12.6528
14.1323
11.2862
14.3275
8.58423
12.0195
13.0792
14.0623
14.5829
9.74256
11.3078
6.64706
12.195
10.6576
12.3844
9.51461
8.19959
8.14353
14.5711
13.6377
13.7476
6.74943
11.5954
8.42532
5.13483
5.78168
14.315
13.5611
10.1848
14.9053
14.4224
14.7786
9.83811
10.4562
11.6133
9.35281
9.44118
7.35815
13.9412
14.335
8.53037
9.03699
13.9333
11.4435
14.0388
7.79928
10.8461
4.82698
14.5199
12.2281
13.5914
8.38243
13.5333
13.0512
9.57423
5.72983
14.0612
13.3176
12.8211
13.9975
4.36525
10.5162
11.7451
14.7201
11.9936
10.1778
7.47044
4.98708
8.77349
9.76975
13.8692
13.5383
9.0332
6.76816
13.5769
11.0208
11.8218
11.2513
12.4107
10.2755
10.2013
9.48903
12.5552
11.3489
11.6771
10.8395
11.3179
10.6553
12.2716
8.99685
12.8375
12.2986
11.8807
10.412
8.03283
10.6521
11.8883
12.1643
14.2609
12.0316
11.6438
9.80575
14.3528
7.26614
12.1725
7.08679
10.7085
11.7604
10.8182
9.0599
8.68803
13.0635
14.2054
14.0448
12.2375
9.81984
14.4201
13.3368
10.3062
10.4973
7.56982
10.1204
7.55111
7.52207
9.1858
9.61038
13.0327
13.0091
11.6872
12.6161
12.3959
12.0969
14.2923
9.95935
12.8065
9.79802
13.2806
12.7277
11.192
11.865
13.9126
9.89493
12.6733
14.2431
10.9517
11.8895
14.1675
8.34662
6.75432
7.90434
13.0526
7.96656
12.8713
9.02318
11.4074
10.6203
13.9719
13.5148
13.7101
7.85182
14.3791
13.4058
12.3602
13.4733
11.1942
12.3014
14.2505
13.5502
14.0396
4.63951
8.61678
14.5492
8.56631
10.3088
14.6088
12.4046
13.9805
9.92586
10.3829
8.70173
6.77616
9.24716
10.0464
12.0445
8.75591
10.5657
7.61772
10.7205
10.5803
12.4044
10.5132
7.18205
8.57679
12.7867
11.6611
5.96261
8.93122
11.8746
9.26857
6.08273
9.36214
12.3088
13.6751
14.5707
5.79087
6.92588
12.5773
8.45695
6.15918
11.1728
13.3315
7.19573
11.3872
5.46917
8.0085
10.5317
13.2427
10.5031
14.5245
11.4836
14.3929
13.8393
9.89666
8.12488
14.087
13.6172
3.90926
11.5076
13.257
12.7615
6.5464
14.9546
11.5372
8.75869
11.0471
13.3275
12.7577
13.6566
9.0728
10.1809
9.08147
11.3674
12.465
14.3194
14.0392
6.67091
8.62428
13.977
9.61697
5.79931
11.2091
8.81927
13.8248
14.0578
12.7049
8.96075
9.62408
10.4232
11.9005
11.8949
9.35813
8.98166
13.6252
12.8306
8.16364
11.7302
12.392
14.6662
13.243
10.9461
8.7277
14.1531
13.976
13.2036
10.3719
13.5407
14.6142
9.87191
12.5591
11.5381
13.6614
14.3045
13.8522
10.3892
10.7401
9.70726
11.3523
12.626
13.5034
9.28951
10.5321
7.56543
13.5896
8.45299
9.45756
11.0286
12.6634
9.92369
14.395
13.8256
14.8279
11.3315
12.0592
8.36247
7.86908
11.7481
8.31734
8.31591
9.41404
13.5929
11.6986
11.554
10.6105
10.9812
4.91013
14.1536
8.72304
9.69517
12.2279
14.8415
12.0809
6.06508
10.0152
14.6116
12.1493
12.2781
13.7162
10.1253
12.1254
9.91368
14.7469
14.0366
13.9377
13.7453
12.3381
11.2651
14.8566
11.6754
9.37528
12.509
13.989
13.2382
7.72443
13.4004
12.1323
13.003
9.48804
11.0508
14.5286
13.0633
11.935
13.7787
10.7142
9.78506
13.3343
14.6041
14.3511
11.5973
8.06288
6.51952
14.1209
10.3432
14.5801
13.547
9.59963
6.7414
11.8906
11.9955
10.2949
12.754
10.1357
14.4377
13.5319
13.2413
14.9522
13.4754
10.6857
8.48086
10.4264
13.7295
11.6885
8.37416
11.8537
14.2797
5.03441
14.7978
11.5208
9.28362
12.9728
12.8062
13.2305
8.87463
14.3374
8.63268
11.1068
14.922
9.18122
7.56894
13.2012
11.4023
9.06708
8.94577
9.57155
9.88015
9.62988
9.06836
7.9093
7.04687
9.75359
3.84152
14.0046
14.2694
14.3875
11.5778
9.09636
8.31813
11.3283
7.49699
10.4626
14.3558
12.8445
12.1563
7.76171
10.5165
12.2425
8.61042
14.7267
13.1551
10.47
13.1284
8.96404
13.3632
10.5722
11.4297
13.8982
9.72918
13.5847
9.8217
8.22264
13.9052
8.38012
13.0549
12.6793
14.1467
6.03777
9.84596
6.20987
14.6956
11.9919
6.21849
14.5803
14.7086
12.2854
12.9501
12.9493
11.89
14.0248
11.4872
5.08118
14.2621
13.1617
10.5788
14.4912
11.3302
11.1189
14.0097
12.0272
5.93189
9.40385
9.22844
11.6153
14.1556
9.7785
14.7056
6.18358
12.7403
13.2336
11.3937
6.12657
14.6034
10.3462
14.7431
14.7688
11.3634
10.8933
13.0404
12.3532
4.75291
13.1112
8.96666
14.656
14.5815
8.30972
10.017
14.3999
14.1911
13.0502
12.9095
9.81073
8.99793
9.58252
12.8671
14.0932
13.9451
12.4105
14.5595
9.14054
14.3549
5.97921
8.59362
13.2149
10.1807
13.6503
11.1558
14.4207
6.62745
11.067
14.2059
13.6654
10.7668
12.5355
7.25367
12.5028
14.6357
9.29349
14.9449
9.90179
5.71882
10.7981
10.5055
11.5813
9.53417
9.41531
5.38761
4.58838
14.8463
14.118
10.2929
13.2662
9.62112
10.0515
11.0486
6.69063
12.3467
5.64238
11.5978
8.78993
11.5857
13.2889
14.9321
14.1349
11.8176
14.2603
6.33361
14.5682
14.3001
7.4891
14.4681
9.90645
13.9217
14.0325
12.0234
14.0214
9.86257
8.54984
6.26664
13.7686
6.32127
9.82088
11.5231
10.8221
11.8519
11.7603
14.3318
12.5343
11.3036
12.2521
11.1858
14.3079
13.7268
14.9328
11.4913
11.4037
11.1145
12.3342
8.94041
13.489
14.2951
10.0769
11.4843
5.60453
14.5256
9.79924
13.436
9.06801
11.6929
9.6514
6.25174
11.6672
8.77977
14.7081
13.2801
9.53637
13.6563
11.3535
13.812
10.0308
13.9147
13.6745
12.0979
10.2432
12.8856
10.9107
10.8438
9.07842
13.5771
3.81816
7.00128
14.4017
5.58564
9.59212
9.6001
10.7493
5.98925
13.0476
11.5415
12.8458
7.7408
11.1535
11.9291
12.9202
13.3033
13.3952
10.2757
9.24479
13.7401
14.8763
12.0904
5.21276
10.4049
12.4806
7.80657
14.2056
12.7324
12.549
9.57498
12.6466
4.34443
8.68662
13.2323
10.9607
9.02334
11.307
11.9092
12.756
10.8846
12.2578
14.7463
5.42349
10.9866
11.5026
13.3465
13.5797
10.0401
11.4464
13.9774
12.714
13.4028
9.88716
11.8603
10.7436
10.0404
13.7695
11.2816
12.0156
13.7201
12.2433
13.09
9.25833
8.92657
12.1445
11.996
12.9686
9.05949
10.6966
10.622
12.1454
7.62393
11.5616
11.5839
11.7446
12.2735
9.56117
14.0784
4.08616
13.7846
12.2964
14.6373
13.2227
13.835
9.45072
11.5517
5.4587
14.504
14.9941
13.299
12.8666
14.9799
10.6799
14.7958
14.478
8.0923
5.63038
10.1401
4.78942
14.1817
10.9656
14.1809
10.9835
14.2537
14.354
13.926
14.8835
12.9026
14.5619
6.24897
8.64016
9.36817
8.36212
9.90874
10.0589
12.8598
8.48498
13.9127
11.7686
14.5061
10.9971
13.5726
13.9212
13.8977
11.3871
6.20566
9.95912
11.6072
13.039
13.7048
14.0188
8.4462
5.71786
14.4484
11.6036
10.4972
13.4352
9.21236
10.9967
6.1343
13.4968
5.61125
10.1161
13.1144
14.9967
7.18931
14.9961
14.0669
11.9286
6.79084
14.9111
9.30532
11.9765
7.57845
7.9656
5.72908
9.09564
12.3934
13.4824
9.83851
5.54701
9.42833
14.2639
6.37711
11.3953
11.5201
14.7911
12.4156
13.4621
8.82449
3.86842
14.1669
8.29634
12.0756
12.8633
12.9703
14.032
11.4882
12.0989
12.1337
13.576
13.0737
14.0952
12.0447
14.1864
6.19224
13.3795
13.7702
9.93857
8.63708
6.32668
13.661
14.6091
13.0932
11.2829
11.5852
14.1092
7.40409
9.93329
13.3325
9.05959
13.9332
7.10566
10.3692
12.5381
10.1952
13.0856
14.5746
13.1493
14.9134
10.5016
8.29643
14.9888
10.7247
14.2057
5.7129
13.3107
8.88144
6.72089
12.4596
12.8932
13.7953
13.6902
11.6663
8.3005
13.7783
13.8181
13.2988
11.7874
8.92918
8.48259
8.99755
13.2497
11.8786
11.5378
14.3022
9.72717
7.00751
11.8475
10.0216
12.091
14.4932
11.2607
14.8286
9.3376
12.3932
13.3415
12.1565
14.0775
14.4367
13.7718
9.34151
14.4278
13.699
12.0598
14.9432
9.69326
11.9803
8.09512
14.4712
10.3068
8.93709
10.2506
13.5451
12.7855
9.50901
12.8463
12.6965
14.2213
11.4759
8.40918
13.4362
9.29153
14.8241
13.4226
7.12551
4.32015
4.74898
12.347
13.4753
14.5731
12.4062
4.98693
6.30218
5.47189
12.0538
14.1554
6.36116
13.2903
8.30305
14.8102
10.2089
12.639
9.382
14.2276
11.718
11.9819
13.8831
12.3054
13.307
7.05194
12.3019
8.53277
11.9599
11.893
11.495
8.95957
6.49095
12.1015
13.8055
9.57622
10.0582
13.8129
9.05055
14.5674
13.5392
12.7403
9.04189
10.4945
14.229
12.2937
6.79094
9.29475
11.6602
14.4798
13.7307
13.8095
5.326
11.1538
10.0978
10.3772
14.3269
14.5235
14.3091
9.76786
10.5157
13.2101
13.8749
11.8813
14.2336
11.3766
11.2074
11.8892
9.84727
11.7643
11.8341
13.2629
13.6344
13.3618
13.3933
13.3613
9.81592
13.4781
10.123
10.4132
7.79727
9.43065
10.4846
14.4027
8.53766
11.5783
13.9063
6.59173
8.63179
8.33339
13.8655
12.2429
9.89346
11.0073
12.7887
14.8565
14.9921
14.7671
11.8881
13.6804
7.18389
12.9857
5.13564
14.2551
9.3588
13.422
12.4415
13.25
10.7647
10.2816
11.826
13.2903
13.4231
9.07189
13.6228
9.78157
13.4123
14.8501
13.8127
14.5478
9.73291
9.90716
7.56151
12.9302
13.3268
11.1439
4.80808
14.5117
14.3716
11.1858
11.9912
14.8226
8.80191
14.4695
13.2717
11.973
13.9282
12.7606
10.0382
10.5232
11.2261
13.2474
14.4993
12.7716
7.16711
7.65156
10.6666
11.0876
14.6401
13.0466
10.858
8.63534
6.52131
10.5402
8.69275
9.96659
13.3834
10.7451
11.6261
14.058
14.0704
13.5475
13.1785
8.39179
14.7842
12.7721
9.46473
14.8457
11.407
13.4483
12.9845
14.1885
9.74592
14.3913
9.77584
8.79048
6.63991
12.1412
9.36054
7.13726
9.40902
12.5407
9.26122
14.1843
13.6857
6.83992
10.9655
6.28608
8.84023
9.29479
9.37573
8.0633
8.9986
10.2587
14.0637
9.36361
13.4673
9.41901
13.2564
9.79766
10.6551
14.951
11.5944
12.0701
8.00092
8.49267
10.3958
11.0566
9.05459
10.6053
5.6216
13.8267
5.89558
10.6737
12.7391
13.2544
10.4673
6.20331
4.73223
9.75407
8.37858
8.56429
14.8763
14.6971
6.71796
14.398
10.5845
14.294
14.6624
11.7081
13.6964
4.96993
12.5653
9.86938
13.3612
13.1495
13.6016
10.7905
11.1673
13.53
14.1823
13.8386
12.0069
9.5267
7.53855
5.04585
5.25422
9.70647
10.1493
10.8232
7.86294
14.0231
14.0944
14.3084
6.70508
14.6748
10.5712
12.8388
6.71155
7.2434
14.1346
12.5602
7.08482
8.23253
9.66074
10.846
10.8673
10.9516
13.6619
6.89944
7.63667
12.2069
14.2417
12.6738
10.4083
12.1944
10.6384
14.979
13.1046
10.3781
12.8048
13.7452
14.82
11.8631
6.70196
10.1703
9.92337
10.4248
14.2984
10.1645
9.92731
14.4067
13.3756
14.6833
12.4586
13.7981
11.1309
10.9767
10.7295
12.3808
14.6325
11.4398
13.9458
14.7256
5.84792
8.70875
10.1764
9.8622
10.6929
14.9973
14.6416
12.5553
14.9351
7.33677
5.46535
11.2268
13.6763
12.8852
14.6545
10.3081
7.97518
12.9078
13.7632
6.83879
7.63154
11.3801
10.2171
12.909
13.9609
10.4852
13.0837
14.3328
12.6843
12.8864
13.0366
11.8871
13.3561
11.4524
14.825
8.43241
12.9188
12.1488
8.29525
10.1403
11.2914
14.922
9.44753
9.52975
12.157
5.16703
7.02456
13.3006
6.73532
4.51724
8.45038
14.0196
9.96708
11.6458
13.6134
6.57146
13.6962
13.2027
8.0748
10.5928
13.409
12.9668
7.3957
14.6204
9.69991
10.2594
12.3322
12.4153
11.9543
13.8223
11.0642
11.352
13.4593
14.8036
8.31089
12.1561
13.9721
14.1288
13.1464
5.84659
7.08936
8.48646
8.69304
13.7597
9.62358
13.8798
14.8392
13.6697
10.4026
9.69291
10.7556
7.46688
9.58385
10.6144
13.461
14.1941
11.1586
9.35379
10.447
14.581
10.0971
14.0265
14.2256
13.7957
13.9667
12.1576
8.94366
6.26502
10.6182
13.7666
9.83547
7.9966
5.6624
11.792
9.99931
8.45003
13.8895
8.55517
13.672
13.2694
6.18523
9.04319
8.46221
12.6724
9.3551
12.9664
13.2497
9.72361
13.302
11.1866
12.2435
12.9221
11.3721
12.8695
6.5003
10.5726
6.13425
14.2346
14.7045
13.8346
10.6733
14.6485
10.3777
7.5364
14.8151
11.3765
14.0273
14.8887
10.9584
11.5785
14.8462
5.85814
10.7017
11.3609
10.6655
5.12738
14.8974
10.3941
13.46
14.9661
13.6101
13.5503
10.3215
12.9345
12.1796
11.7508
12.2622
7.4206
6.26393
8.73283
11.2456
7.93476
12.9098
9.93869
13.5411
4.16897
12.5378
9.83618
10.2663
12.8623
12.9251
10.5136
14.7206
12.4264
11.3462
13.3624
13.2481
12.7418
10.1598
10.177
13.6121
5.98371
10.2957
8.81548
14.1482
10.7623
11.6865
12.1147
14.542
10.9965
14.4327
11.2036
12.684
7.23075
8.59846
13.6476
12.5005
12.0778
14.1159
12.757
12.7975
12.4376
12.5348
13.558
14.3997
10.2861
12.6748
13.344
10.758
5.70485
5.24977
5.57706
13.4761
13.4338
12.396
10.0738
11.112
13.3981
12.8634
11.1269
12.1989
10.7634
10.3909
13.8415
14.8248
6.47765
12.379
13.5565
9.25724
12.7619
14.7436
9.54792
13.9866
14.4554
9.12729
8.29445
5.28307
14.667
11.5841
12.6039
10.9222
5.21161
10.0965
10.648
10.8597
5.32441
10.1686
11.815
12.8659
12.7772
11.8984
5.83115
7.69714
9.49354
11.5854
11.3201
9.06765
14.5788
14.5991
14.1465
10.2347
13.9876
13.3778
8.01697
11.2795
13.9442
14.255
13.9729
8.28678
14.629
14.2373
10.7877
11.4586
10.1933
9.62749
6.85474
7.68705
13.6042
12.5181
6.60794
14.9617
9.75033
12.6966
14.4311
8.9869
12.047
12.79
7.79117
13.8663
12.2777
8.45069
12.8528
10.1922
10.7872
10.8852
11.697
10.8233
13.6363
13.2146
11.0499
11.8189
9.65281
6.18924
5.93786
13.8645
12.7927
11.0458
12.2027
7.13202
12.3507
7.27725
13.6858
14.0856
8.43931
10.6142
12.1996
13.911
6.13091
11.782
10.1558
13.6206
14.1377
11.7153
13.6341
11.212
6.88787
13.3507
9.72091
11.6404
14.9852
14.8462
14.7527
13.5017
10.0012
14.0382
11.3785
14.5612
12.3847
11.808
14.577
10.7466
14.6063
13.6007
14.7779
13.3144
12.7755
13.1063
14.8966
12.3804
4.84146
12.848
9.18167
14.8503
9.71372
13.4295
11.5996
14.027
12.1518
14.154
13.4457
14.7438
8.16663
11.6667
13.8177
9.18911
13.2762
10.9207
14.0798
10.9385
11.2584
8.26115
10.56
6.15885
14.5574
11.9695
14.2465
11.6807
8.99481
10.6771
6.35913
5.38832
10.2972
14.3485
13.0008
14.511
14.9688
10.7283
11.3692
12.9449
9.14345
13.619
12.2937
11.8945
12.924
11.6844
12.5237
8.68465
12.8521
10.1238
14.9202
13.9322
13.8711
13.9431
9.24701
6.52108
10.3923
14.8088
10.4537
13.3434
13.9797
8.86956
14.0485
14.5679
9.35414
11.8672
10.3768
7.52059
14.4691
10.468
4.54924
8.77789
13.7686
10.8121
11.3947
6.10432
11.6369
12.4195
14.2139
11.6231
9.47921
13.2014
11.5868
10.4479
9.22115
12.867
13.0642
9.01045
9.94667
7.71357
6.46314
12.7079
14.4981
13.0909
13.9161
14.4273
9.69821
11.1337
14.7593
14.519
9.51559
8.69326
11.7799
13.7532
11.4324
11.7075
12.4499
12.9989
13.0303
11.25
14.9947
11.261
5.68687
8.1665
4.08048
10.3386
10.034
8.83169
14.0833
9.35545
12.8572
11.3314
9.71849
12.1599
9.26532
12.8265
10.1345
8.39676
14.6688
12.6529
13.6822
9.01502
14.9844
8.86426
12.5773
10.7951
12.4324
9.63649
12.5122
11.9075
5.12855
14.5115
11.595
12.6458
10.2914
14.9178
12.1798
9.89921
14.5209
11.0116
14.1845
14.0122
12.3285
8.70517
11.0833
12.0947
12.4926
6.25654
12.2234
13.3472
6.6247
10.9815
14.0473
12.7583
8.50226
8.33224
12.0834
7.46776
10.0364
13.3068
10.5226
6.24496
10.4039
13.8825
9.37339
10.8196
13.7416
12.6603
13.6587
10.4457
10.4146
14.3407
14.6788
7.10465
13.6719
12.3395
6.14904
6.75114
11.9795
14.9607
14.0763
8.09791
11.7632
14.3443
10.1375
14.4415
9.78771
11.2821
9.92178
13.6867
13.149
9.58667
12.8368
10.3615
10.1572
14.4546
11.9209
11.0814
14.8768
8.31238
11.1396
13.318
12.9148
11.59
10.1722
7.42542
10.0187
13.1018
10.4521
12.5949
12.6154
10.8704
14.6486
13.6407
5.71362
8.81761
9.20684
14.8249
12.512
11.4011
10.7102
9.81113
10.6824
12.4105
14.6556
6.52452
11.8462
13.6276
10.1563
10.6869
13.1625
12.0148
11.5305
12.9398
11.9755
12.3085
14.1164
12.7405
12.9057
13.6305
10.5553
14.0057
11.6065
9.82415
6.40282
12.8175
14.4432
14.7227
7.91004
14.6519
13.4305
7.72633
14.9856
8.9485
9.83097
11.346
8.44126
11.0046
8.38606
9.65926
11.5456
14.9352
14.0355
11.9179
14.1729
13.767
14.7656
10.9355
13.1366
13.9213
11.3636
13.502
14.4875
11.9557
14.7888
14.4267
12.0015
7.69086
7.4499
14.1453
10.3945
9.0273
14.5026
13.8791
11.783
6.27862
9.94317
10.7113
11.77
11.1888
14.7634
12.2183
11.5466
5.79554
6.93594
11.4958
14.7617
11.8816
10.2827
13.0736
14.25
12.8317
13.4083
14.2597
9.77544
14.0789
10.8505
12.8595
13.7447
4.329
9.22415
12.1498
13.9087
9.24543
11.4877
5.92503
11.5766
13.2024
8.58065
9.34435
11.8515
13.3719
13.2599
14.0031
14.0567
12.6729
14.8465
9.4236
5.33016
5.90884
7.56503
11.1342
12.6608
12.0986
14.1883
14.1178
9.83974
14.4332
10.2763
14.8372
14.3295
14.6558
13.1947
12.3326
12.579
9.99889
6.90669
11.8658
13.3175
14.3473
14.9614
11.1623
9.59207
9.83049
11.4114
12.0106
13.4204
11.8713
6.55827
10.4931
14.5503
11.4385
10.8756
14.9662
14.0353
12.0706
13.5074
11.02
9.64014
8.8333
12.1075
10.4177
13.7706
10.401
12.546
7.05863
11.5208
14.0114
7.85487
13.7777
8.96702
13.5953
8.10151
14.0355
12.5296
9.74871
12.5647
10.3566
12.9822
14.5477
14.6671
13.6529
13.4649
13.0318
13.3502
11.355
8.849
8.85621
11.9766
11.4703
14.9774
12.4566
4.953
8.79112
6.37282
14.1277
13.1747
6.74894
11.1984
9.78106
12.2563
6.51274
12.3918
10.0811
12.5494
8.81956
11.7781
11.4019
12.568
12.5632
12.4123
11.4241
12.4863
12.9207
12.6106
7.65391
11.5789
14.7253
6.5083
13.8728
10.4898
14.6869
10.8345
5.96721
10.9224
13.7293
12.7061
13.5123
11.8645
14.9746
11.5394
5.76423
8.66365
10.7199
13.7071
12.909
14.6295
8.4419
10.7952
13.3436
14.6878
7.73994
10.3055
10.222
11.2827
10.2537
13.3042
8.3851
14.9078
13.1417
13.9077
12.7917
14.1285
13.4545
13.1854
11.7448
11.982
9.84202
14.9607
13.9065
9.98989
7.77966
13.0815
12.5991
10.6721
12.3607
11.3792
12.19
4.52043
12.5233
13.3679
10.0008
6.74082
13.9504
11.1272
13.4258
12.5786
5.314
9.76711
11.6358
11.8591
12.2366
14.1766
9.13379
4.63593
10.8513
13.1564
12.9603
11.2982
10.9531
13.8452
13.6482
5.62302
9.5994
4.34427
13.7954
13.3059
10.0783
10.8543
9.51263
13.6644
11.6996
12.2748
6.32741
11.6028
9.4717
13.2709
12.206
14.1898
14.1396
11.8347
14.1689
10.3922
12.1549
14.728
6.76825
11.7536
14.765
10.9584
14.6466
4.56336
10.5349
7.82653
13.5245
9.50203
11.7217
6.79139
14.5015
14.5371
14.2168
8.89817
14.2897
8.94396
3.64784
12.8267
7.9073
10.2548
14.7667
13.0471
13.6736
8.54447
13.1899
14.5743
12.6742
13.5715
12.7355
13.0422
10.0261
10.2134
11.2705
14.7633
14.3998
14.7251
11.6303
8.80293
11.96
13.9728
11.5946
10.3257
12.3181
5.27542
7.32294
5.65208
11.4648
11.7937
14.7422
8.64446
14.8209
13.1972
10.6459
11.2466
12.3886
11.3716
10.2521
12.5968
12.9605
14.3764
12.0113
9.5986
14.18
14.5876
13.8214
10.9035
12.6329
8.28263
9.54552
11.3241
12.4804
14.9316
13.5235
14.3539
9.23967
8.08037
13.8545
4.37494
4.84375
11.6375
14.3796
12.7217
5.88748
9.33163
10.2321
11.2368
12.9326
14.185
7.85904
13.415
9.21656
12.0268
9.15555
8.16911
9.86044
8.7555
9.73712
12.1744
13.4029
14.401
14.6323
13.3765
5.33428
5.46867
12.2946
9.44639
14.6455
8.66809
13.9286
11.0458
3.0222
13.1683
14.5454
11.5862
12.5908
10.0441
12.0178
11.33
14.0133
9.96841
8.84127
11.819
13.9336
10.7945
14.9551
9.59135
9.403
10.2159
12.1053
10.9592
11.4993
13.5867
14.27
8.53146
9.08139
10.7463
10.1095
14.9319
10.3224
11.1356
14.3617
8.76439
11.2184
8.99304
7.27986
8.28828
13.1745
14.3933
11.5593
9.10308
10.2561
12.9523
8.96474
12.8585
12.6618
12.0396
6.49056
10.9791
10.2441
12.9855
14.104
14.1037
11.4313
10.3103
12.7169
10.5397
10.7581
14.7818
13.7142
14.2658
14.9774
14.8037
9.79793
11.3184
13.0633
10.0403
12.6094
8.29694
12.6323
14.3684
14.6295
11.3306
5.14464
11.251
12.285
9.49149
9.25364
13.179
10.9767
11.153
5.46704
6.22867
9.6394
10.9117
4.20058
13.468
10.021
13.6538
4.84742
11.1772
10.9908
12.7024
7.25418
11.423
14.5409
12.7338
14.4183
10.8659
11.7775
14.7631
5.57487
14.4249
5.76063
9.42233
14.9981
13.8333
9.89983
10.5848
12.4345
12.4632
10.3704
12.4656
9.02719
9.05399
10.6006
12.8456
12.9173
6.45633
12.5476
5.45012
8.32487
13.6062
12.0574
13.9495
14.9455
12.0087
8.18803
11.9012
14.1294
13.7959
14.543
13.5486
10.091
10.9723
12.3246
12.5579
14.6088
14.1696
11.0802
14.2279
11.9507
12.551
11.9941
12.3897
8.24965
7.9595
8.7065
9.11422
10.1598
12.4062
10.6029
14.8421
12.087
12.5371
10.7982
6.12473
13.1845
11.1599
12.9589
11.0615
8.4709
8.23138
11.0627
9.3565
8.82499
12.7645
9.84773
13.8721
14.462
13.2201
10.0282
8.42453
13.5955
14.822
12.7851
14.4868
7.40538
11.6532
8.30899
14.7924
12.8166
13.9094
10.5052
10.0087
10.3074
5.87411
13.4833
11.4838
10.9054
14.9798
9.20096
8.89163
10.4762
11.4079
8.43536
14.2259
14.193
12.8632
12.9807
13.8891
11.5203
12.328
11.693
8.25164
10.339
14.0616
11.9451
7.46909
12.2785
12.7184
13.3195
13.0164
11.3764
14.2941
11.4327
9.93144
14.9269
13.248
10.3349
10.4029
9.13349
10.9459
13.2048
11.5298
8.70298
11.932
14.6721
8.01933
10.2422
14.6376
8.25264
14.1016
11.5113
12.3481
14.3444
8.76731
6.53868
14.3257
9.85149
14.8642
13.1688
12.9761
5.23865
6.06341
10.5527
10.6505
14.0127
9.92588
10.3025
10.2556
8.28881
5.07782
5.855
14.0918
9.81557
10.8516
14.6199
11.8617
8.06578
10.9317
12.6782
14.8661
14.271
9.35756
10.6649
13.6229
14.6911
12.9327
10.9527
14.0487
10.4153
5.53261
8.4862
10.1512
11.8297
11.7543
13.3218
11.1621
8.51509
14.1182
10.0284
14.5511
10.147
11.628
14.9065
9.60009
12.1956
14.2826
14.9453
11.0374
11.4483
10.9548
12.4335
9.95424
9.72217
11.4698
10.2124
9.64864
14.659
9.58311
8.18732
6.64659
9.07628
9.51284
10.7969
14.6812
7.18378
12.743
10.4423
14.7772
8.62773
10.0725
14.735
9.69871
13.3552
4.64933
4.95652
13.512
10.5681
14.7831
10.8321
13.7285
12.3233
13.8116
9.88317
14.1651
10.7362
7.80421
13.003
11.1398
13.9026
9.36925
11.7568
12.8936
11.5325
13.8385
11.4808
8.82379
14.7408
14.9789
7.53773
5.61175
13.7603
13.6116
14.7707
10.3283
13.867
14.5126
12.634
11.0547
13.6032
12.113
8.8966
12.2998
12.1143
6.29849
11.5295
13.2735
9.714
9.53585
14.3433
11.3847
9.16756
12.8385
6.81238
10.6959
12.1171
14.7973
9.36067
14.6021
11.3552
11.961
7.07381
11.9595
12.3161
12.436
11.4699
14.7128
9.39678
14.3068
10.401
13.9157
8.70846
10.6009
8.85137
14.2617
10.7394
6.94513
6.57936
9.44433
14.0967
12.8748
14.7682
12.0516
11.9104
13.3083
14.129
9.88622
11.1078
12.6949
8.62529
13.5642
10.251
11.6226
13.2696
8.12689
13.9515
8.38758
14.8149
13.137
9.28873
7.5544
6.97385
6.49159
9.38554
12.5761
10.2806
7.43081
11.3348
14.3556
9.78281
13.8773
14.2884
12.5245
10.8362
14.3552
12.4679
12.0717
9.12689
10.665
10.4355
5.49742
9.65523
13.885
11.8347
12.0149
14.2426
10.4739
5.44069
7.57204
11.0965
13.7846
10.6556
5.62073
11.0971
13.0124
7.24828
8.42648
12.4888
13.7581
12.9111
11.3856
13.6255
11.016
11.7909
4.9425
9.98926
14.7077
10.2539
7.3008
7.18099
8.88363
14.1377
14.9691
13.8216
7.83644
9.54315
11.3637
12.0945
8.33617
8.12533
11.8085
10.277
12.8483
12.2557
6.32127
11.2525
7.84815
13.9065
13.8849
10.0803
6.56062
9.85806
11.4896
12.2985
5.59767
11.2646
7.97425
9.41085
14.3537
8.47463
13.2243
10.7674
9.17274
8.36754
11.8902
14.8163
14.393
13.4702
12.6029
14.0685
14.2305
5.85478
10.0869
12.8789
10.1897
13.7207
11.245
14.4611
14.11
10.4048
5.64409
8.69604
14.4224
13.6962
10.3623
14.4473
10.1464
11.2798
12.9747
6.60646
10.4403
12.5872
8.53367
12.1168
11.0924
12.5721
12.3618
14.3108
14.6401
14.984
14.2033
13.0051
8.69495
11.0823
7.71602
8.73242
12.1094
9.61999
14.0036
12.5416
13.4533
12.6651
12.8683
13.2564
14.9699
14.114
8.93612
12.6442
14.1448
8.56086
13.5841
12.2183
12.6377
10.5562
13.826
12.7164
8.70088
13.5306
9.05663
14.3277
10.0446
9.34762
14.0985
10.2829
13.2317
5.2005
8.15283
8.94145
8.0327
9.67606
5.96861
9.47974
11.0074
9.7736
13.8615
11.6753
7.98371
9.43835
14.897
12.8863
13.3663
14.8654
9.92078
14.7523
12.3827
10.2586
11.6185
11.1711
9.96562
7.81268
12.1745
7.75218
13.601
11.5513
6.4916
12.3877
9.58907
12.7303
12.3453
11.8591
9.85191
10.8475
5.7396
14.8284
5.83625
12.4225
7.44814
14.2256
10.5213
7.48385
13.6664
11.3011
6.88002
12.1349
9.34015
11.0619
9.05614
7.73991
11.8739
14.2395
12.6856
8.81931
11.6994
14.071
13.3627
12.0818
10.9729
6.19682
14.0937
9.40395
13.4169
13.7113
13.2933
11.2516
9.60363
10.9411
10.8364
12.8537
13.1169
13.3474
12.7715
12.52
14.0452
13.8342
14.4531
14.2072
14.9407
11.0604
5.88319
7.93685
10.0136
12.1829
9.97904
14.4843
11.9652
7.54258
13.4217
11.1411
14.1617
10.0215
13.4486
14.4943
9.44357
12.1135
9.50044
12.5191
10.7324
14.6137
14.6964
10.5502
14.2518
14.6862
13.791
12.3693
11.8462
11.8869
12.8379
13.4265
13.9299
12.4296
14.9039
11.2561
6.1115
6.46376
14.5339
10.3618
12.3038
14.3092
9.69533
8.83734
14.2224
4.56596
14.5149
11.418
12.1107
14.3845
12.3616
8.6327
12.3286
13.3484
5.76268
10.1797
8.31482
11.685
14.7359
10.4718
14.2257
13.3292
10.727
9.2756
10.3346
14.4334
12.372
8.79131
14.4049
8.57174
8.8829
11.9046
9.61176
11.6951
9.62901
13.4736
11.2294
7.06413
4.70687
5.87744
12.0394
6.64121
10.3356
12.6371
6.57232
6.22227
7.65046
6.03814
12.9361
3.89448
13.8335
14.8535
14.4731
12.9862
9.90428
5.46956
14.7626
13.5958
6.71535
13.9038
12.1773
10.0487
11.609
12.5084
11.6991
10.6794
12.5821
6.16485
8.08832
9.40429
9.27935
14.2432
8.86702
11.4779
8.10141
6.03506
12.8915
12.8685
11.5444
13.7891
10.2464
13.4707
14.7968
12.7003
13.5276
13.0007
14.5115
8.49124
5.96218
12.6538
9.45077
14.2525
10.3319
11.4628
6.50692
5.55973
8.87195
13.942
7.793
10.5456
13.6661
10.2237
13.7782
6.35947
10.8001
14.0461
10.002
12.7705
11.9421
8.00808
11.4554
13.9411
12.4751
12.8661
12.6382
11.1359
9.95006
12.1136
14.0867
14.4506
13.3844
11.7284
10.9015
12.2014
10.0907
11.2192
12.5395
8.77797
12.6485
11.981
11.0267
13.7231
12.5459
14.6892
12.3172
14.5564
9.98704
7.4683
7.54955
8.31868
9.20432
13.0248
7.46046
9.46268
14.9847
11.3167
12.8331
6.39011
10.5954
5.15335
14.8246
8.06002
11.1266
12.9007
14.4197
10.4467
12.8412
8.93277
10.1464
11.4064
3.98797
14.473
5.20446
12.0177
13.1942
11.6437
12.7803
13.7913
13.2323
9.35446
10.0877
10.0411
14.6352
13.4797
14.3231
14.8007
8.13781
8.50877
12.0932
6.7426
9.37943
12.3175
11.6297
9.29323
10.2482
14.9143
11.9093
9.6703
11.3497
5.26179
12.581
13.9382
14.3608
12.1068
10.3861
11.2992
11.4291
13.2837
10.5934
11.5957
5.64936
8.96591
11.6755
11.0612
5.47283
10.8688
9.74596
9.68269
10.6181
7.04094
8.88126
12.6717
8.8702
13.2776
8.22955
4.85255
8.99981
8.75719
14.6904
11.2629
11.3644
13.3503
5.75269
11.8036
12.2219
14.9721
8.34496
10.1217
8.14597
7.76181
9.72208
13.3741
11.6161
14.3753
8.81253
13.2887
11.6921
14.5445
12.5713
12.2465
14.1564
6.36486
9.31545
8.51357
5.81036
5.88626
13.3738
12.8101
4.56753
12.5672
13.0309
13.6272
11.8386
12.9524
10.3826
12.4579
9.93501
14.0522
13.4349
12.1319
13.1049
10.6461
10.3763
11.5729
11.7443
11.2154
12.0626
9.80722
13.0179
13.1825
10.5436
11.1952
14.2825
13.492
14.2923
14.3194
10.6114
11.9406
13.0582
12.9935
10.689
13.1378
13.335
4.24826
12.017
7.07695
14.0743
7.23483
8.90679
7.45539
13.9546
14.0886
8.31709
14.4264
11.9047
11.7547
13.3952
13.5401
11.6953
9.62514
12.0408
11.6824
14.8166
12.4206
13.7018
14.4357
13.2217
5.30661
14.8433
10.9936
7.77695
14.0103
12.9112
13.4184
10.6548
8.41942
10.3252
4.72249
13.0476
12.249
14.2974
10.0569
3.83848
12.3575
14.6639
14.2388
10.6811
10.0819
7.16594
7.94878
13.8748
14.9568
14.4087
7.56698
13.951
12.7886
8.88052
5.36455
13.8947
7.00718
10.4938
11.9526
14.5456
9.68308
12.3886
10.6446
10.3637
8.77201
10.4734
11.3087
12.6588
9.49263
14.2504
6.06499
4.87404
14.9328
10.7181
12.0826
9.06191
12.6413
7.29742
5.83386
11.503
8.31321
9.20132
11.2668
13.6876
14.9576
9.72483
14.6476
14.1015
11.0439
8.71392
5.62919
9.61012
14.7436
7.5174
10.289
10.8278
13.2656
8.40998
12.1063
12.0488
7.10988
13.1266
7.30571
10.1865
13.0396
13.8822
13.8248
8.70027
10.543
13.6041
13.6511
12.6211
10.8526
11.1568
11.6479
6.21845
13.5524
12.8359
12.9697
10.5751
14.7709
12.2932
14.8263
6.08401
13.2189
9.80643
11.4159
9.79122
14.1558
13.4705
9.78028
11.3613
12.4576
8.98462
14.8325
9.99123
14.6197
10.0317
8.7107
10.6344
12.5799
9.85438
13.454
14.5377
11.5301
5.66869
13.0272
12.8125
13.73
14.3107
13.6107
12.3645
10.2688
14.8663
4.41474
14.3845
12.5995
12.4941
10.1953
8.69188
11.382
12.8923
13.4873
10.2335
11.406
9.56422
10.6014
14.063
9.18911
10.1252
14.0601
10.2687
14.5906
14.8106
11.1865
12.3705
14.5988
6.1737
14.3201
12.4599
4.75518
6.04379
10.378
14.8701
11.0714
10.2229
13.106
14.0528
14.3546
14.3878
4.93996
5.55349
12.5369
7.43107
14.0488
12.5065
11.8827
10.3353
8.04414
8.63789
10.2463
11.8606
13.9
11.009
13.453
7.18696
14.6579
10.3587
6.15181
13.8459
12.337
12.1592
14.1847
14.7732
10.4798
8.48254
8.1397
7.30299
10.5822
14.6854
14.496
11.876
14.5018
8.90174
6.677
7.17461
12.6707
10.8986
13.8766
11.0529
9.82524
10.7973
9.63551
11.7673
12.4787
10.8955
13.6766
11.8469
14.3872
5.94619
11.0363
13.499
9.68331
14.965
12.8753
8.61951
12.0386
12.609
13.8834
9.09849
13.9366
11.0886
14.5505
10.0627
14.8243
10.3689
13.1547
11.8894
14.0862
9.06673
13.1854
14.9133
13.2563
10.5682
12.9878
14.0973
12.6957
13.6613
6.23775
13.2846
11.1042
11.3159
9.79796
9.72401
11.4772
10.6397
8.14221
12.5177
11.3641
8.76811
14.1983
6.95416
8.7461
10.6123
11.4957
13.0256
13.5556
12.9588
9.16114
13.1696
14.4192
13.8523
9.21432
10.2778
10.9838
9.35116
12.227
8.96267
13.6649
11.8336
13.4566
14.5275
12.1837
6.97683
8.67401
7.10711
4.97983
6.34672
6.47251
8.18395
9.4481
8.45903
14.4972
14.5107
9.57257
12.6007
7.72545
10.8397
12.0003
11.4005
13.1081
5.64587
13.6771
10.2248
6.35109
4.74666
11.7794
14.9653
10.4712
13.9752
8.76202
6.22042
14.5479
13.6353
7.41453
14.3128
9.62469
14.8849
14.5148
14.134
14.3886
11.0172
13.0349
13.0685
11.3382
13.6108
7.40085
8.48909
10.8393
14.0806
10.7366
14.2703
12.1316
8.77756
13.6015
12.755
12.6618
8.47384
13.7665
12.9488
14.4218
14.8724
9.72429
14.5997
14.0753
12.9027
12.2641
14.3123
14.8926
10.2351
11.9899
6.13165
10.8408
13.7577
13.9518
11.9681
11.0643
11.0559
14.5343
12.2579
8.78274
13.9684
5.25555
10.2802
12.8106
8.77709
12.2682
14.5794
12.0868
13.0872
9.67649
11.2836
13.6705
11.5663
14.3808
10.6719
11.3313
12.3955
14.0853
12.5797
13.9079
13.9875
14.2891
9.93666
11.8073
10.4062
5.64763
11.9067
14.1503
12.5334
9.38201
12.6518
13.5985
7.98219
10.2674
11.1939
14.811
14.0232
9.11078
12.0573
11.6715
9.16687
9.54612
9.55556
11.3154
8.51177
12.1271
13.4419
13.5389
12.0793
5.30329
8.54552
9.02052
12.5955
13.1141
8.25546
11.8469
13.7176
9.79703
12.3946
12.199
9.83393
6.19513
10.6198
8.69612
8.45164
11.3801
11.71
11.1615
11.8682
6.31892
14.4438
14.7519
14.6079
14.2735
13.6372
8.02989
6.42675
12.6376
14.357
11.051
13.695
12.957
14.1639
14.6936
7.90356
6.6494
6.05858
10.8581
8.6073
12.1064
4.90689
5.31506
11.396
14.2369
8.08245
14.6242
9.99489
5.89602
10.0225
14.4986
9.93815
14.5818
13.4349
14.8725
13.1896
12.7167
12.0233
8.66972
14.7344
11.9852
11.6434
6.36236
13.42
7.51514
8.76068
10.0331
11.3956
13.3583
5.25664
12.8637
8.79842
13.2261
11.051
11.6326
13.1766
10.5674
7.75867
5.33375
13.8029
9.48509
14.0355
14.8
8.46738
13.2811
11.7785
13.0744
10.007
11.5137
6.57092
6.21667
12.2569
10.9599
10.8072
12.4115
13.1325
6.34764
9.90514
9.42939
14.0445
11.3347
9.75341
9.91453
14.5808
12.4308
10.2396
10.5859
11.4006
12.7726
9.15877
13.2518
13.7056
9.93205
7.79325
13.027
14.4569
10.6446
9.72339
5.0654
13.3216
9.90933
14.8559
13.8005
11.0383
14.3992
11.1395
14.2656
13.4558
12.7154
4.02854
13.3676
9.80687
14.9903
9.06874
14.333
12.7286
13.2598
10.2046
14.7272
14.0721
14.696
9.42417
11.2839
13.7717
13.1877
9.20377
10.8891
12.0359
14.8141
14.4345
13.6204
10.9138
10.0582
12.4734
14.49
12.6745
12.1953
9.68699
10.0025
13.9809
10.9759
14.7402
7.86273
9.42497
12.7767
11.3475
13.6046
10.5301
12.1395
11.7317
7.47481
9.02566
14.9198
11.5967
7.65315
8.41816
13.7124
13.3935
13.8154
12.8988
14.3436
12.0724
9.73388
13.3086
4.98211
12.0321
12.9636
10.7995
14.2805
12.2895
11.3466
11.1118
10.2572
9.33696
8.74667
12.2342
11.861
12.1823
14.963
7.62454
12.2508
13.7804
14.3944
8.62267
10.4371
11.3812
13.6055
11.0692
13.8723
12.6541
11.5442
6.36978
6.49637
12.2737
14.5145
14.5739
12.3328
13.0214
10.2336
8.59092
11.1275
13.1361
10.5506
11.189
6.64223
13.8777
11.4291
5.91424
13.8597
6.86999
11.3986
13.7956
11.9807
14.8284
7.12468
14.2083
9.10296
13.9613
14.1762
14.5554
10.0034
10.8437
13.9608
14.7942
8.22994
9.95887
11.1778
5.27723
14.0586
14.3463
10.8264
9.05593
14.4734
13.1877
10.9725
12.3275
14.7354
13.9067
12.3371
13.9337
9.88985
8.26814
5.86428
8.47988
14.5495
13.3352
9.2101
10.7262
13.3212
12.616
5.07529
12.9903
13.6067
9.00596
13.3021
10.1971
14.9742
9.51404
9.98922
5.96651
8.95428
6.46835
5.83722
12.4816
10.6704
12.8073
14.9737
11.9061
8.58678
9.28441
11.2948
14.0925
8.38397
10.5259
7.4259
12.4717
8.40539
7.49814
14.6518
13.285
14.0827
12.7512
14.1157
9.00218
14.0391
11.3492
12.8089
8.73289
14.4008
14.1034
10.0782
11.7869
14.7221
7.51795
7.73153
12.0066
13.0273
5.64511
12.5813
8.28327
12.7985
14.4487
14.5493
12.1318
11.5782
3.99538
7.01558
12.8484
13.8649
13.1269
6.68551
12.6673
14.4472
13.7856
9.89186
8.46025
9.91797
14.3646
14.7019
8.31055
13.1838
12.7808
13.8652
10.8213
12.4126
12.3885
10.5176
11.5123
10.4951
6.71971
11.2967
13.4077
9.84612
13.4473
10.3246
13.336
14.8394
14.9427
12.419
10.9063
11.123
13.2099
12.7147
10.5663
14.9528
9.27361
13.1207
10.1644
9.3433
11.0673
6.10304
4.17048
13.5798
12.5591
9.96196
4.47303
14.0177
13.6695
12.358
14.2281
14.9464
8.94612
10.8764
14.4359
6.17867
6.34301
10.3709
12.6408
13.859
9.74362
14.1381
13.7967
9.97004
13.4583
10.828
11.3339
13.3883
14.04
14.0654
8.46899
13.8915
6.58324
12.8456
10.9988
13.1526
10.5679
14.3515
11.8629
14.9367
14.4161
13.2792
8.22307
13.2634
9.0925
8.94043
14.0871
13.6287
10.5919
5.98069
13.5943
9.73361
12.9758
14.1665
9.70766
14.0572
12.5751
14.5706
14.6218
8.67126
5.66589
11.4515
8.40592
13.6644
11.7441
13.0806
5.34121
9.61938
7.25974
13.8727
14.6429
10.6512
14.872
9.01879
8.52886
9.74946
12.2836
12.5431
8.16141
14.9718
6.01079
9.59666
11.3376
8.32416
9.90919
5.8395
5.68519
14.9449
10.9655
9.29845
14.188
5.25122
14.5224
10.5139
11.6519
14.9235
14.1901
11.4048
13.3621
14.8006
14.8936
9.81692
5.96488
10.5379
13.6542
12.3686
12.9727
14.675
10.1462
14.5197
7.96852
8.83603
14.7972
14.099
7.38119
10.1245
9.72899
12.7396
10.956
12.2406
12.0372
10.5442
11.1687
13.9896
11.7185
10.739
13.2102
10.9238
14.9072
13.7599
6.57727
12.1534
11.1989
13.1939
9.76902
10.0756
9.92866
9.20721
7.21438
5.33164
8.06409
12.8562
5.14727
12.7628
13.0849
10.6554
12.6099
14.1686
6.11588
9.37538
12.2622
13.1891
14.8907
13.8056
10.5481
14.7166
10.9423
9.38638
14.0649
4.47626
11.0018
11.0471
12.9601
14.7604
10.5767
9.7116
6.24161
12.7931
13.9337
8.46625
12.6249
12.8153
11.6274
10.8141
8.78698
13.1896
14.4561
12.6025
10.5117
6.37014
9.69319
12.3866
14.0749
8.22591
11.097
13.6694
10.8052
7.61796
10.4714
13.1405
9.78114
12.9916
11.7519
14.1933
14.5043
11.2956
12.7236
12.7326
11.7831
13.1164
7.65571
10.821
13.9956
14.6388
14.6355
9.61563
10.7485
9.87
14.0931
12.3475
10.5888
12.2632
6.92713
13.7344
11.7155
12.2729
12.9907
9.04236
9.39453
12.1658
11.3777
11.389
11.268
12.5014
9.39373
10.6303
12.2496
11.0416
10.0349
11.871
10.2955
10.6478
7.51725
11.7653
5.45574
9.09555
8.52789
11.4216
6.74167
7.04032
12.5113
13.9907
12.8396
11.498
12.6548
9.55691
12.2111
8.04175
6.38995
13.0252
9.89363
4.36978
11.7363
13.4646
6.16267
12.9245
14.9819
13.2691
4.94311
7.67844
14.0669
10.7206
14.0528
11.3726
11.136
10.762
10.0557
10.7963
10.5451
12.4222
13.6076
14.0387
10.7062
6.00812
6.4276
9.35784
9.89725
13.1985
10.8316
10.347
6.31856
14.8215
13.0201
10.3584
10.9935
8.82431
5.36604
7.11078
10.1428
10.0523
6.28273
14.624
9.11223
14.1001
13.892
10.9002
9.70672
13.5724
8.35563
14.688
11.8339
10.8612
7.58986
13.5559
13.0359
4.13079
6.6541
6.55617
13.7776
10.8303
14.0253
12.5453
9.52787
11.7996
14.7472
11.6346
13.3629
10.6827
10.1212
10.8222
10.2006
12.5174
10.8917
11.3633
12.2721
5.04171
13.4545
10.343
11.3896
12.2625
7.41814
8.60767
12.4976
14.9375
8.69167
13.9714
10.7141
13.3594
6.13261
10.2806
13.9892
8.86458
7.91568
14.4293
13.1059
14.3675
8.38225
8.66968
13.6229
13.1697
10.2254
8.45004
10.6087
14.4599
14.9781
11.1493
12.2398
8.61387
12.5773
8.77429
10.2792
13.0542
6.20217
6.19922
12.9329
8.27702
8.62819
12.1433
12.0576
11.5297
13.7267
11.3639
6.05035
8.59704
13.4557
10.207
11.8169
14.7006
12.1509
10.2739
6.58051
4.30526
14.5815
14.2411
12.5411
11.0913
11.537
12.5915
13.2369
9.07541
13.3183
10.3227
8.38765
11.8288
14.2889
14.2825
10.1559
13.4296
14.461
6.31986
12.6439
5.11527
13.6243
11.635
5.01125
7.94306
9.75271
13.6344
12.372
5.12946
10.1169
14.6839
12.8929
14.4287
12.7961
14.5153
11.6127
9.2268
14.513
14.474
9.02912
9.38056
14.3635
8.66822
7.4053
9.84723
13.1673
11.1154
9.07343
10.2443
7.99016
12.5696
11.9979
14.5657
8.05777
12.612
13.7434
11.5115
13.3062
8.09456
13.7194
9.62591
9.17982
12.9889
11.6249
11.7405
10.5419
7.07426
8.54655
10.1423
12.5524
11.9193
10.8118
10.0547
13.868
14.0005
12.8011
14.4987
10.8232
14.5382
14.2807
12.5702
9.58569
12.7028
12.1768
12.0026
9.72306
12.9799
13.8026
13.7871
12.7665
14.886
9.58156
14.5873
8.79451
11.9459
14.008
5.43363
13.0271
12.1783
10.8772
13.6142
14.9038
13.6549
10.7658
6.55634
6.10622
5.71377
13.5737
12.8782
13.7928
12.5118
14.1564
11.9572
6.44637
14.4786
10.0193
14.0724
12.1466
14.8125
11.006
5.18175
5.46831
7.9706
5.53414
12.7722
7.51542
8.96577
10.1485
9.73378
13.3155
13.5095
14.742
12.9546
13.2163
9.89173
14.4193
13.9962
14.6519
10.6076
10.5886
10.3657
14.9276
11.8727
12.9349
8.16112
14.6401
13.3658
13.938
14.9129
11.9479
10.6926
13.9135
14.5102
12.5635
14.8129
11.9574
11.5529
11.7936
14.2558
12.3436
11.573
14.7278
11.3607
9.4237
13.9897
5.7127
8.87381
11.2069
14.9483
13.3028
14.2112
13.6208
12.6822
11.7825
14.6474
14.0937
13.0536
5.17005
9.64464
4.22784
7.39287
12.9303
11.1831
5.71032
14.5301
13.7783
12.8541
9.47638
12.7291
10.1839
12.3821
10.8209
10.6486
8.34429
13.6637
12.3708
10.175
11.1313
11.1499
11.3102
14.8183
13.0517
13.9995
12.9258
10.3954
12.717
12.5928
14.9491
8.35258
12.3871
10.5489
11.3155
13.7449
13.4883
10.0599
14.9671
11.2314
13.5959
12.2061
12.3046
11.1536
14.6855
9.55465
14.0477
14.523
9.91894
8.71105
14.257
7.78051
8.79925
11.01
14.8557
13.604
10.8638
12.6528
6.34057
14.6188
10.6936
6.06654
10.0496
10.1817
12.7228
12.0953
12.7731
4.46839
6.06084
14.1124
10.1136
5.06762
9.53379
4.99225
4.97168
9.41619
5.56247
13.7583
10.1716
11.7252
12.8413
4.95946
5.61444
13.9251
5.15223
9.17911
11.6719
13.3801
14.1079
11.887
11.1727
5.74632
12.9203
9.44282
13.5498
12.5898
14.8389
5.22027
11.869
9.11464
12.5888
14.2513
9.92792
14.8953
10.0033
8.60248
12.5845
9.25557
12.7637
11.1726
9.49215
6.34526
14.0565
7.78435
7.00138
9.38642
13.3385
9.37692
14.0472
10.2322
10.0927
13.4202
13.9564
10.4158
14.0774
13.4193
11.5863
11.896
12.6146
8.80183
11.9325
12.0243
13.0305
14.1491
14.5168
10.5192
8.07702
7.02968
14.061
11.9245
10.9671
8.05336
9.97811
9.47128
9.78354
11.5491
13.8166
9.22432
8.19425
11.2703
12.195
6.00502
4.92399
11.2388
12.6868
14.8642
6.19551
8.76608
7.24534
4.97218
9.20948
9.71714
12.0113
7.96279
9.85584
10.7359
11.4125
14.7483
11.4835
10.8532
13.0319
9.95482
14.8642
14.2183
11.1044
14.5091
5.98492
11.5776
13.3209
14.7514
13.7973
4.85848
6.03098
12.4708
13.2675
14.0271
14.7564
12.7426
10.8832
12.7181
6.09881
12.2747
11.0522
13.4233
13.8251
13.0859
14.8485
10.8598
11.94
6.12614
10.2666
13.6627
12.7076
10.8914
8.58465
12.2226
6.89321
10.8476
11.1987
8.70873
6.99649
14.3078
13.5393
10.5365
10.9838
10.4166
6.07239
8.92231
6.09237
12.4765
14.8292
13.1775
11.5267
14.3311
14.9483
10.7675
6.28219
13.1558
7.73785
13.7005
11.0789
13.2116
13.243
13.5156
13.8694
12.7802
10.3326
9.62111
12.4269
4.74532
7.85656
9.21947
12.9081
13.0723
9.26575
13.8266
13.096
14.5132
13.5139
6.43276
14.9723
13.6434
13.3339
5.41103
13.8484
14.759
11.9405
14.4014
10.6186
12.8656
11.0674
14.7312
14.7039
13.938
11.7942
12.9817
8.50714
9.34547
11.9657
6.46341
11.4582
9.27844
11.091
13.594
8.54301
6.10916
5.75348
13.5977
13.3321
13.5733
10.2563
14.8951
10.8719
8.46199
12.4453
5.5363
11.7295
9.81504
10.6572
13.0023
6.82953
8.91694
12.2434
13.7472
12.1092
13.5778
14.2911
12.6353
11.7218
11.9909
12.3644
14.334
11.8054
14.1771
14.2404
12.9546
12.1167
8.69314
11.3733
5.62404
12.0231
14.2716
13.9431
6.25635
9.33281
12.7935
11.3482
9.15543
13.7404
14.8665
5.99953
9.99073
14.7666
14.486
12.526
12.3415
8.72359
14.0221
11.5858
14.4142
8.01072
11.5785
9.71355
11.876
11.8887
14.9675
11.6517
7.55233
5.08582
9.79132
12.2098
10.7254
14.9311
13.745
11.141
12.7063
11.1297
11.669
13.8726
14.0202
7.34715
10.2467
9.16862
14.4021
8.49349
9.61027
12.1842
6.70036
7.07226
10.6104
12.0955
6.98912
13.4976
13.2428
12.0033
9.01397
12.1332
13.1971
14.7234
13.7453
5.5655
13.9601
14.8225
6.89067
12.6098
14.6725
10.7794
4.54709
11.6147
12.134
6.55716
12.2656
10.6166
8.46021
9.48402
4.42042
6.24615
13.4086
14.4184
13.8055
7.36029
10.0708
13.7742
9.27655
11.0196
12.6944
14.7293
10.4193
10.9272
12.2486
9.97013
13.5784
11.438
4.7981
11.1697
12.43
5.78073
7.56542
12.6781
12.6986
4.96034
9.8829
8.17267
10.3763
6.40884
11.2986
14.2578
12.0655
12.2015
14.1233
7.70949
11.8873
11.3859
7.96832
14.7723
13.341
9.08307
14.5368
9.73873
14.5366
8.6988
10.6879
11.6558
7.23459
13.4627
14.039
5.93161
12.239
14.035
13.5295
12.6963
11.0062
14.8893
14.9971
9.17921
11.8857
13.1474
7.19347
9.83456
13.2016
12.9339
14.6325
11.2417
14.0359
8.4853
10.4275
10.4199
14.1579
13.9368
8.7191
8.65532
9.88933
13.3441
6.06272
10.0899
14.1029
14.4556
14.2371
14.2668
13.0054
8.84469
8.25457
11.546
6.19828
7.20484
11.2603
12.282
9.56862
10.9159
10.614
13.0014
5.29992
13.5695
12.1613
13.9992
10.0572
13.8861
13.3488
13.9338
7.69855
12.4836
14.9155
9.46766
14.2962
5.47757
14.1187
5.72928
13.6508
5.9796
8.58296
10.0736
11.8248
14.496
14.5191
12.1916
6.21348
9.67916
8.02722
11.1641
14.844
13.3297
11.6557
11.4327
8.37024
4.12128
10.9665
14.9205
10.2468
10.9655
8.21739
12.8113
10.208
8.02752
11.8952
10.9044
14.0008
10.5435
14.5421
11.6795
13.6821
8.87948
9.81088
14.9544
9.61149
12.7365
14.6433
12.0151
12.2696
7.97402
14.8651
6.34177
14.4807
14.7138
12.1394
6.51523
14.8438
9.85608
13.3919
12.1323
11.6811
12.4777
14.1798
8.18017
14.3745
13.0998
11.4766
12.8217
7.7222
10.0606
7.28564
7.89924
9.65337
7.80741
10.7143
9.75326
10.719
5.1608
14.8792
14.4361
9.05268
13.9626
12.0475
12.5433
9.52596
8.58318
14.8781
9.68329
14.2173
11.1531
14.6283
6.37618
13.0486
5.26535
12.4868
14.848
13.8054
10.8888
13.3707
6.52929
13.1648
11.2108
13.3598
7.86221
14.6725
8.20094
9.12256
8.96392
10.296
8.01385
12.2196
9.77879
7.47972
5.60929
11.4121
11.3894
12.1287
14.0905
11.2023
11.246
8.01663
11.2088
8.57912
14.0267
10.7064
13.2442
8.38094
12.9377
8.32929
10.3122
13.3329
14.8802
14.9554
8.77854
10.8182
10.8704
10.8283
7.54483
13.8385
13.7922
14.706
8.25212
10.9648
6.7295
11.0352
13.4195
10.3271
14.9466
14.2315
4.39094
13.1324
10.0788
10.5158
14.0291
10.1797
8.3832
9.56864
10.111
11.3153
12.5532
9.44811
11.6035
13.5775
11.4414
12.9033
12.2996
12.3836
14.9229
9.96164
6.14916
12.5719
12.5705
8.81013
5.14769
6.04253
13.5274
7.69075
13.2997
13.817
9.67705
11.7137
5.97992
13.8166
10.6808
13.7442
7.99474
11.56
9.76753
11.1063
10.6768
9.45062
10.017
10.4361
10.6577
14.9722
12.6538
13.8337
9.95036
14.1578
6.03044
14.5117
12.1317
14.5182
7.87781
8.94901
14.7783
12.5675
8.55217
11.8593
7.89175
12.3029
13.8203
14.6453
9.99835
13.7703
6.27156
12.9773
14.3575
8.6783
6.56152
13.9146
12.8064
12.4297
9.70862
11.744
11.731
12.7473
10.7615
12.2576
14.5117
10.9955
12.9565
13.8866
6.22693
4.7409
11.6041
13.9054
14.1395
8.71814
8.39619
14.0858
8.67243
12.0966
7.12704
11.5185
13.9951
13.5723
12.5756
6.19793
13.9275
9.94488
8.40291
12.1897
7.67338
7.9039
7.81718
12.3611
14.9338
10.8201
14.3616
10.1798
7.60156
7.07344
13.8335
6.79703
14.9853
12.6527
8.45552
8.04004
8.56431
7.46897
13.7158
7.85035
12.2022
12.0862
13.4125
12.7459
14.8238
12.012
12.8164
14.0667
12.395
10.7747
13.2552
12.0434
8.88245
11.846
12.9581
14.5334
9.93085
4.86528
10.9124
8.61894
12.1039
10.0057
7.20379
13.8944
8.07985
12.1436
12.4347
14.6209
13.6491
7.96326
14.9764
12.7251
4.63555
13.3165
13.9959
12.8777
12.593
12.7313
13.562
10.5798
9.65688
11.5823
13.0384
10.2093
10.7923
10.0127
12.3131
6.35996
14.7076
10.7304
14.1129
11.0444
9.94044
9.47075
11.3165
11.5502
14.4545
13.5988
14.8694
11.2769
12.8497
5.2686
6.03171
11.1098
14.6839
13.9206
10.1165
12.3084
12.4606
6.90489
11.8989
12.9431
13.1091
7.90219
14.0999
12.2002
14.3934
13.5491
11.3065
8.66529
10.8123
13.006
14.0904
8.96013
5.56334
11.2369
13.9674
12.1401
9.01233
11.3075
9.56334
8.97647
11.6911
13.5694
11.1098
12.0923
12.0384
5.56272
9.87034
12.1511
13.5778
10.8413
11.9913
14.5474
9.46928
13.9786
14.1722
14.7972
10.4303
12.3586
12.7046
11.3768
10.0364
14.1383
8.05323
11.259
9.64461
12.3005
14.0405
13.319
13.1008
10.0373
13.0816
10.7177
6.38395
14.9252
9.89225
9.17063
10.0317
12.2562
9.79304
13.18
7.46188
13.6908
13.6594
14.9075
12.979
10.5701
14.5427
10.5716
12.8415
7.02221
13.3389
14.3288
12.0996
12.3635
12.3517
9.39142
12.9421
14.5966
12.6472
9.36369
11.2809
12.3296
14.5548
13.5827
10.3585
9.59478
8.19223
14.008
12.1274
12.5847
12.4387
8.49727
13.7428
12.5523
14.9734
13.7252
14.9301
6.67937
12.5284
12.766
14.7639
12.7167
9.61098
8.72061
13.8185
6.20979
9.45126
10.3323
12.0869
13.6306
10.8997
14.6308
8.89644
9.99819
13.521
10.0006
7.5031
6.93369
11.4398
13.4825
11.2677
10.7964
11.0968
12.1899
9.5929
10.1251
14.9229
9.94996
12.0122
14.2822
9.00245
12.1012
11.1236
12.4939
4.93571
6.4861
13.097
12.696
11.3082
11.1513
13.5443
11.0228
8.49331
13.4441
14.4145
12.3574
12.902
10.3038
11.1049
5.57421
8.50414
5.55071
8.54017
14.6775
12.3925
9.93847
10.3338
10.7735
11.7502
13.679
12.3869
14.6764
14.5076
10.2656
10.2442
14.5551
12.1435
9.57316
13.7123
12.2798
11.9848
9.01834
13.7722
14.3721
13.8827
10.8667
12.8086
13.4837
9.37492
11.6623
9.48814
11.3593
14.5604
14.3359
12.8758
12.1677
8.5054
6.43868
9.55331
14.9847
13.2302
13.8016
11.9841
13.4436
6.26112
11.0136
13.0762
11.7172
9.71389
12.752
14.9371
11.8445
12.8554
14.6292
9.97148
12.2723
13.8142
10.1243
14.9351
9.47485
9.13734
13.4955
12.2508
13.3356
10.4324
9.22747
12.3925
5.67315
7.66379
12.1881
12.5506
11.7888
14.4206
14.4703
12.6861
10.7564
10.9989
11.7615
13.5817
11.0678
11.5977
14.7664
13.8731
13.0028
12.2644
11.8964
14.5883
11.1902
8.93652
14.0184
10.08
9.95613
12.465
10.8769
11.0289
9.66929
8.0654
8.77984
10.9534
9.09612
7.00646
9.90543
11.6744
14.8607
10.5471
13.4039
13.7747
8.40406
8.0348
13.2428
11.0469
6.11382
14.9615
13.1014
9.70085
8.37045
13.5245
12.8444
7.69328
10.4972
8.51829
12.26
14.9698
14.3784
13.4206
13.8378
14.637
9.82791
10.2935
13.483
4.63594
13.1643
11.7549
12.7389
8.49893
8.44556
14.9309
8.24882
13.5006
9.14964
5.78442
12.9683
8.20724
12.7746
11.7703
5.6166
10.7718
8.96588
11.6492
14.5082
10.2542
11.9831
14.4433
14.0398
5.06979
12.1091
12.4244
13.4504
12.3456
14.237
13.233
13.3579
13.9958
12.1082
5.28501
12.6691
6.28717
13.3084
8.11801
11.2691
10.0997
13.429
11.3263
12.3465
12.4492
7.14435
9.87341
9.81151
9.54731
14.7061
9.48688
10.3133
9.27119
10.4114
9.37969
9.50452
14.7689
12.417
9.74952
8.81561
8.79353
13.9261
4.75551
12.1568
14.936
14.6308
11.9816
11.6794
12.7269
10.2352
14.4314
8.53204
8.94938
11.9656
9.0474
11.4203
14.6221
6.51955
8.9128
12.6709
7.44411
4.79427
4.9404
10.1693
10.0937
13.8537
14.82
13.5642
13.1847
12.7153
14.9211
5.74958
6.36983
10.3439
6.06055
11.461
13.4001
7.08645
14.9156
8.58414
12.7718
9.91078
14.761
10.8817
11.1398
14.752
14.8567
9.26671
13.5858
11.2856
6.26283
6.67544
12.3941
10.7315
10.827
14.7648
11.0876
4.73411
5.57356
10.5509
13.5406
6.2362
6.20243
10.1749
4.33021
9.59774
10.2828
11.7385
14.1197
9.6573
11.5195
10.9844
13.9553
12.4988
14.653
9.76011
14.391
12.6813
11.3028
12.5997
11.3525
6.93488
11.5707
13.0063
12.9329
14.8123
9.84084
13.4148
13.9251
11.312
6.38992
13.07
6.409
12.2092
9.8314
12.6321
6.48807
14.5758
13.2814
14.2107
10.6084
14.0618
13.927
8.58574
6.67981
11.0529
14.0657
10.5872
13.358
5.86253
9.30296
12.0333
14.616
11.7394
13.2879
12.0903
13.7377
13.0103
8.16237
8.53456
12.3781
11.8342
12.6473
9.72736
10.2704
13.7018
11.2707
7.95668
12.9908
8.57061
7.50232
12.9164
11.3119
14.525
14.6228
12.8911
8.28371
11.4564
12.4191
12.8705
14.3464
13.1695
11.413
9.73342
14.1641
10.6652
12.5962
12.9897
14.0335
14.0507
6.7459
12.7057
12.4463
8.30175
10.7981
10.4797
6.03791
6.47752
12.9847
8.83903
13.0458
8.9429
11.2194
12.1678
13.4571
11.1376
14.1853
6.92527
9.77534
14.0989
7.67277
10.1569
5.76162
9.37102
8.98598
9.50601
12.5615
8.21764
14.3196
14.0429
14.9846
11.0447
8.45712
11.2685
12.0335
13.3189
8.05297
9.73753
8.88788
4.21265
13.3999
12.7116
5.96015
11.8568
14.0085
10.2655
12.9696
9.28886
14.5777
12.6681
14.3326
13.4874
10.8474
12.9288
10.4883
14.0387
14.9349
12.5332
12.5202
9.50052
9.18484
14.4432
13.4264
13.5803
10.2226
5.71137
13.5176
14.686
12.6662
14.0181
10.489
12.44
12.0738
11.6758
14.8936
14.1399
8.95561
10.1235
10.4922
12.0555
10.3661
11.4206
10.6191
11.4567
10.7006
13.3684
12.6133
5.88418
10.7927
14.694
11.4607
13.4473
11.4633
10.4046
14.2469
13.2068
14.1624
11.6084
8.12139
14.3001
14.9253
10.39
6.8426
14.6508
14.1273
4.28684
13.357
9.58047
9.32418
11.8521
5.97877
9.25695
10.4853
6.52853
14.6171
4.49717
14.001
13.8571
14.5909
6.3807
14.993
14.8316
14.2149
14.0409
9.73469
10.169
13.0747
9.3407
11.8091
14.4421
10.8619
9.83643
9.44169
11.1014
12.6872
8.29104
13.5061
14.7345
9.71348
10.6123
10.4724
12.1862
8.79319
5.85542
13.9397
14.7001
14.5882
8.00406
9.01332
14.4257
8.37179
13.475
8.61878
7.58266
12.6921
10.5325
12.5788
11.7685
12.552
14.993
14.403
12.7544
14.0892
11.1447
10.2584
12.3615
11.9793
9.44808
8.81839
12.6553
11.3422
4.41049
9.78463
10.2037
14.8962
13.5126
12.2898
14.4432
6.15683
13.8512
13.1677
14.7587
9.03858
9.03114
10.0292
11.7168
8.61567
10.8081
11.8256
14.2901
11.1146
10.2794
7.83736
9.9328
9.55436
14.1284
8.60563
13.0964
10.513
9.77175
11.9688
13.2625
12.5328
5.0259
13.7025
11.2326
9.55793
6.82709
14.0204
14.9826
12.7016
8.50374
7.61632
11.6137
11.7635
8.14842
8.86183
6.63812
13.6083
10.5112
4.64574
9.4564
8.24291
12.4583
12.5439
14.874
10.0697
11.601
13.2971
9.80396
9.32654
8.34822
14.5232
12.4801
13.995
13.5179
11.4729
10.0089
14.8582
9.30399
14.5082
10.6211
14.8396
6.92694
11.8953
13.2665
11.8294
12.2389
14.7852
4.64212
9.22859
11.4808
10.4791
5.76716
9.03764
8.23925
9.77253
14.9108
7.9928
13.7378
8.57456
12.591
13.754
10.2659
8.26291
5.3444
10.2872
13.1455
5.63553
8.03812
12.9298
9.96106
13.9104
12.3055
6.59008
13.9679
8.34113
7.43217
6.7189
7.33219
8.89369
8.52897
9.48019
12.9656
10.5633
11.678
14.4528
14.5627
13.0649
11.2854
14.4193
9.96315
10.6329
7.51333
9.24781
11.3716
14.6395
14.7085
13.8886
11.1772
10.8776
10.5597
11.6033
14.774
8.18137
9.01356
12.7342
13.7171
11.2997
13.6427
14.7373
10.5013
4.6178
10.9336
12.0984
13.0723
8.50062
12.5358
12.4947
13.4836
14.7664
11.139
14.7538
8.42439
5.44469
14.4154
11.288
8.83883
9.37227
13.9236
13.1147
12.1787
12.0379
11.7379
8.41418
14.9374
11.9233
11.6075
13.5259
5.99095
11.9179
12.8112
12.7871
10.2746
12.5612
13.1051
13.2685
13.8367
13.9281
14.3208
11.6805
14.4236
7.19235
14.3977
6.21441
11.232
14.6284
14.0127
10.69
12.4416
8.84479
5.45912
8.71817
10.6946
14.3027
5.74607
5.48331
5.4979
10.5185
11.1363
12.9518
14.6583
11.4811
8.47481
12.4179
12.141
13.4153
12.2702
12.7925
9.50845
6.16876
12.3139
10.4071
13.9795
7.65777
13.6207
9.64404
11.6876
14.2841
13.1295
8.62168
14.2453
12.5085
12.384
9.79711
13.3772
11.9672
10.4403
14.1584
13.0487
13.1752
9.66757
10.572
12.7769
12.7628
11.648
12.237
10.2526
5.83077
14.2148
13.2516
13.8894
6.25821
8.89337
12.8183
10.8811
10.2221
13.9465
12.4789
13.7005
10.1979
6.28435
8.50683
11.6119
8.49817
10.5768
12.3221
14.378
7.01742
14.5133
13.6655
14.4253
12.6321
14.672
12.5469
8.95025
10.8438
14.5372
14.579
11.3558
14.8361
9.27266
6.02568
14.1833
12.1004
13.3497
10.6505
12.6269
11.7517
12.769
9.77073
10.2173
11.2714
4.94501
12.3868
10.9
10.7906
8.51605
7.49973
14.8242
12.2688
13.8651
12.6395
7.90387
14.095
13.0276
12.0741
12.0746
8.05092
13.2471
12.9499
14.5134
12.5281
14.2042
10.3271
12.3521
14.546
9.33945
12.4783
7.65048
10.8411
5.97194
10.3299
11.544
14.406
10.6483
10.3582
4.85071
14.5632
9.54488
7.8888
13.1009
9.63953
5.63217
14.8653
10.5932
11.9331
14.5787
10.4572
7.36279
4.05899
8.52101
10.199
9.66262
11.988
12.9464
9.76992
14.9182
13.2147
14.4149
9.42561
13.5827
8.65372
13.2312
12.3471
8.1093
13.4161
13.3259
13.6761
8.05769
8.50886
6.24153
13.7273
13.4604
10.9533
13.6282
14.1933
9.90219
12.027
13.2694
13.0726
13.4658
6.33817
9.60082
14.1099
10.1285
7.11757
10.7381
14.2764
14.4726
11.5269
12.9087
13.4072
12.9814
14.3506
12.6342
6.95663
14.3324
12.0024
10.0426
13.7235
14.1492
11.9266
9.66743
11.5157
9.2738
11.4087
10.7458
9.75999
13.6676
10.1597
11.4442
10.4481
12.0213
12.3244
12.2197
11.3917
11.7653
8.47689
13.3929
12.921
9.07497
11.0438
11.5518
11.9943
8.86751
8.51635
13.8228
7.98943
11.2549
13.5895
9.4835
13.9002
13.7653
13.3727
9.65364
9.64891
9.93833
13.8182
14.9859
13.0917
7.96602
9.94725
11.3284
9.57899
5.39064
8.03718
11.7939
7.10108
14.0559
14.5986
13.8678
12.5899
14.0601
10.4287
6.8802
14.4023
8.92634
11.6815
12.5842
4.83067
14.5657
13.4827
6.59869
13.0001
10.28
11.3902
13.8356
14.1528
6.43526
13.6308
14.0446
14.8475
12.5075
12.179
13.0524
9.64082
9.37882
12.1325
12.1315
13.1335
10.7036
12.3527
8.32882
13.9882
10.5116
10.6585
6.32595
14.2434
6.11056
11.3295
9.54245
13.9987
13.8415
6.45317
14.9482
14.6687
14.922
14.1929
8.72217
5.45681
11.7399
8.30945
14.0472
12.1744
13.5746
6.31435
3.91009
8.55176
13.8599
11.8445
14.3092
9.96618
8.12809
8.77191
9.62589
12.8439
13.6565
11.0365
11.1735
13.8931
14.9503
14.2074
6.44765
13.4802
6.26152
9.92418
12.2031
11.8419
14.0265
10.9816
14.9401
14.1917
12.9336
11.0658
11.3831
10.3232
14.3638
5.52415
10.6494
9.69653
14.9138
13.9673
13.1429
9.99191
12.7305
13.2187
14.6333
14.5296
7.77079
14.5657
13.7885
11.1121
9.87846
14.4732
9.9171
10.5368
14.4955
12.9557
8.37167
5.29469
10.7308
10.6358
13.3955
10.1403
11.4884
9.47421
12.8566
11.601
7.86914
12.8916
12.7324
8.19375
10.6267
10.2092
10.3513
10.4192
7.83113
12.1065
14.2434
11.3151
10.2009
14.4229
13.6689
11.0306
13.6391
13.7029
7.66701
8.22068
11.3741
14.8396
7.88338
6.76673
9.2331
10.6948
12.151
8.44923
10.6592
14.1834
9.71927
13.854
14.1173
11.9924
14.4143
14.9843
12.9831
10.9876
12.0152
14.1739
14.7719
14.5144
14.4977
10.4485
11.3299
10.3021
12.3803
11.7049
9.86832
11.4451
12.0164
14.3127
11.4952
13.759
14.664
6.32115
6.85248
7.12504
13.7977
11.3289
13.4277
7.51964
13.849
7.44235
10.1303
13.0912
13.3687
11.2432
10.9957
10.2251
10.8251
11.1402
5.54122
13.7121
10.8307
7.9703
12.7145
7.59
13.171
7.2513
8.43729
7.99928
4.73391
12.9171
12.7549
9.6384
6.33152
8.27775
6.2424
14.841
14.2114
14.4072
14.3722
10.6592
12.6433
10.5006
11.4876
12.5921
10.2048
14.239
14.4522
5.81992
14.6046
13.8326
13.0431
11.1537
11.8325
11.7299
13.3201
11.2486
8.04659
8.60639
14.0365
14.5115
9.22433
12.4645
14.7167
11.7563
7.05454
14.269
8.1867
9.08445
10.346
13.7258
11.5576
14.9181
12.2278
12.9739
8.13265
14.7016
13.735
14.141
14.6287
12.7005
12.9008
14.5237
8.77973
8.53696
6.17621
13.8971
14.991
12.2211
10.9645
14.3907
11.2214
11.0975
11.6603
12.9485
12.7179
14.532
9.61912
6.12093
12.505
12.2328
8.25909
10.4472
11.5647
10.1257
13.2996
8.4534
10.3034
8.67315
14.8055
9.505
10.8591
10.6497
8.43464
13.5003
9.33935
12.9548
13.4644
11.8084
10.6101
4.94644
9.67347
11.7206
8.89428
13.4797
14.0855
9.55412
12.5506
14.0618
14.976
10.5117
9.40698
10.5176
14.0799
9.16647
9.86106
12.4963
10.7628
9.02155
12.704
9.99829
12.0323
14.5782
14.8007
8.88865
12.5278
6.14578
11.7885
6.99735
11.5825
11.7471
9.46986
12.3793
14.2441
8.63906
14.5948
12.1951
10.4469
12.8483
7.78252
7.89151
11.3983
11.7896
11.1198
10.1162
13.4643
10.0431
11.8697
13.7425
13.5856
6.52826
12.5642
9.50808
12.8455
13.514
6.7155
13.9273
11.1373
12.7198
12.347
11.0529
13.4885
10.6094
7.71574
6.36735
11.4081
12.0445
9.60919
10.0518
9.83293
14.5019
8.04604
9.47367
4.70274
10.8365
9.4547
14.0741
13.5584
12.5309
13.6119
10.7654
9.5954
8.19003
14.0164
13.343
14.5865
12.4495
7.15987
12.389
9.51731
13.4016
9.72322
13.497
13.509
6.79448
11.6035
8.28997
11.6076
12.0828
12.9343
7.6708
7.92781
14.2204
14.3375
14.4836
14.557
14.7716
6.91916
7.74836
14.8003
9.3579
10.0706
12.4606
14.6582
11.3948
6.8698
12.0219
9.78407
10.1678
6.07597
8.30268
11.9679
11.3303
6.45309
9.63546
14.9809
13.564
13.8153
13.7047
13.4787
8.59169
4.95109
11.2038
8.01307
9.27849
10.2019
13.9072
14.3911
14.1372
9.76189
12.8219
12.3152
8.42322
14.9691
9.47063
14.343
12.52
4.51961
10.3163
14.9893
14.3183
12.3355
10.2248
14.3566
9.90181
14.6284
14.8913
12.9393
12.1117
14.1422
10.9747
14.4689
14.5783
14.7042
14.2347
8.86257
12.2182
10.7397
11.8089
14.2558
12.3205
10.3952
9.41806
14.6645
8.15379
11.798
11.0172
13.6004
11.6076
10.0661
8.61419
12.07
10.6966
11.0228
11.8806
14.8561
5.84981
11.4838
11.234
14.9687
9.93737
9.85437
13.0622
13.4498
14.6599
14.974
13.4587
10.0731
11.9992
12.5442
13.8294
12.1622
10.1727
13.4008
10.6094
14.9632
14.6203
8.62347
10.8504
10.176
10.7433
12.1061
9.72415
5.32695
11.2717
12.8246
10.7303
9.62703
13.449
8.26371
7.99866
8.5377
14.978
14.8099
9.15575
6.18448
12.2814
14.3389
12.4448
11.5106
13.6798
7.08055
9.92338
9.82016
10.825
13.2552
13.8684
10.8792
6.76827
11.6165
14.769
14.8537
10.3559
13.4955
5.01648
9.24874
10.0951
9.45973
10.6693
10.0589
14.5113
13.8006
9.74531
10.4197
6.31279
14.6009
14.3915
13.8029
11.1527
14.7086
14.794
13.1821
13.9632
11.55
13.0924
13.1844
9.86172
12.405
13.1851
12.9758
11.6292
13.5242
5.32828
12.5535
6.33851
6.96731
10.746
14.3159
14.2324
14.9675
11.2751
14.808
8.60188
8.76566
12.7981
9.45284
12.2053
13.7939
10.0255
8.94527
12.2496
13.5166
8.75689
12.5887
13.4136
10.5349
11.9276
9.61374
5.62818
12.5609
11.2879
13.0502
4.85457
5.86878
11.1645
9.86362
4.48702
12.6941
13.2343
10.0977
8.55606
8.42544
11.0188
7.29995
12.923
8.8833
9.88771
12.7539
9.37993
13.1189
13.9695
10.9212
11.6125
14.2799
14.8734
10.5995
13.3093
14.3417
11.8192
13.6817
12.6787
9.79022
13.5461
14.0329
14.3155
12.4745
14.1279
12.4771
13.1441
13.4904
10.7592
14.0452
14.6503
9.81573
13.3924
11.2086
11.3607
11.0259
10.0976
10.8999
13.7392
8.49161
12.4843
5.83117
10.5011
10.5285
14.3172
14.98
10.6963
13.6314
12.3192
6.72715
10.4156
10.4263
12.8165
11.4116
11.2782
9.60898
13.5791
11.6211
13.1459
9.31676
10.1737
7.86692
11.102
9.7502
12.4064
13.6093
11.826
6.14012
13.1862
10.5956
7.52135
8.73614
8.37715
9.83228
12.3969
13.5651
10.6757
5.97809
8.58804
10.8226
11.6696
12.0944
4.78063
10.8418
9.81989
13.3409
11.884
6.18172
8.87705
14.1126
10.384
14.3032
10.1395
13.8939
13.066
13.7356
10.4493
8.54063
13.856
9.37832
9.00669
8.50181
13.7597
9.79087
8.87724
10.8954
11.7283
13.3154
13.3066
12.131
13.2586
14.4736
11.1329
13.7493
10.4782
12.026
14.5764
10.0701
13.7642
14.893
11.2899
6.18732
14.2897
11.9207
11.9391
12.2618
10.2101
8.45966
11.1222
8.81163
5.81024
10.4059
14.9723
9.8383
11.9583
14.8564
5.9226
11.6978
6.08126
14.1638
11.0745
11.9878
11.2122
10.0272
8.63212
9.85416
13.6087
4.49883
11.2887
7.23986
12.6375
12.1085
5.85074
9.75511
8.70169
7.20019
12.7186
11.4909
9.31847
14.1473
11.9199
8.93716
13.5829
14.7503
9.67519
13.7412
10.1192
7.46742
11.2573
9.75517
10.7765
14.1827
11.9242
11.3759
13.127
9.44371
14.5049
12.1855
12.6207
12.4876
11.6465
7.8943
10.2181
13.9834
11.7626
14.6923
13.6087
8.62315
13.169
10.4466
13.5428
12.6174
12.7837
6.63416
14.2153
12.1931
14.7973
6.55355
14.7599
12.1635
11.6948
12.5324
11.3826
12.704
12.2597
6.90866
9.26179
14.053
5.51485
9.69725
8.55144
8.683
8.80496
14.7809
8.5148
10.0311
12.919
8.54153
9.60849
12.98
5.1626
14.4523
13.3891
10.2074
12.2637
5.99979
13.9639
12.1638
14.3235
13.6298
14.2591
13.2742
11.9193
11.0473
14.9359
12.5104
11.8532
9.48234
10.8031
11.0228
12.0771
10.6961
10.1007
12.6681
9.70632
14.0817
8.25899
9.90941
13.7381
12.5937
13.7557
12.2077
8.53335
11.5463
10.3473
12.2137
7.72656
13.4586
10.6161
12.0102
13.799
11.7141
14.7962
14.9596
14.2002
9.98069
6.55563
9.40021
10.6363
12.5891
8.76149
8.88581
10.7206
11.0024
14.087
10.864
14.0083
12.1901
8.91912
10.8636
13.7357
8.99422
10.146
14.9398
8.73723
9.80743
8.49621
12.0127
14.1755
13.1906
11.9873
8.98419
10.7569
9.84636
10.6464
12.0694
14.6626
13.355
5.3059
12.0255
14.2483
10.0234
13.3185
13.4891
10.6473
13.4294
9.82204
10.7167
9.81033
9.84362
13.6504
12.7345
12.1262
12.6398
10.289
13.0867
10.5938
10.9424
14.7359
11.9165
13.2294
14.1265
10.0338
13.5264
8.44122
10.1234
7.66845
6.5565
12.0075
8.17586
11.2819
10.7771
13.0574
10.4374
11.176
11.8355
11.2045
6.62478
11.4078
13.1641
9.88156
5.85433
14.6205
14.917
14.2688
12.3766
10.1584
8.17162
6.59063
13.0626
8.48796
12.852
13.2218
9.5303
4.70141
13.6438
10.1951
11.9581
11.9562
14.938
11.9822
8.35279
6.7102
8.52555
6.98341
9.24611
11.9535
13.8529
14.3613
13.8778
13.12
9.94703
11.4833
5.83868
9.61607
14.2347
12.848
14.3488
12.5483
14.5313
9.64489
9.65432
13.6367
9.48304
10.6813
13.3686
10.9644
14.736
10.1625
10.4151
6.5697
14.1582
6.07451
9.49334
4.51104
14.1435
13.1175
9.89347
14.3574
12.1637
9.81636
13.7952
12.4718
13.209
14.5471
14.0997
8.62352
12.1446
10.9532
12.6554
14.2915
12.9256
14.7456
13.931
8.14063
14.9834
14.3914
10.9242
11.6309
13.7935
10.9008
14.0166
8.59553
12.209
11.5316
11.0296
9.57371
12.7603
11.2744
9.24818
10.9486
13.364
11.8354
14.4348
8.06585
11.7388
11.9351
11.3498
13.8322
11.7951
14.4188
7.95974
6.07111
14.373
13.3071
14.0804
12.2818
8.69938
12.2794
10.9393
10.4608
8.42319
10.8323
13.7525
10.9732
10.7202
7.45538
8.1012
9.54954
14.6306
10.082
8.8435
13.7714
9.36634
10.1877
11.4266
12.3062
10.2661
13.3967
10.8626
5.59571
9.7021
14.176
5.51065
8.45129
12.1405
5.18087
10.2393
10.625
14.8669
8.91824
14.265
11.3327
6.09321
10.1303
11.9193
8.37539
13.9136
9.63197
8.77592
8.57017
13.6619
14.3178
7.4249
9.62844
9.5508
9.57858
13.8203
9.84778
6.61544
13.149
12.3083
11.5793
8.25016
10.4562
6.04748
14.0907
12.4373
12.4687
13.3624
10.1258
10.7437
9.04599
12.5647
9.87405
12.4729
14.9578
11.4448
9.23433
14.6279
13.3851
13.5607
13.2281
10.1771
13.7883
14.8764
13.6214
14.2497
14.6027
11.7405
14.8188
12.177
9.67985
9.82571
9.94415
14.8183
6.75719
10.5613
14.8854
9.2423
13.5738
13.7375
8.30439
10.603
7.35602
14.9311
8.96653
9.53731
12.0344
10.637
9.1011
12.3494
11.4318
9.97257
12.7711
9.97379
13.6924
14.8937
13.1867
11.8349
11.8026
12.4866
8.97479
10.4698
12.5478
14.6045
10.4943
14.1574
12.7225
12.7718
14.7101
12.5664
13.9275
14.0633
9.78283
11.1566
11.1158
10.2998
14.3987
13.5209
14.648
10.201
8.65899
9.95577
10.9943
9.65393
8.22655
11.346
8.7583
6.32398
12.985
11.1773
14.1152
8.62453
12.739
9.95727
14.2275
11.8388
11.6997
10.1689
14.969
9.79777
9.86086
12.1839
14.1192
8.32557
5.8977
14.3489
9.94745
14.5229
7.08469
8.68081
12.2414
11.1778
6.32172
7.58981
10.104
11.381
12.6376
11.62
7.83121
5.70376
6.72047
14.4476
14.5583
8.73126
10.2879
14.0838
10.1128
9.92031
13.0949
9.85729
12.5835
8.80711
10.3455
13.0273
7.45208
14.3632
14.1964
9.63618
14.1785
6.05615
9.9831
5.10378
14.6023
13.2705
14.3437
12.3636
11.1534
12.2954
9.90645
13.2662
11.8695
11.8577
8.71728
12.6612
5.77717
11.6562
7.79887
13.0669
12.7128
7.36979
10.22
7.36909
9.07109
14.686
14.0146
12.3535
14.2842
14.2845
8.56504
10.0069
6.04301
8.3824
9.33138
13.9347
10.9204
11.7294
12.1428
7.92711
8.904
14.0596
14.4781
13.4479
11.3774
11.0164
13.4238
11.7195
12.1417
5.55825
10.2697
9.72861
8.50783
9.99515
14.3357
8.66198
4.55166
9.53061
5.23442
13.3003
12.9339
12.2394
10.8299
12.8492
9.51573
11.4849
14.8805
11.5548
14.4157
10.031
14.3878
9.07673
4.02672
14.0809
13.6121
12.3015
9.82133
10.235
7.75919
12.8983
10.6062
10.8836
14.0368
13.892
13.0767
13.4602
5.89501
3.87345
7.66778
12.935
7.04772
10.4978
9.4598
14.6107
6.44064
13.5826
12.0416
13.2336
13.0517
11.827
10.2487
10.4834
9.64477
14.6312
11.7805
12.7867
14.0693
14.3779
13.2302
10.8783
14.2441
6.02144
11.8337
12.643
12.6067
14.945
