7.2165
11.089
13.5324
8.80774
12.7475
14.7173
14.2683
12.3448
10.0027
14.4332
14.8356
12.2718
13.8811
14.2243
14.4739
5.96504
5.50165
10.7502
6.28791
10.6599
12.4933
11.1809
12.223
14.1816
14.4632
7.47838
9.9228
14.8741
13.7193
5.3177
12.0989
13.3325
12.7186
7.89963
12.9119
14.8136
14.6233
12.2988
14.8244
11.1542
9.95106
11.4578
11.475
14.9885
8.52545
6.10214
13.1139
14.8996
12.5739
12.6128
14.323
13.4433
12.6503
5.49628
11.8041
13.6031
9.15802
6.0247
13.5549
9.37436
13.5478
10.9363
5.95348
10.4248
14.7698
10.6297
11.1908
11.2207
14.9824
11.5829
13.0149
13.731
14.7635
14.6358
14.8125
11.1417
14.762
13.3953
13.5266
6.85701
13.9563
11.7167
14.963
13.7071
12.7858
9.43268
11.5675
12.8864
11.2422
8.79319
12.5044
8.64866
14.314
6.72593
11.9609
14.7992
11.9533
10.0023
11.4773
8.92175
11.2049
6.39609
10.5776
5.41635
8.5089
9.9253
14.2211
10.9571
8.1818
11.4557
12.2186
9.60586
11.1028
9.21372
6.02098
13.9152
14.1153
6.71536
12.6527
11.2375
13.5104
10.9602
9.29248
10.8889
12.5519
13.6079
11.9528
10.8378
11.7328
14.779
13.8158
8.47439
9.42048
11.5097
12.5179
14.1834
11.7033
12.8073
11.8618
13.8905
10.2355
9.23524
12.1902
10.3137
10.9256
4.30124
7.74953
9.85102
6.63834
4.84324
4.91565
13.7661
14.9883
14.7784
11.8479
12.0138
10.932
11.0091
12.4475
11.5711
9.86218
8.98356
7.39272
14.191
12.0144
11.9813
6.59097
6.0443
9.50018
10.2069
11.161
11.3465
9.93081
9.95589
5.39355
9.67334
14.6899
12.693
11.2352
10.7663
5.65725
12.0954
8.26752
9.80936
5.07217
12.9219
9.30167
5.42046
11.1139
12.0631
14.1146
14.2812
14.3182
13.902
12.3406
12.6341
9.09192
14.5153
8.42521
9.01555
10.8402
7.61022
13.1707
9.66344
10.3472
12.3742
8.86068
7.67834
12.9541
12.706
10.7428
14.7531
13.3272
10.9019
7.35587
13.5067
4.92667
11.9015
11.0195
14.884
14.2038
12.9439
11.9518
5.94647
9.78771
7.76656
8.70931
14.8833
12.0148
14.0016
12.2155
12.8678
14.3979
9.24016
5.43269
13.6568
5.77183
10.7723
13.3506
14.066
13.4281
9.7493
14.8242
10.7168
9.60521
14.4387
13.8077
14.9521
7.89621
11.5439
8.46261
6.84055
11.9897
5.65572
11.8126
10.4695
14.0316
10.3018
11.8219
13.3426
12.4367
8.01389
9.20635
7.38161
7.89661
5.4367
14.4638
10.7832
9.3598
13.6883
8.03686
9.53932
13.9903
11.3467
14.8349
11.6934
13.3137
10.7349
9.22204
8.01595
13.1597
6.71237
12.178
13.2097
10.2586
12.7281
12.4623
4.82796
6.52894
8.7726
13.5419
10.1677
13.6146
9.18905
12.4257
14.3218
13.4729
10.573
12.2901
9.93168
12.8614
8.92315
5.33641
11.4467
9.88224
12.7411
12.6276
9.20327
10.8881
9.25287
13.0751
13.9946
13.4706
9.17944
9.91864
11.9701
9.462
14.9801
14.5686
10.429
4.56742
14.4956
12.3169
10.2993
8.64406
13.4271
10.0174
13.6356
12.5737
10.1699
11.3669
8.28385
13.1375
11.919
12.6516
8.29752
12.695
10.2035
9.68434
13.2428
12.747
13.3604
13.2673
12.9473
13.6372
13.1562
8.3811
8.46706
11.4137
10.3597
11.1871
12.9363
3.32555
8.91655
12.3617
8.70541
14.7354
14.3893
12.3591
10.5043
13.5264
11.8814
7.98149
10.4232
12.5027
13.2511
13.1191
14.7936
8.42437
11.1708
13.5732
12.4644
14.4373
13.6938
14.6758
13.3635
10.715
6.90435
9.85235
11.1397
10.7146
7.54315
8.65602
11.9839
13.2843
14.838
10.1919
13.4585
13.1868
13.7998
13.343
12.2816
13.688
7.50014
6.77801
10.5058
14.4579
14.1441
6.63128
14.189
5.06434
13.0787
12.6551
13.7573
12.7171
9.21358
12.1604
13.2961
9.04621
11.2229
13.5563
11.3813
10.323
10.2141
6.2938
10.0675
8.26417
6.69305
7.8763
12.1503
12.1282
13.2848
10.2485
7.57318
4.07135
11.7298
13.392
12.6748
10.4214
14.9171
12.6539
10.0114
11.478
9.47703
7.33286
13.0378
9.12043
9.65288
6.0825
10.073
9.60652
9.36286
14.3222
12.1132
10.3512
11.6356
5.73978
12.8975
10.5327
6.11541
14.6528
12.3437
8.82485
7.65053
10.4186
11.4369
13.4785
13.2812
8.17583
14.2669
9.48008
9.21931
11.0357
7.50072
12.3385
10.294
14.0176
13.7223
10.3185
14.0852
11.7197
11.8975
14.342
13.0778
8.42611
9.43194
10.403
14.5443
10.4936
11.1852
14.9384
8.29083
14.7224
13.8886
14.8591
10.7704
11.0974
8.74173
10.3862
8.31883
7.78288
13.3567
9.58211
9.99355
9.78575
14.2964
11.262
9.04097
13.3003
10.2789
13.1722
10.8068
12.4003
13.1193
12.0638
9.68088
13.8462
14.7945
13.813
10.3162
13.6175
13.5088
11.629
13.0121
10.5771
7.54819
13.3816
12.3695
14.0776
8.68155
5.30254
6.5077
14.746
11.3701
12.1645
12.2229
14.6053
4.71328
14.0033
13.9979
12.1812
9.07021
9.89707
6.65717
5.02298
11.5488
10.82
9.54128
11.7755
13.2619
12.6225
12.0597
14.0933
10.4835
13.211
9.06247
8.0907
5.4612
10.0816
11.3773
5.30313
12.9836
14.5676
14.6624
12.891
13.9285
8.8195
10.8234
9.49943
11.8594
9.92871
12.1425
14.6751
11.9454
3.94248
14.6049
12.5357
10.0334
8.26742
12.9496
9.4306
11.3432
11.5942
9.03463
13.4387
14.3688
10.739
13.8779
7.79448
8.09666
7.50797
4.87732
13.1854
9.25506
12.0451
9.53068
9.57032
10.8915
5.37172
14.4059
12.4825
14.7918
13.9703
12.8606
6.74906
13.5851
6.47673
13.2109
13.8182
8.5535
12.0145
9.88221
5.95061
10.9516
14.2647
11.5025
6.61507
12.6958
14.3368
11.2661
10.5311
13.1779
12.0537
14.3117
14.3802
7.19785
9.6685
6.63045
8.85104
14.3541
13.9468
10.8557
14.9975
9.41825
11.1027
11.2978
7.97274
13.5158
14.1652
9.57803
14.9451
11.758
11.4374
9.24994
7.86814
14.3865
11.9521
12.7683
11.7304
5.96192
8.21234
13.647
10.7992
5.4033
14.7689
9.88985
9.99701
10.684
12.8137
9.9049
5.63355
8.46424
7.66894
12.6972
12.4821
9.9126
8.19645
9.0272
10.4115
12.647
11.2746
8.7808
14.677
14.0962
10.82
8.54932
13.2353
8.90146
12.1751
11.0713
13.2565
14.6689
10.4255
14.6809
14.6098
13.9093
13.7692
10.8839
9.34324
12.488
7.57107
14.2012
10.0136
7.46446
8.73529
11.5437
10.9892
11.3979
9.94414
9.08569
11.2188
13.9584
14.7023
10.3154
8.72994
11.1198
9.92863
6.04218
13.4409
14.6985
12.4279
13.1155
6.99622
8.92981
10.371
13.3782
10.5723
6.01715
12.3407
11.3945
9.65467
9.05249
11.5522
8.63082
7.30255
14.692
11.5006
14.2645
14.8628
13.0171
7.24252
13.8718
11.6992
13.1706
14.1795
13.4861
13.013
9.0145
8.77314
5.70927
8.98342
9.86387
9.59176
13.9662
9.91727
11.9923
13.0494
4.84617
10.7022
10.7085
13.3332
14.3353
13.3499
12.1154
10.5255
9.89463
7.37321
8.36545
10.6873
14.2593
10.2582
13.3664
13.1616
11.3351
12.3474
12.8366
7.10975
7.54916
12.7927
4.45938
11.5577
11.2944
12.3678
12.3597
13.0085
14.7378
9.75209
14.2847
10.2139
8.69071
9.3652
11.6749
14.7848
6.64606
9.26763
8.20995
13.562
14.3557
14.5725
14.1261
11.496
7.33005
13.5907
10.0607
9.93157
11.703
9.48013
14.074
11.1335
11.505
8.63339
13.5267
12.1002
11.9643
10.2132
6.22667
11.2531
6.15711
13.7573
8.95221
13.6048
12.852
11.471
13.2073
12.3401
6.8158
7.32141
12.6009
13.1537
14.3706
11.2499
14.7637
11.7465
14.5607
11.4306
11.3508
9.06499
14.9428
7.07295
5.81941
8.27691
13.0261
9.41817
9.33596
8.71235
13.5688
14.7712
10.102
14.5223
11.4867
14.2361
12.556
8.06669
11.3262
12.8671
9.15059
13.0536
11.8048
6.54769
14.5203
14.6649
14.882
10.2118
12.7473
6.29204
5.94435
7.38716
10.9869
10.9416
8.75284
13.2605
10.0614
9.77484
4.38433
8.77113
12.9825
12.071
14.3348
12.3701
13.4196
10.2644
10.0409
9.80144
14.4688
14.9772
11.4313
12.9549
11.7769
14.6036
6.04692
11.8157
10.6107
14.4657
9.53239
9.42337
14.4313
13.1655
13.6401
13.892
14.3563
9.88953
8.4617
12.7619
11.2826
12.3072
11.1912
11.5526
4.34389
12.7694
10.0729
7.79791
12.9866
10.4565
10.6127
11.5851
8.54409
12.5459
8.93684
7.65099
10.965
8.45078
12.1777
13.1924
10.8048
13.4131
8.66497
10.6007
10.3303
3.64222
14.7676
11.5529
14.7605
14.7294
10.2854
12.3931
14.6439
9.93444
12.7196
7.83024
10.8279
10.5166
13.4328
12.7971
8.64037
11.9148
11.6882
11.2224
10.2585
5.87921
14.973
13.8656
10.6031
11.0895
11.8502
14.2756
7.818
8.54557
11.7339
8.01596
7.95166
9.19114
10.3176
7.13215
14.4376
8.62382
10.2441
12.1162
9.21379
13.6401
14.7248
14.9137
11.0382
14.8303
8.33531
12.8164
13.2001
11.9435
11.9476
14.4707
9.40592
9.67589
14.0794
12.5573
11.445
13.2779
6.50514
14.5702
10.4034
14.7612
13.5531
12.6525
11.6928
14.7431
9.10654
12.2635
8.11396
3.12303
14.9239
14.3793
14.9136
11.9339
9.96861
14.0127
14.1245
7.07048
12.3819
14.4318
10.5416
7.98048
14.5091
14.27
13.28
12.5692
13.26
11.9746
14.4567
7.80439
13.6947
14.7136
6.87982
14.9811
12.0128
12.6435
12.3538
14.1036
11.2322
8.99588
8.80101
7.11786
7.51968
13.3761
6.14826
13.0061
4.51231
8.76134
14.7533
10.9778
5.37776
10.797
10.3127
13.2961
13.352
6.66599
14.7386
13.5287
13.4028
12.7618
14.5992
11.253
10.5248
13.0561
9.96098
7.70675
13.8853
7.44849
6.24556
5.2613
12.818
13.3408
13.2347
14.5404
8.35641
8.69194
9.78429
12.9142
13.0653
12.4805
12.7251
12.101
6.70021
14.7532
14.6868
9.54528
10.1464
13.9022
10.681
10.6211
14.9391
8.89547
10.1625
7.79895
12.4635
14.6998
5.79403
6.29917
9.15083
9.44258
10.8835
8.47917
11.9648
11.9259
14.3874
12.803
9.43428
14.0558
14.265
12.3688
6.57593
12.0787
13.5372
10.5704
10.0845
14.8091
13.6933
10.1878
11.3368
11.4463
11.1355
12.3926
9.45497
4.60852
10.183
14.9418
14.0533
10.3463
13.7671
13.8318
10.8258
10.5384
8.70861
14.997
9.91163
12.4077
14.9079
4.12412
10.7468
11.86
12.8485
13.0972
6.93563
7.80276
13.7862
12.7916
10.0287
11.0046
12.7597
14.1441
7.94126
14.2397
6.04837
10.504
12.2886
7.53106
7.59202
11.5391
11.8466
11.6367
11.1882
11.2378
14.9163
11.9666
7.49506
14.5556
11.7678
9.63528
12.3823
12.5364
14.5598
9.54408
4.68525
14.1331
9.1701
8.65811
10.9287
14.3242
11.1307
14.8263
14.2941
14.041
11.6756
13.8909
8.53125
13.7271
12.4463
8.8637
14.5381
13.6231
11.152
8.17915
13.6686
10.2251
10.7376
11.0277
8.3669
13.1283
13.1549
9.04461
9.5913
14.9737
8.11583
13.6493
9.30816
8.02392
9.2356
8.46784
14.3779
11.2448
14.3761
12.1774
9.03562
9.08595
14.883
13.9991
5.30427
14.6978
11.9567
7.55722
7.21344
11.5223
9.26295
12.5866
10.1083
11.5224
8.38805
13.4868
13.7568
13.0772
14.2835
11.6304
11.9634
14.7236
13.6187
10.3697
10.5593
8.45156
11.8879
11.4683
11.0519
8.09267
12.6192
10.1272
11.2639
12.3073
8.28626
11.5865
10.5749
14.681
13.3043
12.8235
8.29387
8.07014
8.02245
13.1936
11.8656
11.5382
13.4346
7.89994
8.86168
14.0017
13.2543
12.157
12.1323
13.5393
11.383
14.9104
8.30154
13.4913
14.1089
7.77369
14.6637
11.9713
14.6479
11.2236
9.01857
7.53243
5.48143
13.2752
14.6892
8.18767
5.90365
8.6953
11.8629
8.26247
7.81585
14.6056
10.1197
12.4346
13.2309
8.96591
13.8514
14.6634
13.194
10.5796
12.9131
11.1961
10.3029
13.1579
9.6079
4.47384
14.9762
9.80067
10.0102
11.3087
7.73339
14.0246
12.3931
14.0247
13.7915
9.11072
14.9258
13.9766
9.6814
12.9214
9.09132
9.26595
11.7384
14.5703
13.3633
14.2124
5.60214
14.8966
12.8507
8.8957
7.82078
14.9732
13.7572
14.1411
10.8756
12.8508
9.73205
12.6591
14.183
13.3349
13.5912
5.22325
8.47813
7.62141
11.4314
11.3977
11.8144
13.4654
11.7709
10.8863
10.0459
14.236
9.58499
5.49966
14.6472
8.18169
11.7793
10.8244
12.5955
13.3093
8.81126
10.1833
14.133
8.4157
10.9748
8.48142
11.7298
9.32301
9.65633
12.7242
10.2131
11.2438
4.54189
12.9672
10.5148
8.51262
7.75231
10.068
10.6895
14.8359
13.7463
7.7846
12.2809
12.4792
11.0625
13.9437
9.81848
14.9751
11.4597
9.25518
9.61839
10.7074
4.25943
7.6162
13.5536
13.8919
11.4593
14.2418
13.8305
10.5737
11.2602
8.87332
6.29841
14.3284
10.7538
11.2186
13.3058
7.18285
14.7131
7.07267
9.20057
13.3214
10.6791
12.5537
14.8741
13.0801
6.8396
12.73
12.8663
11.7992
9.64374
9.70311
13.7593
8.05684
12.315
14.4299
12.7055
14.1556
14.7931
14.4108
13.7767
14.8331
14.2932
13.1251
11.3718
11.4932
6.92641
7.97344
9.18645
12.1749
13.3779
10.4554
11.5171
11.4005
13.9443
13.2589
13.2105
14.7658
10.1943
14.9037
11.5714
12.4555
11.9021
10.2211
13.1757
14.3837
11.7447
14.9255
14.9947
12.8576
13.1674
14.801
9.96653
14.6645
14.3268
8.70352
10.84
11.1634
12.6265
12.9193
8.24373
6.19519
11.2839
11.0368
8.0642
10.6085
10.8329
5.81189
13.3643
14.0392
13.0661
11.1009
14.3005
12.8567
9.87839
5.46785
10.9086
7.75807
8.32191
14.6568
11.0585
14.9782
11.0017
8.80212
12.6052
14.2613
10.252
14.4624
13.342
9.87294
9.59704
12.5053
8.71936
12.1179
11.3927
12.7613
12.9714
7.37501
12.2075
8.46221
10.2327
10.7745
4.46205
8.51969
12.2547
13.2513
14.2405
11.2917
14.5442
14.35
14.9383
13.9635
6.42144
10.5202
11.6358
13.6311
13.3939
14.1117
12.5219
11.1277
7.92326
14.6254
13.9837
8.75917
10.245
14.2739
14.6937
11.9705
12.4731
12.8212
10.1074
10.1209
6.47003
12.7111
12.1464
6.13596
5.55104
12.2766
13.8296
5.8836
12.1677
13.794
7.9794
9.87992
8.49433
11.3073
9.57989
10.3772
8.94883
14.508
8.24174
13.7519
12.0666
12.5541
14.0058
14.196
11.0422
13.7709
11.2652
9.76395
13.3109
11.403
13.9384
12.5282
12.8194
11.631
11.6643
9.70104
13.9227
11.9324
14.5909
14.3444
13.1909
13.9884
10.9498
13.8758
13.1306
11.1555
13.9815
11.6962
12.0106
14.598
13.962
11.4482
9.35864
13.8183
14.8668
12.4845
13.4884
12.3454
4.70843
11.7189
14.8704
13.4909
14.0194
5.64359
8.64728
14.2433
14.8831
12.6513
9.14154
11.325
14.706
13.6845
7.98686
12.4968
13.5985
11.0308
10.9557
9.84281
9.78167
9.81995
11.8519
10.3965
8.80707
13.3719
8.12745
6.99173
11.5665
11.6575
13.1378
9.89727
14.3094
14.5007
11.4879
10.1196
11.3074
12.3914
6.73846
7.57915
13.0667
7.70119
9.54007
12.8617
7.99703
10.847
12.8245
9.33053
11.5576
9.83972
8.94891
9.08047
10.3842
11.8966
6.37524
14.9215
12.3132
10.8123
12.6173
5.16167
8.74279
10.9119
14.7265
13.6963
14.4904
12.4703
8.43429
13.1945
13.5359
11.0504
13.4617
6.14795
11.5181
6.13153
11.3835
14.3142
14.4791
11.1644
14.2204
7.10347
6.24046
12.9967
4.97575
9.43052
14.3929
8.82759
6.11486
14.1081
8.75057
13.0922
13.9919
7.00486
14.0314
14.6074
13.4018
12.3459
9.95796
6.59995
13.1441
9.64209
10.397
12.2535
9.71853
12.5059
14.9217
14.5429
5.4233
11.1558
8.34068
14.1479
11.1384
14.232
14.1797
14.7071
10.5562
14.6657
11.6722
10.7989
11.9603
14.5123
10.462
11.5624
4.63756
14.3806
13.8985
8.29453
13.3288
14.2808
13.0413
12.8661
11.3341
14.2125
14.2463
12.0535
13.4296
11.5246
12.2728
13.0113
12.5787
10.2859
8.48415
9.25173
13.5411
7.15285
11.5264
12.9205
14.4333
12.1736
13.6213
7.31129
8.66448
8.53516
10.776
13.2021
13.9713
10.3612
7.27427
5.81739
10.3891
14.4478
13.9127
14.3055
14.2574
5.3048
13.4651
14.409
13.3438
8.7917
9.90339
13.0147
13.5502
8.12104
10.4977
11.1726
9.50916
14.8856
10.4892
13.3278
12.9251
12.1127
12.2963
11.5992
13.6076
13.1495
8.02393
10.9276
13.4242
11.4269
12.7589
12.898
14.931
9.92051
5.83473
14.7954
13.212
9.71762
13.9708
4.63567
11.6058
14.4455
12.5511
9.1173
13.5755
13.2783
7.0563
12.7142
9.04036
11.7272
10.5459
10.4333
8.58133
6.70794
13.6263
6.13677
6.94664
8.06316
14.968
14.2075
7.35109
14.6501
14.2817
10.2377
9.95904
8.9479
11.7686
8.18912
9.26552
11.1056
9.80365
10.5554
4.57834
14.9762
5.20382
7.80536
12.8747
10.3934
9.46597
14.3719
9.32491
7.83946
12.7902
12.8781
14.3008
12.241
13.4673
9.9243
11.4397
10.7631
14.4748
14.8335
7.24574
9.36003
10.2745
8.09292
8.89199
9.29202
14.4186
14.4505
5.39137
11.9312
13.6577
6.13688
4.41068
8.18485
14.0629
13.2158
10.5521
14.9979
13.1167
12.051
7.60402
9.47746
6.04453
12.772
11.2539
12.8631
13.0194
8.79778
10.5182
13.4666
10.2408
13.2113
8.47987
8.96584
4.78871
9.17616
14.314
11.6154
12.5026
13.7692
13.7735
13.6283
14.9781
12.908
14.1738
4.98412
13.6931
11.9512
10.5166
12.3544
11.9693
9.97058
13.8437
4.76193
6.69599
12.6752
12.2266
12.425
12.2488
10.9962
13.4334
10.5057
11.4065
10.5126
11.6988
12.4119
14.8627
8.44587
14.6061
14.3908
14.1075
6.0055
10.4283
14.9086
13.5503
12.656
9.51184
9.71894
8.00322
10.5858
12.282
13.8409
14.5822
14.4823
11.2329
10.3707
13.9024
13.7848
14.0812
13.3691
13.8578
13.329
13.1561
11.8375
14.1107
14.8324
13.5401
8.80209
8.13103
4.10518
8.78713
12.0087
7.15248
10.7963
5.63503
11.8105
14.7955
13.023
8.88483
13.6489
14.1952
8.21445
13.8515
14.5147
10.6359
9.52823
8.06833
11.7181
12.9115
9.99223
10.4943
13.9067
12.3163
9.75788
14.3777
13.4582
14.147
11.6139
14.9363
11.2248
14.0102
12.2802
13.5907
8.69216
9.33435
9.1848
7.99482
5.75641
13.193
10.6564
7.2312
7.10466
11.3491
5.6297
14.7985
8.70567
12.8928
6.80198
13.9901
13.7328
9.50492
12.8985
12.2284
11.8255
14.1762
11.8449
10.2995
11.9065
8.88564
14.3307
14.3443
10.9735
13.1768
10.8651
8.35627
14.6684
9.25082
10.454
12.3803
8.50848
6.64619
14.2039
13.4233
12.3639
10.061
9.68652
11.3813
14.5271
10.6712
10.2518
10.9626
13.4598
11.6881
10.181
10.6909
12.2437
7.05668
14.5461
5.63711
8.85104
9.3605
9.86981
14.3653
14.9376
9.89589
10.3028
12.6587
4.0232
10.9063
12.47
4.85989
6.57833
12.1352
13.0838
10.9882
8.38882
12.0256
10.2852
10.6356
11.6385
10.2822
7.22439
9.08989
5.10631
12.3663
12.7794
14.9056
14.4405
9.9782
8.00523
13.7795
10.4581
9.30032
13.2083
14.0053
12.4943
13.6273
7.26286
11.2074
12.6252
14.5434
14.9696
14.3438
13.911
11.2649
11.9546
14.1789
13.8206
12.7497
13.8629
9.79028
13.354
13.4615
9.48631
9.59859
9.59832
8.40419
14.1056
14.5059
11.7077
9.76819
10.2742
13.5965
14.3484
7.96097
14.6537
10.7621
11.7776
14.7787
14.8892
14.1056
14.1789
13.7464
13.8149
9.7351
6.36823
14.2522
13.5615
14.63
9.90275
9.87909
14.5831
13.3084
14.0932
9.29092
14.5964
10.6632
10.2893
11.3971
12.7951
12.5736
14.8848
12.4292
13.8023
13.1585
13.4793
9.45851
4.46892
8.14203
9.50133
10.4108
13.0188
13.9914
6.75383
11.5851
5.97124
7.49479
13.8449
14.9104
13.8281
13.5078
11.8125
13.676
10.204
11.422
8.95408
13.5523
7.88724
5.49624
9.96556
10.4898
12.2086
9.89569
11.6348
10.047
11.2621
13.7647
10.7764
12.4377
14.312
14.5695
12.553
13.3916
12.5641
9.19692
9.92734
8.97981
10.3451
4.34334
12.9597
8.41024
14.5006
6.40885
12.901
12.6734
13.3004
9.9096
12.3033
14.0245
10.5025
12.7319
9.83982
13.3343
8.40958
12.1846
11.8805
8.68546
14.807
9.26302
13.1743
12.1494
8.62999
14.4463
12.1806
11.638
5.38763
9.51627
5.73312
9.75202
9.69115
14.9342
14.9909
11.8472
10.12
10.1565
11.9079
12.0026
13.3221
7.95353
12.161
9.56058
8.36694
9.46605
11.3811
11.5266
13.051
9.40322
12.1336
12.4856
11.265
11.158
14.3853
6.34953
10.581
9.39342
10.615
8.06905
14.1679
13.1934
8.87019
13.1392
12.2784
9.55278
14.8511
14.9256
10.3026
8.1457
12.9744
10.7818
14.8057
14.9155
13.9028
8.77823
6.01676
11.2265
12.1192
11.0553
11.762
8.37425
13.1516
9.31429
10.3016
14.9028
5.33259
14.7733
12.313
12.473
9.31891
9.18362
12.4112
12.5257
9.60245
10.3963
7.48155
13.7622
14.2231
8.13746
9.74879
9.58182
13.2241
8.82937
6.51619
12.4758
13.5069
11.8293
6.56585
6.21581
12.2082
13.4396
10.2583
13.0056
7.15638
13.3392
13.6364
9.95483
9.84718
7.15723
7.32713
12.6944
12.9908
12.7667
6.13225
13.1803
9.14259
9.11486
9.87412
9.32719
7.69663
8.49605
12.4554
13.8341
9.35794
12.0633
11.7246
11.745
8.81494
7.37484
14.2638
7.94824
10.414
9.45989
10.9243
8.35396
9.71731
10.132
6.42331
13.6659
10.0584
11.4047
13.2598
10.457
9.40659
10.2391
14.6256
5.73837
5.795
13.3061
10.1959
10.0221
5.46309
9.46727
8.65839
13.3431
7.36043
9.88732
13.3792
14.1155
12.7397
10.3468
13.3036
12.7011
4.04917
14.3425
5.93483
7.38185
8.22264
12.0387
11.5763
10.1446
14.7384
13.0204
12.8651
4.40534
6.78253
14.9173
8.48899
12.1364
14.1703
14.03
11.0183
8.90945
14.6545
9.67716
9.84101
13.4196
14.5375
14.3649
12.5189
13.4931
14.127
12.2557
6.25162
7.96351
11.3542
12.9585
14.9898
5.52651
12.8044
7.29944
9.84508
12.0207
6.298
13.9635
14.3703
8.82482
13.5145
14.3733
12.0073
12.17
11.7053
14.067
6.84073
12.3671
12.1291
10.3795
13.9282
12.54
13.4652
12.685
14.8595
13.984
14.058
14.9697
7.71128
10.573
14.1828
14.4733
13.0774
9.74862
10.4924
8.2532
11.6832
13.8146
10.059
9.8309
8.57411
9.94599
6.78466
14.7874
9.50294
6.37404
13.8513
12.3581
13.0229
8.03956
10.296
8.13243
5.20983
10.5024
8.96058
7.40978
12.2864
4.46933
13.7245
5.10234
10.9755
14.6827
12.7224
11.0515
12.8529
9.59325
13.0377
9.38006
14.6068
6.99495
13.635
12.3852
11.8918
12.6155
7.59739
13.6801
13.878
11.3305
11.6546
11.6099
3.92138
14.2525
11.9887
14.6254
14.117
12.6491
14.8623
11.709
8.2708
8.4985
13.9598
12.2139
7.25534
10.9621
9.04819
11.4339
12.7989
13.7148
11.4691
12.8127
8.57671
14.5593
10.2586
9.02303
9.97623
9.8883
12.9117
13.5339
13.7024
10.1416
10.0478
12.4062
13.6754
12.6124
10.6478
7.84878
14.7988
12.2368
11.8983
10.9964
11.546
10.2584
9.90106
10.2291
14.1409
13.2113
10.9868
4.07396
9.74419
7.90636
13.867
5.68539
11.8279
12.6854
11.5756
8.29301
11.4667
13.5293
5.77285
9.65793
11.4061
11.8194
10.4816
14.1771
11.1001
12.6011
14.7538
14.7942
9.33263
8.41553
9.54588
13.4855
13.0871
9.33659
6.94711
9.10636
12.5834
13.6373
14.3674
10.7403
9.497
8.77502
12.475
10.0912
11.0369
10.7294
13.8772
13.1905
11.8272
6.70797
12.6986
9.55944
13.4944
8.68623
14.6502
9.08074
14.5077
11.4388
10.9982
13.3006
9.70892
13.7717
13.0544
12.9014
6.07108
13.0447
9.40838
11.298
14.7084
12.9649
11.6447
14.1984
10.1465
14.0403
5.43672
11.4888
13.2312
13.2892
12.6004
12.7102
12.6992
14.6466
12.0075
11.5564
11.2731
14.9315
7.97841
6.34012
4.78963
11.5216
12.6491
13.5422
10.8555
10.3812
8.51934
10.8312
11.7998
14.4271
10.713
12.781
12.0566
9.29339
8.81921
13.2015
8.12299
8.5221
6.69625
14.2677
14.4481
7.66183
14.303
12.8768
9.31933
7.0252
11.6539
8.32213
11.66
8.70606
13.3196
12.4065
11.3557
13.3944
12.845
5.90123
5.9659
10.0683
9.68552
12.0406
14.3268
10.2476
13.886
13.7114
14.3704
14.4939
14.9418
11.3709
13.8704
10.1256
14.1193
14.0728
14.707
11.2717
11.6561
11.5629
12.7066
13.3733
6.1132
12.4701
14.2596
10.2654
10.2692
4.88444
5.56708
13.0206
9.55689
11.3423
14.308
13.1108
9.85426
6.56604
10.7191
9.70191
13.366
14.9321
13.0943
14.1058
8.72769
13.9393
13.8125
14.1434
12.8132
9.492
12.9241
13.1359
13.6625
12.5622
14.3138
8.97214
12.6934
12.8024
13.7598
12.3915
13.5802
8.21954
13.4136
12.04
13.4081
14.4771
9.86962
13.1866
6.2406
9.79344
14.3909
13.3086
10.8415
8.50019
8.20329
11.9365
13.4493
6.17549
10.7503
12.2434
9.99094
13.8463
12.6363
9.22683
10.8452
12.9858
14.8271
10.8943
8.98407
13.8181
14.839
12.7347
9.91141
5.05722
12.1859
12.9408
14.0007
7.65652
10.4919
11.1721
14.5136
9.80547
9.56528
9.94172
9.44098
13.0727
14.8686
12.0677
11.1048
13.8909
14.2836
4.45465
11.1939
5.26657
11.4356
9.7838
10.5542
11.407
9.48698
4.73219
12.8342
14.3035
8.7539
9.19281
11.4681
10.2099
12.2814
12.4136
14.3029
12.5037
13.9404
14.1989
13.0854
8.42742
14.459
9.96747
12.4804
13.6422
13.2883
11.2362
9.99706
12.876
14.2145
14.2848
10.5279
12.3455
14.8598
10.2566
11.4094
13.0657
14.3013
9.15596
10.9563
10.8204
9.91599
11.6343
14.0943
11.5067
7.01927
9.61203
8.04456
9.94847
12.3814
12.3032
6.90137
11.2773
6.06937
14.2683
11.105
11.0595
6.28395
9.33474
9.88552
10.0036
8.49169
11.1168
6.6663
6.19232
12.0302
5.75847
11.2196
10.3752
12.9373
10.2843
12.7679
14.2483
13.7027
6.3944
14.8517
14.7414
12.5468
12.8279
12.5661
10.531
11.5357
13.9109
14.0326
12.0373
14.8336
9.78145
14.9006
13.5505
12.2178
11.9814
13.3563
6.54124
5.1116
10.2732
8.07715
11.965
11.6361
12.4855
12.6017
9.03976
5.21158
13.5011
14.0129
11.2497
7.62868
13.3762
14.9587
11.7929
12.1388
14.8326
14.1753
14.1051
11.8541
14.4768
13.9797
13.5065
11.2771
9.28414
12.4823
13.1168
14.6568
12.5328
10.3214
9.8124
8.33451
10.8998
10.2122
8.6773
13.865
14.6831
13.1239
13.8709
14.2759
14.9874
12.2504
11.3261
6.7225
13.2754
14.645
14.6249
10.2593
9.4699
13.9051
14.4626
12.3088
10.3301
8.89552
8.77072
12.9302
10.9751
9.74818
11.9756
6.3593
10.4416
10.3436
9.5935
12.993
14.91
13.0076
12.6505
9.62823
14.7484
12.6111
12.8596
8.66764
5.44172
9.00913
5.58598
10.757
13.2152
12.0428
10.4852
12.7473
12.5967
13.8438
9.22592
11.2175
14.6903
12.323
13.545
12.5879
6.95034
14.7902
9.40046
14.825
13.4234
11.1658
12.4522
11.2811
13.4846
10.2976
13.4669
12.1335
6.08062
11.8962
11.1846
10.915
7.5244
9.55668
10.0933
13.8775
9.10476
14.681
9.62142
12.4767
12.6899
6.63083
12.683
13.1852
12.7078
9.54588
5.13069
13.9059
13.5738
12.8616
13.378
11.6831
8.25451
14.0491
8.77788
5.88033
12.833
10.0191
6.30128
11.2401
13.426
13.204
11.1158
10.9959
13.9929
11.0164
14.0036
13.9845
13.5319
10.2328
13.0958
14.6011
8.56757
11.7919
14.0808
12.2833
9.88539
11.7235
12.4663
14.7792
9.91905
12.1422
13.9573
12.7193
9.28203
14.8975
8.72016
9.59798
12.7578
14.5689
14.1806
6.51167
9.3302
12.5415
9.67872
14.1815
11.0441
9.60855
10.0096
13.3882
12.7789
11.5193
9.83774
12.2912
12.5567
13.5853
8.61408
8.65919
12.3364
11.6006
11.4544
14.349
8.97956
14.466
12.4348
11.7058
8.09435
14.7596
12.192
10.2727
13.0268
13.3013
14.5251
13.4453
10.9779
10.2054
9.43051
14.3248
4.49235
12.2513
6.17704
11.907
12.3543
9.81044
13.9451
8.34191
13.3124
14.1918
10.8658
11.0407
11.2339
9.72191
13.9415
12.4218
12.6746
14.0556
12.3417
9.82542
10.8029
5.60895
12.3988
9.20343
9.63009
10.9412
13.8935
14.3072
14.5891
8.69269
12.3281
13.7923
10.3161
12.5154
14.9237
8.08677
8.29006
14.4706
12.2521
14.9574
12.1729
13.2629
12.0739
10.6802
12.0136
13.3465
14.4114
14.2782
10.4367
14.8318
11.7498
10.5323
13.5427
13.9809
13.7108
5.67059
13.4497
8.07579
14.9118
14.2953
14.0485
9.81118
12.6027
13.3169
12.8896
11.713
14.852
14.9662
14.9063
11.6089
9.25007
10.9194
10.521
11.3679
11.256
14.1064
10.4481
5.34366
14.4971
12.9043
13.8922
14.1313
9.58014
5.52662
10.8559
9.24381
13.1361
8.50963
12.5946
13.8103
12.3668
7.349
12.1774
5.65829
10.698
14.3407
7.95823
7.84061
11.3583
12.9849
14.9573
14.5982
13.4892
9.83318
9.54603
14.246
14.3693
10.1176
10.779
6.44989
11.6034
13.5128
7.94677
9.46482
9.9586
11.1867
9.28168
8.2022
9.34548
11.6711
12.0609
14.9035
11.7724
11.8409
5.70986
10.847
14.4257
13.4247
8.586
11.5195
10.565
10.3647
8.65448
8.69766
13.4048
10.7429
10.8234
12.3588
14.8576
11.4258
12.2765
9.54823
9.86736
11.3774
14.4643
13.5095
9.7611
8.13057
9.56311
11.0207
10.7097
8.63018
12.0358
13.8992
4.45766
10.9092
9.45806
13.4707
13.7077
12.4172
13.437
13.7419
13.6324
10.0503
14.4352
10.3427
5.42339
13.7427
12.7631
11.8312
11.7017
4.77532
14.341
13.5971
7.47578
10.7285
12.8717
13.1805
11.8252
8.47229
9.1256
6.50161
14.5212
12.6451
9.28939
13.3982
10.0706
14.6007
14.3904
11.4288
11.8847
14.1883
8.07954
9.40444
13.2837
10.6317
12.8499
13.5564
11.6422
9.79438
14.0971
11.037
9.95234
8.39242
10.7788
13.5495
14.39
12.3543
10.5774
8.58986
14.7315
11.8727
10.0642
13.4345
9.14651
14.5575
12.3733
7.65559
14.213
11.9445
14.5077
11.7094
14.0945
14.6032
13.7734
6.62916
11.1274
12.9317
14.4794
12.4518
8.91285
12.448
13.0495
10.1743
9.29232
14.8402
12.7451
13.7204
14.1053
7.9339
8.25065
12.6902
14.0535
9.06032
13.1461
13.084
12.9431
12.5009
13.7677
14.42
12.1952
11.3895
11.3257
11.3587
6.59325
13.7361
10.7364
9.92034
10.3332
12.063
11.2018
8.50657
11.8116
4.33623
14.4993
13.6365
9.02698
6.74861
13.8693
8.10797
4.06347
14.7534
11.2166
14.7378
14.5086
10.6359
9.13962
12.05
12.3527
6.18188
14.1223
12.5851
8.85728
14.3961
10.1679
14.5351
8.15878
12.852
14.3961
9.44645
13.4892
14.2938
12.1566
8.0211
12.9474
12.7727
14.8302
14.6503
13.4178
11.8304
11.8856
13.0593
13.9488
14.5843
6.47907
14.3721
14.3253
9.19731
10.3412
13.4289
14.3951
13.232
11.9093
10.2044
13.2956
8.39124
10.6499
5.79437
4.63864
13.9997
14.2937
10.3486
12.5381
13.7764
14.2034
12.5787
14.6687
12.5801
9.86492
14.8239
10.0742
12.7148
8.82087
14.1257
12.2247
4.80808
10.709
13.3093
8.03049
8.38564
10.7466
11.1461
12.4459
13.2115
8.74966
10.7458
9.74101
6.39288
9.02176
14.8137
11.6057
14.0037
12.6949
7.37596
4.96115
11.351
13.3561
14.3436
8.78547
12.3878
7.57624
9.55654
13.7523
14.564
9.1319
9.12549
11.8946
14.6032
8.65818
14.6572
10.6585
14.3788
11.763
12.1309
12.1146
13.3767
9.22168
11.1334
4.62141
12.1561
11.0477
9.7989
14.4191
11.9175
13.5325
13.8396
12.4567
6.53193
11.8526
13.9099
14.3686
9.78147
11.7737
9.50155
14.958
5.58918
11.5266
13.0168
8.64122
13.3845
5.63815
13.8768
12.9414
14.5227
13.4104
14.0093
11.7209
13.8141
9.20489
10.9017
8.43882
13.3506
10.0092
9.37638
14.4504
11.008
11.1357
13.839
11.7873
13.7204
12.1618
14.378
14.3541
13.6094
13.0907
6.12108
8.19913
7.79604
8.97975
6.75408
11.7419
12.5738
7.44502
10.6527
11.7793
14.0333
12.332
14.3959
12.7007
6.99012
6.61316
12.5171
11.6197
11.2308
11.1939
12.268
9.02574
8.33998
8.80791
13.6014
10.6108
9.57661
8.31286
13.3332
8.68967
11.7388
14.0129
13.6408
11.0117
4.53891
10.2049
13.121
14.422
8.33723
10.6779
5.74659
11.5417
8.8587
11.6258
14.0227
6.39708
12.2656
10.6178
10.2293
12.7865
14.3178
10.7165
12.3395
8.60807
5.35264
10.9884
13.7593
13.1959
12.5767
12.2666
10.6377
13.6595
14.4161
7.87052
10.6187
13.7142
14.9977
11.8312
14.4152
8.78588
14.8904
13.9478
7.9821
8.66354
13.2997
13.7322
10.34
5.51071
11.9125
8.15727
7.71325
9.3717
13.0081
14.84
5.81491
12.5744
10.3988
9.88168
9.0699
12.1452
5.36289
14.5547
5.82131
6.29065
10.624
10.6319
8.05954
13.5891
11.6123
13.6407
14.6517
13.9631
5.89898
12.3483
8.2917
11.8638
10.1412
10.9294
14.8328
13.8119
14.5564
5.51107
13.4143
12.831
5.04484
13.3443
11.194
10.2858
10.0551
10.7603
14.3814
14.1157
14.3695
13.8538
8.90055
9.18652
10.4834
11.9678
11.4695
14.6276
10.7977
14.3377
12.5763
6.64745
14.4208
8.20622
13.8716
10.1298
13.874
9.14198
9.51139
5.19701
6.24275
13.0254
10.6146
14.8812
13.1123
13.4979
14.1035
10.4674
12.8818
11.367
12.385
9.42746
9.44866
14.8905
12.9601
12.7959
11.7154
10.9065
13.6475
11.7558
10.7816
5.60287
11.6479
13.7144
9.92026
9.62759
9.81982
12.5063
7.52414
10.2495
11.2279
7.96847
6.75933
12.3804
10.9396
14.1572
4.70422
5.29724
9.18633
10.7704
12.572
13.7466
14.4682
13.4705
11.6449
14.2213
12.3873
5.8244
6.17176
14.9925
7.67741
10.4995
11.9093
10.1798
13.1008
9.09516
11.647
10.9419
5.09427
11.7614
10.1725
5.64168
6.63215
10.998
11.6768
12.9965
12.3593
5.8093
14.5491
12.4891
10.6224
8.7157
14.4708
10.5107
14.9673
12.238
14.9661
12.7161
8.34606
10.1677
10.119
11.4211
7.31626
12.555
12.2919
14.0614
9.90241
14.6389
13.9557
6.27828
5.50508
7.43344
11.4425
11.3962
12.9537
8.24923
13.2681
14.5339
7.5083
12.1329
9.65806
12.734
12.6351
13.0415
12.4197
6.6292
9.49887
8.12438
14.9175
12.0754
13.1668
14.6436
11.986
10.3709
5.511
10.3235
14.2041
13.3141
13.5017
12.2904
12.1665
11.2547
14.4305
6.05721
14.3271
13.0786
14.0794
11.5808
13.8704
14.3774
11.5479
6.90801
6.36247
14.0357
11.6702
10.4113
6.4457
11.8855
11.5008
13.2013
5.40856
12.8089
14.2063
14.4815
13.8221
10.2388
11.4677
8.72748
9.92088
13.0471
9.05979
10.2543
14.5336
8.42535
10.2654
12.8782
11.964
14.2479
10.6539
12.2119
5.44922
9.3345
13.8086
13.2925
11.8377
10.0679
10.3211
13.8862
14.4305
9.84016
13.9801
11.6259
14.7574
10.367
14.3673
13.2739
13.643
9.74556
14.1525
9.06543
7.98573
14.1318
11.8216
13.1763
12.7975
9.00158
12.5778
12.6678
14.21
13.3595
9.98162
5.48561
14.2395
12.1309
14.2601
13.9262
14.391
8.39394
4.97947
6.80005
11.3053
13.1292
9.65064
8.51817
14.7058
13.3335
12.977
12.3323
6.36036
12.9593
13.2176
14.3379
5.27458
12.3528
12.8102
12.3858
13.9425
14.0618
9.20919
10.649
14.7388
13.1077
11.2511
10.4586
14.0371
13.8657
13.0586
13.3813
14.4307
11.5303
9.93765
12.6475
14.4817
10.9041
9.61006
14.2333
14.3848
5.75322
13.4791
12.4113
12.4232
8.52575
12.8718
12.7605
12.5274
14.4606
14.3273
4.56018
4.46529
9.96206
4.5009
9.64072
9.86417
13.5012
14.5117
13.7734
10.4504
12.8876
9.60333
12.6497
10.8063
9.53268
12.8207
6.49201
5.18547
12.0661
11.1826
5.45646
8.5054
5.44585
13.0919
11.1731
11.5587
11.9897
8.43431
11.3612
9.76267
14.0243
14.1155
14.0551
14.7625
13.224
13.9546
8.40826
10.765
14.3735
9.55424
13.8793
13.4486
8.6791
9.85912
12.0425
12.1231
14.1556
14.4689
14.418
10.7086
9.74076
11.1108
14.8453
12.5731
14.0402
13.8868
14.6235
10.3034
13.8972
10.3019
8.55331
12.3819
14.6378
11.1366
13.984
9.43589
8.1177
13.7641
14.2279
13.6802
12.9408
10.0613
9.68392
8.18841
8.86324
10.9432
13.4017
9.44512
10.9631
11.7992
12.7374
13.5345
10.862
11.3273
13.1101
7.90438
13.6897
10.4486
6.98572
12.1957
14.7826
11.7077
11.8886
13.3509
10.3537
8.66322
11.862
8.64975
4.77475
7.30683
11.2995
14.5049
12.1491
13.3191
13.7157
12.1292
6.12497
11.0871
6.04236
6.69898
11.0884
12.8819
13.4275
9.73364
14.3155
14.6919
6.75844
10.9827
12.1632
13.8091
8.53022
10.4803
6.50287
8.45454
10.0311
7.98176
12.4849
10.9371
9.8075
9.71691
12.2571
8.59644
9.1557
9.54568
8.4586
10.315
10.598
11.0962
14.6396
11.9847
14.5481
11.1672
14.4186
8.35764
6.29683
9.41418
14.5911
12.9616
6.42647
11.0485
10.4855
12.2302
11.8582
11.5064
13.2444
14.5406
13.3234
5.11223
14.633
9.40298
14.3969
12.2321
6.02893
14.1329
12.9113
14.4096
11.5016
9.46591
5.08196
14.2187
13.3473
10.6622
6.48367
14.8979
13.2537
9.91407
12.2465
8.42717
5.2272
11.1208
12.8611
9.28969
6.9516
11.9254
10.2306
12.5771
11.6104
14.2556
10.932
12.8216
12.8802
8.25276
8.81459
10.2702
12.3494
10.4436
12.4936
11.1615
14.7195
8.14308
13.3042
12.5154
11.1086
13.9502
9.1996
12.0658
9.90418
12.7295
13.971
10.0638
14.9131
11.2958
13.3636
5.46426
11.3244
11.4496
12.1852
10.0057
6.61782
13.2714
14.9876
11.5213
5.67853
14.9637
13.2304
9.09131
5.34681
12.8801
9.10642
14.6041
14.9007
8.64718
7.43389
9.20337
9.6509
13.0701
9.39327
9.03379
14.3203
13.1904
10.0531
13.6009
8.68033
14.8413
10.8431
12.7543
14.4909
10.697
11.578
10.0259
6.0727
13.0549
12.9621
10.1081
8.21215
10.6466
4.63454
12.5786
12.6245
6.14481
10.6098
11.4905
10.6422
14.7207
9.4692
9.91391
8.46722
14.7437
6.32703
13.2852
12.3553
13.3445
13.3642
12.3516
11.9757
11.5033
11.0552
14.0169
14.4048
10.3744
13.2791
5.47974
14.7449
13.1593
8.12626
11.016
11.1711
9.31898
14.4022
12.8023
14.1988
10.1603
9.89851
7.39835
7.66308
8.43079
10.7219
9.6597
14.7695
11.7598
5.49646
6.24319
9.60478
10.4846
13.6851
13.0859
12.1306
7.74243
14.3946
5.88576
12.8434
12.7576
12.9974
10.1376
5.03172
14.8988
7.65095
12.3091
12.6357
10.5719
11.6649
12.7523
14.1695
13.2414
11.6113
11.9466
5.18221
9.61036
10.5067
14.7462
14.1955
10.2022
10.0503
9.52595
12.2819
13.2889
14.7149
14.1328
7.85599
13.438
14.1873
7.91565
10.1793
14.5571
12.2081
14.625
8.75313
13.2644
10.1432
13.2762
11.2512
10.2278
13.3188
7.0702
13.5525
13.7462
12.2609
13.9096
8.58052
5.1728
13.8212
9.7891
12.1926
12.8087
6.68231
12.7168
9.56188
12.186
13.3436
9.90396
10.341
9.042
14.1567
9.83376
10.5269
13.6786
8.60258
12.886
8.93019
11.8626
8.45639
11.3915
12.773
12.8812
14.8412
12.6346
9.74374
12.3568
11.1877
11.1447
13.0375
13.8569
6.10449
8.84298
11.5495
12.9655
9.64159
12.3334
13.6223
6.01658
11.6626
11.1249
12.8521
10.5668
14.5679
9.89955
13.0382
8.75984
11.1868
14.3358
14.7875
13.4897
13.0444
8.57871
8.30053
10.6737
12.9939
10.3753
5.12899
11.9109
11.8628
8.36931
11.2064
13.5929
10.9664
13.4597
10.339
8.51757
10.3909
13.7022
9.03686
14.031
13.4641
8.0857
7.43246
4.30753
12.697
14.6464
12.8885
12.0864
13.8502
8.45441
8.65983
8.6788
10.874
10.3694
14.4133
5.26249
12.9684
13.6759
14.97
14.539
12.985
13.3562
13.3368
14.7369
8.62509
8.82282
10.4355
6.11183
13.5152
13.4325
10.6388
14.4923
8.30676
9.47661
13.19
9.85739
12.8597
8.95092
5.14171
12.1595
12.7834
13.1921
7.58404
14.6911
11.3831
9.96685
8.19775
13.1484
8.60477
12.5769
9.87979
9.77153
6.72221
11.2272
8.07976
13.4389
9.17167
13.7142
12.2316
12.6726
10.5439
13.0085
11.4251
10.5276
13.5999
4.11846
13.4631
9.11909
12.2109
12.9904
10.122
9.66351
10.8048
9.6028
8.82865
10.5217
14.0526
10.9122
12.8525
10.5417
14.3983
13.389
10.4668
14.7871
14.9662
5.1864
14.5938
12.4931
12.5373
8.66534
13.7974
10.8744
9.15064
11.453
9.25863
12.9021
13.8869
11.9985
12.4531
8.2842
11.6882
8.14582
12.0896
11.2911
5.51925
7.71459
11.3321
11.9343
13.2881
13.3358
11.9578
13.7249
5.52674
6.53259
7.89289
10.0844
5.38124
6.91215
12.9704
14.5911
13.1675
11.9864
14.1749
14.0618
8.6325
4.07216
13.7677
13.5568
13.9924
5.60718
11.4164
14.5051
14.9768
12.8787
12.0126
12.9077
5.45083
7.24807
8.42152
14.0542
9.34765
12.1157
9.84002
13.0373
11.1831
13.4756
14.6374
9.52277
8.56625
14.3273
11.2981
10.5919
9.88495
14.2145
8.00114
14.9426
14.6765
11.9506
8.7807
6.20694
11.9611
13.6112
11.1396
11.2633
13.4753
12.3029
14.0801
14.901
12.1202
12.306
12.3253
12.3227
8.69151
10.6216
14.0335
9.56406
13.4594
12.0611
10.0386
4.95378
14.222
14.5247
13.8697
11.5445
11.9322
5.15609
8.77019
8.56087
5.30777
12.2237
10.9614
9.98489
7.04834
11.9965
13.8562
14.3699
13.8504
14.9083
11.1148
8.69725
14.6203
12.3178
9.9269
5.23291
11.1823
13.7
14.4931
5.85088
13.0882
6.28752
14.7319
14.4792
12.2523
10.1893
11.5452
11.2709
13.4545
11.2477
12.6269
13.5987
9.36339
14.6089
12.2378
12.3584
12.0982
10.5977
9.86509
12.0874
12.6647
6.40776
14.1363
13.0897
11.0059
11.18
12.0538
13.9839
7.91301
13.1785
6.43153
10.3849
4.7304
10.6924
4.70329
11.5186
9.26397
8.65746
10.3004
13.8176
14.471
10.9389
10.8898
9.81923
11.9281
13.0724
13.2223
14.7474
12.5368
8.43572
8.59228
11.5409
12.6698
14.8986
14.5679
12.6565
12.7438
5.27219
11.434
11.4786
11.7823
14.9543
13.1558
10.3562
10.4437
10.5314
10.997
7.63854
9.92284
6.59878
4.30205
12.1353
10.3734
12.8168
12.0894
6.89099
3.939
12.7432
11.7625
12.4415
9.68715
6.09278
12.5408
9.67461
5.86184
11.5483
13.6182
10.3241
13.6741
8.52808
12.0696
9.82882
12.0982
8.73638
13.7173
13.8838
10.479
9.21169
12.4537
14.7405
14.3425
14.939
4.64577
3.65964
14.3757
11.6453
14.8752
10.2446
13.6411
12.0942
11.9559
6.64319
5.01918
14.9284
8.37055
10.2914
11.6614
9.93382
8.30962
10.8846
13.6629
9.88149
5.05765
14.8261
10.9049
14.1596
10.7859
14.758
14.9046
12.25
8.25672
13.1378
13.7109
13.268
14.0645
12.2546
10.6597
7.09858
12.3408
10.1786
11.9036
14.2681
14.4564
13.936
14.0349
5.50356
14.6757
13.147
14.7149
9.86469
8.96624
9.6595
12.6342
9.08862
12.8034
12.2018
12.7904
11.7229
10.621
12.0626
12.4566
14.9735
9.12756
7.74562
11.4263
12.5981
13.1852
14.2636
10.5499
8.36374
9.9832
10.8753
12.2892
8.10444
8.78444
12.6053
12.4427
13.1105
10.8603
14.75
9.56048
8.66083
14.4566
9.09924
9.92697
13.5278
14.7521
11.5975
11.4126
14.3282
11.8882
9.67837
5.90309
9.27978
13.8221
10.9847
11.4744
12.3146
12.6136
9.81599
5.56121
11.9393
13.202
13.9046
11.2429
13.3916
14.9153
12.6137
14.6556
12.7839
14.9692
9.51097
10.1971
12.3358
13.9
14.6336
11.0282
10.7734
12.8454
11.8237
13.6141
12.5141
13.7328
13.8095
13.7852
8.98584
8.64773
11.2392
14.0502
14.914
12.7236
12.5559
11.6235
11.7072
8.90286
13.2977
12.2333
11.5049
12.4952
5.91143
13.968
11.7552
8.88237
13.2756
5.46322
10.7023
12.0801
9.64927
11.3046
10.6387
11.288
11.9591
14.7975
7.9713
14.5987
14.1849
13.8964
5.72332
11.9626
14.8928
10.3959
5.04349
14.8936
14.7766
14.3026
13.4743
12.7419
8.07461
9.42726
14.3928
13.7065
13.3575
14.8757
6.55705
11.9378
14.7515
11.4121
14.3254
14.5957
10.9485
5.46159
7.1982
14.0041
14.7828
11.334
11.7755
12.469
12.1619
14.1384
11.0925
10.2923
6.86184
8.09191
11.2443
12.3441
14.9112
13.7113
6.35285
12.3889
9.22978
13.8035
5.31343
13.2305
9.53249
12.0246
10.6096
11.6092
5.50814
4.98265
12.5049
10.2248
5.11413
8.17003
9.61726
11.1046
9.14482
12.8753
8.61423
13.984
10.4512
13.4542
8.91962
12.7699
12.8281
13.5723
5.98806
10.6424
13.419
10.2268
9.8759
14.6451
10.6411
13.0797
12.8426
7.53681
5.75842
6.50097
13.2299
14.0962
14.1181
9.03554
8.85896
6.63815
5.07703
9.98178
14.3691
13.7555
10.7678
13.687
11.5823
13.9904
6.23419
12.3535
14.7317
14.0396
12.1082
9.81963
12.1262
9.0187
13.4873
8.95453
9.02647
14.6479
14.5464
14.9867
4.8147
3.68206
14.814
14.5701
12.16
10.468
13.6593
12.5478
12.242
6.54997
4.98594
8.8124
8.49866
5.70346
4.82666
12.7891
9.28416
10.2622
11.9547
14.3576
12.7417
13.6937
10.0778
14.1399
8.26145
13.6382
6.06717
5.80831
10.4932
14.1304
13.2138
13.7258
7.43235
4.2724
13.3201
9.92398
13.57
10.281
11.1555
14.3543
13.6674
13.3495
7.61203
14.5188
13.6055
14.2581
12.4517
12.11
8.80239
10.068
12.7696
14.267
5.95246
5.96036
5.38963
13.3669
12.7672
14.9349
11.6387
11.2285
6.59002
8.26285
12.0891
13.0189
10.2266
8.36085
10.0274
14.3611
8.93198
4.03154
8.97561
8.11325
8.5567
8.64843
14.5107
9.81924
13.252
8.5053
14.4216
14.8476
14.4967
10.999
12.8603
10.6004
3.75235
13.2596
9.25336
9.50901
7.45563
6.8311
11.5312
11.0255
13.5142
13.6875
13.3522
6.29672
12.093
14.8501
10.8246
5.98991
12.9673
14.0174
12.751
12.5229
9.03051
9.51717
11.3998
13.3452
10.7928
5.15335
11.9986
10.9457
13.4699
11.945
8.17469
9.43082
13.7968
14.2171
13.9183
13.4921
7.64753
9.15067
11.7557
14.3297
9.3093
9.95167
11.2313
9.87422
11.6677
5.46113
11.065
8.09325
9.19076
4.28981
4.55054
8.95258
4.15544
12.1315
10.926
5.16839
11.6702
13.5899
14.2547
9.64402
12.868
10.5142
12.7725
14.2633
13.9356
12.0247
13.6273
9.32784
12.2077
11.0863
9.15369
7.7906
4.95919
10.1272
7.75199
14.0762
14.6396
14.0226
5.2436
12.0328
13.0415
13.9044
10.3176
7.42809
7.61722
8.46271
14.5206
10.0974
14.6832
14.2953
12.5469
11.9914
14.2813
12.4287
9.7833
14.4298
9.17733
14.4068
6.63305
12.3632
13.5062
9.07375
10.2855
11.4828
13.8464
9.17135
13.1353
13.986
9.20314
12.3615
13.9005
14.355
9.39637
14.21
5.78676
11.9808
12
9.36181
12.8216
10.6062
14.8026
8.67853
10.8591
8.68789
8.44399
14.196
11.7441
14.9104
9.3404
12.0717
12.0384
9.51436
12.349
6.89376
11.9804
14.3104
12.8716
12.3602
13.9541
9.38371
9.77383
10.3318
4.22832
8.76392
14.7473
12.844
11.806
4.8989
8.96258
13.4247
11.6964
6.82812
12.8001
12.5879
8.3707
8.5841
12.2329
12.8053
14.5558
10.4036
9.581
13.9209
13.9196
8.12151
13.5471
13.4592
10.8674
12.9231
13.092
10.4601
13.5585
9.05949
10.8801
7.11546
14.4376
11.4409
6.16325
12.0025
9.51871
11.7691
10.8611
5.874
10.3055
11.9418
4.23223
13.5452
8.3256
11.3799
14.0427
14.1923
14.109
13.8478
8.56926
5.44162
10.7094
14.2611
14.9599
13.7684
13.106
11.5089
12.5434
13.8996
14.6324
10.5315
9.72973
7.51999
7.75634
9.7602
14.4921
12.3529
12.6693
14.0147
14.5811
12.3152
13.1223
14.1316
13.5494
14.6668
12.5516
13.3815
13.8686
8.33519
8.52915
10.1046
6.28598
14.3393
13.6083
14.6683
13.538
11.2933
10.4362
10.0813
8.49781
11.8454
11.7535
10.3362
12.7771
12.7864
8.76566
14.4888
5.09957
14.7895
14.0712
14.3392
9.94321
6.42862
12.8291
11.337
11.1057
8.71599
9.65295
14.9012
13.23
13.5945
12.9128
12.6181
10.5914
11.7283
7.82699
11.9988
10.697
10.5179
10.72
14.9087
10.6881
5.7802
12.5285
13.9612
11.0898
14.1433
12.0648
5.85433
14.2267
14.5141
9.56906
13.1772
12.5598
10.8237
14.247
11.0272
13.7327
5.36067
14.3326
12.0553
14.4197
11.3295
12.6679
13.2034
9.46796
14.7499
11.294
9.91006
11.5576
9.60245
13.515
12.6137
14.4628
14.2469
14.564
14.0717
12.4562
10.9828
9.67937
13.2077
12.7048
6.64682
10.862
11.3267
13.1096
8.19044
13.0269
12.0363
9.99732
12.3782
14.8468
7.78671
6.95776
9.64688
14.0784
11.0624
9.80237
8.4259
11.227
10.0467
14.354
12.5332
10.1532
7.82898
8.34173
4.78965
14.4132
7.63224
6.34437
11.1202
13.5225
14.7627
14.1423
9.72681
12.3349
11.7518
13.2315
7.32761
12.2127
7.84131
11.7714
7.61933
9.28756
13.2738
14.5166
14.2336
12.6797
14.8664
10.4982
13.4621
13.4239
6.74671
5.92201
10.9497
9.79139
14.6673
4.34855
12.1939
8.76778
11.502
4.44183
10.1493
9.95139
14.8477
8.74793
12.8727
12.9146
14.9189
13.7922
13.1746
8.17311
6.24379
14.6143
10.3097
5.71887
9.75224
14.7139
14.0923
10.9626
10.5344
8.37119
11.4204
6.91232
6.48267
14.3913
8.66033
13.7522
14.7997
13.485
11.5133
10.2334
14.6929
4.7025
4.17595
12.6274
4.78729
5.99979
12.1053
13.9988
8.98282
13.0073
12.7687
13.0914
14.4111
9.77929
7.90391
11.6519
11.5476
9.2918
9.18374
11.8143
9.21298
10.8771
6.231
9.71173
5.58802
7.46184
12.0301
5.78323
14.7718
10.118
10.5417
10.6634
12.3944
10.0667
9.99072
14.0853
11.0403
4.69663
10.8814
10.2762
13.9521
10.6884
12.5762
5.14099
7.50826
13.4175
12.9403
14.7971
14.7466
13.8526
11.2487
14.0721
9.91799
13.4684
7.46029
11.853
11.4656
14.9259
14.3499
10.9618
13.2682
12.5208
14.6262
7.61066
9.72533
14.557
14.2025
13.4386
14.3772
10.2664
12.8966
10.486
12.9105
8.70852
9.82551
6.1659
14.4655
10.0397
14.4033
13.4769
14.502
12.6277
13.119
11.0834
13.0855
11.823
9.50413
7.30554
12.4077
12.0083
12.4429
9.52791
14.1764
14.8856
10.311
6.48718
5.17714
13.0645
12.8316
8.67785
7.4358
11.2104
5.78887
10.4276
9.55117
13.3883
13.2282
10.9105
14.4066
14.4323
8.52755
12.6822
7.96101
13.464
11.7496
8.50027
11.4937
14.9311
12.1433
7.23261
9.59239
10.0771
9.25314
8.74729
11.6067
13.8752
10.9321
12.2471
14.8823
14.7602
12.1044
13.3325
13.1473
12.544
12.7609
14.8652
12.7019
12.3171
8.53535
10.1305
9.34353
5.56008
14.6412
8.07369
5.67286
11.0087
13.6616
11.4867
5.60219
9.33023
8.75695
12.3867
12.8553
11.7818
13.9054
14.1821
14.6885
9.07164
5.01775
7.40017
14.0689
7.93031
8.98982
10.5892
7.50454
11.2771
11.0801
10.2649
11.6149
9.92167
8.38639
9.46764
10.5725
14.6057
11.3201
13.5772
9.82333
9.50142
8.16525
13.2571
10.6507
14.1616
14.6948
11.8059
12.2402
7.71766
12.163
11.0786
14.4597
11.7116
8.83701
9.44167
13.0694
10.6863
12.0159
14.4086
12.6413
14.7014
10.0277
13.9268
7.39106
12.031
9.76735
13.2637
6.15598
5.46564
7.84951
3.78114
10.1876
14.9267
11.3038
5.59691
13.8091
12.212
6.12408
12.7752
10.7343
10.8542
14.8432
14.1616
10.5281
7.08564
11.6122
14.4604
8.80782
11.5389
10.3983
12.5337
13.5771
5.37376
13.8335
14.2063
10.5622
11.9456
11.0667
13.2035
10.7607
8.9108
12.9499
14.4684
13.8287
10.323
11.6125
10.3224
14.6306
14.1399
9.25832
14.2286
11.4478
13.8561
10.4848
5.45287
12.9471
10.8057
10.7824
12.9262
9.81541
11.2577
6.20589
10.8775
8.63491
6.60899
8.41919
8.06386
14.7675
11.0331
6.15496
9.68469
13.1813
11.2528
14.909
8.13848
10.7199
7.48399
11.2838
13.2944
10.6819
10.7152
10.3752
4.95001
8.01449
11.6143
12.6886
9.96583
11.813
11.5061
9.84722
6.62045
9.32172
7.41932
11.738
9.17549
14.2148
13.6106
7.59459
14.864
13.3018
9.47875
8.35702
14.134
13.0172
8.79115
11.5322
14.9731
12.0572
11.5941
13.5401
13.6955
9.84979
14.7908
12.478
14.7655
11.2499
12.1105
14.19
13.6621
13.6206
14.8789
11.5724
10.184
11.5695
9.22518
14.4731
6.33059
14.7417
10.9098
11.8868
12.7456
9.15773
12.4374
12.0956
9.50858
13.2309
11.0925
11.9862
13.108
8.94835
11.3866
13.2128
12.9479
9.75955
13.0098
10.8068
11.4001
10.186
9.92971
9.03041
9.17623
14.6699
12.8836
11.3963
10.7567
12.5037
13.2005
14.0899
11.3139
12.9078
14.2604
8.14246
11.9961
8.59905
9.04351
4.73043
9.28426
8.70845
11.8691
12.174
6.07664
11.7179
11.275
11.7124
12.6011
11.5881
8.67325
12.6946
14.3193
7.38895
10.963
8.79485
14.6167
14.2465
11.0106
11.5188
10.9304
12.6867
12.8988
8.40185
9.9501
13.1171
14.761
9.94777
6.46281
14.3063
10.4607
8.91637
5.36259
14.958
13.9206
5.39954
9.3578
11.4593
9.57176
8.21507
12.3241
9.49016
12.3214
10.7924
5.4268
12.5361
9.03873
8.68503
14.8251
12.8711
12.7229
13.9012
13.041
11.5955
8.20895
10.0935
12.28
11.9016
8.19173
12.6838
9.09719
9.02212
12.6575
12.6503
11.2291
14.3952
9.96769
5.86215
5.89704
12.5725
9.52072
8.25783
10.2553
13.5722
14.4339
13.4131
7.51491
6.62841
14.937
14.8247
9.4966
10.1718
14.1114
5.50649
6.36143
8.44788
12.4415
14.0533
7.47841
8.67835
9.7841
8.27475
12.4735
9.22261
5.12593
13.7564
9.42332
13.1005
9.96536
10.1408
5.70479
14.3843
9.81559
10.8663
14.6811
12.7644
9.59801
10.5849
7.79891
14.5931
12.6853
9.15739
7.35924
8.44459
9.65538
12.5419
14.2205
9.0748
9.62774
9.22892
9.4166
10.1798
11.2016
14.7063
14.0836
6.12956
10.0527
14.7204
11.8854
7.64331
6.18691
13.1246
13.547
9.99598
12.3949
13.056
12.6755
13.7198
14.9605
12.1252
13.7823
11.2732
9.94303
11.2545
8.57202
10.9031
11.2623
14.4894
12.3089
10.2384
9.97786
5.9432
10.8847
14.7194
7.68965
9.31377
12.455
11.3079
8.58899
13.8402
10.9952
11.3279
12.8286
14.4416
10.2643
11.119
9.17068
8.23073
9.99907
5.55318
10.1071
6.10289
7.71946
13.3489
9.09093
10.4338
8.09254
8.56975
9.96153
11.3244
14.7442
11.2947
12.3665
14.7333
14.3574
11.8463
14.3516
11.8857
13.6988
12.1727
14.3837
9.71959
12.3738
4.58685
8.72137
12.206
14.9641
8.45678
10.0518
13.5046
12.1845
7.81535
14.1323
9.81485
14.7831
9.96348
11.94
8.58166
13.2279
4.92975
12.3667
8.58299
5.47136
7.11061
14.1979
14.6231
5.74191
9.30541
7.35318
12.8083
14.3652
13.3256
7.88541
14.22
10.6695
11.4966
12.183
6.91405
8.05588
9.04425
11.4035
13.9404
12.7999
10.28
11.7967
13.0578
9.97609
12.6635
9.94057
12.7267
12.9058
13.6184
11.0323
6.56981
12.3837
11.9704
8.93782
12.6475
10.5047
8.36713
12.5718
7.78321
14.0929
14.7236
6.23478
13.032
9.20772
12.1723
14.4515
12.3718
14.2633
14.323
14.3544
11.148
14.8032
11.1149
3.83237
10.5892
13.7475
14.5762
11.9929
13.0787
11.2672
12.7044
14.0753
13.1203
14.9312
11.0344
12.1921
14.7992
6.53091
14.0192
7.09629
14.0065
9.54491
13.1745
9.96674
13.2535
5.89476
14.4292
13.0156
8.56435
13.594
9.53179
12.009
9.67669
14.9446
8.36916
11.8844
11.75
7.83866
13.1872
9.57578
14.8449
13.5578
10.1014
11.2994
12.0445
13.7856
14.8812
9.65811
14.3903
10.3634
9.88226
14.7489
14.2307
11.9124
11.8701
4.02878
11.9308
12.4501
10.5303
10.3678
13.6918
13.7614
14.8166
14.407
10.9925
9.09946
14.6271
10.025
5.83415
5.0406
9.99483
8.39988
8.01354
14.8373
11.5204
14.4239
14.8826
9.0185
8.44837
6.72303
14.1867
8.11022
14.9245
10.1944
12.1637
11.9796
12.2187
9.79743
5.19669
14.9947
10.4179
11.8486
13.7684
9.64916
10.1873
11.4742
10.344
14.9178
13.3686
14.1673
14.2974
11.4844
12.7116
13.3633
12.0429
14.0401
14.7481
11.1546
13.3491
6.13159
14.5901
8.69755
9.84452
7.18312
12.9127
9.71111
9.68797
4.22499
6.71139
13.6825
8.54008
11.2947
14.7774
10.9089
12.911
14.853
9.42871
13.113
14.0818
14.6425
6.41761
10.0144
9.35385
5.54072
13.6259
14.2857
14.0021
13.1494
14.3377
9.67544
9.4506
13.7398
8.11137
10.0527
12.7938
14.2015
12.7392
10.7361
14.132
12.4439
13.4673
11.114
8.68659
12.3339
9.03115
6.87175
9.15484
12.1648
14.0602
7.88518
14.5231
10.3589
9.88114
10.4911
11.5959
14.165
8.89303
13.6748
13.6258
10.0074
9.42222
12.1739
8.18198
14.6376
13.0717
11.5117
12.5451
13.1895
8.60689
12.3608
11.3536
10.9378
9.73328
11.0191
9.501
12.9419
10.8526
10.5604
14.8814
8.19313
12.5947
13.9327
14.6012
10.9632
13.3325
13.3265
13.24
6.05149
12.1226
13.1402
12.6043
13.9841
14.1229
14.0069
14.0118
11.8116
6.69503
14.0292
8.70401
9.98969
12.2303
14.475
8.48117
14.2642
13.0558
13.6312
11.4072
9.97823
10.8423
8.68676
9.92177
13.6823
11.7214
12.59
12.1431
13.103
6.78661
5.95172
10.9224
9.02147
14.1988
12.0173
13.8201
12.9387
14.9844
9.0716
14.408
6.24693
9.87433
12.8056
12.2767
14.5993
10.7233
14.0806
9.50121
7.25757
10.1609
13.7376
9.72818
8.0867
12.6302
12.8306
6.40823
14.1372
14.0783
6.18098
12.1149
10.2568
11.8582
10.6747
12.3039
12.5844
11.0732
8.90249
13.3324
10.7894
13.0998
13.4352
10.1776
14.9967
12.6799
8.14613
12.1891
13.3212
13.1168
10.9475
14.0089
11.0034
11.4772
12.1561
13.7487
11.7895
12.0681
9.40621
9.65638
14.5324
9.96083
13.5797
14.654
11.08
12.9645
8.98184
13.2536
13.8426
6.02321
12.6517
14.023
10.2675
4.882
10.4867
9.22592
11.6325
10.4435
11.8436
12.7653
9.46043
14.4867
8.07954
9.98709
11.9207
9.44477
13.9501
9.77688
9.53396
10.7354
6.60687
8.94786
10.6279
14.5499
11.808
10.0214
8.18581
12.5731
14.124
11.2285
12.875
11.073
8.89221
13.2208
14.8302
14.8274
10.0591
5.9063
11.1532
13.3404
14.6721
14.2848
14.6443
12.6968
10.2155
13.848
7.59724
8.98836
12.8869
12.9418
10.2937
13.07
14.1178
12.8606
14.2808
6.34821
4.75708
5.40201
12.3316
14.5283
7.15894
6.83769
11.7243
12.7733
12.1763
8.1881
13.9172
13.7363
9.5089
11.9459
10.9227
8.36792
12.212
10.0855
10.8662
4.42788
14.5322
11.8447
13.1438
13.2322
7.71875
10.4018
10.1204
14.9166
10.2268
10.4315
14.2714
13.8446
14.8695
14.8552
12.1353
7.20385
8.86661
12.2689
10.4239
12.7235
5.01299
9.77745
14.2601
9.65103
11.9714
14.6187
12.0619
8.89352
13.5285
8.18888
10.9074
10.5058
11.4547
14.9903
9.82648
14.1045
11.496
10.8528
9.58079
10.6279
10.6629
8.26264
6.09253
7.9586
13.226
13.4306
8.9294
6.92257
11.8829
10.3834
9.3753
13.7586
9.03264
5.41566
8.59375
8.4693
11.9292
5.32722
9.41673
14.2598
10.0703
12.787
11.2267
14.5429
13.4204
14.7204
10.3691
10.177
14.7521
5.08929
14.7111
12.1167
14.4882
9.6276
8.52985
9.81231
10.2605
11.9386
14.5386
13.9556
13.0878
9.6808
12.2382
9.46578
9.28751
11.6791
11.7022
11.8251
7.53526
13.9748
13.6123
11.9466
12.0574
10.1966
11.788
8.27184
12.7161
9.09257
12.2017
13.8136
14.4618
12.4765
8.57824
11.8732
8.21907
13.193
8.76293
12.3832
11.0045
9.84393
12.585
7.11615
13.887
13.4696
11.7485
13.6221
11.5287
12.6541
8.29572
9.3909
9.83512
13.0623
8.01186
9.5755
10.7698
7.09698
12.9756
14.4661
4.89331
13.8848
14.113
8.35116
8.77388
8.47753
14.9813
9.8455
12.4129
9.21484
10.8212
10.3978
11.5911
11.4422
10.5353
14.091
11.2033
10.5952
13.972
11.9877
9.85942
14.3924
10.0292
11.8761
10.3285
11.7368
8.37843
13.5468
14.7504
8.88571
12.1722
14.1752
9.59121
4.81207
12.6143
11.5669
11.4859
13.9176
14.7674
14.6977
12.4512
9.78845
11.5694
10.8045
5.89343
13.7324
14.6992
4.47654
13.8866
5.09305
10.8152
6.2717
12.6308
11.8413
13.9081
10.5803
13.5324
10.7853
6.30011
14.1086
10.5379
13.9415
14.4707
5.82127
8.28793
12.9082
14.3367
11.7974
14.4914
12.3415
11.2304
9.26764
8.42908
5.33532
12.1862
6.34936
9.79606
9.57228
10.5266
11.7551
11.4336
12.3776
5.80235
13.9426
11.9059
5.90995
8.46511
9.02718
14.8192
6.83027
8.94155
10.3235
10.9927
14.1789
14.1308
7.04876
11.1476
10.9506
14.6924
14.3027
14.6594
4.52489
9.9997
13.4446
9.70319
10.4061
11.3955
10
9.8263
14.2742
10.4657
8.72697
5.12454
6.08517
14.7436
11.5843
8.78262
10.1141
9.33116
12.3183
11.8538
8.71473
14.2712
12.559
12.4023
14.7223
13.0783
10.9941
11.6168
14.7654
5.63151
14.3995
12.4655
11.9422
9.63873
10.6912
9.80459
13.1434
12.0371
6.25454
11.1858
9.52003
11.4099
12.1903
14.7416
12.4978
11.3046
10.8214
14.8663
14.0074
10.3113
10.5664
12.5354
7.37254
14.2807
5.41056
12.3688
13.1572
13.1231
10.7029
10.3189
14.2801
12.5252
13.3247
14.2339
13.4174
14.7531
8.84742
8.62818
13.8644
11.8949
9.46023
7.26225
13.1661
9.56886
10.9222
12.8718
11.7445
9.84047
12.383
7.66954
12.5535
5.55633
4.99988
12.8223
11.1546
14.7765
13.5677
12.4072
13.0881
9.67712
13.6074
12.1695
10.3217
11.0062
12.4063
14.9069
8.68065
9.78364
7.28052
14.4025
7.10531
13.6387
11.5885
13.8292
5.89019
13.3422
13.6909
10.4634
13.044
14.2224
11.7158
8.37039
9.647
13.9305
12.0309
14.9801
8.43924
13.2559
11.9917
14.0377
14.6475
14.5961
9.16345
5.5235
13.9606
8.73293
10.3744
14.5416
13.5678
14.4668
13.3143
12.8075
11.0048
8.55957
6.17965
7.13535
11.88
12.065
14.7153
12.8983
5.6297
13.867
14.0094
14.8518
8.9727
9.28537
11.6334
12.85
14.7064
6.29919
9.55137
14.8263
14.6822
13.404
8.69324
10.1726
9.18192
10.5548
12.9339
10.2489
10.0753
14.557
12.8942
8.55987
14.0573
12.287
5.0882
14.5904
8.00164
11.1645
6.45932
6.04433
13.4411
14.7394
11.7591
8.58289
11.6385
8.89031
12.2282
10.2652
9.98863
13.1329
10.9493
14.3901
8.46265
12.5073
13.8499
8.96575
4.77141
8.63018
6.21678
9.64831
12.5983
13.2242
9.5469
13.832
11.8707
9.7497
14.2305
12.6392
10.0846
13.5864
10.8888
6.2869
9.80023
8.26694
9.54887
12.4419
7.87547
13.9989
9.84295
8.05573
11.626
8.09755
14.5389
9.58246
14.66
11.1543
14.7592
11.1749
12.9681
9.83319
13.0725
14.1487
14.5934
10.2212
10.2933
9.81698
11.4519
9.72073
7.88752
12.4208
12.7272
13.4022
8.59715
10.0912
14.2296
8.85119
11.163
7.51391
10.1076
4.26822
11.1495
13.4481
11.7024
14.199
12.2625
9.31248
14.4586
13.4376
14.8731
11.1075
10.6899
7.66451
13.1335
11.9079
13.3764
9.63975
8.94299
11.1506
13.8706
8.34975
10.0344
8.79754
12.9903
8.29764
14.2952
14.9344
11.3904
9.7963
6.77736
13.5814
10.037
8.75958
5.85341
12.2628
9.5428
6.25793
11.8209
14.1792
14.535
13.7124
11.5563
12.2505
14.7184
14.7733
9.70478
9.96714
14.7078
8.60326
13.1374
6.11773
13.4791
6.46718
4.36938
9.3368
14.5267
14.8527
6.04127
8.45415
11.7697
11.4702
11.3779
14.5026
9.47441
13.4151
7.75886
8.72712
9.58242
11.1311
12.6131
11.6677
13.8519
13.7984
14.2764
9.27936
14.8527
13.7071
11.3735
7.18279
10.4144
11.0251
9.43877
11.8676
9.48382
9.46372
12.3314
12.9016
6.05653
8.88657
4.36849
10.5326
6.77803
9.90388
14.2852
12.0078
8.78913
13.8026
14.8919
13.3403
9.57897
14.9343
10.8828
8.99812
9.75407
13.2177
11.7524
9.49369
7.18649
9.39729
14.1997
13.0781
11.4936
14.8689
11.3662
12.8529
9.97136
10.4767
13.5021
6.17922
8.47143
12.5939
10.908
13.6899
14.4384
8.68673
9.55208
10.9348
13.5965
8.13721
5.02252
4.66337
12.9759
10.4207
11.987
10.2134
8.66284
13.4233
5.70847
7.90349
13.0752
11.793
13.8818
13.7842
11.095
10.4614
11.3013
5.40047
6.2572
14.8387
11.4314
10.7245
10.4477
12.4012
10.4515
14.1431
8.4354
11.9525
13.2543
13.4975
12.3433
8.61026
12.0924
10.3678
11.8784
12.7807
11.4803
13.7329
14.065
11.4444
11.2467
11.6026
14.5331
9.04275
9.29659
10.8622
14.0648
8.96813
13.837
14.9088
13.5131
11.3364
4.77983
14.3917
14.0988
12.3383
12.0468
9.37644
6.41819
6.44171
12.8907
8.38695
12.2951
9.96214
5.52818
13.8188
12.7397
12.5225
12.4738
6.18804
12.1912
9.01676
14.4333
7.74916
6.26439
14.663
11.7911
11.474
8.16362
9.88779
10.3556
14.3001
14.481
11.7512
5.41781
12.691
4.38919
14.7936
12.412
12.2075
7.11361
10.2154
14.6535
10.6381
13.7696
7.47084
12.0783
10.4676
14.9948
13.9937
9.198
10.8353
11.5359
12.6144
5.26743
8.49559
10.3909
8.54384
12.7331
6.347
10.9747
9.99848
8.33845
10.8888
11.7936
12.2403
14.3276
10.6928
11.5056
13.7289
8.91419
14.9614
11.7823
13.996
8.80315
6.25494
8.66457
12.7331
12.4846
8.45723
13.8744
11.4987
8.5652
11.2984
12.823
10.8367
12.874
10.603
9.81445
14.1594
9.14043
12.2614
12.6975
11.1218
10.1729
12.6026
10.3942
14.0189
13.693
11.0627
12.5034
10.7167
9.84933
5.96669
11.8792
11.8162
14.3053
13.783
10.7339
12.5443
7.7408
14.9132
9.18912
11.1435
9.94447
8.63493
11.5231
10.4491
12.2714
9.75637
9.13294
13.6253
10.9662
10.2191
7.54417
10.6959
12.0278
12.9317
5.58364
11.2454
14.6648
12.7778
14.6311
11.1754
13.0105
14.2272
14.1451
12.5628
9.06145
13.9124
10.4207
10.5458
14.77
9.91198
4.94259
11.3699
13.8506
14.3272
8.69307
7.5183
6.37048
10.1165
8.58148
13.4683
9.44402
11.4148
8.46419
9.39003
8.68105
6.37482
11.3483
9.9736
14.8556
14.9852
12.2066
12.6733
8.55313
12.8176
10.8062
6.28384
14.1385
7.66774
9.53092
13.1353
10.206
10.7967
8.31398
14.8832
6.87218
13.2679
14.3672
14.596
12.361
14.5002
9.48566
10.0605
12.1539
9.83084
11.9484
5.6153
14.3083
12.4066
14.8728
7.46126
14.7798
6.72106
5.23011
10.6037
14.8582
10.7193
7.5511
8.01843
12.8576
9.19432
13.151
6.23999
6.86733
5.73133
13.6944
8.51972
14.6295
9.78527
14.1074
6.10492
