9.99964
11.9624
10.5769
9.20756
6.78631
9.95212
12.564
9.10482
11.83
11.292
13.1738
14.0458
12.7324
7.35023
8.24414
8.55523
6.65346
10.268
13.7497
8.76503
11.5151
13.7619
13.6238
10.4912
14.7263
9.85294
13.1512
10.8162
11.629
13.9455
13.0516
13.0991
10.1798
14.5524
14.634
12.4122
8.47541
12.7343
12.1907
12.6638
10.3682
6.5607
6.70699
8.84617
12.7045
14.923
14.7785
10.3144
8.44905
5.54691
12.459
10.6702
11.7575
14.221
8.37596
12.0564
13.8178
13.0243
14.139
13.8074
10.6323
14.3613
14.2113
8.08566
11.0427
13.0802
11.1747
14.1298
10.8597
14.9786
11.3042
6.69162
14.0949
13.6253
12.7893
13.0354
11.9713
8.61588
9.10837
10.8942
10.7265
8.27391
13.9317
14.1546
5.8397
12.9063
13.0489
11.0099
11.503
9.38673
13.8598
13.1413
11.2578
5.58574
12.1539
12.0099
14.639
11.9927
9.80704
13.6393
14.1679
12.3547
10.0118
10.8142
13.7716
11.2796
10.8965
11.3692
13.1542
11.6436
11.0681
11.886
9.67029
14.6404
14.0639
12.2415
10.4278
12.5874
12.3556
8.57652
9.20026
8.64258
12.0454
12.1887
13.5642
12.3458
13.3207
12.1349
8.53572
6.06934
13.7088
11.1069
9.6397
14.4156
10.7616
7.04139
10.1562
5.23741
12.6339
13.5448
13.9061
13.8493
9.12327
8.91441
12.7256
11.9451
11.2606
14.9136
13.3019
11.0051
12.8264
7.88112
11.4043
14.5415
14.2037
11.0603
9.86051
12.9333
14.8878
10.9054
10.1165
13.1085
10.6425
14.8666
8.3334
11.7078
11.1301
12.4771
14.7632
11.1159
9.61462
13.0876
12.1122
6.23225
10.6139
9.49378
14.896
13.0989
9.56571
8.57026
9.63189
14.1978
14.4962
6.69791
12.2235
12.9063
10.8727
6.86539
14.1812
7.74051
11.2361
9.44639
12.7524
12.2937
10.7525
14.3249
11.7547
9.33544
12.6372
14.0595
11.6988
10.284
9.57157
11.5049
12.8329
14.6304
11.5577
13.5526
14.6249
12.4048
12.9883
13.8104
7.06243
14.9752
14.9795
10.2315
5.05095
12.4366
14.5711
11.6051
14.1065
13.2384
10.4304
9.87101
10.5054
14.071
10.7994
12.7796
13.7584
13.5461
11.4998
14.1416
9.74117
7.85187
14.9473
10.9683
10.9612
5.99454
13.7906
12.2314
6.24382
11.6256
11.8532
14.7587
9.00155
12.3143
10.9631
14.3884
11.9015
11.4757
9.15361
8.17229
14.0249
12.4422
11.8151
14.9175
10.231
13.8756
12.9445
13.4935
14.5595
14.7844
9.4241
11.4941
9.74313
13.4806
9.89801
12.9316
10.9752
14.6229
14.6696
12.5972
13.3029
9.88754
9.78027
10.0322
14.2851
12.7279
9.99166
8.88744
9.49014
14.4011
10.1687
10.7577
13.065
12.3345
8.25453
7.20596
9.16848
7.1916
10.035
11.6323
9.60522
8.93642
11.3013
14.9476
10.7448
8.36329
12.6696
14.785
12.4759
11.6397
10.0117
10.5773
10.6818
12.0418
9.16332
11.6443
12.1483
14.2858
14.4646
8.12801
12.063
14.3533
9.12002
14.8777
13.5558
6.38212
13.0914
4.25255
9.47413
8.30709
12.7778
11.5349
9.89019
12.5845
14.966
13.6658
14.2944
14.6084
5.81587
11.262
5.32331
7.97973
12.7389
12.2034
10.4919
12.6974
13.3435
9.45181
12.7884
11.6611
5.92453
12.9837
10.803
13.9819
12.6133
12.653
12.4569
6.2505
9.36976
12.2566
6.1872
6.6054
14.7924
11.5646
14.1526
12.8294
10.2934
10.2768
8.79078
12.8573
14.1856
13.9222
13.7985
12.6724
14.4599
8.7295
12.3154
9.70146
11.4023
11.8218
14.562
14.7702
10.4558
7.75093
8.71315
13.4622
13.6365
12.2985
10.526
13.0994
13.1666
10.8681
11.1061
13.865
14.4389
7.82274
11.5405
14.7066
12.2469
13.2141
7.26469
14.4198
9.70469
14.2391
8.29671
12.1893
13.127
14.7721
14.8401
4.14232
14.911
13.8218
12.7255
9.8142
6.02779
12.4916
6.28358
9.9751
6.71483
12.0361
5.0688
9.68569
8.47779
9.68013
13.3693
8.89488
12.4802
13.1121
7.62567
9.10443
10.1392
13.3685
6.38174
12.7787
13.4842
9.98539
13.5792
9.77281
13.3856
9.74665
12.7712
10.3507
14.2146
11.1873
13.1264
12.7432
14.8636
10.3945
9.7569
8.87935
10.5654
11.5356
12.7746
12.0384
11.4697
10.8369
6.30288
7.44854
11.1191
10.9047
9.73897
13.5112
6.54572
5.84086
10.0086
13.4903
12.2423
14.904
13.6088
13.7351
8.59773
9.11354
11.2118
12.2566
13.6241
4.71315
8.77966
9.87956
10.7757
11.0443
13.0321
8.51994
10.286
11.1709
13.8984
9.53406
7.16751
14.9513
14.7299
10.8475
14.8052
10.6046
11.5433
10.0506
5.7917
14.9735
8.49742
10.5128
12.709
14.9046
6.15674
11.4786
12.9925
12.0812
11.2688
9.53056
14.1233
10.1387
14.9032
6.14319
14.361
12.5246
8.52697
8.72023
6.16159
6.24912
12.6137
8.30439
7.8406
5.52764
14.1667
13.9233
11.0295
10.7894
10.8008
9.74465
12.0686
5.89653
5.65721
13.4614
10.7099
12.7356
13.4084
5.83298
10.1815
10.4629
13.53
11.7607
13.8879
14.0446
10.9352
11.1781
14.0348
6.94292
14.7505
11.1745
14.2778
12.4223
11.988
11.6452
11.9241
12.0746
11.2654
10.2295
12.8585
13.2449
14.2286
7.90418
13.2667
10.2141
10.0177
13.6765
8.70564
10.5523
13.4251
6.90807
8.91934
8.77716
12.5969
11.9978
8.59486
6.00482
8.76482
6.14786
6.19256
14.6083
14.2664
12.6175
13.2902
9.96901
6.31264
6.70007
11.2913
7.53735
11.1794
5.52135
9.09376
13.5859
9.60696
14.5801
11.7231
12.7339
10.526
10.8402
7.84227
8.78421
11.1648
11.4944
10.921
13.8363
4.51462
14.9134
11.2367
10.8335
14.8058
5.6184
9.32468
10.5815
11.0665
6.96253
12.8028
12.449
7.73725
14.6406
10.2388
14.8238
8.23329
12.846
7.53574
10.5974
13.6211
13.5024
13.5318
14.527
10.005
11.2715
10.6773
8.75436
11.7628
12.7052
10.9264
14.8624
5.73192
5.53677
13.9123
8.74705
13.6045
12.8533
13.0402
11.461
7.99559
5.89803
8.62358
6.11823
11.6006
10.6062
5.14882
13.991
12.4734
9.64539
8.9849
8.79539
14.9514
12.5883
6.31819
7.38451
12.3779
8.53805
12.0397
8.48114
14.9128
11.1243
14.9355
13.7512
8.82711
10.9888
13.6953
12.4392
8.69782
9.66549
8.7466
5.93432
13.1833
14.7823
12.0331
5.33273
12.8729
12.7124
8.22792
7.02191
10.5771
14.7206
11.3549
13.6779
10.9561
10.8971
11.0986
6.72014
8.85271
10.503
9.98458
9.40678
11.7366
11.6511
14.7495
12.8131
11.9918
13.3748
10.1591
14.7366
9.6203
12.7985
10.7717
10.289
11.2469
14.6385
10.8294
13.4151
13.2462
13.5822
9.9076
10.2476
9.41195
10.8323
8.30574
13.5577
11.1768
10.5751
14.2863
11.6743
10.8597
10.2302
10.3775
13.8164
12.8166
13.3036
10.0203
12.2588
10.3455
10.2672
11.6235
11.8203
13.2208
9.46958
13.1136
12.6001
9.87831
13.64
13.7265
12.9217
9.12996
11.2962
13.1166
11.8786
10.2023
6.29859
13.4642
9.925
13.202
13.1417
13.9199
13.5418
7.60773
6.3443
10.9569
5.24593
9.31288
12.8623
11.3292
12.0704
5.35236
13.0272
8.90143
9.74088
13.7947
4.5085
9.5051
12.8088
10.9659
7.9815
13.9644
10.1849
13.2319
9.5463
10.0029
7.34219
13.7399
5.27538
5.47288
13.4149
11.8515
10.0485
7.3033
8.74024
9.51969
12.6426
10.9517
10.0797
14.7125
11.5067
12.7923
11.7479
10.9024
6.04651
10.0012
12.0101
7.07663
10.7701
10.3696
12.4204
9.21019
13.0476
12.4331
9.11899
8.91322
12.3179
9.91082
14.4462
14.955
10.7753
10.03
11.0443
12.4614
13.3801
11.516
14.4534
10.3801
7.76751
8.54253
10.4555
7.51531
9.20996
13.5443
6.2524
14.1824
9.32167
12.247
13.6245
12.3051
14.5151
11.7034
14.0072
12.4682
14.6019
12.0693
7.39074
8.72975
9.10579
12.5291
14.839
14.0622
11.7065
13.1462
10.5036
10.6286
14.3442
12.4836
8.45606
12.5411
13.53
10.3598
11.6958
11.2417
8.81801
14.3488
12.0415
14.7586
11.5089
9.92509
8.15963
12.5079
13.7417
9.3361
12.2241
6.03047
6.26537
13.0208
9.76492
11.9405
6.07804
13.0508
10.3444
7.61353
12.8273
12.6848
14.4353
7.72721
7.73605
10.4806
14.7517
8.73771
11.9823
12.1558
12.0323
14.0704
9.82325
14.1456
10.2594
11.6024
11.5875
13.2732
11.0053
13.2492
14.5743
10.1632
9.98386
10.2524
9.00755
13.1687
14.7665
10.7318
14.7346
11.5776
4.97485
9.74437
11.0426
14.545
9.43069
11.6456
12.6757
6.11368
9.69428
11.666
9.32171
14.3982
4.09824
13.8495
13.3716
11.5494
13.6392
10.0929
12.0819
8.20095
5.44685
11.2342
6.99949
12.7862
9.88314
13.4221
13.8098
11.4142
8.90592
12.788
11.3866
9.25655
9.38588
10.2639
12.0689
8.8889
14.4687
9.62326
14.1591
14.7637
14.7627
6.60016
8.62789
10.3136
8.82009
10.6699
10.8438
8.08987
5.20231
11.6886
13.6898
10.916
12.4997
13.9872
14.8413
14.0066
14.5919
14.7233
12.0674
14.1522
12.8263
14.5437
11.1416
10.4021
14.617
11.5209
14.262
13.8766
12.2158
13.6661
11.5169
5.61581
11.5125
13.4949
12.2937
14.4007
10.9155
5.77575
12.9518
10.8435
8.511
14.9533
9.32525
12.9365
13.8363
10.8345
6.05811
11.3276
14.6843
14.8651
4.9329
9.20219
9.85779
6.48537
11.7117
6.87387
10.4022
11.5041
10.7855
12.2184
9.63425
13.1248
12.8628
10.9614
12.5094
10.4344
8.67537
14.6368
14.2228
13.1717
13.655
14.5346
5.32848
8.3366
10.2911
6.83311
10.1093
9.69091
13.3312
14.523
13.9419
12.4076
13.5858
13.865
14.5644
11.607
4.92244
11.7205
8.79522
13.7154
14.2222
13.0759
13.4011
10.468
10.5606
13.9805
9.81674
14.026
8.71668
7.46089
8.72739
13.8329
14.6552
13.2548
8.65653
11.6904
14.1934
6.32743
10.995
11.4522
10.9349
10.4246
13.7906
11.3977
6.7187
10.2811
14.104
8.44414
14.5518
11.2202
12.2193
13.6296
5.38799
13.8329
14.2853
8.53248
11.7695
9.82413
14.1444
13.6337
11.1789
9.51907
8.61209
10.5049
10.0184
10.8419
8.98384
14.4774
5.05201
14.9154
14.9423
13.2203
8.65728
10.566
9.50978
12.671
13.4928
13.231
10.6586
6.61131
13.0744
9.99557
9.99219
8.71318
14.0297
9.68697
9.73698
5.08063
9.76173
13.9081
9.80582
5.42315
14.268
11.509
12.9777
5.55807
10.0657
11.7217
8.47707
11.7515
12.5841
14.3753
10.9461
14.4339
10.8377
14.0593
9.66205
7.88731
14
14.4134
12.6404
14.2059
8.58546
9.93365
14.1985
6.87536
14.0676
6.1927
12.2818
14.1931
9.87026
8.68976
12.5163
11.0294
10.5331
9.27009
13.5011
9.71336
8.72114
14.6311
13.7179
11.7949
14.9537
13.1789
14.393
14.6954
9.64462
11.1104
14.234
13.2636
4.61355
14.3882
9.59073
14.7292
5.52396
8.46791
10.5585
10.5529
6.5023
8.76467
8.10593
13.1289
6.37216
13.43
10.955
14.5429
9.04078
14.6383
12.2748
10.5201
12.6855
10.4395
6.25306
8.61069
14.8385
14.4882
14.0573
9.60801
12.5017
10.1301
14.3294
14.6099
7.67992
5.90379
9.54994
9.83952
12.3463
12.4841
13.9871
12.7189
12.471
5.89825
8.84808
14.2547
14.7274
14.7054
3.95564
10.6974
10.1244
14.9461
13.9645
8.97227
13.1268
7.72183
14.6108
13.7542
5.51223
13.9311
12.701
14.372
6.60016
13.1222
10.808
10.2438
9.41601
9.5562
9.35065
13.9593
10.968
6.24426
12.5703
12.2526
9.64371
11.4443
8.26231
10.7098
8.99224
11.2658
13.2933
9.02439
10.9162
14.6437
12.3219
12.6526
9.45299
7.85078
14.4425
11.5597
11.4655
10.1644
7.84115
13.1523
11.9524
13.4604
6.18539
5.61988
10.138
12.5689
10.9367
12.5709
11.6752
12.4908
9.13526
12.544
12.233
14.1415
9.58695
12.4128
6.62447
8.14923
5.85704
14.9123
14.6046
8.63817
10.0899
7.42999
11.5083
9.60466
14.6851
5.15872
14.2231
12.29
13.914
10.5704
11.0847
13.6563
13.0844
13.1116
11.4982
14.8501
14.871
14.7964
10.7378
13.2218
14.5959
12.8306
10.2656
14.145
10.3539
10.5199
12.6471
12.9636
9.71793
14.6346
13.2316
10.5718
12.7639
9.84165
9.92753
13.1308
8.99395
11.3055
9.84529
8.64937
10.0121
14.0303
12.9003
6.02761
10.8012
8.60033
10.9428
14.6803
9.43754
12.6263
14.6237
12.4669
13.9611
9.69563
12.3573
12.6025
14.0594
5.21793
12.1988
12.4953
6.21679
6.233
4.20086
9.8027
14.2217
13.4983
7.86261
11.8881
13.593
12.9835
14.7645
9.3429
14.0776
10.958
9.70216
11.8169
9.96842
7.10039
11.8277
12.5553
14.3676
14.7263
7.25018
6.32787
10.4716
13.8247
13.2248
9.61335
12.3021
12.5477
14.6794
6.12094
12.698
12.2989
13.7273
11.5757
10.3402
14.0513
14.8597
10.2362
10.8478
12.6944
9.72258
9.94725
14.5874
11.4865
13.5943
14.6302
11.0803
12.5351
11.6306
11.7613
12.5024
13.2445
9.3769
7.06933
13.569
12.7191
13.1149
5.1336
12.1934
11.6229
6.19935
13.129
4.88761
8.48648
11.6138
5.16058
7.57604
11.2585
11.3451
5.29157
13.2565
11.9342
10.5554
9.35918
7.25134
14.4013
11.6997
10.2689
11.9775
13.2958
9.05787
4.8083
12.5592
8.74938
9.82219
14.7636
11.6213
10.667
7.10412
10.4798
8.58141
14.3813
10.7313
13.3788
11.5225
12.8425
13.0109
8.01997
6.25043
13.1713
14.5177
8.03233
10.1951
14.3421
14.7766
6.07013
11.4243
9.49651
12.2421
14.1453
12.0754
5.04207
6.61811
11.2317
6.62679
9.24939
7.8841
9.93977
13.8532
13.9264
9.4076
11.9124
13.7945
10.4012
12.9586
14.1499
14.6404
8.56735
9.52648
10.6366
10.6813
8.38303
7.42232
11.8993
10.1449
11.2527
13.1242
12.3232
5.7803
10.4877
12.0126
8.63504
8.62923
14.9042
13.9296
14.4089
11.4954
12.7069
11.9115
6.61612
11.2176
7.4654
10.3499
10.6157
10.468
8.30099
4.23669
8.62578
10.8846
14.9716
12.0383
11.0124
12.9244
7.94108
11.9425
10.2698
14.4919
14.9465
8.83434
10.7064
10.4911
12.1481
12.844
5.15148
11.6226
12.3537
14.1871
13.2363
13.1547
7.39986
8.42633
6.69294
9.32171
9.76892
10.6881
9.98951
10.2655
11.2335
13.5843
10.4094
9.41154
12.9467
9.08679
10.7287
12.3328
11.6797
12.8778
11.3914
12.4894
13.9074
13.5724
10.6953
9.15896
12.5871
9.85323
14.4888
12.9505
14.006
10.098
11.1514
7.48348
5.08787
12.5276
5.73563
11.022
10.6527
11.5331
8.30563
10.6381
6.91398
13.0976
13.3219
13.7146
11.921
12.7199
11.9699
10.4757
11.2555
7.50207
9.36281
12.3245
5.28339
8.1587
13.1577
12.7455
13.1227
13.3724
6.86528
6.47557
14.84
6.91904
14.3251
11.3893
14.1416
13.7179
14.4623
8.67413
13.8327
14.587
10.353
14.6297
14.8419
6.56243
5.91234
8.90372
6.32917
9.75436
14.572
12.0928
13.5111
14.6229
10.9259
14.407
10.6308
11.5596
14.5724
10.6494
12.6237
11.7041
5.97878
10.3397
12.4905
12.1969
11.037
13.5154
12.5007
9.80655
13.6194
6.84424
14.7281
13.345
14.8845
14.1094
9.48946
9.84061
8.58507
14.4312
14.136
9.14772
8.81019
13.8025
11.8762
13.2219
12.0915
8.42757
8.8123
11.7703
13.5671
13.4872
10.8795
8.6304
14.2971
13.5772
11.1138
12.7465
7.56495
13.5293
10.5186
5.58316
11.4469
10.7109
12.9869
13.8961
13.1421
11.2486
12.8049
12.4261
10.8299
9.71651
12.4393
14.2819
11.604
14.699
12.3705
11.4857
10.3745
5.35762
14.025
14.2493
8.95672
12.5881
14.9959
14.7566
11.944
8.33912
11.2148
4.78068
10.3569
13.7039
9.60673
9.24813
12.2283
8.8694
10.5108
6.31968
11.837
12.3352
14.7189
10.9471
9.98811
11.9537
14.5698
11.8284
10.0725
14.2622
14.0315
14.358
9.21458
12.8976
6.61981
11.9162
13.2912
12.2906
14.2377
14.315
14.5399
6.7888
10.4767
14.0572
13.7091
13.1494
9.67971
12.5427
10.7154
8.92404
12.3601
11.4393
14.8726
13.0754
14.8267
9.12214
14.8878
12.0332
13.2821
12.1132
10.1598
11.4406
14.3689
14.0855
13.1724
10.5003
14.4276
14.546
7.252
6.4892
4.94075
10.2123
7.29846
12.1277
9.90619
8.33797
10.1043
12.2901
10.3434
11.6054
11.2485
11.0498
13.3385
14.9902
11.3493
8.62645
12.0937
13.9822
11.0229
10.0713
11.6135
14.2149
9.94062
9.96474
8.23911
14
14.7372
12.2368
11.3723
8.41559
12.0302
13.5381
12.9839
11.8342
5.83349
9.9239
14.1538
5.90122
7.9165
12.8499
11.0293
14.5184
10.3923
12.6851
12.3616
10.5492
5.92282
13.2364
14.8326
14.4591
10.7419
14.517
13.5174
14.4309
12.2516
12.4374
12.3461
14.9833
6.40121
10.7899
7.84756
12.4642
11.9758
6.05498
9.54975
9.38789
14.5556
7.22922
14.7709
13.265
9.34875
10.4681
8.13737
9.53249
12.6052
13.5022
10.5066
8.44315
10.4547
10.8947
10.7687
11.9764
12.8145
8.74162
12.8223
12.1543
14.8693
13.3427
6.27251
11.9316
13.8644
10.0639
14.7661
9.87564
5.67816
12.1352
7.43986
10.8645
6.31659
8.56463
13.1651
10.2732
14.7126
10.0284
8.14467
5.76901
10.3116
7.02177
11.4509
10.1776
14.0686
13.6569
11.0544
4.6884
14.9622
6.56356
5.54357
13.3404
11.6373
14.7316
10.5206
10.6646
14.847
12.2406
11.7316
13.4662
14.4182
13.6418
13.7509
6.95466
10.5911
13.858
9.0046
13.1845
12.6155
6.62604
13.2183
13.2993
5.17688
7.81141
12.0421
12.2134
10.772
13.3706
13.9481
10.7082
8.36512
12.5486
13.856
5.70105
10.6904
8.44264
6.38724
8.52479
10.9972
9.67162
11.5119
11.1564
9.66831
9.9285
14.7323
9.8715
13.3877
14.1262
9.62809
13.8955
12.4835
10.6286
8.41858
10.9854
13.92
14.7488
11.2597
5.13359
9.3396
7.77794
13.9711
7.01598
13.7348
13.0921
9.22587
11.6303
12.2644
10.013
11.4044
9.27478
11.6162
4.86244
8.64087
13.9973
11.109
10.6688
6.16846
12.6022
7.85367
12.681
8.68257
5.94207
8.47722
12.003
13.2739
13.224
9.35461
12.7743
14.858
10.68
9.83047
14.0559
11.0936
7.43496
6.61384
14.6634
10.3551
5.3501
10.798
14.0904
11.3108
14.0254
11.016
9.62316
8.85098
13.1821
9.67859
6.60029
8.0196
13.1122
11.495
14.3984
11.9403
10.3708
7.77854
13.2016
11.0893
10.6858
10.4598
11.3726
11.2403
10.3776
10.0959
12.8162
10.7593
8.25425
9.59325
12.7726
6.09098
8.09008
12.7879
13.2066
10.1826
13.2246
14.7652
14.5711
13.0598
7.98137
6.21998
11.2666
10.8979
14.7707
8.37502
10.8362
12.9734
13.1224
11.1768
12.7277
14.8916
14.8801
8.41772
7.26913
10.4879
9.06445
14.9525
6.33971
13.3245
10.0215
10.2221
12.5293
6.89225
14.4232
14.8329
14.6415
11.0873
10.7292
10.7926
7.82584
8.78831
9.31821
11.5621
12.362
12.6344
10.2805
6.29276
13.5794
10.1571
10.7224
10.5572
9.84554
7.14899
10.8911
13.3599
13.1865
9.4039
14.7939
10.2547
14.9938
12.531
10.1365
10.7113
10.719
14.705
11.9248
10.1831
14.2727
8.08514
8.10844
14.8302
14.1844
14.8041
14.2016
9.73863
7.53953
9.50226
9.97661
5.68958
8.32636
8.78029
11.323
11.036
14.8462
12.6765
13.183
13.7734
10.9854
11.696
9.03539
9.32101
10.4173
13.5133
11.2302
8.58998
12.25
13.1712
12.9105
10.1833
6.64894
8.92253
14.7452
13.3617
5.35072
10.1789
8.78643
10.2266
10.368
5.47977
14.1234
6.60399
9.96904
12.3016
6.58828
12.9077
9.42553
6.67591
13.4407
10.4267
14.9288
8.3642
11.398
10.7916
10.2912
12.1384
10.0422
8.70188
5.5516
13.0043
11.8636
10.4847
9.88816
8.06855
14.12
14.3095
14.6419
6.33473
10.5536
13.6039
11.5302
14.7989
11.4143
12.5072
14.6092
9.8938
11.0316
6.18669
10.4843
12.9949
5.59171
13.6289
13.2282
13.3435
8.90068
13.1359
9.13094
12.0508
13.0371
13.018
10.4095
8.14387
7.93323
14.2214
9.70165
10.3811
9.64755
11.0205
9.16477
9.99708
7.94665
14.2016
10.4224
11.153
11.2577
13.9421
6.65992
10.0076
13.2033
12.2108
7.94853
11.6227
9.82866
10.9886
7.33352
13.2653
12.475
10.9616
14.1067
9.83768
14.2427
10.9565
5.77784
5.55371
7.99869
9.85505
12.2825
11.3728
14.5198
7.24838
10.6886
13.849
5.79715
5.26542
12.4722
7.68443
8.81041
6.47577
5.67509
14.0111
7.80352
8.24992
5.50219
14.046
8.37134
14.8479
11.2795
14.464
13.5841
8.63387
8.9607
10.2078
9.99965
10.9857
8.90226
12.4628
14.3539
12.5972
12.9931
6.77247
5.78122
9.42982
11.7556
14.2504
5.9255
10.2737
10.7972
7.55035
14.5649
8.69038
6.85229
9.50587
14.1154
7.58329
6.19546
12.0507
14.97
14.9625
10.2642
5.76512
7.7835
12.7191
12.4072
11.4969
6.32433
12.7533
11.3095
11.4035
11.7071
10.1276
4.48819
12.5321
14.8412
11.3805
5.89799
11.8057
9.81224
12.5494
12.2063
13.2731
11.286
8.71771
7.78535
9.44995
10.4276
14.4362
10.0601
13.6453
14.6634
14.9691
8.53505
13.6653
9.21653
8.54559
12.8096
9.55862
12.9741
9.48236
9.82829
13.9639
5.25126
13.5985
13.4792
11.821
14.1448
12.7952
12.5777
11.1135
12.472
13.5366
5.71161
9.68367
6.11835
10.712
14.5602
10.7358
13.6936
14.9215
13.391
12.9264
10.4604
9.64191
12.4022
7.52417
14.5757
14.0844
12.2194
14.5069
14.4575
12.1725
14.2021
11.1031
5.78853
12.0707
9.63539
10.7803
11.9163
8.82888
12.0785
13.9683
13.633
6.719
10.2178
14.2462
6.48262
13.3102
14.6143
13.9783
11.5879
13.1756
10.2419
9.37841
13.7682
13.4115
13.3864
12.4255
11.5618
14.7931
13.4311
11.69
6.49976
13.4412
13.382
8.88418
11.212
10.4795
13.6456
14.9624
13.1828
13.1093
5.9259
9.80028
13.9121
4.66497
8.78124
6.01376
12.5041
10.683
12.9442
11.3925
14.6487
13.6079
12.5957
11.0189
7.13609
11.145
11.5132
13.8532
11.3369
7.61039
12.7667
7.66961
12.9685
10.6382
10.5319
13.677
11.4355
13.647
10.2231
9.54866
5.53182
9.80297
8.56458
9.68935
8.25946
11.4203
13.9232
12.5827
11.2266
12.5821
11.8329
5.6574
10.2003
9.98357
11.9135
10.4188
8.56887
5.52519
14.6422
11.3757
13.0988
12.6946
11.7894
4.9929
13.2998
9.57252
6.73455
11.6955
9.78798
11.3619
14.1667
13.644
12.137
11.0182
10.0108
9.52522
11.0372
11.8346
5.49823
10.1849
12.2676
10.3856
12.0947
12.2146
11.955
11.8571
10.2908
8.28202
14.9502
14.1977
5.2171
10.6153
9.13944
12.5622
11.5421
11.3613
14.8103
11.1607
14.0094
9.56764
13.4998
10.22
9.88625
11.9179
13.0084
14.7315
10.1715
13.8859
11.1995
11.0603
13.0492
14.6531
11.4169
13.2583
7.62041
12.8697
4.95363
11.6374
13.437
14.406
14.5053
10.0886
8.55264
8.30648
11.2605
12.2381
8.93695
12.1541
13.3416
13.3656
11.3336
13.6972
14.8257
8.83485
9.029
13.0425
14.4212
11.4353
13.4198
7.73161
6.60173
13.3972
8.65051
9.97584
9.96876
7.20677
8.80912
13.6711
9.26861
12.6413
4.89484
13.7175
14.6442
14.2485
10.0856
12.1965
11.1942
9.62503
14.2482
10.6896
10.6545
13.2205
9.74377
11.287
12.4724
10.3282
10.4545
5.64237
11.9693
13.1959
9.60068
8.20129
11.4649
13.6963
5.37366
9.31757
12.4713
7.91376
9.94718
12.4503
10.553
8.52407
7.19141
12.0981
11.0093
11.9994
11.575
8.9263
8.24045
13.7524
14.9993
10.9006
14.9025
7.30758
11.9287
11.1915
5.97919
9.81548
13.964
10.8855
13.2929
12.1988
10.166
13.814
9.45378
10.486
12.9713
9.88859
13.3646
12.4019
5.61827
6.06276
13.1765
14.1404
11.2552
10.1331
13.71
14.9925
4.97077
10.4937
8.94082
13.8271
4.86603
5.84089
12.5517
14.3375
12.2147
9.01113
13.034
10.0967
14.3707
14.353
14.8303
14.8948
13.2485
7.03693
8.85124
14.3682
8.72281
6.81133
12.8533
14.6818
14.039
12.9795
6.30485
10.6459
14.466
14.2159
10.5597
5.71861
11.075
14.3275
5.85628
9.04843
8.66589
9.56741
8.04416
13.3588
10.7539
8.50642
6.32619
11.4238
14.1386
13.3614
12.0928
10.8313
12.3197
11.5189
11.9331
12.0584
6.85659
14.8177
9.42528
14.3973
6.31583
10.3879
11.1143
7.18307
13.3199
14.0426
14.6879
13.3201
13.8671
9.27592
10.9047
10.9815
7.97292
9.97257
10.8563
12.0407
11.002
6.97354
11.6181
10.5772
10.6215
11.6873
9.99505
10.6924
10.5781
6.65068
12.0861
12.2385
12.7836
14.9791
7.69007
12.733
10.3994
9.45952
11.6504
13.7674
6.06233
9.7156
10.0528
11.5888
10.6737
12.5898
14.926
12.1124
7.47414
6.80092
10.2395
12.9806
11.9188
14.4361
11.3251
13.4447
12.7019
4.77319
6.11096
6.15407
5.95941
13.5149
9.33678
13.7073
10.7831
14.4779
14.4948
10.2432
5.67761
7.53413
10.2033
9.08654
11.9384
13.5914
7.10547
11.9555
4.5864
6.13894
10.973
10.8999
14.337
10.8214
8.37768
13.5281
13.7773
6.08296
13.0729
9.69918
12.9053
14.2939
6.03892
14.0859
8.2666
9.89574
14.313
10.6415
7.80166
7.70645
10.0011
9.59428
13.2441
10.5132
12.3968
13.5197
13.1874
11.9049
12.2845
9.91968
13.9228
8.96383
8.14646
13.8526
11.0415
9.13139
10.537
10.8436
12.0506
13.1265
12.0947
12.3614
14.9148
11.3048
5.52223
9.28608
6.81346
5.33466
9.61683
12.373
7.16496
9.78122
13.2849
6.07141
11.2636
11.809
10.1137
11.5318
12.9765
10.5608
10.5776
9.77474
14.8871
12.7126
12.008
10.9987
5.90369
9.84342
8.08831
10.7857
6.8888
14.2962
12.7385
13.0365
13.1886
11.438
8.64921
8.98687
9.70548
11.2894
9.31893
10.4888
12.4669
9.21011
11.7402
13.8832
14.1502
14.0611
6.55723
11.8911
12.2547
8.06909
12.3279
11.1889
12.8359
11.7031
13.8276
11.7534
11.3713
11.3945
11.1024
8.45906
12.7088
9.2578
12.9071
14.8029
8.91752
14.8604
11.8835
8.29697
10.6272
11.9581
13.4924
13.3877
13.5523
10.7787
13.1491
6.08838
12.4655
10.9294
14.6319
14.7141
9.3014
11.2224
7.03993
9.20147
14.2603
5.49383
13.1987
6.81919
10.6585
12.1455
5.5544
14.9219
13.0259
13.0065
10.2327
8.04599
8.51497
13.176
14.6019
8.07768
10.2675
8.40632
12.9025
14.8323
11.902
14.265
6.92945
9.83661
12.9057
11.4771
12.306
13.8555
11.2461
10.9575
12.6104
11.8883
12.9672
12.69
11.3998
11.3556
13.6795
14.0099
12.4493
14.7169
11.8179
6.14722
11.1917
11.3475
11.1944
11.3933
14.4881
14.899
12.1951
13.5735
7.03478
7.20876
9.60069
11.5845
10.5417
10.9984
14.2912
13.4393
10.7404
6.12128
9.4791
10.5474
12.6826
14.1066
11.9244
14.2977
8.87141
9.99557
11.5826
8.98071
11.0872
5.99224
6.70871
10.3283
9.05796
5.77504
13.8053
11.8275
7.5705
9.46804
12.6919
10.0115
11.0026
9.08829
8.23108
10.47
12.6445
10.1754
8.79495
11.4159
9.24934
11.182
12.8921
11.9863
14.5083
13.2366
13.9619
14.008
7.48219
11.5673
10.2637
11.1951
8.83925
13.2886
12.4949
14.5055
10.0334
10.343
12.6472
8.06606
10.1128
13.9855
7.59107
14.0738
10.6892
7.13371
14.9006
13.7861
14.0453
10.2256
9.20331
13.9469
6.27369
14.5287
12.2325
14.9795
12.1389
14.5319
12.3814
13.1454
8.06391
11.6108
12.9671
14.2157
11.1106
12.9267
6.82482
8.99612
10.0213
11.949
10.8832
9.83122
10.7621
6.95005
8.68098
11.8236
11.9162
10.6487
11.0154
9.95051
4.8274
14.0755
14.8826
11.7419
11.8517
14.248
10.8781
13.3519
14.9026
10.6903
7.89783
9.92855
10.726
14.8882
6.45928
9.76346
11.6233
6.65613
11.978
9.43011
6.63674
13.2356
11.8683
8.12866
12.5885
13.8278
14.5619
11.3369
13.1107
9.79416
14.866
6.81064
6.25101
5.74262
10.7068
9.53664
10.7198
11.0248
9.94494
9.96961
11.3143
11.1129
6.26458
12.8693
6.21186
10.0052
12.2716
14.8769
8.2085
9.06241
6.49849
12.6117
8.12973
6.44171
9.71852
10.4279
14.2586
6.14346
12.6877
12.0726
14.6625
10.5283
12.1011
10.3821
13.7646
5.95049
10.8285
5.24769
9.71742
14.2481
11.2182
14.0452
6.81204
10.3669
9.48271
14.6084
12.0081
9.64426
12.1797
13.7003
9.00102
8.40363
13.096
10.8186
14.4339
13.8091
11.2801
10.3082
13.8617
9.36474
5.29066
8.83288
11.3553
11.4104
6.36886
13.2926
13.8054
12.5616
5.28156
12.6817
14.0778
12.3841
11.3856
10.7203
11.8812
10.8152
9.3092
7.19745
13.6893
6.45256
10.4141
12.3812
9.6671
11.8313
12.4766
13.1844
13.2916
13.599
8.6677
6.94414
8.24013
13.3873
12.2938
6.76472
8.5045
12.7864
7.76785
13.9122
6.29128
9.33204
10.0086
14.4122
12.8787
10.9515
13.648
12.5787
14.7935
5.74772
6.53395
12.0676
12.2314
14.2996
9.77984
13.5055
14.6791
5.84995
10.2869
10.5564
12.4905
11.6324
13.4364
14.5928
12.8043
7.25546
10.0378
9.8794
8.27436
12.4616
9.34808
14.8184
14.2633
14.188
5.91548
5.99233
8.88355
12.1513
14.1978
9.65507
10.3446
14.7841
10.0235
11.5742
9.09656
8.63948
9.86125
7.81232
14.2941
14.9159
14.0069
12.8247
10.4534
6.81265
11.6214
9.84047
6.42314
11.2665
10.9575
10.1728
12.7506
14.8627
9.29985
10.1704
9.34913
10.9861
8.66645
12.1802
9.38422
5.61455
7.00639
9.0756
12.7745
6.9078
14.709
12.5576
10.8393
14.0605
14.17
14.6192
11.0673
10.2038
6.27547
9.23718
14.42
6.93067
14.6791
8.3052
9.92842
13.5484
10.2664
13.2749
13.3727
10.4191
14.3507
5.56921
9.73978
7.96571
9.48362
10.4513
7.35553
9.78705
13.6587
9.29406
12.697
12.2073
12.1916
10.8588
11.1314
11.2709
5.62379
6.67964
6.0409
12.7142
6.31742
14.2291
8.30032
13.5227
5.53012
9.13397
4.78291
11.2695
12.3012
11.2515
10.633
7.87404
9.58929
14.3588
10.8951
13.7732
13.7367
13.7248
12.6667
13.4912
14.6896
10.2547
13.5721
7.74069
14.3539
14.7549
14.57
10.8545
12.0873
9.95834
10.6024
9.93187
5.3544
8.09096
14.4834
12.9545
14.0375
6.78103
14.8682
5.75932
5.27575
5.09138
10.7546
10.0266
11.1139
13.4056
13.0258
7.9509
14.0291
11.6675
12.9813
13.1182
8.57418
13.2568
9.71792
6.88116
13.2186
14.1031
10.4451
12.8033
11.6519
12.8993
10.7545
14.4565
7.49397
10.4124
10.2927
13.628
9.43475
6.54013
12.7915
12.0002
14.6188
5.04813
8.46175
6.08268
10.4634
13.5987
8.65231
9.84041
9.9324
14.2038
6.11501
12.6434
10.9578
10.1513
6.39778
9.99336
14.9268
8.85301
11.9572
14.3839
11.039
6.25371
12.5479
13.7278
14.5617
9.54045
14.1397
8.14916
6.15981
12.3832
11.778
4.06163
11.6609
12.7925
10.0507
11.1904
11.4827
9.1381
10.4393
12.208
11.067
6.67458
6.7012
11.9244
13.2499
12.3892
8.43812
14.7546
12.5551
10.6786
7.1356
8.42084
10.1979
9.76292
13.8199
14.1818
14.1335
13.2383
9.1121
8.20417
12.0847
13.8707
10.3852
13.4559
13.9806
11.9031
9.20781
8.72809
4.08661
5.48327
8.88804
7.90016
5.43793
11.6875
12.7015
9.80519
11.6828
12.4136
14.877
11.2469
9.38951
12.9308
5.73498
10.1598
10.9904
4.62328
13.2361
13.4246
7.19782
8.36614
13.9628
9.6168
11.2021
14.2767
11.9528
14.2464
8.09428
6.74597
6.96284
11.5375
13.938
9.83327
9.17177
14.3021
11.5897
14.319
12.4082
8.38083
9.79558
13.5834
9.90351
10.2637
11.6543
14.5387
13.1651
13.6433
12.867
11.0314
9.56839
12.9174
10.8638
10.6187
7.76516
12.8344
10.8723
14.8821
11.055
7.84132
8.66044
8.76796
9.93397
11.4877
14.5247
10.2599
13.2476
13.615
12.5948
11.7177
12.9009
12.0206
9.70178
14.324
11.2497
12.1071
5.35327
14.7893
12.3565
9.76118
13.7938
10.7635
14.2755
12.6665
14.1101
13.5039
8.30979
14.3833
12.2017
11.1934
12.8719
11.2782
14.5106
8.05836
12.0787
10.5803
14.5586
9.92244
13.2726
8.64662
11.948
10.0214
13.0883
12.4919
7.0982
13.4407
10.4636
7.22155
14.1322
6.39636
8.82298
6.49906
11.6336
13.6053
12.9292
5.77093
6.87998
14.9086
9.121
14.0444
13.2793
12.9913
7.85997
12.644
12.2374
10.0785
14.0408
13.3533
11.2642
9.97598
9.98589
5.2069
12.9383
7.51004
4.9527
11.367
14.7459
12.445
14.7995
10.9611
10.0132
13.0399
13.9098
11.162
11.1333
11.9468
12.7283
10.5512
5.46237
11.6406
9.04535
12.7724
12.5859
8.07283
6.01606
12.3178
12.6431
10.3962
13.523
11.3748
7.85106
9.45826
6.58792
11.6925
5.83696
8.88109
12.7745
5.04231
10.0613
14.5745
13.4077
13.9801
9.739
11.4563
11.3031
10.6835
14.4272
12.4189
13.3285
13.69
14.2879
12.3932
10.3707
11.5172
10.515
14.3537
11.4603
12.9207
12.003
11.0551
11.794
9.86885
13.6771
13.0874
10.7026
11.6711
8.9705
5.61803
8.20286
8.63485
11.8109
13.1946
12.8124
11.0686
8.70181
10.2449
11.0178
12.0219
14.8125
13.1844
14.8105
11.5538
9.2117
14.7645
8.97518
14.1066
10.2542
9.52663
13.1503
14.6829
12.5569
6.70635
9.17285
12.0971
9.20665
12.2185
13.433
8.09058
8.09652
9.79337
12.7003
8.9135
12.4948
14.6445
11.4536
14.2985
11.4401
6.73803
12.2209
12.1773
10.8557
11.1508
13.7972
10.2573
12.0372
10.0876
12.5178
5.79347
12.9315
14.6565
13.7342
12.4644
13.1621
7.87555
12.5065
14.3363
12.7967
14.8124
14.1451
14.9175
12.048
9.1791
12.0512
13.0672
9.07596
10.4061
10.962
12.3135
13.0337
13.6654
6.71471
14.6425
9.52042
8.3416
8.60451
11.7217
13.3932
10.0749
11.3074
11.6958
9.18472
9.26088
11.1429
14.6841
4.866
8.4
12.0302
10.4029
11.2385
7.63589
11.1771
14.7941
10.1677
9.90904
14.5921
14.2117
10.3884
12.3745
10.787
11.2721
11.5603
13.0585
11.9918
8.82654
12.8622
14.0898
9.07719
6.57624
10.146
9.81719
12.4289
13.9201
14.5511
4.59762
6.96108
13.5693
6.36303
12.8449
14.4571
9.70327
13.98
8.52037
7.14891
12.2473
13.1015
10.0193
14.5199
13.8464
9.52551
10.8935
8.4139
14.9749
10.8814
8.78154
10.2745
10.4196
14.8662
6.97897
6.34017
9.81337
12.4893
12.9282
9.16096
10.8456
6.19918
7.97273
8.17963
13.0083
13.4816
6.18585
11.2371
5.40855
14.0057
11.0843
14.8508
10.3726
9.5418
6.83723
9.64436
13.5013
13.6507
14.5365
11.8168
10.2534
9.46613
6.05949
14.9019
14.0199
10.2695
13.8262
11.3195
11.1366
14.9553
14.0254
13.6034
5.73405
8.23883
11.8705
8.47977
5.90569
9.71627
9.9671
12.6938
12.539
9.7333
14.1563
13.3752
14.6327
8.22595
12.4411
10.1647
12.2214
9.5611
8.05755
12.2703
11.246
14.2873
10.242
12.1145
9.58258
9.23438
7.89029
6.60413
12.9107
13.4037
9.28983
10.3231
11.4773
10.6789
9.59637
14.0605
13.9147
12.8954
12.3907
12.6775
14.6478
10.4288
11.4872
12.317
12.0147
8.21966
11.5435
10.4132
9.88266
6.18457
14.688
12.1601
13.0036
12.1627
9.99211
10.8966
13.1732
14.0163
12.321
9.75345
8.89229
12.7184
6.04994
14.4672
14.7422
11.1897
10.9566
13.7872
12.238
14.2486
10.8969
11.101
14.5096
12.1188
7.74267
10.447
6.2141
13.672
6.89922
9.42831
8.85916
10.8433
9.70471
9.76145
13.3465
11.8789
6.09654
11.7152
12.6613
14.3877
14.4003
12.0139
9.18496
11.2069
7.24157
13.4563
5.2961
6.63592
12.8515
9.21118
9.68785
10.0648
12.2307
12.2532
5.53787
11.6571
8.5041
12.634
9.54314
7.7052
10.973
13.5661
13.9337
12.7728
11.5351
14.4784
13.0947
10.3936
5.97461
9.46007
9.04234
13.3867
6.11078
14.2221
12.4829
6.1106
9.47712
10.4786
13.7725
14.1871
11.6973
12.7736
14.6592
14.2234
13.6069
14.3861
10.8928
12.3689
11.7131
14.8656
8.13917
12.6701
5.70676
10.3352
10.7091
11.0757
10.75
10.6468
10.2091
11.8955
8.65065
14.2977
10.7205
12.7044
8.28467
8.66435
11.069
12.8544
14.5957
14.099
14.544
11.2346
10.9907
8.79142
9.26935
12.7752
14.5676
8.68582
14.74
6.57898
10.5519
11.7962
13.7156
11.469
13.9192
14.4809
13.917
14.4933
8.53512
12.2094
13.0197
9.24268
13.634
6.78275
13.2075
12.4239
8.7209
10.1219
8.9229
11.9232
11.4952
12.4538
10.8486
13.8534
12.5916
7.10533
11.2549
13.9627
14.0616
6.26571
11.4492
7.99974
9.62889
9.12293
14.2549
12.6351
10.829
9.3845
14.4004
9.23755
14.2549
4.99464
12.9062
12.181
12.6258
13.9313
14.5418
6.31296
11.5948
12.7111
14.3924
10.3417
9.32827
13.612
12.0745
11.1437
12.118
10.629
14.5294
8.87998
10.3472
8.66105
8.32665
14.3126
7.84872
3.75772
9.43321
6.19368
11.707
9.36806
6.64015
10.619
6.52645
13.2805
10.1638
10.3837
10.5969
14.6098
12.0568
5.48279
7.08407
12.4612
10.4991
12.7199
14.6689
10.9921
11.5796
13.0509
10.5731
12.6734
13.0175
13.4755
12.6884
6.59071
9.27187
14.1636
13.395
10.506
13.255
6.54552
10.4073
12.5317
9.65078
12.8461
10.102
10.4765
11.9202
6.56203
11.1079
14.4804
13.7439
14.6528
14.3007
13.7949
11.9422
12.4081
10.3339
14.0748
5.56203
12.6252
14.0098
12.7884
13.5901
9.56743
10.4563
10.6721
5.83319
10.8583
12.9264
13.439
10.5876
11.3256
13.6991
11.4706
9.33223
13.7335
14.5973
14.767
9.56358
11.1369
14.1233
14.8418
14.1453
8.88893
10.9219
9.6437
10.5359
10.3611
13.8673
10.1353
13.6174
10.3402
8.87175
9.08412
7.47335
12.1185
14.7445
14.4767
10.4997
14.564
13.3901
12.475
14.4896
14.0545
13.3047
11.2916
10.5039
13.0193
12.2016
8.5177
12.8205
8.67739
10.2582
14
9.18922
13.1692
10.7455
10.0966
6.99685
8.9535
6.30262
8.83817
14.8942
9.89213
13.0397
10.7767
14.5359
12.3781
9.74944
11.3533
12.8074
10.0927
14.4844
14.668
12.4078
6.20299
12.4909
8.88138
11.9795
7.03221
14.902
6.81317
5.6156
10.3252
6.2766
12.0126
14.8803
11.3328
14.2447
13.7321
12.0851
12.2448
11.1084
10.5418
14.0227
10.5132
13.8493
14.4124
8.53061
12.3779
12.9404
4.73855
11.5351
14.075
13.4108
12.5444
12.9904
12.1994
12.3372
8.29082
7.85597
13.6772
11.1073
12.0398
13.8725
14.519
11.9303
11.7825
8.1351
13.829
10.2493
11.708
9.95973
13.5608
11.057
7.52585
14.6496
12.3214
9.99116
11.6361
7.27134
8.97815
10.6667
13.1243
13.2747
14.3695
14.2783
8.15001
12.0109
8.48214
9.00254
9.80559
9.46655
14.0399
12.4191
12.872
10.4979
6.77182
12.1713
11.8769
10.1509
12.4403
10.0091
12.4347
10.8516
5.63098
13.9866
14.4529
9.93046
12.7342
12.5717
13.7278
13.8487
13.2458
11.8278
10.4784
13.2926
11.7055
14.2115
12.9013
11.3646
11.2499
13.5655
13.0919
6.35253
6.97222
14.4396
10.8695
13.9016
12.621
10.1319
10.1571
10.601
12.4728
11.0873
10.6526
13.7707
13.3537
11.0934
6.61856
13.8295
9.97221
9.54549
14.7976
12.788
14.6755
9.68137
7.08333
10.4075
11.0787
6.23842
11.2046
10.0743
12.5305
8.34208
14.809
9.81758
12.9759
13.3504
10.3387
14.2181
11.3299
9.45614
12.7184
11.856
9.30313
12.1841
10.6657
12.882
8.29957
13.9619
6.93313
8.16999
13.8312
14.8406
13.7597
10.6196
9.39056
13.9327
13.688
12.2549
8.81007
14.861
11.083
6.36555
9.96897
13.8115
13.1683
10.9001
10.1573
9.83102
9.92634
9.852
14.5258
14.6816
14.9466
14.823
13.7593
10.0797
14.898
10.6429
8.50724
11.7433
10.0391
13.166
6.10347
10.827
14.2344
11.4892
10.1953
9.21502
9.56871
8.36275
10.1788
7.05925
12.8074
8.57871
8.21827
7.48347
12.8067
7.33928
12.4483
8.33316
12.3481
12.1039
11.4785
11.4908
5.61877
13.9263
14.2847
14.3677
8.77642
12.9276
12.0636
10.5173
13.7247
10.1252
8.47632
5.88309
14.2998
12.4222
13.5899
14.8849
12.3754
9.67208
13.2398
11.8838
12.7109
9.27519
13.3944
8.80524
11.1181
10.5638
9.01487
10.8804
12.3232
12.2341
8.89818
6.02746
9.44993
7.01168
12.8383
13.3242
13.7302
10.4832
12.4779
14.3318
8.01842
11.4482
13.913
12.785
13.4279
7.09675
11.8541
6.15036
12.5582
7.23548
8.7922
8.67591
10.4161
11.4077
4.40602
12.12
8.98352
10.4321
11.0049
6.46823
12.1143
8.90786
11.2373
9.86615
7.42235
13.1432
10.217
6.46636
10.3631
9.6616
12.1071
13.9324
14.1621
14.2267
13.2777
11.8114
10.8854
7.1107
10.4186
6.68129
14.3186
10.5758
10.9649
13.5291
5.96369
10.368
13.4693
14.9782
14.0182
11.9775
5.30859
10.7611
6.82926
11.961
12.1387
10.056
5.47194
11.6168
10.4518
8.93138
13.7014
9.58001
13.3494
8.00249
11.2144
14.6514
13.4544
13.1948
12.6137
10.9207
7.68795
12.1214
9.03674
7.02385
6.48751
9.05492
11.5489
9.44124
12.7452
7.07459
12.1235
11.8537
14.1582
10.6542
9.43643
14.5207
14.6166
13.4534
13.1697
11.7634
14.4198
8.81622
11.6831
6.83226
14.7895
9.13318
12.8742
11.275
9.00541
8.65097
10.2156
14.7379
10.9496
10.4206
6.78711
10.7775
13.1057
13.8556
14.4936
11.7256
10.5519
10.4182
12.0707
10.2981
14.3564
13.5731
10.5557
9.58926
10.768
12.9683
6.61784
12.7927
5.9757
12.6471
7.56501
12.1858
8.94502
4.74562
8.18157
7.75253
8.51217
11.1017
8.89995
13.2527
11.3892
10.0495
10.8038
14.2968
10.768
6.22418
6.10644
10.176
11.3034
12.5611
11.1947
12.2739
8.46785
8.74835
13.4042
8.70092
11.5888
13.6741
13.187
14.8545
6.11907
11.2913
14.0014
9.69992
4.62593
10.9762
9.81894
12.3449
7.84547
11.699
10.4275
11.9402
7.31518
12.0598
13.783
10.309
9.00801
14.5486
5.59343
11.1973
14.9628
9.78056
9.45644
12.2163
11.8256
13.3243
10.1066
11.4745
9.4702
11.2646
9.00574
9.71396
13.2559
13.7238
14.1736
13.7971
7.72855
11.1369
8.77715
7.70838
14.9834
14.1884
13.4277
9.36712
14.0245
14.7163
13.8695
13.0901
12.2855
11.8085
13.528
13.1511
13.7818
10.7827
12.3316
9.58658
11.7682
14.9842
12.6606
13.5631
9.50897
10.9226
9.50688
10.3471
8.83055
9.86361
12.2081
12.8661
13.5622
10.1323
9.93079
11.4637
9.71138
13.0269
9.65162
8.94968
8.27012
12.4651
4.3981
11.5072
13.4386
14.9952
13.3647
11.2049
13.9637
11.74
9.53029
11.4167
11.1545
11.0577
12.5968
10.9005
6.35027
9.89956
11.7409
14.2788
12.8659
13.5348
7.24906
8.27112
10.0698
12.2895
10.0252
7.36028
8.74898
10.5181
11.2525
13.7429
14.8199
11.932
7.36118
9.82352
9.90386
12.1829
6.28076
6.51869
5.53455
8.99053
6.65905
9.16489
7.19486
10.0634
12.081
13.0392
13.3029
12.9721
12.9105
12.0847
9.57093
10.8112
13.8027
7.08083
14.3798
11.7174
14.6687
10.5158
11.5331
8.43197
13.9615
14.0722
9.04415
8.11208
10.3512
10.3977
11.3725
8.03831
7.22734
8.95094
8.69383
9.64854
10.1139
11.8852
12.9946
8.25696
10.1688
14.5805
14.1135
10.388
9.11429
9.45724
13.5692
10.8254
12.6663
10.2802
14.0852
12.1994
12.6719
10.8797
13.3274
8.97883
6.12956
14.6432
12.1805
14.5971
14.7343
4.8484
7.3566
11.4419
11.2655
8.53157
13.4121
11.0568
13.0182
10.6506
8.14049
14.5437
8.1537
10.4925
13.1418
14.8912
13.836
14.2835
10.9154
11.3741
14.7875
10.3238
13.4756
13.7994
14.4492
9.13993
11.4089
13.105
13.1452
5.80423
10.1699
10.5957
13.5244
4.72408
5.64619
14.8909
5.76441
11.9034
11.9583
11.7245
13.2972
11.907
9.2037
10.8049
14.7689
13.0481
8.55727
14.5521
8.30467
11.5264
14.1335
9.48183
14.7283
14.4784
13.1367
12.3693
9.49838
11.3414
6.31778
10.5765
10.406
11.0045
14.7422
9.74063
10.4488
14.2647
9.6811
9.5325
5.12523
12.9304
14.6303
6.99625
13.456
13.3128
9.43814
9.84406
10.3368
12.2909
7.49171
4.83608
12.0345
13.2726
6.02758
8.61427
10.9751
13.0743
11.6673
12.8018
14.5847
10.9576
13.6539
12.0486
9.50413
6.38706
8.8008
6.92829
14.4626
12.7631
14.5881
14.2822
14.5199
13.2022
12.7245
14.9261
14.1711
12.7689
10.6488
12.7467
10.5145
12.5098
11.5341
14.8118
12.4008
7.62963
7.59407
10.7775
5.82057
12.4882
11.7693
12.2863
13.6389
14.3274
13.8652
9.61859
13.4444
9.61368
6.89668
9.83126
13.9028
5.40795
12.3093
10.8805
8.40208
10.7211
11.6486
6.9053
12.6824
12.996
13.9336
11.6662
13.035
8.38923
6.0532
13.6671
12.352
10.2602
14.863
9.92192
10.7964
12.7789
14.3381
8.92113
14.9867
11.0661
14.9783
10.4973
7.04753
8.33134
7.35189
13.4688
11.6678
14.1074
11.622
13.0182
6.62978
14.2844
12.1301
10.5175
10.0391
11.0554
7.18755
10.0793
10.4858
14.0568
12.2757
11.6846
14.4333
9.74192
11.7989
12.8505
9.82755
6.47056
11.1928
10.3781
9.51567
9.4698
12.0267
13.2466
11.4223
13.8823
6.4564
14.3314
11.3837
14.3452
4.96428
10.1692
8.91699
14.2348
12.965
9.96154
11.7717
9.13685
12.3361
6.55017
6.52047
13.0749
11.5303
6.28863
4.78808
14.596
10.7826
12.6131
8.02277
14.0542
12.3964
14.8324
13.0368
8.46912
11.8712
10.624
12.7986
9.39943
7.35515
8.78409
10.436
11.4369
14.2382
12.3995
8.73234
10.972
6.1947
14.2689
12.8868
13.2144
11.4456
13.4452
8.95884
13.0212
14.8033
6.51681
9.78427
12.4231
13.8838
6.18136
10.4275
10.4599
10.8318
10.5161
9.70914
14.3395
9.01774
8.8492
8.9916
12.9103
10.5231
10.6328
14.3294
10.2203
11.5704
11.1577
14.3457
9.506
14.8832
8.30314
11.5157
13.5893
8.69895
9.66274
10.8977
10.9964
10.4757
13.81
6.31239
12.4243
13.598
7.05189
10.1077
14.4722
14.8553
14.2183
5.70593
12.9079
12.2131
12.3778
13.9865
13.8816
12.4134
13.9536
9.93086
11.8539
6.62857
9.94768
14.1766
10.1804
11.6653
14.5849
10.3974
11.767
7.33262
10.8456
12.3298
13.1633
11.7916
8.29517
9.44944
12.8905
9.43133
7.88816
8.40419
11.0028
5.83037
9.73558
13.1824
10.1597
14.2624
13.5681
12.9011
9.97811
12.8174
9.57683
6.6355
11.2831
10.591
13.7402
12.1176
14.5724
10.6512
7.66158
9.89462
11.2326
12.183
14.0789
12.0162
8.77466
11.9125
12.6561
8.95449
8.7253
5.27561
5.44625
11.2363
14.3407
13.8441
8.01531
10.9721
11.3049
10.0307
9.38192
13.8645
14.7828
9.45093
13.6935
13.9408
7.92898
5.50485
13.1055
10.1457
12.7229
12.6665
12.5062
12.6202
10.7896
10.5838
14.4534
12.5505
11.172
12.8001
6.30917
12.3024
11.7461
14.8821
14.2644
13.7695
8.31978
11.0031
13.8307
12.827
6.04255
14.9839
13.7207
10.1156
11.7891
9.88324
11.0036
12.9781
7.91092
5.29542
14.4863
14.7565
5.47325
13.7911
10.9506
9.97699
10.3925
12.8
5.10223
13.5932
13.3558
9.75478
8.48026
14.9139
9.91983
8.97897
14.149
14.8233
14.1374
14.7447
10.221
6.13736
8.75396
12.6188
12.4499
14.2215
12.9705
5.80812
12.744
11.7389
14.6528
6.34883
14.2489
13.4096
11.3004
5.34124
9.63167
12.995
11.4582
5.39091
9.0053
14.7754
14.9183
13.4234
10.2807
11.9777
10.5077
10.8455
5.31031
14.2924
11.9666
10.3408
13.1433
9.62252
12.1134
5.10258
7.49924
12.8227
9.04184
14.4497
12.3481
9.75545
10.7644
14.7319
8.69334
13.2469
11.8574
13.1259
6.00579
11.1847
13.8422
9.83513
7.13499
11.3921
10.1603
12.0648
14.0469
12.8797
14.9655
9.58441
10.4368
14.9185
7.28426
10.9309
12.6054
14.8316
8.44934
12.8816
14.6657
10.3238
13.9724
8.3775
13.7316
14.2499
7.54352
13.2318
11.7205
12.6377
10.8504
10.3847
12.4557
9.3494
6.88723
9.56705
8.35281
10.1311
14.2199
9.86519
8.63346
11.3159
13.1982
9.97619
6.02408
11.8763
13.2345
8.79915
10.4043
8.61846
13.8005
12.8887
11.7243
7.14343
13.9921
14.2636
12.5625
13.0752
5.82355
12.7752
9.76497
14.9145
13.8778
13.1042
13.0923
11.0777
5.59774
9.30707
12.2399
10.1087
6.5935
11.8228
10.9255
10.0307
11.0771
11.6288
9.23372
5.09802
12.8255
13.9626
8.15848
6.13079
13.127
14.8224
13.4532
11.3567
13.0691
13.0101
7.8176
9.59626
6.51225
12.8977
11.6502
11.8807
13.7185
13.5785
13.6997
10.2767
10.6912
11.3209
9.37376
13.2456
5.54837
8.65308
14.2732
8.66474
13.7592
13.3991
13.9982
8.80068
9.37738
6.3186
12.6065
14.8522
12.964
10.1167
12.1434
14.6211
9.81494
10.0397
9.2005
9.62005
12.2762
12.952
14.6273
13.3894
14.2243
8.33723
8.25597
11.5122
12.7232
14.213
6.04905
13.3597
14.6615
9.80697
12.1779
9.69199
12.2651
12.7052
14.2535
13.697
9.87903
14.6932
13.4925
12.269
12.0629
10.2994
12.24
11.3903
14.7177
7.90108
8.73963
10.1194
10.585
13.7806
13.9003
11.2015
13.1963
13.9141
11.1951
8.94826
7.2883
13.876
13.3242
5.72762
11.5878
11.0484
14.5345
5.35658
11.4047
13.9197
10.9079
12.6897
7.11777
9.43124
9.1357
12.5379
10.8745
11.1941
13.2553
14.8431
14.6194
10.239
10.5388
14.5988
10.4472
9.91428
10.1987
13.9955
14.9016
5.11444
13.9299
11.2302
14.2054
13.5027
11.5257
4.77912
9.92866
13.3262
10.0161
14.6407
12.7407
13.7484
10.0679
13.8257
12.0107
14.0142
14.3776
7.84096
11.6001
13.1487
10.7523
14.953
10.0073
14.3033
9.74193
13.4128
14.593
12.348
13.9564
12.9749
10.5283
6.27616
12.19
9.77186
12.1918
10.7917
12.6021
11.4771
13.0612
13.0657
9.72261
9.69905
13.7159
5.87101
7.74865
13.8058
11.8423
11.6163
10.9901
13.7573
12.7408
9.38363
10.1863
13.1563
9.39277
10.0692
10.3537
12.9106
14.9156
14.2659
13.5361
11.9938
10.6484
8.39062
7.71364
11.8831
8.55497
10.5521
7.93652
10.9435
14.7056
13.9059
9.79122
12.5021
14.0729
12.1649
8.91808
6.20749
11.9251
13.2324
12.6133
14.2948
9.59536
14.9863
14.4756
9.29955
13.6484
9.65549
11.671
5.71042
6.32166
11.6311
13.5682
9.51285
11.5156
12.4142
13.68
12.1177
10.9268
7.44322
12.7987
6.64384
12.4971
14.5048
8.37171
14.085
11.441
13.82
8.40384
4.94374
11.0188
10.1199
11.1791
11.7613
10.6983
10.6288
12.0645
12.2453
14.1469
8.69578
6.08953
14.535
11.2724
14.3713
9.44517
14.6093
10.3873
6.70154
8.81686
10.7214
12.1586
13.3074
12.1547
11.0796
11.9825
12.2155
14.522
11.4129
11.5896
14.2512
13.5109
12.4392
13.8121
9.99275
14.5794
9.21912
11.0091
13.4836
10.5402
11.0103
12.7578
9.50222
12.3881
11.0421
11.711
11.2944
5.42693
5.1005
9.89685
12.0764
4.97181
10.5424
10.413
5.98649
13.5144
10.6527
13.0731
14.7533
9.12844
10.4361
13.3844
10.3201
14.3573
10.4902
14.1281
9.861
8.63473
12.2438
14.1121
9.89264
8.59317
12.4501
14.2949
5.45692
12.8631
14.2374
13.4774
14.266
14.3396
13.05
10.1438
10.8854
11.2469
10.0168
13.4301
12.1042
13.4395
13.7927
9.34774
9.61415
13.2497
11.525
5.36297
6.82552
10.5203
8.88345
12.3559
14.0307
14.8799
14.4155
13.1723
9.33417
10.6522
9.16829
12.4816
14.1821
14.4037
12.0844
12.5777
10.5709
9.24849
8.85398
6.08677
10.8556
8.02071
12.3577
13.1051
12.983
14.6114
11.8922
13.8219
11.8027
12.5729
13.4157
14.3367
8.67798
11.7931
11.3698
12.1932
11.1841
14.6287
12.1592
14.0793
14.4671
13.43
14.3104
12.1081
13.7353
14.2945
13.9859
12.9673
13.5715
14.2571
12.8197
14.3438
10.5127
11.8941
9.73611
14.7064
8.66315
11.6491
6.46355
10.5232
10.5999
11.3015
14.4233
14.7879
14.8364
13.1021
9.01408
14.979
10.3996
13.017
12.0357
8.51601
9.33963
12.3657
9.81456
10.0478
9.69322
12.2395
11.499
13.6755
14.813
5.99595
12.7171
12.4981
10.575
12.29
13.1482
14.419
12.1065
10.2129
8.47313
7.75919
13.0732
8.68321
11.5468
14.9088
11.5152
14.5935
11.2843
13.6653
5.74029
5.53504
10.3897
13.9016
13.19
13.6059
12.7414
10.9551
7.49467
10.9604
13.8768
11.3085
14.7189
8.99554
6.87858
6.61643
13.4488
14.7513
12.5283
9.3585
14.7709
9.17028
14.2128
13.3804
10.3136
14.2597
11.7908
7.12688
9.17477
9.8315
11.0222
11.6275
14.4926
7.96292
13.2661
13.9808
10.4842
9.86603
8.79903
11.1145
10.0017
8.59961
11.4276
13.4186
13.7562
10.113
5.73943
14.826
12.6117
10.2266
13.8683
6.22233
11.7026
11.4444
8.50772
12.3188
11.1805
13.6745
12.3339
9.71122
13.3552
9.17267
13.2089
13.0179
12.9195
14.8983
11.5936
10.5798
5.7323
6.82575
12.805
11.3538
7.98101
9.49164
5.13159
14.6902
5.52509
14.982
11.6759
5.76888
11.3368
9.97736
8.82752
5.12751
11.0512
13.7531
8.10078
7.69118
12.3575
8.82012
10.7828
13.7087
7.67721
11.0735
6.31803
13.4077
12.3444
14.7733
10.3135
8.3
9.67981
10.7195
14.3875
9.964
10.251
13.2816
9.06669
4.88162
11.0497
12.4186
14.3539
12.911
11.3185
10.847
10.5584
10.9399
14.9905
10.6073
13.7335
12.3506
12.4207
7.9723
14.0226
14.5078
12.4104
12.3874
10.131
13.6021
12.9669
13.2634
12.5805
8.11032
12.8553
5.43827
4.72498
14.5318
10.1887
6.70092
13.9624
13.3284
6.33775
11.003
10.2453
10.0279
10.5488
13.5584
6.52452
14.5294
12.4476
14.6331
10.126
8.92711
11.8
6.47132
14.7099
14.2836
8.51997
11.3663
8.66976
11.8602
10.8674
6.30327
13.6012
9.46884
13.0148
9.92854
8.3736
7.15271
7.55009
10.4449
10.6021
11.4797
11.6667
9.87295
10.3806
8.22601
13.8157
14.625
11.1251
8.48977
12.9537
6.75592
10.3412
8.88574
5.84608
14.0418
14.7135
12.4538
11.9464
10.1799
9.66024
12.2912
8.5077
12.5471
9.84167
8.23803
13.9697
11.0731
7.48412
5.95499
8.51682
10.8538
13.0594
13.3893
13.9245
10.6452
10.8092
14.998
10.5755
11.9699
13.7942
12.7418
10.1455
11.2151
9.57884
10.6899
13.7171
14.7473
14.7154
8.64014
11.8565
14.2117
10.8432
12.9675
11.1624
10.5443
9.12112
12.3738
14.9174
6.3402
8.77394
13.9894
11.7868
9.30984
11.116
11.1052
9.88205
13.588
7.48021
8.32204
7.52523
8.68745
8.11649
10.0874
6.51448
11.4264
13.6801
11.6597
9.60529
9.92143
8.52152
8.80369
13.3872
11.316
14.1435
8.26712
11.0017
13.6771
10.57
14.8972
11.2534
5.59183
6.41267
11.3596
14.9107
14.2908
10.1327
11.4216
13.7208
11.241
10.338
12.9671
12.9823
13.5401
8.7912
12.7568
14.4533
14.6889
10.7732
13.3651
8.22657
11.506
13.5699
13.6155
11.8122
9.01332
14.7449
6.50461
6.22251
14.0687
14.61
11.3369
13.2805
13.3305
12.5548
9.61109
12.7002
14.5335
13.7785
8.55473
9.55733
6.40465
8.44841
9.07787
11.1108
12.5226
14.0528
11.2007
12.3705
12.2434
12.7911
13.806
11.2504
12.2515
14.3416
10.4585
9.56754
12.1749
13.7225
12.8844
12.6283
12.97
14.2636
10.4644
5.90537
9.44364
13.3676
9.82441
12.5942
9.52447
11.5337
14.1219
7.72109
11.4681
14.8629
10.7877
14.2929
10.1139
7.66812
4.52988
6.35003
10.6472
5.98405
14.4625
6.36106
10.6417
9.60428
11.1598
8.77193
8.93861
10.1721
11.3245
7.11054
10.777
13.439
11.3545
11.0217
14.4814
13.0037
10.8858
12.9082
8.60259
13.5457
10.457
7.99082
10.9763
11.0328
13.8767
14.7872
12.1381
11.4957
13.9707
6.40992
8.81776
14.7744
11.6576
9.11351
5.6439
6.99496
13.812
7.16657
5.77072
9.88596
14.9649
11.518
9.9201
14.3677
14.9748
13.6108
12.8915
9.13984
13.4328
10.6835
13.9929
13.6177
12.5119
14.0992
14.5957
8.10078
13.9137
10.1507
6.87355
10.6538
10.3173
11.9146
12.3971
13.5257
10.9446
14.0284
12.9183
12.6494
12.4796
10.8612
13.8847
9.18715
10.7086
6.34403
12.254
12.2397
13.2295
6.2448
14.3466
14.3279
4.46064
12.5676
10.4486
10.0038
12.8245
8.58175
9.75471
8.96202
5.98811
10.6331
9.23071
9.28821
13.1664
12.6701
11.5832
14.536
9.65155
10.1371
13.3193
10.0853
10.2106
14.0379
10.4066
9.52452
14.596
13.167
11.4786
14.3362
12.1133
14.3656
11.7133
12.3143
9.45356
13.9442
13.6611
12.7435
11.0752
11.1628
9.20172
9.99979
9.75022
11.729
11.2478
8.4918
14.6619
14.0298
13.7457
8.63305
5.92291
7.06543
5.94283
13.1717
6.31329
8.10925
14.1868
13.6483
7.53861
12.1809
12.0254
14.2657
9.92888
12.211
10.706
10.7424
9.77695
9.61293
11.8733
14.7174
11.4213
14.675
10.6261
10.0729
14.5815
10.4554
14.41
13.1088
11.8337
9.24463
11.7893
12.4807
10.2515
11.1021
12.2339
10.1744
5.97245
12.283
10.2232
10.8512
14.9979
10.4953
12.7395
6.31912
9.57795
14.6366
14.6637
10.1025
12.2744
14.9308
12.9408
6.52143
14.1737
12.2678
12.3813
11.2375
14.4893
14.9465
13.6088
6.8914
9.29588
10.5477
9.95938
10.277
14.5605
9.94309
11.522
6.04672
8.75998
9.44302
9.80609
13.9358
8.54961
8.32284
10.4903
13.0499
10.6434
9.36936
6.00304
6.55096
9.71302
13.2488
14.1832
9.86333
11.5714
10.286
5.29646
10.2359
13.1643
9.95252
12.9029
10.775
9.83368
10.2697
5.40833
13.5877
9.72903
11.4952
5.54287
14.5959
11.4897
14.0554
14.6437
14.5669
9.18033
10.4824
11.9482
13.3583
10.5694
12.1681
8.33956
14.6187
5.26083
10.5856
12.0814
11.2309
14.8792
14.8437
12.3356
13.6234
9.03342
9.84666
10.6285
14.1864
13.018
9.97103
11.2313
7.0378
6.09694
12.0134
13.4705
8.80469
10.8135
8.54628
11.4585
14.4705
6.28234
13.196
4.67816
10.399
9.47677
13.4803
8.89094
10.6323
11.6564
8.72777
14.5397
14.4924
9.77514
14.2739
10.6117
13.9073
14.5458
6.40826
12.2794
13.3441
9.7863
13.9932
14.9348
11.3001
10.0033
11.7495
10.4946
8.39357
9.73429
14.8266
14.5888
14.0785
13.9348
9.41355
9.90669
10.9554
10.6579
12.2911
7.83667
10.2836
14.1057
13.6243
12.2674
14.0291
6.16437
6.05589
14.1155
14.8369
12.7765
9.81639
10.2893
11.9039
10.6789
13.2907
14.5748
6.70792
12.1977
10.2702
13.4561
12.4548
9.93473
12.3121
11.0044
10.2258
10.317
8.94784
10.8124
5.79641
14.3344
6.3186
9.51486
14.7574
10.9072
6.30997
8.99925
7.59811
10.2804
14.6241
9.30292
14.3948
6.25289
12.3669
8.65518
11.5727
10.472
12.3404
12.9406
9.78463
9.28702
11.0883
7.1995
14.9046
12.2192
13.4826
14.761
9.06877
8.63631
8.91536
13.5174
13.7082
13.7336
12.7598
13.7771
6.62758
12.3865
9.29683
14.8925
13.1021
8.68575
12.6098
11.1513
5.76438
7.54818
10.7091
14.7274
6.20054
13.2808
13.76
10.6192
11.1069
12.4278
14.1412
12.3106
12.6511
9.10269
12.1137
10.3286
8.59933
10.7511
10.1822
13.7018
10.1698
13.4772
11.3362
14.6239
11.2407
12.4522
14.377
12.6259
13.9315
11.37
7.69011
11.3338
11.6124
11.9832
14.8384
11.951
5.59109
14.078
13.5257
10.7311
14.2909
13.5684
13.1437
11.1164
12.5601
14.2544
11.2966
14.4631
13.4
10.6611
10.5125
8.70236
10.3559
12.6351
14.194
13.2179
12.7128
12.8708
6.06551
9.79114
11.8096
12.1035
12.4954
11.2532
14.5739
9.42542
14.7248
6.49572
7.39933
8.19199
14.2328
10.5899
11.832
13.2379
10.1158
12.5079
10.6072
6.43915
8.6314
11.8214
12.7708
6.79396
6.4576
14.2375
13.2018
10.7564
8.64093
13.6305
13.0907
9.91467
12.1378
12.8105
9.9376
11.3756
13.3759
8.96262
14.1862
10.0618
8.74922
9.72857
11.8021
8.03028
10.0003
12.9976
8.30233
12.5603
13.577
12.5663
10.6502
11.0227
14.1358
12.3655
8.80083
13.1954
13.6818
5.57709
11.0065
5.90762
14.5065
14.6285
11.1879
6.8456
14.299
14.3453
14.9821
7.65766
14.8334
10.364
13.7826
11.7673
14.447
13.8328
12.3185
6.52318
12.4435
5.92026
13.1173
13.9521
14.4364
8.33614
14.5092
13.6498
12.2798
9.92755
14.687
13.7639
10.2645
11.7806
14.9322
11.4782
6.23008
11.9981
10.1895
12.6452
12.2937
14.0157
10.4836
13.9633
9.2303
8.32948
12.6364
14.521
8.4968
14.215
10.7456
11.8468
8.79193
11.4027
9.71599
14.1733
10.0267
7.47244
10.842
11.9563
9.65082
10.2439
14.518
6.97026
13.2866
6.48183
14.0785
11.8652
14.2067
12.256
10.6893
10.7709
7.46223
6.93283
12.5563
11.9177
10.8821
9.74427
11.7542
13.0208
12.4438
13.4228
9.80597
11.0201
10.978
11.2877
9.9954
10.573
6.64889
10.2584
13.3038
10.645
11.3928
10.5963
12.9217
9.92067
13.1535
9.1783
11.5759
10.0944
8.21454
5.44282
12.8379
13.174
12.8974
5.94735
6.12107
11.3871
12.0547
14.0576
11.3755
8.74752
4.33819
8.96905
8.47027
14.8905
12.095
13.2677
11.5768
11.2237
9.45304
13.0035
13.3875
13.2088
11.1137
8.24294
12.6123
10.7039
12.1833
12.7121
13.3132
11.4678
13.7986
14.6297
9.77397
13.7792
5.18995
10.8974
9.27205
14.7128
11.6142
7.44261
10.817
12.306
7.97295
5.28395
13.2527
8.39803
14.9692
12.2448
14.3611
14.0964
12.43
12.7919
11.5171
11.3742
14.4712
8.64071
7.44282
14.8166
14.2777
14.1038
7.91837
9.93557
13.2144
12.4694
5.53777
11.8886
9.48783
6.5705
10.0933
13.2114
13.6858
10.2606
14.1863
5.82202
14.5781
14.8217
5.86237
14.311
9.76763
8.49941
13.5613
11.8135
13.8042
13.8725
10.5872
13.2423
8.694
6.12277
14.3285
14.9394
11.7676
12.6971
11.9244
9.50337
8.59716
13.3965
13.3159
14.3446
7.27962
11.9239
11.0014
11.1699
14.1679
10.4574
6.42626
12.6831
11.9749
8.90695
13.6879
14.4939
8.85963
11.0315
10.5464
8.90469
9.95135
14.8529
13.4959
8.95002
13.4211
9.52745
13.6422
10.0596
8.72789
14.3298
11.9491
10.5967
12.8704
10.3976
8.68191
12.862
12.9347
5.49755
14.8176
12.558
14.2713
12.5401
10.0294
9.23136
13.5372
13.9397
7.41189
5.88998
13.8865
11.6184
12.9196
10.4259
13.5119
12.6661
13.5589
11.374
13.3737
10.707
6.12418
9.56819
10.7557
10.0177
8.81339
14.919
12.2709
10.1076
6.11158
4.68038
13.4476
13.124
11.9806
13.1594
9.01891
13.5886
14.7124
12.0476
10.0184
14.2163
9.45559
13.905
14.9984
10.4866
12.0201
11.7552
12.9824
12.7696
13.7255
11.7031
10.1494
12.7455
11.4239
8.94868
10.3867
9.14218
11.9635
10.7297
10.8751
11.7053
14.1479
11.1472
8.80103
9.37929
10.6798
12.7923
14.7648
13.8926
5.98173
10.2642
13.8709
13.2319
10.5375
10.9454
9.34802
14.4318
14.4367
14.671
14.3704
14.1953
12.381
14.705
13.3296
12.518
12.8773
11.5469
12.0331
6.98832
8.09713
9.85537
11.925
10.6966
9.44366
13.8925
14.7972
8.5836
11.0116
9.05755
5.82692
11.0713
14.1164
11.2853
11.7071
12.1377
13.5432
10.7554
13.6185
12.839
14.9205
10.769
12.3264
6.15243
7.87748
10.3575
14.4311
11.4284
14.4849
12.1094
10.0481
8.07302
9.2664
13.3815
12.2356
6.57683
5.48311
12.895
12.3023
8.88027
4.15499
12.422
10.2259
10.5029
11.9866
11.4852
8.51476
11.2736
14.8374
11.3512
8.78632
12.4664
10.2982
7.65385
6.27693
14.6316
12.2503
12.1736
12.6121
14.7942
7.57167
14.7575
10.4317
13.0693
9.21399
13.2851
12.111
9.45577
14.5387
6.2524
6.1213
10.5116
11.6382
12.7124
11.1157
13.1214
14.0554
12.3202
9.01653
13.0819
12.2692
6.13965
11.8327
14.918
14.8821
9.50217
6.07495
9.81474
10.2808
10.3499
5.56331
12.9249
13.5516
14.0661
11.2804
13.1508
13.0533
13.1646
9.11352
14.357
6.57423
8.83525
12.0089
14.0721
13.6551
10.8951
14.7693
10.0813
9.74528
10.2121
11.2678
14.1823
7.66186
13.5001
13.8741
14.5411
11.1051
12.0779
10.6146
9.77316
14.9652
13.0289
14.8626
13.7587
7.99059
10.325
11.2376
9.53209
5.57399
11.2955
6.8843
14.9873
11.9619
9.86482
8.11026
13.2197
6.47121
14.0878
12.2513
12.7801
12.7155
12.8933
9.32176
13.2163
14.226
12.8484
13.2717
9.54047
12.4163
9.32918
14.5024
12.4201
8.52678
9.84154
14.2337
9.89832
14.1884
10.1443
8.9444
8.59705
9.00515
9.59268
8.80666
8.68224
11.7302
12.2617
13.6055
10.275
14.4932
11.7615
14.3541
6.11528
5.61119
10.2929
6.37214
12.5572
8.55807
10.3517
8.63231
9.64497
13.6467
11.8938
14.9304
7.35096
9.7626
14.6503
10.4556
13.3553
12.6502
9.26521
14.0151
12.4389
14.9339
10.1408
13.1612
8.84258
14.3363
6.45994
12.7556
11.5442
10.0342
11.4859
14.2358
14.9511
9.92983
9.38576
6.30956
12.0807
6.0513
8.76847
12.4629
10.1157
12.7107
10.6351
10.8956
12.5198
11.7416
8.68488
10.3999
13.4102
13.5674
12.9362
11.6228
14.9113
10.0418
8.77352
14.2976
4.51279
11.843
13.4556
14.0127
14.9059
10.0143
5.60658
10.4479
9.05601
14.3422
9.83041
8.81496
12.4355
11.0797
4.44452
12.0425
10.9756
10.7885
9.2339
7.10756
14.23
14.4025
14.0831
9.63343
6.4957
14.8935
12.7214
13.071
10.5371
10.5288
8.7571
9.98089
10.4324
10.7657
6.9011
11.862
10.1551
9.68698
10.2435
14.6724
11.7169
11.3874
14.0877
5.25306
8.78883
14.3362
14.9675
10.3918
11.7586
11.0079
12.3251
14.2521
7.24522
10.9231
13.6557
14.0908
14.153
8.37663
9.83063
11.4916
10.2913
10.6997
10.8524
13.2872
6.5859
6.05317
13.9092
10.761
13.4051
9.39679
12.9319
14.1719
11.5719
7.60931
11.8776
10.5097
14.0245
8.78585
7.24994
14.3936
10.5957
11.1874
12.5412
6.24594
12.467
9.87678
10.4702
12.5944
9.93896
6.50771
11.2657
14.9321
14.7914
12.5744
14.0889
10.2
11.2321
10.2255
13.2841
9.47732
12.2565
8.58555
10.9683
10.3345
10.4431
12.7104
12.138
12.2036
9.89591
14.1407
10.8565
13.0901
6.56096
13.8124
14.246
14.1187
12.6846
7.8154
5.78847
12.3622
10.5518
14.9973
10.0222
11.0576
14.7248
12.5888
11.5656
11.7688
10.3688
12.181
14.3133
12.1075
10.7778
9.88765
12.8856
12.4696
12.737
12.9717
14.9114
6.07141
13.2621
11.0269
5.50494
10.3496
11.5312
8.18499
11.481
14.0182
13.1689
10.0088
14.2174
10.2146
12.3684
12.2786
6.014
12.9421
11.4331
9.27748
13.7181
14.1968
11.1988
12.1632
11.0316
8.69064
12.341
12.1583
14.2476
8.69716
12.5236
9.02274
5.94117
8.77685
11.2124
9.03262
11.3394
13.3119
6.2568
10.7854
13.4705
11.6726
10.6782
11.0707
13.6549
9.74921
13.981
11.439
9.95313
13.9597
6.4318
12.2498
11.0419
10.1032
10.9953
13.534
13.9896
7.25677
7.02708
9.13907
11.4393
10.2224
12.5877
14.0708
8.4439
7.05106
6.69511
6.62992
5.08753
10.4867
6.72542
8.5624
9.09375
9.95307
8.59089
13.9437
6.68839
14.0973
12.5202
8.69221
12.581
11.469
11.9507
12.7607
7.25516
11.8575
11.3062
13.9854
14.5937
10.976
14.5443
14.3318
12.2976
10.104
12.1053
8.41335
10.9651
12.9181
8.8824
9.53259
14.8924
8.52635
8.70931
14.4195
11.2758
12.4752
9.80961
10.6318
12.8687
14.7926
6.46481
8.55494
14.7391
11.2673
10.7083
7.81362
13.4918
12.2475
7.30518
12.8815
10.1385
9.06802
9.65975
8.59973
9.92115
14.0898
11.8061
14.0695
10.4156
10.7503
12.5752
10.7364
9.31056
5.47637
9.96354
11.5778
11.9531
13.031
11.3347
13.1635
12.2955
10.2332
7.98795
5.87188
14.3993
13.7673
13.0704
5.98268
9.89454
12.9103
11.3604
8.34937
12.5111
7.23775
13.4546
8.13453
14.7118
5.76822
13.9294
7.57077
4.85306
8.45956
14.3405
11.2513
14.1122
12.8514
14.3862
12.2923
12.6977
14.2223
6.29991
10.3584
12.196
9.48734
6.67471
12.2804
11.2326
9.74363
14.2929
13.7475
12.5215
14.5431
13.8951
6.45941
13.0053
12.1511
10.1804
10.3856
9.2075
10.0485
14.9306
10.455
10.1895
12.4349
6.54809
12.1511
12.1281
8.5412
11.5682
14.0346
6.64381
11.2619
13.1136
14.135
8.27578
12.7096
13.4999
8.32961
8.28905
10.262
11.6302
11.3692
6.27615
10.8698
14.9679
11.9744
6.27574
12.6226
13.0237
14.4073
9.73019
9.96797
14.8571
10.8109
12.2004
9.55739
13.7087
8.94719
8.06622
13.1222
11.8198
13.4271
8.86131
9.30994
10.2868
9.94153
12.0908
11.1719
14.0153
12.9833
10.6308
10.429
5.03424
12.964
10.7639
11.0693
11.1504
5.41491
9.54468
6.3368
9.50131
12.0587
13.6287
11.9676
14.6471
9.98726
14.1544
10.5129
8.23426
10.9939
14.0835
12.9546
14.7049
10.6913
14.2704
14.4843
12.0705
9.87456
10.567
12.2115
14.3829
14.49
12.0252
10.3343
12.1586
13.8739
6.92799
5.76355
12.4916
9.50597
10.3846
13.4712
14.5759
11.4839
13.0043
8.15649
13.3117
12.2124
10.1418
13.0966
14.1338
11.0393
8.56579
10.1577
11.7248
14.7503
13.24
8.06294
13.5433
10.5844
11.0617
10.6916
11.9272
12.2616
12.3182
14.9087
12.6133
7.21195
6.06351
11.6434
13.0564
11.7833
9.5049
12.525
8.8458
8.15116
9.05555
10.4518
10.227
11.0651
11.7619
11.0424
11.4356
5.65444
8.6462
10.4733
13.7455
8.76035
8.59768
6.07431
13.9912
7.59459
10.9865
14.4607
9.94089
11.3288
11.3226
13.1877
13.6979
9.57898
14.2298
8.05595
12.2381
12.1853
12.2486
13.0359
9.12537
11.4961
9.21302
6.63506
10.4658
13.7471
10.713
13.7256
9.30725
8.61859
9.93425
6.91653
10.3504
13.5326
5.70042
6.3979
10.7946
8.44673
11.4147
14.0952
10.9994
10.2069
11.2258
14.3121
13.9568
12.0272
10.5591
9.41011
10.2286
7.59679
10.9611
12.2547
9.58746
13.5186
10.6078
6.71154
14.7643
12.6704
9.36166
11.6325
11.9985
12.8352
14.8226
9.31236
12.5188
9.47109
9.77144
13.6727
11.859
13.6199
7.84369
9.87722
12.2764
12.6894
10.36
14.9123
14.7571
14.553
6.12111
12.3917
12.4479
12.0216
13.7104
13.4621
9.31332
10.2959
12.5855
14.1494
12.8226
10.9989
13.1912
11.1007
10.6433
9.85636
11.8902
10.403
12.9913
14.3032
13.4289
9.04566
13.494
8.83962
7.89784
14.0417
14.0197
12.4967
14.7491
6.32386
6.33933
8.66508
12.7594
14.0647
9.90513
13.4484
12.0206
14.4839
14.2753
12.4248
13.679
12.1659
6.76477
11.4637
13.2851
14.1384
10.0828
6.11407
9.08271
9.63279
7.62787
14.1599
9.96838
11.9523
13.0583
13.1579
6.96842
8.20998
7.18894
12.7506
13.0708
11.0548
10.3476
9.28075
12.4819
12.5941
11.7148
9.83752
12.6277
14.3403
13.304
7.66591
10.546
8.21321
9.53966
11.4737
14.838
10.3502
14.8667
9.78302
13.8935
14.9101
14.0794
13.866
10.6401
11.4411
13.109
9.83794
14.0817
11.3597
9.48106
11.924
6.22369
13.6044
14.2062
14.7617
14.0888
12.1194
12.2553
11.0067
5.67167
10.6027
13.285
9.46856
10.0419
6.24763
10.3064
14.4614
11.6931
14.5108
5.49153
6.7938
14.7402
6.36944
12.7569
9.37048
13.6742
12.4794
5.52395
14.3673
9.94252
6.78451
12.0957
14.4691
11.4067
5.64605
6.26906
9.92813
12.6949
11.8679
9.72976
7.81173
13.8546
10.1645
11.609
6.91323
11.1527
14.5833
14.1262
14.2049
8.38507
14.6089
14.8546
10.5191
6.88808
13.7925
12.5111
13.5
4.8042
9.0356
12.9565
10.7637
10.9081
9.5957
9.49034
12.803
9.40795
13.5232
11.1911
9.899
4.68685
8.94442
6.98363
11.0357
9.91724
9.55559
10.1183
14.9424
13.9456
10.0367
14.6378
9.55448
11.667
9.27705
14.5641
12.966
5.89848
13.3727
12.2073
10.1011
12.9083
14.8848
12.0797
11.3067
14.5592
7.5191
5.16559
12.2236
13.2463
11.9258
11.1891
14.6285
10.2341
5.97744
10.7695
14.5665
11.7774
14.2157
10.5873
14.569
6.34243
9.415
10.8552
14.4084
11.4602
11.3744
8.811
11.1433
10.2697
9.96889
14.8017
7.87415
9.90744
11.4407
11.1958
13.3013
9.21019
14.14
12.2302
13.9003
9.71567
11.0228
10.4113
10.4282
11.6211
4.96144
9.1715
9.68593
10.2674
12.675
13.631
11.7734
10.6406
14.6841
12.7718
11.0633
13.8555
11.1261
12.6787
9.95135
14.4175
14.3363
12.8944
12.7821
6.29508
12.4872
9.87333
9.77538
8.82539
10.1026
9.06313
10.3664
13.2204
12.6863
12.0222
14.5507
5.34145
14.3732
6.30743
11.1076
11.9931
12.6671
9.32811
5.80641
6.49717
12.0643
11.6219
14.2864
13.1597
14.3157
10.9784
10.517
6.94851
13.8134
13.2265
13.7043
12.0711
8.87519
9.94563
12.2869
13.2134
8.51076
13.245
12.8377
14.1216
11.1261
14.93
13.5925
13.485
14.601
12.0807
14.0928
12.2748
13.7845
14.9772
11.1227
7.30492
6.23817
13.4531
13.9733
12.0768
14.1938
11.0414
7.41505
13.1784
14.1789
10.8719
13.1981
13.5343
11.7777
8.86338
11.9465
13.5326
8.98272
5.86048
9.25176
7.5352
12.1196
14.1089
10.6485
13.1761
11.6787
6.82935
8.77779
13.7596
14.1873
12.5829
7.20787
11.48
6.88272
9.75769
6.32873
14.8731
14.4442
13.8572
12.3148
12.3142
14.8024
10.3037
12.8374
10.5724
11.481
14.8027
8.40893
12.7865
14.5193
9.74175
13.5465
12.4013
6.72811
11.8146
14.4201
14.6749
13.0473
11.8319
11.42
13.6638
10.0612
9.91191
11.2462
10.3972
11.1218
14.0234
10.938
12.8343
13.6404
6.28338
5.79251
10.0236
14.994
9.03529
13.4103
14.1564
14.1007
7.66752
9.75125
12.1291
5.64602
13.9663
5.67613
13.4581
14.2092
8.90907
10.797
9.61093
14.8344
8.66127
6.597
9.30809
14.5864
12.4729
12.7202
10.3413
10.6393
9.12276
12.267
10.6289
14.1608
14.4244
14.6562
10.5723
7.42295
14.9596
13.2535
12.2792
8.22263
11.8031
5.03934
10.925
9.7834
14.1281
9.92675
8.99725
9.13118
9.4997
11.2285
10.7037
10.3491
5.90555
9.75282
6.24469
14.8573
11.184
9.81439
10.407
11.9449
10.052
10.3537
14.3375
14.1574
5.29766
11.7441
11.2305
6.07261
6.35168
12.6392
11.0094
9.6938
10.2075
10.7623
8.15462
10.0706
13.5524
12.5385
10.7164
6.37252
8.45769
10.2818
11.8544
11.5184
11.2752
13.3692
6.45523
14.0144
12.1521
7.55092
12.9106
12.9479
9.94906
8.64131
9.3122
6.36532
7.5575
10.6461
11.5206
13.8135
11.7852
8.60615
11.4327
10.3356
8.33846
13.0379
10.3189
12.7647
13.8946
8.20981
13.3139
5.72596
7.05829
10.7471
11.5478
14.6631
6.07585
6.07688
12.3814
7.98636
11.7891
7.26749
7.63384
12.2479
12.1426
13.8653
10.417
13.7494
14.1571
10.4976
8.52795
13.9179
13.9102
12.9602
6.43927
10.2709
10.166
14.2863
14.638
14.4225
7.42055
12.7376
13.7484
6.35521
13.185
5.80378
6.05589
11.7304
13.1227
9.78477
13.5581
10.3992
10.5923
11.896
12.8643
6.25845
10.5353
6.14237
9.47751
12.9887
8.71532
9.73742
10.9212
14.7854
9.46331
12.6303
11.8671
13.1148
10.2896
14.1509
9.32129
7.65958
6.19183
8.92962
14.6322
12.7645
8.80324
14.9816
11.321
13.1125
13.3733
12.9085
13.2638
8.65975
7.07834
13.633
11.0858
7.98626
11.4524
10.0183
11.2657
6.11375
11.5526
9.29549
13.4525
12.2359
8.99027
6.34948
9.07628
13.2338
5.16005
13.198
10.8047
13.0113
11.6636
10.4545
13.3133
14.5892
12.0794
13.6096
6.38782
6.28277
14.3412
12.6632
11.592
7.14664
11.3018
12.6443
9.0128
14.4623
13.1955
12.7979
13.1304
10.6244
14.4555
14.9927
10.9705
9.5256
14.988
11.6565
12.2508
13.3907
11.6755
10.628
5.88549
10.8402
14.995
10.7657
14.1778
12.2973
6.41669
6.05217
10.2594
14.834
9.95919
10.8885
9.5961
6.5109
10.8148
8.32362
11.358
13.4474
12.6408
8.43553
12.5101
13.7449
14.6128
8.10144
12.1721
14.0277
8.80185
12.7999
9.66819
12.5227
8.57311
13.9256
7.8712
11.3609
14.2363
11.1414
11.2575
6.05495
14.6791
8.54402
12.7148
14.6979
9.81234
11.4623
14.9047
13.8525
14.8399
10.8812
6.14975
14.2052
10.0194
10.2007
14.5844
9.58517
8.10025
9.91586
13.3327
13.7762
5.94234
9.10622
11.5034
13.3889
14.5222
13.013
10.7401
9.10686
13.141
13.4716
14.7793
14.8466
11.2349
13.3079
8.78752
10.1795
13.7638
10.8819
11.1674
13.3286
13.7408
14.7623
13.4268
14.0013
12.93
14.9346
10.2027
7.51167
10.4297
13.6721
13.9155
8.99854
9.28986
12.2854
10.8735
13.1777
5.73679
9.19657
12.5324
13.864
14.5476
13.6929
6.55765
12.5614
14.6911
13.979
10.919
10.3014
12.8469
11.031
8.8497
9.48045
6.72889
14.0872
11.5334
13.6245
13.3059
13.0387
7.12182
9.18192
13.5756
7.78289
12.7183
14.2767
13.4913
14.5524
6.50317
11.0068
8.56323
14.4457
12.5093
8.09512
9.65502
12.7647
12.9885
12.4901
13.6272
10.7499
12.3463
9.65311
12.6316
14.8923
9.643
14.3052
12.2016
12.1892
9.9043
10.8129
13.2917
13.9412
10.7292
10.1772
10.6457
6.60279
7.47863
8.84821
14.1034
10.4292
9.04088
7.4748
14.9336
10.8427
9.63451
14.1784
11.807
9.29426
10.9457
12.1557
12.8496
9.81771
10.1714
13.5309
13.1642
12.583
12.9587
13.8577
8.24066
8.09825
11.0436
10.0558
10.2927
8.99362
13.2963
10.8459
14.5452
7.54692
13.0076
12.2899
9.32931
13.716
6.63523
7.36696
8.50748
8.09765
14.3706
9.00232
9.7489
10.294
9.63608
7.50273
10.6908
13.5976
9.88529
10.8233
10.3135
11.1571
6.17811
14.3966
10.8349
12.3043
8.62562
13.1645
13.0021
8.76857
7.02129
13.391
11.7275
9.66349
12.8534
9.44668
9.95687
7.50927
10.414
14.6739
5.96444
12.8355
8.91043
5.58732
13.9398
6.51401
9.85699
10.8491
9.88333
8.99485
10.9161
13.4444
12.4443
9.25318
13.9296
14.2339
14.1937
12.9664
9.34932
9.71649
12.1581
11.9102
12.5874
5.36523
8.72133
13.68
12.9866
10.8964
11.4497
11.2902
10.9829
14.8674
10.6446
12.7789
13.0083
10.5811
12.8927
11.3985
13.1935
6.19187
6.35406
11.9837
9.32925
14.9396
10.8167
11.3832
12.9286
4.34188
11.598
11.8655
11.5102
11.9898
10.8713
10.4843
6.66275
11.9459
10.7598
10.3919
9.54809
13.3631
11.0563
13.9952
6.40454
11.6272
8.53626
14.7814
13.7338
8.28448
10.716
14.1857
6.17304
10.9118
14.0206
9.78571
12.4802
14.3605
12.8948
8.44706
13.1953
13.9505
11.9048
12.9853
11.6942
7.03899
9.45834
10.7677
6.26842
9.01663
14.1501
13.7981
13.1823
14.2504
13.5906
11.6289
8.29994
7.57931
10.8893
13.4652
11.6861
14.5258
12.7343
11.1956
12.3062
14.3236
14.8528
10.7077
10.1665
6.06304
9.54211
11.9737
12.383
4.43345
14.955
11.4248
13.6706
13.3218
13.7169
10.2369
6.83181
11.0356
8.64044
12.5168
14.3469
6.32395
8.69763
11.6909
11.7743
12.3942
12.694
12.7704
4.77055
12.7656
12.2417
7.70969
11.6437
11.273
10.1009
11.9938
13.5715
13.0767
10.6219
9.16173
13.0625
12.3165
12.6055
6.49282
12.1518
14.2162
13.7353
12.7526
12.7382
10.9279
14.7395
12.0387
10.6632
4.83412
10.2935
8.55682
9.09451
12.0254
10.0348
6.20442
10.8747
9.66696
10.5313
13.9697
10.9617
6.64326
14.9228
10.119
13.5777
14.1775
13.4719
13.3774
11.876
12.987
11.4196
11.3539
14.1121
8.27414
11.6831
12.2327
10.3964
10.1304
14.7016
13.172
14.5467
14.6879
11.5527
11.4133
7.64664
10.6242
10.9758
11.9129
9.52774
14.8576
12.4563
14.3196
11.7195
11.1615
11.6856
5.84456
14.7263
14.302
10.5122
13.5485
6.05397
11.1785
14.6572
14.8449
4.94252
14.1563
10.3855
14.3796
10.2593
9.28076
12.4167
14.4082
9.66494
14.5655
10.5088
14.4543
9.69531
13.4757
13.8298
9.04489
13.3611
7.21912
11.9482
13.6816
14.6348
11.5837
12.0161
11.5438
12.4153
9.99402
7.96374
14.7063
13.9882
13.7233
10.2765
12.1393
12.4165
14.2968
10.044
11.6779
11.4169
8.94664
10.7569
14.323
9.82486
8.62158
6.33707
10.5232
14.1159
14.1079
13.1881
12.0766
9.49153
10.0884
12.424
6.29112
11.0811
7.09529
13.5597
13.9097
10.5082
7.09052
6.04875
14.1543
10.063
10.3578
13.6731
11.7627
14.4912
10.7353
10.9181
14.953
10.4453
13.5202
14.3219
12.4677
13.0438
13.669
13.5665
14.7732
9.26611
10.9161
11.5107
14.6549
13.5829
7.44363
13.6621
8.8866
7.83222
5.15308
14.2391
14.8958
10.7844
10.0391
14.9273
11.6643
6.24049
10.8379
9.31748
10.455
9.9802
9.6376
10.0704
10.4666
12.1574
13.8912
14.2659
13.5933
13.7306
14.2456
13.4845
9.89773
10.4777
13.4279
13.932
10.9374
13.6408
13.2621
14.4036
13.8972
5.70012
14.3458
14.2863
11.7909
13.8335
12.8309
11.5161
14.2346
13.2849
11.7984
14.5834
11.6302
12.3432
10.8795
9.26831
12.0199
10.1887
12.4109
14.2195
11.0914
14.8328
11.1038
11.0185
11.1234
10.185
14.3962
4.99917
9.72549
8.81266
12.2258
5.99202
10.3641
9.371
10.0121
8.58313
10.5968
10.3884
11.8531
12.9137
14.5143
10.5689
14.9289
14.1651
9.38787
14.6122
14.7311
9.3883
5.64585
12.6472
13.2167
12.1497
10.8099
8.36589
8.39514
9.34216
14.3318
13.8011
12.9726
8.45638
7.30656
8.78019
12.297
13.109
13.621
11.5923
9.95628
6.02011
14.5817
13.7402
12.0017
11.2255
11.0283
9.33674
13.5418
11.1888
14.1926
14.1696
11.2145
5.83198
9.05318
13.5252
13.9203
8.2834
13.7546
12.523
8.67867
10.5926
5.6381
12.499
8.18884
5.52637
5.40702
11.7632
13.8495
12.3088
14.9237
8.58839
14.483
14.064
10.8871
12.7508
14.8276
10.2866
8.82049
7.96093
12.4754
14.5684
6.93945
10.2407
8.64899
10.1967
4.87522
5.56068
14.4195
11.4238
10.9686
12.5706
10.2282
13.0886
13.2578
6.31805
12.4399
13.9989
8.61149
14.1627
13.7255
11.0184
4.76607
11.2309
10.3888
7.38497
11.1229
14.1061
12.3659
12.6155
14.1697
14.8788
11.3986
8.68604
14.3828
12.2989
10.354
13.2609
11.7617
9.36083
11.2504
11.8734
10.1646
10.3635
6.43959
14.1816
6.34747
10.8434
13.2114
11.6346
13.9123
11.3964
10.6587
13.9485
10.6469
7.67512
8.86715
9.94106
10.505
12.3475
9.9615
12.7911
12.6755
7.2439
11.736
13.1186
11.6246
13.0697
12.6079
7.9256
13.8169
12.792
6.85311
8.11302
13.2023
14.7935
13.6531
9.57396
13.8303
11.7587
8.34351
12.7388
14.3961
10.7237
10.2146
5.81105
8.70362
9.88246
12.1402
12.7845
14.4499
12.9308
8.72999
8.77484
14.3922
8.65411
13.2414
10.1515
13.7579
10.5764
14.9572
10.9115
7.93089
10.6569
10.9564
10.9922
14.8461
11.616
9.92373
14.4494
13.1066
11.3923
10.423
14.5556
11.8541
6.60059
8.82669
11.6556
9.5488
14.7246
10.7905
14.3744
12.2643
9.64774
11.0053
6.20902
7.89492
14.0801
10.3147
11.9219
12.2395
12.8542
9.31725
13.1376
10.6828
13.1172
13.3043
10.8472
9.83315
14.4568
10.7277
8.56205
12.2493
8.34392
10.0715
6.0614
11.0436
12.8939
8.98785
6.66553
8.77401
9.63979
11.313
11.7776
8.83234
14.7464
9.66181
11.7826
12.1229
9.65753
14.5331
9.65022
9.10714
7.70308
5.18587
11.1481
6.69846
14.2842
11.4935
5.46484
11.3786
7.34443
9.97412
10.7613
14.5078
14.0513
9.81642
13.4349
5.26769
5.55561
9.23048
9.97498
9.89654
11.1226
12.2312
5.1048
8.59206
11.3772
9.6349
11.7028
14.4439
8.47641
13.0967
9.91548
8.59807
14.1968
9.81312
11.9187
13.0169
13.0423
12.6561
8.61955
14.2126
14.9933
12.5219
8.65844
11.7142
13.1687
12.1035
13.9745
14.7514
14.3168
10.224
13.3212
12.2102
11.414
13.9106
7.91062
10.9097
10.324
9.71267
8.67068
11.2464
9.12171
8.56929
12.1507
6.39413
14.6022
11.5842
5.98436
7.63994
13.3476
12.4596
10.8383
10.9036
12.9229
12.1543
12.3021
14.8985
13.6071
13.7149
13.7609
10.2342
13.3126
8.28338
14.4037
14.0775
9.99229
13.8641
8.57767
11.6749
12.5516
9.00872
13.7251
12.0702
11.9947
13.7737
10.9385
6.14443
9.6567
13.5476
11.0677
10.9873
6.34528
14.2122
6.29085
13.2929
13.6189
13.7427
8.65593
12.8926
13.0798
13.3036
11.9112
11.0824
10.7282
13.0312
14.4198
11.666
8.67837
9.53559
14.5065
14.7867
12.2069
6.45779
10.1781
8.37459
5.55639
11.6444
11.1533
14.8264
12.2195
10.5495
12.5048
14.5165
12.1662
11.1236
13.7063
14.0583
10.5128
12.4869
6.32252
4.69425
14.4442
11.1255
10.883
11.3713
13.8007
8.39264
10.3564
6.98916
8.74967
6.75654
9.9358
13.4681
14.4597
12.5045
11.0312
12.9524
9.00133
13.2111
13.3315
11.3605
13.8075
7.94688
8.60132
12.0243
6.3926
8.54058
11.9001
11.9372
10.4369
13.4184
14.6646
8.53428
14.5612
14.1726
12.1263
5.92307
14.2789
11.85
6.04642
13.6889
7.6837
10.1158
10.5423
10.3661
7.64608
13.6966
12.1855
11.1599
9.16301
12.5029
10.2605
14.4237
12.8728
7.76849
12.5464
10.2535
9.8173
8.18956
7.69392
14.7542
8.61504
14.7632
11.0954
13.337
10.203
14.4271
5.49709
5.99566
14.7653
10.1987
10.7498
12.9998
13.3382
12.4172
5.97191
12.6062
13.1685
10.3585
9.55368
13.215
13.267
12.5032
7.11687
10.4586
13.4079
9.94278
8.35076
6.3101
13.7854
14.7241
13.7776
13.5076
10.7039
13.1462
12.9164
14.3436
14.6575
14.0956
12.114
10.2036
11.5021
11.9809
12.6073
8.24509
5.16146
12.2344
13.7083
9.2977
5.61513
6.84232
11.0821
9.0607
13.3236
13.6252
14.9707
6.41076
8.05576
13.8053
14.3238
12.039
7.38133
11.8941
14.8874
5.96582
12.0538
6.34576
12.9346
5.77799
10.7281
11.8336
13.6609
10.5969
12.2519
10.0709
10.3426
8.35242
10.8928
10.5402
6.89429
14.8566
11.7552
13.5113
10.9463
8.65291
14.6065
9.48829
13.4582
11.5272
9.37911
13.4889
14.5072
7.52486
5.85456
13.3763
6.54434
12.1381
8.54194
10.983
11.3575
12.5073
9.39583
12.3104
13.636
4.87474
8.55102
14.732
14.8438
9.70326
14.5887
14.1891
11.1397
9.81913
8.63244
14.3486
10.6353
9.62702
14.4905
10.6948
7.93637
11.8875
5.86467
14.3495
9.5399
14.5696
12.4727
11.7181
6.49283
14.3656
10.2101
12.8462
12.6958
9.45514
7.12555
10.5039
14.8145
10.1477
6.12197
12.8099
11.9762
10.0505
12.004
11.6186
13.1546
8.54509
12.7639
13.2057
11.0774
12.3415
10.6556
9.86982
8.45152
8.75582
10.7243
12.1523
8.2849
10.5921
8.39145
12.0343
4.84894
13.1008
9.83236
14.839
12.6535
8.90452
13.8435
14.3344
11.7333
9.93756
8.17344
9.68959
13.7516
14.9227
14.0209
9.58001
11.6695
12.7446
9.4621
14.32
12.6028
10.1268
7.12971
12.2634
9.14726
6.13062
11.719
7.94618
13.6595
13.1043
13.1806
14.8949
13.1293
9.45841
12.0055
11.8691
9.81054
11.4863
11.3306
11.4354
6.20633
8.61909
12.0485
11.485
5.68679
7.74754
10.7517
14.3705
14.6244
10.3397
14.7697
7.35636
8.07051
11.0432
11.7851
5.46831
7.87998
14.0328
11.381
10.8348
6.05379
13.5058
9.53608
14.1438
10.2301
13.0008
12.9558
13.1558
13.0559
13.8306
10.5762
10.5398
11.1575
10.6888
14.7324
13.2907
13.8349
9.98181
10.2189
10.9766
8.62864
14.3798
10.8631
10.9649
14.328
5.58266
14.6488
13.1814
14.2026
6.20891
10.9119
10.6126
10.1646
8.8829
13.5802
12.9687
12.9534
14.6012
9.83327
5.21681
12.4766
7.52276
12.9478
12.7001
14.6554
10.1826
8.35886
13.3502
4.26105
11.6826
6.40178
12.8691
12.8483
11.1118
8.90423
11.6843
13.1644
9.39653
11.0705
8.66473
10.0281
14.78
9.8975
14.1031
14.7288
13.7346
10.0144
13.0072
14.8802
13.0348
13.8234
14.1402
8.84587
14.0686
10.2246
13.0374
8.2052
14.2116
14.2677
12.7879
12.1671
13.8597
11.2098
11.6563
11.669
14.8508
9.88094
9.95457
8.04936
6.97627
11.6122
8.29231
6.11315
8.7453
8.48821
14.4789
8.86926
9.30688
10.2672
14.6284
12.1463
5.86414
13.3706
12.3962
10.6898
9.82844
10.2481
9.75082
11.9563
8.92437
13.0487
12.2911
10.9085
7.96982
12.2825
10.7329
10.6733
7.09499
12.4279
14.7363
9.32844
7.98161
13.344
12.2705
14.2197
12.2027
9.68176
13.8396
6.16055
6.97337
9.47318
11.2418
5.65851
11.45
13.2312
9.49111
13.2671
12.5169
10.1629
14.0802
13.0937
8.69336
12.0547
12.304
8.39167
10.3837
9.53553
12.4968
8.78944
11.5692
8.835
11.756
13.3315
13.4534
12.2225
14.6069
9.91304
14.5838
9.45961
6.2958
10.015
14.6086
10.2628
5.58767
11.5228
11.7866
9.97538
10.5152
12.1521
10.1029
12.7452
8.90665
14.0078
11.0218
11.3669
13.9959
4.94945
14.6212
6.18255
9.79703
14.9926
10.8226
13.5543
13.9329
11.9323
13.0049
8.44891
10.4766
8.73542
9.99048
8.1743
6.07197
9.37657
9.32184
9.23219
13.9592
10.897
9.19465
5.46515
6.13038
8.6374
14.3789
13.2237
6.60099
6.13381
12.0794
14.6643
9.74903
9.52805
13.1495
13.1635
12.6489
7.16015
10.5287
12.0308
13.9895
14.5143
5.68137
5.39278
8.13534
8.87813
9.88795
8.95272
14.6334
9.47226
8.72338
9.66368
12.329
11.4821
14.5529
10.2369
6.59889
13.8238
11.95
13.8067
6.37776
12.7703
5.73564
6.1077
4.41714
8.87492
8.99154
13.6133
9.21343
12.5281
13.8972
5.13987
12.8711
12.097
6.68626
5.3995
7.07512
5.17
13.6444
9.88315
10.4783
5.59881
10.8585
13.1773
6.64069
12.1021
14.0583
11.9942
12.6477
8.77622
9.88571
11.5934
10.9737
13.4698
12.2171
9.97324
6.6044
11.4559
14.8073
13.9991
12.6227
6.20409
9.31806
10.756
10.3897
10.8722
10.1833
14.9856
10.1526
10.9565
14.4691
10.4478
12.3344
5.2514
9.10394
9.78747
10.5773
11.7519
12.2679
10.7462
12.2492
9.95276
14.0182
13.9653
9.72994
8.88056
14.588
13.1256
13.2109
9.71282
11.7044
13.9317
12.4351
14.0853
14.164
14.7999
12.3637
13.5253
11.2864
11.2156
13.8731
12.9554
12.9875
10.5888
13.2689
14.6912
9.12466
11.2995
7.89658
12.0971
6.41914
5.91282
13.7782
9.50085
9.86023
14.3032
10.677
10.6679
13.1327
9.76577
12.3358
13.0272
14.3954
10.6699
14.1212
14.3605
13.9368
13.2602
10.7973
13.6192
7.7866
9.86653
13.2391
12.8835
9.86052
14.3902
11.0586
11.6302
13.7606
10.7223
13.8846
7.01136
9.33939
10.6367
10.5281
10.0244
12.9648
8.51674
14.6172
7.92142
14.9626
10.758
10.7102
6.10533
13.9874
11.7764
14.7437
9.54797
12.3685
14.5228
5.00261
9.95862
11.6836
6.54148
9.02469
13.4926
14.7254
11.27
14.4312
5.81165
9.92317
12.2909
10.5215
9.96296
9.5277
10.1773
7.96004
12.3612
10.4239
9.59201
8.20391
8.277
14.1791
14.8381
9.91185
12.1072
9.87377
14.3933
8.68962
13.2292
10.8855
14.8948
10.7821
12.2112
14.4134
10.6009
14.3373
9.84411
8.5267
14.9159
13.396
8.35873
14.7928
11.6282
12.9704
11.1632
5.59375
14.6259
11.2432
5.33263
9.33825
14.8855
10.7074
14.5887
7.32149
10.5206
11.4722
12.853
7.80246
10.8276
13.0153
10.5933
11.9877
13.7486
14.9914
10.5462
14.9183
12.003
8.47544
8.21955
9.03426
8.89308
8.59923
5.83348
12.0943
13.1946
10.5855
14.6072
12.658
12.8892
14.2719
10.0877
10.7227
12.2329
8.75232
9.86314
7.25429
8.3685
5.94757
8.58997
11.5688
13.003
10.9958
10.2582
8.66121
10.5593
9.20895
12.2904
8.28958
11.5265
9.12602
10.9479
8.30008
13.6265
14.1689
13.288
14.1962
13.2525
10.6338
13.7353
9.82943
11.5902
9.58187
10.2198
13.4939
12.9385
11.2267
9.90316
14.3915
12.394
13.8559
9.19854
12.3553
14.3909
13.6344
12.1073
8.99422
13.3258
11.8492
13.0487
11.4398
13.5761
13.0507
14.2662
14.0445
14.666
11.8981
14.7265
8.40666
12.218
12.2113
8.3652
6.3538
7.96439
9.76924
11.3051
9.32924
5.54009
10.9621
7.91305
12.422
6.46614
6.81558
11.695
7.45401
9.24923
10.9193
9.96118
11.5423
10.8237
11.6579
14.2077
9.55229
12.1251
8.17942
9.05097
14.9183
9.06936
10.7171
8.0137
8.52567
13.6542
10.0379
9.06786
8.79128
8.80817
10.3944
13.0217
8.23594
11.6769
11.4738
13.7453
14.5724
12.1748
11.5759
14.1081
12.9426
13.6739
13.193
9.72541
5.49365
8.03216
13.4023
5.92122
8.95191
13.3886
10.2968
10.8152
9.02208
8.1337
8.55799
7.79609
14.8533
5.6584
14.3599
12.254
11.0416
6.82663
9.8396
6.20484
8.31115
14.3972
9.51785
8.96398
10.7068
8.4305
11.1606
10.124
11.113
14.1563
12.0583
14.1526
9.97222
6.22516
8.89897
13.4439
12.9726
13.7269
14.3563
12.874
13.1927
14.6779
11.2246
7.97983
10.6619
12.2987
14.6279
11.9555
10.5667
9.57404
6.15862
12.5791
10.3726
10.4341
5.5247
7.82171
7.0585
8.59414
10.1461
8.02039
13.262
7.41752
9.44092
12.0479
12.325
9.36493
9.66809
9.549
14.8232
13.4621
8.80601
10.6384
11.5808
10.2532
7.97939
10.943
11.791
12.612
11.6801
9.86818
9.72109
9.17662
13.6009
11.3163
14.49
14.4262
6.74739
12.2999
13.4737
10.3945
8.95083
6.22557
6.40936
9.55033
14.4708
14.6137
12.8631
6.50419
12.9105
11.5679
9.09924
14.5437
14.536
13.2338
10.5591
14.2634
11.8632
14.4913
13.3994
14.3373
10.9591
10.0496
13.5465
13.1355
12.596
8.89871
14.3163
9.97686
11.6104
9.93911
12.2794
5.50623
11.1555
8.72624
5.32236
13.2789
4.89696
9.33701
9.91082
13.182
7.3891
11.7123
12.9888
14.8865
12.3039
12.2002
10.1771
8.46776
5.27137
13.2606
14.7947
9.71833
10.6469
13.4339
11.2876
10.7402
6.43887
12.3061
12.7841
5.90408
12.6228
8.65816
9.58782
12.1177
13.5823
14.7364
13.4866
13.1646
14.2185
8.94072
7.18333
7.38808
14.0415
13.5445
11.8328
14.6044
7.51378
6.18743
12.9611
14.6646
12.4807
11.1672
9.67588
11.6532
12.6073
6.96942
13.6251
9.34468
12.4865
5.30001
14.0822
6.25656
12.0586
11.6101
7.49213
14.1991
9.10134
10.0527
8.73672
11.7826
10.2392
8.04548
13.4162
12.8588
7.65735
14.7553
13.6492
14.2885
10.1521
10.8956
7.70482
9.25125
12.2187
11.9964
11.5242
10.6622
12.9391
14.017
13.5467
10.1441
13.2142
10.9965
14.4097
12.143
11.729
12.0775
6.28369
13.6444
12.4297
13.5046
12.5876
10.5729
14.8243
12.7009
13.9845
9.69864
10.9522
9.65518
10.7688
6.04917
14.8199
6.63462
12.677
10.3553
8.77352
5.18385
6.94884
14.2716
13.0101
9.33109
11.7419
12.4114
12.6205
10.4403
7.76532
11.3357
10.9804
11.3887
14.0969
14.5979
8.73939
12.0115
10.1462
14.0718
12.7881
14.3543
14.3457
10.9829
12.8631
8.25322
10.1585
13.3876
12.588
12.3624
10.8047
12.0628
10.4286
8.85843
13.9133
10.1822
11.1905
11.1568
11.3883
9.86509
11.066
12.1654
14.668
8.52095
13.9836
14.0509
9.1123
11.7306
6.07632
13.987
14.9637
14.1392
14.9569
8.44046
11.1223
13.9522
10.061
11.1861
13.2453
10.0413
9.53797
14.8275
12.4194
13.7131
9.44796
12.2034
14.7174
11.1185
14.6539
6.22616
7.616
10.153
10.4359
12.4379
12.2743
6.68374
8.77064
9.95938
5.9511
8.5516
14.0276
8.58776
14.524
12.2472
12.9258
13.4333
14.8401
9.9776
14.2929
6.65764
6.45187
14.5086
10.0403
11.4604
6.14153
13.1415
13.5855
10.0818
13.7223
13.1321
14.928
14.7934
13.7814
9.22332
13.2724
11.9325
13.631
8.68842
14.0296
10.944
10.52
14.9258
14.7228
10.8137
6.33715
12.1088
11.9933
10.58
14.748
6.3481
11.4688
12.8531
13.6382
10.2454
6.61358
11.117
12.7984
8.52547
12.2082
10.9622
11.0491
9.87915
13.8909
10.6449
8.51211
7.35356
13.4003
11.7791
5.85311
10.9322
13.8855
10.5642
11.9059
11.6633
13.7008
11.7595
12.4742
12.4486
14.5115
7.6417
14.9524
7.69732
8.85868
14.4442
10.4962
14.4433
11.8404
14.2355
5.32439
14.3394
10.4875
12.9775
13.4897
13.4493
12.4417
13.5468
14.8696
8.09229
13.1809
11.5866
13.3821
12.1827
11.2728
14.4329
11.1914
14.0748
14.3538
10.9869
4.82205
12.7408
6.6573
14.5771
11.0731
12.7207
8.62293
8.41299
12.7638
12.0977
6.05102
13.2658
8.45815
9.88266
4.47125
10.8636
10.6013
14.0063
13.8928
11.3532
14.4707
10.2608
11.0303
10.567
11.4537
14.2528
13.7378
13.2066
14.498
8.68737
7.68682
5.3447
11.9085
10.1781
10.401
9.96814
14.5359
13.5464
11.0583
11.4412
12.4047
13.1007
9.76708
14.6586
5.72166
13.7954
12.9566
9.83554
8.84131
9.93972
10.498
13.398
14.2477
11.3945
10.3067
14.4226
8.09186
9.90879
14.4264
10.095
13.7274
13.7733
13.2451
12.6681
12.6989
11.888
10.9931
11.6376
14.133
14.3635
10.9476
10.2361
5.71931
9.79064
10.1201
13.7003
14.2917
10.9939
9.20918
14.8183
14.2116
11.9007
9.20806
13.6932
8.89816
12.5381
14.5449
5.99741
10.3158
12.2007
12.2119
13.6567
10.2327
14.2271
12.0934
12.1431
12.7872
10.0593
7.99427
13.8603
6.70988
12.1732
7.59572
9.70775
10.2611
13.0456
9.85701
9.87306
14.5001
10.7394
14.2458
10.8006
7.94144
8.59512
9.92104
10.8135
8.53017
8.63106
9.57971
13.7438
11.3519
13.3437
7.4142
14.5211
8.43851
8.75314
12.4471
6.13029
7.674
11.6569
5.51808
9.54835
11.7374
12.29
11.1783
7.82719
14.3365
13.9327
12.2345
12.4282
7.74571
9.72496
9.66011
14.4994
14.2536
10.0958
8.52412
8.11701
12.2662
14.2274
13.7781
7.83121
10.7632
13.7197
13.6027
10.4399
14.0796
8.9475
7.19542
14.4313
11.0021
12.3497
11.2599
13.9093
13.4444
10.5777
6.20546
9.83523
12.8589
8.84693
14.7754
14.2811
8.70254
9.78574
13.9636
13.9853
8.45675
10.2392
10.4201
7.7916
14.7172
13.5063
9.98218
10.4156
10.6635
6.88107
8.24034
13.4899
12.3602
10.6863
13.526
14.6253
10.9788
5.74408
5.85191
13.8584
13.4408
14.4781
9.88752
5.15352
13.7137
9.98131
6.32924
11.046
9.81833
13.4447
11.0867
8.75996
11.8287
11.3273
6.88298
8.78694
12.4391
14.7774
13.6314
14.0606
11.8314
13.3691
10.8099
10.175
8.71951
10.1293
10.964
12.8798
6.22421
12.1938
14.1117
10.532
9.33565
13.6053
13.6297
13.2061
10.5744
10.5986
11.7647
6.26937
9.9994
10.6922
10.1945
13.7429
9.86031
12.9478
14.2027
10.7083
12.5921
11.4479
14.2664
12.9675
9.81052
13.2952
11.362
14.187
10.5864
10.6618
10.7483
13.5754
13.1729
10.8405
14.2362
10.3888
7.26821
10.2855
6.29646
9.10893
8.99142
7.89949
9.45894
13.5603
13.1995
13.4335
11.8573
11.9306
13.0436
13.5386
6.41692
9.35096
13.2192
13.9182
12.8616
13.0952
12.9232
6.38748
10.255
12.3167
14.4291
10.5943
12.3208
14.8583
12.9657
11.6546
6.07321
10.5378
12.8433
12.6462
12.8671
4.23108
13.36
12.6116
5.74383
13.0443
14.5567
10.9795
11.1287
10.9976
7.26961
10.7389
12.4572
10.7155
9.36779
9.80727
9.57374
10.5177
9.56525
13.4476
13.7615
14.3478
12.6824
13.6351
12.8199
9.11732
10.3774
8.7674
11.3486
14.3259
14.932
12.0857
14.3159
13.4448
11.4358
5.88024
11.1674
14.3175
10.8824
6.55032
11.0275
11.2326
13.3018
8.37441
8.94424
12.6993
14.8444
14.4477
8.48068
11.8668
11.6406
14.8031
9.52792
11.1679
13.4113
14.7875
10.2366
13.5403
14.9263
7.46553
10.3562
13.9767
10.7427
13.9816
14.4663
14.6495
13.3616
11.2462
11.1119
13.2091
12.0436
10.1449
14.4833
14.8182
13.6396
9.41099
11.6855
13.9382
7.11764
5.63807
10.9192
14.5083
12.167
14.1139
14.9006
9.96354
10.5327
12.326
6.15247
12.6823
12.5231
10.5326
14.4093
5.34527
11.3632
14.6194
6.1482
9.49883
9.68565
14.2936
8.10492
13.3804
12.5346
13.3081
11.4025
10.2505
9.45653
10.9382
11.8104
8.49671
11.0384
13.2025
13.6276
12.3472
11.3079
9.14507
11.8856
12.7767
8.59791
11.3816
8.48262
14.191
14.3671
11.2635
7.5315
9.82044
13.3506
6.20455
11.3521
10.7518
9.94581
8.90238
6.14529
8.66383
6.17732
11.6035
14.2778
5.50661
14.5775
9.23751
8.68179
10.6485
8.58267
14.6856
11.2013
13.7412
9.62915
14.6506
8.32237
8.5856
14.697
8.90506
14.3171
9.2858
13.2568
7.75169
10.5753
11.1131
10.258
12.2609
14.2614
11.9468
9.62023
5.30942
6.27626
8.64107
10.4088
13.5273
12.1554
10.3464
13.3254
6.50845
13.0078
10.2054
9.7251
8.48835
13.185
7.96372
11.2528
11.0894
12.3371
12.6455
9.30178
8.76084
12.2603
11.0945
12.132
13.5781
8.77214
11.7043
7.03535
8.96012
8.2304
5.70552
9.6478
8.81564
10.4345
12.2893
13.1373
12.9817
11.3467
11.0408
7.68291
10.873
14.4066
14.2761
10.2216
14.9252
14.243
11.6493
12.1187
10.2856
14.9638
13.2927
12.3161
5.57221
12.5714
12.7055
6.18654
7.35543
10.0891
8.71311
14.08
8.62926
14.8856
12.2402
5.24394
7.81747
13.1016
13.6323
13.7943
8.71333
11.8825
12.5046
9.94568
10.8711
14.0527
11.0639
7.4293
8.7701
12.7751
10.3565
10.8957
12.7431
10.4279
7.9429
9.8022
9.84701
11.4868
8.89926
10.9185
10.7015
12.9147
10.6972
12.3023
10.7523
12.0315
10.6254
12.4551
9.86222
5.98817
11.5543
11.2342
8.29864
10.7927
8.22385
10.9997
9.67854
9.80224
13.0374
13.1856
11.541
14.4538
8.52576
8.30494
10.2288
12.8161
13.4494
13.6117
12.8743
12.3312
10.6964
14.8571
10.1238
10.5313
14.6187
13.0704
10.1887
11.5089
12.4998
9.92134
12.0378
8.8848
12.2636
9.06574
11.8292
12.5914
10.3688
10.5793
12.3436
14.9068
13.1067
11.0057
14.0766
10.4012
13.3878
10.3817
7.41942
6.44177
13.7652
14.4424
12.9458
14.2636
11.9196
10.0515
8.12653
8.75954
10.3133
10.8054
14.1506
5.8968
10.3383
10.1344
8.80341
10.5477
5.62048
14.3974
13.7825
6.43561
10.2554
9.57593
10.3833
10.8303
6.69999
14.1102
13.9295
12.5938
12.5491
6.50999
11.0447
10.5036
11.4454
14.0456
8.75082
12.8022
11.1134
11.4244
6.93923
12.9646
5.4257
9.08163
4.80009
14.2631
10.7809
5.80537
13.2695
14.1961
14.0461
12.294
12.121
12.9199
5.40739
4.43449
5.63402
14.2237
12.0902
14.797
14.8843
14.9972
6.39991
11.1078
14.9904
10.1834
9.06562
14.6363
13.7339
9.29756
8.79459
7.7829
12.525
14.4869
5.87138
9.6093
14.2361
13.0668
11.3959
11.2846
8.44362
9.83429
14.8062
12.6803
7.23719
10.811
6.90907
12.0041
7.35707
10.1886
11.9027
9.99522
13.5033
14.7217
13.6243
13.0807
10.7432
11.3707
10.5169
11.2858
7.38065
11.4956
13.4696
9.32486
12.3948
10.4852
6.22786
8.62817
11.4453
11.3824
11.627
6.42243
8.81656
14.3385
14.1982
9.47001
7.50941
10.6826
14.0285
11.4522
11.3058
8.56704
6.38229
7.61936
9.59307
7.07847
13.2856
12.1324
13.3783
12.4181
13.6932
13.7537
14.8397
11.2793
10.4022
9.7558
9.91731
13.104
11.1402
6.36063
13.8358
8.19871
8.53605
11.1821
9.27609
14.5633
5.79255
12.2438
8.67994
7.9179
9.36374
11.834
14.5092
13.245
11.1637
13.1166
12.702
10.3029
10.1053
9.00473
8.91692
11.8639
13.0249
6.2995
9.10028
12.0596
10.6817
5.6133
6.35439
9.53673
14.7148
10.9968
9.95742
11.791
12.3251
9.7924
6.21291
9.07099
11.2268
10.1435
7.07958
11.4486
7.43607
8.81037
14.6664
14.3872
12.654
6.30632
14.7547
7.51229
14.4771
8.7635
6.03766
13.0332
7.21251
13.6389
9.06799
7.6165
10.3524
8.70824
6.12029
12.1974
11.2847
13.4447
13.5954
8.6442
6.32733
13.7376
11.4526
13.1256
12.2303
9.2511
9.86569
13.4881
13.4467
12.1497
11.7473
8.69166
7.72584
10.059
6.06079
10.6258
14.2584
11.773
8.33576
11.0464
9.84114
13.5266
11.9257
14.1287
9.31012
10.9406
13.0669
14.4824
12.5023
5.26361
5.67565
13.9744
14.8148
12.0969
13.9423
11.3799
12.1831
11.4991
11.1158
13.652
7.08975
10.5658
11.3081
14.9587
14.7548
13.89
14.8682
10.2514
14.0856
12.2847
8.53674
8.46365
14.7867
8.53578
12.4498
13.4436
8.61883
14.138
12.6678
14.3146
13.0197
4.72327
13.7666
10.2139
13.1914
9.9371
12.6038
8.41942
8.11924
13.1654
13.5737
12.2657
5.85189
9.57568
11.314
13.7211
14.2223
13.4057
5.29451
5.53422
9.26378
10.1042
9.98421
12.2006
10.1872
5.92254
12.6188
9.27441
10.3976
9.05102
11.0218
9.34594
12.4986
6.25232
9.8882
10.8051
13.7554
14.0158
10.8095
10.9195
10.2461
14.5468
12.452
11.1248
12.5808
9.852
14.521
12.4354
5.11906
5.34415
13.6006
10.2799
9.68289
7.78676
12.579
9.75383
12.7461
12.315
10.1565
6.77007
7.01547
6.58851
9.79344
8.33484
12.3301
5.82994
9.90161
11.4683
12.8431
10.0048
10.9984
14.1391
10.2546
9.07697
9.51559
8.45832
14.5192
10.3763
6.60398
6.31166
12.3995
8.13477
13.2266
11.7745
8.81137
10.8183
14.6515
11.9243
14.9301
12.8717
8.26036
11.9682
11.3747
11.3427
11.8668
14.1963
14.8226
14.5252
9.83363
13.2451
12.8983
13.5316
14.6441
10.9571
13.3172
8.44259
10.7403
10.8775
8.27755
14.0926
14.8924
8.3521
8.15659
9.39221
10.5971
9.10048
10.5853
9.36103
12.1558
13.0445
11.2811
10.4985
13.1984
13.5563
8.91948
14.4199
8.50793
5.10631
8.97951
11.969
13.7626
11.4605
12.2402
8.58928
8.95583
13.3709
11.742
11.2586
10.4487
6.11807
14.226
14.1311
12.2342
10.4689
9.78329
10.0877
13.184
6.50275
8.20692
9.08379
14.9289
11.3515
11.4756
5.68739
12.0126
9.65119
9.87726
12.3979
9.92268
14.02
13.5587
14.3106
14.6744
9.05675
14.4157
8.8514
13.64
11.039
5.46484
13.2768
12.3944
12.8696
6.94657
13.7262
10.4592
10.0474
13.2729
14.0663
9.93616
14.0979
6.14841
10.5078
14.6317
8.83862
12.5766
14.3964
13.0963
11.6551
10.2415
13.8537
14.1035
12.8064
6.09595
8.55624
6.74323
14.6347
12.6815
10.6803
8.60537
14.178
8.50846
8.93609
14.8283
13.5345
12.0776
11.5779
11.5682
8.01276
12.75
13.4533
7.17426
11.3497
10.019
13.8642
6.06097
8.56283
6.30765
11.6958
13.097
6.09223
10.8722
14.5544
6.38055
10.7301
9.60411
13.4108
5.68639
12.8121
6.34197
14.5423
12.6659
10.9742
13.4767
13.549
11.4839
11.3787
14.6088
13.1077
12.118
11.2996
14.3225
8.73894
9.85159
13.17
13.8105
14.321
11.6001
9.46728
13.807
10.4137
8.26617
12.5135
8.99067
5.34936
12.9098
7.20278
5.66702
11.1954
12.7603
12.5978
10.9127
10.1845
9.83786
8.71154
6.23179
10.5343
9.13582
11.3937
12.5781
14.8527
9.43111
12.9717
14.8459
8.05779
10.7715
12.5523
6.70477
14.1017
14.4469
13.7152
14.5906
12.9138
9.05408
12.7786
14.0732
12.5801
12.7956
10.1592
11.2237
8.44627
13.767
10.9283
8.49118
14.0988
14.2558
12.3182
11.6585
13.646
14.3184
10.3859
11.1689
10.6421
13.2477
11.255
13.3119
13.6083
11.0202
9.89125
12.5317
11.6849
14.2072
4.84658
12.5767
10.63
12.2052
11.3802
9.24252
13.0699
12.3628
9.60568
6.70785
11.8027
14.4598
9.96221
8.88753
6.01788
14.1864
14.0915
