5.81803
9.95999
12.7779
8.04121
12.8729
5.8603
8.6085
13.6941
8.36914
10.7601
11.5758
9.86405
6.28573
14.2714
11.7659
8.32102
13.9388
11.7966
12.8796
10.7602
6.2557
9.90397
13.0317
9.33694
7.56876
8.25662
11.535
11.7082
6.03528
11.5402
8.38302
12.2618
5.87837
8.31958
6.23127
10.0222
11.6697
8.45863
14.4738
13.7112
6.95933
8.47792
11.4483
5.85719
8.1443
11.7164
14.3609
11.6294
11.2544
9.98129
14.9384
13.534
14.1389
4.76959
10.5835
14.0995
12.13
8.11005
14.6126
14.7465
7.34192
14.6711
5.53065
9.54737
11.8037
14.5037
5.94864
12.52
12.091
6.16427
11.709
14.6144
13.0705
14.9679
12.2084
12.8912
14.8338
9.87598
14.4685
14.0867
10.7614
12.6105
12.5739
14.6376
14.5732
12.9346
13.8536
12.8934
8.52229
14.6912
7.78194
14.0213
13.4215
12.4761
14.8398
13.1143
13.0475
12.3215
12.5593
8.46141
9.07301
14.7554
13.7318
10.6712
8.76002
13.1926
9.3639
10.4619
14.2868
10.1235
14.4545
14.8967
11.3371
11.9908
11.5713
13.343
9.88051
13.5734
11.65
9.96969
13.4085
11.2823
13.2554
13.0902
9.1591
12.4865
14.4539
13.6281
12.9012
13.5991
11.1833
10.8694
9.43254
13.5355
13.3946
11.3532
12.0804
9.86598
5.44472
11.7394
11.113
5.66878
13.6373
14.0618
12.9134
13.4369
9.87381
11.5466
8.54117
7.32452
10.5635
11.9988
11.6932
10.2531
12.1798
9.67355
14.0396
12.6341
8.84762
9.77108
12.5205
11.0698
5.6072
3.92469
5.73906
13.8217
10.0458
9.92733
12.9773
13.9868
12.9552
12.2802
12.9585
11.8641
13.8765
9.56601
14.8749
10.0816
13.2826
5.64902
12.7427
10.1531
13.9002
5.88104
14.3908
10.5191
10.3177
14.3606
5.39707
12.5826
6.78041
12.889
11.3214
10.7105
11.7579
13.092
13.1908
14.9396
14.1644
10.6081
10.9064
11.8346
9.61745
6.55116
14.1458
9.15608
13.6184
14.3035
13.3241
11.3059
6.42084
14.1311
13.3609
14.9403
13.536
12.9956
13.8397
10.1666
12.3685
3.68675
8.41429
11.8815
12.5867
11.0671
11.9597
12.1249
4.76479
10.7361
10.7105
13.1774
14.346
13.8375
10.6121
13.1094
11.6639
4.20121
11.68
8.59597
11.3348
11.2985
6.33111
11.5018
14.2367
13.9286
11.11
13.8228
9.52387
11.1629
10.9109
14.4127
8.78595
11.5996
13.5424
9.55342
10.1853
12.6874
9.02697
14.7593
8.93209
12.5641
9.56943
12.1896
11.0725
12.7981
5.79603
12.5882
12.9091
7.16991
11.1601
5.26582
6.03322
12.9953
8.88685
5.50289
7.9005
11.4712
8.08714
13.2189
8.97236
14.135
13.3734
8.33852
14.6181
9.27031
12.1865
7.96961
12.0059
13.5154
14.3087
12.1229
8.65017
14.8094
11.0164
10.4732
8.29883
9.93727
14.4475
9.28121
8.5644
13.4929
14.2644
8.27322
9.67594
10.3693
10.0086
4.91006
9.73806
8.74181
14.0259
13.9794
10.2786
12.56
7.49021
5.45515
12.2428
9.56357
14.7228
13.5522
14.1491
14.5572
12.2691
8.54946
8.18816
13.4456
10.2609
13.1584
12.0487
13.3765
14.6795
7.81233
11.352
13.1362
10.3297
12.0471
14.4413
9.89675
6.86671
12.5503
10.1958
11.2604
13.5983
12.8289
12.4635
13.1157
14.2249
10.6319
11.2774
14.5559
13.5076
14.95
9.46503
13.5835
6.89086
10.0067
11.4222
12.6974
14.9149
14.1094
14.0169
13.4149
8.93682
5.78402
11.2438
14.5412
4.86394
11.4659
11.7642
11.8349
11.6123
12.4155
10.9662
10.4761
8.32095
9.59446
12.6006
7.11248
11.0973
10.1714
14.7908
10.4714
10.7201
14.181
8.49822
11.0613
10.0471
11.5687
14.7201
9.11815
8.60504
13.8575
11.7154
13.682
8.08572
14.1459
13.3427
12.0749
11.8118
13.0027
13.9014
5.73239
13.9304
8.96948
12.5312
6.81136
12.4863
9.54359
12.7365
7.7267
13.1059
14.8134
14.9631
12.2113
14.6314
11.506
9.20894
11.7414
9.46985
10.6234
11.3631
11.8962
11.9251
9.09204
13.9693
14.9592
10.8924
9.50959
11.6585
11.2414
10.9497
13.9791
12.5296
14.787
7.51982
9.43222
9.19441
12.6115
11.7434
10.5149
13.1202
10.4033
8.70715
8.84346
10.4887
9.82211
14.9481
11.6503
8.46955
13.2244
8.30347
10.0745
13.7259
12.392
10.3819
12.2532
11.087
8.94602
10.1809
10.3289
7.03362
13.9832
10.3625
11.2415
13.6016
10.8627
10.4219
14.0927
10.4503
14.7419
12.8642
11.0026
10.3642
9.86184
10.9792
10.5659
13.9395
7.24552
13.2395
13.2857
9.40593
9.53783
12.2971
6.22783
11.0251
9.26453
10.7019
14.5463
14.9017
11.9151
13.133
10.0009
9.92743
10.0589
14.4417
14.555
10.0282
9.37451
8.54901
10.4085
12.0089
9.30751
8.69004
7.14885
9.95606
10.937
14.7435
12.0642
9.09008
10.079
14.9591
13.5486
8.76334
10.6154
14.2802
6.98451
14.7836
12.938
14.9104
13.5386
14.0494
8.38916
14.6892
10.6548
14.5063
14.6064
13.3979
9.97483
13.7104
14.5511
7.78412
9.81814
11.261
13.3645
13.8972
6.11205
7.33765
7.58358
12.6174
14.44
5.62308
10.1378
12.008
11.5356
14.3133
14.0876
11.3945
8.5563
10.7779
10.15
14.9705
8.62373
12.7326
12.9783
14.6352
12.2945
11.6991
14.0501
13.2869
13.586
9.75046
14.2481
10.4069
14.3883
14.1864
12.2581
14.4259
10.0146
10.9028
14.3884
8.73096
8.63396
9.82524
12.2098
11.3238
11.2698
10.5566
8.43005
7.42611
11.9969
14.3176
13.1788
11.9793
11.2478
14.3392
10.4944
4.80007
9.24101
11.0004
14.659
13.5097
12.34
8.79066
14.4879
13.4721
12.5336
10.2704
13.0413
12.6991
10.5327
11.1744
9.95063
12.0713
12.0614
10.8454
7.9885
7.6925
9.26872
14.601
12.1779
14.0719
8.81086
10.0559
12.7981
11.8298
6.8947
13.501
14.6976
14.1188
9.04816
8.43468
9.92976
11.991
6.57993
9.61544
10.9961
8.19142
6.32155
12.2444
8.72846
7.4027
9.39117
11.1928
12.407
12.2858
7.94711
12.2518
13.1306
14.0092
12.6186
9.40808
10.3862
14.4355
10.1306
9.94941
12.8709
6.64354
12.2948
13.5103
14.5924
7.71574
14.8977
9.85852
10.3154
11.4766
14.7253
10.9052
11.2793
8.23218
14.3356
8.08735
12.4124
12.4641
14.1751
10.5475
13.3782
10.8763
8.53176
10.354
11.1638
9.0973
12.5569
10.3672
11.3679
13.8914
9.24068
14.3816
14.4639
7.18966
11.8514
11.9425
7.32908
11.3383
12.634
13.877
11.3105
11.7489
12.5356
12.4111
10.8908
12.5868
10.6725
12.9501
9.78507
6.73002
13.5182
9.43212
9.47579
13.0129
13.9819
10.2817
12.0463
11.506
11.3735
13.6707
12.3585
13.8597
14.2416
13.1149
13.8354
6.36026
14.3747
4.95249
10.9528
12.9429
13.6055
10.1328
14.0375
10.9994
12.139
14.4539
13.9836
7.60536
8.59604
6.04712
14.6164
10.3353
12.6586
12.7997
9.05611
12.7488
10.0521
6.02653
13.5243
11.6101
13.1921
7.67893
14.6308
6.58048
11.1431
11.5867
14.3005
6.07628
14.4941
14.7804
9.07971
13.5271
12.9108
8.98379
6.29198
14.3029
11.7622
13.346
13.3763
10.2469
9.15006
8.09459
8.05262
12.0116
14.4066
10.2554
12.9992
8.56649
10.0112
10.6062
13.8852
14.6175
6.2068
9.79181
11.8734
10.8603
8.88152
11.3215
13.5174
9.94064
11.8963
12.7483
12.8544
10.0748
7.7598
8.97657
13.8683
9.48705
9.18613
12.5595
13.2913
12.8386
8.49513
12.4234
4.87893
6.00157
7.00528
12.8605
10.894
8.83183
6.17583
10.3288
10.916
11.9726
9.53111
14.1479
8.61692
14.4355
8.26068
13.1517
4.58562
12.5948
6.42685
9.28742
14.6211
9.81631
14.1179
10.4675
12.6725
8.41316
10.0225
14.9183
7.09228
9.94927
5.89391
7.76083
6.61737
9.7677
10.9434
7.96613
6.40576
11.8859
10.5764
4.69703
8.04641
8.91045
7.35067
12.252
14.9956
14.0914
13.4743
14.5959
8.46331
9.62613
9.46532
10.1426
11.3416
7.70328
13.8959
13.1212
11.8895
12.2096
11.2204
4.56458
13.9064
14.3063
14.1285
11.2693
14.365
14.1687
14.1209
6.76604
7.58707
12.7591
12.4837
12.5308
8.61879
12.2051
12.6376
7.9423
13.4554
14.2528
10.0693
9.45459
5.80693
12.6247
13.3542
9.34708
9.8425
9.33916
14.9565
12.2915
10.5679
8.70965
6.22549
14.3473
10.6154
12.8135
13.6392
14.919
10.4461
10.3565
5.68508
9.81704
10.1228
13.7975
9.01369
13.7408
11.0028
11.3998
14.2222
9.69049
11.3753
12.9136
14.0818
14.522
10.8506
10.6296
12.1181
14.4224
13.0963
8.33686
8.70868
13.5785
13.0132
9.65802
10.9211
5.13576
14.8774
10.6849
10.5576
10.2957
13.1194
12.6471
13.726
14.538
9.11202
13.8856
13.137
8.71661
10.7703
6.37386
13.869
14.5314
10.5222
10.8357
13.7587
14.8734
11.6346
11.128
14.0451
10.3089
14.7033
10.1319
12.4498
14.3861
12.5878
14.584
11.9628
12.3831
13.6275
8.76394
11.8474
9.92219
13.3416
8.35077
8.95766
13.9719
12.1195
14.3722
9.08586
14.7138
6.33208
10.6243
14.742
14.9834
12.2732
8.54764
14.6678
14.682
9.84641
8.1462
10.5525
9.52356
12.697
10.4553
6.3088
14.5331
11.2641
10.8726
10.178
11.2171
14.7655
14.1433
10.9111
8.31185
7.11101
13.8258
11.717
10.8806
14.012
13.2216
10.4774
12.9696
13.0693
10.0159
13.5308
11.6649
12.4009
12.9532
13.4078
14.3355
8.12115
13.2182
13.9353
13.277
13.9936
13.8014
5.13977
8.82432
10.9654
5.92275
14.5803
13.2551
9.23849
10.5849
14.8184
12.2632
14.8617
7.95609
13.7574
9.63126
11.044
8.51088
9.70428
14.204
12.3149
8.83647
10.0769
6.5732
10.515
13.0624
14.3993
12.3808
6.4137
13.5664
6.0927
6.38622
14.1568
14.6299
13.2816
12.7327
12.6076
13.9438
10.2367
13.7293
10.2271
14.5012
13.1837
12.1123
11.9671
13.5259
11.0784
10.5065
11.8622
13.8099
12.1729
9.56169
7.37738
7.58302
14.1026
6.04006
8.74946
10.3301
6.19439
8.73615
7.86024
7.12331
12.13
11.1658
13.4779
14.7859
5.36465
6.6357
11.5918
14.1598
14.134
14.179
7.82878
7.39528
13.7923
13.9362
9.47317
9.4185
11.2143
13.8428
6.65126
12.9292
14.2505
5.77049
14.0666
10.1454
8.92356
14.278
11.7467
8.29117
11.2572
14.6691
14.6429
12.8413
14.0361
14.0527
10.5737
5.15965
4.35576
8.82615
11.5706
11.2506
13.6879
5.80249
8.2699
10.3135
12.3225
12.4638
14.4999
12.279
14.2879
3.95715
5.7765
14.5941
11.0273
10.1677
9.82463
14.5006
13.1141
12.2675
13.3528
9.89826
11.7856
12.9081
13.9744
10.3831
14.2982
5.01682
13.5428
14.2968
13.6066
9.3885
9.71655
14.5702
14.1288
14.7606
5.16633
13.3208
12.759
14.2233
10.0859
6.35406
4.202
9.84143
11.5148
14.9232
6.86018
5.55267
6.29746
10.8565
8.618
8.61205
8.69277
10.7032
14.3234
13.054
14.6609
8.42862
11.2334
9.80869
14.549
5.88484
6.28039
10.0066
10.4323
9.48791
13.4042
11.4173
10.1523
9.924
14.6387
4.88403
12.4427
10.6453
5.4963
9.37897
9.87781
11.137
11.6703
5.35412
6.50392
9.74958
12.7844
13.5308
5.09576
8.15007
5.14552
14.9004
13.5434
7.44703
14.1608
13.0392
9.70886
7.137
14.1597
13.5574
11.2311
10.7332
6.1575
8.73703
13.5141
10.1919
13.056
14.3778
12.2925
7.21233
6.16868
12.059
13.1867
14.0008
14.9127
14.0504
11.6701
10.9861
13.5635
11.8134
14.9022
14.8006
5.96214
14.2779
12.1024
12.3204
14.492
9.66864
6.93444
12.5971
13.9497
6.67902
11.6901
12.0452
13.3538
11.8491
12.1746
13.0746
9.52631
12.5822
14.4433
13.8052
5.86625
4.20079
14.7567
11.4227
7.85869
13.1394
11.9552
12.4577
11.3007
14.4525
13.443
8.88889
13.5537
14.918
14.4676
11.8873
11.3832
13.7386
11.4792
13.0467
7.92401
14.4065
6.27898
14.5359
12.9785
14.2236
5.88712
12.6457
13.5369
13.5258
10.8846
11.4618
9.05979
14.0021
10.9046
14.249
6.28559
10.9841
12.7655
12.3797
6.00121
9.91075
12.4748
10.1625
12.4754
13.9143
13.3414
11.1189
9.97925
9.16736
10.9598
13.374
14.4668
11.9974
10.2129
6.19154
13.2109
8.60785
11.2933
6.00444
12.8435
7.9812
13.9608
6.31102
10.0733
8.48689
11.5722
11.6525
14.3637
9.8167
7.99553
7.75323
6.26287
14.9907
10.4618
14.6465
12.9828
5.21432
12.0022
13.1844
10.6827
14.969
14.2798
10.6949
14.7956
7.94511
13.691
12.9579
11.188
12.714
14.7262
14.5345
11.4688
9.72305
14.0859
14.4559
8.46937
13.6631
7.20497
14.5863
11.9817
14.3331
14.3573
14.3008
11.7893
12.7218
13.9798
8.18352
10.6812
11.7298
11.4816
14.3508
11.5074
10.3956
12.8923
8.84486
9.65627
13.5389
13.854
14.7209
11.7481
14.6911
13.7337
5.36429
9.01414
12.2382
10.9407
9.82502
11.4653
10.2099
7.83311
9.44578
9.03292
8.9962
9.96535
9.78164
9.85221
14.1085
9.62118
13.2758
13.931
8.67522
10.2507
9.73726
6.38108
10.2017
12.8919
6.75064
10.8026
10.6229
11.9062
11.9318
6.1989
9.84875
12.3396
11.567
8.41165
14.5243
9.66117
10.858
14.9413
14.3417
12.8595
9.8266
12.3838
8.9012
14.4871
12.9035
11.8426
13.7885
7.93214
8.71403
11.2035
8.54139
14.7906
13.9047
6.16009
14.9276
11.1433
8.54
13.4227
14.5868
9.14613
13.9065
9.94472
9.70333
10.3669
9.0005
4.93324
13.4137
10.3239
10.0023
8.56881
5.30807
7.36852
12.5805
12.8365
12.4171
9.17629
12.6857
10.8139
12.7562
9.4311
13.9268
12.0892
11.6808
14.8546
11.5952
5.17014
10.3931
13.7678
14.9197
13.1725
14.592
12.2037
9.93695
7.90611
14.7365
12.5475
9.69747
13.5703
10.9712
12.8867
5.44955
12.3687
13.5866
14.0719
5.29326
11.2809
14.6479
14.1699
7.14233
5.12037
9.4844
10.2603
5.93632
13.9792
9.67098
9.90012
11.5545
12.7671
11.4751
12.0631
9.88862
11.1087
6.78912
9.03484
14.4554
10.4821
12.8537
12.8335
11.0968
13.7614
13.8821
14.2244
14.2537
14.9057
14.4248
14.292
9.00186
12.5776
14.0061
12.8696
11.4671
9.19306
14.7552
12.3393
14.8718
8.70102
14.63
14.99
7.07532
14.8929
13.9375
9.31518
9.127
13.6337
11.1098
14.8655
14.5597
12.3674
14.4986
10.9361
10.6128
14.5914
12.2855
7.17651
12.4236
10.2032
13.034
14.0944
14.1292
12.7916
5.11199
7.13006
4.84584
10.1367
12.0593
11.6936
9.74704
7.96782
11.808
8.1165
9.98199
11.8175
10.7228
9.06133
8.19947
14.0389
13.094
5.38053
8.02954
10.6258
9.19887
10.4109
9.52552
8.04209
7.5675
13.7593
11.4827
13.4901
11.4706
12.095
8.18667
13.4684
11.7022
12.9204
10.7798
10.9711
11.4471
10.2514
13.1005
11.1561
12.7114
7.65295
11.8504
12.7439
9.85066
9.94086
14.9581
12.1146
14.2871
13.3791
11.515
13.7979
5.23623
10.0188
10.1727
11.8554
10.3921
13.3927
14.6909
8.68884
13.9361
8.9849
9.79656
12.6955
12.9743
10.6396
9.54134
11.4091
10.8855
12.8877
12.1
12.564
10.522
10.3176
11.6038
7.63021
12.3444
10.8441
12.0823
9.05893
13.4498
14.1453
14.1219
13.0817
11.5057
8.58118
9.74495
8.91568
13.3259
13.196
11.7461
13.6235
8.14974
8.80292
14.5046
14.7598
9.96348
14.2669
13.557
13.4064
13.9222
12.7981
12.8352
14.3253
14.3482
10.0481
12.2576
5.733
14.1907
14.5567
11.6248
12.6405
14.8073
13.6969
13.3004
12.8402
14.8149
10.3054
5.23179
13.7275
11.7787
14.3054
12.3657
10.3102
12.2573
12.1249
14.5731
11.88
12.6811
12.3311
13.7522
13.9664
9.52648
9.00183
10.3898
12.1809
14.6487
14.2957
12.2856
9.12856
13.4177
10.4836
12.8669
11.8133
14.153
12.006
7.66938
14.3077
9.69207
12.3274
14.3105
13.9548
8.00749
11.1923
8.63738
13.7122
14.5266
11.7539
12.1999
9.26843
10.4673
14.3391
8.47216
7.0591
6.31414
9.93581
10.1994
10.5
14.1679
13.2593
9.95138
12.8056
6.87351
13.2516
13.0105
7.44646
14.0591
12.1309
10.237
12.3564
10.7691
12.9767
10.2389
9.93247
12.8768
14.3035
13.7468
14.0795
10.5199
14.437
13.6257
12.4077
12.5888
13.8204
10.324
9.77888
8.75014
13.2323
9.59059
12.4569
14.369
12.1181
12.513
13.786
14.1471
10.4863
12.6761
9.61189
6.04143
9.93278
13.2296
10.6343
10.7115
12.9565
14.0144
14.3539
12.9264
10.9617
8.58865
7.38306
5.11235
11.524
6.58892
11.7652
13.149
9.94226
9.9743
13.3439
13.6922
12.7078
9.03383
8.66226
10.3626
5.9417
12.0108
14.3157
14.157
8.88437
12.0017
12.7414
6.743
12.2136
11.8107
9.10533
11.6889
14.803
8.56555
14.219
10.7457
9.10292
12.6437
11.4653
12.3813
8.38057
12.2786
8.78281
13.6371
14.2851
11.6721
13.5141
11.2806
13.1798
14.7479
8.53616
9.08659
12.1881
6.4258
9.9687
10.567
13.6521
10.4585
13.3706
13.7182
12.253
13.4331
9.65978
9.77485
12.7953
13.4538
14.557
12.3927
13.0177
13.2054
14.3436
14.8605
11.3849
13.7822
13.1322
14.6278
12.9195
8.70521
5.65084
11.5718
12.5153
12.2983
14.6694
9.88402
13.0232
13.5466
14.0763
9.24835
9.14024
13.6371
14.0442
9.73223
13.081
9.52619
9.69837
9.3335
11.1131
11.9432
13.4484
12.2916
13.93
6.02418
10.9236
12.388
14.8614
11.3987
14.9301
12.1384
10.6259
6.88906
11.2627
9.9083
12.7738
10.3944
11.9866
13.0269
11.9614
6.06826
10.455
14.4699
14.8011
11.2142
13.7949
8.71838
6.6433
14.5965
12.7547
6.78771
14.8626
6.83341
13.7675
11.2404
14.7376
14.5414
13.3012
14.9002
12.113
11.9512
6.3823
9.91714
10.4942
7.29407
12.2544
11.3647
8.58396
9.94555
9.79317
12.4418
10.898
5.67874
12.1593
12.2352
13.1553
8.84783
11.2725
10.8072
11.6876
14.3652
9.33467
13.4656
6.08431
5.20587
13.5439
14.0616
10.1853
12.9139
14.3875
13.8195
13.6552
10.4307
10.3592
10.1914
7.35661
12.2811
12.2077
14.2119
8.01132
11.8172
11.962
9.65645
12.3984
12.1852
11.3697
6.50728
10.8176
9.6919
11.5469
11.0294
14.207
9.27469
12.2902
10.5405
12.7608
7.61939
12.0019
11.5537
10.8452
8.23996
10.8847
10.0293
11.0778
9.04906
10.1096
14.5955
7.81111
10.3118
11.6964
13.8331
6.35276
11.9921
14.0361
13.8754
13.7533
13.1466
13.8375
9.39054
10.4664
12.9623
12.9494
11.2018
14.9386
14.3866
14.4213
13.26
9.9088
9.94107
5.52869
14.718
13.6699
12.3789
10.9766
8.28133
9.43767
13.2599
12.8009
10.8108
7.36457
8.45829
12.5634
12.8479
10.3816
12.658
12.085
9.20868
9.42081
12.3797
7.36674
6.6751
11.4246
12.0848
9.69625
10.744
13.9994
10.2123
13.0133
8.24583
13.4771
13.9832
13.894
13.1795
12.0082
11.6533
11.483
13.6384
12.7052
10.0122
11.7488
13.1418
10.026
13.5154
8.39879
11.3919
10.8187
5.5651
13.4837
14.2176
14.7935
11.8839
10.5875
14.3274
5.84588
10.9976
13.5554
13.0859
8.36539
7.37627
9.88557
14.7897
12.0137
10.635
12.8225
11.0097
13.6776
7.15015
7.99322
12.663
12.1445
13.967
10.7732
11.7403
10.7686
11.8788
13.2779
12.2934
8.69207
6.22091
9.77387
14.9476
14.6834
13.2036
11.0792
10.7235
12.1487
13.2908
13.8204
11.2343
12.7738
9.79023
5.1326
9.80531
10.255
6.42216
10.7049
13.9176
13.987
8.22216
13.8679
7.79791
14.3577
13.9873
11.2833
10.3893
13.2841
14.5904
9.05299
9.1661
12.8274
14.2019
6.64334
14.0365
5.63749
14.7816
10.0782
11.2765
13.5919
14.6165
12.9171
6.46686
8.78452
12.3958
5.60467
12.4934
10.8859
12.8299
6.48032
13.1063
12.6966
10.2753
6.66649
11.6025
9.20561
13.8394
14.61
9.03485
10.399
12.8896
6.47426
8.51084
11.5759
11.2014
9.99246
13.4575
9.29621
14.4874
14.2105
11.465
11.3647
13.5698
8.97504
12.1906
9.02635
9.2969
10.0828
11.2777
12.8244
14.5955
12.4869
13.7263
12.0622
9.57808
9.51018
14.1455
13.0671
14.2329
5.26732
4.18942
9.88593
13.4349
12.0484
7.73575
10.221
4.57017
11.0452
10.9427
14.7673
13.0058
9.39062
10.908
8.08346
13.2494
13.6134
14.9009
12.3296
9.60822
5.98826
5.5206
12.3275
13.8118
13.9764
6.60952
9.69183
11.0113
12.2941
12.1075
9.69683
11.0701
12.3566
8.38404
10.6658
14.8745
13.0798
4.84213
9.02803
12.2307
11.503
8.06999
4.6629
13.7079
12.0122
14.287
14.2313
12.0702
8.84657
8.58303
10.3861
10.1214
14.8017
12.1102
6.0058
10.2921
13.1191
10.4234
13.7423
12.9905
13.6856
13.2649
14.2082
7.70111
13.4569
10.1947
9.07978
12.7874
13.4571
6.39829
10.7794
12.3898
13.515
12.5576
14.2017
10.6177
11.7357
13.5569
14.5334
12.7002
13.459
9.68447
8.90655
11.9716
10.0074
8.92037
14.3619
9.5188
5.66737
11.4993
9.01732
11.7519
9.56939
7.11046
7.97367
14.2206
14.3384
14.8791
12.8211
10.0278
5.74028
6.15911
9.26346
14.6626
4.19408
9.94971
13.2517
7.32671
5.71071
13.7919
11.5509
12.937
10.5258
5.08016
10.1579
9.05628
9.12903
13.8356
14.2303
5.84288
12.1931
10.0487
14.5034
11.1554
14.8791
9.49445
7.56782
10.4951
6.55619
13.5735
9.58402
6.05011
13.0542
7.35701
8.18596
11.0236
3.93811
4.99381
11.6912
6.50268
8.62481
12.0571
14.9988
11.9586
13.3254
14.6301
10.8661
9.63018
10.8923
8.84734
11.8595
11.7543
14.7626
12.827
8.18696
9.54106
4.66652
7.46751
13.0814
9.83731
13.5602
13.9369
12.8048
9.2586
5.63364
11.0928
9.15429
9.80926
13.0638
13.7992
13.2473
9.87329
10.5366
9.97118
12.2571
8.76319
14.8193
14.1139
12.1334
9.24969
11.6487
9.70253
9.22826
6.63814
12.8829
13.1831
13.0221
11.4702
10.0418
10.4185
11.533
14.5544
12.4217
13.4467
8.46445
13.739
11.889
14.1172
10.4798
13.9139
9.8417
10.0965
14.0885
10.1797
13.7224
10.5572
13.7268
12.3501
9.55271
14.7135
12.9547
13.1858
12.7935
12.6074
12.7689
14.1717
12.3131
9.58381
13.3252
13.7809
14.5389
9.77641
14.05
8.23478
11.6864
10.6185
13.6646
10.2175
14.3004
8.8343
12.7348
11.5009
11.0457
10.9798
10.213
14.6679
10.1309
14.6362
13.3634
10.7966
6.03592
12.0473
12.3664
13.3867
14.6029
13.722
12.0199
11.696
12.1197
8.77115
14.7675
14.4633
5.67116
12.6603
14.76
12.9045
12.9193
13.7708
12.9233
12.1268
10.136
9.6107
11.5175
9.00077
13.4272
13.3258
14.4954
10.3579
9.10663
14.3865
13.6694
11.8166
12.7248
11.1535
13.0977
9.99576
14.2042
13.1957
12.1237
12.2463
5.77056
5.039
11.8687
12.3815
8.64993
10.8881
9.82162
8.82612
12.244
9.89757
8.66336
13.6768
14.1551
13.2259
13.8916
12.0821
14.4261
11.1594
14.3656
10.3659
10.0416
10.8148
14.0973
14.349
6.75818
8.80878
14.2592
14.524
13.2873
9.95157
13.905
9.70274
12.9693
14.2069
14.817
11.7706
12.9482
12.6552
12.1209
4.96732
12.7136
13.5511
9.97345
11.9536
14.3482
9.52053
10.9967
12.851
12.6657
14.2118
14.2416
5.24759
12.3889
12.674
12.4523
9.09268
8.19774
13.0505
14.6106
14.5755
12.2791
13.2649
14.622
11.7509
10.7828
13.1433
14.9133
10.7124
14.0268
13.048
6.37053
8.90461
9.7294
6.7569
13.9737
10.9472
8.1384
12.6266
11.1148
12.6458
10.4164
14.9687
6.1751
9.92057
13.9443
11.1484
14.5839
4.98802
7.85114
13.6708
14.0111
12.261
9.60158
13.3257
14.2977
12.103
12.9442
14.8681
12.7059
9.7567
14.5719
10.0649
13.3096
5.64117
10.0807
14.5907
10.7301
9.43267
11.7508
9.23425
9.47912
13.8563
11.3821
8.79572
6.74699
13.7198
7.61862
11.0713
7.98141
10.7863
13.6042
8.07465
14.0333
13.5154
12.4945
11.0828
11.925
7.13496
8.70423
6.50243
12.1655
9.11217
11.0794
14.443
11.378
9.69771
5.78048
14.429
14.0143
10.8658
8.9089
10.5982
8.6349
13.9315
11.9574
11.1337
10.1131
11.7551
14.65
11.7184
6.83653
14.5942
11.0236
14.2081
10.4049
13.8997
14.6529
8.48045
11.725
11.6569
13.0452
6.66817
14.6806
11.9481
12.4287
6.32395
11.3696
12.7823
8.11967
6.30866
10.8073
13.8334
14.5704
10.7301
14.3792
9.06466
12.771
11.8296
14.6879
9.63641
11.5386
10.1104
10.3587
11.8902
13.6398
13.7403
13.5758
13.1766
7.91033
14.403
13.4751
10.6593
14.047
12.7306
13.9721
14.5737
5.4522
9.98992
14.68
11.858
7.59172
11.5581
7.78973
11.9059
10.575
6.52959
12.0939
10.3761
9.19295
14.377
13.6518
14.501
9.81914
5.43961
12.1836
12.2517
11.3984
13.5643
11.3092
11.5818
14.9118
13.0253
10.0017
5.35275
14.819
13.1369
5.18653
9.50335
10.5687
7.23938
6.27885
12.9426
12.4559
12.4215
12.6795
14.2618
14.0201
12.8578
14.7711
13.9541
12.7379
14.3745
11.1328
12.2553
11.8872
10.7359
9.85768
8.89485
14.4324
14.2077
11.5433
7.39384
7.82247
10.2807
10.0127
12.7349
9.13256
13.4523
14.5999
14.9047
14.178
13.7283
11.4571
11.2973
9.91211
7.35099
13.2254
12.4456
9.32841
14.7927
14.2124
9.86515
4.64141
12.3477
13.7466
11.0185
9.02536
13.7373
13.2944
13.2259
11.4646
7.54349
14.3136
8.40405
11.2843
6.14667
14.1577
10.0377
11.9281
12.3115
13.6244
14.7489
6.23546
5.75246
6.08309
9.55192
14.1406
12.3999
14.8927
5.66479
10.2682
13.4746
13.4123
8.32937
9.03159
10.4647
6.00511
12.4799
11.0548
13.9888
12.0043
11.3322
10.4475
14.8097
14.1792
13.368
6.72607
12.745
14.6335
10.4835
4.68365
11.8811
9.33944
11.6976
11.7436
14.5235
10.3348
13.4726
13.2914
14.0009
13.9801
10.9157
14.2311
12.9715
13.8443
14.3513
12.7668
9.64883
8.39779
6.78313
11.7728
13.0113
10.9982
11.7505
11.7443
7.41134
12.3556
9.80424
11.267
11.217
14.9241
13.2972
10.4229
7.44631
6.11461
8.81711
10.7697
12.8239
14.3822
12.0915
11.7804
10.0965
12.0159
11.4279
10.0042
9.91355
12.8237
14.9146
5.26163
14.3835
12.9402
9.8564
12.0437
13.4247
14.1813
7.69384
13.0424
14.5349
5.88862
10.7649
8.84568
10.4211
8.65482
12.1284
11.5552
12.5123
8.79972
13.8202
12.2627
14.622
14.2537
10.3457
14.9633
12.3993
5.27805
14.7431
12.3747
12.164
9.96354
5.41132
12.8947
10.5673
14.6402
14.0462
8.62232
14.2318
9.87409
5.98449
8.48112
8.07515
8.00581
9.20331
9.59065
12.0128
7.23725
10.1329
7.90873
11.1009
6.50331
14.3273
11.5157
14.3936
14.2756
14.0955
12.9927
10.4112
6.30351
13.452
12.846
8.929
11.9403
14.7249
12.2583
13.0309
12.9072
13.7885
14.0451
12.6068
12.5349
12.2896
13.4808
14.95
7.82561
5.53155
10.2792
11.6156
12.582
10.7769
9.83311
12.6608
9.2044
14.4737
9.62808
9.70713
10.7952
9.77581
7.45154
10.2425
11.5563
10.115
12.5541
14.4299
13.787
13.4683
10.071
12.9728
6.43219
12.2687
9.88291
14.3844
14.5248
9.07364
10.4752
11.6209
9.5857
12.3812
7.76588
14.7179
14.7899
14.3264
9.9748
11.6894
9.14955
10.5491
14.1662
14.1149
9.71267
11.0457
14.9923
13.0093
14.7749
13.9022
13.6565
14.9718
13.8671
12.0971
9.5932
12.9655
13.0344
14.7595
9.87346
12.5073
11.2648
14.6788
12.223
10.9361
8.6983
6.39667
8.75382
14.505
14.6508
14.9112
14.6038
14.9067
14.5196
9.6385
11.8645
10.1802
11.5353
11.4176
13.4108
14.1833
12.7101
5.86193
10.9398
14.3826
4.7072
13.7153
12.102
10.8954
14.7514
11.1265
13.3292
11.5967
12.3369
10.207
14.9625
14.9802
9.65625
14.0449
11.7278
9.42902
7.79963
6.62131
10.0002
14.817
14.6574
14.6187
9.31502
4.73148
6.57674
14.3989
10.3826
12.1931
13.032
12.9392
14.6948
4.53536
13.7771
12.5019
11.8274
14.1141
10.6459
10.8393
10.5073
4.61937
14.2013
12.1189
11.0043
9.55845
13.9025
9.97113
13.6646
14.4301
10.9374
14.3464
14.3987
9.55582
9.55627
8.60787
12.3852
14.905
12.1066
7.36936
10.3011
5.76783
13.466
8.92272
13.1611
14.4744
8.70308
9.86942
11.0807
9.76002
14.5042
8.84367
11.7322
11.5931
12.4108
12.807
14.7433
14.9897
8.99677
9.92437
13.9818
13.2413
11.3771
13.2689
9.45462
8.20957
9.67789
12.2038
13.4083
14.2771
11.2147
13.2947
11.6996
12.2189
8.73832
10.6426
11.5005
14.342
10.3745
9.3389
13.8519
13.4939
14.5799
13.9977
14.501
12.2107
7.12695
14.1464
11.8981
8.18908
12.1665
12.0643
13.5112
10.1679
13.4291
9.02857
14.5652
8.44165
13.7111
9.13832
14.333
10.637
4.086
9.57787
9.66718
12.6495
10.2798
10.937
13.4708
13.3494
11.3055
11.4911
11.8959
9.33893
10.612
11.822
14.1162
12.9896
12.2464
7.68573
7.03072
10.862
5.32066
8.75437
9.08342
13.876
9.82131
10.6394
9.65856
11.0608
11.4331
13.8782
11.5187
9.17446
9.90548
14.0299
11.7449
14.1533
14.2242
14.0016
9.51911
10.7835
14.2995
12.5594
13.5384
12.9524
14.6609
12.9202
14.3927
13.8963
13.3
11.7254
13.6069
4.44997
8.75182
7.89487
7.54699
13.8786
10.712
9.16646
11.8864
9.96796
8.40616
14.9791
10.1209
10.3271
9.66223
7.78878
9.13001
7.82558
9.74217
13.2293
12.834
14.6328
9.74765
8.89923
6.74339
9.08798
4.3751
8.70009
9.61571
10.3529
12.3299
8.63461
13.6339
13.8285
12.011
11.4598
8.53478
11.1714
8.63593
14.2517
14.7395
10.7909
10.9479
8.67347
14.204
12.6112
13.7559
11.904
14.4314
13.4415
14.1933
7.48317
10.6556
8.60485
10.2239
11.2083
12.8178
8.92093
13.0175
7.68812
12.276
4.23041
8.4069
13.7854
12.156
10.7712
8.75794
10.7555
14.9831
9.08371
11.6138
12.8605
9.71355
5.83198
12.9406
10.1133
14.9317
13.2372
13.5986
13.7403
12.5335
12.6861
10.2146
10.0017
11.492
10.3196
14.8778
11.0946
13.5831
12.2804
10.5493
11.1511
11.1615
14.9457
12.0388
12.5164
6.7592
10.8823
13.6105
14.0359
13.3083
13.414
7.10798
14.5073
14.6395
10.7058
10.0305
13.4931
10.5785
9.95624
13.9341
13.269
5.08442
14.5807
12.2819
14.2625
14.1823
8.32989
10.7803
8.52951
9.98389
9.23783
7.74174
7.74786
10.4488
9.81208
14.4568
10.2668
11.6953
11.3296
9.83502
10.664
11.7593
14.0668
12.4589
5.94152
13.8843
13.5154
9.49489
11.0006
11.2192
11.9339
14.157
14.6571
10.1678
11.9584
10.5035
12.3547
13.9264
14.7808
12.9189
12.0365
9.46096
13.9179
14.3997
14.9221
11.2256
10.8596
14.8875
13.5582
14.4088
14.1922
11.7829
12.7286
6.54099
13.9323
11.3249
13.5954
11.0413
7.59656
9.64839
11.2408
7.86369
13.4333
12.0306
14.5926
12.5301
12.7309
12.2687
8.62424
12.5491
7.83143
13.589
12.6686
14.62
14.7055
14.8087
9.30332
10.7771
11.111
9.03602
10.7682
9.81947
12.3202
7.31139
4.82159
11.5411
9.77222
11.9705
9.68851
11.9085
12.1539
12.6978
11.381
14.6042
13.1799
14.9905
12.1903
11.6878
12.8715
5.20017
8.91793
10.0612
13.391
8.5161
10.643
13.827
12.9192
6.5537
12.1715
8.6225
14.0832
10.8719
11.3608
11.94
12.6039
5.53731
11.8282
13.3499
14.4263
11.6772
9.29922
11.041
10.87
14.0123
12.5707
10.054
10.0525
9.44787
13.5776
12.1885
13.4075
14.3648
14.5557
13.8846
14.3224
5.64501
9.26618
12.8405
6.89711
9.93742
13.8871
14.7849
9.17906
11.0827
11.9872
13.5447
10.1293
14.3468
14.9658
9.75029
14.3294
14.1192
12.5697
12.7288
13.8239
9.93932
9.65053
13.6764
11.6341
9.78615
13.9649
14.1608
9.98203
13.9605
13.1892
13.4184
14.5263
13.9336
9.22838
12.3554
12.4985
11.1625
6.18456
5.38252
4.53819
12.1213
13.1379
12.2595
12.109
10.0695
12.2148
10.5644
14.5832
8.72233
9.81999
6.24346
9.52391
13.5235
11.1513
6.15522
9.95125
12.6413
13.5426
14.7438
9.45486
11.9338
13.7299
11.5869
10.0211
12.5783
8.97923
9.96662
11.3666
14.7805
11.6003
13.0066
12.1995
13.6646
7.50075
10.6021
14.7565
9.68306
12.814
10.4991
12.9915
12.9782
9.52887
5.68231
13.1259
12.5376
7.02586
11.368
12.2071
12.8419
8.63838
7.90351
14.4886
9.28122
11.4443
11.206
9.93356
10.9694
14.1917
12.4838
14.2777
13.3377
14.0584
10.7022
12.2328
8.7878
9.74908
14.7469
13.2501
11.1108
13.0648
12.1133
10.3536
12.6093
10.9043
11.3796
10.676
14.5415
11.9263
10.713
11.1031
14.5244
8.47667
10.5917
14.2335
13.1183
6.41283
10.8465
11.2233
11.1678
10.7464
11.1685
10.6161
12.3212
13.0601
8.8543
14.7207
12.6452
12.725
13.7549
13.1789
12.0979
11.7445
9.22244
11.7934
12.8495
11.9414
13.3991
13.4562
11.1022
14.2874
10.2602
14.2517
13.2243
12.6892
10.937
12.2877
11.4913
8.19732
14.4754
14.6953
11.009
14.2343
14.4744
13.6681
11.6298
8.11589
10.3489
5.7492
10.7026
5.97325
10.6105
8.79412
11.1374
12.2331
10.1984
13.7987
6.77371
9.61678
9.79532
12.1121
12.4713
8.66483
8.69229
7.98112
10.6682
8.49949
12.2738
13.8183
13.7249
8.46584
10.9737
10.4125
11.8077
10.0833
8.66047
12.8646
10.439
12.3426
10.764
8.05456
14.3752
10.6498
12.6279
13.4231
7.35562
11.3243
8.48581
11.6387
7.22858
8.57208
10.9501
14.2296
8.9534
4.99388
4.35527
11.6166
10.6731
13.4128
10.2219
12.7996
14.6285
11.8467
11.4285
10.4602
10.1343
14.0033
11.6674
10.3809
14.9675
14.7583
11.9896
8.00392
13.8918
12.2506
10.5979
11.3173
10.6659
8.57862
12.368
13.7353
6.12463
8.06156
13.448
10.6836
12.1369
11.1605
12.6731
10.3959
11.312
13.2901
9.79031
10.0708
12.1467
12.1585
10.212
14.0672
12.3046
14.9658
9.05973
13.6832
10.9666
6.29404
10.5001
14.0625
14.1951
14.3593
9.74619
13.8111
14.9081
12.1331
7.51036
13.5378
10.8627
8.73229
5.78934
11.732
11.002
13.1905
10.7517
10.1775
8.44084
10.6888
6.75978
14.7947
9.91202
11.6032
14.8591
9.949
6.19207
9.86776
12.8488
13.5275
12.3534
13.8881
14.0929
6.49822
14.2698
14.5506
14.4749
11.4767
14.0925
10.931
10.6692
14.2123
12.7655
13.9306
11.9496
13.6928
9.9183
14.8277
13.3612
10.2432
13.1019
7.25748
13.9064
4.34899
7.75389
8.53837
11.7418
11.2252
7.74376
7.03941
6.58654
9.52224
13.3443
11.474
10.6328
11.4837
11.3931
10.7141
9.74311
9.4544
10.2412
13.2529
8.81199
11.8308
14.9249
9.98632
14.2578
13.4164
11.5993
12.7882
9.76839
14.0147
13.8346
14.5998
11.5219
10.1408
9.89364
6.16533
11.0658
8.20485
13.3453
9.9143
14.5775
4.90757
8.79602
12.766
12.8038
10.999
13.2131
9.26077
8.83671
11.6291
10.8768
7.99124
13.0168
6.06173
6.83373
14.0875
12.4429
11.7049
12.4613
13.4075
13.8941
11.81
14.9741
12.2466
12.2066
14.6612
12.8906
13.3112
7.84641
5.1667
13.2617
9.25202
11.1403
13.2914
8.95234
11.6359
13.1766
11.3382
12.7653
12.5807
12.6378
10.1549
14.1822
9.51019
13.5094
14.4497
8.17607
10.821
8.10886
11.2254
11.7855
12.0368
12.196
9.81503
12.8176
6.91171
14.9265
4.7134
13.4887
13.8669
12.1869
13.0232
8.58596
11.9006
9.7866
9.82943
7.92669
10.9746
11.0628
10.9303
10.7144
14.425
12.1729
7.8763
6.22262
12.5582
11.724
12.0238
10.7575
11.8089
13.7528
13.9011
11.0057
10.3463
6.62782
6.4178
14.7304
12.8801
12.4799
5.26979
14.3927
10.381
9.3183
9.8796
12.9316
9.68187
13.2453
11.0332
11.8954
11.8449
12.0524
11.3722
14.4726
9.80093
10.9167
10.6432
12.3191
8.86476
10.2215
12.6796
13.0924
7.80346
11.2223
11.9697
5.1551
13.7317
8.77336
14.6097
14.5491
11.4026
14.3805
7.79157
14.955
13.5334
7.37444
9.93931
10.7223
10.8697
10.4182
11.9883
11.5215
11.7828
12.97
11.7348
12.9626
8.29947
6.96134
12.546
12.8186
8.61876
10.4288
14.7924
10.398
8.88218
10.0364
11.0048
10.4075
13.2894
11.8164
13.1429
13.2091
12.1802
5.77265
8.89063
10.2613
10.7836
12.9079
14.9972
6.54833
8.77666
12.557
8.27357
14.1812
9.93649
12.2709
6.84466
7.24011
6.00653
6.88871
10.4202
12.8422
14.0927
13.0557
12.4229
14.4589
14.0441
8.45188
14.9853
13.8726
12.1925
11.8294
14.0299
13.252
13.2459
6.30902
14.8718
14.2816
14.4833
12.1279
10.8181
12.1789
11.7474
14.5754
14.2185
12.8263
5.89396
13.1053
13.5472
14.9776
11.0433
12.1706
10.2768
13.7356
8.98223
10.8604
10.0004
9.62004
9.98017
14.1595
11.1572
13.1954
11.0605
12.7748
11.955
9.29625
6.12925
12.3292
10.7692
13.3588
13.7091
13.6563
12.4623
10.5037
12.397
11.4682
4.87367
11.6625
8.15474
9.49113
13.6546
12.2354
13.8364
10.6382
14.8148
14.8525
13.7914
12.3226
10.9392
4.96671
12.5849
9.80924
10.4234
10.3017
14.7955
11.0331
14.1826
7.19141
11.389
5.99657
13.2245
13.2807
9.99683
5.5675
6.38623
7.10235
8.66751
9.69815
10.33
13.0216
12.9222
8.24326
11.9439
11.4084
14.7169
10.3402
11.0672
14.1006
11.1612
12.7287
11.8964
13.5651
10.1891
6.74822
8.41725
12.0986
4.59055
8.19497
10.8975
13.7577
14.1094
10.0561
9.15174
8.20626
7.89746
6.87223
10.3214
10.6424
8.06098
6.84735
14.1853
12.4383
14.6498
12.291
11.5161
10.649
6.60138
13.1648
12.5156
14.5865
9.80667
6.85045
12.586
9.75083
4.72968
9.69399
9.47712
13.6856
11.3221
11.7071
13.6356
7.50292
13.6183
10.8091
12.0169
9.24795
8.92342
12.6585
7.48238
13.0314
12.2308
13.8402
13.7147
14.4298
6.67655
7.30289
13.8039
14.7032
12.1307
13.9705
14.669
12.5063
14.1386
12.9252
11.3518
14.6068
13.3454
14.7072
11.4371
13.7318
5.66092
10.764
5.84721
12.6863
8.2236
13.5193
12.681
13.5292
14.6047
13.1939
10.2969
8.5551
13.1916
11.22
11.6471
11.3315
9.73523
10.2212
9.09848
13.9672
14.0094
13.7108
14.6426
14.5779
8.8012
13.8934
13.4186
10.1932
6.54533
14.6007
13.4307
13.2859
13.9231
10.578
14.1659
10.3672
14.6675
14.7936
14.5646
9.65655
10.3491
12.2818
13.5127
14.5914
14.2109
9.98983
14.3561
12.9517
14.5124
10.4189
12.1511
6.75483
13.4179
12.0487
12.1738
12.4655
9.93526
12.2914
12.7641
14.836
9.37622
13.1366
10.3047
14.7741
10.232
7.38914
11.1503
9.68381
13.7383
13.4766
8.73954
9.57131
14.4705
10.3942
8.52828
9.92462
12.0166
12.7095
9.25231
11.1849
12.4151
14.3733
12.5619
13.1554
6.56304
12.1053
14.6646
9.84632
12.1102
8.76493
10.3878
8.18657
8.28456
11.8
14.98
9.03285
9.26737
13.4212
14.4463
11.5529
11.3587
14.1788
8.77831
14.47
14.8184
14.7395
7.94686
14.3833
11.4936
9.20722
11.5594
9.64536
12.039
14.8189
10.0723
9.48025
12.4462
9.87266
9.79112
11.8967
7.17738
14.7987
14.2086
12.1537
8.68983
12.1783
14.1304
11.7146
11.6373
9.75378
14.4082
10.7103
8.55923
9.67778
10.476
12.0354
14.5048
14.0606
9.20305
13.7305
10.2177
14.4521
8.56076
13.1066
12.3975
12.8261
11.7975
11.7561
13.202
10.374
13.7936
13.4097
10.8783
12.1919
10.0964
11.9323
14.2558
9.0231
11.8084
11.6721
14.3432
12.9916
12.2966
14.2991
12.719
6.78933
8.18123
14.8544
12.8623
11.725
14.5004
9.64156
10.8533
10.2534
8.31085
10.5961
11.3653
5.89349
8.43265
9.69058
6.24451
10.0682
12.8738
14.4716
12.9227
8.68306
13.5362
12.7283
8.61928
9.9084
10.4174
12.7783
12.4359
14.7389
13.1353
9.679
14.3105
13.684
10.379
4.885
11.1829
6.19522
9.39122
11.5779
14.8359
11.9911
9.73247
13.1138
13.7857
12.2018
10.9549
9.55417
14.7125
12.1901
13.3405
14.187
12.7668
13.1886
12.4573
6.67944
7.61251
10.9848
10.5772
11.7164
11.188
8.0904
10.8081
13.1555
14.0766
13.9009
11.6596
7.8086
12.2393
3.92425
12.9853
10.6227
13.6957
10.0813
14.3131
13.6525
14.0043
12.7672
9.65785
6.77538
13.2063
11.215
14.9238
6.04751
13.8211
13.9745
13.2975
12.5819
13.5289
14.4209
12.1794
14.7812
14.2537
9.9669
11.5744
9.82585
9.36957
12.9327
14.3013
12.7967
9.28662
13.5673
10.6439
13.8604
14.9449
14.3529
13.7202
13.3811
10.7192
11.9799
10.9839
14.5301
11.9993
11.7326
14.0414
8.64866
10.1799
14.3368
14.6046
10.9343
14.4535
10.9717
9.82083
10.3214
13.0923
12.0623
12.2607
9.16192
6.24381
11.3239
5.40424
14.7025
14.6778
11.9762
12.1311
11.1711
13.1459
13.7358
12.7516
13.1263
13.5458
13.789
12.3945
10.294
14.4226
13.6087
13.0463
12.436
13.4518
11.3599
13.9571
12.1535
12.7302
14.3731
7.43502
11.3433
14.7565
13.9719
13.5463
14.5196
12.022
13.5352
10.2755
10.2434
11.8007
12.4261
11.1973
9.60013
13.0522
14.5094
13.3127
13.4107
12.1795
13.9365
9.05019
5.78102
9.27389
13.458
14.5398
11.3647
14.761
10.3904
6.13173
9.2133
10.195
13.0336
12.4286
14.0078
11.8643
6.22345
9.38174
10.0046
10.716
13.2542
9.68817
12.7491
5.7859
13.7478
9.20924
6.04917
14.152
9.54169
4.23225
12.8196
10.7728
5.68831
14.6032
10.2039
14.2241
14.222
9.68379
13.4206
12.4236
14.8763
14.0314
9.8309
10.8485
6.71801
11.5448
11.1976
11.0369
11.9795
14.4727
13.5542
10.9935
13.2886
14.6859
9.57043
6.79669
9.30753
7.66866
14.0496
9.78526
8.36258
10.009
9.00978
10.9814
10.3544
14.117
13.9791
10.0734
11.6328
11.0721
11.9265
8.60417
12.3744
13.8857
10.8036
6.18571
13.0602
11.5498
14.0872
14.1911
5.99039
13.9296
13.9617
13.2735
12.0304
12.8973
13.6625
13.8014
10.9547
11.5404
7.86841
10.3591
13.1194
8.21627
13.6651
13.3807
12.7563
12.6444
12.7671
7.4431
11.2266
14.1094
11.9555
14.3615
12.3991
12.2675
11.7066
7.54897
12.827
13.4827
11.251
7.62874
11.2919
14.6029
14.0066
10.9872
14.571
14.638
12.5681
10.3923
9.13688
14.7362
12.3395
10.4073
10.6701
9.43251
14.1156
10.7592
13.3871
8.52013
11.4163
9.68841
14.1912
14.4309
14.3944
5.90838
10.4391
7.75332
6.45827
13.5121
14.7259
14.2587
11.6902
12.3729
14.2458
13.4172
13.9661
11.3016
14.0289
11.3094
13.9684
10.1787
13.4255
14.8104
12.0874
14.2987
11.2886
14.5995
9.81555
13.3968
8.65675
5.73024
14.4982
11.7781
7.3038
7.13157
13.0521
10.5529
10.5104
14.5876
9.0408
9.34774
13.0313
13.7831
12.3557
10.4726
10.7759
9.7226
13.5261
12.9965
11.8204
8.13393
14.9689
5.41264
12.4906
14.3336
13.9283
9.97567
9.7625
8.99498
9.22377
9.86455
13.1616
9.99731
9.82348
13.3817
11.2864
13.4119
14.2954
14.6216
13.328
7.36738
8.65991
6.39877
10.2235
8.46582
14.0438
14.0546
12.4691
12.863
12.6493
13.077
13.1815
9.64814
5.9037
14.0211
8.63226
12.9522
13.3361
14.5538
11.2063
9.91842
12.589
14.0702
12.4485
10.413
12.6804
6.4504
9.19196
9.21039
14.4891
14.0855
13.5365
9.49431
10.5059
11.3202
13.5732
14.1647
6.09076
13.966
14.1925
7.43843
11.9894
13.8016
11.5248
10.3503
10.1698
14.6764
12.0979
7.51966
12.5424
5.93982
14.4388
13.6142
13.0727
13.5322
11.1103
13.3567
9.75587
12.6054
5.73234
13.9271
10.0552
9.84257
7.3387
14.4302
7.7696
9.58862
14.0668
14.5346
13.9075
13.6431
11.0707
9.10553
7.50217
11.9095
12.1248
5.78865
9.58989
8.76938
6.62868
10.8536
10.2258
9.92717
13.9079
7.01468
9.58383
14.8828
13.7347
14.7275
9.60242
9.85853
12.3554
13.8708
8.57969
14.5605
14.3852
12.0634
12.7738
14.0905
14.9082
8.65551
12.1671
12.5365
12.6927
5.63146
12.5423
11.785
14.2775
9.86521
12.8021
11.0044
13.3646
10.2147
6.29124
7.24755
11.5222
9.66206
11.3969
13.5416
10.7874
12.5609
13.7479
14.6654
10.589
10.2402
8.79314
9.38935
12.5606
12.4497
12.3902
14.4943
8.39114
12.4278
11.6337
13.3027
13.9693
13.6341
13.9342
12.3051
10.886
12.8279
14.5536
9.74784
6.56604
9.19127
10.2972
8.36371
10.814
11.9182
9.43496
4.38613
14.9311
12.3964
9.33888
11.7767
13.2057
11.5117
14.1423
9.11598
11.7438
11.5707
14.9399
14.0078
8.32834
14.4867
13.0309
11.8954
9.26418
14.2004
10.7564
13.9813
14.7585
13.7287
9.8233
14.6779
13.3588
6.95373
13.7667
12.7664
10.9626
13.3264
5.51647
9.77687
14.3915
12.2022
10.7629
13.8225
12.1701
7.50508
8.12055
13.5863
11.3843
11.8715
12.6507
14.8905
11.9899
11.2289
8.90822
8.81069
13.8582
14.0674
13.2383
12.1813
12.9671
13.3033
9.54689
13.5998
14.0115
13.2823
12.8841
14.795
9.75206
13.4121
9.69071
12.8451
10.1349
13.6082
8.62629
11.6674
10.7086
10.8869
14.6395
13.2926
10.3584
9.70801
13.5375
12.461
10.6492
9.67948
9.80868
10.1725
10.6282
10.3533
9.15237
9.64881
12.954
9.57765
7.40366
10.427
12.0784
13.0437
14.891
5.21318
8.66445
14.9564
14.2688
12.1662
4.12117
12.245
12.5211
7.35526
12.353
14.9367
13.4173
8.75513
10.4855
13.1841
14.6441
11.5765
12.8746
13.0603
8.983
12.9467
10.0974
6.7538
14.847
14.8979
14.4684
14.2945
11.4269
10.5785
5.78195
9.41755
14.0858
11.6744
9.94828
12.9234
10.0763
9.59794
7.71205
12.0742
6.10294
6.02774
10.7105
13.1547
10.8363
11.571
11.3058
13.4955
8.61573
14.5057
13.6079
11.1676
10.8542
12.3409
12.7132
12.9793
10.4594
8.43035
7.24274
6.33343
6.32836
14.9603
12.3022
12.3951
11.6907
12.2311
11.6269
13.9475
13.9698
14.9437
12.0032
11.1816
11.7965
13.1791
14.2475
6.25661
6.6082
9.39168
11.2645
13.6644
13.9566
13.4937
12.1242
9.44559
7.20336
14.4547
13.0049
12.1164
8.79896
8.18596
12.2625
13.1798
14.6178
14.0669
12.394
13.5568
11.2874
11.7636
11.8621
8.88349
12.3605
12.851
13.7322
13.5932
11.7035
9.46471
9.66762
10.6773
11.9093
9.88872
11.8727
13.5162
12.9836
13.0695
11.0195
14.1839
8.61368
11.5566
13.5849
10.5859
12.6574
12.0632
10.8153
10.0411
10.1384
10.4752
10.798
8.4753
10.215
9.35091
9.61964
9.54001
13.7665
13.5403
13.1123
14.447
7.99914
14.4704
13.2122
14.7448
9.8036
9.51058
12.5759
9.82397
13.3704
6.80598
10.2526
10.4477
6.25429
8.46136
14.136
14.6473
14.3267
10.5635
9.64486
6.32646
13.9191
13.325
10.0038
9.16665
12.8815
14.8545
12.4605
10.0624
13.0911
8.3376
11.8462
11.1856
13.2343
13.1762
12.2164
10.9096
13.8307
14.2619
8.69526
8.92145
12.2102
12.4751
13.7284
10.1191
11.1462
8.2639
10.5909
14.3145
11.2663
14.5474
10.56
13.0316
11.7867
7.52193
13.1435
9.07585
12.5863
9.18102
10.2905
14.9563
6.65353
12.1907
5.89095
10.3658
9.91208
10.3665
11.9487
11.581
12.4272
9.60684
8.43758
8.38484
8.98197
14.4691
14.423
14.8819
11.1351
14.3542
8.6514
14.1428
13.2278
9.97966
11.5492
6.62341
8.81831
8.0071
10.5033
10.218
12.5776
10.7306
11.7299
12.0349
8.88827
11.6456
13.6208
9.39248
6.94776
12.3903
14.4417
5.42135
8.43504
9.78231
14.1053
10.4628
13.5724
12.9285
14.9221
12.312
9.47171
5.30932
6.49293
14.9918
12.6701
14.1491
14.7131
14.1077
10.7798
14.7117
11.3118
10.7242
14.4318
12.5937
10.9708
11.1179
14.3006
12.6036
12.317
6.43265
6.13098
11.6398
14.2696
12.0028
13.1093
10.3772
12.4824
9.36847
13.6655
14.4831
13.7871
14.6456
14.6125
14.2404
5.40076
9.04304
13.5645
14.5117
12.8342
10.7783
10.5256
11.1728
12.0078
14.0674
12.4552
7.55642
13.1929
12.0177
8.50524
12.5468
10.7964
11.6095
11.7396
8.99477
11.3168
11.0082
13.883
12.7722
13.1727
14.4882
14.1622
13.01
8.4846
9.68651
11.7612
12.1094
13.3542
12.2846
14.8047
10.9479
13.5267
14.0574
13.5239
6.53923
11.2716
10.0179
8.79719
11.2552
9.61473
10.0936
10.7253
14.8464
8.643
13.5536
10.1625
9.67253
13.9926
4.91386
12.7265
6.8425
12.32
11.8553
7.98294
14.737
11.2074
10.3241
13.0964
13.1301
13.2405
10.3971
13.8772
4.58911
14.0598
13.879
12.2596
7.90983
11.8758
12.2329
12.7924
12.5236
12.6336
14.5633
11.9402
13.4699
10.8405
9.63868
5.09036
12.5445
11.514
8.03323
12.1465
13.1503
12.9179
6.23324
11.7027
12.7559
14.3637
11.1699
9.85031
12.5338
6.21537
12.6845
10.775
10.9001
14.6472
13.7217
12.715
9.09567
13.7721
11.1573
12.2923
6.27921
14.9251
10.2278
11.3754
12.1571
14.1733
14.3002
13.766
10.1603
14.6996
8.24709
11.3802
8.26232
14.2706
11.9922
14.6162
14.2503
8.59661
14.0597
13.1915
13.9724
12.7591
12.8501
11.8087
13.2359
14.2511
12.4435
9.37053
13.8554
12.3211
13.1228
10.0911
13.964
13.4031
9.93249
6.72771
11.6514
8.01474
8.29533
14.2173
13.5568
10.1067
13.0113
13.544
13.0686
11.8955
14.5346
14.1079
12.8584
12.052
13.8352
8.23917
13.8115
13.5135
9.64765
14.5642
12.5088
11.7987
12.4276
11.0209
12.9914
13.5993
13.2735
13.0799
12.7107
12.533
12.5795
9.17602
12.229
12.7792
6.91716
10.7921
13.1959
13.2583
14.2204
14.7567
14.7948
14.4538
6.40929
9.72716
13.5068
13.6563
13.8811
12.0811
13.2036
10.8188
14.984
11.7986
11.6566
10.3014
11.3512
14.1522
11.8598
7.01769
10.885
8.87399
13.5099
14.1225
10.9289
13.8171
8.5631
13.4255
13.6034
4.9964
8.82072
12.8156
5.21287
11.8582
13.385
13.0829
11.1926
5.35587
9.5451
4.56291
13.5406
11.0851
11.9439
11.3109
12.2484
14.6235
12.2208
14.2555
8.49183
11.3578
9.61746
11.4422
7.98331
11.8565
10.7905
14.6698
14.1871
11.4687
11.6133
11.1746
12.1713
14.4875
10.5031
12.3782
11.0966
11.5387
14.4241
9.99819
7.05511
10.8565
7.55858
10.4925
14.6587
12.6087
7.85802
14.3187
6.91255
11.0963
13.9811
13.3883
14.7739
9.83692
13.0216
4.6147
14.9796
9.93055
11.7257
11.4559
14.4715
14.0305
14.5964
14.7277
13.6654
12.85
11.2528
4.72664
11.0402
14.1222
14.1441
11.049
10.2331
10.1689
6.06999
14.2496
13.926
14.9554
14.6187
10.0896
11.9521
12.4184
11.2711
12.1065
14.4785
12.9211
5.23667
13.997
10.7842
7.07746
13.1522
12.6012
12.402
10.8479
10.9621
14.5886
11.8474
14.2297
13.9678
14.0587
7.93349
7.59366
11.8966
9.9454
11.6174
14.3412
10.1068
11.4309
9.83176
10.6519
7.76526
3.98315
11.7373
11.3756
12.8387
5.39832
10.1291
14.4064
10.2075
5.88145
12.584
10.1891
12.0012
14.231
14.006
11.2585
12.9781
13.0574
14.015
14.4449
9.31242
13.0585
10.4533
12.8988
11.9136
10.2349
14.0139
10.6441
13.77
14.305
8.68657
12.8149
8.74012
14.694
13.9488
13.2576
12.1288
13.0199
14.9297
11.6612
14.9409
12.8622
11.6252
7.75164
11.6445
11.8068
10.0504
11.8678
13.1465
7.5885
8.24236
10.3447
13.9367
12.3628
14.9044
14.6066
13.017
11.2125
9.83766
12.972
9.20516
12.6429
11.3524
8.77694
12.0471
9.67292
11.963
13.554
8.287
10.8039
14.2993
14.4016
12.3468
13.0181
5.226
8.9301
13.8722
11.2531
9.62961
6.00702
11.9561
14.7166
14.4422
9.82041
9.92816
14.5191
8.79535
10.7041
13.9101
11.3395
6.42663
8.88357
7.71678
14.331
10.9302
12.2884
10.9418
11.7127
14.9421
14.9703
10.5738
12.6622
11.1697
6.46818
8.85179
7.75015
9.16347
12.5386
11.5747
11.0269
4.32547
4.83295
9.36168
7.06394
12.1878
9.51025
14.1335
12.7562
10.0786
9.7668
9.8132
6.09389
10.7582
14.5321
8.41767
11.1498
9.45597
12.6251
14.4637
10.0352
13.8057
9.9939
12.0676
12.2505
12.5127
10.206
13.5609
8.29044
13.7373
13.5754
14.4221
8.0319
6.53691
7.70043
10.5916
14.8512
12.1672
11.0944
14.0933
7.0725
12.8277
12.9038
13.3109
13.4649
10.3955
10.265
8.59086
7.88833
11.3044
13.8069
13.6337
10.171
5.58474
14.315
14.2406
14.7921
8.11647
9.29197
8.59062
14.0354
11.5157
13.9033
13.2986
14.6548
12.0984
8.66612
7.1144
9.38247
9.06603
11.1244
13.1994
13.5098
5.3522
14.3459
10.6831
11.2215
11.0561
12.8275
14.459
14.112
6.30394
14.9157
8.5121
9.93722
12.5865
8.17196
8.54036
12.8078
14.6385
12.2065
7.26483
14.9151
10.3245
12.993
14.0651
12.6328
10.5686
10.3618
14.4259
13.4072
10.1922
13.1626
13.4687
9.58123
9.66989
11.5992
9.85604
9.05235
12.7409
14.322
12.3469
12.6883
9.82308
8.7963
14.0909
11.6156
13.836
14.2876
11.1641
11.2856
10.278
12.1777
14.1723
11.5759
11.8046
14.383
14.5365
13.0957
13.0401
11.2194
13.3849
14.7312
5.95739
9.92718
12.4813
14.5307
12.6764
12.0309
14.6263
14.7923
9.22366
12.2842
13.6782
9.28182
12.8447
8.60549
12.9138
14.1445
14.5838
11.7602
11.1802
11.6406
14.6773
14.9914
13.9167
14.8527
13.2636
11.5034
12.1852
13.4604
5.9576
12.5322
9.04726
9.83363
9.6877
11.6069
9.82057
5.88512
11.5823
12.6556
9.6272
10.272
8.3057
8.85569
11.3205
13.5419
11.3669
14.1037
13.8157
9.98443
9.59012
13.6358
9.60647
9.2437
11.8399
9.36894
13.5283
11.2548
11.8355
14.5554
13.6687
14.0725
11.3666
13.6223
10.8472
8.07553
10.1664
7.54607
10.8884
5.82735
9.12285
11.1006
10.3985
14.2857
14.5607
9.84792
13.3123
14.6537
14.3358
6.21251
9.59416
10.9448
14.4206
12.2601
8.82598
9.97021
10.2738
14.1966
11.84
9.79707
11.2281
12.9483
13.3943
8.50947
12.0749
10.0056
12.9183
10.1016
9.36338
11.4771
8.62011
11.8549
5.93836
14.1254
10.5128
9.43382
11.7286
8.82663
10.3192
8.45965
14.7925
14.3323
13.7022
13.3078
12.5403
14.469
10.3362
12.7683
9.31657
12.0239
14.1984
11.1758
10.535
10.6825
4.94968
13.5197
9.74778
8.69423
11.0972
10.6561
14.2508
14.7787
12.3296
8.83392
12.1929
14.6572
14.5105
14.1954
10.9019
13.2061
13.5076
11.9526
8.81668
14.0548
12.021
8.74629
12.4247
9.22188
9.27118
12.0297
14.6838
7.46595
8.08021
10.9579
8.36769
13.9642
11.7443
9.50232
9.37339
11.5469
14.8288
6.60274
12.8891
11.0896
11.1986
13.9941
13.9706
14.6053
14.6031
12.6615
8.36271
13.0058
14.0194
14.581
10.9851
10.0911
13.4822
12.6158
14.347
12.4132
11.952
6.20739
14.646
12.912
8.42697
8.50691
6.90956
12.5885
9.39224
10.4714
14.4766
12.6203
4.91083
14.971
5.97566
8.26753
10.0502
12.1852
9.4878
12.4791
5.7058
14.2688
8.82571
12.8613
13.4957
12.5556
9.90577
9.46337
9.114
10.6244
13.1496
14.7861
10.4445
13.2651
13.7494
11.9606
10.0512
14.4166
11.2483
9.12585
6.60531
11.8621
5.82954
10.4878
13.6488
14.3934
10.9285
14.2362
10.8657
12.2745
13.2528
14.1928
11.347
8.83128
7.03807
12.6659
14.72
14.0291
10.8869
9.25943
13.0351
13.8033
10.0414
13.3153
14.8024
8.52037
14.6458
10.2744
12.4183
11.3301
12.7087
14.295
11.6147
11.8896
12.2282
12.1251
12.3986
12.0309
11.7691
6.5212
10.3812
12.2267
13.5584
8.46512
10.4871
10.5147
10.5422
6.80523
11.7377
6.17371
14.8416
13.3718
12.93
11.0721
14.8602
13.8157
8.44228
11.9501
10.0556
8.77885
12.476
10.1079
13.3996
12.3611
14.5418
11.1904
10.2724
12.2946
12.8522
12.5193
9.17676
10.0689
8.22104
13.23
7.28802
9.92227
13.9123
10.5843
9.58587
10.2654
12.9412
12.691
9.88111
9.22607
10.1173
10.9478
12.7543
13.877
13.2306
5.98287
11.7877
3.86237
10.5263
14.4631
13.0728
8.94395
9.35577
10.1821
5.25932
14.0419
8.86679
14.3548
14.6027
9.10963
11.6727
8.46305
11.3649
13.3003
13.6378
10.4471
12.3047
14.8043
11.7338
6.19005
13.9804
12.3124
14.3274
12.6029
13.4787
14.4108
12.6639
13.6363
12.3247
14.7298
10.9008
13.6484
12.8501
13.0554
12.4465
10.022
13.0625
6.79967
9.99131
5.57304
12.7199
10.9117
12.3433
10.0496
10.7625
12.6988
11.0172
5.83481
13.6649
7.85831
13.5789
14.2149
10.5448
12.457
14.8918
12.1278
10.755
14.0457
10.945
12.7893
10.2017
12.2882
11.0149
12.4214
14.4604
11.7218
14.7944
11.9498
13.7341
10.2015
7.27407
12.5931
12.7817
10.0379
7.20777
14.9821
13.6908
5.15209
14.0537
9.48985
6.33841
8.73346
13.1526
9.47657
8.90034
8.92064
10.0993
14.2803
11.0553
10.038
10.9963
12.4201
10.594
11.4937
12.6916
11.3761
6.63342
12.1289
12.8109
13.8603
12.0893
11.2858
14.3512
13.1489
13.176
9.64787
13.5526
14.6607
7.05207
6.82127
12.9723
12.2075
6.18679
13.7009
9.36798
6.42565
13.2397
9.64177
12.6544
12.874
12.1239
12.893
8.4625
8.62834
12.0072
11.4398
12.0844
13.4334
6.38677
11.1403
14.4085
14.8648
14.0666
11.4219
11.9996
14.1384
13.5453
12.5542
13.3162
10.4277
12.7753
13.593
11.1181
13.4327
13.5171
8.70954
8.36853
12.6619
12.4271
9.87324
11.8008
13.4774
13.7773
13.119
10.2299
10.6288
10.1709
11.1899
5.63581
11.4813
12.3139
14.2103
12.619
14.9781
11.1792
5.66693
8.52724
11.438
11.7758
11.7964
8.91317
6.61811
12.9064
14.1805
14.5508
13.8083
14.4345
8.82727
13.3426
13.932
12.0357
10.8666
9.70199
14.0856
11.2809
13.4962
5.77161
9.13625
13.668
13.5454
12.1266
13.4455
14.3131
12.2043
9.2825
11.1048
8.24874
13.4251
10.244
9.87726
12.2269
14.6897
13.9559
12.1992
9.95481
10.2776
5.59444
10.1209
13.726
9.85688
6.27523
13.7142
14.605
10.3835
13.6014
9.85373
10.0942
14.7848
8.30501
8.57151
5.66702
6.06132
5.86167
9.42118
11.3793
9.30538
12.0449
10.1574
14.5763
11.6361
9.65057
10.132
9.59503
12.2435
10.248
14.814
12.3438
13.7226
8.19286
9.48235
14.1793
9.1753
11.7826
11.7542
13.4732
13.6092
14.7817
10.5156
13.7836
11.3838
13.6941
12.5101
12.6921
10.5329
8.22888
12.7256
14.0418
9.78052
11.6741
13.8104
11.376
13.0361
7.69343
14.3104
14.9008
14.3287
13.3941
6.50772
10.3255
14.3215
13.8043
13.97
10.2331
8.41352
10.8504
14.3648
14.4739
11.1896
10.2023
6.63619
9.91945
12.9797
14.4327
13.3334
9.54732
14.4426
9.56378
13.5869
6.28957
14.3031
14.511
12.6643
7.32253
10.4858
9.8247
14.8637
12.7674
5.42472
13.012
11.2699
11.4017
10.9177
11.8098
9.16968
13.7607
13.2821
11.3211
12.0141
11.6743
11.8905
9.85328
11.0028
8.88529
11.898
9.91239
8.95586
13.7763
14.1127
11.6045
14.5324
12.1573
9.19847
12.0818
13.8076
14.1261
12.3969
12.1664
8.41159
9.3689
14.2938
14.3913
8.56028
12.1866
8.56577
10.2445
14.0593
12.55
10.8466
12.9423
11.497
12.871
4.61268
13.1358
8.71004
12.8363
11.9942
10.1441
10.486
9.75738
8.73061
9.60582
8.97723
14.9944
14.0755
14.8635
12.7315
14.604
4.1499
8.18495
8.69006
6.36329
12.3062
13.5696
11.4963
5.63032
10.6405
9.68467
11.3629
12.1249
9.49796
10.0036
13.9201
9.52917
10.8428
7.77217
5.38503
5.43827
10.3039
10.5668
9.26025
9.74291
12.5533
6.571
8.7994
8.75436
11.0851
10.3318
8.30246
13.1697
14.3576
9.51226
13.1134
14.7111
12.2191
9.06039
14.5781
12.2457
14.3463
11.5737
9.84055
14.3431
10.6325
14.6675
13.1606
13.3879
8.54844
14.2662
10.5643
14.2931
8.666
13.4395
12.208
6.28823
6.23605
13.0895
7.02644
11.941
8.30354
9.78137
10.8631
9.50495
13.4141
10.6717
10.5841
13.5391
9.67528
14.4089
12.6919
9.90932
10.5054
14.9139
12.3576
12.9485
10.4895
5.76932
11.8521
9.96098
10.3816
10.137
10.9224
12.4903
13.7584
14.4526
10.6456
11.0218
12.273
6.31579
14.8811
14.8175
11.06
9.25473
14.9031
11.6401
14.3065
14.3435
14.0584
12.3164
6.5281
9.68388
9.50768
10.7957
8.25548
9.41302
12.1306
9.25436
13.5095
11.0043
12.4951
5.94578
8.78787
13.379
8.76231
12.1122
10.5065
12.3825
10.2119
9.0867
5.78262
11.3068
6.80035
13.7778
14.3129
13.7802
13.016
13.9859
12.9025
7.08996
10.6366
13.2126
10.9821
12.0496
14.9383
14.3466
12.5165
11.7193
8.76237
10.5903
11.9637
8.88099
10.7774
5.89431
6.94317
13.9834
9.61187
11.5038
8.40857
11.4746
10.0234
14.0961
10.3604
11.8692
10.9662
14.7606
14.8688
9.79408
9.78849
10.872
9.52211
11.6883
9.13877
10.2856
14.7436
14.2265
12.3409
9.66011
11.2585
14.3202
11.4012
10.0017
12.4842
10.414
14.9848
10.5484
13.6293
9.5033
12.2472
11.6631
13.4524
14.7891
10.7296
10.9715
13.2747
13.7759
5.64992
14.1937
8.66076
12.3161
13.6368
14.5889
11.4436
11.599
10.8523
14.8297
14.0873
11.3582
13.5812
6.07241
11.8575
8.57194
7.77043
5.27315
9.07299
13.1097
14.1154
9.96044
5.75073
4.90092
8.51433
10.8488
10.5587
12.5353
14.3086
9.56526
11.9958
13.5247
9.17496
14.5158
12.2255
10.5571
11.033
7.38523
13.8189
9.17629
8.5918
12.3257
10.5803
14.3961
8.66908
11.5893
9.33453
5.99485
11.7323
13.0577
12.7919
13.7969
13.8981
6.45921
9.49806
8.60224
10.081
12.688
11.3789
11.8713
9.47442
9.9883
13.5627
14.1507
4.87613
8.30645
14.1036
14.8113
13.1282
5.68948
14.4617
12.4852
11.9583
14.9993
13.8867
14.7756
14.6362
11.3744
14.8203
11.6177
5.31337
6.96159
13.623
10.8182
14.9437
11.3659
13.1227
12.5618
11.8351
11.1587
9.76146
10.9924
5.75297
11.111
7.83055
12.0708
11.5412
12.9189
11.1942
14.1392
10.0037
12.5207
13.7806
9.76553
13.9769
11.3848
12.0273
11.3603
13.7822
10.5954
11.0931
5.86384
7.05055
9.50488
11.004
5.29867
10.445
12.1848
12.9703
14.3722
7.30095
9.09765
13.8139
8.6822
8.60415
12.2858
9.79978
12.2671
14.8799
12.9427
8.61174
14.7533
7.00434
11.4618
13.0597
12.2011
14.7812
13.0145
12.9691
14.9738
10.031
13.4005
11.4026
7.81362
8.58702
12.6373
8.8248
11.1571
11.7872
10.7041
10.3914
14.8716
9.57221
10.3813
13.4788
12.9411
10.6339
12.3688
12.8265
10.0293
14.594
12.1091
4.88184
10.4418
10.8617
14.2553
7.45545
13.1775
12.5283
12.1214
13.1163
14.6315
12.6561
9.82881
12.6629
8.9544
12.0596
14.9784
9.49975
13.2982
5.39325
9.92146
8.69668
11.2996
9.26927
13.3141
12.3026
10.2874
14.3576
14.6596
8.86679
9.98229
13.6055
8.60944
13.0487
14.1478
7.79313
14.7996
12.8656
9.33879
14.8392
8.53803
9.62183
11.8483
12.471
13.0526
13.9203
9.06966
13.0478
9.04591
12.9916
7.34501
8.56538
13.0556
9.91142
12.5835
14.5355
12.002
9.87918
6.05012
14.3935
12.5707
14.1482
14.2286
11.5053
14.833
14.4292
13.7255
14.7762
12.2487
12.951
13.6417
4.38081
14.8717
8.44786
12.9932
14.9385
11.6841
9.93239
9.27549
13.3251
14.1479
9.93285
13.685
11.4733
8.83543
7.93221
14.2726
6.12165
13.0534
8.19947
12.6584
8.65422
8.53757
11.3274
11.6116
11.2707
12.4387
9.29678
8.35237
13.604
14.5601
12.8384
6.207
12.4263
13.9457
8.66476
13.5823
13.0152
11.804
10.2913
12.7602
14.1448
7.40246
14.2312
13.0166
13.7189
12.2508
9.33298
8.53337
12.8762
14.6546
9.41119
9.71731
14.4557
13.3206
9.15686
14.1619
11.7853
9.08721
10.297
10.6789
8.70564
5.75788
12.0906
11.1172
11.5226
14.952
14.4338
8.56403
8.6261
13.0043
13.0567
13.5271
14.3381
11.4008
14.4998
12.1981
8.61112
13.0292
12.8995
11.0367
11.1023
10.2278
5.31079
11.2336
14.0707
9.51635
14.1543
11.2865
10.7544
12.0529
13.8583
14.9746
14.6068
8.5923
10.8964
14.4554
14.5112
12.1694
12.8814
10.1234
13.2273
13.2224
9.63603
14.4515
11.694
13.5609
10.9874
13.0153
12.8095
12.9411
4.4107
12.2707
14.0335
12.1336
14.4364
12.6563
6.15982
14.5648
6.79062
9.70782
12.1545
13.5638
11.7827
10.1449
10.1523
10.3232
6.35095
12.5743
10.8306
11.3582
12.4492
13.6294
13.9486
10.6579
8.828
12.1998
14.5126
13.7072
10.8085
12.9079
14.0862
13.5891
12.3828
10.3782
8.65432
12.773
14.5443
13.6131
14.0236
14.7872
14.8439
14.1585
9.9218
13.9015
9.48982
11.8821
11.1497
11.4078
13.0528
13.7786
12.5612
8.29095
10.8583
10.207
9.64868
10.8052
8.72122
11.5311
13.9491
8.48022
9.78157
12.1525
8.45355
4.81649
14.2591
12.8371
9.5927
12.7244
13.0161
14.5143
14.0435
10.8233
14.532
10.5123
12.4779
11.9777
11.7293
14.9641
13.433
12.8507
11.0317
12.5237
9.71106
13.0795
10.7437
10.597
13.1683
14.0089
8.65691
8.69907
8.65978
6.19453
14.7457
14.1891
11.4361
5.70788
10.1554
6.82888
14.3005
11.1224
12.9365
14.2532
14.0058
12.2967
12.5403
6.52798
14.2174
12.9395
10.4192
11.3457
6.25918
12.4853
13.872
8.19713
8.96462
14.3532
6.13753
12.7776
14.3917
8.58083
8.86981
6.71813
10.4939
10.3692
14.8855
11.0394
12.2145
8.45185
10.6583
14.9016
10.8368
14.9514
12.1884
9.85274
12.7944
14.2756
8.95142
13.4382
12.0202
12.4687
12.7672
14.4456
9.50647
13.7077
14.0143
14.079
6.32244
9.79499
13.7449
11.0452
14.5828
14.0333
13.027
14.382
12.9499
13.9845
9.31258
11.502
9.5427
13.4091
9.6506
4.99093
6.82306
12.3324
14.5492
10.0172
14.6919
6.64769
8.95212
12.0396
10.5094
13.918
10.7001
13.8494
13.9701
13.7842
12.5459
3.86441
9.04451
13.241
14.3137
14.2579
10.4343
12.9718
11.3015
12.7771
13.1575
11.5805
10.1999
14.1981
14.1439
12.5621
14.3022
9.63147
13.5336
7.16323
13.4751
9.641
14.8018
5.32076
13.3554
14.2444
11.1945
14.3817
14.1576
9.79784
6.51242
10.1869
10.1764
10.8721
11.4338
6.2725
9.50275
10.9891
14.0803
10.6027
11.172
10.7377
12.2809
6.09728
11.8161
14.8838
14.2455
14.9646
9.81752
10.8556
7.9438
14.3791
12.4343
5.53929
12.979
8.35614
12.2364
6.98511
9.75191
14.6595
7.20986
14.9387
10.9199
11.7262
11.698
11.6561
6.67041
11.7736
10.8694
14.6827
10.181
14.4605
14.1233
8.11973
9.33865
8.19173
5.60937
11.9122
12.5842
14.1775
13.0764
10.5636
14.1175
9.75157
9.76748
12.2902
11.6333
12.7358
14.9339
13.1602
14.6752
13.7185
9.44646
8.4164
12.0714
8.75265
12.8515
9.75157
13.2248
13.8124
12.3007
8.54372
10.1945
9.04786
6.37057
13.0163
13.6417
11.6209
14.8465
9.97955
11.3589
14.1119
10.557
12.0652
13.4586
6.89324
10.3611
14.4354
13.0827
9.6839
12.0862
14.5594
12.907
12.5257
14.6114
10.3488
9.30558
8.80682
10.5944
6.87601
10.7864
11.8599
14.1705
14.1438
10.6994
11.5618
10.7159
7.49992
14.0013
13.5557
13.6751
9.6811
14.8779
11.008
10.8992
13.5207
12.1125
11.4854
10.4405
12.1318
13.2807
4.4446
12.6957
11.2645
14.081
11.6774
9.848
11.6191
10.4108
12.8013
14.9139
14.2953
12.313
13.9637
8.26982
14.5203
12.4268
14.941
13.3904
5.905
10.5536
11.5718
12.2136
13.1132
14.5893
10.9955
7.11187
9.62552
12.6024
11.0734
13.8634
13.8541
5.64356
9.18972
9.91027
13.412
10.1259
14.4484
14.6203
14.3647
8.70613
12.6237
7.96586
13.8143
11.0068
10.0672
12.2765
14.2641
11.6339
14.1382
11.8626
14.3885
13.0158
7.08973
9.84739
12.9659
13.9935
10.7231
9.84464
8.49332
12.4772
9.18661
11.9292
9.95497
10.191
11.1117
11.8304
13.8529
12.6751
13.7773
10.471
11.7178
14.4127
8.97768
9.40496
10.0899
14.9042
12.9524
14.912
11.8887
13.4826
14.7087
14.8992
10.3631
10.8888
11.124
11.7058
12.8323
5.53577
9.55176
11.1991
11.6174
14.7914
12.4376
6.09666
14.3241
8.63311
13.46
9.79543
14.6521
11.5237
8.89311
9.88605
8.56827
12.7686
13.97
11.1797
14.9307
14.8257
14.7209
7.81043
10.7086
8.60044
14.5865
10.6241
5.89765
8.75596
9.67434
14.9605
14.0375
13.1543
10.2887
10.0007
8.70924
4.16722
13.8032
5.02898
13.7033
12.9158
14.211
9.07447
14.042
10.5658
13.9825
8.70911
9.54136
9.74145
10.5966
9.72895
14.7545
9.89582
8.79167
8.44042
6.14931
5.90882
5.70368
8.83654
10.7193
10.704
12.3061
9.11882
10.1675
7.39812
12.843
14.6995
12.8501
10.4043
12.4246
13.0139
11.5261
12.3801
14.0582
11.7001
14.2506
12.7491
10.5092
13.3467
13.7747
11.2132
11.0049
13.1833
13.5886
13.6728
14.5317
13.0638
10.7443
13.9173
10.9964
14.6353
14.9197
12.4165
10.226
13.6941
14.0833
11.8502
13.5523
11.7228
12.3276
13.9678
12.3058
5.8421
11.1135
8.59906
14.3831
12.0835
8.64402
13.1241
11.2965
14.2111
10.8163
10.784
14.7243
14.6116
14.7014
13.103
13.9122
7.82881
9.73715
12.0081
10.2404
14.8691
5.28027
14.4586
14.5228
9.45982
13.6934
8.58168
5.37564
8.50419
8.58384
6.30854
12.1842
11.8953
13.0048
5.42708
4.25872
6.7611
13.8578
13.5767
11.5954
6.38071
13.8404
12.9819
13.2065
13.0228
12.6507
14.1157
11.3977
9.29509
8.90254
10.6657
13.972
11.1991
12.7189
11.8786
11.3739
14.7255
12.908
11.0596
13.3624
13.9666
12.7032
12.2817
9.47327
10.0556
14.2891
12.5116
12.6672
12.4739
9.61687
10.7819
9.12079
6.27131
11.8123
12.8451
13.6255
9.21146
10.066
14.3445
11.3287
11.9862
13.6623
14.955
13.9418
9.98442
11.9326
9.96787
8.54115
12.6542
13.7239
10.7989
9.7546
14.2814
14.5189
12.654
13.5283
12.0773
12.4824
6.50012
13.828
14.6544
9.27134
9.027
11.7814
14.2187
5.59099
9.29901
12.2991
13.1661
9.25274
6.92116
9.35366
14.5384
10.5423
12.8266
5.44494
14.0085
8.40439
11.5695
13.8602
12.2217
13.4946
11.422
13.1598
14.2801
11.7063
13.8278
8.01199
13.5479
12.2235
8.64842
13.7831
13.7479
9.20376
14.5268
10.6329
6.09726
11.5217
9.79042
6.24541
14.3204
14.4873
9.64521
14.4888
10.6097
14.9993
12.7136
14.7886
13.2462
8.34946
12.174
5.65172
11.6659
8.6517
8.7879
10.7136
12.4853
10.1921
12.1913
14.0858
8.05039
9.88276
12.0173
13.9879
14.6119
14.7686
11.1324
14.6905
5.10727
13.4158
14.6383
13.4094
10.8274
12.6243
8.28198
10.2686
13.815
9.39023
10.4627
11.9115
13.7237
7.80394
9.59031
12.9822
11.9816
8.32101
11.4234
14.6927
14.0625
11.9527
14.8068
12.7181
9.51792
12.997
8.81672
10.2258
14.7916
7.6851
13.0708
5.98256
6.84808
14.2032
12.2806
13.9826
13.0434
8.26051
10.8217
6.06027
8.80724
10.6581
11.5703
9.7514
12.944
10.2754
14.345
9.92145
9.71416
13.3429
8.50482
12.3617
8.89988
10.1109
14.7974
13.0051
14.2262
8.49022
13.201
14.4546
13.301
11.9014
13.3038
14.1802
11.7025
12.0123
14.2099
13.8185
14.0957
13.334
14.1927
8.87961
11.5138
12.4393
12.8029
13.0123
11.6529
10.7832
12.02
13.2435
9.76958
13.6989
12.3289
8.94731
10.0937
9.61825
8.91243
8.83903
10.0385
10.125
10.292
12.5281
8.2409
10.7974
12.6545
10.3604
14.4542
7.80364
9.17425
14.8809
12.1762
10.9237
9.83464
11.7154
10.2405
8.0055
9.99823
10.0264
9.1437
10.0903
9.83999
9.71658
14.8866
9.11052
13.1227
13.3688
12.9421
14.6644
13.7397
10.6531
11.363
13.6521
10.5188
13.9925
12.377
13.3283
10.24
10.6429
11.9091
13.1291
12.4073
10.5657
8.58279
11.9747
12.6669
7.53427
14.6393
9.57864
14.5078
14.5124
12.6338
11.134
11.5534
10.2203
12.2297
9.83877
14.7549
9.95415
9.9739
6.61793
14.607
14.2738
14.9571
13.6599
7.97806
11.9016
13.7275
8.49361
6.04462
10.4353
11.4216
14.1934
11.0622
13.428
9.79906
14.4635
11.2438
13.8992
13.9894
9.96137
8.79232
11.4491
9.186
10.3559
6.04497
13.1429
4.31932
10.4048
10.0763
5.88986
11.7321
10.1465
8.50834
10.8279
13.4262
13.3674
14.2479
12.3532
14.0421
14.3416
14.7709
11.1745
13.7971
12.4483
14.0235
12.2134
12.9025
14.8274
14.7051
10.4553
9.11356
8.60484
13.5525
10.7758
10.7084
9.34316
14.6799
14.7267
11.0406
13.5869
13.8334
14.1292
13.655
8.10325
14.0568
13.5237
10.8819
11.2879
8.49652
13.5205
12.7728
14.7575
14.9346
14.7262
14.9385
9.12904
10.6643
11.8296
9.02653
13.5493
8.40607
13.0141
7.61466
11.5537
12.9254
11.6001
8.56228
11.03
13.8447
9.04599
10.1053
14.5104
12.3965
12.6403
14.7093
6.0704
13.2445
8.51461
10.1507
11.2837
13.5033
11.2262
10.2422
14.0778
9.78733
11.1175
14.0254
8.7456
13.1307
7.67169
13.1512
11.4578
11.2975
10.4954
9.68022
5.87522
12.2899
5.81428
14.8299
13.3892
14.0974
12.585
13.6534
13.209
11.3732
14.796
14.8569
9.8283
6.26351
11.7942
10.0019
14.5491
13.6484
6.10579
6.3943
14.4233
6.56242
10.1424
13.8941
14.8045
13.2617
12.1036
11.5008
13.3188
14.6787
14.3111
12.7402
14.0374
8.48876
10.6373
9.02481
13.3643
10.5317
9.49334
7.87685
13.5837
13.7449
6.19767
12.4389
10.6779
10.1974
13.1156
13.0471
9.24837
14.8956
14.0169
10.0442
14.3204
14.4434
8.70066
10.52
14.2634
8.96444
9.76813
8.80573
9.07155
13.8881
14.0807
12.0975
13.5403
10.9018
12.4892
10.111
11.0001
9.04449
10.6144
12.9918
14.9982
14.6899
8.87607
13.6868
9.48225
6.49731
9.68177
14.2171
12.4043
11.7776
11.7376
4.95214
12.6542
8.25527
10.9796
6.83513
10.5809
8.89106
14.549
8.92025
14.7231
10.6051
7.49726
10.9149
9.15031
11.8769
12.5938
9.89637
14.1724
10.7886
14.5373
6.48101
12.4109
14.674
9.19237
11.4621
13.2162
14.6883
12.507
10.1858
13.755
13.2025
9.89385
12.8056
14.7927
12.9365
6.09262
12.3162
10.6844
7.57689
11.3857
10.3809
11.0528
11.98
7.93778
12.5063
9.00061
11.483
10.925
10.0973
7.95546
12.1418
9.54271
7.86088
8.74231
7.86338
6.73775
12.4187
9.96843
13.0655
14.3574
11.268
11.4563
11.6003
14.688
13.3765
12.9979
12.354
14.4934
7.96072
9.40342
9.42667
9.3675
8.51767
11.422
10.3187
11.8806
14.3086
14.4063
13.9069
8.69785
5.90907
9.48168
11.1669
10.588
14.0802
5.39551
9.74898
11.8844
6.63526
12.9587
7.90641
9.00507
6.10082
8.60987
12.1051
13.5325
13.5839
11.804
14.3391
7.61574
14.8023
14.3682
13.1401
7.85417
11.2452
12.7468
10.7145
11.8558
10.3573
12.2305
12.8763
14.5111
14.988
4.88232
14.1981
8.86221
10.6092
12.1308
14.756
13.0925
12.888
14.3537
8.71325
10.3375
6.28522
10.9258
14.9813
13.452
14.5183
7.41426
11.7536
13.3032
14.0508
11.7587
12.612
8.84333
14.519
14.5103
13.8724
13.6701
14.5155
12.3311
14.8709
10.3314
9.0648
12.5448
10.7505
6.71266
13.4761
10.6346
12.6169
14.1043
14.7742
11.2576
11.5784
12.5397
8.15161
9.63475
12.78
12.6461
5.41185
11.2331
8.99607
14.8061
13.6171
8.73241
13.0025
8.08934
12.9055
12.8979
13.2018
8.56466
10.1221
7.07823
14.3461
11.8169
13.3716
10.6221
7.85518
10.0861
14.6733
14.0667
9.22107
13.646
10.7534
13.6921
13.4302
8.80084
14.9082
13.5269
12.3465
8.35161
14.2468
13.8216
8.36555
13.5244
11.7726
9.80066
12.609
11.5201
14.6165
6.2277
4.71317
14.4385
10.7221
12.3761
13.4818
12.9857
12.0416
6.0767
14.4435
6.20679
14.5692
12.6696
9.98291
9.0976
14.1978
12.1023
11.7011
8.49618
5.97263
12.0042
10.0393
8.82155
12.0028
13.2389
9.89319
9.76012
14.8085
12.743
10.2239
11.2797
12.3001
14.0008
13.9935
9.22929
13.7033
8.9999
12.671
10.1084
9.83254
6.42997
9.90496
10.4863
11.4388
11.3618
12.7699
13.1857
10.5218
10.9871
13.9803
13.2763
9.90444
14.466
13.1949
8.61003
13.9192
13.4186
11.635
13.7736
13.0872
12.0716
6.6433
10.9389
14.7819
14.3594
10.0867
8.49181
10.6732
14.2528
10.7043
6.95887
14.6783
11.9043
13.262
10.3288
8.58892
14.4846
11.9876
7.32712
10.9504
8.47912
14.4905
12.5845
13.8384
13.2675
11.5286
9.3113
9.80161
5.89914
6.77029
8.30208
6.21489
14.3321
10.7322
12.9523
9.25188
14.4462
14.6896
8.32584
6.15713
10.4707
11.3321
14.1842
12.2911
13.738
12.8974
12.3319
13.4982
12.9971
14.0969
10.8457
12.5692
10.1095
11.6446
12.3708
12.5366
10.1175
13.5657
11.923
11.546
9.52507
12.4711
10.0757
9.53608
14.2248
12.7904
6.21607
5.53572
9.20613
13.0267
10.2965
12.3804
12.0126
6.71495
9.49672
13.0357
9.4217
13.2261
11.7077
11.8207
10.9574
14.7952
14.8619
14.7518
12.8639
13.1264
8.06587
6.85589
9.16348
5.7227
13.61
13.0973
13.4028
10.1747
12.7621
14.09
12.603
14.9422
12.2129
13.7317
13.9129
14.0213
11.4106
13.9109
13.3472
14.6697
14.4459
10.1135
12.2351
12.7772
14.8116
12.1506
10.3113
14.5741
13.0531
14.3317
11.7665
14.5796
10.4827
12.0841
11.1325
14.6111
7.02988
6.24317
11.3329
14.608
14.092
9.12197
14.0275
14.2114
10.033
12.1079
9.44264
9.05548
12.3868
13.6897
12.6788
13.1142
6.15273
13.3249
7.57983
9.96584
14.8503
14.772
10.9439
14.2959
14.2584
10.5718
12.0841
11.8694
12.5177
14.762
9.48863
4.45865
13.2264
12.3495
7.08091
7.84183
10.7641
14.9022
13.1373
8.96617
12.1272
13.44
12.9189
11.8057
8.56823
12.1149
8.08646
9.02539
14.9963
12.5686
6.54797
14.1584
12.3626
10.3206
14.8461
4.81246
11.4025
5.18153
14.8263
9.46244
14.3695
9.83261
12.2282
14.0717
13.5231
14.7054
9.93622
12.4497
5.93096
14.2252
12.4221
11.4264
14.4918
10.4165
14.3003
9.85118
12.3642
9.64553
11.9865
13.6818
14.6563
12.7899
8.73094
8.7113
12.7651
10.5698
9.69307
12.727
14.1642
8.79349
10.1171
5.49877
11.7923
7.00524
7.97588
13.485
13.6386
11.3234
9.84203
11.6771
9.09417
8.43256
11.139
8.99762
9.35556
12.0918
9.53907
7.13912
14.3907
13.3448
13.2783
13.1906
9.77285
11.3057
10.5371
11.1607
11.1849
11.7081
9.69708
12.4456
12.4426
10.2929
12.792
12.9909
13.2557
14.7181
8.95849
10.5358
7.34149
8.78941
11.7831
9.8766
8.56528
5.96175
9.843
7.94151
13.4961
12.2577
6.94439
11.9772
4.75858
13.431
14.3611
11.3029
4.27888
7.22394
12.4566
10.7638
9.93863
14.595
12.0355
14.4144
5.44706
6.5107
11.9375
12.6823
14.6133
8.40337
12.7758
9.85146
5.27728
12.1699
14.1718
8.52783
6.32325
12.1802
12.373
13.4443
12.0165
11.1319
11.497
11.9614
11.2884
7.46368
14.6982
9.39272
14.8522
12.7191
9.13075
14.9021
9.12708
5.21239
13.805
12.934
9.18465
11.7336
14.8438
7.76378
10.1015
10.7028
14.7283
10.6063
11.6642
10.1825
14.9381
14.833
13.2849
9.39629
10.5463
8.53725
14.7935
13.998
10.8895
14.1324
10.5874
11.9875
11.071
12.5333
14.3516
14.2757
12.5381
13.4333
11.0102
13.9548
12.2243
14.6806
14.2157
11.2713
12.1642
8.60147
12.0709
5.88592
14.0832
12.6301
6.15461
8.93664
9.97733
5.48142
14.5316
8.78939
14.7765
12.3457
13.8853
11.6061
14.4649
7.07793
11.1087
7.77816
13.044
12.2496
8.73722
10.8528
8.3769
12.5627
14.2513
6.89594
8.1733
12.1382
9.89792
10.359
12.131
9.95476
8.17725
11.8486
14.036
11.7135
14.2101
12.5827
14.25
10.1534
11.5572
7.02683
6.67815
12.2403
13.668
12.5326
13.6641
13.3185
11.9155
9.00023
12.8026
14.5713
12.4758
13.2762
8.52892
13.9258
14.956
8.58948
10.663
14.0207
7.87824
13.7506
10.6336
8.45969
10.6418
5.97856
14.486
14.3043
9.9171
7.95833
13.2365
11.1076
8.57258
10.5134
12.9468
9.7765
8.07628
7.85635
14.387
14.6223
11.4654
10.0308
10.9717
13.115
13.499
10.9133
13.7556
14.7401
14.0915
10.28
10.4152
14.1764
12.3409
13.3315
10.8654
8.86755
13.2238
10.2573
9.48619
10.9359
14.9028
12.9009
14.5694
9.7058
11.3303
13.9095
12.7219
8.74652
12.6477
8.89221
14.6826
11.868
14.3201
11.498
11.6189
11.4222
14.8096
12.0341
14.5524
13.3017
14.7354
10.9316
5.59385
13.6748
10.0481
10.6933
11.7614
8.62933
5.0291
6.80928
9.34054
12.3893
13.148
14.8847
12.2363
7.56466
11.772
13.3943
13.4007
13.9126
13.7476
10.2498
14.6987
12.7401
11.8485
13.2573
12.6311
10.2931
9.82437
10.2677
14.7205
13.5955
6.61817
12.6391
14.1641
8.14193
13.7981
14.4885
9.02839
14.2031
13.9311
6.17085
9.69391
14.0083
9.07241
14.7861
11.707
4.91156
12.7067
11.6273
11.9833
14.8923
5.93314
7.77199
12.1598
13.224
10.0947
13.4949
13.7598
14.2824
9.36327
11.008
5.96828
7.98092
9.70677
12.8616
13.0376
14.7626
11.3672
13.4954
9.927
11.2595
8.45167
5.82766
8.44326
10.1543
4.77867
11.6995
12.3819
10.0771
13.4145
13.2644
10.7167
10.8298
10.5191
14.4512
10.0866
12.7207
12.5072
12.4674
9.96911
13.7519
13.9245
5.2907
14.2713
12.3205
14.0243
10.3479
13.9578
10.8397
11.4747
9.39043
12.6234
14.1235
11.7178
6.46065
13.4566
11.5299
11.3086
14.175
9.247
9.25471
10.9573
12.2606
10.6592
11.086
14.3041
14.427
10.2404
10.5968
14.9853
11.2343
9.62177
5.71712
11.7738
11.2041
9.65335
12.1322
14.8643
12.4657
12.2344
11.7293
11.9938
14.5639
13.9737
12.0693
14.039
9.57834
8.22238
11.6929
12.6692
13.7918
11.8589
13.4285
10.3163
10.5856
7.85909
10.0743
12.6842
8.76159
12.9054
14.1427
12.5862
12.4084
12.6824
13.0223
14.2277
14.8234
6.29919
11.043
11.4696
12.6809
13.5406
13.4247
7.8536
12.4292
13.8506
6.6487
9.89388
10.3495
6.98762
13.9061
12.5039
10.2065
14.8793
11.934
12.4126
12.8731
12.5592
5.45827
11.8504
12.5657
8.44278
12.5265
12.385
8.5016
9.54992
9.03571
10.258
5.66529
12.1744
9.30894
12.9971
7.04356
13.1633
14.0391
14.4007
11.2758
11.3312
12.1748
9.97297
13.133
13.3169
14.1331
12.965
12.4871
12.0026
14.4189
11.0877
11.3721
9.49164
12.0342
8.52055
9.39182
8.81779
4.79886
13.137
12.6946
11.0186
8.89712
6.8535
12.555
14.5685
12.8046
9.45487
12.4604
12.1873
11.0753
14.673
12.3059
14.0279
7.19193
13.4081
12.7327
13.3331
13.364
8.24023
5.7327
8.86068
8.20976
13.1036
10.4166
10.8449
14.1705
13.1961
10.1289
8.91866
14.5739
12.4934
7.43498
11.0027
13.3521
14.6355
13.9103
11.7568
11.4858
12.1467
11.6758
12.1461
8.48007
13.9002
13.603
12.7265
6.38019
7.48816
13.9595
14.5591
11.24
14.1771
9.04055
10.3154
14.3717
13.6872
9.18053
11.9985
8.86048
9.38697
10.726
11.5499
11.0513
8.06957
9.04533
14.7875
10.5881
14.0766
12.3221
5.5173
13.0755
10.1385
13.4863
13.1387
7.86535
11.6387
14.3547
13.7519
12.4441
8.77384
11.1656
12.5616
12.528
14.1681
14.0319
12.6756
9.886
14.1329
12.5128
14.3677
10.8612
9.6191
10.4769
13.1974
11.9374
14.7915
11.9645
11.5522
11.3916
11.1292
11.514
11.1246
9.19599
14.096
14.6134
14.6262
9.15148
14.3771
14.5518
13.6368
9.98261
12.5336
13.3666
8.01223
14.9807
7.20501
11.6317
7.89866
14.4534
14.4562
6.23668
13.8224
14.5303
8.44445
12.4725
10.1833
10.3744
12.9833
12.9858
9.82339
11.9768
9.44156
9.94905
10.0224
13.932
5.8643
12.3012
13.3081
11.2352
8.93666
13.9033
12.046
8.55207
6.09002
12.0769
14.0533
10.1823
8.61927
12.8056
6.89114
10.3752
11.5778
8.84416
7.17581
8.89993
14.6414
12.5922
14.5997
14.9075
10.3384
9.06868
12.007
10.0539
12.6131
9.51525
7.11256
9.32195
8.39761
12.7783
14.2146
13.944
8.16895
13.293
6.07607
10.635
8.98187
9.7862
11.9583
13.8611
14.7925
12.3787
9.72149
11.8918
7.87178
12.1371
13.8307
9.42683
7.98322
10.8298
11.9382
13.0633
14.3887
13.5214
13.8486
11.0954
8.32121
14.4877
13.3962
7.99902
11.7491
11.1797
14.2614
14.2428
12.9878
14.2748
11.5622
6.48532
8.92932
14.6193
14.8764
8.51801
14.4063
10.2145
10.5577
6.07602
9.76342
12.473
9.76342
10.581
8.16803
5.24249
9.55357
13.0644
14.3164
14.502
11.2699
11.1974
9.34498
12.3563
9.32697
9.66447
14.2899
13.3308
13.6194
12.2453
12.6028
8.59939
10.7651
8.7248
13.9699
10.278
9.80729
9.46507
13.3865
6.23328
13.5253
10.3335
10.4806
9.29671
10.1913
10.7847
9.88641
14.0078
12.1073
12.3395
7.55627
9.77764
9.6417
14.9099
10.3489
11.0283
12.4207
14.8629
14.5881
14.2666
11.3506
10.8955
7.77655
12.97
10.7659
6.06636
10.7258
12.2196
12.9115
14.2561
12.1488
10.5645
8.63542
12.4398
14.1849
10.6589
12.9511
14.1493
11.8924
8.50261
13.0088
14.8302
12.625
13.2558
10.196
14.3838
14.1741
11.0299
13.3738
10.6226
14.7141
14.4954
12.2436
12.1131
11.7862
13.1849
13.7764
14.6302
12.7255
11.8954
9.95663
13.6893
12.4012
8.66953
13.9607
9.96148
7.36193
8.40728
12.4281
14.7149
14.3438
13.2625
14.5411
14.5425
6.13619
14.8347
8.35073
12.1517
14.8498
9.61796
12.6593
10.597
9.3186
13.4446
10.945
9.38675
8.48424
9.91441
14.4981
8.62922
12.5496
5.85936
10.7819
14.8446
13.5948
13.0718
9.72227
11.0239
14.4284
13.7503
7.99386
10.6769
12.9594
9.07948
14.0102
12.5191
14.1653
10.6453
9.88217
8.35269
12.0571
14.1462
12.2417
12.2369
10.6202
12.1494
8.67518
9.03846
10.4323
8.6142
10.0735
14.5665
12.2591
11.8099
13.9038
10.1842
10.0651
14.7243
13.0779
14.1415
12.066
14.5187
8.81406
11.7367
9.90427
13.1451
11.6504
12.7534
13.491
8.91336
10.5837
11.8105
10.3105
6.88898
14.7492
13.4745
11.9928
13.1592
12.1989
10.6386
10.5191
10.6669
10.6685
9.75958
10.5654
14.9991
6.24586
6.37759
11.0502
10.2688
6.50712
6.2354
9.47803
13.6271
6.12181
12.234
13.3482
11.1268
13.5841
12.0046
11.1601
13.0333
13.6296
8.09082
13.2229
13.4826
14.3226
10.4972
14.1043
5.9557
12.1536
9.88251
14.226
8.46473
14.207
11.6886
8.52048
8.27182
10.1304
10.6839
13.5717
10.8576
10.3708
10.5997
12.5526
11.7747
10.8673
10.5683
12.4685
7.15692
13.9257
12.3759
14.5447
13.2549
12.6627
14.9626
14.946
9.38449
5.11366
8.13931
5.12816
14.8496
13.535
7.4166
11.7328
9.49481
10.3672
8.7128
9.82863
13.53
14.6313
10.9282
10.6604
10.6725
9.87316
8.06244
5.63535
12.9275
12.4932
13.9687
11.3066
13.1212
13.6499
10.8553
11.3047
9.32652
14.2645
11.5958
9.61856
11.5089
10.1943
12.1059
13.3272
8.21108
9.54176
9.48551
14.9256
8.69703
8.55149
10.6888
10.553
11.2694
13.2195
10.9323
14.1454
12.0247
11.3987
13.3118
13.4125
12.0451
10.1421
11.5432
8.61903
9.47778
7.88762
9.60635
14.8694
11.3825
14.9594
13.6571
11.9603
8.76077
8.61756
12.1248
12.7248
9.74308
6.30687
14.8454
10.633
12.3909
14.6703
9.88688
10.4309
6.16907
13.4846
12.2192
9.57581
12.769
13.7712
10.29
9.93755
6.60323
14.8493
11.1555
13.7117
13.9319
14.8756
12.9229
12.1062
11.6142
11.1028
10.3326
12.5883
14.363
12.6456
14.6178
14.4396
8.84318
11.3735
6.66562
13.9638
11.0402
12.7358
11.1834
14.2943
8.32688
13.9955
6.41798
13.6895
11.5411
8.5285
10.698
13.6037
11.5385
10.7754
7.72857
9.3035
11.9319
11.5124
11.9048
8.95247
12.2387
9.67443
12.4894
14.2889
10.4311
6.19118
12.4044
6.96839
12.4247
13.6411
13.2084
10.6155
13.3137
13.3965
14.1662
14.1513
8.4809
5.26413
5.04126
9.8544
14.002
11.1916
6.61495
14.9252
14.1809
14.1165
12.5149
7.72752
9.37735
12.3556
12.9025
12.7861
10.2304
13.8929
10.2883
12.3646
8.67142
10.9667
10.0202
14.728
9.46258
10.1452
7.22612
9.36042
10.5823
11.9024
13.9143
8.35162
9.59064
4.62682
13.4926
12.7157
11.1382
11.3558
13.1615
14.1402
9.04575
14.0661
7.78495
11.1592
12.6892
8.06754
14.1572
12.9287
8.43189
12.3677
12.1936
11.3743
11.495
13.5392
14.2151
9.85947
12.03
5.98619
14.3859
11.3631
13.3628
12.4495
11.7231
10.9143
13.197
9.88258
14.2159
13.5158
10.9666
13.4208
4.19977
14.0744
14.9337
8.74152
12.6593
13.5106
6.09302
10.7973
11.1688
10.1789
11.2304
10.0113
6.03713
13.1825
14.6766
7.90843
8.4598
9.84896
7.02092
9.15517
8.29493
9.5342
7.28632
5.92554
6.50013
8.69887
8.09671
13.4487
14.5097
13.5363
12.8475
8.73671
11.6453
9.68657
6.46707
10.0605
13.8387
10.0637
12.6754
9.80326
12.0919
13.824
6.55099
11.9963
9.17103
10.8967
13.7661
9.98418
8.65274
10.4708
10.2537
12.0333
14.851
11.0504
10.4423
14.9239
10.8449
13.3853
12.1326
10.2654
5.96955
11.1403
13.9161
14.4889
11.9546
9.8346
7.32206
8.83267
14.7523
9.92626
5.21035
9.88429
14.3917
11.4685
8.8256
11.2514
11.8252
10.1693
9.94854
14.439
10.2185
14.3224
12.4457
13.7146
7.9259
6.34385
10.9599
12.7603
11.8172
12.6742
11.4067
11.3825
13.7464
12.1952
14.1919
6.07861
8.60065
12.1751
13.1762
14.1691
12.0051
7.40424
7.57475
11.938
13.171
13.2249
11.9492
14.1329
14.8081
11.154
8.34447
12.7178
11.3842
12.3225
9.28955
10.9817
14.0226
12.9
14.2085
14.6388
10.5345
6.47212
9.90327
10.6245
13.0975
13.6304
11.3018
14.5039
8.46901
8.49324
11.268
10.5907
12.6466
13.0967
13.2092
11.735
9.76797
12.0248
11.9631
11.9073
8.54799
10.7189
12.7085
14.7537
13.2494
14.8378
13.1892
14.4794
7.80908
12.1638
12.0785
6.21792
11.7584
12.0522
12.1657
11.2799
14.3409
12.3585
14.6536
14.4451
7.34293
14.8049
9.7373
8.53344
9.99779
11.0545
9.51989
10.3019
8.03982
11.3905
9.92677
10.9518
13.4242
8.5334
13.885
14.7584
13.4138
9.09074
14.5527
11.7285
14.3861
13.0014
8.34979
8.79592
14.3305
10.1692
14.2624
10.7709
11.2627
14.7555
9.89371
6.72736
14.6922
12.9943
10.5807
10.2902
12.0921
9.96433
10.4088
8.84601
9.91888
13.9957
11.7286
12.5871
13.3292
13.3367
13.8883
12.2892
9.84872
8.61501
6.18888
6.20191
10.5251
13.2507
14.3635
5.76314
10.8533
14.9019
11.339
6.83298
12.0592
13.9469
10.0251
12.8963
11.8434
6.12593
12.3191
9.9238
13.494
6.18655
14.6437
12.8681
13.3221
8.64941
14.2193
9.5593
10.3755
12.7715
10.1305
9.29465
13.0913
10.7521
6.34968
14.2745
14.5408
14.0927
10.937
8.74918
13.8961
10.2806
14.157
12.2799
12.7349
9.6447
14.0457
12.2289
13.8246
14.2752
6.17574
10.0169
12.3085
12.3151
7.51708
8.00634
12.7591
11.2127
10.463
14.2176
12.6392
14.8293
14.9642
11.5527
14.0948
11.868
8.64891
13.7361
12.1627
9.59505
13.9954
7.92293
14.1761
6.36138
4.70318
5.15491
6.41439
12.2534
12.5356
11.0744
13.9366
14.7283
6.29693
11.8926
5.10913
8.00923
11.6062
5.41425
14.8985
11.8646
9.47312
12.3297
10.7494
8.67989
12.1332
4.97677
12.1528
7.57377
3.60683
7.22276
8.29994
8.35973
12.738
12.3921
14.9835
6.94536
9.94648
13.2986
9.05572
8.43617
14.5576
10.6994
12.3935
14.872
14.3288
6.1529
14.5336
12.972
14.7914
11.7642
13.0428
9.74277
8.356
14.5089
13.9902
11.7063
10.6803
10.8041
12.6198
6.36403
10.2725
8.40413
12.9829
13.8392
14.6673
7.20764
5.00132
8.98051
5.43209
11.07
12.016
14.9644
13.6695
10.9248
12.8515
10.5355
10.3855
6.07955
6.68301
12.2553
13.9133
10.1055
14.0515
8.81617
11.5655
12.7347
11.327
13.9098
11.5172
12.219
6.61515
12.1889
13.5955
10.7762
12.4951
9.71091
12.0722
13.1806
13.2429
13.0342
4.99552
5.19929
4.46609
10.016
12.8991
14.8049
8.4579
14.177
11.4337
5.4757
7.26318
11.0813
10.9116
13.2658
12.0608
14.0295
11.3215
14.5575
11.5677
9.52176
12.6228
12.6311
14.0809
12.6724
13.1911
9.40858
12.3647
8.97382
14.1869
12.2675
13.7654
13.6452
9.84944
11.8096
14.7059
9.84962
12.7787
11.8543
14.7388
9.19448
11.2822
8.33621
13.2622
11.5739
9.05717
11.8508
9.07834
12.6197
11.4978
9.8857
13.9247
12.8502
11.4304
14.871
7.41044
12.4044
13.7177
12.7824
11.4205
9.48688
14.5684
11.2176
11.7627
12.539
11.2521
7.78651
10.5501
8.96549
6.42247
6.20017
10.7415
11.2166
10.2725
12.0119
13.9439
9.52114
11.1781
4.4612
14.5077
9.50485
14.7216
14.3951
9.28086
10.8193
10.0674
12.4802
14.6503
13.2285
12.8965
12.9956
13.07
13.6022
6.36503
11.7422
14.2959
14.3414
10.2351
10.6296
10.0692
8.41213
13.6661
13.6935
12.5674
10.8438
12.0396
11.4112
9.90764
14.038
11.8809
14.2018
8.84612
14.3934
11.8482
7.82012
14.5119
13.2776
9.36378
13.8331
8.03605
8.9847
13.4455
14.5244
13.2702
6.03197
8.82339
12.8922
10.2338
14.7585
9.74154
8.74442
5.41129
12.1631
9.79804
11.0638
13.0337
14.7568
9.21664
12.5445
12.5983
9.99255
11.1832
10.7817
9.91624
11.3241
10.5206
14.3635
14.4414
11.9742
5.65347
14.1577
12.7253
10.4032
6.54139
6.1144
12.6789
12.9498
9.20667
10.9301
10.6689
14.8561
14.0822
14.2193
12.7231
13.9948
14.2592
5.16552
14.2652
9.57382
10.7212
10.3641
6.90722
14.174
8.51519
11.2502
11.0582
10.8509
14.8248
12.9435
9.962
12.3401
9.24139
10.4449
6.62128
10.5496
11.3833
12.5738
12.5566
8.10409
10.5331
9.49017
12.6174
10.9379
14.8498
13.9518
8.49061
10.0561
11.5591
13.6643
9.24279
14.0425
9.60175
13.7134
10.677
6.23467
6.74619
11.9172
13.3351
12.9564
10.3661
11.2728
11.0948
11.6793
5.37053
6.71157
11.6341
14.3827
10.2252
12.8541
14.7553
9.35863
12.3464
13.6125
12.2283
10.7522
12.3324
14.0136
12.5077
8.5785
14.2537
6.44769
10.0659
9.70072
12.1561
9.06741
13.8138
9.65162
14.1409
10.1732
9.70506
14.9989
11.0565
14.1346
13.1035
13.9125
12.0312
14.8016
9.78426
9.94798
14.0299
10.6566
6.03744
14.3199
14.035
11.7122
14.661
13.3144
10.1794
12.0053
6.15219
10.0707
10.2746
13.0553
12.6318
13.6268
13.9025
13.1606
11.377
13.3682
11.607
14.4734
11.5718
14.3123
6.54548
13.0479
11.1394
12.0641
13.9167
9.99353
7.22975
13.0275
9.96711
5.97631
12.3355
5.91631
13.5585
13.8463
9.6266
14.7993
9.85453
10.7907
9.37742
13.3197
14.6744
10.3236
13.4236
12.3589
9.65574
8.94976
7.09468
12.6888
14.4551
10.3117
14.1205
12.6259
7.48681
11.7215
8.06039
13.6647
11.8356
9.21445
13.1862
13.9056
12.9005
14.474
12.4762
11.9366
10.5581
10.1585
14.9272
13.9198
4.53878
12.2279
9.48933
7.69784
13.8458
14.0335
14.2157
4.82836
9.70997
14.5527
12.1473
9.65171
9.74175
8.51021
12.783
8.93873
11.7814
11.7635
13.7239
14.9427
12.9308
13.9535
13.6184
12.6845
12.6509
13.7774
12.8024
14.5769
14.2373
10.8836
13.1833
9.09153
10.4885
11.4114
14.2331
10.1335
14.8381
8.55338
14.0573
8.71224
11.2582
6.66224
14.2517
14.94
7.84258
14.1818
11.1401
14.6045
8.92105
10.0941
9.83372
14.9266
8.64056
8.62421
14.0288
14.4029
11.4806
7.77084
8.78791
13.0366
11.7572
14.9001
9.71416
12.9816
11.3401
13.2023
10.9021
10.8429
14.1544
11.3659
14.1606
10.3714
9.31717
11.9614
13.4064
7.98307
13.551
12.8111
14.0656
14.6808
10.7549
10.6967
9.3908
12.4618
11.832
9.93323
14.7244
12.7847
12.2035
12.2628
11.2677
13.9568
9.54256
8.4732
9.83766
13.2321
14.248
14.2483
8.81434
10.4786
8.9791
12.2688
14.7268
8.43294
14.6562
14.9463
11.7559
12.4432
6.91334
12.4564
14.2697
12.5801
12.4672
5.9701
12.5923
14.6591
10.001
13.2269
13.8256
5.84828
14.8646
13.3416
10.586
11.8462
12.7179
12.3218
8.31208
14.6158
13.7458
10.6399
11.0113
9.41774
10.593
14.0279
14.9397
7.28859
13.9963
9.9525
12.2772
13.8354
13.7323
9.23106
6.23935
10.7348
14.4364
10.9088
10.3942
8.80777
6.07202
9.57728
14.0706
13.9016
11.4791
9.15447
14.7627
14.1593
13.0915
14.1949
14.3464
13.6502
11.5625
12.4983
13.7897
10.2581
11.7605
7.90274
13.4818
9.26397
14.3496
11.0445
10.7065
11.6575
11.3097
14.8879
12.1603
13.2532
14.2862
12.1075
7.44153
11.9903
9.88372
12.5006
14.2499
14.9517
11.7618
13.5448
14.8682
12.8993
12.5805
5.70907
14.3167
12.9066
11.7932
11.8071
12.0833
12.3149
9.07504
11.3123
10.9187
10.4365
12.2036
11.8474
14.8308
12.2946
10.0352
12.7021
11.4439
13.6851
6.09268
6.28934
8.39701
12.1666
13.0805
12.2967
9.52744
6.20102
12.7726
14.2431
13.1989
12.9359
14.2197
14.5681
12.8647
11.7762
14.014
9.82726
10.7005
11.2995
13.61
13.6032
12.7927
10.9081
12.319
11.1697
11.0243
11.4984
10.3967
13.3974
13.2891
6.35851
9.44011
14.1362
12.5478
14.6887
8.54608
10.4183
8.74196
11.0846
9.45424
13.4129
14.1133
5.92917
7.41149
13.4737
13.1909
5.33912
14.1204
13.2032
11.3759
7.46436
12.7531
10.2006
9.98733
14.5761
9.79905
8.81764
11.9172
8.50254
9.16342
5.31171
14.2174
14.8979
7.28846
9.78706
10.5559
12.8163
6.46263
13.8816
11.6699
10.6003
9.80848
11.5144
11.596
13.0402
11.7121
11.4641
10.7931
8.84724
5.87034
13.7236
14.8975
11.8443
14.3943
9.88659
14.0448
13.7292
11.1458
9.70921
10.9201
13.9904
14.3565
12.5779
11.2999
9.52621
11.7909
14.284
7.5129
14.9297
8.47707
8.64522
10.7051
8.18007
11.137
14.0813
12.7671
12.3777
8.59257
14.2334
6.21902
14.0289
11.1017
14.2522
13.5497
11.3974
13.3942
8.59657
12.7768
8.20265
12.0354
11.5931
8.70402
11.5748
9.72214
11.6879
14.1559
8.67818
8.65659
6.37006
13.2561
12.602
13.9441
11.5906
8.49964
13.8809
9.43767
13.0238
14.3617
13.3539
8.39775
13.9506
12.3296
14.5766
12.5766
14.3961
12.5163
11.2067
8.48177
13.8314
12.4436
12.0486
11.8392
9.7977
8.55234
14.5037
14.7925
14.2791
11.6186
6.14596
12.1945
14.1445
13.9716
9.94366
8.66252
13.5798
14.733
11.4586
11.8207
6.13285
10.6336
14.0654
14.8891
8.85424
12.3601
14.306
14.1324
8.72558
12.3155
6.49871
8.01129
14.772
13.7515
14.8813
12.5061
10.082
9.74216
10.3596
14.0972
9.12587
14.4085
10.2144
13.2915
7.9421
11.1626
13.4445
6.46272
10.687
10.0392
14.5046
13.5388
10.8634
10.6337
8.52121
13.9825
11.158
6.87575
14.97
6.505
13.8181
9.46926
11.0926
11.5312
5.73499
9.37603
5.44825
8.8434
13.7785
11.3821
7.38201
11.8981
9.96534
5.42777
11.3161
5.81709
8.68912
12.1772
6.17548
12.9988
14.4272
11.1056
9.13697
11.9742
14.0503
9.93748
9.13394
9.57068
9.36646
8.49547
11.4469
12.0839
6.21902
9.81465
6.12853
11.6406
9.57567
10.1363
13.4994
10.8288
11.406
10.8301
8.3262
10.6874
12.4613
9.29451
14.3852
4.41015
13.0658
5.61353
8.40532
6.18056
14.1407
8.43199
13.3225
14.2799
14.6457
10.4651
12.19
14.1628
6.94335
12.7413
12.3583
14.6545
9.90954
6.01867
9.77419
10.5955
11.3732
11.9725
14.6385
9.96352
8.95283
10.3244
14.4896
8.7797
12.2243
14.7967
13.5315
14.9289
11.0884
11.639
14.7823
11.4695
10.5738
13.5043
6.55626
12.9089
11.2418
10.4323
13.0645
8.98208
12.9348
13.1458
9.96186
12.3486
12.0372
14.8983
11.1659
14.9438
14.5381
5.92773
10.224
7.13476
14.3587
11.6967
8.49055
9.2788
14.3211
13.4125
11.6952
14.1456
13.5934
10.3137
11.899
14.3736
14.2936
13.7736
10.6447
11.8185
14.85
13.7469
12.8237
13.125
9.419
11.2046
13.3901
14.0037
12.6261
11.4812
13.0937
14.4383
11.4806
11.5761
13.4851
13.7511
10.1545
9.50151
9.90189
10.7295
12.5371
14.3867
7.09146
13.8505
8.84303
6.01907
10.9214
11.8193
6.38574
11.2859
12.6286
11.0494
11.8238
12.8215
9.90052
13.7009
10.98
12.8002
13.4646
10.8152
10.8638
10.2012
12.8016
13.5034
11.7324
13.3688
14.5759
11.1729
11.6293
11.8459
13.7922
13.1444
13.5611
11.0912
14.544
12.3496
13.443
11.5231
11.156
5.74174
11.71
14.9635
11.1481
13.3328
14.8788
6.11383
7.28239
10.6782
9.86747
11.2782
14.7362
11.4081
10.3053
9.19058
12.6786
10.672
13.0223
12.9089
12.7758
5.86887
12.5381
11.8548
12.6871
12.9034
13.2593
5.58688
12.4715
12.2494
11.7622
9.74504
10.1275
10.1462
12.3926
12.7457
8.72906
13.0934
11.6324
10.6531
13.4291
8.81104
12.7565
11.7612
11.7563
13.2325
10.1014
10.333
13.2833
8.38006
10.5819
14.6825
6.09032
14.7197
13.0453
9.11607
12.85
14.7171
12.48
14.0706
8.64322
11.7286
9.43206
9.94328
8.54359
13.0372
13.3088
13.4983
8.39465
10.2194
12.5226
13.4795
11.6598
13.5142
7.86051
11.3313
9.06204
9.28338
4.6653
11.6487
8.9879
9.57419
14.9901
7.59066
9.97791
14.3557
13.5397
8.72358
14.0774
12.7604
9.899
12.9593
13.9733
13.7446
12.346
13.2389
8.76534
13.5104
14.8931
10.8911
14.875
12.5307
10.2917
10.3679
12.5412
14.3681
14.8878
13.5117
10.6252
5.88805
11.4115
10.1394
13.2482
10.7935
13.7886
10.4755
9.70574
11.7966
11.7805
10.3269
11.3677
14.1863
12.6097
10.7377
9.85393
13.0252
11.5605
14.4782
13.2182
14.6462
14.1708
9.25208
13.3756
12.6237
10.7382
14.0612
6.37547
6.17726
7.76761
12.5576
9.8565
10.9669
7.22301
9.63719
13.8418
11.7167
7.70167
9.84229
12.7121
13.5998
13.7094
8.93573
10.5115
10.0033
12.088
12.819
9.70155
14.4323
13.9657
12.0908
8.76494
5.90404
10.0611
13.5378
10.2938
11.8999
10.0734
13.469
9.85803
10.1881
11.2095
8.69396
9.55299
11.0115
5.53307
9.6378
13.2385
8.09515
9.50554
12.4502
12.1263
8.96209
11.9617
9.8929
14.5663
8.75755
13.7873
12.9284
13.8771
12.5921
14.0134
9.90975
10.939
12.8864
6.5194
10.4517
11.0871
14.1893
9.52091
14.2041
11.4484
13.8965
14.8626
8.45448
12.0044
7.88972
13.4056
13.6934
11.5208
13.1307
12.4099
13.6412
13.5445
8.44539
14.53
12.8874
13.7645
11.4542
11.7306
6.07839
12.6141
12.5448
14.6844
11.8642
10.9146
8.46238
9.89921
11.2002
7.24264
12.8965
11.9733
11.1938
12.8309
13.7882
12.1314
12.4213
10.8713
11.5751
11.0874
12.534
12.8462
13.4533
11.6767
10.3791
13.1995
11.1153
10.41
6.17435
14.5927
4.28381
9.89589
9.84575
14.7975
11.3106
8.45192
13.174
8.74859
11.5406
9.7751
13.8566
14.9476
14.9595
11.0438
11.882
14.2253
10.3521
9.72313
9.11296
14.518
11.8941
9.17315
10.8981
10.9852
11.8253
12.5988
13.7535
14.5776
13.4364
6.53945
8.3443
14.0746
12.256
9.73152
14.5484
9.1961
12.753
14.3753
13.8544
13.0972
5.58963
5.70546
12.7617
14.6532
7.7739
11.4186
10.4079
13.687
14.181
8.24468
14.2655
9.77576
14.7339
9.51998
12.6995
13.2194
8.64442
12.356
9.4787
10.3005
11.0496
10.7836
14.0318
13.8692
11.6687
13.8809
13.2144
9.39812
10.1075
12.7833
9.56469
10.2721
12.2135
14.5223
12.2897
14.9351
11.6554
12.2997
12.0016
10.6435
10.5705
13.4433
5.8239
12.4039
5.72784
14.8327
11.853
5.97249
13.2726
13.5683
14.5052
5.5946
7.33371
5.1268
5.47514
13.4619
11.9942
14.6836
5.89862
7.00756
14.2874
11.7364
13.2759
5.77303
13.1523
14.8975
14.8004
14.5807
14.959
14.1771
10.4862
14.6628
13.4604
11.2299
9.75686
13.2539
14.7806
9.25389
13.8215
9.90944
8.79179
12.7702
10.1269
12.4624
8.46731
14.0325
10.1401
13.952
12.6394
14.3005
13.0227
5.01546
13.8984
14.6907
9.48605
12.3246
14.4947
12.8269
12.7341
14.9563
11.7537
12.9454
7.71198
11.4904
13.876
9.19593
14.6455
13.195
11.5412
10.3362
10.2398
10.0667
14.5478
13.8341
10.4203
10.5905
10.6756
9.44436
6.39396
8.6913
11.1348
11.5535
13.1614
9.04903
13.4101
12.1355
9.84079
9.66359
6.09011
12.1651
13.8742
12.8278
6.4946
4.78174
5.98242
7.84724
3.93747
12.4891
9.01276
11.1306
13.6228
13.8437
6.97316
11.4928
13.6734
13.2224
13.3393
14.3064
10.3556
14.1663
14.9692
13.6652
6.4639
10.8008
10.5357
14.7161
8.08933
9.84355
13.6704
8.75307
11.1582
8.21126
9.56834
11.5051
14.7396
9.80615
9.40571
8.67682
12.503
12.2924
14.2746
6.12238
8.62373
12.1968
14.2156
6.15448
10.3662
12.201
14.732
14.7406
11.5046
11.9417
9.62024
13.0344
13.3224
14.7616
13.8018
13.9393
13.8522
6.00432
12.2361
10.9176
7.60815
12.5087
14.2239
10.9535
14.8194
12.9088
13.5869
6.15361
12.1326
7.00536
10.7522
11.0135
13.1739
12.0711
10.5989
12.8226
12.4578
10.3905
14.0635
14.0537
14.6805
11.1009
11.6376
10.4515
13.8231
13.9914
11.757
10.6567
9.32822
13.2683
12.1642
13.4689
14.3338
11.9517
12.9804
11.4173
10.1067
11.356
10.6722
11.9862
8.26965
5.83113
9.96738
11.0366
13.7665
11.2771
14.9068
8.08969
12.6491
7.19113
11.9446
12.6889
12.4816
9.69411
9.16537
12.0436
11.7816
11.5816
14.253
10.3705
6.16082
6.29648
14.268
6.52628
9.9151
6.40768
8.71515
9.1918
14.363
6.28993
13.3138
14.4245
5.75589
9.83024
9.10732
12.2591
10.7194
14.2435
14.2695
14.3732
10.2503
7.36517
9.76756
8.7325
14.3177
13.0789
10.5827
6.25816
14.1219
10.9015
11.8615
14.553
14.2785
9.04638
12.4783
10.1947
6.84334
12.143
7.0224
8.77516
11.9171
4.62014
6.23849
14.1794
14.8878
5.91974
12.4939
12.095
9.05084
12.8003
9.63124
13.7871
10.9511
13.6271
11.2875
11.2
12.1996
9.53102
13.9136
12.4079
14.702
14.105
13.4483
11.7298
5.8154
9.99073
13.5951
13.549
7.54263
14.4071
13.6773
14.0082
6.48637
13.1541
14.3164
12.6913
9.43312
13.7042
14.1338
10.6763
11.8679
14.131
13.7461
6.27364
13.9297
5.88327
14.9918
6.52537
13.5184
11.1236
10.3504
5.77071
11.2335
13.1215
9.33615
11.6892
14.7581
9.22209
6.03324
12.7312
9.39439
8.10378
13.6207
10.1313
9.97426
5.40181
6.37661
14.1966
11.9469
8.46954
7.07801
11.9974
13.5272
13.4561
12.5044
14.6419
5.61993
12.8588
12.8754
10.0596
6.97104
14.1876
11.9115
10.6302
12.1762
11.0232
11.1465
6.99348
12.7759
12.4091
14.867
13.9282
13.4404
14.5005
10.6855
13.0422
8.77107
13.1663
12.7928
9.96601
12.5425
9.6424
13.8658
9.21403
9.88896
11.6723
12.5963
13.6738
12.257
13.908
12.5899
12.7409
9.59948
6.30439
9.85267
12.1544
11.3139
5.63408
14.5643
6.39639
10.4366
12.5693
8.95835
10.6859
8.37051
10.9888
8.53279
12.1419
13.1887
12.5574
7.91156
14.2636
10.4023
6.32536
14.389
11.8324
8.8077
10.5436
11.4844
13.0948
13.146
14.4746
11.4946
14.7048
10.1837
14.3686
10.0498
13.4218
9.74004
14.2067
10.253
14.2269
10.4141
12.4836
13.5584
8.61829
6.8806
4.90867
10.7225
14.3723
7.94432
12.8351
7.96951
13.1295
13.7679
12.4574
14.7781
11.0757
11.5747
13.9205
14.4853
4.90479
13.717
12.1451
12.4763
14.9097
12.5952
5.3562
14.335
11.8556
12.175
11.9444
13.7342
11.2869
12.3213
12.4095
8.63834
8.35745
12.0786
13.912
6.59769
10.2689
9.02168
9.95422
10.4218
12.195
10.1771
9.50093
12.6402
13.9806
13.9651
10.7368
14.8743
14.418
10.1002
13.5186
8.17293
12.9769
13.2467
14.6645
11.182
13.1825
9.34313
10.8922
13.7481
12.7545
14.0666
8.67923
11.8518
10.8538
14.3204
5.30001
12.7285
8.55771
6.18331
8.63205
14.7647
10.1203
13.4731
9.98854
12.4019
14.4184
14.6725
14.5024
11.8727
4.76175
14.6768
14.1782
11.7945
13.7687
14.1033
12.7512
14.8842
10.137
13.763
12.4586
9.10895
13.4678
14.4905
5.98839
10.9536
13.0299
14.6116
4.92098
14.2834
13.7651
9.49986
12.1963
8.54848
8.37248
9.72738
10.3456
5.98037
8.24395
10.7809
12.3136
14.7196
8.55217
11.4646
13.6192
12.196
10.0603
14.1831
12.017
11.5943
10.3115
11.0656
11.4104
11.597
6.97589
6.0965
10.5104
12.0949
9.37896
13.9762
12.4497
11.0767
13.4475
13.6743
12.1875
14.2492
6.81369
12.5838
11.6889
11.9146
14.5476
10.299
13.0257
11.7652
9.85442
10.3313
10.5388
13.0517
11.6653
13.5306
14.5535
9.15505
13.9349
9.22654
11.4623
14.4529
6.33076
11.3151
8.85717
11.6407
11.7172
13.0365
13.9649
11.2165
12.2238
10.9662
13.3537
9.81574
6.19571
10.8455
10.3884
9.23025
10.2168
6.28031
12.3173
10.9818
9.21527
11.9955
9.18718
12.3657
11.3805
11.8762
13.0129
11.5186
8.40466
14.7547
12.9807
10.2562
10.3994
14.0593
14.5565
14.7354
12.1071
11.4279
14.6246
10.3529
12.2763
8.48121
6.92118
7.91363
13.4973
10.8919
12.2305
13.8296
10.2653
7.70927
7.32118
9.62698
12.2045
10.3477
12.2689
14.7417
10.545
14.7473
10.9129
13.7534
12.0444
8.10452
9.90263
12.1719
14.8599
13.4078
13.6872
10.8641
13.465
9.07996
4.76516
7.00355
14.9087
10.4165
5.54227
8.40652
9.31604
12.6521
10.2135
6.34327
12.5097
9.81426
9.95235
8.63492
7.96836
14.0155
10.8043
10.1531
6.49483
12.0061
14.3232
12.5099
13.9227
13.1182
8.3436
9.7156
13.3591
13.5046
9.76062
7.5037
13.6407
11.4186
8.60276
8.97283
8.23016
13.656
6.4023
12.4458
9.16009
13.3314
7.95202
4.89573
10.9968
10.0123
12.839
14.746
14.8003
11.1055
13.6969
8.0437
13.7585
9.28335
13.7847
11.4746
13.9529
13.0249
13.08
10.613
12.4777
8.82555
8.7569
12.6305
13.9515
10.2006
9.77023
10.956
13.2065
6.68615
12.4093
12.6718
14.6767
11.9626
10.2785
12.7958
12.7838
14.0626
13.8806
6.39101
11.4933
10.6865
8.5175
5.96884
10.2104
10.1268
12.4439
13.1912
13.833
10.228
13.5099
14.9274
14.1114
12.3658
10.7251
12.7852
13.0348
10.6537
14.4105
13.6346
14.0435
12.7222
11.1994
11.0396
13.8768
5.87905
8.38694
5.63652
9.00049
12.3611
10.8241
13.4046
11.8654
12.7705
14.1489
9.19098
10.0202
14.11
11.7467
6.19324
10.6087
13.4704
14.3652
10.8887
10.5896
12.477
12.3452
6.1608
8.60739
9.91124
11.9101
13.8661
13.6037
14.3027
12.1549
13.1726
12.1949
13.0605
11.2993
12.44
11.0549
13.7894
10.5442
14.6503
8.72201
6.18536
6.57421
9.59733
6.8653
11.4572
12.0576
10.2538
10.2645
13.9153
13.0294
11.0075
14.4031
14.2019
13.0546
9.75876
10.5355
14.884
13.1981
14.263
14.6843
12.0399
14.622
10.6089
8.5425
10.2233
14.7311
14.742
14.6054
14.6413
13.7169
12.3648
6.14684
9.03206
10.9665
12.6543
10.8484
14.0327
12.5205
12.3763
14.3334
6.44608
12.7861
14.224
11.8083
11.7583
14.0815
11.0815
13.7328
7.38976
10.4457
12.2974
8.71218
13.1367
12.9097
6.3552
9.93585
7.14485
12.3813
13.9852
6.89594
8.1726
11.796
8.45983
11.53
9.29319
4.72207
11.2044
14.1004
11.8451
12.2032
14.2594
8.84884
4.93093
11.9139
13.3184
14.1079
14.4974
12.799
8.75086
6.12245
8.646
12.3928
13.7255
13.5544
14.3294
10.2936
13.7006
12.6398
13.1045
9.53271
10.6264
13.1644
14.533
14.1962
8.75455
13.2876
9.49738
14.6697
12.2835
12.4209
12.5446
8.50223
8.705
13.2556
12.1168
9.61222
14.142
12.6072
13.8302
11.374
14.5747
11.726
11.0925
10.2389
13.6809
11.437
6.09068
14.8558
13.9767
13.8585
12.1459
10.5361
12.987
8.59134
5.30555
11.4206
9.20206
13.119
12.3429
14.3991
11.9617
12.4562
13.4151
10.5256
11.0123
8.71723
10.5274
12.5348
11.7985
8.80272
11.0422
12.0851
8.86795
8.44789
7.70038
8.35033
6.46375
10.9974
6.61316
9.41316
8.02688
14.9387
12.9269
11.6197
8.66345
13.9744
6.29063
14.4712
13.316
14.8255
8.7717
8.71446
13.7732
11.8909
8.4513
8.74397
11.4504
7.30028
10.0057
10.1589
7.61358
8.69629
11.21
6.90762
11.6248
12.143
14.3378
6.71759
14.5304
10.0845
8.67827
13.7364
8.91382
13.7771
14.2674
12.7852
9.24495
8.42612
6.36576
8.828
11.6567
10.1246
7.59869
12.2794
11.9298
10.1111
13.8282
10.1623
12.2715
7.80115
13.2694
14.2424
9.77942
14.4863
11.7208
9.65176
14.898
13.7437
8.3518
9.79719
13.0205
8.74639
8.59897
12.6905
6.03082
10.335
13.6223
12.1076
12.8958
12.3272
11.0065
8.00977
14.5153
12.0737
11.8811
8.47231
9.58722
12.7789
9.13879
11.6051
12.0445
14.7554
9.04922
11.0651
8.33839
11.844
10.7577
14.2589
14.8888
11.2433
13.6443
14.9703
7.69609
9.18421
8.01197
9.87291
13.77
12.3126
11.7709
13.616
12.8331
12.162
14.436
12.9374
5.99195
9.13754
13.2478
8.90184
12.5269
5.93112
13.6097
8.76948
10.5748
13.4792
12.9383
7.03128
10.7539
8.36963
13.0167
8.85016
13.7867
13.1867
12.8911
9.58072
10.9276
11.3551
13.5794
12.7305
14.5897
6.53184
8.67647
10.0225
13.934
11.4061
12.355
13.3886
13.2763
13.9108
8.83074
10.848
9.07277
7.90147
6.03783
10.6519
13.5723
12.4555
13.5012
14.3878
9.9737
10.9969
13.9239
10.4527
14.0935
9.42913
6.2
6.35061
13.509
11.2531
14.144
8.43256
6.14293
14.2222
7.31272
6.66413
5.81979
12.2855
10.345
10.9204
12.3296
14.2612
10.7289
8.61219
13.4587
6.67303
11.1385
10.7777
14.2697
11.527
5.58394
13.146
5.82628
11.7075
12.9771
12.5928
13.0798
7.42717
9.0695
12.0242
14.7622
13.2233
9.81077
10.8729
6.81236
13.045
14.0109
12.352
12.4887
10.8779
11.9991
7.87994
10.6013
6.52475
14.9822
9.8559
11.1497
13.025
11.1753
13.8048
8.70698
7.66876
12.1663
9.08002
8.62768
10.192
14.8602
14.1497
10.5832
7.04059
13.6327
12.7805
14.2485
12.1553
14.7864
11.2404
14.0432
14.1302
13.6714
10.8809
14.0067
10.8396
13.3851
10.6332
9.93093
14.0869
10.3866
6.06992
10.5817
10.7403
8.93257
8.62309
10.8535
12.7572
13.6889
11.0481
13.3191
9.61615
13.6191
9.10461
14.8005
11.0679
13.0631
8.86918
12.4286
11.9409
14.719
13.9252
11.3659
8.5332
13.2248
14.7463
13.7726
8.91329
10.6405
11.1905
13.1063
14.072
12.3287
12.2414
13.0399
12.0884
13.4393
7.18226
10.9397
11.2482
11.4461
12.9182
8.06503
14.3595
9.30939
4.9365
9.45361
11.8381
9.62732
11.6277
12.087
8.97348
11.8038
11.439
11.376
13.1565
6.97835
9.78323
13.3524
12.8704
12.1604
14.2073
8.67305
10.0142
10.8664
10.0909
6.20149
13.2287
11.0255
10.1175
8.94693
13.078
14.2589
10.1011
13.6366
14.3129
14.0831
10.1793
9.98427
14.7786
12.7283
6.16501
7.5417
9.56873
8.24225
11.7229
10.0226
12.1296
14.1628
5.9549
6.07571
14.6255
13.5401
13.0215
12.324
11.4039
11.342
12.0476
14.4582
5.91987
6.48378
14.048
14.8058
10.3291
12.1507
13.5069
11.2131
12.8999
12.7902
11.2002
13.6377
10.9429
9.27493
13.7435
10.7863
12.3276
9.17943
12.6727
6.33131
5.15324
10.7717
13.4354
12.05
7.5246
11.2756
14.1133
6.21063
9.26036
14.1065
14.9881
14.7869
10.1706
13.7533
14.0161
9.72883
10.1582
11.2531
14.7096
13.2566
11.6779
10.4301
11.039
11.3767
11.8091
8.42903
4.66844
6.61095
11.1196
14.6716
12.1286
10.8655
13.4649
8.32988
7.14732
9.65032
14.734
14.5915
13.4469
10.278
13.7409
14.6846
12.4525
13.8594
11.3774
14.7915
12.6672
6.24626
8.28681
9.3595
14.4787
7.03735
9.14511
14.4899
13.5375
14.0788
6.12463
8.57006
11.2077
9.81893
14.3151
11.8162
11.8438
10.8831
9.92705
10.5151
14.9549
12.4215
12.0102
8.99984
14.9845
8.33844
13.9166
6.77181
11.6143
10.4478
7.9505
9.93666
14.6681
14.8957
13.6774
13.207
10.165
10.3298
8.97443
11.4534
13.5038
13.0758
14.2452
10.4122
14.6458
11.4284
8.64905
12.0519
10.7072
8.82302
10.9485
9.82408
11.5092
14.9766
5.63023
9.20762
12.0567
11.3276
8.90221
11.1704
13.518
4.86859
13.1053
11.733
6.76442
11.6326
11.7197
9.5488
9.46038
10.9867
9.9115
8.9038
8.59445
6.03068
9.84346
8.82068
10.4972
9.20299
13.2746
10.0646
11.2506
14.7176
11.5705
12.4669
6.30872
8.91279
13.3287
13.0085
10.4373
14.5172
9.43533
11.2404
14.839
11.9397
6.78907
14.4042
14.5138
11.9385
10.4701
11.2887
13.0702
10.5831
9.17603
11.1844
12.1347
5.33672
6.32462
14.9733
10.9852
13.4319
12.936
10.5401
12.0215
8.94052
13.8472
6.46842
8.62113
14.4477
14.1951
8.73217
13.2114
12.479
10.9872
9.96034
6.57749
9.29056
10.5564
4.77077
10.6406
11.7533
14.3101
10.0143
14.8906
6.98882
8.68258
13.8068
12.2376
13.0633
10.035
13.4639
14.6863
11.2432
14.9062
10.3959
14.3458
13.0284
13.5723
11.6048
9.77285
8.54991
7.09975
13.9462
11.1094
13.5571
13.5153
14.3563
6.20049
12.7888
11.4075
8.49813
13.1414
12.3924
