8.9913
13.1049
10.9092
14.3558
14.5105
8.75522
14.967
10.0469
7.77899
11.979
7.34995
12.703
10.3861
13.0948
8.25202
11.1566
12.9447
10.2939
13.5081
14.5315
4.20957
12.1702
11.4769
10.9087
13.8288
14.505
14.3994
12.4447
7.69065
13.1165
6.17762
14.1214
6.31793
10.5713
9.5871
12.6085
12.6262
10.5371
14.1087
12.6287
14.6337
10.8111
6.73752
6.18076
10.4678
7.34684
14.6569
6.02901
8.24267
13.3894
12.2197
12.8726
14.1383
13.8569
12.4843
13.585
9.78831
10.4157
14.461
7.51404
10.6327
13.2975
14.7006
4.9877
6.57928
10.3418
10.404
9.96835
8.48515
13.9816
11.6528
10.8289
9.53063
5.90122
9.737
13.5543
13.4908
12.1355
10.5316
12.331
14.2269
14.7418
12
14.3779
13.143
11.2781
11.3721
13.471
14.0823
8.22261
14.5046
12.7932
11.4079
10.2476
13.6537
10.6121
11.5478
14.8302
10.4204
11.4571
12.3722
13.8095
12.7043
12.2557
10.9453
5.7821
12.8032
7.0985
9.3853
12.3313
9.69788
5.15999
10.8279
5.33589
14.8523
13.1985
14.4193
13.9373
11.3345
11.6113
14.0233
8.00104
14.7043
9.32586
5.52055
11.7122
5.74935
14.7546
12.3039
13.7188
13.9752
6.92553
7.94951
8.73131
12.5086
13.8228
10.3902
11.3736
13.4127
13.059
7.10931
11.2903
14.7851
12.104
8.63122
9.99956
11.2703
14.7036
10.5046
8.33712
5.29445
10.8994
14.7393
4.90157
7.07383
13.4334
10.2569
14.844
10.0392
11.6921
5.70589
9.88186
9.46879
10.4671
9.95954
11.0608
9.6986
10.0008
10.5364
9.25084
9.92484
13.7876
8.38232
12.2377
14.7914
8.34064
10.5032
12.7873
10.3056
14.5179
8.14003
11.1863
7.32961
6.838
11.4589
7.49052
14.4004
10.1348
9.48491
9.25074
9.22417
12.3564
11.2862
12.9839
12.8213
8.40315
9.89255
9.62866
9.77893
13.531
11.5965
14.0209
5.7348
14.1995
11.9942
12.1816
6.41245
14.7824
12.9168
9.7312
13.2839
10.201
7.84164
8.56435
13.5723
14.5005
14.5463
12.4296
10.9688
8.18998
8.78351
10.3244
9.36027
14.3131
5.32099
13.9844
9.9085
13.917
8.13299
14.8121
9.53686
10.2523
12.2942
8.34304
10.2386
10.0714
14.1477
9.21016
10.5223
5.95997
12.8619
9.65427
10.8815
9.08902
9.56839
8.14511
13.463
10.759
12.2044
10.6398
10.5043
6.05611
14.816
14.6832
13.1728
10.9401
9.96856
6.04607
13.215
13.9678
11.5361
11.9889
8.12126
7.75286
7.48296
12.9441
13.9128
14.3565
8.61456
12.398
9.33098
5.70851
10.0955
14.9513
7.13822
8.34884
10.7904
11.9856
12.8448
14.0934
12.113
13.8988
14.6779
13.087
11.6456
10.9958
13.8781
14.5847
14.2056
8.04373
8.74492
14.5236
9.82049
13.8377
11.3224
14.5419
5.04722
5.95482
14.1175
14.198
12.0691
10.7841
10.4337
9.49296
5.13833
8.20352
10.5617
8.6165
14.5005
12.2208
4.41864
12.7861
14.902
11.7972
11.1304
8.16748
8.06083
13.9186
12.0954
9.70449
13.589
12.4012
14.6074
12.6278
14.0236
13.7727
14.8092
9.9772
8.88906
9.13788
11.2694
12.0942
10.7303
6.62037
10.0314
11.8613
12.329
13.4736
14.492
6.63861
13.3035
13.5018
11.611
14.691
12.0024
8.922
10.1079
8.37831
8.35621
12.3908
9.35138
12.2961
13.5135
13.6909
4.89515
9.24837
13.6527
12.7065
8.7139
12.2863
6.9237
13.6545
12.0036
11.6058
13.2684
11.6946
10.6639
10.0688
10.9554
9.10803
9.18945
14.3437
5.62735
11.7215
13.043
12.3249
5.38057
7.95242
5.48586
8.14003
7.84465
11.1047
9.29554
11.0328
9.61609
10.9999
13.2294
10.6781
8.45021
13.1134
12.6476
8.57343
8.49852
12.3685
7.9397
9.70436
14.451
8.01087
8.59605
13.0389
11.1471
5.17566
13.6529
8.28795
8.72957
8.95315
10.302
10.62
12.1844
10.7016
6.87497
14.266
10.369
6.99502
13.331
7.88419
10.9529
11.0468
10.7927
13.8915
6.37527
11.3153
14.4198
14.8019
5.92528
12.5501
11.1103
10.2638
10.2189
14.2838
14.2789
10.9762
11.9225
7.96529
14.5295
6.38302
11.643
12.7583
8.99482
7.25867
5.35955
9.63639
10.3959
14.9356
13.8253
10.1534
8.23271
8.07567
9.10597
12.0533
11.1059
14.7335
10.016
12.6359
6.95784
9.38783
9.63296
14.0551
10.7668
13.7415
6.21527
12.0831
11.7511
6.32141
12.4048
12.2231
9.95831
7.94017
6.43975
11.6724
11.5301
9.50828
6.16806
11.4416
11.1184
13.2706
10.479
12.9995
10.8717
9.53537
12.9988
11.0169
5.24453
8.5845
14.4269
10.7079
14.954
12.0282
5.45343
14.8453
14.1469
13.9526
11.9677
9.25196
13.8939
13.7736
10.7065
14.4048
13.4441
13.5852
10.8186
12.2123
10.0495
9.75032
12.389
10.0309
13.6873
11.4175
14.9416
10.6989
5.89813
11.6108
9.96443
8.43875
5.95175
9.22297
13.0491
14.3581
11.7224
10.9913
11.6555
12.5162
7.98176
14.1432
14.4305
6.1486
8.65699
7.77029
8.82739
14.1341
11.184
9.64736
12.1264
10.9868
10.2683
10.9135
9.07625
14.5849
13.8273
10.1348
11.6005
12.9943
5.4447
11.0114
7.97761
14.8131
14.0403
14.3404
8.91573
12.2551
11.3743
10.0102
14.3492
12.3119
11.5973
13.6383
13.2686
11.6536
12.3865
8.90945
13.937
13.6335
14.4534
10.719
11.6972
12.8815
14.5013
5.07982
4.68612
13.3856
4.81697
14.9961
8.47152
13.8523
14.3442
12.8507
13.7833
6.10854
11.2627
13.7637
12.0376
9.63902
5.38776
10.9443
14.8171
13.3961
13.8792
11.3423
8.55494
12.3384
7.87925
7.70466
14.6912
6.90457
8.52603
11.7007
7.64845
12.8278
14.4905
9.62764
10.3664
13.5954
6.01604
11.6209
6.08668
13.3841
10.6128
12.3291
8.83311
12.7321
9.87257
10.8091
11.6125
12.3117
14.6247
14.1015
13.6816
10.9706
9.73995
8.3758
10.2611
8.43296
8.60428
10.9337
8.28051
10.4537
5.76654
9.7103
13.9722
14.0579
12.9314
12.3449
11.32
4.78764
10.0849
11.931
9.6072
14.7428
14.4729
13.7059
14.9851
8.64037
12.9838
5.13893
14.489
13.061
13.8776
9.86342
7.19432
6.86359
11.8617
11.0428
7.03516
8.72752
14.9454
14.9978
5.48393
14.2824
8.60787
11.6504
11.8945
13.5896
10.0956
9.74644
12.9618
13.3716
9.12373
11.8159
12.4916
11.6754
13.3201
14.4919
9.39563
7.27511
11.4487
11.0153
10.1267
14.3405
9.43326
14.6609
12.3784
13.6021
11.9161
14.8221
12.8595
14.0308
14.9666
12.2757
7.59274
12.3542
14.0431
12.9446
13.795
14.2255
11.0261
10.0307
14.254
14.2194
10.7923
14.5403
4.9665
14.6281
12.4613
12.346
9.09928
11.4732
12.3919
14.2555
9.81608
12.2479
10.8045
7.83102
12.4507
14.3762
9.79189
13.9605
11.966
10.3109
9.72565
7.49104
10.6562
9.93644
5.89813
10.7212
12.3082
11.4036
13.1026
11.9468
12.0602
10.1318
5.50759
10.0024
13.3847
6.21663
14.8282
7.75237
14.389
6.26459
9.58665
6.91609
12.7341
14.7874
11.1925
6.22896
11.0219
7.59539
8.7901
11.872
10.7051
14.4943
11.735
10.0916
10.2294
13.5581
12.8932
14.1376
5.1094
5.11889
10.1578
12.7655
10.6995
9.49992
9.53165
8.81493
8.96579
14.2006
9.52376
10.2999
14.71
13.1566
14.5901
10.9539
9.51726
13.7517
8.95759
13.8294
8.9656
13.6745
14.571
12.9009
7.744
11.1049
6.13257
13.9556
12.5862
13.1713
9.6099
11.8035
12.8157
4.29635
7.89634
8.41868
10.6161
11.4642
12.7251
12.4168
13.5715
14.8137
6.61956
11.4639
13.9716
14.9457
10.8047
10.9986
11.0726
11.3731
13.9605
10.528
5.46824
4.83287
11.2143
10.4491
12.8339
13.2107
7.34551
14.4798
14.8782
5.19886
11.2981
13.9147
10.5651
9.69591
10.639
6.96273
14.8404
11.6056
12.0737
9.49809
8.47163
14.8437
14.1344
11.9887
11.2262
8.27481
7.29143
9.5504
13.6756
13.6146
12.1325
10.0541
11.4369
8.82111
6.81183
14.543
9.80244
9.22633
9.6522
8.48049
12.8191
11.7258
8.6585
9.51192
12.1918
8.73292
6.14114
14.5778
11.5177
11.5138
12.3724
7.11849
14.2675
10.4438
11.0701
13.521
13.1276
11.8881
14.8323
14.5988
10.833
12.1609
12.085
11.6579
13.3544
8.28986
12.405
11.5924
11.8042
12.6919
8.32169
5.42882
13.3907
14.3232
14.5814
14.562
11.019
6.37593
5.8592
9.6319
12.7108
11.5074
12.5841
12.6109
10.9163
11.0156
12.4115
12.065
13.2417
10.5904
10.488
10.6145
12.0841
14.6527
13.2193
10.5282
9.15127
9.12092
14.6483
11.5861
14.3917
7.91237
11.6831
14.2053
10.1018
7.84177
6.5193
11.106
14.5205
12.2922
11.1386
12.2898
13.1407
10.7759
5.47601
14.4422
10.8434
14.6416
11.3405
10.8086
14.3442
13.458
9.54818
6.72145
8.45377
5.0431
12.9847
8.97473
12.2302
8.85439
14.3289
9.21085
12.3885
12.751
12.6497
13.7677
12.4852
12.5264
11.8372
11.8243
6.8655
14.1092
13.3345
13.1126
12.8304
12.919
12.8428
10.8148
11.2668
6.26859
11.9874
5.64303
10.5857
13.7274
8.34944
12.5876
13.4941
13.0482
13.1311
10.2285
10.3799
14.8955
7.0384
12.7674
10.5783
13.4879
14.4868
12.3251
12.1616
12.0352
10.5835
13.1722
12.1049
14.6902
14.7557
11.4267
11.2527
11.2013
9.62778
9.20232
11.0544
14.1057
5.74998
5.41149
11.1041
13.7507
14.1406
11.4914
10.779
10.7827
12.2959
12.2201
14.6534
11.1049
10.4012
11.1996
9.80218
5.78061
13.6498
11.8855
10.7405
11.2349
6.77309
9.06531
14.6499
9.93146
11.7222
6.52323
12.8258
10.7076
10.5108
13.4725
14.6278
8.45234
13.6562
6.21287
10.6271
11.0098
14.3944
10.1789
13.0137
11.0626
10.4941
13.2666
14.2487
13.974
7.20481
11.4739
13.8175
12.928
13.2172
14.146
14.0306
5.44183
14.4917
11.2715
14.6582
14.5663
11.2968
9.89363
13.3497
14.9328
9.49366
5.72806
8.4504
8.34848
9.37658
5.87823
9.54163
10.8192
9.63816
12.9844
10.8556
13.9431
14.0465
14.6505
13.8304
11.6723
11.7716
9.32961
8.4019
10.4184
11.1267
11.2498
11.1013
10.8543
10.2664
13.2254
11.6938
12.5428
14.9604
10.2048
13.1571
14.1413
12.4094
10.1745
12.956
13.1576
14.755
12.3262
13.2263
14.0148
11.5871
11.4819
9.59966
12.5471
13.6795
13.2102
13.6229
10.6412
12.1578
10.2917
10.2523
9.45221
14.5962
13.7089
12.5708
13.5554
9.51851
11.2838
12.1561
14.11
10.1817
11.0041
13.8759
14.1984
13.3302
8.06175
9.77287
13.6416
14.6489
9.74253
4.114
14.1899
14.2821
7.53686
11.4786
11.7181
13.9275
11.848
9.46475
14.6653
14.5986
12.8485
5.73911
14.149
8.99509
7.64276
9.53778
12.1795
11.3596
9.36204
5.17466
6.42323
11.8262
10.5719
13.3524
11.2659
4.1847
11.1771
12.3222
9.13752
5.35611
8.72892
9.05546
12.1276
6.38778
10.7875
7.90896
11.5994
6.42439
14.2985
10.5907
7.81866
8.88546
13.2351
13.3112
11.7258
10.7479
11.4709
5.42623
12.983
14.2407
14.3066
12.5393
10.1455
10.4634
14.5153
14.4722
7.03516
9.13266
14.6078
9.44808
8.40012
10.8167
11.0431
11.0971
5.92528
13.2862
8.95509
9.80884
10.7533
14.2271
7.45395
9.87685
11.8011
11.3489
9.47337
10.6223
14.2394
12.8089
11.663
10.4461
12.138
14.3145
10.0418
12.4445
13.3366
11.8465
14.9647
7.26013
14.2955
14.359
14.5402
12.8685
13.4789
12.257
11.0106
10.3271
10.553
13.4011
12.254
10.2939
12.8815
10.0755
13.6935
10.4798
10.4813
11.3492
9.85674
12.7761
14.3921
11.2863
7.71372
11.2271
11.9213
10.6118
11.517
12.4182
12.6814
13.1016
13.0662
11.513
12.1566
9.67729
13.1854
12.8081
11.2807
7.83554
12.6448
12.4658
10.7453
14.1699
12.1586
12.721
6.14202
5.74263
9.32412
11.6289
12.2025
9.73062
10.3269
13.7021
14.6389
8.54945
11.736
11.2177
9.42284
14.4463
12.1782
10.9429
13.1415
12.1822
12.405
14.8679
11.4594
14.4934
11.0704
8.73274
13.1617
9.50206
11.3294
12.3021
12.3641
13.7228
14.2959
12.8764
7.90173
9.33457
10.8051
12.4011
6.53186
9.51051
9.85349
9.14419
14.6966
14.2473
9.85632
11.4249
14.4271
8.63959
11.288
11.2449
12.1713
14.4615
14.4463
8.78493
6.96577
4.54905
6.11206
14.0311
13.3799
14.3889
11.5346
12.5893
6.26073
12.4323
14.4807
9.90873
14.6631
11.319
7.09526
10.4667
14.7668
9.42779
13.8499
5.83572
8.69448
13.5759
9.90665
12.3773
13.8793
11.7343
11.9647
11.8819
8.64577
12.9803
11.7934
12.7196
12.2407
12.957
14.0381
12.0456
12.3128
9.40414
13.8219
14.3971
7.61165
5.94213
8.27067
10.49
13.1692
13.9545
14.722
12.3353
5.76695
7.18565
6.0515
12.7478
6.37405
10.5244
13.3715
14.5604
4.518
11.7552
12.6143
14.0292
6.1635
14.4732
8.29824
11.4398
11.7602
13.1708
12.7638
10.9974
8.41374
12.4721
13.3658
9.20201
10.8221
12.5065
12.2978
13.9079
14.045
13.4087
12.0702
7.62191
10.0688
8.74795
7.00143
9.58169
10.6573
11.6169
13.8175
12.3131
6.04751
10.372
9.03266
14.1443
13.5627
8.78052
12.6085
13.705
12.4719
10.0885
9.33735
10.6444
14.9544
12.4014
9.91828
10.659
11.2373
8.97904
10.8473
12.9347
13.9203
14.5975
8.93351
12.7367
14.3133
12.3008
10.767
9.74331
12.5294
13.0107
14.8594
9.76621
12.3497
13.0588
11.4123
14.9692
11.4828
14.1546
12.8955
14.777
6.31121
14.4709
12.5695
12.5885
13.4014
14.6106
9.40903
12.8994
14.9678
12.0956
12.6578
8.16194
10.7182
14.7746
9.59189
12.8408
6.47784
12.276
12.8676
14.5252
11.4528
11.6652
7.53255
14.1459
14.0433
4.40449
12.6998
6.87692
12.6695
11.8798
12.6621
7.29201
11.0411
9.08157
10.6499
10.9524
13.7206
10.8052
10.3184
12.5919
5.76087
5.79237
10.4213
9.8278
13.5239
7.81766
12.0259
11.0437
5.02707
12.4513
11.0055
10.4262
13.0706
4.91497
8.44942
5.61122
11.8191
12.8358
13.2487
14.4575
13.2709
14.3636
14.6524
11.8221
12.821
10.8468
12.6339
8.46052
14.3792
9.01646
9.86523
13.9456
14.224
11.0362
6.4824
14.2711
12.4488
12.8048
11.0869
10.6565
6.43668
7.16174
13.7106
7.64473
11.3139
14.3378
10.0403
6.84485
14.5609
5.70667
14.3589
11.0444
8.04425
14.6455
5.83044
13.8949
14.3094
12.9884
11.1268
9.50424
7.19647
7.65457
8.24706
7.18645
10.403
8.7266
7.0088
8.7808
10.4056
10.6865
13.7052
9.86148
10.7205
10.7153
12.0259
10.6905
12.8157
13.038
13.8985
12.1181
14.9944
13.5414
12.1588
12.6382
14.2814
9.09466
9.19465
14.0361
14.8448
11.0821
5.98609
10.732
12.0382
5.84823
10.7632
13.9069
9.646
8.72787
11.9671
11.7664
13.2335
10.8803
4.45351
14.5583
7.00356
8.41696
11.9392
8.81868
10.6699
11.48
13.1806
14.0207
6.53541
13.1305
14.977
10.297
14.445
13.8951
13.7561
8.08273
13.2667
11.7896
11.569
14.7487
11.9928
13.0659
10.6511
5.23501
10.8544
11.5367
9.86031
7.18163
10.5102
14.1794
8.73334
14.0222
10.1933
8.25923
9.05737
8.98061
12.4666
12.439
12.1122
13.9667
10.232
14.9528
12.7963
14.2156
11.9751
14.1496
14.3127
4.77067
10.1667
12.4814
10.9365
14.1914
9.6457
14.2261
11.0859
14.447
11.0112
12.1207
10.237
10.0694
13.6926
10.7411
8.95963
8.4626
14.406
11.9681
11.8352
13.5413
7.55004
12.8781
11.4224
10.8636
12.934
11.7558
11.9355
7.64372
12.2387
5.79506
9.51177
12.5114
6.47435
8.58133
14.8197
11.1377
9.63403
7.51381
14.7273
13.9437
13.4805
8.36593
5.97918
13.9929
10.5311
13.3656
11.2255
10.1889
11.0345
14.5342
14.6218
10.3874
14.6104
6.84484
6.56119
13.8941
8.99175
8.45304
13.6023
13.3167
13.1181
7.52756
9.29659
6.2124
10.1083
8.68517
12.3829
8.60346
9.72231
8.68409
9.07978
13.6296
8.11487
6.63172
10.7749
14.1849
14.675
11.2163
11.1402
14.6641
11.7881
14.5674
7.71772
10.2983
8.45057
14.0604
8.67671
9.60715
9.33867
12.4009
9.07498
14.8348
10.1122
12.732
10.0098
14.6697
10.9955
11.4859
12.7034
14.4257
10.4851
5.75563
5.9771
7.52462
8.56716
6.35438
7.75139
8.58165
12.7709
10.0162
13.6558
12.8268
11.952
10.3398
10.2321
13.4587
13.1171
10.3632
5.73738
13.6152
9.72563
8.0979
14.2684
13.6772
13.6604
9.24323
12.9122
6.28303
10.1476
10.0999
10.0662
9.67685
4.57022
12.7051
12.9987
13.6821
12.2999
9.58562
8.22728
7.36567
6.91099
13.4881
13.7409
13.2569
14.3325
10.1652
9.50529
11.3
9.08395
9.98119
14.6013
14.9311
11.7085
11.9725
11.0288
12.4697
10.3261
7.56129
14.3966
6.40573
8.35227
8.97786
11.3258
5.3665
11.5099
12.2107
7.60358
9.88029
13.4691
10.9284
9.18222
12.3983
10.5705
13.6243
13.5168
14.7846
8.99149
4.51093
10.0925
4.94546
13.3148
9.82105
3.80635
7.13155
10.7363
11.2049
12.1453
10.4343
7.68809
13.108
11.6503
12.7633
10.6865
6.12173
9.89165
10.9459
14.0747
12.2358
8.39899
9.36376
8.60661
14.1375
6.77431
10.5412
11.9708
5.62499
6.5005
5.53873
7.56686
14.827
11.0688
9.41195
11.213
14.5942
10.4255
14.0991
11.91
7.22472
11.792
11.8435
10.4825
12.29
10.9319
9.70107
10.2889
13.4981
10.1845
9.84369
8.75971
11.374
12.8504
11.5231
10.8055
12.9141
12.9054
10.7396
8.69619
14.2586
11.0791
14.2354
13.2897
7.34188
14.6659
11.1554
8.61355
12.4229
8.42422
13.1701
13.2878
12.2313
10.1346
10.7439
10.8996
13.4276
13.1481
8.73744
13.6088
12.7705
14.2892
8.34868
9.68526
14.8414
9.7044
12.9754
10.1465
7.02574
12.6272
10.5957
12.807
14.5815
8.36544
10.9047
13.7317
13.8893
10.6493
13.6693
8.08768
10.9341
5.36828
12.1545
14.2475
12.5665
8.10222
14.5202
13.0582
13.8905
12.7541
6.8811
14.432
14.8519
11.554
10.5395
8.26541
14.4395
4.06764
9.13685
10.7911
10.8201
11.4575
10.8758
13.4752
11.5764
14.966
10.1089
13.072
13.7674
12.6243
10.8673
11.2797
13.4646
11.0385
13.0721
8.40035
11.5112
12.4377
11.4872
10.9819
10.7277
11.7902
10.7346
12.8118
14.4172
8.58535
14.4903
13.2027
7.28996
14.5134
9.81921
13.8122
12.0673
7.66503
11.7651
14.8558
11.58
11.4659
9.27388
8.38753
10.1457
14.3498
10.9344
13.9694
6.12388
14.1195
14.0329
14.1538
14.6542
11.3048
8.32758
13.2581
11.0566
6.1326
7.63542
10.7523
9.77885
10.4158
9.4564
6.13472
14.2042
7.89476
11.3233
14.5081
7.06887
6.03002
9.92604
6.33679
10.5948
7.58117
8.62346
11.7036
6.18079
14.2815
10.2465
11.6289
13.5902
6.48422
11.7398
12.7495
13.4949
13.7468
11.0444
11.933
12.0344
6.8656
14.6563
12.4312
6.81672
9.44531
10.4056
14.4726
12.4283
14.7662
7.69918
14.52
10.4605
8.39157
9.47001
12.8496
10.2266
12.5272
8.90728
7.63903
12.045
14.264
9.71552
8.64867
8.7463
14.3998
10.8752
14.5001
10.7155
11.3596
10.558
10.6888
11.1401
9.23068
8.03271
14.0854
12.0266
10.8706
12.9239
13.5084
10.9966
13.0958
14.9693
10.6369
9.92779
8.38537
6.17864
9.70155
13.8184
9.77934
11.2089
12.766
9.59529
13.4393
14.501
9.61964
12.7459
13.964
13.0437
13.0712
10.2962
10.5504
10.7414
9.1854
11.6496
12.6307
14.8608
12.0966
11.311
8.28718
13.9438
11.4875
8.09622
12.9329
8.8388
12.2682
14.3564
13.7813
12.2806
14.6573
11.261
10.9826
9.04697
6.13548
10.796
12.1556
9.08433
13.7203
13.8869
10.9008
13.7191
10.801
10.7991
13.802
8.98033
9.86043
12.7743
6.17487
11.0733
12.3281
12.8104
8.47396
12.2437
14.5677
9.30909
6.66692
6.17808
6.57713
12.9824
10.0148
5.32493
11.4103
11.8835
11.5949
10.6287
8.77401
12.4488
9.7634
10.487
12.7058
14.5881
9.73488
12.3046
11.3001
13.7282
5.16291
12.5969
9.71373
11.999
13.7205
12.2674
12.66
13.677
14.459
7.22848
13.3964
14.2527
14.2057
10.0983
12.1116
10.9876
10.2641
12.9619
6.79931
14.7615
12.6109
6.75034
12.5123
13.5755
11.5958
11.2528
10.9197
14.2601
11.0875
6.05239
12.4799
7.16766
12.5195
9.30355
14.4084
11.3352
11.6861
10.2329
9.83693
13.4372
11.7588
10.2461
14.9909
11.8162
13.1432
13.9251
13.3703
13.3239
13.7662
9.91196
6.13144
9.09378
9.10635
10.6556
10.6613
12.866
10.3185
9.91807
6.1942
6.21028
11.0449
11.8147
8.65129
14.3929
12.0171
8.82011
12.1276
12.9826
12.3936
6.82748
12.7538
6.46545
10.4216
7.05234
8.73056
8.39105
8.51152
12.3081
6.68635
9.05492
13.0478
14.0378
10.946
10.6644
8.37718
14.9984
14.9108
11.069
12.9698
8.25941
8.76424
9.16654
14.708
14.0752
9.01647
14.7679
8.73009
8.59503
8.80773
14.7788
9.1545
10.6841
14.0509
5.91403
14.3737
10.0916
8.7838
13.2725
14.7451
13.9898
10.9157
12.2931
12.2498
13.2927
12.7007
8.82412
12.16
11.2317
8.65505
12.9956
10.639
8.59815
9.10585
13.4101
9.52387
13.1169
13.3278
9.82844
11.3464
12.3263
14.1397
13.8231
12.7397
9.03186
14.3673
13.3521
12.0352
9.92372
11.0457
14.1326
11.1862
14.0465
13.7753
11.5824
9.6574
10.9955
14.3954
14.4198
14.5387
12.05
12.5182
13.0179
14.562
13.4317
8.82773
9.24933
10.4699
11.912
9.59358
6.85492
13.2769
14.2339
12.9905
14.9608
6.0998
7.97004
13.016
6.26559
14.8845
11.3333
14.8678
12.3773
13.5763
10.1238
11.6142
5.48612
9.79445
6.693
14.7434
11.0379
10.4385
14.2846
13.541
14.1041
14.1947
14.1056
10.7221
11.3497
14.5482
5.61345
14.6673
9.07556
10.4497
13.2601
5.87672
14.7546
11.1368
13.2356
9.79248
12.0313
14.6982
13.0378
9.95884
13.7591
11.5725
10.9257
7.91079
12.7637
13.7239
13.9892
8.80457
13.3526
11.3218
9.88831
11.579
5.99207
13.2702
13.3834
14.2361
11.5205
13.6667
13.4531
14.8353
7.48005
6.0254
14.7226
9.88077
10.1265
10.0973
14.7045
13.3113
7.1258
7.69172
9.26695
13.7573
10.688
13.7143
13.5159
6.5817
6.3639
14.5965
10.0307
13.0701
13.8506
10.1967
8.99682
14.0971
14.2046
10.0045
13.8843
10.9158
13.9047
11.9474
12.2275
10.6
12.2925
14.3932
9.9312
11.8341
9.4179
8.48348
12.4154
14.9985
12.7307
13.7496
13.0829
5.97052
10.1038
13.9902
5.09233
14.282
12.3497
14.2123
6.17158
12.71
11.2285
10.9496
12.4379
13.4824
13.1229
11.3697
12.3045
10.0689
9.93479
14.6402
8.91207
13.2983
14.3764
8.03513
8.91446
13.7597
12.6064
9.09405
11.6886
12.1469
12.5636
12.8487
12.3702
13.6576
13.9902
9.12089
10.2113
7.24586
7.15967
9.79164
9.46284
8.7581
6.07429
11.3667
9.45964
8.94122
12.3332
7.90456
13.2837
9.8256
13.9048
10.6011
10.5848
6.46145
12.8409
13.5069
12.4497
13.1014
12.8428
12.3023
14.442
10.1882
6.78586
11.2735
14.5173
10.4405
13.7342
13.7729
9.17581
14.9222
12.5804
14.3382
12.2499
7.98849
8.12579
13.4359
11.7672
10.0999
9.80152
11.0174
11.3709
14.4595
11.6133
12.2169
11.0282
13.1144
8.53552
8.07113
12.835
14.8325
8.01478
14.2274
13.681
9.32032
9.09211
14.7241
11.5726
6.8134
14.5361
9.666
12.93
13.0781
14.754
14.3901
8.91286
12.2588
11.916
7.4275
13.1145
12.0542
14.8887
7.59522
9.35817
7.25076
14.1789
13.1707
13.5324
5.6051
13.3025
13.0187
10.1118
10.0516
11.749
11.6103
9.45965
13.0939
8.69269
11.3777
14.2788
12.0129
13.516
7.44381
13.2047
9.35558
13.5403
12.0537
12.5306
6.24942
9.73451
5.62156
9.21448
14.4077
12.8374
7.11937
10.5704
14.8672
7.41373
6.05691
14.1631
8.6755
9.77251
11.5446
6.18499
12.5966
11.858
13.5104
8.99056
7.89451
11.2707
13.8714
12.3591
13.3625
14.1953
8.23813
5.52315
14.4875
8.08576
8.94059
10.4242
11.6811
8.54666
8.33357
11.4852
8.46668
13.8633
10.3907
12.9104
11.8811
6.02193
8.98999
5.95477
14.0501
12.878
11.8702
10.7466
8.98443
13.7625
13.0719
9.15734
11.6694
8.31252
9.07222
13.9166
13.1975
10.3406
10.4156
9.77619
13.7106
11.9826
10.5935
7.1703
8.4812
11.6785
12.2807
9.86976
5.99369
10.7427
14.2003
9.9162
10.5943
5.77415
9.4411
6.24777
11.0519
10.9332
13.9964
8.41712
13.7059
14.2444
11.1969
8.96497
14.4971
12.8912
9.06439
12.7915
10.3949
11.413
14.4222
12.6155
12.485
13.4689
9.90946
8.60591
10.3289
13.2451
14.0551
9.68651
13.2766
12.498
9.82517
6.24531
8.69754
9.83494
12.9283
10.1533
13.0188
14.2261
13.9231
12.0491
9.90163
14.1609
6.15257
11.5153
9.93023
10.4756
8.29566
10.3124
10.98
8.38961
14.0273
14.5982
9.02209
13.207
11.7614
14.8935
9.7215
12.2132
12.357
10.5475
14.8927
9.07749
12.8014
6.17082
10.1187
11.8289
12.3476
13.2547
12.3027
13.385
14.3677
6.38721
7.99812
13.3803
10.4242
10.834
12.105
13.4862
14.5007
11.3088
9.36013
8.41719
5.15591
13.2057
9.03425
9.94152
11.5442
11.9175
6.15348
12.4722
9.29165
9.95663
12.0887
14.4126
13.2386
10.9853
11.8773
5.83094
11.4661
12.4483
11.592
8.15122
14.9802
12.3537
13.7211
9.04831
8.27779
12.0461
12.9352
10.1405
13.6051
11.4232
14.4887
10.13
9.39721
10.5869
13.0111
11.1522
11.9388
12.6867
10.7374
14.7166
10.5222
14.9054
8.72274
13.5259
5.82694
10.3964
14.1457
13.9503
6.3658
9.6283
8.73826
14.845
7.08841
10.7891
5.76327
10.6355
10.6313
14.3162
13.4392
13.2229
5.66738
9.86185
8.29241
14.0248
11.3869
14.4029
11.1287
13.6906
7.33177
11.2574
12.1813
5.55002
6.30925
14.4009
8.6064
10.1394
14.5397
12.3594
12.8582
8.06524
9.85765
12.3403
14.449
11.1995
10.3937
12.1811
10.7444
13.0497
8.28051
12.2144
10.6702
13.3474
14.9323
10.1919
12.6993
8.31818
6.01011
6.5415
14.5841
7.14953
12.3934
9.35616
9.29919
8.82253
8.15777
13.9642
12.4406
7.27701
12.0075
12.5003
8.58069
11.6809
14.0155
13.1801
14.4233
13.1141
10.0139
11.4722
14.1938
9.99424
14.6196
13.3453
8.607
10.4674
9.60716
12.423
14.3824
12.9189
13.5619
11.7469
14.4315
12.1213
14.5446
14.6623
11.1464
11.037
9.00201
12.7343
10.9969
10.0796
11.8717
13.7215
14.1208
12.186
11.8039
14.8502
13.1185
11.3516
14.3332
8.41094
9.53875
13.5356
14.8999
12.2303
13.5426
14.3443
5.76482
8.28253
5.95705
10.6404
7.19459
10.2546
11.7077
14.4841
13.0835
10.2105
11.7996
8.02479
5.54953
10.2669
14.9721
13.7557
12.7401
4.96046
13.3013
13.583
11.8399
10.773
11.8238
10.3591
6.77533
9.94269
9.62165
11.8971
10.6512
9.00072
9.4525
12.6882
14.8219
14.4709
11.5564
6.58699
13.8954
11.8534
8.35319
13.1023
12.4599
12.6197
10.7672
9.83903
10.326
11.5178
8.27068
12.8217
9.7343
10.3659
13.2098
11.0564
12.5186
7.01905
11.7753
7.28887
13.6337
14.336
13.6462
10.7619
12.5563
11.5999
10.5105
13.727
12.287
6.0555
12.1367
10.7389
11.4578
9.11311
11.6409
8.72622
5.98536
14.9812
10.3572
10.7716
12.2422
9.77332
11.2361
12.744
9.78519
6.99462
12.82
8.71007
6.6382
12.857
9.13995
6.46797
11.3924
11.3368
12.8225
11.8779
9.2216
10.2779
13.8942
7.33349
5.7948
13.1225
12.6157
12.5299
7.27414
8.51305
14.0424
9.97719
13.0617
12.7373
10.3592
14.3183
14.8711
13.2485
14.6099
11.1658
10.3939
13.4448
10.2694
5.3037
10.6633
14.5244
8.72887
8.79469
11.0146
8.52484
12.1377
9.70979
12.395
14.7674
10.9325
10.7419
9.96655
12.1062
7.63937
9.10745
14.9555
12.214
9.94975
6.49107
4.29402
12.777
14.5456
8.77991
10.9149
6.24851
4.74706
9.53296
8.4143
11.2348
5.73815
11.6854
9.93026
12.8029
11.7388
7.32441
13.1137
12.9973
12.0687
13.9335
14.6857
9.25068
13.9213
11.4365
9.9079
8.48562
13.7162
4.5828
14.7005
12.8158
13.6957
9.22731
12.358
6.07986
13.7875
10.5732
8.48001
10.1662
9.65767
5.83419
13.336
14.5584
12.408
9.25236
9.34468
7.8474
14.6923
9.42864
13.1194
11.7862
12.1462
9.73205
14.5429
12.8571
13.8004
9.37929
11.0564
11.8356
11.3001
14.487
5.35151
8.44662
13.0368
13.8488
11.7757
14.7059
11.741
14.9548
9.3723
14.6085
14.9945
14.8376
12.9269
11.5481
13.898
13.8079
11.1711
13.2576
10.9067
13.8562
8.61558
14.6436
13.7594
13.2052
10.615
8.59901
14.2475
10.567
14.1704
8.56743
10.4816
12.3586
14.4474
14.1516
14.1702
14.2318
10.1992
14.2047
11.8675
9.77598
10.0465
11.9494
12.0922
8.61422
12.4631
14.2737
8.48886
12.4284
10.4395
10.1294
9.8929
13.8709
5.49074
6.74229
9.25314
11.7564
8.27308
14.1348
14.9811
12.5575
13.7758
13.797
14.4538
13.0128
13.4467
11.3694
10.2817
8.03529
12.4265
14.0472
6.18432
7.37304
6.6512
6.08894
11.9959
10.5954
10.7063
14.9245
10.627
13.6417
13.6761
10.7466
9.79461
12.889
10.6766
11.6062
12.3248
6.52866
12.0162
12.0772
12.1476
5.54973
9.18513
7.24393
14.376
11.1772
14.144
8.56875
9.55272
8.84244
5.075
12.3746
13.2951
9.55956
11.5469
13.0856
9.34184
11.9505
8.92904
10.8201
13.2921
12.0018
11.8841
13.9276
12.3767
10.2276
12.8658
8.4347
6.06732
12.2448
13.3537
8.84896
14.7132
13.5698
14.2105
7.38578
8.10229
12.177
11.1365
11.5696
7.16165
12.7888
10.4717
14.5405
14.3972
9.75086
11.6086
11.3526
11.4968
14.7252
14.0116
12.5394
11.1519
12.7266
13.9782
12.2964
13.211
10.6523
11.8936
6.63007
8.61418
12.9021
10.9438
11.781
9.33858
7.20703
14.8545
12.0791
12.0399
14.2351
8.27792
10.5755
14.0414
13.4851
11.3968
13.3248
6.11718
9.12616
13.0045
9.74611
14.8793
10.1372
12.1008
14.2325
5.89343
12.2679
13.6411
10.1148
11.0637
13.0222
9.29924
14.4611
13.1593
13.4691
11.5631
14.3119
10.3908
10.1531
14.0464
9.53181
9.7053
9.79751
12.4343
6.17089
9.54757
12.7407
10.8219
11.2122
10.8245
10.4945
10.933
10.0488
10.689
14.4943
10.917
13.6748
11.2953
13.7143
10.8072
7.56089
8.65832
14.0104
14.8566
13.8262
14.9159
11.5412
12.2874
9.21075
5.91075
6.19331
11.3703
13.1416
7.66754
14.2847
14.6794
10.1088
7.70805
10.2433
14.2188
12.2363
6.17523
12.2433
12.3249
10.2651
11.5947
5.9473
11.9602
11.74
12.2628
14.8463
9.05988
8.28734
12.5182
9.66096
13.4352
13.6085
11.0532
8.92506
10.1433
8.89051
10.0278
8.82612
10.634
6.09311
12.278
11.4706
10.034
9.6932
14.86
9.14224
7.87653
14.0873
14.0701
10.5659
14.1417
14.5134
10.6217
14.6916
14.7915
11.2476
13.6054
13.623
9.07305
12.339
7.79787
8.38954
5.97255
10.3723
14.1636
14.7567
12.6119
9.98891
12.6452
12.3959
12.3177
13.413
13.5005
14.4676
7.9382
10.5163
10.143
10.9735
9.71408
11.6042
13.1172
13.138
10.55
12.429
10.7437
12.3912
14.4568
7.22094
8.96988
6.34863
11.0773
9.86102
8.50838
14.6045
11.9986
5.40207
13.5033
13.134
10.5244
9.37935
14.833
12.6967
13.3628
5.56929
10.7333
11.3061
7.44604
10.6436
14.7301
14.6893
11.7476
8.87259
11.0269
9.72525
9.98822
12.7339
12.0076
13.4605
6.31981
14.7603
13.8826
14.2029
12.6903
10.0968
12.3304
12.6944
13.1561
13.3755
13.7584
9.11582
9.90733
13.6626
8.46092
8.77327
8.77973
14.2336
11.3886
10.6365
9.26328
13.9829
11.2854
14.2531
14.1396
13.336
11.234
14.1556
14.1761
12.1936
9.39221
11.1648
8.73672
9.75527
10.6193
12.3248
12.5227
10.5565
7.98828
13.574
13.4366
9.44126
12.8407
13.0872
11.146
14.1683
13.6356
13.4548
14.4935
8.74647
10.5211
12.5898
8.82966
5.85854
11.011
12.5838
10.4843
9.54536
9.88381
8.50607
12.3887
10.2697
8.76984
5.68947
12.8413
14.9496
11.5332
9.78121
12.6182
9.55967
7.77977
13.8273
10.2873
11.1989
6.26085
12.2342
8.52547
7.59785
12.5423
12.5985
14.7138
10.5711
9.19687
14.4744
11.8997
13.2175
13.6704
14.4954
7.95442
13.5579
14.6663
9.70938
14.9692
8.56953
12.8503
10.4579
14.3875
7.79706
6.04866
12.3722
6.03148
10.6307
9.72122
13.3238
8.2156
13.0954
11.8416
10.7779
10.7879
6.95056
14.3112
12.4221
12.9797
10.6681
14.1302
7.29251
11.3228
14.3937
10.6501
13.4333
8.92734
11.116
14.7721
11.3928
9.26372
12.0339
13.9336
10.9038
12.7317
7.55937
10.6574
10.5096
9.03493
8.20251
13.779
5.82456
6.54827
9.14567
14.6647
6.3587
10.3613
8.5186
11.6801
8.60498
10.9804
11.8986
10.7588
14.7498
7.69601
12.1744
11.277
12.3995
9.88594
11.0308
11.6517
8.99605
13.9292
12.8843
10.3436
10.1704
9.01281
14.1641
11.1216
11.8749
5.88163
10.7532
6.89176
10.0986
8.48418
11.3368
4.64338
8.39269
10.3601
8.16681
13.4983
14.5223
14.8188
11.9134
11.7041
14.6729
12.4884
8.62781
13.7889
9.50104
8.38063
12.3997
14.09
9.39822
8.95677
9.12474
6.09676
10.9147
14.9971
14.3435
13.7325
13.8198
8.39463
12.2575
14.2453
4.0708
11.0306
14.6376
8.55038
14.8015
10.358
14.7045
13.8292
11.1589
13.1452
14.2146
14.4898
12.8966
14.4061
13.6934
6.77823
13.2215
5.59334
4.98243
6.15169
10.3754
7.82865
14.0757
6.11656
9.31529
9.37341
