13.0765
10.5984
10.1129
9.53754
12.6717
7.64322
14.3212
10.5951
13.8789
10.2052
9.53524
9.764
11.7385
14.5028
10.3456
11.7583
8.66344
11.8739
13.1534
13.9715
14.9907
14.165
12.2522
12.1169
13.7997
13.4988
13.5791
9.89108
14.1592
11.5869
14.1223
11.9185
11.4412
9.04905
9.43366
12.4924
13.5506
12.0188
14.2038
10.7905
5.6319
13.2106
9.47449
12.5095
10.5764
9.5652
4.80996
8.92817
12.8248
13.6118
9.148
14.4535
13.8158
9.53669
13.9781
11.0955
9.89297
14.6222
13.4761
10.902
14.1371
14.6805
10.0927
8.54269
10.8758
11.9783
13.5088
11.2868
9.52081
9.92661
11.6164
14.2538
13.9145
14.9899
11.0138
13.4829
12.0504
14.3315
7.11219
8.21883
12.3673
14.4846
12.8614
13.3126
6.17879
10.2071
6.8226
9.10267
13.6292
4.43241
11.5017
14.8424
14.0859
8.29049
9.83716
13.9636
6.68048
12.2099
14.1664
10.1838
11.1465
13.8631
14.4876
11.3955
8.7053
6.7178
5.6524
8.78522
11.187
6.818
13.1085
6.96818
14.8163
12.4031
8.12624
9.86345
12.2133
14.6075
13.2164
11.7868
12.3171
13.0743
8.5025
13.6576
12.8179
8.21707
6.36236
8.43595
14.9967
13.8962
14.7661
10.5325
12.9372
11.0386
11.4409
7.78933
5.86049
14.3571
14.4255
14.1891
12.5486
14.0442
13.6998
11.021
9.75744
13.5547
11.2266
11.1167
12.1136
8.8898
12.5452
10.224
11.8346
8.85889
11.8477
13.7551
14.653
8.93618
6.1544
10.3368
9.82854
10.8548
8.79691
13.2447
12.908
13.7035
12.6168
12.6795
10.0764
10.2109
4.20413
9.06857
13.7211
14.5933
7.83661
14.3652
12.0855
10.4061
12.7392
13.827
9.93404
14.9165
13.7197
7.27473
9.98994
11.7951
9.62968
11.3425
14.9932
14.7174
9.79862
5.71168
14.7845
14.0185
11.7768
11.6219
12.0452
3.63464
10.6803
10.724
10.4252
14.3819
12.6135
5.90999
8.27539
10.0504
5.88182
9.01484
10.543
12.3217
13.3597
8.45527
14.652
14.4261
5.2505
12.2997
13.8932
5.67681
12.989
13.5038
12.6926
7.83814
10.7552
7.44612
13.4751
13.8508
11.1612
4.44666
14.5644
9.29559
9.09538
14.1896
6.38487
8.85272
13.057
9.52617
12.217
9.33989
9.15385
8.5173
10.347
13.0336
11.8897
14.9317
6.08912
9.86725
14.9995
13.1512
9.06369
10.6199
8.96158
5.32928
9.10369
12.633
8.82051
14.1157
14.8689
12.0591
10.105
10.5279
14.6104
12.561
10.3058
14.1128
10.2569
10.1886
12.7663
12.8425
12.6897
13.1213
8.89366
14.2051
13.9176
11.0903
12.9795
12.4371
8.42121
8.91672
12.5565
10.1674
14.785
14.9883
9.80396
7.03366
13.039
9.165
6.23494
12.8079
13.2941
14.5953
13.6184
11.8563
11.4746
10.6472
14.1672
10.6443
10.8239
10.9052
12.5552
12.7205
14.4724
14.0398
6.27715
5.89692
13.833
12.6934
11.9262
14.4245
9.38156
12.0133
9.1572
14.0967
10.3815
12.3642
12.9453
12.4198
7.15183
9.95429
7.8006
13.9585
7.75586
10.7459
7.06673
7.28782
11.4724
14.7309
5.90527
14.7182
5.93662
6.00007
11.39
11.2721
8.58458
9.56525
12.1048
13.2364
11.1897
13.4339
13.6348
10.3454
6.49575
9.56314
6.26695
9.34008
6.4071
9.76332
4.52306
10.1837
11.5681
6.62792
13.3956
9.88447
11.7376
13.3405
12.3032
14.1451
10.5503
8.4747
13.6845
6.19469
8.76583
14.4044
8.20425
9.11118
13.894
8.40278
13.8413
14.2601
11.1468
13.5751
10.54
13.6924
10.8434
12.2342
11.9241
10.6205
12.3627
8.40211
10.7864
8.47724
12.1021
12.1129
11.6117
9.38165
8.99484
12.6668
6.49025
8.85734
8.86077
14.9906
11.9742
7.36237
5.93188
13.8243
9.06883
14.3347
9.56388
11.033
8.97785
14.1544
8.73053
13.9896
13.6454
5.29891
11.2341
9.46411
13.4564
13.9927
14.5104
7.97159
13.7401
11.0854
13.5839
14.4514
11.3617
13.7039
13.9594
14.1399
10.8385
13.0551
10.2379
5.33412
14.5564
13.4114
6.11896
9.7376
8.32642
14.8303
11.376
13.7337
12.9745
11.2117
5.48349
14.6129
13.8937
12.4732
13.8112
8.3475
9.89405
9.49067
13.9516
10.6575
6.03972
11.3089
13.7096
9.60111
13.3956
9.9028
10.3383
8.67083
12.5228
10.7639
11.3874
12.3365
14.154
12.8368
8.98533
10.8194
12.7826
14.0962
10.2749
11.1491
14.9586
9.15179
11.6344
12.0879
14.3791
12.0422
14.9283
13.6061
14.347
11.9397
12.9445
12.3759
10.9442
7.57056
9.36358
5.91616
14.971
14.8284
13.6779
10.2283
13.9103
6.09882
12.7467
12.1233
10.1129
14.6191
11.954
12.4301
6.2992
8.56844
14.15
8.60714
13.7238
6.65115
8.26512
11.0675
11.3731
12.18
11.5981
13.1966
9.57605
11.8109
11.7493
9.97979
9.5464
7.98674
12.913
13.8346
10.8477
7.35819
10.6576
7.13267
13.4434
9.37633
14.17
6.95532
8.89827
13.7128
11.2396
6.232
10.2685
12.529
13.191
14.7232
12.2531
10.4432
13.23
10.2473
7.30902
5.7189
7.2189
14.363
6.23908
14.2766
14.1913
11.8727
14.6267
6.89569
7.97604
10.221
12.9259
5.77128
13.4816
11.5679
7.3178
10.2532
12.1899
7.93224
7.75479
5.86278
6.34045
12.6421
14.1296
14.4317
13.6774
8.66426
8.91726
8.65663
9.52088
11.7268
6.25328
10.9879
13.981
12.9483
13.7074
11.9919
10.5478
9.68454
12.9052
10.6841
14.6504
12.5107
5.70393
11.0532
14.0417
13.9285
13.1932
9.88733
13.8273
9.99168
9.55115
10.1255
10.4859
14.6827
14.1165
14.9973
8.65122
10.7504
12.7564
13.8136
13.8761
13.2055
10.8806
11.2822
12.8752
9.052
12.4787
10.5755
12.9093
4.32548
11.9617
8.07106
11.8341
11.1364
7.97738
14.7602
12.7974
4.41253
7.79613
11.3931
10.7172
14.5196
13.7394
9.80918
11.127
14.9552
6.31199
14.4724
14.0471
8.58658
11.1293
13.1664
14.4634
10.6669
12.1835
8.14072
14.0443
14.5572
13.4
8.93404
13.9053
10.1019
14.8561
12.1341
11.7249
11.7014
6.5667
9.08166
8.66681
14.1095
13.7153
10.4818
10.2368
10.0108
13.7448
6.52836
12.8889
9.84257
10.0974
14.3338
9.83411
13.1882
9.55779
12.7644
13.8839
10.0655
14.3592
6.23718
8.66885
9.12253
9.79327
11.9292
9.43652
11.7827
13.7418
14.9164
10.8723
14.665
14.839
14.18
9.89901
14.2781
8.43815
10.251
6.08746
14.2759
12.3097
13.0057
10.7226
8.97762
10.0655
6.14437
9.03912
14.3816
12.471
11.4295
6.85466
13.5416
13.2107
11.6202
11.0518
13.3596
13.1343
6.05516
14.2682
5.77389
10.1353
7.93154
12.8864
7.29652
13.7495
9.53315
9.46538
13.2107
9.64411
7.9033
12.0005
12.1495
13.8292
10.3559
13.4598
6.28427
6.02719
13.7969
11.4299
9.48531
6.28175
5.95325
8.68053
8.05251
14.9215
10.4989
13.8932
14.5642
14.0879
14.0936
11.1444
14.8655
14.309
9.47192
8.9508
10.9694
11.2636
12.0404
10.5078
12.9997
6.5294
10.0288
10.9939
14.0571
11.7395
9.55453
10.6265
9.79999
12.1738
13.6705
14.8015
12.8388
10.1027
6.52866
9.83209
8.26076
9.34877
13.2635
11.2768
12.6455
14.9839
10.5448
6.28976
11.6591
12.2056
7.70999
12.2952
10.1909
13.2083
14.6478
8.74514
11.9874
5.7811
14.4671
12.0534
11.0659
14.59
10.7731
8.19064
14.1197
6.22498
7.98152
10.4512
12.7317
9.92
11.5548
8.02458
9.86735
14.7791
10.3206
14.534
14.6687
9.85591
8.58622
12.5175
6.38022
9.39391
14.7007
7.52107
5.95162
13.5376
14.3268
8.37077
6.07646
9.57948
13.7555
8.19781
14.381
14.0702
13.4399
14.6434
9.52125
7.9231
14.8485
13.2111
11.5693
12.9601
12.4475
13.9376
10.5185
9.87346
10.8322
6.86673
12.2326
10.0242
7.1942
11.6642
9.3787
12.8393
12.417
11.5016
11.7169
12.546
12.3648
11.0346
7.07776
11.3263
6.60962
8.55946
12.43
8.27312
10.4625
11.7131
11.2795
12.4441
12.2174
11.3216
10.3091
12.3895
14.0764
11.1213
8.73297
9.64651
7.12482
14.4099
14.227
14.867
11.0143
9.31494
13.7682
13.9607
14.8054
13.2335
11.0828
14.7357
9.53775
13.0203
12.333
12.7182
13.5678
13.0257
6.809
14.4196
10.629
6.27337
13.8361
12.465
9.71005
8.4183
12.4735
12.9659
5.37191
12.5535
13.4947
11.8187
9.23599
8.24314
14.8178
11.5215
14.1552
14.2804
9.76369
10.0368
14.8698
9.02587
13.6485
9.27677
14.8437
12.827
12.3951
11.1907
12.3679
10.3924
9.7709
7.10025
12.8165
10.0986
11.9697
14.1862
14.3096
10.8007
12.5623
10.838
11.548
11.3979
9.45351
11.9965
10.2046
7.83151
6.47075
12.4384
9.23384
14.5394
12.6832
6.237
12.6151
9.99541
10.0508
9.67154
8.48009
12.479
11.4513
14.4609
10.3581
13.7859
7.48929
10.6255
8.11278
6.25792
9.33714
12.3287
10.1101
8.65379
11.8533
11.1323
11.6587
14.5786
9.62634
7.22375
8.84906
9.17187
11.4814
14.3982
12.9693
13.2068
13.1922
12.8817
11.4969
8.50167
13.3264
10.0552
13.8176
5.40647
14.6764
11.6132
8.89674
12.831
14.3886
12.8145
11.6838
4.06054
11.6887
13.0062
5.18084
14.2093
6.02697
13.2925
7.80718
6.13858
11.4848
9.29538
6.33826
11.0359
14.2987
13.4584
6.63448
14.4698
11.5288
13.7748
8.29343
13.0905
14.6664
7.55731
5.69862
8.82625
10.8893
8.82608
7.93479
14.2408
11.469
10.1511
10.8794
6.04895
12.461
13.9913
8.9234
13.0764
12.0912
10.685
14.9962
10.7813
9.98606
8.54751
11.6226
13.3665
10.1826
13.0757
14.9467
13.69
10.0861
8.61448
10.9178
11.5843
14.3938
12.1643
12.8909
10.1995
10.769
6.10802
11.3714
13.055
11.0511
13.3826
9.93177
12.7138
10.0089
8.02047
5.7211
8.83759
9.75614
13.0104
12.8061
14.0143
8.38797
13.4505
9.85321
13.5972
14.5256
12.1178
14.2781
12.687
11.6638
14.1975
13.7713
5.05116
12.9752
14.4776
9.7775
13.0544
11.7844
10.4575
8.52313
10.4544
11.3735
10.2378
10.7441
11.5554
7.75742
10.1076
13.5603
8.56554
9.24042
13.9713
13.2472
12.2801
9.22662
10.0244
9.14933
13.5181
8.67823
11.163
10.2385
9.63025
8.76819
12.6077
12.8188
8.9219
11.262
12.9827
13.4568
13.7796
14.9437
8.56963
11.8595
7.38753
11.464
12.2594
13.8662
12.7119
10.2536
7.35906
14.331
14.3716
12.7235
13.9921
9.81466
11.3862
13.8377
8.67484
14.1701
13.8624
12.7022
6.39851
9.9792
11.2222
13.7616
9.81796
6.90908
10.5711
9.95336
9.01325
10.5904
13.6726
10.4301
14.8753
12.5639
13.5042
14.9263
13.7444
9.96197
7.89946
14.8883
12.0243
10.4715
9.02089
9.30917
14.0864
13.1667
14.4614
10.5198
9.55472
14.2725
14.5714
13.489
14.7288
13.6578
7.36826
11.6877
14.6924
11.3583
10.6762
12.3564
11.7758
13.7316
12.4925
14.4075
14.3428
11.9571
10.1494
7.15348
5.75694
6.93099
8.5841
14.8805
9.72709
5.06808
9.88911
14.4276
11.7907
11.7208
9.24599
14.704
7.26347
9.02476
13.6515
13.0213
10.6174
11.8064
13.4255
6.72694
14.3139
14.4998
13.8101
11.0898
13.703
14.9609
5.57046
14.533
9.94182
14.1236
12.8966
14.3972
9.78068
14.2826
10.6267
9.25869
14.8891
14.6186
12.7522
13.1561
9.18318
10.8688
11.1262
5.88124
11.6021
14.3175
11.6232
11.0989
12.5914
11.1187
10.1009
6.01436
13.3212
13.8732
11.8797
9.70233
9.41
11.3778
10.8039
9.69227
11.5884
11.4454
11.1101
8.72328
9.29614
4.86956
10.5661
12.621
14.4508
10.3021
12.9908
12.2419
7.05406
14.9616
11.2018
14.4559
9.73504
6.8017
12.6002
14.7053
5.13683
14.5364
13.882
10.6142
12.95
10.1674
13.2919
13.2
10.6742
12.2758
9.1044
11.4188
14.2478
10.4118
12.3077
13.1908
5.73913
13.5683
9.49211
11.1897
14.3637
6.70508
13.1443
12.3732
14.2887
8.75917
10.0056
14.9205
8.30871
8.36571
12.3178
6.28199
13.6358
11.4908
9.43471
13.6808
8.01947
12.086
14.6063
13.7963
14.6632
9.68785
10.2298
9.35377
14.2455
9.78848
11.9933
10.1673
10.9314
14.8112
9.58485
8.27163
6.11103
6.09468
8.48932
12.69
5.78826
8.48055
8.11785
14.9038
12.2382
13.5797
13.5095
14.9136
10.765
13.7744
14.6051
13.2281
7.86963
13.0047
8.37397
13.606
9.52125
9.10908
9.80417
13.7087
13.4102
13.7711
12.7113
12.8506
13.0241
11.3487
12.7954
10.8117
12.8819
10.8395
12.5609
13.1244
13.6067
13.2564
11.4708
8.16578
14.5853
13.9581
11.7109
11.344
9.44065
6.70888
9.99111
4.88718
9.15058
11.7407
13.1407
14.2058
12.3003
11.6506
13.6321
10.2598
10.4214
12.3435
10.8329
11.8231
11.7313
12.039
13.4197
14.0169
11.3233
11.6028
11.624
10.5782
9.10962
5.92862
7.29511
13.5798
8.55729
14.8269
10.1493
9.6483
14.6867
11.3892
13.9728
4.95758
8.38559
12.6402
9.86556
12.2854
9.78385
8.54823
13.5421
13.341
5.54762
9.67556
10.9752
14.9004
14.2934
10.8487
8.03207
9.22996
13.5643
14.1787
14.9495
10.3605
12.2499
10.3141
11.757
12.0782
11.082
14.0628
11.6377
14.3157
5.68694
10.3735
13.2435
10.0451
13.5046
14.8939
11.9977
11.4472
9.04651
11.755
10.2271
12.2388
12.7298
8.14837
13.9582
9.31713
13.4457
12.2674
12.0775
13.6922
13.5253
13.1686
11.9211
14.4743
11.6973
11.9309
10.9584
10.9768
13.3604
10.4364
10.2305
14.0613
9.77471
8.48719
11.5565
7.19889
11.1533
9.17655
10.17
8.73297
13.3616
11.3159
8.36685
11.1479
14.5112
9.05066
14.2516
14.372
13.2119
12.2292
11.6083
9.15645
7.15842
14.8691
12.3668
7.87072
9.08397
14.5915
12.0548
12.903
11.1712
14.5141
12.9401
12.5434
11.0267
11.2791
7.00589
12.8216
9.94942
11.1065
11.0965
9.46856
11.1442
14.9663
14.7681
14.406
13.4008
6.6265
11.1687
9.99325
12.4505
11.0439
12.0457
14.5498
8.36528
8.4019
7.5947
13.8091
13.1847
5.91913
13.0484
5.72553
10.4948
12.4714
14.2546
11.854
12.4061
10.2248
11.5568
14.7236
13.9279
13.2035
11.3917
9.14714
8.92113
14.3921
14.0115
14.6035
11.6967
7.04088
14.2865
12.6171
13.9362
12.7164
13.6944
11.2041
10.4641
10.4828
9.14604
12.3022
10.2898
8.74937
6.66795
11.5545
11.37
12.9487
11.9762
6.38603
5.098
10.1292
9.25486
11.0311
9.13003
10.7719
13.1542
13.6116
9.92513
9.5409
9.43556
7.37897
10.9704
11.2124
10.6279
14.0911
9.87273
9.82575
12.7661
11.8848
11.3025
11.1964
10.6274
12.8665
14.2694
13.3296
11.5511
10.7041
10.5744
11.0615
13.0885
12.6241
14.7729
12.3316
5.40985
10.4873
14.318
8.17179
9.59634
14.6865
5.44232
8.67516
13.1023
12.1872
13.0928
13.131
10.4459
13.6555
8.96222
9.96389
10.4736
11.1773
9.65588
13.2267
14.3903
11.4661
7.49323
12.0181
6.42941
9.82166
10.9835
13.7625
11.8841
11.198
10.0207
11.7698
14.6834
13.4748
7.99913
5.73732
4.73362
5.7722
13.4124
12.0872
11.5187
13.0432
11.9296
11.2073
13.1183
14.1172
13.2541
12.1404
14.1004
12.6474
6.01299
9.81316
9.94447
13.0993
13.7835
8.69526
6.55624
14.302
7.42386
14.9107
12.8264
13.0304
8.00479
13.6877
14.0776
12.6811
11.0241
11.6486
12.6138
10.7779
13.1385
14.5221
10.6489
8.58502
14.6219
9.8904
11.4039
8.61169
14.2006
12.4301
11.5453
10.7919
13.1476
10.4025
12.2244
12.6636
9.39155
14.0216
5.49352
14.7477
11.7605
11.0517
14.2225
14.6456
13.4925
9.41151
12.7164
6.55437
11.8694
12.6473
13.2194
13.9849
12.2142
13.5844
11.3282
8.69395
14.8392
12.5507
13.465
13.2677
11.1033
14.0025
13.8291
4.71729
8.07399
11.464
10.6329
10.568
5.65607
13.8382
13.5252
11.2838
11.0679
11.9825
13.8784
13.5907
12.1053
14.388
8.63888
12.1325
13.2637
11.7484
14.9889
14.191
7.66573
7.55571
8.15797
14.9456
13.2289
13.1371
8.66776
13.5646
14.5763
6.51059
9.87965
14.0856
13.6645
9.73944
13.2517
8.96956
14.0027
14.096
11.0147
5.88563
13.245
10.8432
9.44677
12.0454
9.08015
10.3333
13.7768
9.65159
14.2732
8.41946
14.8135
13.8891
12.9409
14.5434
13.5756
9.45983
12.8063
13.9232
14.3469
10.139
8.91347
13.8739
11.4577
10.9469
8.76326
12.1866
7.09391
11.9635
14.7369
7.94625
11.9745
11.2479
7.54884
14.5221
12.2955
11.3727
9.86779
12.0659
13.9268
13.3965
14.3724
11.4514
10.8105
9.9423
13.8554
10.5981
9.91172
11.9589
9.77479
6.58901
10.9935
13.3151
11.9234
8.07745
11.5381
14.0967
14.732
11.6721
12.2432
8.81094
12.9371
10.5244
13.0373
14.1157
11.6553
10.517
12.7536
8.53811
13.11
14.4015
9.07196
8.66616
13.0507
13.9956
10.3846
10.7047
11.4767
13.8892
13.0293
13.1204
9.78115
11.5665
11.4319
12.5509
13.9888
11.7529
9.40905
11.1615
12.5768
13.971
12.2638
10.6405
12.1979
11.3842
13.8344
14.908
11.0099
13.1599
9.93093
6.23404
14.6801
12.373
5.65183
10.6076
10.0942
13.7413
14.8839
14.3819
9.83667
9.53221
9.29493
10.1457
7.63447
10.8304
6.40206
11.5881
6.23256
11.1508
10.8602
8.29731
13.286
11.5053
10.1236
8.0507
9.00958
10.1334
9.5073
12.8299
14.5323
10.9654
9.36476
8.95921
8.83458
8.54119
10.642
10.995
10.4896
7.98033
13.3861
5.15962
13.236
14.159
14.4334
10.871
8.87812
6.6923
14.959
6.36007
11.3769
10.3785
13.0045
9.19773
13.8588
9.32408
14.3628
8.54918
12.1033
14.6199
14.7141
10.4348
13.7457
14.61
13.1476
9.36512
6.2761
9.68604
9.73285
13.9198
9.81156
11.2817
13.2911
14.6836
12.0277
13.6086
4.92271
13.2563
4.93278
13.711
9.06001
14.6878
13.7657
8.81409
14.4274
11.004
14.7818
9.95328
13.9558
8.30737
11.2585
11.3023
12.3402
14.4233
11.5602
12.6192
13.8409
9.68498
6.86795
14.5514
10.1156
11.2948
13.4604
9.28806
11.4867
14.0376
10.2936
7.9359
13.315
11.2052
14.8463
13.7602
8.5101
11.3036
12.2231
13.161
8.71925
10.1335
12.4519
13.741
13.3421
14.2848
13.6415
10.1405
10.8726
10.4482
12.9763
13.8769
14.7743
13.4631
8.23214
8.44438
12.732
10.0418
11.1938
10.3349
10.6351
7.96212
12.963
10.4568
7.63599
9.63541
9.50975
8.82909
11.6486
12.6433
13.9693
14.0287
13.3575
12.7546
7.30784
14.0326
11.2605
10.8992
9.91494
13.4024
13.3006
11.0865
7.76471
14.9403
6.4124
12.5329
11.3003
14.2228
12.8966
12.4571
13.7499
13.5128
13.3133
12.4097
12.7897
10.948
10.8787
11.668
8.43519
9.45053
5.26302
9.90834
14.536
11.0647
14.9383
11.7222
12.2967
9.54346
13.6692
14.695
10.8901
13.5471
7.83568
13.4212
6.83648
14.1106
12.8114
6.35439
14.1074
8.80355
11.4423
14.5736
12.7941
11.7809
10.4306
4.12314
8.90308
14.3032
13.1233
13.0492
10.8326
11.436
10.0174
8.62569
6.62454
10.0374
14.1378
14.5508
10.7186
11.6138
6.89043
10.9193
13.6541
10.357
10.0266
13.3513
14.9113
11.866
11.8869
13.0015
11.6924
14.6133
14.2277
13.4858
8.20343
12.6871
10.9005
14.3427
12.4431
12.2882
10.2725
14.8995
9.50686
11.7994
11.7408
13.3715
13.44
10.0695
13.7707
9.86954
12.0884
9.97143
9.76594
11.3809
13.2136
11.7406
14.9139
13.3009
9.55908
8.80763
9.10878
4.09387
12.7665
10.0386
13.3347
10.2483
9.72168
7.29259
10.9528
10.9182
13.833
14.6867
8.69803
13.2333
12.3069
10.2103
9.58955
13.8019
14.1206
13.2347
10.1508
10.1474
10.7069
11.5264
10.5387
12.7014
12.2474
12.6415
11.2994
12.2175
14.5177
10.3096
13.7436
12.2968
13.8795
14.0351
12.3461
10.7851
13.27
13.4825
11.9503
12.7414
13.5376
9.26487
8.95106
6.88197
10.274
14.1017
14.1861
13.58
12.3625
12.5463
8.60009
6.02701
13.4143
14.645
12.011
12.3015
11.5449
9.37954
9.4439
10.7894
12.1989
13.3297
14.1302
12.8848
11.2753
12.8088
12.9846
4.72696
7.47096
8.95014
7.15286
10.6666
12.4638
11.9851
14.3519
12.0002
12.1199
14.9032
13.04
9.19808
14.226
13.3914
13.8141
14.1872
11.525
14.8499
14.1677
11.8518
13.1083
12.7378
9.05494
12.9096
12.5092
14.8089
14.85
13.11
5.84858
10.1588
14.8418
6.1389
14.3361
10.594
14.0943
12.4426
11.7165
13.0002
14.2717
12.8811
13.4995
11.6733
12.9227
13.8588
13.3282
11.1188
14.2462
13.9043
6.65545
8.6832
5.93915
11.3232
10.9542
11.0347
14.9031
14.4756
14.0536
6.58988
12.7267
13.0627
14.074
14.1027
14.9965
9.78198
10.4474
9.0235
14.0832
12.9694
13.1979
13.1812
13.9409
9.87345
14.4703
10.7569
13.1101
11.1557
13.3051
9.94011
11.0956
10.7422
14.672
11.95
14.9177
11.4682
10.8214
12.7469
13.5212
14.313
13.4959
6.29296
4.93083
6.64611
10.1864
13.6014
7.1857
11.2774
12.0998
10.6781
13.6987
14.5336
13.271
11.1027
14.3808
14.5188
9.3456
10.2771
12.9639
13.8801
13.0694
13.6476
9.5516
12.1262
10.7009
7.5618
10.6392
14.1458
12.3834
10.2227
12.7254
14.8663
12.9426
14.2792
12.4201
13.3439
13.7615
11.7387
10.6089
12.312
14.3958
12.8527
10.7454
13.0945
13.4394
14.2599
14.7962
12.8232
8.92564
14.6545
9.68014
8.86781
14.4927
13.6029
9.93748
11.7205
10.1872
6.55384
6.0982
9.81409
12.6227
9.84818
5.27643
12.9164
11.0501
14.2667
10.2249
12.127
5.64341
10.5746
14.4469
10.0791
11.5895
11.992
13.6494
14.8956
12.9035
13.8545
14.9375
7.60664
4.42474
12.37
13.4992
13.3844
13.3703
11.2397
9.84303
14.7347
10.6629
12.9096
10.8549
11.594
8.30724
14.3408
11.9282
7.73969
12.3243
14.9841
13.8302
9.09108
14.9941
13.2119
10.3905
8.12356
12.9666
13.7849
8.12414
12.6118
11.2972
14.6622
11.951
6.0114
10.3808
6.22632
6.06914
13.1045
6.09596
14.4328
9.85345
10.055
14.3863
14.5482
9.97189
4.74941
6.04801
11.9199
8.44988
14.24
14.4502
12.628
14.1939
7.66904
10.0018
12.9568
13.8883
12.5284
5.99174
7.32399
13.5667
13.9383
11.4967
11.8645
11.9355
13.0081
13.5136
14.8864
11.4131
10.5029
10.9404
13.6378
12.6507
14.2538
8.39708
13.2958
8.62508
11.165
11.8171
10.4943
13.1474
7.61118
11.2892
6.03381
10.2297
10.87
5.7712
10.677
12.0056
11.297
14.0986
12.6452
13.3312
14.2516
14.0921
13.7366
14.1132
10.5134
9.51185
12.5804
9.91044
11.8209
10.729
11.4
8.31488
9.68931
8.73176
13.5962
10.6302
10.9707
11.6696
11.8576
11.2446
10.4025
14.4853
14.5877
12.5074
14.9472
14.0952
14.4858
12.4849
10.4849
12.4172
6.27076
12.3943
9.97397
9.86073
11.8418
14.9756
7.02648
9.56091
13.4894
8.27664
8.8203
10.7607
13.3223
11.8049
12.4054
13.6139
14.0655
13.0187
10.5392
13.2441
13.5105
8.33438
14.5472
8.40457
14.1258
11.0347
12.2429
6.39539
13.5572
13.9165
10.7131
10.8887
10.1595
5.64353
11.2076
13.4231
14.3455
13.812
10.0753
7.57842
11.9825
13.6758
13.6723
12.5886
11.3854
11.843
11.7458
9.15518
14.442
10.5065
9.57491
13.5931
10.869
13.8426
14.8078
8.52257
11.4799
14.8086
12.8735
13.876
12.118
9.18537
10.383
14.268
12.7158
13.9975
13.2105
14.7126
11.9063
11.36
12.1528
10.3229
9.28557
14.4988
10.1341
13.0165
13.6599
10.1132
14.62
14.9357
13.3098
12.0117
9.66413
9.39284
13.8149
11.7433
12.5673
14.7152
13.2813
11.6662
11.7583
14.4386
9.76679
14.7686
13.2396
11.5429
13.4185
13.7604
12.1102
10.6429
12.9477
10.7426
8.4085
11.3424
12.395
13.5585
12.398
14.6208
14.1976
11.459
14.2241
5.67036
12.7568
14.7343
6.2018
6.16297
10.0996
14.2258
7.12798
11.3722
8.971
5.98147
10.1272
8.72976
11.2373
14.2576
11.6213
10.2048
13.3345
14.0657
14.128
13.1938
10.1644
5.11232
9.2731
12.7105
13.6267
14.6341
12.2288
13.0043
8.29781
10.805
12.8471
11.0467
12.4731
8.28923
12.7319
5.14561
14.0114
13.7422
10.9835
11.2296
12.4383
14.6374
6.16006
14.3008
10.3633
9.60922
13.8482
12.3483
14.5934
9.71215
13.1077
12.3437
8.44679
13.6593
6.17863
11.0559
13.8098
14.7998
14.8621
14.6197
12.0391
13.7828
13.3279
11.9879
12.1785
9.20186
13.7433
13.6448
10.8275
9.66279
8.69405
8.7141
9.81468
14.2129
7.15668
13.292
13.9445
9.39806
14.2396
6.97349
14.0066
14.4416
10.5748
14.0347
13.6091
6.00789
13.8566
13.6418
14.9554
8.30653
5.4786
14.9509
14.2162
10.4675
10.5898
11.7871
9.46455
10.6798
14.187
9.13779
13.7266
13.0254
14.1038
11.8141
14.8519
12.5614
13.2902
7.70686
7.28947
14.5839
13.1753
6.00011
13.2951
14.7225
13.0551
10.6994
12.0579
8.29153
13.7185
12.5873
5.60569
14.8913
11.0281
13.4422
14.2149
5.76469
14.0297
11.2062
12.7095
11.3311
14.7218
12.3578
10.4034
14.3813
14.0258
11.2326
8.15988
10.9617
13.9571
12.2629
12.792
9.90332
10.7859
13.0534
9.07903
8.782
5.07736
7.79462
14.8365
9.04693
11.1725
11.0595
8.46232
14.7492
11.3881
11.0186
12.2957
9.12505
13.0708
12.8174
6.72274
12.7524
11.3312
5.24993
12.5702
6.64904
11.3814
13.6543
10.7345
8.27824
5.39704
5.95281
10.6809
11.4579
12.3349
10.9986
12.5732
8.69475
13.6205
13.6353
11.5079
9.14315
10.5119
10.7761
12.6218
13.7804
8.73924
7.91551
13.9789
4.54383
10.4471
6.27545
10.0727
13.6346
5.1588
10.8198
12.5148
10.9424
10.5222
7.69885
8.31493
8.43197
12.5211
11.9232
9.19195
12.5112
9.67102
12.8671
12.5652
13.6346
11.9769
14.4324
13.5175
8.86415
12.0893
13.9843
13.9284
12.4951
12.3226
11.5163
11.6195
12.0653
14.6661
14.2406
14.1765
14.5352
11.7177
10.2969
11.1149
11.888
7.62304
10.3735
9.33505
13.5443
13.1018
13.6954
9.9102
13.0545
13.9335
10.255
10.5875
12.8812
6.21925
14.3093
8.36901
6.23359
14.292
9.35686
9.84631
13.742
10.747
11.9748
14.9042
10.2454
8.97549
12.273
12.8995
10.2636
13.3544
12.9244
13.6566
8.80913
12.5413
14.8978
6.37108
8.96486
11.6056
11.8863
9.8988
5.51574
12.2633
11.1457
10.7068
12.1192
9.58151
14.9143
9.81547
12.8957
6.59413
12.8314
12.62
12.3242
13.0957
11.625
12.6535
11.095
6.31167
7.6903
10.7597
11.7056
13.5536
11.8524
13.3876
6.49469
11.492
13.2128
12.9702
11.924
6.73975
9.48242
14.1277
11.1628
10.2187
7.24763
13.1156
10.4093
9.34454
14.5474
10.3987
9.15278
5.30263
6.44741
10.8274
10.444
8.1379
12.9366
14.9831
4.58626
14.8024
11.8684
13.1942
11.0503
9.64972
10.6742
13.1961
12.0463
14.6168
10.3607
10.1993
11.8658
12.6765
12.8877
8.59101
12.7776
9.54505
9.71738
11.418
11.4914
14.8253
13.8128
11.527
10.9137
10.5563
12.7152
10.876
12.4431
12.4987
13.8165
14.0534
11.4686
6.40889
14.1864
11.5048
11.0781
13.2374
14.9241
14.1392
14.1494
13.7395
14.7029
9.82221
9.19821
12.9991
8.82923
12.6401
8.49248
8.92942
7.94599
9.56247
14.7374
14.657
4.37828
9.41229
13.7578
7.15325
6.02469
13.8166
14.8574
10.2998
11.4257
6.50599
5.28977
10.7626
12.7907
14.2878
8.49617
12.3143
10.5465
11.3987
13.9526
12.3054
8.58637
13.1332
7.47365
12.1597
6.42992
10.1007
10.2383
12.9009
13.6217
7.49452
12.2843
9.79899
8.44453
10.0606
13.8337
10.3043
10.0583
13.1625
13.7048
6.9133
13.1497
8.76138
9.60505
13.2066
11.4503
5.58264
11.02
14.1632
10.6127
6.00755
10.16
11.2972
14.0966
12.104
11.3772
12.2024
5.8429
12.1752
12.6681
11.8786
11.3591
11.9121
12.2558
10.3419
14.5014
5.98551
14.3134
9.92242
10.0763
12.1116
8.56634
10.7556
13.5594
14.124
12.6323
8.68355
9.48753
12.6778
14.5962
11.9717
12.5105
14.4097
12.2116
13.135
12.9441
13.9718
14.8482
11.4919
12.088
14.2502
14.6093
13.0932
10.3067
10.4772
8.76035
6.4738
12.5527
5.58957
8.02246
8.73015
10.9902
10.4316
9.13296
13.7273
10.3198
10.707
11.8163
14.1487
10.3697
12.5788
14.1364
11.4823
9.31043
6.41145
5.284
10.594
11.4231
6.62423
5.59284
10.7947
14.3266
11.4323
6.82796
14.0903
12.1129
8.49461
14.1697
12.7728
8.84827
8.01798
8.23432
9.60089
10.4593
6.06636
9.55122
12.2018
14.6426
9.16959
9.59272
13.7991
14.5887
9.00933
11.1505
8.89054
5.44953
10.625
14.5594
14.6447
10.5442
5.84184
13.3943
14.9315
13.5307
8.1075
14.6455
14.3002
12.4815
8.14423
4.7794
10.2234
14.9064
13.571
11.5416
5.4093
12.7585
10.3684
7.95243
12.8503
11.9791
10.4687
13.3097
13.2896
14.9544
8.56525
10.4304
11.9256
13.11
13.6601
14.8909
13.9331
10.6374
12.8272
14.0655
14.7397
12.4024
14.7199
14.9642
12.3356
12.2183
13.1212
11.6661
12.1489
13.4359
7.79099
11.4812
10.7363
10.885
5.62645
8.98206
14.058
14.5876
8.29898
9.6355
12.186
13.0141
7.02891
12.8545
12.1006
11.1513
12.5922
10.0733
11.5616
14.7019
5.84837
14.6841
14.7003
13.137
14.7341
10.8351
13.0211
7.41783
11.7795
10.5935
14.1486
14.2156
10.3522
13.7135
13.0944
10.2883
14.4723
8.01138
14.0113
13.1285
14.4864
13.5558
12.8889
13.0931
11.7014
11.3976
11.1218
9.56007
13.4545
12.542
13.2204
5.89494
6.23159
5.2304
4.66123
5.37431
14.3567
10.204
8.60186
10.8247
12.2979
10.6968
10.1822
10.8145
13.5394
9.39528
14.937
9.92358
9.94893
6.53199
13.3075
8.16762
11.4006
14.1816
9.1763
12.6042
12.3791
12.3174
14.7053
10.5149
12.2511
14.2196
14.346
8.61123
14.7436
12.802
10.5186
9.04877
14.1982
12.2444
12.8319
11.5205
5.49723
11.9133
13.5412
11.9501
14.4107
13.9693
12.6363
11.491
10.1657
11.5576
13.8954
12.1821
13.8529
13.0703
14.0654
14.1906
12.0556
9.77955
12.2116
14.5168
12.0187
13.6658
14.1416
13.2552
9.87561
9.13894
13.3671
9.64478
12.0474
10.624
9.38613
5.64254
12.1062
14.9631
9.16733
6.73027
14.9465
11.0086
12.9632
12.3304
13.8151
13.7842
12.796
11.8479
12.966
10.8136
5.99108
8.9774
8.21047
9.98548
5.86178
13.4931
9.08611
13.8974
6.85771
14.4539
12.4452
7.30967
10.8494
10.4933
12.1269
14.0592
14.1578
14.0604
5.9383
7.18662
6.87995
14.1103
6.39041
9.89984
9.77201
12.6591
13.2986
13.1166
10.8418
12.6584
7.84772
12.5968
13.2144
9.84866
9.09738
10.8329
14.7513
9.42211
11.0218
14.8164
12.4939
12.6227
14.0485
12.3913
9.08735
14.7244
11.3583
14.4364
10.9906
14.2483
6.60853
6.97592
8.96274
8.95135
12.0357
12.0047
13.4369
13.0852
9.25957
10.4861
6.51268
14.2586
11.6664
10.1496
8.51865
14.6028
14.5183
14.4298
6.74762
12.2093
13.2803
14.793
9.75814
9.21712
9.19166
6.34464
13.1007
8.51268
7.7753
12.2648
7.65586
9.98067
10.0639
9.8397
10.9839
13.9606
6.29204
8.20551
7.39596
11.1037
10.4013
6.04543
14.0071
13.4958
14.1085
4.86903
11.9018
14.8614
10.2595
10.6731
14.2238
13.15
8.80216
8.17015
10.9392
13.7956
10.9509
10.0037
11.0733
10.4099
14.9698
14.9536
5.81811
11.8996
5.85364
10.0731
9.21148
10.4457
10.2687
9.44308
14.8175
10.5183
5.98392
11.5129
12.4673
7.98967
10.7805
6.35345
14.5897
13.3444
6.0316
9.14629
14.8704
12.0354
12.1286
6.4975
11.7898
9.30489
11.6231
8.72224
12.4511
14.5687
13.894
7.04413
11.6542
5.27248
8.62634
12.5654
11.5663
9.738
11.9429
8.29521
7.26636
14.1758
10.7873
10.7525
10.1433
12.0031
14.3107
9.96753
8.92721
13.8468
11.141
8.26998
10.8714
11.2342
10.3263
12.3008
5.5729
11.3732
13.0848
11.0197
13.8881
10.7172
14.0464
10.8814
9.64242
10.5278
9.87047
11.041
6.08873
14.5065
12.7588
9.71527
14.0392
10.9832
14.5621
6.1454
10.1493
13.3892
13.0599
10.3816
12.0218
9.85433
8.83219
9.44357
12.7116
11.9011
9.17045
5.65258
11.1871
8.3878
9.83551
12.2922
14.911
14.168
8.76036
12.6593
5.79888
6.23022
12.7277
4.56841
11.0882
9.73281
11.2469
4.99557
14.6278
6.09285
14.7942
6.07955
12.9963
12.9722
13.3676
9.20796
12.8442
6.055
14.3813
6.0368
9.63804
6.28927
14.2509
7.88655
12.5542
8.35642
14.4732
11.8064
12.302
14.1384
11.4253
10.8778
12.7131
9.35879
5.58903
11.715
5.86708
10.6269
13.3985
14.8771
4.50723
14.7988
10.4567
12.7696
6.53407
9.95836
12.5094
11.0609
9.92212
14.0563
4.54095
10.0632
13.7365
11.5588
13.3318
14.6086
5.79494
14.4222
10.1854
14.0722
13.5042
13.2857
9.91605
10.9337
12.5935
10.4608
6.34216
12.6112
11.1362
14.6996
8.26566
10.166
8.26882
6.28903
9.829
13.367
10.6985
13.7805
10.6692
8.52254
13.3926
14.8715
12.9115
13.8437
10.4252
12.1241
14.9644
10.8453
12.9294
13.4829
10.9596
13.9416
13.0363
10.536
12.5228
11.9306
6.01243
8.34472
8.63408
7.40724
8.59799
10.4685
10.477
12.3407
12.0087
12.0147
10.5633
9.03868
14.9688
12.1655
13.6913
8.47678
11.7671
9.96603
12.3028
12.1425
8.64744
13.7996
6.45617
13.686
5.8175
11.5659
12.722
11.6252
13.3312
10.0893
8.53148
12.0945
10.874
6.07313
9.59648
14.8006
13.2276
9.42438
12.1884
14.1563
6.227
14.0963
10.4293
9.3019
8.53167
13.0402
9.07833
6.87262
9.75173
6.04428
13.3205
8.41647
11.6288
12.3361
13.4131
14.0654
7.15472
12.8613
9.80137
9.32777
7.71697
11.4227
13.2948
11.6885
10.1834
9.98322
14.5997
13.8221
7.77254
10.1394
11.6444
12.8465
6.13721
10.4337
9.92579
12.3488
10.9827
10.6484
9.17951
11.8012
12.667
11.0399
12.4356
13.6249
8.29058
12.8248
11.5916
10.787
14.8726
7.58173
10.7336
9.2692
14.5052
5.75827
14.2631
13.4688
7.93994
6.17521
8.08756
11.5584
11.3212
12.9182
13.1782
10.9379
9.29344
13.8569
13.927
14.3486
13.8732
14.9362
11.0827
13.2475
13.7172
14.1201
14.8984
14.2873
10.4355
13.4604
10.6873
12.0749
9.76436
7.08746
13.4039
13.7354
8.92287
10.5545
9.02269
14.0396
8.76348
13.1674
11.1929
14.0869
4.71133
14.0732
10.3962
13.2697
12.4192
9.07733
11.0017
12.9831
14.8413
12.9881
11.2612
11.6171
13.3981
14.1706
11.8926
10.1414
14.3394
8.94955
13.5735
11.6038
10.7124
11.2605
13.1861
14.2018
11.3407
10.6259
9.7221
8.38375
13.1938
12.826
9.47822
9.60209
8.26796
12.3255
11.1028
13.8536
14.6156
12.452
5.31092
13.5935
10.4794
14.2659
10.8026
14.1931
12.3435
8.36041
11.405
12.732
10.8235
9.649
4.85074
13.2719
4.80505
11.9631
14.6921
7.445
8.96235
9.13676
8.24755
14.3297
10.9342
12.8953
11.207
8.53459
6.98203
11.7265
11.7053
14.9185
10.9998
8.88056
14.8216
14.2858
9.16024
5.69341
8.93589
8.72146
12.506
8.49035
10.5382
6.39985
14.4771
11.6223
14.3926
13.2463
13.2428
10.3
11.4809
7.92732
11.2482
12.4382
9.41928
9.63625
10.4701
10.4396
11.4193
11.9729
14.4732
9.98946
11.2316
8.54193
14.7206
7.01394
12.5258
10.7985
6.42161
7.05277
10.0631
12.2327
13.2307
11.2566
9.74728
13.859
10.0196
6.62265
8.59293
9.95407
9.65455
14.2137
8.54034
13.4243
9.63502
8.15887
14.287
10.4271
10.0943
5.5304
11.6063
9.79473
9.86678
12.6538
13.1249
11.9537
14.0702
8.77137
7.6162
8.46066
7.93082
13.8084
13.945
14.3903
10.7313
7.36531
8.77745
9.78384
13.9746
12.3412
12.336
13.5498
12.7613
12.1933
11.0773
9.8197
5.7557
9.90241
10.0781
5.27967
10.5529
8.44446
13.6743
12.3433
11.6878
9.47357
7.0696
6.67084
8.29648
14.7079
14.6712
8.05602
14.0801
13.198
14.7861
9.94924
8.4798
10.2003
10.0403
10.678
11.4519
9.26361
12.1626
9.07634
7.09652
13.9658
13.5925
13.5057
5.49539
13.1085
14.5576
8.29669
10.2315
11.4788
12.2304
14.8802
11.2128
7.29166
10.1648
12.1375
13.8094
9.06263
6.89928
12.9545
9.94818
10.8068
11.928
12.2839
13.9366
10.136
13.4145
14.6901
11.4146
10.1227
9.90866
11.4529
9.03539
9.48558
8.54528
14.8817
10.9584
13.7127
14.5171
9.81715
10.9631
12.0379
11.6191
11.5743
8.43555
9.8247
11.9145
10.7137
10.3279
12.0908
12.3169
6.9228
14.7712
12.0663
12.7427
12.8844
6.95776
14.2966
6.34548
14.1479
9.42671
7.36948
9.29188
12.4809
13.9741
8.15713
8.10087
13.1529
9.67304
6.57168
11.4101
10.6101
5.7371
12.2272
13.1119
7.76866
12.173
14.7596
14.3572
14.7105
13.7852
14.0094
14.1422
9.69577
9.8872
12.5712
10.0382
13.9319
9.91341
12.4263
12.1891
6.37805
13.4284
10.9489
9.95654
12.4618
10.041
14.2812
5.35577
8.30611
13.2771
12.1666
8.90723
9.52027
13.8027
10.1631
11.1521
12.0204
12.1566
14.1902
9.78901
14.2759
10.7188
9.38918
13.2464
10.5941
9.38702
8.52263
14.1838
10.9958
11.4303
4.95272
13.5144
8.87684
12.5385
9.32535
10.76
11.9475
12.5024
13.6932
10.2736
6.3492
9.95025
8.19055
5.3401
14.9018
8.62569
10.3404
13.9246
10.4647
9.54641
10.1782
14.9517
12.5032
6.07346
8.60192
10.9588
12.3538
14.7727
14.1827
12.1677
5.759
14.8622
8.10854
10.8115
6.57311
5.81268
11.0409
7.71484
5.75409
12.6136
14.0731
12.9491
10.0558
6.53387
6.12918
6.17279
10.8089
6.68553
11.1616
9.39202
14.627
14.8612
8.7034
12.0001
13.1825
9.56546
10.2152
11.6326
13.3624
10.9901
9.60409
14.1365
12.1501
5.02033
12.4833
11.2313
8.73365
14.2315
8.72669
14.5102
12.7443
9.66277
14.9455
11.7492
4.92855
11.2674
14.6554
11.962
11.5655
14.2875
13.3802
14.8493
9.42855
14.1713
10.6488
9.57328
14.6854
7.71055
10.5047
12.3643
9.70729
7.78656
9.78937
10.508
14.8683
11.1132
14.6264
10.2264
11.0193
8.30952
11.8367
13.6745
8.14242
13.7
13.5793
7.5879
13.5686
9.55386
14.6608
12.7945
13.0431
11.3259
10.0373
10.7628
12.1109
11.178
6.02262
9.86992
10.6537
12.4681
14.8488
8.44594
9.868
11.0863
13.8123
8.86
10.8154
12.7705
14.1418
6.32114
8.80277
9.55504
14.5443
14.7105
12.8841
13.082
6.23666
14.4506
12.3964
13.3311
9.13075
11.4363
12.4931
13.3829
14.2596
10.6372
13.6286
14.5618
12.9159
12.7549
14.6764
11.0424
4.01537
8.98726
8.38428
10.1745
10.7333
9.999
4.70767
13.9208
10.9451
9.61351
8.431
12.107
6.10572
11.9392
11.6174
11.2015
9.81731
14.2935
13.8909
13.8039
14.1076
14.7484
12.5008
10.2466
7.24476
13.4524
10.6292
8.54631
6.72061
9.90804
9.84923
7.66771
11.9206
10.762
10.2065
9.68152
14.3163
14.6816
13.2317
14.1724
6.72468
13.4626
14.6076
12.0825
8.38625
14.0462
6.24382
8.72656
9.97873
10.8612
12.1464
13.4281
5.18225
8.45356
10.641
12.0952
13.8666
14.6887
13.2571
5.95631
12.4515
13.9347
8.49666
10.3513
14.5105
8.57249
10.4332
9.57316
14.6958
13.0308
14.1549
8.38156
14.8364
9.93363
13.1993
12.3009
11.3624
13.0352
13.737
8.71057
12.2003
13.9045
8.12593
10.6359
12.8909
14.5274
14.0628
13.9908
7.16301
13.5046
14.3276
7.72634
14.1482
14.336
13.5688
9.49346
9.35675
13.2828
10.0842
12.9495
6.10321
13.5442
8.35958
6.28801
11.3616
14.4105
12.8211
14.1033
7.95193
13.9107
14.2237
12.572
11.7842
11.4346
13.1084
13.3037
7.98458
5.63834
12.8943
10.361
11.2239
10.0914
11.6037
10.8772
9.10316
9.89691
12.3911
5.88448
10.4279
13.4486
6.35027
12.05
14.5656
11.5829
9.24242
11.4663
11.7795
6.77604
5.4022
13.5584
12.4954
12.6347
8.69769
13.4755
11.9688
12.2197
13.2442
14.8781
10.9364
8.9076
12.9226
6.06918
9.84291
8.53219
12.5784
14.9842
11.8528
10.2269
10.2782
14.1502
11.4355
8.42322
9.79882
11.4517
12.9914
11.5913
9.62836
12.9946
11.6809
10.7888
5.26502
13.7282
14.6987
13.3048
11.173
13.2897
4.99371
8.39075
14.4393
14.8518
6.17232
12.197
9.99542
13.9994
11.8866
11.1992
13.5226
12.3439
14.4326
10.2809
10.7599
14.9045
4.46035
9.52901
14.1339
14.6616
9.86676
7.96351
8.76086
9.55002
11.1893
9.8569
14.8349
7.20118
13.8192
9.76011
12.6434
14.4183
11.8439
14.1654
9.4157
9.66017
6.55631
11.446
13.1046
11.9208
6.01416
14.8999
14.181
14.6978
12.0288
7.65198
9.36412
10.8241
12.1311
13.0002
6.32244
10.7416
9.04295
10.576
14.9766
14.239
8.27837
9.71971
12.7855
9.85303
12.2926
14.351
14.7363
10.3675
14.9946
14.8624
13.4286
12.8819
13.9459
8.84469
14.8908
8.41183
11.1665
12.1334
11.9397
12.6245
12.4442
12.278
11.645
8.69552
6.40692
5.42143
14.3521
10.6751
12.6583
9.13118
14.5782
13.8071
8.68277
9.09063
9.01898
13.1281
13.9676
10.4007
5.60065
10.853
7.51531
8.99658
13.2012
9.97476
12.1788
14.0429
14.2218
14.6652
8.36377
6.0839
7.17714
13.8252
11.4727
14.3777
14.297
10.9783
11.5696
9.27508
9.23549
12.6908
10.6666
5.73719
14.7175
10.44
14.6523
14.9202
12.8998
7.2185
12.8719
10.9212
9.88805
11.3529
12.5059
14.1096
4.68541
14.7298
12.6442
14.6258
6.7894
11.4375
11.4915
14.7245
9.03502
11.934
13.8459
6.5185
7.82325
13.1601
10.6253
9.42007
14.2207
14.6022
9.86938
14.4262
10.9629
8.95701
11.8734
12.9328
10.5689
11.5541
5.81022
13.775
9.49264
12.3336
8.67666
12.1336
4.93401
13.1267
7.21617
9.68054
6.83724
13.6011
8.51835
13.0017
4.64112
8.67071
10.9072
10.0828
10.3719
11.0218
12.3412
5.99543
14.4497
13.7538
9.35233
14.4772
14.337
10.3649
9.34334
14.906
14.3361
6.44893
8.4087
9.07665
13.0132
11.428
11.2799
8.94401
13.7891
14.4883
10.0585
14.3834
6.95724
14.3253
14.7589
9.61883
14.5377
9.10841
9.71809
13.4293
12.0246
13.4418
11.9593
11.8524
14.3415
14.3123
10.4168
6.59551
11.6258
7.30105
14.8857
12.0296
14.1034
14.9995
10.9075
12.8161
12.8893
9.1246
11.9088
14.8341
12.2834
6.06601
10.6194
13.6437
10.3992
11.5459
6.18559
14.4777
14.581
6.29564
11.1849
13.8516
13.4181
12.2439
11.5305
10.1943
11.7133
11.3513
14.483
11.4121
10.09
10.9138
8.96601
11.1796
13.0635
10.3665
12.8355
13.37
10.2774
14.7034
5.27396
8.40244
10.6518
10.8292
14.5226
7.20651
6.10944
12.8348
11.968
6.66399
13.1596
14.3222
14.2472
10.0081
12.7044
11.8264
12.9239
8.59766
6.83264
13.8142
14.8268
10.0476
11.0323
9.68749
13.5186
13.4223
12.5439
6.65293
11.601
11.985
10.6463
11.7511
11.5402
13.6871
10.1675
8.56265
13.1856
11.6385
14.1447
12.1561
6.06898
10.9339
11.6207
12.7573
14.1758
6.70963
13.4616
14.4619
12.5841
13.4484
14.0455
11.1477
12.8583
13.6865
11.1826
14.6567
13.7013
12.8764
9.18832
14.2055
8.82595
5.95048
9.9243
11.9806
10.0093
13.9722
8.34713
10.1349
14.155
10.4524
5.85628
10.2118
13.5945
7.32453
9.83334
14.5546
8.49564
8.88908
13.1745
14.524
11.8604
13.794
14.9411
5.21844
5.77603
10.6291
7.4457
10.7263
14.2744
6.19699
10.2116
11.2773
12.5405
6.74366
9.93154
13.7892
14.7737
10.1763
14.976
10.5818
13.2916
14.5916
14.8398
11.7009
11.7147
12.8345
6.73423
10.7435
13.4327
5.24475
11.4916
10.5449
9.90836
8.81235
9.96795
10.3593
14.2456
7.17836
13.7087
11.5865
9.88135
14.1025
11.4066
14.161
10.0282
6.15724
9.82354
13.4371
7.40569
14.0222
11.3243
9.82768
7.19617
7.62944
9.12369
9.99382
13.2921
8.815
11.4341
13.6341
9.38972
14.3207
14.5297
9.2504
9.3034
14.5341
5.61777
14.0196
8.85104
14.1832
13.0351
10.8438
12.6772
14.2026
11.7784
12.4037
9.74207
7.79712
12.2978
14.4576
9.91772
8.46944
5.32305
14.0201
10.1928
10.2153
14.663
14.5517
11.1539
14.7592
8.23131
13.4355
13.5192
8.08282
14.5469
6.62866
13.3121
8.61171
12.8315
8.80552
14.2182
14.1187
14.2791
14.4291
14.913
11.4538
9.20117
5.66117
13.48
13.3708
13.2475
6.39282
14.4047
13.7593
12.0233
11.109
13.4221
8.9657
8.38925
6.96988
14.7679
13.2989
11.5078
6.94277
13.0961
8.82239
8.87123
14.6342
14.4198
8.45065
5.89222
11.1739
9.29775
13.6586
7.16343
8.27971
8.6962
10.2531
12.6642
12.8386
11.62
14.874
13.2555
10.468
13.2281
11.4476
14.7216
12.7551
8.97529
11.4833
12.8156
14.4379
13.3035
8.64861
9.60657
5.75273
10.93
13.0699
8.7794
14.7261
12.2877
13.2923
13.1842
10.3079
14.517
12.4577
8.9934
14.1466
13.0581
14.6931
5.51028
9.06312
12.7479
9.16612
12.0549
11.4855
8.48018
9.66828
11.2143
9.41929
13.8708
10.3967
8.72032
11.6023
9.11858
9.20684
8.99634
12.5654
10.7907
14.2624
13.2313
12.947
12.8294
11.1415
5.4288
6.38557
10.0544
14.6443
13.6401
8.22117
11.5192
10.1804
13.9766
12.1896
12.4233
9.73637
10.8732
7.19177
11.6649
7.43376
7.06744
10.6628
12.6048
5.50996
14.3394
11.4554
10.0762
5.70779
11.7503
12.4118
14.1189
10.2863
9.73451
6.87289
12.0143
13.6436
9.84523
8.97434
11.0652
6.40442
12.1425
11.7055
10.5301
12.8832
13.5543
8.77259
13.9804
11.4363
6.61201
12.6713
13.8723
11.2513
12.2975
9.69862
12.9413
14.1736
13.1565
11.6769
11.0484
14.7335
9.28162
12.1747
10.2634
13.855
14.077
12.0772
12.2226
13.5851
10.4576
14.7968
8.67802
10.5993
11.0914
13.1966
7.09024
13.4304
13.099
13.2849
10.8502
10.9107
14.2842
14.6762
8.85798
13.5211
14.882
14.0904
7.51336
6.85642
14.5991
12.7164
5.32182
12.0581
14.4123
13.3164
7.85635
11.9552
8.38645
13.4063
6.08219
13.2958
13.0485
9.43324
7.76123
10.8607
4.75318
14.2859
11.6049
13.0174
4.72659
13.5349
10.8624
8.38608
13.9456
14.4239
14.9555
10.434
13.4099
9.94035
13.4861
11.9332
9.13474
5.77062
11.7542
10.4021
9.45837
8.70055
9.08628
12.6924
8.31024
8.22414
14.1236
10.0062
10.8142
8.15689
8.59593
8.90375
12.7235
12.5326
14.7687
10.1512
14.4939
12.3214
9.46077
13.3251
8.67137
13.9927
14.2634
12.9067
11.5983
9.38349
13.9595
6.33217
4.78467
14.023
10.0961
10.7848
9.85644
10.0647
4.65979
14.9208
13.0096
12.3511
14.0468
10.5447
10.2902
5.66232
11.5967
13.3046
14.8464
13.4936
11.2639
10.461
13.9783
12.0028
14.0017
13.7383
14.3879
11.5563
5.77658
10.424
12.3606
10.376
13.4733
9.24907
12.6891
13.8958
13.5422
14.2028
6.26179
8.41649
10.0355
14.1717
12.127
9.10652
13.441
12.191
14.7302
12.2405
13.9779
9.27669
8.52647
8.38626
9.92863
10.0244
5.91851
14.7634
12.4755
6.16236
12.7773
8.64428
14.8869
8.64794
13.8462
10.8573
11.9865
5.52916
10.8356
6.58168
11.2471
10.4376
10.4864
9.97646
14.9653
14.8526
8.09385
12.1503
13.8242
13.4396
13.342
9.77919
10.5007
14.4196
14.4211
14.4085
8.69657
13.1239
14.3263
13.3041
14.2699
14.349
13.5761
12.9771
13.9705
14.9435
11.5807
13.9699
12.3858
14.0754
8.725
11.5914
8.51444
6.26517
8.38724
14.5605
5.89441
9.94881
9.84842
13.4056
10.6192
13.0531
12.5482
13.1524
13.9886
8.49754
13.1859
12.9757
14.9202
11.7853
10.3379
14.6174
13.1809
13.6967
13.4652
10.128
4.81829
11.9237
9.96099
12.0081
12.1267
11.3545
14.5089
8.37118
10.9094
13.1578
11.7841
13.8946
13.6941
12.6231
11.9076
14.4054
14.0893
13.9424
13.5782
10.3993
8.80534
10.4867
11.0225
14.5283
11.421
13.6972
9.3837
8.58623
13.7996
10.2723
13.7241
5.59446
11.319
10.622
12.7731
11.2142
11.7675
6.46453
14.1425
9.24608
8.93367
12.9821
8.76268
11.8445
12.253
11.1142
10.5345
12.4464
12.2312
14.6419
10.9618
14.1155
12.2286
13.4007
7.37788
10.1993
14.9462
12.9457
10.1567
10.4569
11.2689
12.1522
14.09
10.5891
4.56209
11.0483
13.5128
9.96839
6.31013
9.94422
8.4399
13.3229
13.0011
14.5846
8.47795
12.009
10.8935
12.6093
13.5574
14.3137
9.52241
13.922
13.3096
13.8456
8.5618
10.8906
7.45267
13.5057
11.3131
13.2865
6.48139
12.6994
10.5044
6.22144
11.8924
14.0183
10.0447
9.60613
11.2087
14.7315
8.93432
10.4614
14.2097
9.3342
14.1201
12.4618
10.0209
11.2102
8.48423
9.29262
8.61402
8.84218
6.21044
8.50601
14.2621
13.1237
10.3331
13.5035
12.5401
14.3706
6.36696
4.51104
6.47335
13.9746
11.9167
14.3117
13.4233
10.3382
12.1923
14.8448
13.5151
8.22449
13.2441
13.3501
8.43432
11.1533
10.4242
9.17511
5.85149
13.0122
10.125
13.0549
14.9598
9.94985
10.615
12.7042
11.1212
10.707
14.9076
10.5258
8.29316
10.6847
14.1286
8.44431
5.95148
11.7072
11.5883
12.7993
10.9019
14.2915
10.3191
10.4209
7.22901
12.9379
14.1289
10.512
10.3021
13.3202
11.3333
9.35299
9.1568
13.1961
14.9108
14.6234
12.3155
12.7632
14.3794
13.1736
12.5201
8.92979
9.52852
13.4296
10.2968
10.5461
14.5264
14.1556
11.2741
13.7689
14.9293
11.3984
10.7469
10.9361
4.44127
10.4444
14.2404
11.4662
11.8901
14.8028
13.2135
13.8086
13.9563
14.0799
10.295
13.7565
8.88413
7.94762
13.5467
14.2955
11.1062
13.8283
12.5548
8.50982
10.3486
11.7994
14.9751
8.10753
9.4755
12.0789
14.7563
14.2072
13.647
10.1604
9.66057
9.48364
6.4912
12.5883
5.9469
9.64914
8.5334
10.0023
13.6861
10.9584
14.3387
10.4527
9.27201
5.48887
14.8407
11.365
7.04077
14.6615
14.7998
9.0482
11.165
13.9195
11.3249
11.2395
14.6362
14.5014
11.2861
14.0923
10.3202
13.4459
4.67932
14.7636
10.6549
9.71246
12.5745
14.4165
11.6191
12.861
14.4503
8.53565
10.4119
6.01085
8.17851
11.3101
14.3673
13.5142
12.9873
10.8918
6.9252
12.137
14.1395
9.37667
11.9992
10.0466
9.5037
5.26946
8.83278
6.25095
12.8845
11.8251
12.5641
11.0965
14.8055
14.1389
14.9682
14.6619
13.4997
5.34591
9.33916
13.7811
13.9591
14.7014
13.3736
14.9825
11.4653
11.2152
14.0028
10.0117
14.4517
14.7138
8.69741
14.7168
9.16619
9.77195
11.4092
11.8751
8.66777
14.4713
11.1387
14.2852
13.9384
10.9518
9.40608
11.7349
8.52685
14.9175
11.548
14.575
9.63567
9.89033
14.8311
8.40187
10.8945
14.2737
11.3589
8.71731
12.4396
8.61468
8.57074
12
6.16163
8.49414
6.38749
10.075
14.3586
13.8734
10.9105
11.8363
12.6604
8.63671
9.58634
8.48221
14.068
9.74619
13.3206
14.2379
10.2677
13.1208
6.2427
13.6242
13.238
13.0897
12.5521
12.5713
8.84118
7.88955
13.2896
10.0282
14.9067
14.0685
8.08026
6.91949
12.8618
13.6914
11.91
12.3583
14.2873
13.5379
13.676
9.1723
12.8902
13.0524
11.2869
11.5892
14.109
7.18636
13.1151
12.0977
11.1895
10.6792
6.69686
6.37347
11.1085
6.53205
13.9744
10.7067
14.9335
10.1202
12.4137
14.6408
10.1778
9.8192
10.4321
12.5579
7.24995
11.1328
12.5736
9.68701
13.9626
13.6976
12.165
12.608
10.1053
8.46878
11.8852
8.91545
12.8906
12.348
13.277
14.8955
9.50956
14.672
8.83315
13.9699
11.8148
14.3277
10.3015
12.8205
12.2372
10.3741
9.45601
13.0859
11.2582
10.5074
10.7586
10.8751
13.4571
12.0231
10.7788
8.88788
9.6786
10.3412
12.5026
13.5558
10.7834
7.65905
9.71603
12.676
11.7807
13.6683
9.62436
14.4048
13.4615
12.1044
11.8611
11.5416
6.01896
14.974
14.3941
8.48695
12.5328
11.9582
8.14355
11.7939
14.8132
10.4982
13.0973
12.3331
11.9323
6.13438
14.3969
13.9347
9.18563
12.2748
14.1746
8.86234
14.0119
10.6406
6.41572
10.4057
13.32
13.9244
13.2527
10.4922
13.1957
10.2678
9.32753
8.34796
12.1306
11.5682
9.9257
8.81951
9.89074
14.061
9.53591
14.467
14.24
9.60083
9.89099
5.93434
9.99377
12.8892
9.97597
14.9575
13.4344
8.6524
11.2886
4.93288
4.03264
13.24
9.83231
13.0484
14.2444
13.6092
12.4145
14.3665
14.4742
8.49555
8.04523
13.3143
12.3317
14.6887
14.3868
14.6481
9.75666
13.9765
11.4092
10.352
7.64959
11.6202
14.6614
13.1669
10.8093
10.783
6.15112
13.1418
10.3794
10.8487
14.2813
10.8856
11.814
14.1199
10.4522
10.1637
5.69272
13.7932
14.2715
13.9048
4.30262
8.43436
5.34175
12.0366
14.4578
13.7151
10.1401
8.48112
8.58757
12.9704
13.6759
14.8787
8.29199
10.2217
14.2727
11.7103
13.5085
13.2853
13.1409
9.82049
9.45657
13.2909
8.39539
11.4512
7.10222
12.671
9.89884
10.5593
7.58234
12.6575
7.55814
4.36076
12.1006
10.6807
8.04001
12.0501
14.029
11.9571
10.272
14.1758
9.25743
9.74348
14.0042
10.5949
14.1118
14.9554
7.10871
11.3567
6.74814
13.3558
14.0659
14.9866
14.8287
11.8361
12.8997
7.88226
8.45168
14.4187
10.4658
14.1936
11.0525
6.28628
11.3722
14.3249
13.9951
8.58437
13.195
9.05226
11.7664
13.0136
14.5683
11.2381
11.7329
8.58888
7.7767
9.25762
9.66897
10.5629
9.81484
10.4846
10.1509
9.91313
13.6395
13.8498
14.8577
10.1742
9.91613
12.5982
13.004
13.8607
14.2841
8.4536
5.34312
12.9548
10.7691
11.2388
12.7516
10.232
13.7042
7.74884
12.0698
12.7206
10.5549
11.9009
8.44325
8.99099
10.7464
13.3748
8.82163
5.40482
14.3402
11.8447
14.8156
14.3928
10.0128
10.1505
4.53292
14.9724
13.5186
10.561
12.8002
9.88159
7.97286
10.6504
12.3162
8.92337
10.4063
11.6033
10.0957
12.2788
10.9032
14.7891
9.81192
12.9013
12.5647
13.4628
12.3544
10.0105
14.2945
10.0787
6.23427
12.5685
14.0026
14.4095
13.9812
14.9452
9.69434
10.5717
12.6555
14.8174
14.5081
6.47855
13.8976
11.0315
13.7371
14.4688
9.92961
8.96352
13.2833
8.86989
14.6241
12.6245
9.87286
10.9288
8.94946
11.6474
6.2968
11.2764
12.9326
12.0291
9.40707
13.9352
10.2076
9.08534
9.58658
14.9457
11.0717
13.3513
7.89881
8.02017
9.73613
13.7152
14.8383
10.4359
12.5642
14.8286
14.7507
12.3517
13.2416
12.1695
13.5314
12.4883
13.0688
10.1429
9.3239
13.8415
12.3243
12.2635
13.2897
12.7005
14.7175
14.2796
14.1808
13.7043
9.60833
13.5505
14.2672
13.8392
14.5811
10.9933
6.37077
9.41575
8.57777
8.16865
13.5061
10.6813
10.3667
10.1067
11.1423
7.6155
8.28237
11.0454
13.982
14.1198
12.1677
11.3405
9.31786
6.51501
13.7125
14.2049
13.5059
12.3098
14.4818
7.86386
14.8508
11.3498
12.3839
11.3402
12.9113
7.8723
14.2386
14.5259
10.5233
13.7935
9.13898
5.70374
4.57942
9.69627
13.7249
11.5786
11.8259
13.2997
13.3873
9.96042
14.7556
8.62497
11.1921
11.0871
5.59046
12.403
9.64587
6.8195
4.91905
13.7524
10.6462
9.51989
10.4308
10.8274
14.8538
12.1251
13.9032
14.1442
4.66177
7.1456
4.55486
9.20372
12.7746
13.4523
11.6061
9.49612
11.6635
12.9193
7.22454
10.2946
7.83508
9.21072
10.1956
13.1249
14.391
11.0157
14.7764
6.24859
13.5706
10.2387
12.1248
5.31235
10.2354
6.67108
12.7727
6.00556
13.2616
8.81497
14.64
13.0828
10.6553
12.7196
13.4419
10.4767
11.4268
8.20753
11.7724
13.6365
14.6735
14.1796
14.8667
14.5786
12.3888
12.4902
9.99685
10.9706
10.4459
8.30871
11.3689
14.8935
13.9471
13.3103
14.3347
14.0895
10.3562
9.92086
10.8016
13.971
14.6223
11.185
14.5066
12.8826
10.1107
9.21751
7.79057
8.49957
13.2856
13.6393
13.1072
11.3377
14.1652
11.8678
13.6605
13.8793
7.94556
11.2726
6.16665
8.96293
6.02873
11.86
8.95243
9.58588
12.3164
13.0806
13.3935
14.8607
12.2574
11.8131
11.9701
12.7275
11.9528
6.51077
9.57764
9.73507
7.58906
14.0117
10.7702
13.1138
6.34959
5.54027
9.67797
11.904
6.72515
13.6907
10.0087
8.60955
13.2382
14.7349
14.0857
12.1351
14.351
13.2697
12.8146
12.5303
5.87519
9.04381
13.7761
8.65832
14.7867
9.46452
4.64815
14.5626
10.768
8.79963
14.731
8.88105
8.47327
14.5173
10.7038
13.9905
9.48706
11.146
10.6313
13.8878
13.6945
11.6629
4.77521
12.7574
12.7627
11.4255
10.8898
9.14695
10.766
14.6442
9.38472
14.4976
7.65184
11.0667
9.74199
10.6334
10.2303
9.88775
12.0722
14.6308
5.79973
13.5232
14.4093
12.2819
14.7856
14.2464
10.0171
12.3574
14.3946
13.0913
14.1961
10.1896
13.2227
7.70274
12.7587
6.30105
8.64643
13.9632
5.90842
12.1076
13.7588
9.73325
10.3174
10.5343
12.5328
11.5963
7.97857
10.1314
10.0034
5.20115
10.7069
5.82325
9.60673
12.5826
11.8271
12.0656
8.47284
11.9501
12.9037
13.3782
11.2434
12.5423
6.16183
10.2038
13.3121
14.9917
8.894
11.7932
13.3025
9.92398
10.1116
12.5353
13.9022
10.3373
14.9649
10.5442
10.2354
9.30158
14.6221
10.9681
10.2968
12.1024
8.51889
9.76408
11.3644
14.3449
13.9601
11.215
14.462
14.7773
6.92686
9.59542
14.1411
11.4459
14.2136
13.5469
11.3749
14.1482
13.2411
10.6699
8.35867
6.36117
8.74888
11.0559
5.68457
14.7598
13.879
12.9499
11.2646
14.8472
11.4194
14.6028
8.21229
13.5357
11.206
13.5116
10.1063
14.2604
12.9762
9.14757
14.3419
9.25378
14.7504
13.3987
14.6684
14.9518
12.2092
12.4951
10.0146
14.3865
14.982
11.5844
9.37053
5.95946
14.3424
14.9485
13.1706
11.8748
14.5795
9.79039
10.6086
14.9129
11.6753
11.8899
7.26534
7.52919
11.118
13.6456
14.1975
14.1981
14.1069
12.6173
13.8596
14.5986
10.089
9.63336
13.3969
10.4776
13.0524
12.8853
13.2478
14.3677
14.1029
12.6572
13.8078
13.4595
11.8331
11.821
13.8954
11.4194
10.8245
13.9332
8.64255
14.5866
13.147
10.2396
13.9766
13.1834
13.056
13.2028
11.1392
11.4175
9.09649
11.7584
12.4803
10.7699
13.0461
12.4846
12.8882
14.455
14.79
13.7512
9.7968
9.24812
14.9508
13.313
9.86052
8.40329
6.00157
4.79934
6.14097
13.8175
6.39332
7.67507
12.4875
11.246
10.6675
10.2723
12.1184
13.075
11.3571
14.9332
10.7952
10.1482
11.7377
10.4283
14.8323
9.66957
14.3701
10.9727
11.3542
10.7364
11.2565
12.7674
14.4302
14.9939
14.0493
10.9919
14.4799
11.6841
8.45394
13.3298
10.5891
9.03643
9.08976
13.67
12.696
8.86845
6.1416
13.3796
14.7051
14.7774
12.2448
9.54893
14.7598
14.7877
14.5546
13.7965
11.3596
11.4341
14.2987
6.50772
10.085
9.68257
12.2456
9.77797
7.45759
12.3186
10.5109
12.6252
14.2857
13.9263
14.2448
8.15128
6.57059
8.30629
14.7412
11.5973
12.423
14.3708
9.24263
6.9642
8.92094
13.9563
11.6656
10.861
8.28783
13.8616
10.8872
12.4023
14.2502
13.8851
13.6884
14.8667
13.8422
14.2594
10.2196
13.125
7.6937
13.5176
12.878
14.7151
14.0792
13.9571
12.1329
10.4654
10.1156
5.91452
12.7376
13.7204
14.382
10.3506
11.6764
14.983
7.0407
11.0515
10.695
10.8746
9.84223
10.995
13.5532
11.7424
14.0182
14.0178
9.51064
13.7405
13.7714
5.41743
9.45336
14.25
13.3938
13.046
9.62953
12.106
13.4632
12.7998
7.84803
12.8835
13.0352
12.3382
12.8964
13.4658
9.88248
9.93107
10.4465
14.5046
12.0722
6.36977
14.0804
12.6285
12.6028
6.74079
9.72894
12.2367
14.5081
10.3801
12.6619
10.9599
12.0876
13.2314
8.67959
14.0327
5.33481
9.50916
12.1362
14.1469
9.68486
10.7744
11.825
9.64719
14.0674
8.69053
8.88766
12.3708
9.65499
14.8329
13.0259
6.09465
12.1813
11.0017
9.37497
13.1807
10.2101
14.1241
13.1613
14.7415
12.1437
12.9362
12.5257
5.99456
14.0271
5.97203
10.0316
8.09985
12.2058
14.1789
9.80323
10.7162
10.1165
11.7468
12.9318
10.2482
12.3511
8.28254
10.5775
7.32513
11.7541
8.99983
14.5702
5.99742
7.11604
9.24912
12.1981
12.5613
11.8534
9.58288
11.9919
13.9314
9.9949
13.9045
13.5024
10.5263
5.4871
9.26517
11.938
10.9587
12.1738
14.7505
13.9737
13.0309
9.42247
9.88927
8.0123
13.2713
5.06502
13.4276
14.7566
11.0312
10.7623
14.2443
13.5771
13.6508
7.79041
10.197
10.2534
12.1258
11.9266
14.9293
12.522
8.35784
13.1302
13.1533
6.63061
14.1841
14.7227
8.62288
6.24166
10.2748
10.599
14.2727
13.6244
