13.3895
9.23912
11.4658
11.8474
10.214
12.1823
14.5154
12.683
14.4158
7.02748
11.0404
6.09038
8.60059
14.1835
9.56174
12.0951
11.5863
9.62045
9.57232
8.44454
8.8131
8.14465
10.7346
12.2735
6.09484
8.3532
10.6053
13.6449
10.8175
10.9949
8.99615
6.51909
10.2795
11.3993
8.68361
14.2284
14.3329
12.0213
13.744
12.6296
13.5056
9.54179
10.2988
7.76391
10.2384
12.3831
11.6229
13.2577
5.40793
13.7436
13.6928
13.1255
9.38566
7.00177
14.1267
12.7944
8.46145
5.3232
13.8879
11.8797
6.11709
12.9476
13.774
14.0115
13.3224
11.001
9.02402
14.2654
9.64285
13.9209
12.5276
13.7417
10.1727
11.3201
11.0832
13.721
13.0052
9.90599
13.3374
11.0261
6.79736
10.2032
9.8066
9.78496
10.9575
13.6889
14.6181
7.02287
12.6998
11.027
7.89887
11.6111
11.808
7.53599
10.6441
9.20661
10.4173
10.7313
4.97702
9.7253
13.2465
11.8246
14.8065
6.78692
7.62586
14.9173
12.1622
6.39511
5.92189
6.09364
12.9423
10.0447
13.547
11.6541
14.0509
13.2696
12.1703
8.21765
14.668
12.5997
9.80123
11.3086
12.5343
13.388
13.7902
9.70127
12.8462
9.23157
12.7187
13.8453
12.5175
6.4881
7.87556
10.1529
8.00159
8.57638
6.00948
14.3711
13.8626
10.0017
14.4193
5.03628
12.0148
14.7622
13.1854
9.6102
14.2507
11.3023
10.0422
13.4518
13.8952
11.346
14.145
11.7923
12.1313
14.0185
13.4216
14.2514
10.0296
12.8021
13.1917
9.22751
14.5984
8.38587
11.7404
10.7162
14.3309
12.3059
14.0137
13.7648
12.5402
9.71765
11.5897
12.9269
5.94889
12.7403
14.7477
6.31783
11.985
11.7425
10.0046
11.2579
4.09309
11.0834
8.88979
14.1165
10.8335
14.4082
12.0937
6.48956
10.4781
9.86004
8.56642
13.5812
8.58474
12.3908
5.0761
12.4796
8.22814
8.30543
8.71202
14.5549
14.2352
14.0353
12.7323
14.862
12.2528
7.75868
12.5823
11.039
13.1756
10.0015
6.08328
10.4494
12.549
9.88702
10.1545
14.2168
14.6808
14.8387
12.7013
12.4868
12.651
9.04595
13.6231
12.2065
13.0647
13.3092
13.0992
10.4541
13.8924
5.11224
9.33323
13.7719
12.0345
14.0164
5.36056
12.3675
7.87748
11.04
8.54527
10.8107
9.11809
8.02883
10.3681
12.6926
14.7684
13.7022
11.7419
7.25718
8.76592
10.2339
14.8332
12.0474
10.3752
12.7929
11.5183
14.3945
10.487
7.68158
10.4574
12.565
12.4435
13.1217
13.2089
12.978
13.6232
11.6809
10.0688
13.2409
5.95322
7.66369
14.2021
10.1269
5.58895
11.3457
9.67453
14.2724
10.4873
10.2947
13.1535
13.6973
11.8078
14.6531
9.16347
11.7404
13.1409
9.43679
14.2365
11.725
5.96458
10.2241
12.45
8.67982
10.0829
14.8675
5.57335
13.1862
9.39411
11.769
11.5203
13.7192
9.29687
6.75275
12.5927
12.3176
9.56756
10.059
8.86469
11.4041
7.50647
5.56504
9.43456
10.7564
9.96887
10.7555
6.61163
8.01692
9.43998
12.49
12.1228
12.3843
11.4006
13.0282
9.86355
7.01402
14.1647
14.2954
14.5901
12.0207
13.814
10.091
5.86076
13.6835
8.73897
8.06299
10.2138
7.92414
12.7354
11.5743
13.5359
14.2102
12.4787
13.7469
14.6117
11.2706
10.1419
11.0033
14.703
9.28071
11.2789
11.2069
14.903
11.8114
10.8608
11.4652
9.4212
12.687
10.0189
14.2734
14.9064
8.26557
11.1862
14.4104
12.7886
10.7751
5.68523
11.5653
5.7919
10.8086
8.86555
13.9055
10.5034
9.59585
12.4946
4.76094
7.69128
11.8783
13.4965
13.0023
13.1484
8.71716
12.3322
11.8195
12.9464
13.5347
14.2521
14.7584
10.529
12.1246
12.1383
12.656
12.4083
14.3785
10.9455
9.51724
8.19326
14.3889
13.0658
8.94792
8.54603
12.34
11.4835
9.91639
11.4983
13.0203
12.6115
6.07476
11.434
14.898
12.7648
11.6328
14.8694
11.2591
9.71622
7.67258
13.5836
13.9826
11.0235
12.3828
13.3638
13.8187
9.02355
14.0847
10.5712
8.62805
13.1524
14.0791
10.5052
12.0551
13.0295
9.72291
12.7462
14.9958
14.5415
6.68501
10.4882
13.833
8.3726
9.04637
8.17305
14.2339
14.4248
11.7241
13.4039
12.1801
14.6779
10.5214
8.37196
14.9163
8.6089
10.6443
8.02361
13.7756
4.52123
12.5199
12.7218
9.00375
12.774
14.7711
13.9436
11.921
12.6821
13.2802
8.15998
10.1058
12.0941
13.1615
8.94964
5.53236
8.44304
13.3886
11.3476
13.5603
14.8494
10.375
12.9406
14.6344
14.1202
5.66374
11.2791
7.34081
11.853
7.36885
9.94489
9.4719
10.6375
7.36548
7.11731
6.98089
8.38949
7.61158
11.8147
13.2458
13.1476
9.70528
10.7209
13.571
11.3996
10.4943
9.81957
8.80043
8.06852
12.6576
10.4323
14.4135
10.6907
13.9829
14.5467
13.8244
9.34635
6.95973
13.027
12.3155
9.46153
10.6612
6.6756
4.61056
11.2863
13.3595
9.05298
13.8256
11.3996
11.6295
9.40842
9.39843
10.0087
13.0246
14.7887
9.88291
11.072
12.2256
11.0383
13.5275
14.769
11.8273
8.73151
11.226
7.64171
8.41483
14.4318
11.9931
10.9825
14.4422
13.6742
8.42577
5.94394
13.0611
13.9504
12.3541
9.5184
9.3265
9.57564
10.4222
13.8483
13.7628
5.69836
6.35798
13.2046
10.8605
13.3389
11.5927
14.5018
13.2824
13.9502
14.6337
12.3004
13.0252
12.3492
11.6231
12.3435
12.5697
11.2292
10.8293
9.02236
5.23126
9.82294
8.12226
8.74063
6.83952
9.2934
12.691
7.45013
6.73447
14.9614
5.54895
11.9076
11.2614
13.0606
13.5443
6.25416
13.1283
12.5973
12.7877
11.3937
13.7414
14.6747
10.1559
14.5755
10.0993
8.42371
6.51866
10.7316
12.2519
10.1806
10.8822
9.74624
14.1017
14.1715
13.9317
8.55114
10.2691
6.64461
11.3636
14.2907
7.27375
13.5703
10.7012
14.9746
8.94197
10.5728
10.1865
12.7705
12.0236
12.1218
6.77223
10.2655
10.229
13.9919
7.34098
9.46122
12.7803
14.0261
14.9701
8.76004
10.0277
11.6383
11.9521
12.698
14.8439
11.2048
7.42857
9.71797
10.0336
14.1272
13.513
9.84675
14.4048
12.5575
12.9739
12.2863
5.57447
9.7678
5.60011
13.5438
12.1952
7.67219
9.75039
11.9702
9.48168
14.5468
9.10999
4.54295
9.82948
13.1214
3.79582
7.50673
14.6834
12.3314
5.90958
14.6574
7.33153
8.28584
13.5168
13.1866
14.9809
5.87569
10.3765
13.4976
11.2262
14.1312
10.5488
5.11411
9.79464
14.3159
13.4982
11.1884
14.2922
10.1183
12.3338
10.6421
14.014
7.85604
8.73895
14.4934
13.7388
13.5717
4.60538
10.8397
13.7195
4.99715
14.2208
11.2702
10.0656
14.5046
10.616
14.0019
13.6714
12.9807
14.4323
8.42331
9.29024
13.5144
14.2868
9.26318
8.6272
13.4515
8.27716
14.4443
13.4898
14.4143
9.14888
10.6883
8.86419
12.063
13.0353
9.48567
12.9555
9.82799
8.90414
12.8389
13.7062
14.5281
13.921
10.0739
11.8442
11.7578
14.9341
13.2604
11.142
10.4025
14.4141
14.2076
12.6819
13.3554
14.5646
12.514
8.45794
8.3159
4.8293
13.3118
11.3182
12.6965
12.881
12.2702
14.7248
7.93136
8.54137
6.89724
13.6116
5.22639
12.6732
11.8209
12.11
13.4589
13.4985
14.7978
12.7048
14.6271
11.5654
10.8187
8.84084
11.5587
11.0894
14.8043
13.3382
13.2105
6.86778
5.25922
13.0234
14.7714
9.12002
14.0955
8.77794
13.4463
9.17789
7.37128
13.6861
14.2818
13.0478
10.8987
9.42652
11.4324
8.98789
11.0244
13.2472
13.8684
14.8462
10.9605
9.69231
10.0138
3.7746
12.0159
11.7228
12.0505
12.0339
10.3576
13.1417
10.0655
6.59942
10.2893
14.9262
7.18982
11.8714
12.5757
10.4427
11.2507
10.6001
9.11483
14.3476
9.07414
8.95452
14.4825
13.9352
10.1593
8.7554
13.8549
10.5788
12.8931
6.87655
8.28849
6.27855
14.3779
12.9645
11.9682
7.53063
6.5619
8.72073
11.95
11.0798
7.35052
8.19488
13.6072
10.8095
14.6252
13.8433
11.297
14.6294
12.0586
14.9889
12.4627
14.4004
12.7152
11.3527
11.7861
9.19052
14.9205
10.0499
12.6027
14.2882
11.7662
11.5795
8.50158
9.73991
14.575
12.7629
10.8057
13.8477
12.6328
13.5798
14.3637
11.352
10.1178
13.3523
13.106
10.6647
9.8769
9.44317
11.9491
9.5557
8.71995
7.25547
10.2657
12.5571
11.8044
12.1653
14.8302
6.51106
10.963
11.031
6.58552
11.7455
13.9232
11.7292
10.9689
11.8476
13.3994
13.4319
8.84876
7.65306
7.83319
13.7805
6.57847
12.0383
11.6053
13.2948
12.9847
9.18428
12.5006
10.1117
11.3555
8.96294
12.8988
13.694
8.38654
13.3475
8.74103
10.4976
10.1504
8.13255
14.5507
9.55024
13.625
5.93028
12.6755
12.8656
12.1521
14.2629
10.669
12.6221
14.6784
6.18191
10.9941
13.7832
11.4985
10.8166
11.8144
7.40639
12.9482
7.99029
12.5473
12.714
7.11674
11.7957
9.70619
9.34795
14.5708
7.26657
10.0027
10.4918
14.0444
12.0098
13.2756
11.0657
13.8612
7.47478
12.6833
12.356
10.9282
10.1288
13.6386
9.15942
9.50434
12.2619
12.6122
11.2985
13.1877
11.7317
12.1135
10.7673
12.1042
10.6399
14.7574
13.6522
12.5317
10.5064
13.8239
14.402
12.8848
12.9648
12.8471
10.0611
14.1117
4.5796
10.0921
13.6283
8.46558
8.85889
12.6449
8.57407
8.89069
10.432
10.4735
9.85917
10.4856
14.8492
10.1394
10.7639
9.75096
13.1279
14.9604
13.1368
12.0773
14.5493
13.8639
12.4627
12.8143
10.5672
13.9543
4.48251
11.1094
7.52939
8.46074
3.93601
8.45861
14.1654
7.72363
10.7336
14.6062
14.2451
14.3513
12.1178
8.74557
14.3092
12.6246
11.9039
8.67101
11.941
10.8699
14.4756
10.7623
10.2739
14.8446
9.87269
11.9086
10.7453
14.0043
14.5274
10.1511
13.0056
13.119
12.9638
8.88896
9.76693
6.44351
12.966
13.1956
13.4389
12.7783
13.7537
12.9441
9.29379
9.62795
13.0396
10.7285
9.2718
12.3966
13.2683
11.6171
10.3702
11.6624
14.0926
13.4841
13.1101
11.0036
13.8224
11.9889
12.1977
14.3665
12.7221
12.2659
13.9385
13.858
14.9576
14.6905
9.76392
11.2223
14.7391
6.15955
6.30368
12.7939
11.0421
9.775
14.0697
12.1905
13.001
10.5146
14.2512
14.6231
9.70753
12.969
7.25008
9.97689
13.7241
12.6843
13.9265
14.806
9.68305
13.2845
12.7753
7.65849
7.63557
12.7632
12.2275
13.5483
9.7381
10.7622
11.8907
12.0951
11.0264
13.3345
9.88544
10.2953
12.0922
12.2958
5.78751
14.3972
13.0212
12.6251
13.6507
11.8422
13.101
10.8805
13.285
13.5143
9.2455
13.2386
10.6002
13.7195
7.84292
13.0121
13.3758
12.402
12.4381
10.6993
12.0993
12.8255
8.47172
13.9478
12.1388
11.9513
10.3399
13.6344
10.4537
7.82829
7.2002
13.3317
12.9551
7.38374
11.7592
10.1675
8.18956
14.5943
12.0637
13.8162
8.61996
11.9904
9.32509
14.2388
10.1225
11.0817
11.6414
5.78535
13.5655
11.2476
9.37778
12.728
11.8081
14.4329
12.8558
11.717
14.3541
12.0926
13.3212
9.86761
9.85329
8.76368
13.2799
4.40432
14.551
11.8688
14.6007
14.8332
12.9371
13.2274
8.83891
12.0457
14.5655
5.67905
7.28454
10.29
12.938
9.712
14.8705
11.9561
5.4614
12.7527
13.9346
14.1959
11.2965
13.273
13.7257
12.0755
14.7664
14.7502
12.2578
10.8977
13.4977
14.0883
14.9083
10.9228
6.08677
13.4905
12.7227
10.1315
9.03351
13.9816
14.215
11.7951
11.0794
12.329
14.5852
8.58727
14.9292
10.7582
11.1605
8.56635
12.1051
13.8426
12.6666
14.0364
11.7076
14.7679
10.2491
12.9569
12.0144
13.4423
14.3662
9.53393
9.46099
6.56589
13.5257
13.1285
13.324
12.4687
14.5099
12.6605
11.6877
13.2634
13.9271
8.42178
13.3628
11.8131
14.8149
13.2922
14.4933
14.5279
11.7445
11.9499
14.6728
13.6536
14.8125
9.97139
11.7958
12.6946
7.43907
12.1654
12.4055
14.6219
9.14504
9.74365
5.99948
14.3383
10.6523
7.85364
14.7041
14.2447
7.07669
9.80932
7.00844
10.1171
14.6303
14.7242
7.31563
14.9837
12.6167
12.2798
14.1834
8.9443
14.9693
12.1692
11.3934
8.70107
13.6674
6.53092
9.91124
6.6855
10.1287
13.1412
9.02735
12.7253
6.30466
11.8659
13.1169
14.2917
13.1566
14.5313
13.1014
6.75668
10.9257
13.4884
10.9674
9.02972
13.8503
11.1523
8.78594
13.9448
12.9818
10.3387
13.2952
5.7984
7.45875
9.54278
13.4673
10.9918
10.8726
10.8894
13.5106
9.97052
10.1575
13.875
14.4214
12.9099
12.1981
9.89657
9.20085
12.4129
13.9841
12.7943
14.0735
12.4685
13.2073
9.82817
13.6231
9.1837
11.1678
9.5507
13.5996
6.92903
13.7447
13.1688
14.0415
10.5463
10.6828
12.7333
13.1617
8.4214
14.4134
8.36888
5.15688
9.05046
12.602
8.02684
13.5767
9.89085
10.9793
10.9452
6.71954
10.2746
10.9479
10.2335
13.8615
14.1077
11.9876
13.0536
12.1263
12.3601
8.49877
14.4961
6.39333
11.2028
12.8907
9.76465
13.1666
10.4555
12.5972
13.069
12.1862
14.004
13.8026
8.98263
11.1497
9.57162
12.8731
14.5364
11.0337
13.8737
8.09518
10.8533
10.168
13.2258
6.5853
5.62737
8.31187
10.7981
10.6812
11.665
13.5898
10.5409
9.69395
14.5281
14.6891
8.68528
13.1742
9.7183
10.3591
14.062
13.6225
6.30119
13.7624
14.727
14.0182
13.6535
3.48446
13.7247
11.5896
9.91369
10.168
11.5868
7.88744
12.9276
8.35559
9.88461
13.1527
11.7566
11.0486
11.0822
14.367
8.99184
13.1767
12.4083
8.84368
12.5674
13.2613
8.85396
10.0756
10.6937
5.49657
12.9266
13.3577
12.3837
7.99784
6.70914
8.52911
8.50129
12.7058
10.0451
3.60863
10.1603
9.93433
9.21442
12.1371
11.2571
14.5517
12.4573
13.7782
12.1397
10.2774
13.0405
13.7028
11.9747
12.2694
9.05405
8.54237
5.80989
9.9097
14.2399
14.323
13.234
12.417
13.0741
14.8655
9.48767
12.5228
10.5177
9.79672
12.8099
9.22449
8.93761
11.5661
13.1063
14.2031
10.9598
11.3395
11.4406
10.2642
14.7698
13.0128
13.9446
14.9766
14.0218
14.3227
12.9229
13.4317
12.1457
10.1971
9.44454
12.2629
12.7899
12.8723
14.7286
11.2759
14.4018
14.5451
12.6609
14.6565
13.3562
14.6785
11.1974
8.90693
14.2788
9.0104
12.6968
14.5193
11.5332
5.86423
6.28142
14.2101
9.13606
14.2144
12.8537
12.112
12.7098
9.29716
14.6138
11.8204
9.77682
13.4212
13.1372
9.27587
6.57464
13.327
13.4288
8.52619
13.4885
10.0713
12.1449
6.48958
12.8627
11.8681
9.76888
9.59794
5.18213
6.39158
13.3605
9.70934
11.157
6.01408
10.6709
12.286
12.3261
5.24882
10.626
11.7867
13.9395
12.2499
9.64442
14.3282
12.5421
14.625
12.3766
14.1387
6.15169
13.0211
12.8513
14.9221
12.1714
13.4589
12.7021
11.3063
13.3889
7.51384
6.0236
9.9095
14.4534
9.31981
12.4218
13.5668
6.52383
11.3818
8.54131
10.3547
7.55694
14.3263
13.8243
9.78473
12.0377
11.4412
13.2941
14.5547
5.73388
8.37383
12.1715
13.4365
11.8823
12.6102
5.65912
7.625
8.92731
8.85725
10.5176
9.21501
14.9037
8.92429
14.9008
13.2356
9.65334
12.339
8.86608
10.0777
10.2672
11.447
8.91949
12.1086
12.5568
10.7089
14.0988
8.26223
14.979
11.3043
13.2866
14.0167
12.7824
14.035
14.0982
12.495
11.8838
12.0059
11.4421
10.4967
8.20338
10.7283
12.9194
13.8446
11.2695
9.21556
9.52225
12.9433
13.8088
12.637
13.4622
13.3166
9.82549
14.5393
13.0029
14.8053
10.2918
7.57737
6.73053
12.2988
8.2859
6.33439
5.74995
12.3795
12.143
13.7099
13.3274
12.4149
12.8732
12.35
10.6995
12.6905
11.3614
10.8964
13.5456
8.17189
13.7795
13.5537
11.4651
14.5644
7.73257
9.07701
14.3093
13.1862
9.93557
13.2282
11.1954
13.8834
14.4665
12.1471
13.5858
11.0447
10.3516
14.4618
12.4689
9.72819
8.81587
10.4378
13.5251
14.005
12.8175
11.0412
13.6512
14.5295
12.867
7.46786
11.8056
12.3533
14.7125
10.0538
8.3053
7.99347
11.7355
6.19027
12.739
13.059
13.9257
13.4282
13.5989
9.77339
12.5111
9.22834
10.5352
12.2504
13.2849
9.95674
10.8618
9.72012
9.56852
14.3554
7.82797
14.6933
7.73168
8.91996
9.07472
13.7245
8.27137
10.2726
12.2866
14.3601
12.7349
12.9878
5.5071
13.4758
13.3679
9.31796
14.319
14.0314
12.6785
13.7314
14.7754
13.0681
8.46478
13.5946
8.88976
14.3834
8.01113
12.4335
7.70033
13.8274
10.725
12.2347
12.8343
13.2554
13.4551
11.344
9.05833
11.6468
14.238
12.5947
13.555
14.9366
14.0471
10.3954
11.6508
13.8721
12.1184
10.6095
14.0557
10.0532
11.5483
10.0865
14.1056
7.46191
13.049
14.0515
5.69297
8.06452
14.2125
10.892
9.63407
10.6203
10.0873
13.1961
11.7335
14.4126
14.0078
14.2085
14.8943
12.0178
9.09901
14.382
13.9662
10.5936
11.7981
10.7844
4.65986
7.73603
10.5047
8.53904
9.06531
11.8256
9.67673
14.7802
9.14283
9.2088
11.4035
9.31004
13.1098
8.79519
14.5457
14.8759
13.1764
8.66387
10.9794
9.75011
11.8292
13.4659
13.623
13.8884
13.0157
13.7605
14.7493
12.537
12.9532
13.4759
8.66084
8.49795
6.10108
14.3336
13.8136
8.85778
9.83652
11.999
13.8067
13.6614
13.7972
9.32139
8.98305
9.38779
9.89817
13.8631
11.4228
11.343
11.4121
9.49082
13.4807
14.1408
12.6987
11.2649
11.6097
10.5132
11.8606
12.5829
10.8704
13.8284
13.7663
12.0878
10.8214
14.8804
11.7405
8.65508
14.4102
12.952
8.49088
8.8971
14.2591
11.2944
14.8428
11.8179
10.0229
13.7765
10.5104
14.5111
13.6094
13.4016
11.7862
8.41495
9.6682
14.4692
14.4069
14.7054
8.8266
13.4669
13.8489
14.4476
8.78036
14.7164
12.5092
14.3899
9.35815
12.0237
8.26708
14.0233
5.70041
12.7066
14.36
13.8775
10.7259
10.2588
6.56177
9.12547
10.7951
12.0171
13.577
13.4696
12.4978
8.96781
10.9791
14.5406
12.7051
13.9752
13.9527
6.24306
14.1887
14.0175
12.7228
9.79379
14.3298
12.0951
6.17906
12.9874
12.4954
13.2919
14.5653
11.5688
13.755
14.1042
7.96864
7.22283
12.6205
13.2573
14.2758
9.0357
14.8252
13.1224
13.9554
12.3588
8.78857
10.0185
11.8417
6.70675
12.9357
12.0826
11.9861
13.8255
13.4803
13.73
14.8233
14.6493
5.76115
9.90103
7.9499
11.9198
13.2801
10.238
14.7471
12.9516
8.94082
14.1688
14.4973
12.7652
4.99489
9.00876
14.6708
13.2631
14.4255
11.6091
10.4466
9.60779
14.4463
8.55974
14.3398
14.9958
7.58526
12.7653
12.6323
8.76044
13.7036
13.4152
4.69868
11.309
10.759
9.57333
11.0878
7.98721
12.7571
8.23566
11.2923
9.09261
13.5676
14.8333
12.2236
14.1258
14.6688
7.95312
13.266
14.6223
10.8701
10.0362
14.9753
12.0246
13.4569
9.64975
8.24257
8.74661
11.8672
9.29993
10.9524
8.91646
11.4827
12.4654
12.8231
12.456
9.46021
6.19146
6.3904
14.1963
7.21308
14.5211
8.75494
14.4359
9.98104
14.9143
8.86273
14.723
13.0651
11.9341
10.4701
14.5797
7.95188
8.53517
5.62093
8.40549
14.8103
11.0685
10.1255
10.3249
8.3363
14.2163
11.2395
9.72668
8.80457
11.639
9.79346
6.48494
12.2604
12.4402
13.8545
12.8551
14.4743
4.94069
6.09152
6.58177
10.8295
13.1004
10.5538
12.8021
10.2727
11.3314
14.7264
6.05979
10.2582
14.1296
8.29571
3.89268
10.0439
11.0179
10.3735
9.85491
9.77057
12.8542
14.7173
14.8811
7.64272
12.6015
8.24214
14.3975
9.65755
9.02372
12.8124
13.5006
14.0793
12.7227
10.6432
12.8417
11.8198
12.1284
11.0015
12.3575
14.42
10.9566
11.3124
10.0404
14.2125
9.44547
7.94809
14.2628
10.1817
9.64103
12.6625
11.907
11.4194
13.3573
14.8492
14.9391
12.0928
8.87897
10.0628
14.9625
11.633
14.8648
6.05178
12.0925
10.5619
13.7395
13.4931
13.2791
11.0487
12.9808
10.663
14.4449
11.0593
10.8108
6.26141
13.7095
11.968
7.76058
10.1423
13.2306
12.1071
10.0282
13.8595
14.8737
11.9075
14.7652
9.98244
12.9261
8.66494
12.4282
13.4106
9.17047
14.0552
10.1251
14.0269
12.713
11.2196
4.18047
10.8138
11.962
4.00854
14.7502
11.3227
14.9476
11.8529
13.5779
12.1658
14.0713
12.1766
14.8158
6.04762
14.7511
11.2662
14.08
4.77314
9.75924
9.29506
12.0358
11.4759
11.2011
8.6532
14.9986
12.9744
12.8551
10.8664
13.6677
11.8541
7.50416
9.46615
13.5184
10.2626
14.8155
13.4144
4.65874
9.53535
10.1587
8.09759
14.8986
11.8423
12.7626
14.672
13.7257
14.1285
10.3692
9.67608
8.07079
13.246
8.9406
7.29172
10.8507
13.305
13.9724
9.49486
8.80197
5.9219
12.8208
11.6127
9.22985
10.1216
6.9589
9.42511
14.1034
13.1637
13.7256
10.7611
13.0907
10.5391
13.9395
12.8731
11.9614
12.5732
14.7747
12.6877
10.0997
13.2415
7.04263
14.8082
14.5087
10.693
11.2059
12.9595
13.3977
11.643
8.73537
8.359
5.72076
12.3909
11.9509
9.25861
11.1399
8.32611
11.7669
14.6839
14.8304
14.1622
14.1836
14.3081
11.7317
9.71212
4.61067
12.9986
14.8895
9.67803
6.4359
14.464
12.8819
5.35159
11.5422
6.3514
14.3379
13.5686
5.70995
13.6752
10.234
11.9117
9.31734
13.2983
11.7989
8.62541
12.527
11.3191
13.2369
11.9102
11.9096
14.7708
14.6744
11.7435
14.5562
11.3368
9.69152
12.1982
9.0349
8.55256
10.971
6.91116
12.075
10.5853
14.2371
8.17715
12.5809
14.2029
13.9008
10.0143
9.86684
11.7326
9.31294
14.2734
14.8543
13.8561
13.2613
14.0554
14.6428
6.97488
11.3822
11.815
10.7309
13.9804
13.1223
11.3834
14.398
12.0863
6.26919
11.6706
10.8967
13.3481
13.4867
14.4983
13.9522
13.1643
5.21466
8.71714
11.1895
7.89618
12.8505
13.0711
9.54941
7.97546
10.2624
13.7808
9.68109
9.50165
14.675
11.3074
11.6445
13.5804
11.2655
11.5833
5.97788
13.3861
10.9449
13.8002
12.453
12.3865
8.25678
13.6685
8.58733
11.5017
12.8229
11.0283
11.0114
9.4674
7.75768
8.66641
12.205
8.68782
8.25244
9.82704
13.7399
13.9882
14.2563
9.40239
12.5349
11.7943
7.43788
13.9433
11.3594
12.9842
12.5531
13.6983
12.2831
11.7985
11.8843
12.53
9.79041
11.4465
9.83453
8.0122
7.01509
10.0227
12.7266
13.126
11.9716
13.5363
13.5866
14.5233
12.6496
11.2451
12.4197
14.9544
5.52699
10.6717
14.0334
14.3204
13.2646
8.53938
13.3259
13.1418
14.4895
10.8839
12.7289
14.8219
12.1369
14.389
11.031
9.36774
10.903
9.77952
11.9511
6.36089
9.64235
10.7309
11.8068
14.8274
14.6084
9.69044
9.1132
13.8977
8.86812
14.7397
13.846
12.6326
10.0543
13.6778
14.122
13.8903
12.6204
10.7724
10.8771
11.5954
14.2534
12.8103
13.2034
14.4611
14.5735
14.3328
14.9988
14.8832
6.19506
7.74358
14.7384
12.4447
10.9489
8.55498
9.79082
12.7479
10.7785
12.6343
11.9613
11.1451
10.3108
12.9718
13.8666
3.43567
11.0581
10.5456
10.0109
11.2457
14.6657
9.72246
10.6303
12.1993
13.7721
9.49047
7.43999
14.7089
10.6485
12.9277
13.9443
14.3192
11.6473
9.31
11.7409
14.2869
12.6497
12.2664
11.9476
11.4156
8.00735
10.7097
13.9514
14.6961
8.83713
11.307
14.8869
12.6708
9.40906
13.9304
11.3922
8.78938
9.95648
12.5894
12.5409
13.9502
14.209
11.8654
12.8615
12.0284
4.73535
10.3342
10.6992
14.0843
8.11003
12.1782
12.1714
10.3679
13.0279
13.7192
11.5913
9.82535
7.64678
5.72089
14.5684
11.489
14.0846
8.66988
13.2145
6.75439
4.11545
13.1249
14.3527
13.8512
14.5232
14.8887
14.8664
14.7835
12.1194
14.8138
14.7804
14.2626
11.2889
11.6431
10.918
11.6703
9.83247
13.9984
12.2201
12.8224
11.1617
14.1295
14.7434
9.28941
13.1319
12.1662
12.5948
13.9106
9.41161
9.24621
7.23639
6.2281
14.0774
11.0028
14.3632
13.0932
11.7058
12.0095
8.22057
9.09969
14.8059
13.2494
6.76324
11.8507
13.0607
8.55467
11.9595
11.6284
11.646
13.4998
14.4505
8.96599
10.8956
13.5107
5.90986
11.7984
12.8282
12.8144
7.28895
8.58746
10.3345
10.2322
8.53176
5.20364
10.5393
14.3409
14.0424
11.0555
13.3649
14.8211
13.7059
13.2499
8.54313
11.6283
8.60182
12.0038
7.14837
12.2935
13.9135
11.8945
8.7582
13.2572
11.1022
13.9308
13.2034
13.064
11.0046
12.508
8.21438
11.5891
10.4296
13.1603
7.51438
9.93989
11.811
7.59215
14.2585
5.65157
12.335
10.2665
9.48993
14.7862
14.4782
14.7329
12.1347
13.7097
12.3786
12.0647
7.15909
12.8912
11.2801
10.8718
13.3719
14.0825
11.0186
5.18894
12.8854
5.35374
10.9379
14.8674
10.6849
9.25081
12.7715
12.6188
10.9863
12.0369
10.5686
14.8534
11.9331
10.9504
8.59039
11.9943
6.57406
12.9416
11.3584
14.5275
8.03766
7.08361
4.31833
8.58088
8.5271
9.88538
14.3554
14.1485
14.1525
12.8635
11.9203
14.4666
12.0405
10.9028
12.0132
14.0913
8.7042
7.03756
14.0431
6.35249
10.637
12.1729
14.1641
13.5368
13.6006
9.58294
7.999
13.0401
12.6927
13.8936
11.5864
13.7647
13.8318
6.4342
8.03756
9.4469
13.2998
10.7118
8.34204
11.4882
14.5533
14.1832
9.45636
12.1043
11.5822
13.9703
14.1462
10.1675
11.7638
12.3026
10.228
12.847
4.92642
10.1571
9.34127
9.02182
7.93119
5.94018
7.78906
12.7006
7.04692
13.506
9.39072
11.6536
11.5276
9.98434
14.1255
12.7576
6.65921
9.84676
14.0009
8.61685
13.9114
12.5911
13.419
14.9207
12.8032
8.89301
10.9766
10.6263
11.4129
9.67844
13.0491
13.4461
10.0181
12.8298
13.5026
13.5802
13.7142
14.5597
14.056
12.4046
14.7841
14.7723
12.1097
10.9757
9.81657
12.144
10.7825
5.57161
13.7773
4.81811
13.2126
7.54126
10.6068
14.0747
13.1339
13.7827
11.1615
12.0676
12.4582
11.259
11.7317
9.7182
11.7362
6.41085
7.8797
8.15923
7.51572
13.0629
9.40713
8.57508
13.3157
13.9574
11.7669
9.74783
12.6163
11.3399
12.0024
9.10325
14.1715
7.59382
12.7452
10.8191
10.4642
11.1493
11.1471
14.5501
11.7845
7.72525
10.2087
7.54567
13.4363
10.3315
6.53797
13.9088
13.8995
13.4949
14.1751
14.3529
14.0863
14.0717
7.55596
14.276
11.9023
13.9702
9.31094
13.2945
11.0531
12.2202
10.8396
9.73359
7.83134
10.967
9.75507
14.7155
14.0961
14.1726
11.0628
10.161
11.0217
13.3454
11.3513
14.2534
13.5744
12.1682
14.9102
13.5453
14.9588
14.6799
11.8801
9.88986
13.168
13.0124
14.5655
12.9423
14.5387
11.8474
11.2313
14.3766
12.1701
11.6661
13.2872
9.08147
10.3423
12.8835
14.5169
14.1086
13.3363
13.2473
10.8383
13.9949
11.5595
8.71201
9.89974
13.7533
10.0512
10.235
11.0637
12.6375
14.2286
13.3494
10.1339
10.1013
8.79785
9.39764
13.2842
13.9796
13.2781
12.5604
5.94368
11.1283
10.0761
11.2606
13.2418
9.48471
13.2919
10.3582
9.15504
8.64516
7.37765
10.2267
9.68054
14.1429
12.6157
11.7677
13.6536
7.50085
6.10456
10.9952
9.45161
13.2907
14.6866
13.6036
10.2468
10.3775
10.6737
10.0158
13.8899
11.4808
12.9645
12.087
11.7347
11.6318
13.9822
11.4764
9.938
9.43097
8.48325
14.9784
9.03926
11.6303
13.3978
13.9101
10.9154
9.88842
10.4807
13.2755
11.407
7.81224
13.1173
12.1467
8.12892
10.8395
9.06104
6.343
13.5113
10.5517
9.36493
14.1951
8.7725
6.36017
14.5441
9.87319
8.24445
11.2353
8.97042
14.1777
6.30068
8.26496
14.093
9.97222
9.91505
14.6789
13.9229
6.99628
10.2483
11.3116
8.80423
14.2773
13.8443
13.3276
12.3696
13.0651
4.21503
10.6724
11.0568
11.4395
12.3701
14.3284
12.3459
11.9202
9.98641
14.2152
10.1859
14.8336
13.4413
5.10615
9.84237
14.5698
14.1543
9.67471
14.9894
13.218
5.54438
10.0073
13.8423
14.8696
11.9545
12.7209
12.2351
8.0692
10.4596
12.0821
12.5769
11.2959
12.9179
7.42995
9.02977
9.07496
9.68788
6.26598
11.7976
11.1364
11.3634
12.7268
9.85216
13.206
12.1345
12.4976
13.7002
9.71652
11.1149
14.3403
13.702
12.1613
6.13008
8.32701
11.0045
14.6407
13.2577
14.8488
14.7929
12.5731
13.2609
13.5308
8.00126
14.8232
11.2481
8.41262
11.8792
13.141
5.25117
7.59527
9.59585
10.0157
11.0145
10.6066
8.73539
11.242
14.2132
14.5781
9.49685
14.0245
10.0646
11.8001
13.439
11.0468
10.787
14.3586
10.5975
13.9068
12.863
14.4932
9.26592
7.33483
14.6054
14.0818
14.8996
13.6175
12.2867
13.0502
7.77732
7.90904
14.152
9.49976
5.21553
14.3725
14.051
13.8174
11.0117
14.3048
10.7934
13.8959
12.097
9.79774
10.6231
12.1053
10.8513
14.9838
10.8875
12.147
10.7398
10.7335
11.7765
12.7685
5.37302
14.9515
14.5731
9.68433
11.6514
6.44964
11.5471
14.1375
13.329
9.60744
10.172
14.3887
12.0691
10.6476
13.5903
10.8854
12.279
13.0923
11.2688
14.5315
13.8573
7.72052
11.2568
12.7428
11.3116
13.481
13.5666
11.1708
8.59196
11.7223
14.6411
13.8737
12.492
14.8856
14.5245
12.1695
14.4025
13.0335
5.32031
12.4511
14.7131
12.8248
10.5868
9.76526
12.7569
14.791
9.03651
13.5147
8.30211
6.16782
8.68092
10.8061
14.6301
12.0542
13.1253
14.3829
10.9758
14.3891
13.7162
13.0637
5.56397
13.5851
11.1792
13.5857
14.7958
12.9512
14.3147
14.9192
10.391
14.791
13.9751
10.0554
14.0403
10.9551
11.754
10.9287
13.4789
10.4878
14.4533
8.94903
10.8113
5.55397
8.90115
6.24162
11.272
11.8847
12.7587
11.5489
12.6137
10.6365
13.0827
11.5087
10.5409
14.9868
6.81667
9.29979
13.9923
13.6963
14.55
11.6084
13.4659
12.3239
9.56064
10.0921
9.77967
10.4202
12.1696
7.86594
11.4418
13.899
6.30759
12.3724
12.8685
9.36158
13.6203
12.3428
10.5823
10.0561
11.9212
12.2625
8.61031
6.13378
11.9545
14.8251
10.582
13.2078
13.2439
13.7502
13.4224
13.3021
11.2667
10.0584
12.2575
12.0802
12.0368
10.0416
10.7413
12.4802
13.5428
13.5248
10.2384
7.85792
6.84142
10.6345
12.4529
8.34403
12.4728
11.3667
10.6102
7.48229
8.58996
12.8498
11.5166
12.629
12.4159
6.34476
11.1697
11.6823
14.0902
12.5201
12.4415
11.8437
11.7983
8.14204
14.3602
12.1361
12.5107
9.27204
12.5793
12.408
13.3793
9.2386
13.6066
10.476
14.5317
4.07496
11.3034
8.85008
14.0653
13.7326
9.49361
13.6427
9.69373
10.1591
8.9107
12.0774
12.815
6.01409
8.37701
8.03794
14.3088
11.2187
10.6587
9.33976
13.8486
11.641
10.9881
14.6628
8.5792
7.88366
10.4493
13.7666
12.0867
8.47918
14.8115
12.9752
7.75079
12.6848
5.83815
12.6569
14.3351
12.8165
14.9977
13.202
14.0066
12.093
12.5786
12.596
14.7417
11.9255
10.8454
8.64253
10.768
9.52141
11.8259
10.7068
10.2429
13.7168
12.3851
12.2936
14.9306
10.3194
7.14017
8.43331
12.8571
13.5619
7.79814
11.9741
14.1185
13.6869
13.4937
12.8043
7.40151
13.7046
14.7051
6.6751
9.07623
14.6173
8.66847
13.7561
14.6866
11.7553
10.438
9.88792
8.141
13.2588
11.8124
14.6815
11.1677
11.1323
9.02776
10.9896
11.0663
13.5317
14.3822
14.4661
13.6961
9.5607
11.8453
10.4911
11.691
12.4573
5.85781
5.62821
13.8147
13.2907
14.6784
12.6773
5.57486
12.2145
12.4205
10.6318
13.0799
11.8475
13.8708
13.6047
14.6697
9.25869
14.8041
13.2458
14.2472
11.4213
7.14597
9.18482
11.7445
11.3416
13.356
14.2657
14.0451
13.5078
9.7411
8.5745
10.7109
14.3673
14.9647
10.1841
4.60825
14.0953
13.453
12.2788
12.0146
11.1853
13.47
13.3279
7.57407
12.9244
5.4977
13.6455
12.7583
9.00956
12.2648
11.7062
6.02486
9.11653
10.8306
7.67663
14.5418
12.9232
9.59347
13.2273
4.386
6.88148
10.1389
10.0753
6.96213
11.6637
6.01876
10.3753
12.5849
13.7149
12.6554
10.5443
4.87163
10.081
9.21564
11.2888
14.2171
13.2842
14.4694
11.3869
11.333
14.6547
8.9134
13.7814
13.8114
14.4182
14.3186
8.41447
6.8125
11.3767
14.3076
8.51625
14.1336
10.5801
10.319
12.4256
14.2743
11.4463
12.949
7.85096
7.35671
12.3635
11.9998
14.7598
13.6186
12.4107
14.6151
13.1275
12.794
12.6437
13.5446
10.4475
12.6263
12.696
13.4752
14.162
14.2237
9.75179
10.5924
8.45381
12.0714
9.28086
10.3903
9.56594
7.81536
10.4087
14.5312
11.5131
8.87779
10.8416
10.7976
9.0997
13.9211
9.62069
8.21352
13.7143
12.6789
12.852
14.3675
10.6097
6.17291
10.3277
10.4532
14.7011
7.84554
6.28133
14.6082
10.3512
14.4645
14.9359
14.2953
12.425
13.7384
9.3903
10.9545
11.6765
8.99891
10.9332
13.953
6.20932
9.11511
11.8326
7.49816
14.836
11.6426
11.3871
8.08767
4.44215
8.02226
4.86566
14.8295
11.221
12.2656
12.0955
11.9663
13.2945
13.1576
13.8926
10.6492
11.127
9.83812
10.7872
9.26956
11.9748
11.1508
12.1463
12.322
9.23818
12.0438
13.1741
11.7772
11.1527
12.207
13.7847
10.2511
13.7993
7.67592
8.9504
12.2382
12.7238
13.1832
8.89718
13.7561
10.6412
8.75432
14.2888
9.57999
9.35209
9.69797
8.82968
12.6166
9.46638
11.156
7.69132
10.6491
9.1815
13.5336
8.33593
7.4403
13.2796
8.82661
14.3913
13.0515
7.75243
12.8369
10.4563
7.92596
4.65799
11.9043
13.3421
3.53044
11.8192
11.7716
7.69019
8.00731
11.3144
14.614
13.7629
12.1889
10.3186
11.0569
10.1201
8.87149
9.35098
10.8447
9.56254
12.8178
11.9928
10.9042
9.64511
14.5846
10.7763
11.7354
9.34637
14.7521
10.224
13.909
11.897
14.5194
9.01528
11.5975
8.57073
14.4564
9.11748
12.6421
10.341
10.5823
12.3594
14.0439
10.4607
10.3335
11.5606
10.1821
12.9279
10.2669
14.6183
11.0726
9.60823
14.1492
9.17773
9.16385
13.4361
14.6507
14.2233
10.4612
5.77147
13.4731
12.4299
9.03844
14.4957
10.5521
14.9351
13.4628
13.7616
11.9989
14.6811
8.65355
12.6285
8.32002
10.5082
11.2119
14.5859
9.72733
13.4763
14.4476
14.9268
7.72789
7.98539
6.07927
12.1796
13.8358
8.57743
11.0189
9.61297
9.32387
8.80605
13.2161
13.918
13.8512
12.1485
13.244
8.65646
14.9123
14.8659
10.3933
8.94971
12.1976
11.9895
12.715
7.83811
10.5745
11.5579
10.0728
14.4214
12.234
14.3446
11.953
9.78518
11.1378
13.0127
13.6673
13.9454
12.9965
8.60827
13.2247
7.91388
13.1101
12.21
13.2008
8.81876
11.6875
9.39773
9.7666
13.8979
13.5535
9.61464
10.7455
11.2987
13.4597
14.9472
10.388
7.64234
11.2074
7.1521
12.5589
11.3289
6.43783
9.54517
11.642
12.4236
13.4465
12.7102
10.7988
5.38096
8.52394
12.5777
9.88829
14.9287
14.7939
12.5356
9.94973
8.62982
14.6062
12.9027
14.7741
12.2127
9.21087
9.83362
12.7467
8.52809
9.9046
14.2944
14.2178
13.2832
8.62763
6.38062
10.2886
12.6797
12.3606
6.91886
13.2172
6.72255
11.08
12.5865
13.8489
13.6105
9.38556
12.1047
13.927
12.3536
13.0999
11.1148
10.2693
10.8067
13.7961
10.5021
14.1513
14.5982
8.93937
12.0955
13.6186
14.3624
10.4542
10.5296
8.07917
14.36
11.066
13.7433
9.91357
12.8258
14.6651
9.59893
13.8284
14.2677
12.7681
13.8178
12.2952
12.7134
8.89248
13.1603
6.37634
13.9913
5.08758
12.3804
8.12913
9.62734
8.56823
7.22018
12.271
7.8833
12.2597
9.16595
6.63366
9.06052
9.01627
7.43051
13.1387
12.3863
10.4298
11.6691
12.8359
10.5963
8.89384
14.3052
13.0522
12.3102
12.848
14.1084
14.2551
11.896
14.4202
13.213
11.4912
13.9958
10.9575
13.7393
10.0348
14.2108
10.2647
14.252
4.89043
9.03618
10.5364
10.155
9.86126
8.64439
11.1327
13.3239
12.5785
7.94545
12.3984
9.21695
13.845
11.8112
5.68408
9.70287
14.4552
10.3856
12.6984
13.0358
12.9694
12.3092
6.92162
7.53458
12.2406
12.3042
5.46462
7.75422
14.1864
8.58837
10.8884
3.90916
14.5437
14.3118
14.8313
11.7078
14.2457
14.9742
14.6732
13.3449
9.03217
13.2745
8.86669
9.7472
8.91899
13.0142
11.391
14.1855
12.4557
14.0406
12.7329
10.4361
8.58145
13.2415
12.8778
14.116
10.6477
8.0402
8.99237
13.9242
11.2523
9.52871
11.753
10.8745
11.9059
13.2953
14.7524
8.7575
12.6172
14.9086
9.89549
10.2297
14.7116
11.2057
12.1267
13.3155
14.4495
11.4597
12.7094
14.4175
10.1553
11.5658
10.7544
8.23647
8.97246
7.85406
12.7023
10.8097
13.4032
12.4811
12.8738
11.6941
7.35703
14.1818
12.6139
8.27902
10.8564
9.55039
8.73149
11.7043
11.3483
6.40658
12.3531
10.5343
12.0045
11.1607
12.2445
8.60736
14.5909
14.6654
9.75877
5.12125
8.74994
12.7259
10.4606
11.1827
14.4958
5.22756
4.51911
13.6859
10.0177
14.5251
14.3571
6.39301
10.6359
10.2363
11.1756
14.7625
11.3238
10.3979
13.4694
9.8568
12.1407
13.839
9.23695
5.72073
13.4001
9.7799
14.1796
14.0914
10.5432
8.06763
13.4253
9.71887
11.4345
13.1776
12.5862
13.2868
9.40498
13.636
13.0922
10.5478
8.92192
11.7046
11.5334
9.2777
11.0775
12.6104
12.5622
9.70355
8.87502
5.93523
7.09682
14.137
11.3352
14.6243
8.30479
14.3762
13.9872
9.63565
7.30421
14.8322
12.7251
10.6779
14.2018
11.2033
9.98732
14.678
9.56222
11.2776
14.9778
11.1203
11.2332
11.5176
5.98328
12.6403
14.5046
9.85235
10.6497
6.79331
11.4801
10.2051
6.85937
14.3262
6.71797
8.88694
6.13524
11.7837
5.12393
10.8746
8.3983
12.1161
9.19205
9.29142
14.252
13.1141
10.4883
12.8474
11.7398
14.0234
10.7387
11.8614
10.8016
13.5192
12.3032
13.4587
11.5611
8.19147
14.6934
8.48225
9.82538
6.2278
14.429
14.5932
3.82232
13.7968
13.7094
11.1168
8.51903
14.3077
13.8066
11.3322
13.2042
14.2957
14.7934
12.0836
9.43638
8.43283
14.5088
14.4603
10.086
11.8127
14.9913
11.1976
8.83941
12.0231
10.9579
10.7361
11.1744
11.752
10.4567
13.6151
14.1595
11.6266
13.7593
9.91243
13.3909
13.6847
12.5826
10.198
11.914
12.3429
12.2263
9.00475
8.92652
10.362
13.283
10.6716
10.6397
4.81688
5.16032
13.5972
11.4595
14.9123
9.52042
12.0855
8.75513
10.3323
13.089
9.78708
14.2638
12.9679
12.8841
13.1269
13.9332
13.0681
8.6852
14.6257
8.70701
11.8471
8.12188
8.73257
6.25041
13.411
14.7655
5.81811
12.1349
9.45653
5.99123
12.78
13.6523
9.56434
12.3677
14.1132
11.0503
7.89904
11.3794
8.53981
11.9076
12.4021
14.9149
14.1517
13.6737
12.2969
12.0762
14.3588
9.74621
12.9267
14.1177
11.5083
14.7503
14.5271
14.0954
10.3296
10.8367
9.3612
11.8986
12.805
10.7454
7.66744
14.995
11.9626
9.73548
12.7401
13.0144
14.5845
12.1426
8.80014
8.68034
9.07282
13.3183
8.27908
14.2105
14.3189
8.4151
5.80854
11.5904
11.2725
8.89252
12.7859
14.4083
8.01159
12.1765
12.8498
11.0817
8.51099
7.87085
9.59303
12.7217
12.8512
11.5657
14.4118
13.0703
14.7283
12.8189
13.612
6.07617
9.18586
8.76898
9.43238
8.43143
11.7209
8.2217
12.2996
10.4686
13.8951
13.0595
14.9899
12.9011
10.2098
4.22507
10.0512
13.7623
14.3704
14.5367
6.96469
12.7988
8.22217
5.53151
5.73092
10.3488
13.3305
11.8314
11.8533
14.3272
12.7559
8.65394
12.9991
10.4625
13.3318
13.2178
13.853
6.30843
11.3124
10.8485
12.6942
12.5877
13.6535
11.2164
14.3962
12.6134
14.2273
14.1854
10.9902
13.7244
11.8884
10.3554
14.8485
9.00896
10.7744
13.8797
9.4244
10.0597
4.99556
13.1078
14.9359
5.04438
5.08511
6.16992
13.7126
11.9253
11.8187
11.5318
10.4189
11.7657
11.9961
7.47886
14.9242
14.9894
12.0297
12.3249
11.2405
13.8921
9.37762
7.25388
12.0758
10.9449
8.88175
10.9984
11.3577
8.82626
13.5289
5.94864
8.30111
13.2858
9.50519
13.681
13.3993
12.9
12.564
12.3608
12.6087
8.90087
14.4135
8.45774
11.4963
13.8476
9.40497
10.5494
8.59323
12.0403
13.0004
13.8606
11.3482
11.994
14.0056
12.8233
12.9837
14.4084
11.085
10.3233
14.3402
12.8483
8.80138
7.38197
14.7247
14.9774
13.9556
13.9795
10.0855
9.43103
13.0953
14.0395
14.9399
8.51665
14.2712
8.7698
11.4181
8.12558
14.0307
8.65658
6.35762
14.966
9.02196
10.3231
6.289
13.3343
12.9758
9.27719
7.74918
8.9586
13.1348
8.44283
13.3949
11.9022
12.7989
12.7362
11.3507
11.7831
11.1776
11.7483
14.7931
13.1879
14.484
10.9812
14.5368
14.7336
12.9752
9.04487
11.9053
11.1454
7.21417
12.2163
11.4877
8.96216
13.9103
10.3336
12.6549
6.29346
10.2053
13.6751
8.82976
6.20562
13.8607
14.2729
10.0949
6.83565
12.7033
12.8288
11.8623
14.5552
12.1228
12.1927
9.67878
14.838
4.09971
12.7084
12.7574
10.0683
13.2572
13.1473
12.7514
14.3085
12.086
12.2394
5.14915
8.70071
11.9273
7.16299
7.02802
12.6491
12.1451
9.27107
12.2851
13.9757
10.8548
11.0547
13.1799
14.0085
6.37122
7.80925
13.3472
13.1103
10.0704
14.4982
14.4343
14.3232
9.38304
13.72
9.18715
5.89573
13.4723
9.68103
14.3281
8.58538
13.5839
11.3519
10.078
10.4279
4.81032
8.91852
14.9871
14.7972
9.22601
14.6108
14.7227
12.1524
14.8301
14.4365
12.0897
9.12024
11.5632
14.5805
11.626
11.5203
10.1338
9.95081
11.741
6.77251
9.34328
14.3405
8.13825
14.2248
13.7109
9.72005
10.0618
12.1152
10.0973
11.0568
12.9374
13.523
8.0475
11.1984
9.72486
13.4544
8.31411
13.5521
14.2432
13.3631
13.6244
10.5244
10.98
14.297
13.8903
12.3836
12.3833
11.4568
14.0282
8.64427
8.44278
10.6896
14.895
7.74622
14.7444
14.8518
7.1593
12.3353
7.45035
11.738
8.8039
8.72389
11.1172
11.2677
8.40718
14.6281
11.9011
7.27218
4.81843
10.4108
14.8051
14.2878
14.6988
9.96115
4.90908
12.2614
7.34412
9.35748
14.6158
14.6471
8.07633
13.2428
11.8593
7.24654
12.8319
5.35068
8.13164
12.7823
5.7779
12.5927
9.98733
9.88896
11.4522
10.9518
10.8145
7.32714
9.23903
8.14026
12.2142
13.5659
14.7318
13.0538
13.0028
11.852
11.5773
11.9514
5.44254
8.47832
5.27461
7.18963
12.5518
12.6431
11.441
9.75968
14.8833
10.9133
8.98173
11.5945
14.7017
13.5517
13.0867
9.0042
10.6746
6.65356
7.62139
10.9594
6.74318
11.4685
7.80523
12.5431
11.4116
10.8555
13.0783
12.2783
11.0159
14.1262
11.3661
12.0727
5.41336
13.753
13.9598
14.3564
10.3289
14.1076
13.1486
14.4445
11.8709
7.14757
10.4881
10.8197
14.6699
9.48788
7.77664
10.914
11.2429
9.56765
10.8419
14.8875
10.3041
8.83263
5.97337
13.9494
12.6726
10.9976
6.853
6.40184
9.20239
8.8625
13.3002
12.2555
14.0349
12.0071
14.1672
10.0018
10.1208
10.5569
14.1211
8.85853
9.22297
11.0851
9.6862
5.04897
12.3242
7.92834
11.0854
14.0872
10.2839
12.1552
9.01948
7.32173
9.78211
13.2528
14.33
7.29857
14.5251
9.17272
10.8109
12.431
7.01904
9.60079
14.0374
8.87245
9.97727
13.6569
11.6701
10.9018
13.6143
11.8926
9.03282
11.3215
14.2599
11.5847
10.2626
13.0954
10.7177
14.2887
14.8331
9.1952
10.1362
5.2697
4.83617
13.7057
13.4281
14.4945
11.8154
10.3472
11.5264
10.7068
10.3956
14.2425
12.1905
6.80188
13.1148
10.1431
6.50947
6.88041
14.4847
10.6317
8.53323
14.0744
8.07898
8.28247
6.15686
11.3255
4.95767
13.1797
10.0388
14.3146
12.6107
12.5126
10.0673
8.10956
6.28628
14.0104
11.6255
8.00121
5.27285
5.3828
6.32255
11.8815
13.004
9.34921
8.4227
14.9136
8.909
9.18157
12.8874
11.3684
13.9187
10.2163
11.5368
14.5524
9.01239
10.2061
13.4771
9.13367
9.51207
10.2626
12.3933
7.92902
7.62602
11.5026
10.1939
13.2087
14.5726
8.99227
12.5814
12.3821
10.7826
13.9961
11.9964
8.67037
12.0136
12.5728
10.4372
12.591
12.6528
8.14849
11.07
7.85116
9.44173
9.76277
7.83399
11.0569
9.54937
14.6487
9.69556
11.1309
7.82403
12.5238
9.70707
7.99248
7.75051
12.5632
12.712
12.8156
11.7597
12.2711
10.6524
11.5228
9.93378
10.0456
10.1254
12.2667
14.3302
9.54913
7.10957
7.54623
14.1913
5.49505
11.8948
10.0949
7.30659
10.8357
7.25716
13.7232
12.1837
13.0123
11.8676
12.6852
9.66928
9.26779
14.8516
14.6093
8.87691
13.974
9.40156
6.85613
12.9931
12.4639
12.5236
12.6224
13.4478
11.8409
9.24428
12.5692
10.3364
12.0247
9.65589
9.06135
12.405
14.9053
9.70727
14.7055
9.63982
9.26011
10.6367
12.1166
14.1204
5.97089
7.82751
9.28187
12.4316
13.8934
12.715
13.976
12.6067
12.006
9.57504
9.07556
11.4495
9.35993
7.97571
12.2268
10.8113
12.2148
12.0711
8.71663
14.0439
6.60816
14.9785
9.78188
14.3284
11.3782
5.17038
7.23851
9.98374
13.824
12.1305
10.9079
9.53324
13.36
9.93928
10.7056
13.3473
10.9485
10.1767
8.73032
9.08375
14.3796
11.7882
5.79311
7.21797
14.0943
10.4539
9.99051
10.7797
11.1277
10.1333
9.57347
9.39418
10.733
12.2531
14.1805
9.1485
10.8271
12.3586
11.194
13.1698
14.6132
10.5364
13.1388
12.96
9.33662
11.2048
12.478
8.20466
7.00919
13.1783
12.6464
14.1115
13.3634
13.1331
14.1403
11.1993
12.7797
14.4718
10.0255
13.619
10.793
14.0052
13.5173
12.7424
12.359
12.9833
14.8649
13.9429
8.89534
11.2982
13.7049
6.40788
11.1496
12.8227
14.7902
4.41039
14.2531
11.261
8.25771
10.1549
8.34844
9.94558
7.53649
10.5056
9.52708
14.7174
8.00764
5.67802
14.4229
8.11939
14.3742
13.4829
13.9862
10.315
10.9486
12.7735
9.89784
12.1096
12.0149
12.5392
12.4148
14.3586
11.1316
10.8475
12.0723
11.4478
11.3075
12.2468
10.6591
13.9103
11.4975
12.7864
10.4276
11.5342
13.1323
10.2346
8.84495
5.57304
10.5496
13.9735
12.7027
13.4164
14.8348
11.6572
14.9259
7.0454
11.5181
12.4377
10.3198
11.7245
12.2835
12.3015
6.09285
14.4434
11.0762
13.4952
7.72897
11.3753
8.83068
14.5602
10.188
11.221
8.29177
14.6748
14.1665
9.91642
11.7713
12.2017
8.26184
13.1332
14.1756
14.7593
14.0041
8.66668
13.748
13.6931
14.9027
7.36812
13.6347
14.2926
14.3908
14.4051
11.2931
13.9034
14.4704
14.7375
10.769
8.58074
11.6812
14.371
12.3981
13.7926
10.0934
12.3785
11.9953
9.3264
11.3342
10.403
12.4368
10.4944
10.9346
9.48357
14.4972
14.5516
10.1514
9.54335
13.2166
9.3122
9.31793
14.4547
14.8891
7.75502
13.9764
13.2566
11.5826
11.6269
11.568
8.91952
5.64373
14.6918
12.1424
12.5256
6.00502
10.511
8.40538
13.4789
13.3803
8.21301
13.6811
13.4351
13.78
14.668
9.33449
14.685
5.9736
10.9493
6.09854
12.1312
13.9365
9.00365
7.06546
12.7341
12.0262
9.08889
13.9507
9.01383
12.3324
14.2461
8.73558
6.68403
12.198
5.62958
13.91
13.9837
9.26351
11.5006
11.1151
9.35373
12.5382
10.1309
14.9495
14.3139
14.1643
14.089
14.5887
8.56957
8.76236
12.191
7.85117
13.7163
11.0377
14.7094
7.79493
12.5191
12.484
13.7713
5.46448
14.2304
11.3815
14.7749
11.6922
9.00921
13.9897
8.93519
10.3259
10.4933
12.8714
7.59183
7.30296
8.70915
9.75628
10.5495
13.1202
13.3478
9.94919
8.73235
5.89084
10.3
12.3594
14.5457
14.9054
12.3243
9.59111
13.0541
9.86346
12.6387
9.29597
13.4239
9.90718
14.3848
12.3653
14.9138
4.44168
11.4216
13.2101
9.45071
9.45251
11.7945
8.66113
10.7833
7.76512
11.4382
10.422
5.63735
9.91136
12.9883
12.6394
14.5947
9.85126
12.1911
14.0795
11.32
14.9107
9.44483
12.1525
13.5561
10.2753
10.1327
13.0396
13.4433
8.09921
12.7818
9.53762
14.3253
11.1785
9.57491
10.1485
12.6346
8.49383
13.0251
11.8358
14.4631
14.0463
10.6887
13.3773
9.0246
8.35684
8.48955
6.05637
13.9683
13.4339
12.9973
10.9916
10.3076
11.9328
13.6976
10.0244
13.798
12.615
13.7425
13.243
8.5512
11.9073
12.1488
10.9238
9.87513
6.81153
13.593
14.0803
7.44613
9.65094
12.6544
13.4415
14.2457
5.50266
13.53
7.48637
10.5123
7.02479
6.93721
12.3824
8.92488
10.7769
10.1382
9.33189
9.4879
12.3581
9.81636
14.5549
12.3361
10.7099
9.07729
13.6059
8.91173
11.5799
14.2582
7.81457
8.6267
13.7029
11.9147
9.16236
11.0007
9.31561
4.92348
12.6543
14.5145
9.53642
9.60205
6.17116
8.66688
13.055
9.86874
13.5721
14.7199
11.0617
9.85981
14.7977
9.77773
9.13669
14.4917
12.5783
14.9012
11.1895
7.99629
14.613
12.2444
12.6304
8.59299
14.4394
10.8742
9.62912
11.112
14.2023
10.2843
12.7932
11.7781
13.5242
8.07511
8.92705
14.6319
9.36726
10.3131
14.593
8.01542
13.5239
10.4109
7.16291
6.21899
8.28889
13.1781
12.8405
13.9101
11.3081
8.18823
14.7062
10.8766
8.00966
8.55095
12.2007
10.9562
12.3684
10.1636
12.5715
9.2691
10.7831
11.5795
11.8635
12.7512
14.1571
13.4435
11.5952
12.8698
12.8482
12.9444
7.04191
8.97734
10.4688
4.57169
12.475
12.2649
11.2895
10.6687
8.54047
10.448
9.27228
11.6493
11.7307
13.72
14.0343
13.9624
10.0696
14.0787
12.2665
10.2089
4.40654
10.8707
12.9853
9.1664
11.1347
9.0539
5.08292
12.8875
13.6758
13.6168
9.00018
12.9156
12.35
12.346
4.29119
14.9141
13.232
6.7559
14.5878
10.6447
13.2388
4.06662
14.5916
8.96498
12.9505
9.41274
10.1445
8.35634
8.17596
14.6761
8.3597
10.7627
14.3435
10.3169
14.5838
12.6763
13.8836
10.3313
11.9576
8.92962
14.4143
14.1563
13.6806
9.70797
11.973
6.67969
11.3515
8.74951
11.7388
10.4619
13.7417
14.9992
10.7038
7.5268
10.2112
13.1584
8.6599
13.7762
9.47652
12.5506
8.75366
9.65567
10.1972
13.8648
13.6417
11.0613
14.8506
4.34038
14.835
14.3105
5.37435
13.5915
12.6779
11.5182
7.46321
6.47448
10.6625
12.0109
10.8346
8.5907
14.6635
14.977
13.0129
13.9935
10.6312
6.91058
11.4651
5.63321
9.94128
8.08861
14.7589
13.7798
14.161
14.8871
8.06277
7.6617
13.7526
13.7206
14.9533
11.131
14.6903
12.3249
7.73448
12.694
10.1578
14.3685
14.0136
14.7591
12.0206
10.1931
13.2758
11.9432
12.3221
12.5422
14.9083
12.0729
14.9199
13.3301
8.71774
11.8932
11.3062
8.2786
10.0508
11.8134
12.4992
9.71393
6.28813
11.6561
14.9326
13.2534
5.21847
14.481
12.8984
14.4065
14.8376
12.9234
13.4804
10.8973
7.61917
8.76187
9.87005
9.17662
14.6998
10.4844
10.71
8.09291
13.645
10.3429
10.0379
9.69439
13.0034
9.40275
14.9078
7.9545
8.51283
8.24259
13.5625
10.4038
13.7236
9.48672
13.2252
9.91676
8.72844
10.2132
8.00476
12.5151
10.6506
12.3407
9.82043
13.7511
12.5755
7.24576
8.29684
9.67745
14.239
12.3753
8.12505
11.4671
10.2844
12.0978
13.3851
14.7063
14.3117
11.2186
9.64466
10.6692
12.3499
13.9137
4.8322
9.15585
13.1536
14.7387
13.4158
9.84704
13.5833
13.0709
13.0432
10.3952
11.8558
10.8423
9.43748
8.90742
14.2011
11.3249
13.8856
12.6793
13.9186
13.8566
12.8734
12.5102
8.4607
13.7385
12.5439
14.584
14.0683
5.35921
11.0383
12.3531
10.7672
11.0286
11.1309
7.42577
12.353
7.40214
14.0012
10.4815
13.7383
12.3781
13.1588
14.3245
14.9115
9.276
13.8129
14.3721
10.1212
6.91795
12.4697
13.2239
13.3974
14.5496
12.4358
14.1556
10.7409
11.5745
10.3692
9.50441
13.8879
9.58268
14.304
9.2063
11.7931
10.7699
14.9835
11.9843
12.6865
9.01395
10.2214
10.6504
7.01462
7.23667
11.0077
8.97314
13.1448
9.725
10.233
9.83408
11.3862
13.9678
11.4996
12.3133
5.52423
13.9697
14.0411
4.88624
8.63113
8.84947
9.71728
12.5127
14.9025
14.6626
12.4086
10.7559
13.0081
9.12874
9.11385
11.9994
10.4105
10.6452
10.4775
8.69219
10.4398
11.1347
14.4851
11.7725
9.91997
8.875
12.5841
5.53334
9.80955
13.3827
14.6881
7.23495
9.65685
9.06593
9.71691
12.8457
13.5112
13.1757
11.7994
10.225
14.8909
11.0459
13.2288
11.4721
13.6372
12.2002
10.5455
9.85156
13.7593
11.1009
13.9301
14.9543
10.1306
12.5146
10.7558
13.5987
10.9859
12.5335
6.14628
13.4276
11.234
7.27626
10.561
5.70692
12.4778
14.2042
9.16461
11.5814
9.63568
12.7985
11.8297
11.7455
13.2269
14.9537
10.2186
14.2019
10.8624
8.58237
14.4867
9.9227
14.5423
9.8196
9.43162
9.91142
8.91738
12.9511
14.1811
9.72467
12.39
11.2345
13.7116
10.8459
11.2856
11.5804
12.8857
14.7641
8.96647
10.2295
12.523
11.0834
13.7081
9.53717
12.2869
12.6921
14.9133
13.8311
10.1125
8.59384
8.60174
10.0078
11.5163
7.94046
13.5165
14.4541
14.7339
14.0798
10.9563
8.07405
13.1954
10.5481
14.8824
11.3714
11.3461
11.3172
14.3348
12.2104
9.27098
14.4261
11.7986
8.53401
11.5113
14.685
8.81423
11.8549
11.4195
13.0056
10.7896
11.5007
13.9969
10.9418
14.539
13.832
6.24494
11.7277
12.3835
5.5106
6.18368
12.5794
12.2705
5.92861
14.4939
13.3401
9.51348
13.9885
7.78902
14.2321
13.2065
11.0453
14.0856
7.30778
13.423
8.39883
11.1019
13.7104
14.3159
14.4263
9.11068
10.6505
13.5319
10.3369
8.83609
7.23403
9.31357
13.5796
14.4083
12.8818
10.4249
14.9589
12.5324
14.694
11.6913
13.0442
10.7181
13.7064
10.5913
8.53684
5.63712
11.8571
14.296
14.9468
12.24
11.8572
9.9679
10.495
11.8261
10.3943
10.7453
14.4029
12.7915
12.3349
13.1864
11.4805
10.1983
13.861
10.7277
10.759
14.7625
11.0858
10.8704
13.1813
12.4955
6.1598
6.24505
11.3113
14.4532
12.081
11.3953
10.2056
14.4209
7.52734
12.9673
13.9359
8.88193
7.32663
9.91576
14.8677
7.71554
10.0334
12.6182
8.37159
14.4777
13.8819
9.90751
10.7233
14.8743
13.3034
14.5606
10.3186
13.1695
14.2742
10.0283
7.15234
13.8588
13.0831
10.3536
11.7423
9.0842
14.1942
11.9258
10.5356
8.03668
10.5214
9.73973
14.7496
14.6768
14.8268
5.19065
7.61398
9.00908
14.3198
14.4044
11.5855
12.5484
5.06657
11.9586
12.5771
10.6172
10.0911
6.51754
14.9346
8.83088
11.721
11.6887
14.5799
13.6565
13.0192
13.0709
14.9511
9.26478
9.43831
11.5385
14.9716
14.1395
7.77539
9.02601
12.6727
12.3443
14.4604
11.2019
11.7533
11.7148
9.15754
11.2047
9.44946
9.91662
14.1426
11.763
14.2767
12.7373
6.21771
14.0423
13.9606
14.2969
9.76315
7.19128
9.49868
5.22626
14.6959
9.98258
12.6514
12.7158
12.1578
14.3946
5.66544
9.27289
13.8064
11.5328
11.717
7.38837
11.5261
11.4539
13.1775
12.6746
11.2708
10.7726
10.2365
14.6319
9.94285
12.2882
14.9859
12.6954
4.62084
10.7863
13.3783
11.9909
13.3672
14.6398
9.04647
13.8559
10.9078
6.11856
10.3459
13.8181
13.2979
8.8999
13.9897
6.97629
12.508
13.3074
13.3151
14.9772
13.1441
14.8
7.97935
13.2009
13.2389
8.90623
12.2544
13.137
6.79011
6.61936
9.79243
12.6329
14.4761
10.9442
13.9888
13.9462
10.53
12.0354
9.57656
11.9616
11.9652
12.862
11.9851
12.936
10.4511
7.58825
10.859
9.97462
14.7521
14.3213
14.7528
12.256
11.739
11.4665
11.4385
11.1982
14.1344
13.1477
6.43816
11.5057
6.723
9.83604
11.7504
12.614
14.6084
13.1574
9.8897
14.6239
13.1731
11.8877
13.1451
13.4579
13.3264
6.14972
11.7406
14.562
8.61657
11.1747
11.4197
13.2702
8.84314
13.0407
6.03987
7.58457
10.4045
13.4995
10.5245
9.1033
13.6026
6.7482
14.1042
8.70481
7.66299
12.4656
10.4292
9.04185
12.6583
12.3312
8.52297
9.92664
8.55954
14.8768
14.8969
6.53407
11.9984
12.436
11.3016
13.2829
13.3966
12.416
6.15205
10.4326
8.04819
10.329
13.1013
14.5304
5.08773
11.8951
14.1704
9.82152
12.4517
12.1951
12.9755
6.44516
13.7379
11.0127
10.3626
11.977
8.82624
13.0882
10.0554
14.9171
9.04897
13.2065
9.01579
9.43143
14.5932
10.3328
13.8854
13.4801
8.1574
8.45048
10.0863
10.5394
9.93919
11.2233
9.10213
9.62182
9.42631
10.7683
10.6167
9.3635
9.61584
13.0701
7.74419
10.6585
5.5257
5.31186
8.62084
6.04077
12.1095
14.5108
11.3327
12.4177
11.7231
12.4397
12.0941
5.12175
13.0302
8.70261
12.2513
14.0115
11.1012
10.0755
12.5268
12.9039
8.95117
13.4069
11.6444
11.5131
10.3033
11.5126
14.5207
9.13017
12.7085
13.8475
14.8774
14.6432
10.1918
10.3535
9.39055
10.968
8.7632
6.30874
14.6389
10.2451
5.62886
13.0449
12.1705
4.92007
6.85101
10.8538
12.77
13.2057
14.5482
13.7944
12.2501
10.8731
11.5475
7.47436
11.048
11.0143
8.94295
11.9578
9.67161
13.1535
12.9261
13.3122
12.0196
14.4328
14.7564
8.88237
5.08729
10.4938
12.749
12.3577
14.3831
10.7957
12.8683
12.5022
12.5083
10.6094
10.1301
10.9114
13.083
10.34
13.5154
14.591
9.80269
10.6131
14.8181
11.8931
13.4488
12.155
11.0394
14.6626
14.5393
11.7808
8.65474
14.0695
14.595
14.5469
8.52679
9.24768
12.1463
14.1234
9.14209
12.0175
10.1981
5.68856
13.4154
10.1397
11.5708
12.5029
13.2833
10.6782
12.188
14.1851
12.8385
11.5361
13.2291
14.469
6.24433
11.3272
14.2475
12.538
11.3709
12.1665
14.1363
9.11433
9.77141
12.304
12.683
11.9422
11.3836
14.8563
11.3624
13.9399
10.5055
11.0414
8.21897
12.5173
8.75671
10.1918
11.1493
10.353
10.8491
5.11989
6.65109
7.75421
12.5554
4.72909
9.75794
7.09586
13.1963
11.8441
14.9432
14.7722
10.7045
8.50973
13.9043
9.8235
9.05779
10.799
10.9894
12.0717
14.7062
10.3802
13.6224
8.50263
12.8411
8.61138
12.7291
5.67467
6.60621
14.0772
14.6808
13.249
14.586
12.871
9.97256
12.939
8.31297
8.60691
10.1825
13.6324
14.356
10.7421
8.95033
14.1917
10.4131
10.1704
10.9717
7.83831
11.9233
9.89408
5.17573
12.0863
6.99135
12.363
11.2869
11.6009
12.7352
10.4056
11.1844
13.4758
14.1432
12.6174
7.67331
10.6477
10.9612
9.39274
10.4338
6.44091
12.523
13.3365
7.3306
4.94359
9.37006
9.98096
12.5796
12.3756
14.6071
9.28636
7.44497
12.9074
12.211
14.9629
12.1784
8.07632
5.16109
6.32566
14.2599
7.57352
13.9404
8.80494
13.1294
9.33996
13.6473
11.4777
12.9856
12.0441
10.5587
9.11806
5.36407
13.1011
13.1623
10.478
12.8442
11.1692
11.2739
13.5392
14.813
6.15705
8.69899
13.5252
14.0349
11.8595
11.8252
12.5468
11.6906
14.5865
14.0862
12.8073
11.6846
13.3047
12.8715
10.6967
11.5309
9.86684
12.5231
12.0736
10.7527
11.8708
11.7039
8.96782
12.2215
12.2912
9.39114
14.874
7.86908
13.1928
13.9269
8.3009
12.1485
13.2662
9.29228
12.347
12.5212
12.4516
5.06421
13.1777
12.445
11.3513
12.9503
10.3991
10.3901
10.144
12.6939
12.5344
6.81794
10.9174
11.5108
13.18
14.6155
14.2415
12.4056
6.20246
10.9011
11.795
8.69219
7.01043
6.73892
10.6046
14.1033
9.20388
14.8346
13.9817
10.588
13.8915
12.9322
9.866
13.9979
14.0312
12.5999
14.1342
12.2232
11.9297
8.54073
12.9655
9.60389
14.4687
9.97962
8.94734
11.3982
10.2174
11.6379
10.764
13.2546
12.9092
10.4595
13.3118
12.1484
8.18822
10.7022
12.428
13.5351
10.7675
13.0366
14.817
6.89678
11.8838
12.4521
8.37733
10.9848
10.5917
7.3809
8.78524
13.003
12.9533
14.9574
14.7841
12.0879
4.43806
11.7439
14.1187
10.5862
12.2575
12.998
11.9778
11.0788
10.9824
10.4816
9.38684
9.78413
8.68451
12.1243
14.2009
14.8314
11.5087
12.1966
10.5367
12.8987
13.2852
10.31
14.1355
11.765
14.815
14.6053
13.7467
13.2073
8.17204
13.1826
11.8526
13.9686
13.8951
5.83841
12.9716
4.69574
12.6236
12.878
10.8912
8.43825
8.79917
5.07402
12.2773
9.14992
13.1608
14.0688
12.1992
10.3825
12.8165
11.7576
10.763
8.43812
14.0642
14.5542
12.8812
14.3039
14.3776
11.8903
13.8199
10.9603
13.3898
14.8761
8.56845
10.1022
9.82252
13.8734
6.01571
13.542
13.4037
12.2614
8.78608
12.2935
12.1118
14.5127
13.6053
11.9701
11.2723
12.7544
9.67859
12.7691
14.2585
9.50705
13.7869
14.0656
14.3115
12.3878
12.6185
10.9978
14.6773
9.6793
5.49776
11.924
11.67
10.6152
13.9111
11.8435
14.9296
11.8541
9.54127
14.0395
12.0188
5.7779
8.86933
7.1615
12.9266
12.4161
14.8935
14.3228
10.1119
12.1905
5.60637
5.32984
8.59615
5.87831
12.9808
8.85862
13.5904
14.9092
12.0729
11.8453
13.5837
13.2026
14.0163
9.61292
7.20587
12.813
8.242
12.9658
12.2247
12.6085
13.6304
12.3404
10.8356
13.3489
8.36272
9.71552
13.5173
12.9083
14.7499
11.1145
6.63636
11.961
13.5903
9.20179
13.9082
14.5189
14.7355
10.7069
13.7284
8.70702
14.1744
11.6776
12.6802
14.3848
12.6413
12.5412
12.4469
12.1732
12.5348
7.72105
9.7755
9.13683
12.7713
6.24564
11.3155
13.398
10.8208
7.73018
12.328
12.7736
8.42867
12.5677
8.44459
12.5153
13.5886
8.76791
12.4729
13.8176
12.6274
12.8581
11.2781
14.7265
13.7123
11.3861
10.0412
11.9716
5.70537
5.88264
12.2144
12.8915
10.5876
14.5885
14.0886
12.6474
13.497
8.10751
10.1895
5.43484
11.8331
10.6629
9.87715
11.4821
13.2117
11.3362
14.2367
9.241
8.64231
12.6993
13.0744
10.9039
13.786
9.43422
8.74247
9.51406
14.4491
14.9223
10.2495
8.69264
10.5821
12.9544
13.3033
10.4863
13.0211
12.5272
9.15868
12.4906
12.4104
12.0696
10.6203
12.2205
6.12022
11.3879
12.5367
9.72301
10.7192
13.7813
11.8671
13.571
13.9793
12.3535
8.20481
14.2723
11.3459
9.71206
10.1223
13.1056
12.6178
10.7708
10.4748
11.5462
14.8291
10.0256
10.7267
9.17095
13.9474
8.6854
9.82549
10.0842
12.6699
13.3845
9.91811
9.70749
14.3815
7.84154
14.4286
11.0459
13.7962
5.64846
8.84116
10.8166
7.56077
6.69628
6.3764
11.8674
12.077
9.83065
14.623
5.91867
12.4914
12.7189
7.48481
12.9097
12.4395
12.1645
14.562
13.3504
10.0695
9.69748
12.3733
8.94124
11.0845
12.7072
12.2491
8.94835
12.9215
9.44881
12.7003
6.70613
10.9003
12.5347
10.1237
6.98059
11.8886
12.3204
10.7169
9.69044
10.4537
12.3889
7.21409
12.2064
14.0776
13.8219
9.63187
11.8509
6.46327
11.4058
8.72494
11.7789
14.5738
11.2104
12.3473
14.0941
12.189
11.2572
11.6283
13.0871
13.1294
9.89954
14.7661
10.9128
12.1278
11.1439
7.92157
8.33949
12.569
5.93513
14.083
8.6359
14.4772
6.39879
7.42861
10.0144
10.9052
12.3618
10.8523
6.01768
7.83041
6.05366
12.3748
7.50066
13.1056
13.1062
14.9115
8.02119
9.54235
13.2688
11.7377
14.2554
8.11755
12.0324
14.9778
12.2929
11.1406
10.8698
9.91747
12.4696
10.1709
9.62952
11.8753
9.94644
7.9199
6.58567
12.162
9.35776
9.48923
10.3262
12.2405
10.2424
13.107
11.679
11.8324
8.73976
9.65018
12.8446
11.746
9.47402
8.7031
12.1212
10.448
7.82919
7.72419
10.7006
12.3456
13.3735
13.3424
14.592
8.6689
8.80646
7.83076
7.57514
13.8914
9.64161
12.2351
12.4424
13.0003
10.3723
12.9146
10.7722
8.42569
9.17049
13.3129
9.00507
14.4351
13.7856
12.0925
13.8325
9.25649
10.896
12.3824
9.15519
7.92321
10.503
8.90442
13.7624
10.4384
7.67869
9.52598
12.9436
7.00907
9.12152
14.1412
9.4899
13.3195
12.8409
6.07823
8.68012
11.2126
14.7417
10.9163
10.9387
11.3099
10.9511
13.2999
13.1341
12.9632
9.50151
7.4767
5.05898
6.50399
13.3665
8.82281
8.07676
11.1284
13.1335
9.64291
13.6643
10.133
13.66
13.5739
12.2312
12.084
8.29003
8.79377
12.676
14.0927
9.45061
8.13126
12.7266
13.6451
14.7271
11.3669
8.51022
12.2975
12.6738
10.9165
6.04341
12.6361
11.122
13.5595
7.81225
4.58302
7.50037
6.77544
13.0111
7.21877
14.432
12.93
6.1674
11.603
14.6872
9.03882
11.9099
8.77063
11.4269
11.575
5.56231
13.5637
7.65706
14.3732
10.3511
13.1829
10.0001
7.63292
10.8377
13.4677
8.50224
10.2313
12.173
14.2516
9.73145
14.9251
12.2609
11.2906
7.31319
5.8611
6.91199
14.0822
14.3338
13.2897
10.0848
14.29
11.6564
7.93243
13.6001
14.0243
14.2021
14.894
7.90859
14.4023
12.7399
14.212
12.5637
12.3371
12.3595
