8.68617
9.38426
11.0588
14.6641
8.80136
10.2469
12.8582
14.3046
12.4535
9.34526
6.04105
11.3554
14.6924
14.4605
11.2569
9.76997
14.4988
9.98136
5.21462
8.3666
12.4165
7.5924
10.366
14.3561
11.3938
12.9392
10.0258
13.3738
8.58715
7.49485
12.7275
12.8403
7.91554
12.5845
9.54221
13.7186
13.4154
14.5439
13.1101
13.6314
9.92693
5.52432
10.0534
9.63923
12.0405
6.0639
6.24929
7.40197
8.31301
8.791
10.5451
11.2425
8.3102
7.54986
13.4227
12.8454
6.69226
11.0387
12.8291
11.9344
12.9049
11.7494
10.1272
12.5661
9.19285
9.8144
9.84197
11.5722
12.1725
12.105
6.52027
11.4734
12.5976
12.9925
14.0652
10.3221
10.012
6.15001
7.57714
11.0766
11.2032
10.9938
13.9799
12.1381
13.9978
12.441
12.0893
13.7559
14.5111
10.6356
10.6826
14.7524
14.3647
13.7238
12.5312
11.481
13.8793
10.1757
7.50259
10.6353
12.565
11.1986
11.1671
13.741
14.4981
11.6477
9.30667
12.3961
8.06605
7.82354
11.1733
12.1031
11.4387
14.5685
8.13178
11.4618
13.5165
7.48898
6.25051
13.3223
10.0313
10.7006
12.0028
14.3739
12.3861
13.6975
14.2448
12.8181
13.1186
9.71495
14.523
14.1922
13.1617
14.0432
10.5098
14.4759
8.21047
9.66016
11.4476
10.9838
9.95502
11.4566
9.12611
8.6286
8.46785
8.95789
7.08237
8.8292
10.9385
10.9089
10.1346
11.4674
14.5207
14.903
13.53
9.72826
14.5299
8.31991
8.10699
11.6017
12.1738
10.5172
10.6153
10.076
9.70765
9.16285
11.5682
4.72239
12.0812
12.2357
13.6423
14.9084
13.6793
13.8074
10.1974
10.5858
14.4464
14.4204
11.4799
11.4355
10.6871
7.57641
10.5822
8.96696
8.80373
9.65673
14.4011
8.5612
12.9531
11.9664
6.67624
7.21167
11.3477
9.71283
14.4955
14.8061
5.87135
8.36004
14.4504
13.2599
4.90318
8.52651
10.4909
10.3933
13.304
9.29623
12.8729
13.6011
14.6984
12.7459
6.22579
14.879
12.6962
8.96778
12.7429
10.2088
8.13132
10.8879
11.8452
13.3385
8.90038
11.8309
11.6379
11.2932
9.95527
8.62308
7.70064
14.7456
12.8459
10.8247
9.24302
11.0734
9.3628
13.0168
14.4908
8.33464
13.2975
12.5458
11.9684
10.7745
10.9368
8.54984
10.2832
14.4902
12.7596
13.9807
8.33154
12.5801
14.9554
8.10731
14.3312
12.903
11.2231
9.11899
13.0392
13.9632
6.58524
13.1844
9.54804
10.0494
4.98699
13.0528
12.972
8.22602
5.25578
5.86009
10.9457
11.4095
10.79
12.1609
7.02767
13.3998
11.4518
7.34774
9.36128
10.1523
14.3069
11.5953
13.965
10.3229
12.5251
9.20243
12.9709
10.8597
11.4137
11.4658
12.6142
13.1646
14.3262
12.4688
6.94939
13.0959
5.72885
12.0636
10.1098
12.3113
5.98379
8.16346
9.90229
9.48005
12.2058
6.06215
8.57378
9.19494
11.3171
10.1439
11.1424
10.0601
10.4863
10.6124
4.95803
13.4228
8.24475
7.84463
13.5713
12.587
10.145
9.65188
5.07819
13.1904
9.0309
13.8752
14.1701
9.84537
14.6131
8.57174
13.5803
10.4371
13.8428
13.3534
6.30067
8.74918
10.4245
10.06
11.0996
14.6797
9.13826
14.0094
11.139
9.0643
12.5158
9.2276
14.6262
14.0278
13.727
9.88832
13.3706
12.0879
12.2753
7.20481
8.23659
14.4009
9.1976
13.5464
8.80049
11.7919
9.70085
14.1939
11.1938
9.90821
11.9786
9.81452
13.9189
13.7876
14.2164
11.3579
10.6338
11.348
9.52913
11.8551
10.9857
10.341
6.49437
9.33705
12.4543
11.0088
7.52945
8.86995
10.209
7.70836
10.0552
12.1567
11.1808
11.0913
12.4035
13.5465
14.6834
10.1389
14.1478
14.8795
8.32195
10.0786
8.44098
5.83924
12.9287
10.4325
10.3544
9.48343
12.4119
12.191
12.7446
7.99059
13.1278
10.5886
14.1933
11.9231
6.32542
8.40147
12.711
5.5822
14.3324
10.4001
13.6943
12.0481
5.0587
12.7417
14.4183
6.85954
14.4241
8.11036
10.3433
8.81888
7.92487
9.78081
10.0238
13.0411
10.673
11.7665
13.6304
13.221
12.2545
10.5763
13.0024
7.10566
8.83606
11.3939
13.1566
10.6173
9.50656
12.4974
7.47377
12.7625
13.242
12.3237
13.9739
9.74692
13.6716
10.491
12.2166
14.6691
10.276
10.5966
5.04045
9.9708
6.33323
8.75383
13.9338
14.6125
14.4139
9.96865
6.28654
12.62
6.57707
10.9163
14.2969
9.99383
6.23014
10.9466
13.2177
11.3955
13.2985
12.6189
5.15901
10.2032
11.2725
13.4647
14.6703
10.4519
10.0462
14.2532
11.1023
8.55747
13.6313
14.1209
10.6902
9.81794
12.9064
10.4952
8.43316
14.2885
12.241
14.7362
6.38344
12.6858
9.91454
8.06625
8.96257
14.2386
13.4094
8.16067
5.58897
12.9868
10.6083
11.5102
10.2114
8.61709
11.4702
12.7277
8.51688
10.6541
13.4402
14.6615
13.1455
12.9164
14.2533
8.75391
12.828
14.9307
13.1827
12.4619
13.8305
12.2517
8.9714
6.13749
14.4164
11.8683
14.8831
7.95129
14.0407
8.90846
13.4063
10.7322
14.9898
11.8242
11.2972
8.76531
10.1537
9.51948
12.8575
13.2839
12.5232
8.80773
11.1503
10.121
14.6584
9.80438
10.7911
13.0417
10.6091
5.17821
8.11133
10.5191
8.94545
11.3863
13.3199
13.36
12.7114
13.1941
13.6362
10.9386
13.6514
11.9171
8.71607
7.93918
12.6365
6.33177
12.0812
14.4545
11.1353
14.9538
9.30692
14.7016
13.5207
13.6527
5.71703
12.078
5.14886
14.3349
8.59693
8.42344
10.0938
9.04468
4.83998
12.0508
13.4325
14.3728
9.9202
12.2251
7.31662
14.1808
12.2115
9.78935
8.81997
9.4074
9.43843
14.4609
13.6297
11.537
6.66054
12.7534
13.4915
8.93188
12.3083
11.7896
14.4798
9.27787
12.5465
6.25732
8.66914
8.05433
14.8803
12.3114
12.457
12.7482
14.6426
14.1406
13.7233
9.60927
8.26301
5.72096
14.9483
9.87127
8.33992
9.95824
13.2691
13.7703
14.7346
11.843
14.6997
13.9272
11.7321
14.2124
11.4152
12.7513
14.1351
6.90691
10.5975
9.02074
14.4339
11.5456
11.1885
11.357
7.65379
9.82965
10.9893
13.5838
12.016
9.90388
13.4277
13.5432
13.2442
7.13004
13.9233
13.5379
7.06781
10.3792
9.04502
10.8328
14.0019
14.4982
14.3034
11.5463
11.5631
12.5149
9.85326
14.228
10.6523
6.14197
10.6798
9.06188
7.28113
10.7638
11.1146
10.5776
12.7495
10.7369
13.0731
13.8689
8.9636
11.35
14.802
13.8114
9.17852
10.6652
14.4956
11.5906
7.57142
9.37219
13.5068
10.1219
8.73623
8.53442
7.74973
11.589
11.4891
13.0817
12.471
5.31088
14.865
14.2053
7.85454
11.9541
10.4728
14.5402
14.4327
14.3763
14.3412
9.52493
13.8838
13.2954
10.2909
14.0465
6.45306
8.44197
10.2914
9.23266
13.0836
8.53875
8.15984
14.6071
8.977
5.54659
13.7039
11.2716
8.28706
10.1462
11.9182
6.22915
7.91289
14.0193
14.6425
14.9699
9.72851
9.92765
8.75991
14.2198
8.42302
13.8444
10.3142
10.6837
10.7258
8.61528
8.2357
5.7569
13.0466
12.8102
10.3332
14.39
13.0694
12.105
13.2928
12.0755
12.631
11.6098
11.4394
14.1853
6.61118
9.07063
14.8426
12.4211
8.22046
10.2035
14.1445
14.2102
6.94644
13.0979
13.7368
12.7976
10.3381
9.63308
10.7177
10.154
13.2569
12.2801
14.9636
12.4367
6.13801
8.96084
6.17415
10.6144
11.7897
6.72811
14.2441
11.4348
7.46038
12.522
10.8796
10.4531
12.0332
10.0046
14.2473
13.7492
9.8334
13.6749
11.1015
10.6825
11.4168
9.63443
12.0658
10.4976
10.0743
10.5563
9.89183
13.7309
9.24574
12.0575
11.1299
11.172
9.88421
5.20325
10.5193
9.22225
13.7426
9.34153
8.55617
14.6944
13.4927
5.48035
11.1402
14.112
12.2981
13.7228
11.7942
8.76212
8.18385
10.2718
12.5418
11.8681
12.3405
8.66095
10.1574
14.564
12.4094
9.98369
14.1154
12.2757
11.7738
11.5097
12.867
6.8724
11.4611
10.9704
13.6685
12.9934
10.338
12.0132
14.4712
13.7785
14.5757
7.36282
9.46651
13.894
9.14946
12.8231
8.04554
11.5874
13.2766
9.18606
13.4394
14.8228
14.3705
5.9602
10.8122
6.46401
14.6564
14.0747
10.2401
8.72073
9.91535
10.5736
10.2434
14.2575
12.9507
14.2437
10.0451
9.4362
11.8045
9.54628
12.9413
7.75527
13.4947
11.0609
10.912
12.227
10.2981
12.0035
11.3745
8.56923
14.8942
13.2985
12.9555
5.7624
13.3051
9.43053
12.6233
11.8082
10.6023
13.0882
9.69408
14.8519
12.0747
14.4511
6.26465
10.5644
5.61303
12.9333
14.2706
10.4076
9.89081
11.2981
14.6086
14.1322
13.9361
11.4229
9.77119
11.6804
6.26363
11.3939
14.4783
10.8042
13.8431
11.6582
12.9998
14.5674
12.5989
6.04753
11.2501
12.021
6.29229
8.52773
12.2366
9.87663
10.8186
12.1583
11.2349
8.85641
14.0795
9.65199
11.5958
13.881
10.4388
12.2028
13.3114
14.4042
6.20425
10.5156
6.28253
14.0811
11.3835
8.33024
14.5062
8.79434
11.6447
11.3023
9.74891
10.2491
13.3732
6.60256
6.49285
9.45333
11.6068
5.15115
11.7002
12.4299
11.1925
12.6913
12.9598
12.2068
14.1468
14.1712
10.7757
12.8383
14.8186
13.7278
6.59235
8.61426
10.0022
11.5951
10.6659
4.02583
9.74467
10.43
11.4262
5.45476
14.0406
14.28
10.4186
6.68604
14.0207
11.0536
10.9758
4.54162
11.9238
13.3775
12.2976
10.1353
14.0486
14.8614
12.7387
14.3792
13.1322
14.7648
5.45555
10.8977
14.7705
11.9366
10.8396
13.3666
12.7062
10.3914
10.9995
13.9625
12.9373
9.80468
8.08418
12.1524
12.5903
13.1986
13.1023
9.46554
13.3725
14.0023
9.074
9.65585
10.6185
14.4158
10.7272
6.22463
10.6361
9.92858
10.7985
9.33169
12.8521
11.1194
8.44139
12.107
13.981
14.2201
13.8736
9.23488
9.08726
11.8926
10.9972
9.30233
9.35762
14.613
13.0814
9.24219
11.852
10.2609
14.4394
13.1949
12.0851
8.71928
14.1164
9.99993
14.1076
11.1167
10.7042
12.4957
14.9497
10.4376
12.1521
9.95778
13.7717
9.77066
14.7224
12.1345
5.34654
8.95626
10.3604
9.67726
13.9319
13.2265
8.3248
6.32202
13.6349
11.5038
11.8413
14.3344
12.0421
14.3985
13.1462
13.5691
13.8075
11.5409
14.7411
11.7043
13.886
7.95961
12.6317
13.5183
10.8729
10.379
9.98964
6.89757
14.0836
11.1146
10.6554
12.2816
9.9909
13.3712
13.3459
13.9839
13.5654
10.1186
8.94354
10.2123
6.16764
10.6358
5.78551
9.2516
9.25289
4.75409
9.01984
10.6341
10.1822
14.4317
13.7036
12.4789
8.96798
13.2625
11.3738
10.7714
10.2639
14.9984
6.98747
13.2775
11.8245
11.3292
9.59484
10.9432
14.0645
14.4145
8.7908
8.77746
13.8353
12.5375
13.5995
10.8974
13.1012
10.1317
11.8332
12.3297
8.93922
12.22
13.2831
12.5867
13.7053
11.1203
14.9279
9.16201
9.16552
13.346
7.87623
11.9042
11.5587
14.259
11.3502
13.0559
9.45353
11.3978
12.2757
12.1538
13.058
12.1154
14.7284
13.8128
14.0445
10.2763
10.15
10.6997
9.0497
13.2098
11.9164
9.96104
6.60078
11.8789
13.9059
12.6581
10.5387
11.1466
14.5277
9.79728
14.9539
14.971
7.65041
10.0693
14.6762
10.5976
12.6906
12.8788
12.7363
12.4072
9.7583
10.2743
8.25696
9.41004
11.4874
8.20455
14.9206
6.53342
9.20707
10.022
8.31406
14.255
8.85251
7.49398
8.6045
6.2212
14.158
14.146
14.2573
8.38261
12.1231
8.07625
12.2222
11.2824
8.72189
10.567
10.5329
5.81728
7.1396
12.2901
10.1895
8.63667
12.1778
10.0453
11.8718
8.35794
10.1037
14.0096
8.63335
13.8064
10.4857
13.6769
8.67225
13.1871
6.0938
7.79401
14.4904
14.1142
5.96283
8.81295
7.75858
5.80219
11.1218
9.87331
13.3096
14.8894
10.3253
14.0612
14.0806
13.5501
6.93215
7.51171
9.1723
9.39912
11.0544
13.2464
10.0622
13.63
11.9249
13.965
10.4133
8.92438
10.9532
6.14728
13.1649
14.8834
14.2537
11.1153
14.9565
9.25926
12.0077
13.6147
10.2367
10.7338
13.1755
13.1958
11.4506
9.64374
11.0365
10.4148
11.9136
11.9852
7.70663
9.9907
12.1656
14.0015
11.1952
14.6335
10.9629
14.9282
8.26755
9.05489
11.6437
5.91107
9.72445
12.758
14.7451
14.5541
13.7691
12.8283
8.28554
13.1008
13.3817
5.20407
6.4083
6.90524
13.7002
13.4161
10.7003
12.513
10.229
11.6935
6.02199
10.2084
12.2302
11.9784
12.3901
13.472
14.1974
14.0342
12.4557
10.5036
10.1792
5.32873
12.643
14.3043
13.08
14.5131
8.41366
10.7118
10.2848
9.28346
13.0564
10.4447
11.0222
14.8717
10.5999
14.4709
13.3923
11.0298
9.63719
14.9987
5.90577
12.966
10.5759
12.5542
11.9251
9.83668
7.8571
10.1548
13.7571
12.1624
7.02932
13.1808
11.8915
10.9057
12.5221
13.6545
14.6173
11.3791
10.6488
12.4005
6.4659
10.5078
13.9614
8.89437
13.3631
10.3321
10.9147
3.99817
13.252
9.97437
11.8069
11.8229
8.79584
5.38847
5.78119
11.9851
6.82593
10.6265
12.1162
14.8512
8.49991
6.84459
11.883
14.1159
5.73973
13.9919
9.45046
9.69688
13.1405
12.4514
13.6854
11.01
10.8495
10.2151
12.2079
10.7851
10.1122
10.5246
9.56975
12.8821
9.66008
10.4567
11.3504
13.3494
6.4489
9.6396
6.56188
9.94939
12.5175
11.5807
9.98488
8.43988
13.9908
10.3932
13.8587
10.0718
7.3145
9.72012
10.0494
8.295
10.7103
12.4061
6.75824
12.6414
14.5447
11.1515
9.23043
12.3782
14.2929
8.12851
14.5556
13.0924
10.4845
10.5845
10.9691
12.7755
14.2463
12.2571
11.0432
11.1116
9.14313
13.9242
9.8636
13.8836
8.89481
6.18527
13.0856
14.2932
9.96973
9.13047
13.8352
10.8582
12.8071
11.3884
13.5037
12.1198
14.0769
14.0783
9.98391
11.6917
9.50185
11.4375
12.5417
10.2332
11.1925
10.0582
9.72513
14.2009
13.5278
14.2514
6.20796
10.062
7.85408
11.8133
8.49515
13.1796
14.3868
12.1836
8.68602
13.9669
13.9055
6.17638
10.4362
10.4045
8.6315
9.14963
13.7529
13.1097
9.11497
13.7921
10.5265
12.8429
14.3999
14.9971
13.961
14.7377
14.2715
13.815
11.2109
10.5266
14.7333
8.91413
10.8125
8.44693
12.7485
11.6769
14.7661
14.9814
11.1842
12.64
8.35894
10.7829
10.8578
13.5322
10.0596
7.01499
14.6804
13.0213
10.4688
9.55185
8.52631
6.61516
9.27601
12.7309
13.1459
12.7116
13.625
5.23649
10.326
10.411
11.2053
13.6207
9.54743
14.7938
11.6719
8.87585
14.3877
13.8275
11.4844
12.2719
8.74064
13.1069
13.0525
10.9683
8.03922
14.4819
14.9774
7.22102
10.2131
9.96114
14.8367
14.9963
11.3349
14.6346
13.2276
9.67557
14.3371
6.28286
13.8647
10.1495
6.12323
14.4175
13.4332
12.2721
9.82504
13.7547
12.33
9.8037
11.2514
13.1192
12.3938
13.8496
10.5639
14.0897
8.93576
10.1903
10.775
10.2213
14.394
14.599
11.0654
14.9227
8.71743
11.8775
14.1418
12.9659
10.0329
13.6893
13.513
11.0448
14.6394
13.1696
14.4355
11.3454
10.8425
10.0539
14.0303
8.36242
8.55469
11.1014
13.2522
13.4716
8.36493
13.267
8.23033
12.916
14.7675
12.7193
9.849
11.0144
14.4965
10.7947
9.21733
12.1993
13.6879
12.9741
11.6099
12.9923
14.1188
10.1943
9.95348
9.46607
14.5372
11.2662
10.2686
14.5025
14.4515
4.3724
14.1517
12.0484
12.103
5.79762
5.43661
13.7184
14.0179
5.90987
6.41985
11.3303
12.2296
13.2987
14.0751
10.3773
12.6577
10.7649
9.48825
14.4789
13.9446
9.62048
14.397
9.29549
11.0239
13.772
13.0704
13.2502
10.9397
12.8065
9.87129
14.4957
10.3175
13.4692
9.04942
13.0856
10.3094
14.1025
10.4166
8.88735
13.895
10.3313
8.70608
14.5325
11.5436
8.30463
4.50964
12.1629
13.3228
13.9086
9.98499
10.5018
10.2476
14.0282
8.28144
10.0556
12.2995
11.0035
10.6962
10.4019
12.198
12.5415
12.6125
6.63196
14.2012
10.3885
7.32779
12.0595
9.79673
12.3546
14.6416
11.2591
8.3915
10.5936
13.7389
8.82996
9.10503
12.1622
10.3699
12.202
8.16142
8.36529
6.32051
12.7714
9.46782
14.3124
7.22431
9.1403
7.42077
12.1915
12.7982
14.1129
9.48574
6.82772
13.3116
5.38372
12.2948
11.7903
14.9566
13.0373
13.7504
14.3674
9.04
11.8732
11.149
13.8503
10.0525
13.6657
11.3361
12.5678
11.3984
7.948
11.4302
11.2751
11.7941
14.1538
12.2716
11.6593
11.0884
14.0676
10.8442
12.1025
13.7486
9.87394
9.93929
12.8524
13.3171
7.51357
11.6638
11.5475
13.4318
13.3859
14.9143
13.4424
13.6818
6.88988
10.2739
14.3877
8.37406
6.58325
13.2223
10.6168
14.513
10.8835
14.1551
8.35566
14.9256
12.4273
14.3875
10.7364
8.31917
13.1804
13.8778
12.0561
14.5167
11.4859
11.0637
12.68
11.4068
12.0741
13.5198
14.2106
14.0224
14.849
13.419
10.661
12.1144
14.4773
13.3892
11.3687
8.85188
13.5659
10.7072
11.9817
10.8638
9.94655
14.3094
13.3977
10.3075
5.26201
13.7559
14.5386
8.71388
13.998
10.0534
12.1211
11.6349
14.8057
13.3766
14.0746
14.5616
12.759
14.0338
10.176
12.2089
13.9721
13.2148
6.98124
7.64504
11.0984
5.66551
14.5842
9.11358
11.2269
13.8046
13.6366
13.258
12.1567
9.39923
11.1599
14.1066
8.50372
9.81208
7.32794
10.0765
10.4332
9.8744
14.3894
12.9289
12.0796
14.0239
13.2523
13.1079
12.5485
10.9855
11.0289
12.9379
7.22509
13.8514
13.8676
9.91284
13.3736
14.9846
14.0395
11.302
12.0262
14.7636
7.65661
7.7052
13.4572
8.00878
14.1227
12.6558
13.9129
12.198
14.2941
8.82049
14.0933
13.0872
12.1749
10.8346
4.8787
9.63204
7.77867
12.2558
10.8078
8.9739
10.4658
12.7507
11.6162
13.7663
14.5825
11.5338
13.6289
13.2836
9.9406
9.55144
8.50811
8.55862
9.8426
6.16055
14.8156
8.26558
14.3296
10.0996
11.5368
13.8194
13
13.2362
13.1508
11.7846
12.3404
8.43355
6.07572
9.2876
9.80517
14.0243
11.9594
8.41689
10.2098
8.74089
14.0942
10.5324
14.3405
14.1006
12.3513
12.5526
13.3455
14.2401
5.48827
10.1399
8.68989
12.3518
13.341
12.4979
11.8699
6.63714
5.18171
13.7316
12.9594
13.5297
9.65477
13.007
8.80212
12.3991
6.80658
5.49265
7.129
11.4658
7.17327
11.0538
13.7984
11.4304
13.0581
10.0198
11.4202
11.1614
10.5473
11.059
10.7916
7.27357
12.7554
11.4753
9.9745
14.6469
6.58396
14.1512
10.7409
12.4512
14.3999
11.992
10.3173
10.6859
14.6035
13.4878
14.4758
12.7252
10.5969
13.5476
10.0795
10.9693
14.1909
9.707
11.7885
7.84403
7.18425
7.02854
10.484
13.8889
13.6212
9.02873
12.576
8.74748
12.5126
10.824
8.9485
10.1972
14.3818
12.3376
12.2817
13.257
9.57185
14.1016
10.929
14.6419
10.1563
11.4297
10.0916
11.5759
11.5436
12.0489
9.95034
10.6999
10.9777
14.333
12.9674
9.02159
14.7703
9.45908
7.2255
10.7856
12.7552
8.26076
8.45428
7.68059
13.6176
10.201
4.65299
14.6595
10.6505
14.5686
9.69752
9.11072
9.93697
11.4512
13.6279
9.69622
13.344
11.7971
12.6246
13.4368
11.406
11.1983
9.15384
13.1537
11.2772
14.2345
13.7977
14.9983
10.2357
14.2446
14.2421
13.6006
11.2952
14.3797
9.04853
8.29136
11.2177
13.3166
9.99263
6.12302
13.3463
12.631
6.43708
10.1079
13.4018
14.0851
14.9192
14.2229
11.5157
14.0489
11.1937
14.208
12.9065
12.5516
9.52619
9.4279
13.1505
13.2796
14.7912
14.5352
14.0762
12.9931
11.0617
9.07016
10.37
9.77607
6.03834
7.92793
14.514
13.2329
8.31599
8.6677
6.47783
12.2868
14.7256
13.4329
11.4471
14.534
12.8668
12.5925
13.072
10.6692
14.3686
13.1675
13.2996
12.8524
14.3076
11.7145
12.2947
10.5152
10.2447
9.88431
6.26276
8.71358
6.18891
10.7155
12.3537
12.8523
14.8468
11.7171
10.5696
13.0935
10.8005
14.8282
9.18624
10.1089
12.471
10.1259
11.2651
13.0336
11.1452
12.0719
9.05104
8.39464
13.1086
10.6906
6.34202
7.06469
13.2585
10.1052
10.952
10.8356
8.01791
5.35727
4.67834
12.5422
11.5907
13.6087
8.24914
11.8903
12.0153
14.5858
10.5909
11.3149
10.3954
13.7749
8.81512
12.306
14.9155
5.43051
7.29587
12.5656
13.0302
10.0344
7.62189
9.73135
8.27094
9.43521
13.1443
13.1828
12.7993
10.6693
10.5475
14.5598
13.5439
12.1379
14.1518
9.40161
10.1996
8.83742
6.32953
14.3867
12.3276
12.9917
8.6269
6.4165
14.5321
4.96401
10.3236
11.6016
11.5031
13.5304
9.94921
10.3115
9.3266
8.00227
8.00461
5.97059
11.271
13.5281
14.2197
14.3802
9.85168
13.5459
10.7426
12.5605
9.67364
8.77153
9.52068
8.94948
14.0049
14.0977
11.9663
10.4271
12.1783
10.9725
10.5689
9.61458
9.8434
12.4026
11.1007
10.0758
9.52916
14.136
14.8823
12.7823
13.8233
11.9595
11.5145
13.9019
13.292
10.2218
13.9233
12.9619
8.72286
10.6994
11.3253
11.8231
14.7746
14.1601
14.452
12.3837
14.9542
14.574
14.3861
6.0772
6.45468
9.75833
8.68864
13.3107
13.4569
12.701
8.39596
8.34514
6.71646
11.3217
12.2997
9.21553
10.8629
11.5212
14.4465
10.6016
8.62468
9.94032
8.71106
10.432
7.95714
14.1671
9.73464
13.066
6.40358
8.96859
13.9258
9.60731
11.2187
13.8827
11.2017
14.7812
8.95881
9.81408
10.9411
12.0552
12.1726
13.923
10.803
9.92112
12.2605
14.6332
14.2448
6.29893
12.7582
8.46492
7.02598
12.4548
10.7884
13.6432
14.7644
14.4288
10.2416
8.3307
14.4227
14.0299
7.35041
9.43504
14.0813
13.1195
11.2432
13.8136
14.7486
8.27568
9.95251
12.4543
14.8343
12.559
9.57931
6.12753
14.7154
8.52913
13.9681
7.32094
14.9577
14.79
14.1494
13.5743
14.4172
11.6612
12.1199
6.01447
14.5756
13.6244
6.19447
14.2461
6.38177
11.0741
13.6498
12.9423
14.5826
10.1795
11.2291
11.3093
9.3459
14.9583
11.3979
10.2831
14.9305
12.2076
13.086
11.055
13.1508
13.7188
10.7218
12.6381
12.7821
14.6459
13.1963
14.475
11.9228
8.72887
11.4987
13.9342
14.7997
5.35247
9.36551
10.0758
13.0327
6.27618
13.2832
9.22363
11.2672
10.7862
12.8801
7.96385
6.36705
14.6076
13.7938
14.9583
9.4343
14.8497
9.25573
14.2033
14.903
9.68953
11.4159
8.30879
14.8494
13.7425
8.45253
8.66944
13.2511
9.50069
10.5987
13.9788
9.78529
13.2405
14.2006
12.068
13.2944
13.3219
14.9358
13.6208
14.3212
14.9697
9.85647
11.6199
14.9296
11.5187
12.6272
11.0215
10.5301
9.50402
7.59758
12.6812
10.8622
9.33207
9.48441
9.90605
11.3882
10.6803
12.4932
11.9569
13.6037
11.5029
10.3509
13.076
12.5683
13.2185
13.225
14.2948
9.02848
11.8028
5.0782
8.38808
12.5828
11.0957
13.6483
13.0039
8.95378
8.28373
13.5952
13.9473
14.5694
14.4752
8.57938
12.5372
14.9224
13.3043
14.3911
11.1525
13.579
8.64476
5.31254
14.5149
9.54361
13.4797
10.3204
11.353
14.0134
12.4575
13.6218
12.3742
8.85206
12.3881
11.7542
14.8346
13.7481
13.4787
8.68131
10.0441
11.7025
14.1535
12.8009
14.9658
14.3527
14.9348
6.61866
14.3043
8.11224
13.431
12.5774
12.5097
10.2969
13.2013
13.1223
5.37652
11.9713
13.4028
12.9473
12.2979
11.0573
8.36647
7.88156
12.7564
14.4093
14.4878
13.7061
12.5991
12.8805
14.3237
14.7296
14.9361
14.4183
6.75688
8.27047
14.391
14.6453
14.6708
11.9421
10.5198
11.4801
9.38612
9.12843
9.40446
12.2935
14.4741
10.7618
13.488
12.6298
10.3238
10.7899
13.8349
10.579
10.5005
9.5388
12.4236
9.01292
11.6778
8.78616
14.4133
9.14769
10.6632
14.411
11.7425
13.4555
9.28882
12.7527
12.0542
12.2297
6.34097
14.5372
14.9107
12.3057
13.3748
9.69194
10.1646
10.2516
12.9061
14.0051
13.0674
12.0481
13.684
10.5364
10.3318
13.0697
7.02652
9.38279
6.71145
6.50379
8.93812
11.9724
9.18379
12.7466
10.6184
12.1911
9.73404
5.89211
12.5844
8.6006
5.43142
7.67629
8.53604
9.79115
10.5119
11.9995
10.8174
13.792
12.4893
12.0784
14.7057
14.3558
9.78427
8.39276
10.6251
8.73947
11.585
14.3848
12.4497
14.4853
11.9336
12.7347
6.9722
14.742
13.4541
13.1376
11.2457
9.58725
12.375
12.7603
10.0742
12.1766
9.8292
12.7809
7.5642
12.0621
6.01322
9.60026
10.5842
14.5692
14.9036
12.3899
10.9741
13.7885
14.7132
11.3028
10.2648
14.9425
12.5386
13.4233
12.3604
9.15017
11.4835
8.58251
9.71306
8.40214
10.6026
12.1928
7.49976
4.19625
11.9825
12.0874
9.04732
8.72338
14.1524
14.96
8.72529
12.4257
13.9995
11.4456
12.0284
12.2139
11.7855
14.9397
14.7298
12.5836
11.9024
13.2488
12.4534
9.59821
9.05131
12.7842
13.0926
12.4911
13.5936
12.9345
8.34961
14.6822
12.2651
13.204
14.7695
10.5546
10.3788
9.66576
11.7686
11.5317
14.3163
14.7696
14.9301
7.6854
9.13938
14.9453
13.8635
8.82593
14.0482
14.2671
12.4881
9.31515
5.98427
8.00685
11.4762
10.3934
12.0193
14.0616
11.9758
6.56407
13.1853
13.9298
6.10599
10.5939
12.6539
12.7105
8.30817
11.8798
8.40498
6.1863
14.1992
12.6252
13.1848
14.2889
8.58988
11.0537
10.9621
14.9016
12.7854
10.0879
12.5575
13.8555
10.6283
10.9981
11.7378
13.0681
9.81414
10.1105
11.3021
6.51437
9.95705
10.2297
7.94098
8.97515
12.865
11.4917
10.9189
12.4208
9.29904
13.0606
13.851
9.15815
14.7357
10.8376
13.6444
6.67699
8.04062
10.4273
14.2364
5.30679
13.418
13.0151
12.0327
9.21161
11.2081
8.30196
10.9396
9.46299
10.4264
13.289
13.4827
11.8184
14.5454
14.611
14.9885
14.4403
9.60784
12.304
11.411
10.0241
14.604
13.4897
12.3868
12.3499
8.57038
14.9297
8.99518
13.3503
13.8674
10.4376
13.0291
9.18978
11.9737
10.8923
12.2862
13.064
11.3219
14.6928
13.0472
5.22192
13.1381
8.00239
8.5594
5.89329
9.26994
12.9492
11.4139
14.6229
8.53181
14.4979
14.2061
10.5923
13.0928
12.4716
11.2165
8.62806
12.4761
12.5787
13.6857
11.9534
11.7094
11.5824
9.50253
11.2031
7.41962
14.3047
12.6738
4.50107
11.4291
13.6763
12.2228
6.41975
6.21844
8.80566
12.9217
7.13184
11.3955
11.2405
14.8503
13.4309
9.90221
8.55125
14.4231
13.0641
11.0211
6.34569
12.344
9.80601
13.5001
13.8448
13.6264
10.4035
10.851
14.6057
13.0141
13.8238
14.2121
11.4762
12.0104
10.0895
6.51013
7.37646
14.1584
13.805
9.75534
13.9062
12.1748
13.2097
14.5656
12.1269
11.1017
10.7477
14.7387
11.2285
12.9435
14.0419
10.1372
14.1379
14.5673
14.385
14.1802
6.34598
14.1102
6.77053
13.9216
10.7778
6.79341
11.8591
9.81962
5.84819
9.24269
8.30696
10.0205
10.9165
7.27855
12.2919
9.28408
9.82418
5.46477
14.9192
7.35039
14.0574
14.397
12.3388
5.5153
11.0299
11.9101
10.5873
13.6785
13.1077
12.8879
11.0705
11.7113
10.1458
14.7346
12.2407
13.384
13.0476
10.3599
7.0726
10.4596
13.6068
12.1225
12.8284
11.4295
11.133
9.81537
14.2858
12.8233
6.24046
14.4028
14.5041
14.8703
14.2714
9.72658
14.342
10.6018
14.2444
10.5547
13.3175
10.2538
12.5459
9.64741
11.7919
13.7394
14.3224
12.4185
14.4034
10.756
12.491
10.64
9.76077
11.2312
10.0049
10.8117
13.8262
7.54117
8.22841
11.9061
9.6462
13.5362
14.9594
9.52731
6.17423
11.1627
4.70638
12.3614
12.8724
10.0954
14.1063
13.8893
11.8475
9.28215
13.2352
10.212
14.3753
12.0077
8.79347
6.18869
5.95028
14.9525
13.8401
13.6886
14.1926
12.3729
13.953
13.0402
13.9032
13.9437
6.76902
9.10087
11.9419
7.46061
6.65852
6.35113
13.8436
14.418
13.8738
13.875
14.9305
10.6214
7.15247
10.7634
12.21
10.9596
8.77001
12.3474
11.9793
12.5249
9.26083
12.0366
13.0747
14.6672
9.14913
12.8628
12.3976
9.67377
8.04894
11.8048
14.595
9.0903
12.3513
10.7059
10.9762
10.4223
9.69418
14.0441
11.8774
12.9327
13.6356
9.15424
11.2345
14.3331
11.3668
14.3162
8.56145
7.89838
7.78912
13.4997
13.0702
5.33771
11.1428
12.1571
9.92167
12.8492
10.3152
10.6488
10.4546
12.0586
8.09399
11.2653
10.9751
12.1911
14.7033
9.35921
8.55885
11.6467
10.9862
13.9978
13.6273
12.6527
11.7543
11.5246
12.7099
10.7409
14.3713
13.9425
8.75964
11.2
13.6889
11.6596
12.5584
12.9541
10.0551
13.7634
14.4851
5.93368
14.4519
9.87377
12.2669
10.715
12.852
12.4039
10.5361
10.0961
14.3797
7.72803
12.8207
9.48712
11.3669
11.1631
7.46728
10.4263
9.26822
14.0263
11.0885
14.2845
12.3266
13.2114
12.3883
14.5444
13.7556
9.98326
9.88501
5.40105
11.3866
10.7715
9.77088
12.7379
7.22849
7.96825
11.9202
9.6119
11.6589
14.9666
12.5142
9.88436
7.03981
12.9845
10.4344
12.5529
10.4385
11.0664
13.7741
13.5463
13.8979
10.8977
13.3678
10.9899
12.4447
12.817
9.19071
10.1057
13.5926
14.434
10.7383
12.0045
7.66477
9.74224
13.5286
13.0762
14.483
10.6758
14.9143
13.9427
14.8164
14.3928
9.93207
8.25849
14.7634
10.1108
13.2992
6.51531
9.02411
13.3224
9.53807
4.36954
14.4515
11.9476
9.23147
8.13733
13.9763
9.741
9.12446
14.8124
8.11057
12.605
13.282
10.9341
13.4935
9.64485
8.70365
12.884
9.36759
12.5925
11.8041
11.7904
14.5913
10.3867
11.1427
14.0318
14.1562
14.1526
8.4345
8.28686
14.4491
13.7142
11.3762
11.8605
14.0012
13.6202
8.3668
9.24531
5.80606
9.81121
14.4051
12.1252
5.92829
12.8998
6.13157
12.0046
13.6922
13.4943
9.34694
13.8372
5.40126
7.82399
11.1312
12.8281
6.10571
8.37281
9.87752
14.3067
11.3515
11.6843
6.37863
9.13874
13.8374
8.07589
9.08068
14.4147
6.05078
9.87743
11.1349
14.385
6.23056
12.0074
10.0393
11.8277
10.258
9.83268
12.4833
13.9112
10.9137
9.1778
9.53933
8.88148
13.6574
12.992
14.9087
13.5148
13.4542
13.7195
13.823
11.4216
13.2061
13.3032
6.28307
13.4337
14.8987
7.61111
10.3975
10.9415
10.0528
10.7813
12.7807
6.56138
13.7404
13.9762
13.0037
11.3856
12.9318
13.0416
13.867
13.8072
10.9334
9.6387
10.542
12.5975
12.7972
7.61125
9.99335
13.3552
14.7191
9.53616
9.50361
8.09351
14.4855
14.8279
9.91446
5.23121
8.8353
5.92031
11.9317
10.0292
6.98453
10.5598
8.70398
12.4411
14.7724
14.6201
12.3616
6.17076
10.7797
13.1239
5.90499
9.53666
8.77826
5.72903
12.303
11.8299
13.3236
10.4175
12.7446
13.8172
13.7711
14.9016
13.3546
6.45808
11.0319
13.7994
14.0507
12.1637
10.9685
11.5213
14.2206
12.2718
12.9537
14.0624
7.86725
9.25624
9.48256
7.84123
14.4657
9.57265
10.4781
12.9143
12.1741
14.5115
12.885
12.2538
12.637
11.9485
14.6685
9.66708
6.34861
13.8246
13.8801
14.3849
12.2317
11.4895
9.01849
13.6094
12.7425
9.8049
13.3617
13.3469
10.621
5.07769
10.0998
13.5588
13.8007
8.52254
9.77444
14.084
14.9748
11.7831
9.81219
9.13635
13.6544
9.90158
6.9563
8.1394
14.6941
12.19
12.8268
6.66774
5.71685
5.73256
12.4958
12.216
11.5116
9.98863
14.5952
12.8014
13.7156
10.7491
12.6687
14.79
8.61715
11.4674
14.9785
11.7084
13.5822
10.014
6.22717
12.8692
13.7302
10.557
14.4361
6.20193
11.6459
10.7793
8.52601
11.8717
10.7993
14.4664
14.7734
9.92173
12.2926
5.42108
11.8241
13.7025
9.98704
8.20961
11.6002
10.4408
8.52253
5.22201
14.9649
13.2588
9.00578
13.9589
11.1248
13.3
14.0804
14.6009
14.7014
13.7874
14.2168
11.2715
11.4388
13.2337
10.8551
11.018
10.9389
13.4213
11.4862
14.7205
9.59249
12.8315
11.509
9.50546
6.02538
8.72694
12.7442
14.0891
11.8063
5.46519
12.9131
10.026
13.6134
9.87229
13.4233
7.50375
6.6216
13.4774
12.0332
11.131
11.3471
9.21355
9.2325
11.001
13.886
13.8334
14.0803
11.6638
13.6186
12.1109
14.8571
14.6798
13.319
10.4914
11.7102
11.0298
14.4947
7.90599
13.9776
14.2036
14.8989
13.8167
10.6325
11.0943
7.44451
9.07486
10.4743
6.98975
8.31396
7.7258
11.2295
10.0564
10.6662
8.16198
11.0122
11.7138
14.4289
8.59409
9.99565
8.86538
6.06079
14.3484
10.9834
6.16391
11.9076
10.0533
12.7408
13.8166
13.1045
13.6661
11.7061
12.6142
13.2926
10.5616
11.1868
7.9485
7.38074
10.7193
14.6813
12.5008
11.7271
14.1124
11.1585
13.1688
11.1493
11.0433
8.60335
10.3482
7.78992
11.4144
8.99496
9.09436
9.75431
12.7315
13.8928
14.2329
13.29
14.9715
14.5964
11.6387
13.9514
10.6888
11.7508
9.69075
13.4253
6.10066
10.5685
13.2537
10.2789
9.28706
13.5586
14.9318
13.7394
9.94067
6.18771
14.2008
10.6212
14.2929
6.55479
13.2443
13.4509
8.10089
12.6623
8.46957
13.1359
9.48514
9.44716
14.7363
14.3822
13.0498
9.39285
4.41617
13.9155
10.3826
14.9787
7.6592
14.6414
11.4262
13.1216
14.4974
14.7845
14.6139
13.0389
10.6816
7.34626
11.1903
12.2571
11.121
13.8491
14.5709
12.6818
12.0431
8.68277
14.9045
13.0272
9.88406
9.75353
13.0985
7.93903
12.622
12.3049
14.0115
14.2636
12.3559
10.2143
12.6774
11.3076
11.6145
10.9587
13.7838
13.375
12.2857
9.69553
13.6076
12.9218
12.335
6.88998
10.5386
10.4771
9.89982
8.01884
8.59636
11.498
11.158
13.5653
14.2537
14.6865
13.2327
10.2396
13.5671
7.36127
13.8621
10.0056
13.1805
5.4404
11.7771
9.60693
9.6434
14.5071
8.41008
9.25772
12.8803
8.55726
11.8275
9.76326
12.3601
10.9224
11.1028
12.4582
14.9386
14.8648
9.42264
10.6088
8.77791
9.23201
13.3047
11.9196
9.59049
9.62712
8.48996
11.0636
6.66115
9.23939
11.463
6.92718
10.1001
11.5825
9.59386
12.4546
6.70458
10.0238
13.2192
14.1889
12.1852
13.6818
12.2826
6.74672
13.077
14.5865
13.3527
10.3605
6.96042
7.2922
10.2825
13.7327
13.5135
7.76747
12.2458
14.4674
6.11621
8.6391
13.0726
14.3352
13.1984
13.3036
13.1354
12.9352
11.7415
9.02447
11.7796
7.56905
7.10962
13.5094
10.5701
13.1855
11.7344
14.6406
14.4676
14.881
14.9051
14.3817
7.24995
11.3604
9.39717
14.7494
12.415
13.1712
9.86678
13.9895
11.9014
12.4772
9.93606
12.4784
9.38561
14.2781
13.5101
8.65277
11.3344
12.6271
10.9803
13.4181
14.3812
12.3457
10.3546
14.0031
10.8392
5.90157
9.90916
14.6404
8.64156
12.707
13.5544
9.85353
13.6615
14.9221
14.6054
10.4182
9.11995
9.7061
6.0395
13.4187
10.4662
6.28405
8.55628
8.54782
12.8299
12.0107
8.68964
6.17444
12.5745
12.9505
14.7277
7.40048
9.15623
14.7967
12.217
8.34779
9.70646
11.2759
14.4319
10.8235
13.6196
14.1463
12.6163
14.8115
9.59536
11.5197
12.6942
11.6324
11.4439
8.4631
10.6686
13.0594
11.4206
13.1484
12.0283
7.37043
7.93053
12.9715
8.20901
13.725
14.0319
8.47165
12.2529
11.6486
11.5921
14.0905
13.0481
11.2737
11.3547
11.6109
11.9964
13.8083
7.73376
9.58393
11.8491
13.2943
13.4686
12.9831
10.7887
12.356
12.0606
13.0442
10.5491
14.5623
8.81859
11.0914
6.4043
10.8891
8.28993
8.39561
6.11002
11.0192
6.68816
13.3546
11.6908
14.1867
13.6747
9.83439
14.4428
8.75314
10.8833
14.0759
13.8636
8.99014
12.8251
14.4016
13.5564
11.0771
14.0937
12.4921
9.27131
10.7437
5.6433
11.5313
13.2539
11.3234
14.728
6.69368
13.9908
13.617
13.8042
9.65917
11.5027
12.5909
14.516
10.3431
12.928
14.9026
11.9221
9.16407
9.24446
9.70186
5.86412
6.03213
12.553
6.68433
13.5922
13.8162
8.36082
13.1685
10.9528
13.1453
14.7741
13.7542
12.8233
10.687
12.6228
11.1067
13.1288
13.3142
6.50725
6.20983
9.98161
9.21821
12.4352
9.48911
11.2608
9.82773
5.78105
9.02734
11.578
11.9955
5.87841
13.0817
5.51763
6.12847
9.81667
11.3204
10.0206
6.65139
9.89363
8.95837
12.8981
13.0295
13.5532
10.8914
12.7415
12.3076
10.4704
13.1735
10.7537
14.7483
13.962
8.24129
12.4456
11.9622
7.41249
10.8713
13.3094
14.2876
9.60818
12.5444
14.8588
13.2544
11.453
14.7601
12.5871
10.3645
7.30768
12.3724
7.20994
12.2657
11.3407
7.34763
10.5168
11.7701
11.6815
9.50488
7.6361
13.2004
13.5277
14.1339
10.216
10.0281
13.2371
14.0588
13.3768
14.4487
6.12393
10.457
5.96363
9.07726
14.509
11.1726
14.6251
10.1166
10.5108
12.5028
8.39415
6.99101
10.7874
12.1997
11.764
14.2093
10.8784
10.3957
12.2223
14.4113
12.3307
12.6469
11.3705
11.0384
13.7999
14.759
13.7189
13.0959
14.2269
10.9195
11.7381
10.1425
9.98909
5.02066
13.0781
14.4268
8.72159
14.8441
11.081
13.1424
13.6887
7.02341
11.255
14.9313
5.25644
8.48346
9.6141
10.7269
14.4005
11.3383
12.4659
8.83889
11.8266
13.934
11.7017
13.6819
12.6406
13.3831
14.8772
9.21446
13.8845
9.76672
10.6018
11.8054
12.4412
10.3689
9.83385
11.8664
11.0347
14.5966
8.6098
12.7276
5.9548
13.2091
12.5401
13.175
8.02612
9.70111
13.1486
14.7266
10.0695
11.4999
13.8468
6.62202
12.7638
10.5311
8.5993
11.8672
10.2097
13.9709
14.4341
11.7204
12.2011
9.91126
6.45936
10.1451
10.6112
13.5592
14.1416
5.76441
10.0206
8.25457
6.02965
12.3703
14.2284
14.1707
8.13472
11.9116
10.3533
5.32841
13.334
10.2407
4.92619
13.371
9.16264
11.2989
12.0043
10.4152
13.301
12.3173
12.6913
10.3285
14.1383
7.46735
6.48473
11.0402
12.8365
8.76761
14.2732
8.23559
12.9514
10.101
6.35688
8.79962
11.7041
10.0881
13.3906
6.17605
14.178
8.42822
12.9739
9.46024
9.68686
8.5788
9.62351
14.9687
11.2963
13.3123
12.3182
13.4785
10.4304
11.2883
14.2452
10.2463
8.75761
8.67743
10.5632
6.69133
4.76958
13.6795
13.605
13.5844
14.014
13.7254
14.5601
12.8775
14.1046
14.9954
7.73411
7.78575
9.54825
12.0324
14.209
13.5727
13.8247
14.6155
14.5113
14.7942
6.7512
14.0342
5.44386
11.8524
10.3155
5.8259
10.2613
11.9774
14.8878
12.8809
12.4918
14.5009
14.9213
12.7638
9.06479
10.0034
13.5436
14.671
11.5347
12.31
13.7464
14.8456
14.8143
11.8808
11.3428
14.0401
14.6713
10.2858
10.8035
7.79641
13.2698
14.6008
11.4089
13.6392
8.55997
5.37712
12.2278
14.448
11.8463
5.9298
14.7208
12.6621
13.381
14.1334
5.27747
11.2969
7.74006
14.2784
11.6516
12.4173
12.2084
12.5753
14.264
6.59985
12.8555
14.6793
14.4234
8.18067
12.2382
13.84
13.3237
12.0189
13.0103
8.45675
8.82339
12.3249
8.57763
12.1151
14.7049
6.60159
10.9369
9.99773
11.0139
11.1456
10.7496
10.2863
6.78796
11.7217
9.42616
13.3661
10.2204
9.79757
13.0941
6.11497
13.6521
6.05466
9.49977
12.2761
11.0321
8.64453
14.2199
14.8425
11.8292
13.1066
9.92341
13.6739
14.1731
13.8457
12.3341
14.2801
6.80625
9.81004
8.90589
12.3252
11.0731
10.9318
10.9625
14.5848
12.2971
11.8535
14.3879
5.33288
10.4111
4.53613
14.428
8.58821
14.0433
14.1699
6.74158
11.3477
14.6188
10.667
9.55347
11.5767
14.7557
8.80686
8.50041
14.016
11.5251
10.0137
9.86636
12.6172
14.8445
11.4389
9.83142
14.6093
12.6089
12.5913
14.5189
13.9429
10.4956
10.3344
7.96936
13.6836
13.8603
14.4697
9.85234
11.2749
10.3134
12.5718
14.01
12.2192
8.3356
10.9671
12.392
13.2194
13.6449
13.3217
13.813
14.3988
5.85343
9.29995
10.6059
8.55801
10.7582
14.5476
14.184
6.55643
11.5104
9.65049
14.4628
12.8661
9.75739
8.0489
5.5491
13.7207
11.8266
8.0592
10.9761
7.57213
10.3848
14.305
8.34519
8.762
14.4041
9.73386
10.1028
12.8199
14.8172
14.614
5.94017
10.3839
9.82093
8.11859
10.1362
11.831
14.4172
13.5058
14.4126
13.2873
13.2816
14.4724
10.2541
13.7865
13.4222
13.8828
8.18165
11.114
12.4425
14.8669
13.1482
13.8957
5.47762
13.0106
14.4768
10.0648
10.0622
5.09728
13.8429
12.6752
14.287
14.453
8.21217
10.1727
13.4835
9.909
6.01035
10.4647
12.994
6.02691
9.72473
13.5206
9.78248
12.3754
8.24738
10.895
12.2323
10.1841
13.9156
14.776
10.536
9.51848
14.6965
5.68981
10.8532
11.2195
10.9633
9.90934
13.739
9.68442
8.65811
13.6042
9.34287
8.36659
11.6305
9.41552
7.42215
9.27482
14.5267
8.82641
7.74425
12.8786
12.5906
9.8191
13.9115
10.5729
13.3113
14.0556
12.4483
13.1408
9.10801
14.6366
13.2717
14.7575
9.42406
8.50256
10.9617
10.5573
13.9019
9.00306
13.713
13.7839
11.4537
14.6641
12.2974
8.60774
13.818
14.0539
11.0094
12.5249
10.0023
11.3974
10.9268
9.0486
6.93315
14.2172
13.4329
14.5707
10.4404
14.3263
9.44908
14.3086
10.7023
13.364
14.1024
8.04211
14.697
14.8462
12.9288
8.73853
14.4043
14.5916
12.1865
7.06473
11.9828
10.8474
13.2565
8.9216
11.7925
12.9644
14.6168
14.0249
14.131
12.9397
9.44764
13.4365
9.40635
14.5222
11.3549
7.89887
11.5784
12.2569
12.7616
8.84308
5.09561
12.9471
4.79661
10.0001
9.39554
14.3278
14.7111
5.35296
11.1097
8.60543
11.6471
14.0399
11.5119
10.1015
11.0413
6.94033
9.72082
13.301
12.4325
14.4296
12.1346
9.61513
10.3108
9.15
11.9255
13.1115
10.9908
10.4201
9.21645
12.1813
11.8428
14.297
11.2359
10.5195
13.9479
11.721
12.6181
10.9822
12.47
14.752
12.367
10.2854
9.91089
9.02061
13.9217
9.35609
14.8686
13.8552
13.4516
11.7117
9.09942
9.87157
14.4762
10.0264
10.2562
10.9104
14.9012
9.36585
11.8924
10.0371
6.87121
9.4202
8.86053
12.5237
8.47085
8.98153
14.4863
13.9532
5.24597
11.2434
9.25825
14.3893
9.12344
5.94221
10.5601
11.3974
8.64617
6.15041
12.4649
14.5319
12.4805
10.9363
14.8778
12.6267
10.9882
7.6342
6.30439
10.4468
13.57
9.85675
11.8346
9.98674
6.0821
13.4153
9.1472
14.5662
12.0494
7.78093
13.4654
11.445
12.5054
13.5534
9.18867
10.9744
6.74456
5.54386
8.72377
14.5621
14.6922
11.2414
12.1708
13.5879
9.98471
10.3816
10.8757
7.73382
5.65082
9.5446
7.97144
9.89689
13.4197
11.9411
9.87635
13.4743
12.8225
14.0653
12.9561
14.6921
13.2829
12.6614
7.74751
7.82698
9.10083
10.3941
11.7615
10.0609
8.29376
14.1318
6.24113
9.54447
11.4776
12.0291
10.4868
9.31924
11.5444
12.6362
12.4836
10.9747
13.9315
13.5126
10.8106
7.2547
11.295
11.5516
11.877
14.5956
13.4315
14.2835
13.4909
14.7569
10.0026
11.7055
10.2475
12.773
13.2652
14.0993
11.4721
9.99316
11.6269
14.4631
8.68934
12.6903
7.92141
14.0999
5.56293
12.4394
11.1512
12.7214
6.47077
11.3451
7.57251
11.4149
11.5593
8.42342
11.5722
14.7012
5.93299
10.9834
9.79022
14.0616
13.7028
10.1871
9.87805
13.8951
14.9817
10.7704
14.844
5.06195
12.3016
14.2809
10.7567
8.78952
11.4589
14.2964
10.7991
9.46848
10.9183
9.11804
10.5992
13.7742
12.1328
11.1748
13.6715
13.0633
8.97052
10.507
13.1107
13.6497
10.7778
11.3667
5.4842
9.28925
13.2514
9.29977
11.1852
12.4146
11.4047
6.89226
9.1759
10.6984
14.0648
11.9402
9.62047
6.48791
11.0704
12.8169
13.2964
13.8042
12.2687
11.714
8.56458
12.1983
10.365
9.38289
14.4541
10.971
11.069
13.9443
10.8237
13.5488
9.28594
11.49
13.9612
14.8668
12.2186
14.82
13.8644
14.4762
11.8582
12.7799
12.5821
6.4729
9.98907
8.30202
11.8805
12.0393
13.3063
11.8911
14.3313
8.88609
13.4951
4.89047
12.5515
9.92331
13.3014
12.1581
14.6115
5.36127
14.7837
9.96101
14.9184
14.67
8.89605
10.249
12.7788
12.9667
14.5591
12.4892
14.9975
11.1888
9.42216
14.1438
11.9323
9.04989
11.666
13.3414
12.898
13.5711
12.994
12.407
10.1584
9.30885
12.9887
14.2087
9.51378
10.8471
13.3705
9.8774
11.6317
14.645
7.72791
12.1336
13.6888
12.9987
7.99087
11.4741
13.1873
12.2017
13.3949
13.6968
8.99416
11.355
13.8809
14.0654
11.0595
12.9709
12.7017
11.1247
10.9731
10.7953
7.18855
12.1594
9.56712
13.2049
8.34247
11.0933
11.6375
10.4117
9.62654
10.8991
13.2665
10.7437
11.6956
8.70947
10.686
13.4382
12.9747
10.8688
12.7709
8.8656
13.3132
11.7189
12.6888
14.6238
11.8853
13.652
9.93002
9.56475
11.7278
14.4806
14.4109
8.50317
10.1833
12.0103
14.2883
11.4624
8.51471
9.58602
14.5315
12.5502
11.0162
14.9309
11.8474
10.7184
7.10982
8.45133
12.8145
11.171
14.1607
10.5824
14.2486
8.65291
12.0868
10.363
6.36162
10.5131
14.2988
13.6128
8.74506
12.7405
13.5553
14.8494
10.9752
9.22647
9.04456
9.66191
10.4753
11.5584
12.9984
9.03088
8.95219
9.56124
14.8004
10.2116
9.09301
13.4235
8.58546
7.12832
11.6256
7.53673
8.78855
9.40713
7.2438
11.4043
11.5235
13.7551
13.3686
10.8636
14.2259
12.4383
11.1322
8.77665
12.1099
10.6224
12.6321
11.3818
10.2138
12.6137
13.5581
13.9139
11.8798
14.7473
14.5214
12.7284
9.09117
14.605
14.5243
12.4288
13.5503
8.65328
9.34709
11.5248
14.803
13.4818
14.3637
11.0992
11.1987
10.2848
14.6393
14.7602
11.6235
11.1311
9.91899
14.4635
11.8494
8.67697
14.7953
11.8103
9.71753
5.61604
12.3054
10.9007
12.0101
11.6554
9.55596
12.8091
6.3598
12.0211
9.45132
8.86047
9.92133
13.3902
6.73957
9.84845
13.3546
10.2172
14.4871
14.0174
14.7912
6.82382
11.851
13.3844
14.5498
6.38518
10.6604
11.316
9.62982
11.6426
13.7524
11.0193
10.389
11.3569
6.85432
12.2365
8.63221
11.2471
10.4461
14.5485
12.2066
11.6627
14.189
9.28727
12.4596
10.498
11.3904
9.96457
12.1788
14.8287
11.0373
14.4513
10.4333
13.8818
9.20886
12.6606
10.8179
8.57465
13.1523
4.68026
11.8499
12.6042
6.27422
11.8207
10.2958
13.162
13.348
13.8368
10.5718
5.55979
11.1776
8.77419
8.419
14.0899
13.6602
9.78028
9.07697
11.8209
14.7643
12.2739
10.9438
9.25437
10.6159
13.9055
10.0164
8.54626
11.202
11.1107
13.3562
13.7783
12.1752
7.51884
8.70156
12.5904
8.99515
10.139
8.62371
10.2389
13.2753
9.94683
11.8938
13.9901
13.766
14.9782
9.40325
11.8426
13.0862
8.1776
12.4498
11.6691
14.0749
12.9261
10.7336
10.0019
14.2041
13.9505
14.3255
8.84525
9.7864
6.17108
14.9817
9.84746
13.643
13.2222
12.4386
8.89688
13.2276
13.5017
8.44445
14.5333
12.8597
10.3359
12.9771
13.7817
8.80853
11.2067
11.1416
13.496
10.9561
12.9024
14.0933
10.9463
14.3391
14.6276
6.11926
10.7989
6.16937
14.3613
11.5613
10.9361
10.5359
13.5305
10.0806
11.047
13.6378
11.8247
6.74404
10.8052
14.5957
10.6039
8.75027
7.09056
8.62567
9.97158
8.58294
11.3492
8.0671
11.3253
12.079
14.4594
14.2253
9.3695
8.27377
7.192
9.91673
8.39481
12.8367
10.618
8.60056
12.1141
12.4875
8.3983
7.96131
14.6794
14.1036
14.3553
14.8367
9.69743
11.7332
6.58754
14.3036
13.2534
10.9142
11.5853
14.7394
10.8403
10.1267
12.9699
13.3301
14.2936
11.1578
11.6583
12.5809
10.4794
7.54511
10.7082
8.95871
13.4082
12.2633
8.44619
11.0052
14.7364
8.94406
10.6451
11.2591
8.68576
12.1805
11.5622
14.1571
5.43156
8.99557
11.0924
8.93819
8.26306
10.41
12.323
4.16385
10.7716
12.2996
10.1409
11.6662
10.2127
12.0413
13.445
14.237
14.8935
9.10577
10.5089
14.2096
10.5206
14.2061
9.77729
14.2682
12.9744
14.1756
14.2786
14.9478
9.83153
12.5696
6.10463
13.6143
10.6362
13.9748
9.82146
9.08035
11.5882
13.1273
14.2031
14.7733
6.22452
12.1221
14.3996
12.1908
7.12117
8.50394
10.6108
11.783
14.0591
10.3604
14.1626
10.8392
13.1895
13.7762
5.66799
12.9249
14.0615
13.7499
13.89
10.3255
13.3923
10.6687
10.8196
12.2509
11.8863
14.5971
12.4685
13.5789
6.44295
14.4491
13.166
13.325
13.3112
14.2227
11.7516
10.6648
8.80476
10.068
12.8627
10.0148
14.3053
7.93076
12.4228
10.9005
8.96935
11.2524
12.7511
13.8218
7.29619
10.3017
12.3072
14.2827
10.7121
6.37347
5.75511
11.6054
12.0809
12.927
9.67934
12.3474
13.8219
14.7107
14.7634
13.3007
13.4688
13.923
13.5331
10.7497
6.11897
12.0706
8.50371
6.35908
10.31
14.197
12.7612
9.40817
8.45464
7.45611
10.2891
8.40352
13.5619
11.1479
12.3777
13.4352
13.2232
10.6108
10.7887
10.5419
8.40078
8.73185
14.0279
13.6919
13.0065
14.6326
8.89989
9.94828
6.62325
4.45973
9.86016
14.3492
14.3964
10.3962
10.8508
11.983
8.14147
7.10848
14.9965
5.50718
11.1336
13.9398
6.70177
9.65034
5.25067
8.6869
8.53311
7.86007
14.0974
6.1521
13.2593
7.70986
13.5498
10.055
13.8252
12.9881
11.0716
6.06373
12.3008
10.4906
4.86771
7.51343
13.0638
13.8017
13.0494
13.7473
12.8605
11.7324
14.7594
13.7472
8.48181
13.0151
9.94161
13.9486
11.1805
12.1358
12.1664
14.641
14.4471
14.4723
11.3715
10.8201
13.0926
11.2133
12.4846
9.8656
14.656
10.9033
13.9884
12.352
11.6636
13.5841
13.6599
12.2539
14.5035
9.33537
9.20607
14.5094
10.0195
10.0947
9.78384
11.6397
10.0779
14.4336
13.041
8.63752
6.26745
11.7215
14.619
13.077
13.295
7.22533
12.3301
14.4373
14.4353
10.5926
8.78352
10.4597
11.8914
14.2373
12.9753
10.4786
11.6238
5.95268
7.16832
8.83464
11.7496
9.46495
14.168
9.45314
3.43561
8.62343
4.7486
14.0293
14.3665
11.235
13.8248
8.57091
11.0602
12.3257
9.29319
10.5625
12.9721
14.8123
9.29218
13.3485
14.7836
9.82605
11.1818
11.3539
10.9172
8.74043
12.7064
12.7655
13.8487
10.3921
8.41524
11.2758
10.1159
14.7098
11.8204
11.516
12.9379
13.3698
13.3191
10.5462
11.2289
10.1315
14.6029
8.79562
10.0112
14.7015
9.20285
14.7932
9.78676
9.98465
12.2787
7.73049
10.173
7.59584
12.5543
9.05107
11.4013
10.4961
10.882
6.02539
12.8368
11.5094
12.8451
6.60391
14.1743
12.8906
14.0164
12.0887
10.6322
9.19791
7.82133
11.3999
10.4423
11.9673
14.329
8.97408
9.22266
13.1781
11.802
11.6507
10.3796
9.3897
11.2602
8.69833
9.90558
9.74366
10.6176
10.4332
10.1564
6.71644
14.3714
13.2935
13.5779
8.43297
7.24445
8.14264
10.4302
11.3004
9.04564
12.8626
14.195
4.87808
13.693
14.1856
8.49639
11.0319
12.364
11.9845
13.5756
14.1151
11.8411
14.8713
13.1375
9.92547
6.1652
12.7036
11.7054
13.6206
13.3998
9.85503
12.4219
9.86158
6.33441
8.33302
6.41361
13.592
6.19856
12.26
14.5013
13.7029
6.25886
10.7849
4.98406
12.9541
13.6545
10.1822
8.93751
14.1482
13.3574
4.76874
12.8929
11.6928
6.42615
10.8261
7.62865
10.9922
8.34482
14.7896
10.5566
10.8009
13.3082
9.66735
9.61462
10.1038
14.2127
8.9068
12.1259
10.2512
9.78652
13.6961
11.7241
13.997
12.5908
10.6521
10.0164
14.5935
14.1311
9.98959
10.0253
13.4399
13.7508
9.26519
8.26495
14.898
13.6461
9.38912
8.63103
14.3112
10.6422
12.2872
13.2279
10.979
10.5146
8.99718
12.7597
11.7596
14.3606
8.46791
8.66917
11.3063
10.3049
14.4872
13.6048
9.80492
12.7595
12.0174
13.7678
13.9734
12.4242
13.3692
14.9061
5.92401
8.62223
13.7178
14.3572
8.57146
14.0366
13.6755
9.58154
10.1325
13.0881
14.795
14.9921
10.2403
4.41462
11.2055
10.1153
12.667
14.8258
5.78726
6.43742
12.3501
14.9184
11.606
13.6649
4.7469
13.0552
11.8734
11.6146
12.9443
11.614
13.5683
14.1618
14.4493
14.496
11.7206
10.8901
9.48599
14.3331
14.6749
11.5395
12.8443
6.44751
14.0265
12.3513
14.3837
12.7394
14.6461
12.178
9.78422
13.9281
8.26841
7.38152
10.6981
10.0662
14.4195
13.413
13.909
10.4516
12.4157
13.2109
11.7122
13.2268
12.7112
9.84984
10.008
10.5859
13.4544
9.82217
13.295
12.4338
12.8641
10.2852
12.5086
14.619
9.52055
12.107
14.8977
14.838
14.5878
14.9339
13.9237
11.5513
14.7417
14.7403
13.1703
13.4236
13.846
12.4868
12.8629
8.79262
10.3169
9.43656
10.2298
14.5599
4.33402
9.02161
12.0775
9.13855
6.64139
9.99498
6.52239
13.5287
10.5094
12.8868
11.0239
12.0315
10.8518
10.4262
10.5653
14.777
9.78036
14.5203
13.6987
14.0454
13.7706
12.0106
8.05931
9.09706
13.2307
11.9523
14.7503
6.92076
13.887
8.65061
14.4633
9.7182
11.0981
8.05644
12.7506
11.221
10.6667
12.8345
13.1122
11.7461
12.061
10.6929
11.7983
12.8404
7.01168
8.748
14.713
11.983
14.9048
14.3516
14.2317
6.20133
9.91292
5.30611
13.0802
13.3139
13.2835
12.6172
12.7079
13.4313
12.0992
11.9586
8.72704
14.5018
8.72299
13.993
12.5049
12.8908
9.62978
8.69341
12.5272
10.88
13.4301
12.0507
8.5858
11.361
12.8492
9.73622
11.3057
13.5453
6.67849
9.91012
12.3616
7.57889
10.5204
8.25879
11.8737
14.0551
14.7083
14.4012
13.3456
14.8875
14.3882
8.93022
10.9435
8.50609
5.25064
8.89009
9.93768
13.6616
9.51886
13.6802
5.6777
10.9278
9.21789
12.8279
10.9742
12.9388
11.1335
12.7221
10.4103
6.82544
10.3632
12.8758
8.37866
13.3862
10.5406
9.90894
5.10747
12.7718
10.6605
9.7025
9.69406
13.3528
12.8643
14.8201
9.89921
13.8319
8.8627
10.3457
13.494
10.947
7.59123
5.59197
12.3791
11.4334
12.8401
12.5043
12.672
8.66326
14.0799
8.19843
11.2666
6.81862
7.78638
14.9624
13.3251
12.1835
8.66738
14.1049
14.265
14.0931
12.9973
10.9669
14.2795
10.4984
13.8953
11.0008
14.864
14.4534
10.1039
13.1029
11.1153
13.4062
12.6578
13.633
9.89888
14.6705
12.6249
13.8266
13.7241
11.6483
8.54539
8.57465
8.64721
12.1849
13.1369
12.2644
11.1645
6.86086
8.48282
4.22198
10.827
13.5046
12.6897
14.9274
12.0778
12.1746
13.5834
10.5847
8.52842
6.43402
5.46159
12.5112
14.0952
6.28947
9.73762
14.8584
9.3997
14.7795
14.2013
11.4903
14.1268
12.8473
12.2656
8.43836
9.45254
10.0125
13.5615
8.62292
6.01965
8.38053
8.31976
12.4296
12.9485
8.53185
10.5594
13.1174
10.4169
14.9682
10.1698
9.78554
9.38962
11.484
10.351
10.4098
12.6129
13.3868
9.57122
13.8768
10.7553
9.98924
14.4465
14.204
10.2324
14.6653
6.86871
9.96844
12.0323
11.9126
13.743
6.27675
10.7918
13.0523
6.29517
10.085
7.7749
12.8842
11.4938
14.192
5.71208
5.23438
10.1896
9.97384
14.4796
14.7638
11.7714
8.06973
10.5074
14.1469
14.4116
14.1593
12.0621
14.5878
9.713
11.0327
9.58929
14.3658
14.5018
8.96373
9.71199
11.8307
7.17536
12.8944
9.43298
12.6135
12.1643
6.60938
14.9831
12.8432
14.8505
13.6311
9.04765
10.0843
9.23248
10.76
13.7148
6.30389
14.9689
6.01459
12.9676
5.08588
11.5735
10.8467
14.256
8.48803
13.0004
9.14864
12.4548
6.07488
10.0674
14.1715
10.4677
9.56652
11.1316
11.0007
7.08916
13.8139
13.5291
14.1025
13.4171
12.6451
11.8161
9.84472
13.3199
11.1365
14.275
9.14092
13.9777
14.9101
11.7493
7.34246
14.9516
9.07006
13.979
8.27763
10.4814
14.6252
13.0061
10.0307
9.21958
13.6037
10.5681
11.0297
13.9477
10.1008
9.43556
7.46741
14.0522
13.4439
8.59758
12.4261
14.2196
14.9894
14.6808
14.5782
10.0691
12.2927
13.4502
14.1249
12.8794
11.3731
12.2863
9.52409
8.01497
8.58129
11.9823
13.1804
13.8371
12.8023
9.8802
13.7161
11.6658
10.3702
13.8213
10.3929
13.3496
14.5712
13.2589
10.53
12.1286
10.1025
14.2233
10.1835
12.6006
14.4089
11.5175
10.0194
12.9465
12.2921
11.0273
14.6372
14.6724
14.0958
13.7015
6.49095
13.8871
10.6375
14.4632
12.6818
14.4062
10.923
12.0194
14.2884
14.3895
11.1457
13.6277
12.4426
9.32195
11.5409
5.48743
11.3542
10.1822
14.7084
6.47665
13.9228
14.3247
12.4387
10.9691
8.22892
13.2821
7.22303
12.0219
12.9401
11.8041
14.6194
14.9775
14.6374
13.7853
5.5382
11.2924
13.9657
12.7157
14.5828
13.696
12.7988
14.5716
13.6699
14.6584
9.12219
14.9573
12.4838
10.5652
5.90995
10.0452
12.6278
14.2945
10.4425
9.97751
9.96666
11.2279
12.2059
14.3066
13.2093
12.174
13.171
9.40393
13.1669
14.127
14.5492
11.9905
9.58913
13.4877
12.2355
13.0796
10.1502
11.0226
11.6058
14.5598
6.62032
10.94
9.49694
12.1725
10.2096
13.2591
14.9772
11.2722
10.2178
14.2071
14.0283
12.7753
14.0238
5.43014
9.73069
7.53682
5.9801
11.9158
11.0142
5.98001
10.9105
8.54675
10.471
13.1627
6.80446
14.9123
10.4876
12.7809
10.6222
13.5628
11.4547
6.76467
13.395
6.43158
5.33714
11.6178
14.0695
10.303
9.73272
11.3505
12.9108
10.576
11.6022
10.0456
12.7506
9.88682
8.52974
14.0835
9.69491
10.648
13.5947
11.276
4.70426
10.0748
10.0356
11.3115
13.7026
13.8548
12.3957
13.6755
10.0225
6.0736
10.8186
11.8765
13.1441
9.76099
14.1312
10.4839
5.84976
5.81723
6.34164
6.1377
12.3554
12.7103
13.713
13.5301
10.1147
12.429
6.84987
12.5906
14.5222
7.603
9.73287
8.57671
5.82861
8.93276
11.6931
12.8794
14.5007
10.3813
12.2612
12.7647
8.61012
8.98399
12.6405
14.7673
6.22652
6.34602
14.9958
14.0581
14.9951
11.301
12.5274
6.16159
13.8059
6.26124
12.8294
7.11036
5.54003
12.0099
9.59782
14.6657
4.90148
11.854
10.2457
12.7373
13.3955
12.1471
14.2174
13.0206
6.30744
10.6791
14.2218
13.0855
9.94359
10.3765
12.2296
12.4977
5.51715
11.6374
9.45216
9.85486
13.8227
13.6533
13.3024
13.9084
9.733
11.4886
14.7523
10.2953
14.8966
7.86428
10.5079
14.9387
13.4623
7.02756
10.9797
12.615
12.6098
6.10815
8.52785
10.9974
10.6105
14.1297
11.0622
6.42907
14.9504
8.44106
9.54891
13.1416
13.4379
8.90118
11.8326
8.48088
6.11455
9.70874
13.8791
12.8496
8.79088
14.4303
7.58759
12.3341
10.0311
13.7999
14.2121
13.4867
10.8371
12.1267
8.55828
14.6788
10.4941
10.84
12.3346
12.5167
8.03986
8.86349
13.6717
13.8649
5.3725
10.6656
10.4148
11.0427
9.13675
13.1301
10.0346
9.24491
12.17
11.6812
13.8868
10.1762
12.5746
9.82787
9.819
11.0596
6.94399
14.5228
9.05167
13.2536
8.45926
6.18606
13.4005
10.2415
14.9073
13.1739
9.71655
8.24541
14.7069
11.3443
9.74449
13.7376
8.69434
11.0182
11.0001
11.9072
7.05601
12.1578
10.2648
13.6661
14.2406
11.8865
11.265
10.2814
11.9509
14.6486
12.837
12.023
9.41878
14.2243
14.4126
11.2096
12.9403
13.6228
6.419
10.7309
11.4972
13.2817
12.6668
12.2292
7.76192
11.0672
13.4572
11.448
9.01296
11.5927
12.1708
12.8043
8.66284
12.3009
7.39886
11.1996
12.3455
5.34384
9.40249
12.5806
9.98189
9.01666
14.0853
13.3305
3.99114
11.217
9.91336
9.16157
14.0424
14.2401
12.8144
10.7905
8.28172
9.5548
14.7766
13.9932
13.6431
11.7592
12.0567
13.0211
9.82706
12.2296
9.89476
5.84164
12.8783
10.3737
13.153
14.5954
6.1561
14.4424
14.0761
11.2036
8.39015
11.5623
7.55951
14.3435
11.0578
6.93077
10.8762
13.468
9.79746
7.94789
9.06662
13.792
13.7739
11.3345
13.3987
6.32281
14.6942
8.59764
11.7057
14.9016
9.09665
8.15561
13.3073
13.9311
12.5625
14.2884
9.66292
11.2406
10.691
14.3674
14.9453
10.7558
6.26069
9.55061
13.2988
12.533
6.28235
10.7493
9.91092
12.1594
14.3643
8.84998
14.7812
12.6958
11.6655
12.6457
13.4085
8.26463
11.2212
13.2808
14.1398
9.45766
13.7562
12.861
8.71197
6.49343
14.0933
4.64517
11.8781
8.62867
5.43539
13.6558
12.6729
13.8688
11.4306
9.36808
9.3152
14.0038
11.7674
9.81901
11.3997
10.861
6.59537
12.2672
8.53074
13.599
9.23323
8.63724
11.2298
11.5729
6.17191
8.52431
10.9701
13.6002
12.1784
8.00386
9.97985
12.0967
10.0409
11.3744
14.3639
10.6505
13.2823
7.4009
14.9502
10.2984
14.9116
14.65
13.2098
5.98574
14.3479
11.6044
14.644
11.6269
14.6031
12.6212
11.3471
14.5886
13.2135
14.0978
13.4959
13.4229
14.6997
13.5408
13.6764
5.77581
8.99008
13.8099
5.61341
10.0978
11.0913
9.98133
8.35077
9.22243
13.4862
13.8444
10.8481
6.01261
10.3813
12.3094
11.6841
11.1024
14.3343
6.59962
14.5023
11.7916
6.43038
11.0602
10.325
14.1378
8.27363
10.1472
6.22317
7.46742
9.86984
10.144
13.0533
14.6736
14.8411
13.3183
11.366
13.4582
12.8833
9.78017
13.2048
5.5284
6.28627
12.8634
8.85948
8.32713
8.71795
13.2627
10.4629
10.8261
10.9272
10.1076
8.84372
13.5882
14.9824
7.42887
11.5399
12.2871
9.9784
12.5891
5.06283
10.8868
12.9995
9.88849
14.155
13.5011
7.2219
14.8931
8.67852
12.916
14.8096
9.00977
10.5639
9.73706
13.9832
11.7926
11.9472
9.81824
9.2798
9.59292
11.278
10.766
13.7807
11.7572
13.0434
6.54408
14.3361
10.0602
12.195
6.18623
14.3216
10.5335
9.89999
12.4002
6.18936
11.1713
10.2896
12.4568
9.94664
12.1411
8.6972
9.03405
13.8371
10.0518
11.5406
12.9742
9.9171
5.1588
11.2461
12.7579
9.41718
12.9393
13.1443
7.71579
10.0746
9.4744
11.2226
8.90849
13.7382
6.40935
10.0875
7.06432
7.02339
12.0884
11.7863
8.97546
9.42327
13.6732
14.713
13.8926
14.3591
11.795
14.9523
11.2642
12.8481
8.85616
8.32221
12.5587
14.1318
14.5039
11.8254
13.4351
4.98021
8.44475
10.4642
4.76868
10.0335
10.8939
12.3704
13.0896
6.17533
13.0845
12.0992
13.1394
5.49307
5.53259
13.4957
14.4012
11.014
12.1389
8.56798
12.2384
14.917
13.4371
11.0639
12.6855
14.1531
14.6834
14.7263
13.9541
10.1801
7.90196
12.9486
11.0528
12.1183
8.97195
13.808
10.8225
14.5723
6.31848
14.6798
14.3494
9.56624
12.6327
14.4243
13.7957
13.1452
12.2322
12.0039
9.61311
14.6593
11.6784
12.4191
6.20877
14.4414
14.0949
5.41637
8.71239
6.95566
10.0107
11.555
6.63994
7.35633
11.4692
13.7402
13.4651
12.8063
12.2921
10.8642
6.43921
10.9153
4.14257
14.6465
6.5319
6.35397
13.6476
10.3216
10.7906
13.4527
14.6732
11.992
12.5766
8.3128
6.87388
13.0798
11.1995
9.95199
8.87423
12.1474
11.3756
9.78898
9.04529
14.802
12.9263
12.7183
10.4611
12.1557
9.92847
9.096
13.5528
12.2338
11.9097
13.6272
11.7727
13.1452
11.4347
10.9881
6.46102
6.38013
14.1961
9.40106
14.4342
9.22878
9.8049
11.8155
14.4435
13.5814
12.4887
10.5311
14.2394
14.4672
12.2226
11.2373
7.2321
12.5154
14.95
12.4275
10.817
6.55706
14.1387
13.8875
13.986
10.3241
12.3929
8.5853
9.72447
14.0739
8.19677
7.72178
12.8578
10.0534
14.826
13.6008
5.60887
11.2728
9.74283
10.9623
13.2282
4.83276
13.4621
12.3251
11.631
6.84002
12.5628
13.965
8.78181
13.9386
12.3797
8.52428
11.4257
7.6322
10.9017
9.5221
14.4241
11.9664
9.84718
10.5615
12.4016
14.3713
10.8293
12.5665
14.4129
6.46096
13.6476
11.1227
10.8243
9.95942
11.3837
11.8397
12.8464
12.4269
12.3052
9.49917
9.76999
13.1629
4.75573
9.02098
6.48332
8.89308
14.2691
12.9705
10.5643
14.15
14.1954
11.0471
5.50745
7.36494
10.2471
13.3769
7.00035
6.5516
8.58807
9.87807
14.1859
14.9467
8.80401
6.29641
10.0473
10.4352
12.0484
10.6389
9.92037
14.1633
12.4048
10.2555
10.5564
14.8023
14.4059
13.9529
10.9357
11.1971
6.58219
12.3933
14.7001
14.3222
9.98347
11.035
12.7624
8.55608
9.45132
7.53243
10.7063
14.3793
8.00419
4.68933
10.152
11.3863
10.1774
11.0246
9.19546
10.7853
11.7027
8.94845
13.0266
14.3853
8.28096
11.9463
8.70432
14.3639
13.7723
8.22229
8.74445
14.8248
9.9797
10.379
12.1885
14.1665
10.6818
13.291
12.8746
9.95821
10.2568
12.7646
11.6148
6.30163
12.6991
8.87097
8.22827
11.0691
6.33735
8.77068
12.7657
11.9725
13.9616
13.2408
7.22675
13.6722
12.1082
11.1891
11.1883
11.8784
13.6127
12.0424
10.361
8.24329
11.2889
11.1256
6.39024
10.4294
12.3941
9.89204
10.3866
13.8157
11.8742
14.7563
14.8288
13.6961
7.03337
11.877
7.11153
10.5864
9.91806
10.4513
14.3523
10.4053
12.8145
11.8515
13.3199
12.6434
8.6661
7.73864
12.6476
9.13028
14.3383
13.4819
14.466
4.19653
9.01584
14.0745
13.6993
13.6017
8.6292
11.9258
5.42175
10.4095
14.779
6.22082
12.7278
9.2485
13.5748
9.82792
10.0668
14.5831
8.68849
13.1773
7.05305
7.92211
11.4284
8.00277
14.9825
9.65121
10.0273
8.23073
11.5193
14.1315
13.5174
7.04573
12.3691
7.38369
13.0917
10.5424
8.28172
12.0017
10.7063
10.4944
10.3401
7.78335
4.41191
11.9632
7.22525
10.4589
9.97433
13.2004
8.30054
10.884
5.76787
12.0928
10.4981
13.3728
13.0927
8.91921
12.6748
9.42074
11.7581
9.45476
10.2253
9.98703
5.76858
8.76592
12.1058
14.6923
9.52029
11.4191
8.06405
10.0346
9.78465
8.6134
5.56965
14.9459
12.3326
11.7049
9.96228
14.9277
14.7094
14.2765
10.9629
13.65
12.1216
14.9871
9.75041
8.78471
10.0105
8.00897
13.5312
13.5218
12.0114
14.0342
11.9375
14.7251
10.7329
12.2386
14.8209
10.8531
12.2634
10.6984
6.12526
10.1265
10.7276
13.1472
10.4618
10.1663
12.5882
7.80204
11.5568
13.8489
12.828
8.34507
11.7775
6.84156
7.42147
13.2444
5.5862
14.3392
12.0703
11.236
10.4507
13.916
13.7504
12.7195
12.787
9.91349
9.6482
9.93094
11.9908
7.54289
11.4049
10.169
11.6967
11.4083
6.65619
14.2797
10.5501
13.7892
8.72036
14.8442
10.693
6.55746
13.3103
13.096
9.90422
12.4044
14.6522
12.5586
14.9986
12.6637
8.46373
10.6068
13.2511
12.3022
10.2596
10.7098
13.2882
12.0249
14.4239
14.4299
9.3019
6.20647
14.1488
9.059
13.8624
13.2392
14.4405
10.8853
11.1882
10.6627
14.5072
14.9659
9.62908
14.6097
13.9782
10.7065
14.7
14.4373
12.2873
12.6291
14.443
9.69823
14.5334
9.45014
10.6364
9.77512
14.3741
9.95356
11.0479
9.74011
14.4501
13.6881
8.09606
11.1651
7.90257
14.6313
13.7501
9.04301
11.5396
13.3758
14.0561
11.5492
10.308
11.5178
6.68498
9.32891
9.99181
14.6287
7.61807
14.3001
10.5799
13.4333
13.9088
13.5819
14.0287
10.4348
11.8045
13.7925
13.7738
13.5724
11.1994
14.9531
11.3816
11.1238
13.5059
10.7945
9.9386
9.26042
14.784
12.0396
9.77416
12.7151
14.4307
13.2154
5.20488
8.1985
14.9989
10.0718
10.4765
12.3604
14.6257
10.7891
13.8554
14.3861
10.7965
13.9035
10.806
14.3722
6.1714
10.3461
12.8372
13.0629
10.6169
12.0614
12.5984
8.78348
10.7027
6.39855
9.60158
7.87181
13.0983
14.1812
6.98258
10.6464
9.15728
12.9647
14.6044
10.186
4.99809
12.588
13.5312
13.9681
14.0729
9.44844
13.7982
10.9814
12.8314
14.1299
8.8352
9.09235
13.3577
10.3884
12.1361
12.6695
14.7004
11.1039
13.6617
13.4492
5.08925
14.273
12.2632
11.5786
5.42234
10.4525
13.921
14.2819
13.5619
11.912
9.53896
13.8901
14.3126
9.75832
5.857
10.7559
12.2373
14.4111
12.5435
14.7709
8.94415
13.3196
13.4854
9.52546
13.1447
14.2727
14.3655
13.2748
9.7944
6.73011
11.5593
12.7021
6.962
11.2774
14.4252
11.5714
9.63798
12.5448
13.454
8.61296
12.9983
9.78233
12.9485
10.5608
5.07447
6.41174
12.8437
13.3466
14.8169
10.9435
8.8505
13.1518
9.71675
12.5099
14.8562
14.0913
12.8993
13.6934
12.0326
4.90654
12.7865
7.60655
13.2426
13.1487
10.8388
6.69487
13.6645
12.7631
10.7645
9.15751
8.21944
13.6576
8.37034
13.4369
12.7927
12.3097
14.1242
14.6551
10.5171
8.97885
10.5848
14.0454
12.6053
13.5916
10.8959
10.3664
13.2795
7.21633
13.4294
12.1034
13.619
8.84351
12.6913
11.5521
9.58625
10.8181
7.89902
12.6043
14.585
11.9544
13.0713
14.9285
11.4786
9.41603
5.99348
8.93909
11.1909
10.6567
8.53463
11.6595
14.2914
6.6389
11.4194
11.604
5.95014
6.80822
13.6834
13.145
5.69787
14.9121
8.19558
8.65416
9.9844
10.8257
8.18391
10.0856
14.3905
10.2791
10.6024
8.62708
13.88
8.82379
11.8929
14.2566
6.47576
14.2661
13.4681
13.6643
13.7711
10.3597
12.2437
13.228
13.3569
10.788
7.88674
12.611
12.1227
8.78331
11.4119
14.6437
14.6704
13.3369
13.2387
6.77631
6.10196
7.44701
9.10552
13.0104
9.54725
9.36329
11.9101
13.9212
7.41952
11.4845
10.276
13.9115
9.73278
6.29027
11.5889
12.0221
14.7766
10.4132
12.8072
11.6133
14.8836
12.875
13.7872
14.5637
13.523
10.092
11.337
9.65946
12.6638
9.23841
14.5594
12.1674
14.1718
10.6946
12.2667
8.76842
10.4206
10.0696
7.41423
12.6024
11.7402
14.6606
12.0323
5.52391
9.49684
9.23987
12.353
6.15669
10.6792
10.1027
11.3376
11.8472
9.5425
13.2047
8.82606
10.8938
13.9358
14.6064
12.506
12.3064
11.2645
13.9772
9.50758
6.01825
14.9766
10.4728
9.69174
11.9847
7.35557
10.6119
12.2049
13.145
14.7753
10.3854
8.46161
8.27996
9.71606
13.9612
13.194
13.2919
11.0173
12.7929
8.54425
8.56507
14.6683
9.96305
10.4987
11.9516
13.734
11.1559
7.74731
8.96933
10.234
13.0627
13.851
12.3099
10.0798
13.832
8.36244
12.0262
8.54124
6.10088
13.9465
14.786
11.2715
11.5148
8.14844
9.77851
10.7724
11.897
14.6247
8.44133
13.3877
11.4801
11.7166
8.73195
8.73376
8.32506
6.18777
8.5994
13.3888
6.02743
11.801
10.5379
14.7762
8.36157
12.1422
13.7487
12.7709
5.89591
9.88707
10.3211
10.5737
8.54444
14.1325
9.83796
6.76685
11.1865
11.2869
12.1813
10.1529
11.5639
12.8097
12.8958
12.3956
12.3162
11.6172
12.9851
6.43602
14.8551
13.3272
14.0087
14.5068
6.48829
13.6767
14.4605
13.4037
10.2537
8.49382
12.4503
10.3388
11.9059
10.0781
10.2669
12.4527
13.52
14.6675
12.8144
11.6557
5.60235
5.30457
7.12587
5.95552
11.4004
9.59939
7.64332
9.94272
13.6385
13.9092
14.0956
8.42832
11.5377
11.1459
14.4322
6.73709
9.06288
14.1998
13.4272
7.52353
10.3161
12.9062
13.2354
9.61234
12.1486
10.3423
7.74817
9.57883
14.5338
14.25
14.1439
14.969
12.1707
11.5035
8.27645
13.0977
11.0066
9.88564
12.692
12.6751
7.40946
13.1333
12.477
11.3548
11.6424
14.7498
5.08483
9.12856
10.6681
4.50456
10.5231
13.4237
9.76911
9.89726
8.5358
9.63964
11.9128
13.517
4.62323
13.8545
5.02136
14.1966
6.32128
8.70923
12.9659
10.7052
9.60261
11.7028
9.0976
12.7479
11.985
14.9733
8.86092
14.6627
10.5776
14.0721
14.7082
13.3363
14.0576
9.51797
9.98534
5.34253
11.3598
13.719
6.07657
14.1471
14.5754
12.7822
13.0375
9.95754
6.28779
11.1762
10.0238
8.31496
12.5764
14.4542
9.76273
14.1813
10.1348
13.3245
4.74437
12.192
14.1801
12.361
14.9067
13.1157
11.0934
8.54943
11.653
10.0156
14.6796
9.88863
13.9191
14.0346
6.45411
10.1484
8.00686
13.7816
14.1424
14.2757
9.61366
13.7131
10.6737
10.5654
12.3116
13.1708
11.4364
10.9159
14.1429
13.6548
5.10877
8.4282
14.3417
9.61902
6.02527
13.5602
9.53437
14.3261
14.11
6.10523
6.10226
8.4559
10.3409
8.45719
10.0176
8.8927
11.7493
11.4257
12.1621
11.7099
10.1559
12.0486
11.7188
12.1584
13.9032
13.5415
12.354
10.8124
11.8163
14.3072
11.9786
13.7093
8.78117
9.62025
11.9493
10.5464
8.40032
10.8927
7.93367
14.2474
14.9062
11.9186
12.63
12.278
14.5412
11.4028
13.7317
14.6206
10.3653
8.68652
9.8105
13.5131
6.11341
8.12229
8.32101
6.06352
5.67899
8.92246
10.6395
14.084
9.6916
13.5917
9.81651
14.2838
6.3178
10.3622
10.552
12.3238
8.72138
12.493
12.4622
12.2075
14.863
12.6736
14.1187
6.33041
6.35569
12.2848
14.4869
8.86394
11.6798
14.1633
12.3525
11.233
10.0992
5.87868
10.66
8.50727
9.28758
13.4335
13.2971
13.8943
13.4526
14.7829
9.7655
10.6445
6.04868
8.65012
11.0483
14.5951
6.30464
8.71628
7.52483
13.1115
8.10956
12.7623
12.3802
14.0615
11.0808
12.0131
13.7675
14.9679
14.394
14.9317
13.0344
9.32556
14.3629
6.33187
10.464
10.0501
8.66051
10.114
12.6457
14.3142
8.8314
10.7846
12.2452
8.59593
14.5173
12.3699
14.1812
14.2858
9.57242
6.01908
9.93214
8.59189
14.2997
7.04991
11.0605
9.3755
12.9836
13.3458
7.58873
10.4791
13.633
14.232
10.4244
10.2073
10.0819
13.5095
14.4997
9.8981
8.11643
12.8075
10.9101
14.0465
11.5713
14.046
11.1836
13.6001
12.7131
10.8954
12.0455
13.9316
13.0302
12.5304
9.53144
9.93924
12.9246
13.8232
5.34951
14.8946
11.6875
12.5223
13.572
5.07657
11.5413
10.451
14.9459
12.8233
14.0264
10.5757
10.4917
8.58834
8.24263
5.89424
13.6846
10.2826
13.2568
7.94134
14.6222
12.6392
13.0515
13.4214
9.22852
14.0251
10.3799
11.0876
12.8726
8.06142
13.6315
13.168
10.855
10.8704
8.71177
14.0491
12.5887
8.88661
11.0962
12.6087
13.5537
9.25672
14.3228
13.0449
12.9556
10.2505
11.6332
7.85281
13.9048
14.7917
12.7291
9.3848
11.2387
9.72503
10.1861
8.00877
12.096
14.7139
8.37665
11.0496
14.8953
12.2623
10.0705
14.366
9.55228
10.6207
11.4058
13.0535
13.6902
10.8126
11.6702
14.2481
12.8796
10.1706
13.897
8.16205
14.5133
9.86265
5.12521
11.5421
12.0722
12.2032
14.4514
5.45759
14.0263
6.76483
14.2629
10.1559
13.011
11.913
12.6491
13.4613
10.214
14.1262
12.9205
13.0399
13.2413
13.6698
11.8352
12.4226
9.42509
5.16673
6.31458
14.8916
9.29885
9.28459
7.06893
8.68909
9.63025
9.92701
12.1116
13.3323
11.8588
9.32224
13.826
6.11433
10.269
8.85318
9.28085
5.71534
9.2552
14.5754
14.4672
11.7616
5.11218
11.7128
14.5056
10.2531
11.0408
14.2898
7.91211
14.1583
14.1453
7.55193
10.5274
8.73417
11.8782
12.0338
9.53978
7.99198
13.2021
11.4227
12.8676
13.1387
6.5286
11.7163
7.77674
10.012
13.7008
6.14158
14.551
10.4015
9.14198
14.3962
14.5608
9.68096
13.7703
13.989
12.7684
12.0179
12.7084
12.4414
14.6377
9.78235
11.0497
13.1964
13.8423
8.47883
9.90819
11.4516
10.4781
14.097
12.5085
12.3375
8.2025
12.6963
14.5503
6.18431
13.2355
6.00563
11.3569
6.61689
5.7919
12.3865
13.253
12.669
6.16017
12.318
13.8127
8.0928
7.96688
8.21837
10.943
13.784
14.0208
10.4208
10.8408
10.4027
8.54033
6.31486
13.4733
12.1283
10.3075
14.7891
11.9072
12.1222
10.647
10.7237
13.0641
6.34134
14.1519
9.88414
9.55267
9.88993
10.4819
4.42063
9.44304
14.98
8.98404
11.2187
14.924
11.4007
14.6849
9.90917
12.1451
10.6775
6.26494
13.8757
9.17878
8.30727
12.6926
10.7118
12.6102
14.4028
12.2189
11.9861
14.4374
7.89206
11.4511
14.3729
5.87084
9.25394
13.9302
10.1155
12.0543
11.7361
8.67727
14.0699
10.5224
6.66306
10.4407
13.8916
14.477
7.04514
12.9835
9.39169
10.4638
14.745
12.874
9.85729
10.919
14.2581
7.74298
12.7275
4.46307
10.1754
5.15832
14.2069
13.0449
10.1185
9.8536
11.6948
11.1215
13.3917
9.48252
12.7252
12.0296
12.0059
14.7058
13.3929
10.1183
11.1696
9.06711
10.6134
8.0582
9.90561
6.36861
4.23502
10.9416
6.63601
8.8296
14.8231
8.73165
5.57161
11.1667
13.5713
12.7556
12.9441
13.8057
9.67163
14.3981
13.3541
11.4477
9.53735
12.8584
10.7667
12.3655
14.7746
13.3985
10.3187
12.272
9.94116
8.70267
14.4005
13.4067
13.2064
13.7338
8.39691
13.2399
8.51678
9.06564
12.2373
10.755
13.3363
5.8678
8.30758
14.3454
12.1144
13.0606
11.6739
13.9197
14.8902
10.2239
5.85582
14.3411
11.5186
10.1336
11.2149
14.6284
9.06341
6.39238
12.286
7.41992
13.609
11.3706
12.5397
6.80479
12.9483
11.4477
8.35656
13.1679
9.63834
14.1121
14.3354
10.9077
8.9912
10.1018
9.60277
13.5422
12.986
14.9747
6.11915
9.92776
10.5592
14.8047
10.3849
8.65283
9.84366
12.3576
10.023
12.4522
8.54062
14.1239
13.7787
14.614
14.8736
5.63904
12.5988
10.1377
12.9022
14.4112
6.18407
14.9372
12.8764
5.05139
7.22763
9.40394
9.76004
12.9464
12.5881
10.0192
12.1169
13.8303
14.9109
8.96358
14.2164
13.6428
13.3969
13.7012
14.1169
8.62252
13.4419
14.0449
6.75445
10.3402
14.3769
14.3856
11.2083
12.4901
14.809
9.77351
12.6056
11.4783
13.0845
6.28238
9.59741
9.77858
12.4938
11.0817
8.35167
12.4592
9.68944
11.2298
9.9266
12.5087
12.0556
9.06632
7.84726
13.1663
14.859
13.1615
6.82922
11.9291
7.53962
11.5243
12.3257
10.7887
13.3699
12.9538
6.50249
10.4307
12.3128
14.7341
10.1878
11.1412
14.7424
10.4718
13.8924
12.5192
13.7694
10.7727
9.736
10.0387
10.9558
12.0589
14.0548
12.6693
9.69017
8.80531
10.2322
11.7892
14.0796
9.79612
14.6176
14.4854
10.0136
12.0857
14.9491
14.4161
13.8392
8.69946
14.224
12.3286
14.415
8.82225
9.89421
8.54131
11.7763
11.3002
13.844
8.50916
13.3502
8.28306
10.8784
5.86235
14.0269
14.2123
14.3577
12.1658
7.31865
12.5487
10.435
14.6203
13.1832
10.0866
14.2187
14.4792
13.1452
13.5561
13.2422
6.53833
13.7545
11.8246
9.12166
12.412
8.68935
13.6232
10.4721
14.3851
10.3323
6.53003
13.6207
13.4055
10.6758
10.8567
5.76624
10.6492
10.7736
10.5395
11.9802
11.6685
8.42429
14.638
10.1931
11.7557
10.3533
11.1554
6.56714
12.1782
13.5781
6.68508
8.29401
14.8222
10.7154
12.0664
14.4761
6.48297
11.2466
14.3006
10.5225
11.3775
11.4533
14.5142
10.1539
11.2922
14.9939
9.1467
11.2509
12.4792
11.5981
13.5344
13.7586
11.1348
12.922
10.3486
8.5208
8.3003
13.0805
9.12718
9.60249
11.8031
9.85133
10.9854
9.86334
13.9098
12.0482
11.0359
12.6721
11.0221
9.47198
11.5913
8.45141
10.5202
8.84266
9.59838
10.3938
8.67034
9.88973
12.4275
13.6593
8.65441
13.7697
10.9743
12.8476
8.79318
7.9927
13.7038
12.7558
7.80176
13.3371
12.9542
13.0682
8.72186
7.0694
10.3068
6.8684
6.58585
10.5671
14.2518
11.0387
8.73985
8.6237
10.9262
13.0424
12.5688
13.3485
10.9466
6.25325
9.68831
8.55396
13.3761
8.79774
12.6872
11.3196
14.1152
9.99769
12.531
6.33144
14.793
10.1358
14.1594
9.1932
6.08794
12.6594
9.90131
13.1554
14.3029
12.6875
10.9575
9.58451
11.0483
12.2336
10.2874
10.1645
10.295
12.7327
11.6191
14.8183
14.5985
13.0401
14.44
13.4084
6.14782
9.33461
12.2044
6.27416
11.0001
13.5992
11.7486
12.3739
14.3673
10.8272
10.7139
12.376
13.5518
12.6089
13.2433
11.9393
10.4747
11.8041
6.27819
9.36718
10.6284
14.2409
13.1879
14.1571
12.8597
11.7501
13.473
5.81074
8.17087
10.1152
10.0549
12.6128
8.44136
14.109
12.7468
12.237
6.26866
12.62
13.8753
13.1914
10.5985
6.49919
13.961
13.9029
12.2764
10.4082
13.9578
12.809
8.63339
11.212
8.12305
11.2446
10.6651
11.5842
14.8457
11.7189
9.9356
14.9037
10.2055
12.6462
8.53943
7.50029
13.0909
12.1644
14.767
12.4753
14.0141
9.16582
13.9464
9.27298
11.4716
8.88703
14.6677
6.09532
12.2225
10.8267
14.284
10.6305
11.8056
14.6719
9.5786
11.4411
10.3573
8.2089
14.6641
6.01934
10.3758
14.1991
8.58627
12.025
13.2249
13.4271
14.5889
8.53187
9.31757
14.6691
10.8601
13.6376
13.435
13.5208
9.83374
11.4357
9.33093
11.953
12.1294
9.96771
6.50134
9.04091
11.1752
9.82005
12.9055
13.3293
14.4661
14.3112
11.8339
8.19543
12.068
14.2349
9.47976
9.03442
8.08184
12.9795
11.4415
10.4129
12.9095
9.81941
6.78741
12.3087
13.8772
10.8276
10.3397
9.84632
5.82661
10.7796
8.4188
7.57759
11.7287
11.461
9.55779
8.77833
10.2227
11.7249
12.7673
8.54269
12.1588
14.2799
11.2872
11.738
9.55523
11.0883
9.9684
13.253
8.59426
10.0816
11.7091
8.73542
12.1714
14.9142
10.1956
8.71528
9.27015
8.44853
10.1911
5.71899
14.2845
12.6041
9.58242
14.3198
14.3392
10.929
14.1941
10.0141
11.7918
10.3118
6.26841
14.7473
11.2186
10.125
13.9675
10.7218
9.32143
14.6047
13.2514
12.433
10.4607
4.85819
14.4808
10.5823
14.6927
12.4415
13.0575
14.2582
11.3104
12.538
12.4261
6.29569
12.6262
14.0376
10.2546
9.42723
8.44307
13.7103
9.96195
13.3248
11.7539
11.7991
13.9357
14.9233
13.9691
9.83091
10.8212
14.5889
10.8394
7.89187
13.7435
7.25911
12.5452
8.3115
5.97962
10.0881
10.9804
8.61452
11.3933
13.0954
14.6228
10.0248
14.8239
10.879
10.1698
14.2109
9.0668
6.59157
8.91059
14.1866
12.7444
14.0505
14.7706
8.90993
12.8462
14.9836
10.8825
12.6572
7.09252
14.5772
10.9281
10.1071
10.6258
12.2016
11.2574
11.6816
14.3455
14.8414
11.9226
14.3482
5.92963
14.5832
10.9262
11.9788
11.8825
13.3488
11.3245
12.4241
13.7254
14.2738
13.9491
10.9626
11.0823
9.6167
12.2826
13.8511
13.7853
10.7111
13.4082
13.5438
8.93923
12.388
12.8461
12.6939
7.37762
10.2568
10.6157
12.6221
9.99208
14.6721
9.15759
11.051
14.9999
6.44557
8.58555
5.80021
10.6126
13.4461
14.9517
12.2972
14.2047
14.5625
10.8339
12.4339
14.1973
14.5924
12.1835
8.59259
10.4042
10.5752
13.7181
14.4689
13.7342
13.6859
10.1735
6.32053
13.6429
14.8046
12.6149
10.8443
13.7254
14.8933
12.1488
12.3802
10.2652
13.9555
6.18131
8.86118
7.88606
13.4569
14.8965
10.3302
11.2573
12.2342
12.1808
13.6294
14.1688
11.6227
13.3461
14.7216
11.6945
10.5687
6.38761
11.2961
11.9148
10.491
11.1745
12.7225
11.6418
14.9603
12.4336
14.2791
5.99791
10.7308
11.3231
13.4181
6.35827
14.0915
8.71436
11.746
6.6201
6.60337
12.8978
5.44625
13.6197
14.1424
11.9383
11.4967
14.0923
7.8661
13.543
11.1821
11.5261
5.38645
11.2043
8.91289
10.8827
11.2075
9.97579
12.8128
14.4745
5.38581
13.8916
14.5102
11.1529
6.4485
9.75196
10.9679
10.2864
11.4305
13.5701
7.37728
14.6253
11.49
14.9158
12.7886
5.31777
12.0335
9.52
13.6181
12.6016
12.7921
12.638
8.929
6.13805
13.6626
14.205
14.5022
14.6307
4.34699
11.481
12.2907
11.9163
10.7075
11.4871
14.0885
13.9962
13.8629
9.25392
13.3226
9.41389
13.9321
14.0428
10.0467
8.54326
8.87644
13.7858
14.1073
13.3396
14.0066
11.8108
9.64579
14.6834
10.6285
11.9301
11.2173
13.6684
8.13526
4.44222
12.8819
9.94966
11.0535
6.25574
8.93379
6.83384
6.7711
11.8006
5.66209
8.57952
14.3498
11.7423
12.9862
12.7884
14.2883
14.4122
10.0725
8.50196
8.25943
14.9655
6.25998
12.6893
6.15666
9.64457
10.1515
8.62108
13.3526
9.80332
11.0231
9.68036
12.6465
11.9035
10.5644
12.4154
8.58156
12.2495
9.90931
12.8455
10.3196
14.5752
11.8258
14.6816
12.8971
13.7112
14.3105
10.3747
12.752
14.0789
11.5001
8.81714
6.32117
6.18633
9.81484
12.8042
10.92
8.72885
14.9237
6.34433
12.7178
6.34626
9.5487
14.9951
12.6195
14.4797
14.1035
9.42309
13.0709
9.88159
9.98931
12.3089
8.39337
12.794
12.8901
7.29452
12.5071
13.3806
14.3718
10.7394
8.83498
14.8911
11.0276
14.1002
10.0557
12.8467
11.2854
13.3648
13.3725
10.0646
11.1237
13.2681
14.991
13.2078
9.98712
6.20352
11.2789
10.7212
10.6305
14.4082
13.1
14.0895
12.9586
10.7034
13.0722
8.69425
12.377
9.97936
6.1453
9.87612
12.8726
14.9794
8.53407
14.9844
8.70941
11.859
14.0534
11.3195
11.1307
11.7729
11.4469
10.7709
8.11159
11.1377
8.90019
8.67214
14.5417
14.9956
8.52499
12.9155
11.8141
10.4647
7.82921
12.7203
9.23806
9.54234
13.4825
8.69089
9.97791
10.6587
7.6361
12.662
13.1723
10.3547
11.7849
11.9251
8.46828
11.8452
11.0914
10.9357
13.7666
14.3673
12.7468
9.70997
12.1216
14.8966
5.18789
14.1461
14.1684
8.72671
6.7779
8.30036
12.0182
13.5371
14.5542
10.1544
5.95502
11.1395
8.97309
14.8128
14.6119
11.8398
14.5598
8.05442
5.34284
8.23834
11.1256
11.4428
11.1593
9.78017
9.28244
13.4576
12.3505
7.28057
14.3063
11.7279
5.72919
10.3345
7.25726
9.34489
14.1927
14.2852
8.50783
4.95818
10.5867
12.0126
10.1956
9.51451
9.17776
10.0579
10.0219
11.8264
14.0206
9.29583
10.3631
9.69835
13.9539
11.5132
11.7611
5.62205
8.886
11.3174
8.11337
11.46
11.2816
14.7509
13.3451
14.9495
14.7389
9.86428
14.0192
12.6294
11.9401
9.09835
12.5788
11.6291
13.2243
7.97236
6.98641
8.10133
5.67463
7.22301
10.8148
14.929
9.7625
13.8735
12.5813
12.8008
11.074
14.5045
6.51092
14.8944
8.9824
4.4527
9.94913
9.82691
12.0959
13.4309
13.8323
11.4047
9.88732
8.33999
6.12523
14.6341
6.38291
5.22962
12.8967
12.6878
8.58503
10.397
12.0149
12.363
9.80462
8.58403
9.96448
8.39799
13.324
10.9195
14.1198
13.8634
12.7698
5.70587
8.63396
12.1455
12.563
14.1112
10.3014
12.16
9.84583
10.468
14.8964
11.0568
14.691
13.0308
11.8518
12.6756
13.9747
13.2973
14.7989
9.8856
12.1608
13.5573
6.15856
11.7115
5.80396
14.7477
13.6505
7.69052
10.4927
13.0215
12.7722
13.8419
14.7546
9.74762
13.6951
6.22907
10.1244
10.2486
9.18964
8.88555
14.5631
11.8947
13.69
12.5488
12.6605
14.7065
12.6835
12.2578
9.3054
12.4335
13.9337
12.9082
8.43081
7.72769
9.99101
12.2422
4.21851
11.45
12.2409
9.95819
12.5024
9.7609
8.06788
7.24092
5.16683
13.1117
14.2916
12.2242
10.6621
6.13673
11.0766
11.0299
10.0059
13.1811
14.8447
13.5196
13.2956
13.4212
6.21116
4.17196
8.87684
13.5259
9.3611
12.1059
10.8831
14.9648
13.2401
13.3624
7.36355
8.42156
10.3547
13.3391
12.2172
5.34917
9.87519
11.3054
14.0907
12.021
14.6921
12.2778
10.8821
13.9437
9.78627
11.3639
11.2771
8.8997
7.38691
12.5458
7.49336
14.7356
9.69451
12.2576
14.1692
14.8434
9.87886
13.9792
9.57605
9.48554
11.7797
9.68666
12.7958
6.33798
9.64871
13.7474
11.4001
11.0372
10.8714
14.7676
13.9166
12.5134
13.3323
10.4639
8.78193
13.6164
9.02167
12.845
14.9375
6.29903
11.2539
12.4042
9.25346
14.4982
11.9781
11.6381
10.9586
10.9695
10.7452
14.0526
11.5717
14.2473
10.9953
12.3479
14.1293
11.3416
11.7492
14.9631
12.6997
14.3257
13.1038
13.9591
14.363
13.7399
8.77684
11.4063
12.7712
12.5685
6.24515
14.8067
14.6668
9.11165
8.32036
9.63008
9.83545
12.512
9.64917
5.80572
4.01012
8.8645
9.87427
10.8561
11.8507
12.0086
13.4691
14.4777
8.21122
6.81747
6.8207
9.7702
8.15634
9.82087
14.6566
12.1872
14.9843
12.9558
9.88239
10.0131
13.1176
14.8757
8.92488
7.05841
13.6916
13.6844
12.6906
14.1852
7.6662
10.0579
11.4781
14.6116
14.2241
6.32434
14.1133
12.5606
10.4984
5.74805
14.9343
10.864
14.5305
11.0105
12.648
8.94154
9.83741
13.1292
6.57419
12.4705
14.2665
13.1018
12.6607
13.784
14.5531
14.0124
9.69785
12.3803
9.89783
10.9221
12.5722
10.1071
13.9548
10.4157
14.5418
11.266
4.95349
8.71317
8.65897
10.5584
12.6768
10.9355
6.83013
12.3439
11.6837
10.0059
10.5244
10.7643
9.57691
10.7501
12.3735
14.2529
10.3868
11.445
8.47576
12.4192
14.1783
14.2257
13.2632
11.4394
5.7436
13.5228
10.7633
11.4234
11.5589
9.67421
13.6579
10.9097
10.6812
9.22744
11.1976
6.96473
10.1114
6.20302
10.014
11.1563
13.4638
12.4206
10.6085
14.8762
6.29202
9.82665
9.57338
9.12714
9.82854
6.97286
13.278
14.7946
13.4944
10.278
11.7699
12.1874
9.91127
8.64668
13.34
13.7106
13.9801
12.4352
13.8612
12.9211
9.79327
9.71712
14.5383
5.70764
6.68584
8.9002
12.1632
14.4883
7.59746
13.7516
8.98106
12.3932
9.32425
9.52409
8.62152
14.8397
9.40375
5.26403
11.5368
9.1795
13.4411
14.0419
10.5085
10.3059
8.57115
9.82381
14.7023
6.09657
9.6207
11.3498
10.3364
5.9257
11.1278
13.3215
12.9964
8.81878
14.7624
7.39199
11.147
9.08114
13.8888
14.2155
6.21206
11.876
11.5446
12.0473
14.6161
9.6666
9.90775
10.5441
9.98425
10.2383
7.17881
8.11042
12.4312
14.7647
12.9212
10.3899
9.55306
10.4132
12.7651
13.6826
12.4409
13.2463
13.8988
10.1823
11.8043
14.4318
11.7334
11.6087
6.90949
9.38613
9.46238
6.02861
12.4887
11.2139
14.2295
13.7703
9.88681
13.3114
9.59963
11.3795
13.446
14.1641
14.6098
6.95981
13.0569
9.86142
14.3273
14.459
8.88581
11.9882
14.2811
12.2335
13.1632
14.8134
13.1087
9.42362
10.227
14.6846
11.7547
11.9743
10.4016
14.1341
14.4942
12.0469
13.2615
12.3519
12.7031
13.4008
10.4486
14.374
9.87015
13.4439
13.4139
9.67377
12.8519
4.25833
14.8291
12.7709
12.935
12.9793
14.4314
8.99999
11.2216
9.7534
13.8684
12.9436
10.402
11.9695
11.3897
13.2433
12.1931
11.7671
9.65358
13.1519
12.433
12.0575
6.20902
4.84557
9.88236
12.1589
12.3701
11.2502
13.1903
7.97017
9.57628
14.4148
12.3617
13.8343
14.8944
11.959
14.5645
8.65932
10.9052
9.32919
10.5185
7.57694
5.33076
6.3213
8.99208
13.5089
9.68229
12.6953
11.7853
11.9246
13.4869
8.94108
14.9377
7.46063
6.58382
8.6601
10.4133
7.85067
10.275
8.69799
14.9795
12.0414
9.74557
10.4836
8.54124
9.7464
6.15916
8.63003
6.13599
12.1838
10.3801
12.4219
13.0433
12.4197
14.1068
14.3555
12.9595
12.441
11.053
14.2539
11.8979
7.00587
9.82591
6.97649
13.2309
11.0204
10.4695
12.6802
8.58657
10.5508
10.4436
8.54016
12.8526
13.7774
10.104
14.1426
14.7032
13.7784
13.2787
10.8853
14.725
14.9643
14.0928
13.4164
14.3288
14.292
13.2065
11.7731
10.1556
11.5862
9.2311
11.9546
14.0897
12.2147
10.9984
9.13182
10.3242
11.9773
13.9201
12.6044
11.8627
13.385
12.8129
13.9428
8.7399
12.878
6.63904
7.81778
12.1503
10.9876
14.1753
14.9183
9.28642
12.555
11.5841
12.4709
10.027
10.4798
10.1332
12.2135
11.6201
11.0122
10.3715
8.61857
14.6898
11.0104
14.1012
11.8875
12.3718
13.406
12.491
14.2192
8.46819
12.2877
10.6429
9.30628
7.3135
5.58919
14.8778
5.12985
11.9788
13.2831
13.4024
14.8097
13.7578
12.8505
13.5352
11.8614
13.0238
9.15259
9.88169
8.36325
8.99403
14.677
13.2949
12.3924
10.9576
11.1625
11.1461
10.8971
11.7617
13.2987
12.346
9.04077
7.19216
14.8996
12.4428
12.577
10.7668
11.5222
10.7245
11.2173
13.2818
10.1058
14.8813
10.8909
9.98432
10.8631
8.59141
10.7041
11.3196
12.5029
12.3353
8.59632
14.0136
8.57824
12.8717
14.4224
10.8888
12.6425
9.59888
13.3815
13.9057
11.3311
11.026
9.32766
10.3378
11.0332
13.708
13.6278
12.2021
10.7845
9.00823
6.53802
6.39191
10.4051
12.3751
11.1924
8.09446
10.0075
11.4274
12.4819
13.0907
14.6381
8.58575
8.0819
13.9904
10.128
13.3676
13.4469
11.3763
10.0177
6.07415
12.6552
11.026
11.8501
13.4023
10.0452
11.7775
13.4083
14.3461
8.74951
14.4581
14.2129
12.3573
13.5358
11.4008
11.2959
14.8402
8.46649
12.2437
5.51644
14.9324
14.5445
11.6431
12.6481
8.88848
10.2467
14.5865
12.2232
13.2934
14.2393
8.38819
10.3926
14.5883
10.831
10.7801
13.4579
11.5121
9.5446
13.1011
14.6874
12.2067
14.9124
10.6319
14.955
6.68315
12.3469
14.3299
13.5741
11.2832
12.7714
13.3317
10.951
11.0365
13.2202
6.30524
10.6166
7.39083
14.0744
10.2952
11.0491
6.74874
13.689
12.5644
10.3063
10.3952
12.892
9.61642
14.6066
9.82967
13.7153
5.35123
12.1924
12.8671
5.5152
12.5728
13.7674
14.7125
6.31082
11.1287
5.87316
8.67816
12.5704
7.13809
12.1376
14.4242
11.7716
12.9734
11.9833
9.19369
8.1386
7.99887
8.60274
14.6638
14.3041
12.8789
12.7361
12.3918
11.0198
14.5197
10.5789
11.6286
10.384
13.4451
8.5142
9.96372
8.72588
6.28936
13.8278
12.1336
11.2402
5.40333
7.03616
13.9217
9.79367
4.03176
14.5522
12.4763
14.0263
12.2913
12.571
13.4985
12.4149
13.1137
9.8905
9.83443
13.7393
6.33945
10.9773
11.9532
14.997
10.2157
13.381
7.67075
9.99369
14.8848
10.1675
7.46027
7.85079
14.8988
9.70992
12.493
10.1493
9.9319
12.6988
10.4817
14.501
13.0704
12.1035
10.7461
14.3312
12.951
14.3676
10.3882
9.58594
8.17946
13.8612
14.1252
14.1847
10.1756
14.0014
11.8327
12.8848
12.3266
13.1619
8.53656
5.81989
10.1766
12.1256
13.097
5.07491
11.7188
12.7595
12.6375
7.65694
9.55848
14.7224
11.6464
10.9367
14.0982
11.0845
8.33303
12.8013
12.0246
10.0871
13.5282
12.2692
8.8847
13.3934
11.1673
14.9226
10.41
14.463
10.1006
11.0285
14.688
8.9719
6.90249
11.5748
14.663
12.9035
11.6755
8.20934
12.5889
12.3141
7.38368
9.97962
11.9018
13.9806
13.8276
8.77671
9.31689
6.87119
11.6095
12.7731
14.1679
12.5652
6.04469
8.72806
10.1264
10.9622
10.4589
13.1471
13.8313
13.1677
12.7349
10.4061
14.0943
14.7624
8.60761
12.5519
12.9501
14.0082
11.498
14.8801
13.0829
9.49454
13.1344
4.93075
10.7159
9.92037
11.6353
9.21475
13.1698
10.9519
10.4374
10.9773
9.91676
9.3727
13.6437
13.5872
9.18785
11.0165
11.3012
5.03885
14.0223
10.3426
11.9273
14.9896
10.012
9.46065
12.0194
8.59135
14.9392
10.1429
13.7618
13.4948
13.1214
11.1584
6.68017
12.0655
11.3905
11.3421
9.90454
9.7293
13.5172
13.7417
10.647
10.9149
12.4433
7.65837
13.695
12.7254
7.27309
12.003
8.42489
9.27703
13.1493
13.0313
11.3384
11.6324
13.4276
8.3054
8.62656
8.2876
13.1029
13.5342
12.8485
9.98914
13.6419
7.44793
9.90093
7.74242
12.8637
7.56072
13.3703
14.3672
8.91374
12.1855
13.6074
10.9128
10.9561
9.83296
14.2239
14.5519
13.8077
9.48069
12.279
12.4929
10.6952
8.50757
10.3296
13.3571
13.4273
10.5218
8.37818
6.29477
4.55811
9.46746
12.4386
10.9661
12.0455
8.91259
12.1947
12.7953
12.1572
8.55771
7.84093
10.0317
13.0694
8.01446
10.5483
8.82049
6.01348
11.6279
11.9623
6.86583
13.6134
11.2627
13.9577
10.0586
13.0935
12.8063
6.91205
11.418
10.1103
10.5249
10.1675
12.5348
9.09946
8.6768
4.53349
10.9194
8.93316
6.61502
7.43437
11.0169
6.54465
8.90793
14.9835
12.8699
11.8031
8.33199
13.1893
13.6427
10.481
14.0065
8.64107
14.4328
10.6005
10.5778
12.7878
8.5374
14.7745
9.8919
6.12252
8.67155
10.974
8.3658
9.72979
6.27778
12.3459
11.9475
12.5814
11.0888
7.44136
11.9043
13.2574
13.0724
14.7264
14.4612
6.08954
12.5419
14.3855
14.2873
9.28556
14.4743
8.6672
9.31306
14.5602
8.95953
10.2479
12.9327
12.5662
13.2637
9.93295
12.7887
8.30433
6.12706
8.92923
10.6021
10.4538
10.0469
6.06056
12.116
12.2501
13.7273
10.0295
5.97718
12.4819
6.50901
11.9835
11.7731
14.7723
10.4437
9.78234
8.40519
8.74614
8.65843
14.4229
8.86295
13.203
13.2889
13.4946
12.1266
4.64717
9.03026
14.6977
13.1617
14.3068
13.4425
13.6186
14.3766
13.5662
5.19978
9.16039
14.4264
8.03802
13.6538
13.3447
10.6626
11.7453
14.1402
8.53067
9.91827
13.9655
13.1175
7.40803
12.1893
12.1853
6.76529
13.2148
12.5774
8.85739
13.1041
11.8946
13.1761
13.7653
12.7488
9.43759
14.1467
14.7514
13.3972
10.0832
12.4679
12.4983
13.7883
14.1705
11.0646
9.85099
12.2809
9.60559
12.4892
10.6858
10.9101
10.279
9.89229
9.86688
13.5372
10.7677
12.991
10.4725
14.366
9.25189
12.8804
13.81
9.14749
14.2342
6.36919
8.95776
5.98171
10.6533
12.5268
13.2327
14.5508
12.3887
10.5237
14.151
12.591
12.2303
10.5399
14.7174
10.6945
5.83622
14.6005
14.7387
9.05477
9.17391
10.304
9.79965
10.8972
12.8228
10.4771
14.1583
9.54472
13.4645
13.8206
8.9162
13.759
14.134
8.50123
12.9887
11.0486
10.3798
8.49612
6.13829
6.05039
8.57448
11.5527
13.2451
7.52045
6.79612
12.5445
14.3369
14.4616
12.1012
11.6905
9.998
11.1507
12.2504
12.9607
12.343
13.1001
8.83723
10.6896
12.5158
9.09259
14.1863
11.6803
8.65953
11.289
10.9988
7.55491
7.04141
10.3525
12.2675
11.7759
13.2862
8.89804
14.7837
10.1672
6.1301
8.65041
10.3407
12.0883
10.7886
9.76694
13.4855
12.2919
6.3706
13.1903
10.3237
13.1027
10.8711
13.5915
6.76166
5.99542
14.0348
14.4468
13.3408
12.9902
10.2225
14.1737
9.8429
6.03037
6.26108
11.1929
9.65561
12.8262
11.0502
5.26353
14.8262
11.4134
9.26159
5.6037
6.56564
13.8154
14.2368
10.2456
6.05894
13.1297
8.18346
10.9709
5.62559
10.5499
10.1357
6.15927
14.1699
13.0075
13.3124
14.6241
10.4559
14.6786
10.5542
11.2738
9.05873
11.7112
9.5766
9.63118
13.8348
10.332
13.396
5.97964
11.1364
13.697
8.57379
14.8409
11.3944
5.10347
10.8819
8.57399
11.5952
8.63641
13.1225
7.93194
11.6714
11.9582
10.6602
10.3345
11.7485
6.44803
6.6341
9.97588
11.6164
10.3739
11.5013
9.4539
11.8557
10.6069
9.81458
11.3444
8.63525
13.8939
10.122
11.0668
11.6084
14.9947
12.2418
13.0548
13.499
13.5578
10.2623
10.3401
14.645
8.1576
14.6746
13.3014
14.9721
13.0914
9.84022
8.92436
10.8117
8.47854
9.01416
13.5032
13.6531
13.0472
9.00723
13.8703
12.0294
8.74513
11.9248
8.94826
5.11936
6.21439
13.8107
9.8006
10.6324
13.2533
11.4052
5.99926
12.659
11.0483
12.3533
8.45549
10.0771
10.2157
13.0918
13.8571
6.93786
11.0436
10.149
8.69439
8.55869
12.3855
10.4322
9.7575
14.6911
10.555
13.9995
9.88554
12.589
14.1776
6.07195
10.6989
13.9948
11.3702
11.4008
8.84539
11.3299
11.4564
12.1345
5.93763
12.8231
5.59197
14.6009
9.89896
5.31241
8.19662
12.7879
9.30084
14.0573
5.52722
11.3001
11.5656
10.953
13.8693
13.7404
10.9276
14.8949
14.556
14.6215
12.5433
10.8601
8.90185
14.0413
8.92023
11.398
14.1838
12.6182
11.2436
8.71266
5.92793
13.3345
14.2334
12.013
11.383
14.0363
10.0945
8.48722
10.2875
10.5689
11.9137
10.1198
10.469
13.4357
14.5969
13.7494
12.4745
10.3136
13.3649
10.982
11.6981
14.9691
13.407
9.47481
5.58413
13.0445
12.5409
10.2889
14.1864
14.4516
8.30772
14.7334
8.56238
12.2961
13.7878
12.7675
13.5488
11.2131
8.89074
13.7595
7.65343
10.4851
11.6333
12.4743
14.81
14.7405
14.3111
13.939
14.0268
9.56371
8.57286
6.58151
8.86275
13.5153
14.3114
12.2555
8.55077
14.7235
8.88162
10.3683
8.68573
12.3295
10.4474
12.4514
11.028
9.18856
8.69895
12.4303
12.3205
8.52691
10.7664
12.271
12.1388
13.6635
9.56222
10.8931
8.47389
10.3897
12.3004
8.86787
10.3314
11.0295
7.82381
9.99678
12.0469
10.4657
9.72561
10.2677
10.1769
11.8638
12.486
10.7754
14.4186
14.7821
14.9946
8.20125
13.2924
11.5161
13.6435
12.2751
11.4258
11.4492
4.38106
8.69551
7.44935
14.8075
14.6815
10.6307
10.4282
9.57678
10.5493
12.566
10.09
14.4231
8.63181
12.2257
14.4951
10.6074
11.2847
5.86287
14.6666
9.53569
5.35853
10.5784
7.71338
9.16308
14.5807
9.79019
10.2768
10.3975
14.1331
12.1556
13.3535
13.401
7.43705
13.7085
13.293
10.7617
9.15971
8.73879
11.0822
12.6199
14.9687
13.0433
9.76961
10.8942
8.92043
14.3632
9.99199
10.4843
12.0359
14.1337
14.6506
12.3971
14.0657
13.1248
6.09157
14.248
12.5298
14.2745
14.4389
10.4933
12.9061
14.6334
11.0091
13.7289
12.8517
14.4058
6.59814
9.56017
14.5345
10.3419
13.7205
10.5518
8.51121
12.8244
11.7166
13.0141
11.5429
8.39576
11.3494
13.4215
13.4026
14.3301
13.2133
8.30537
7.27702
12.7503
12.8641
10.1972
5.83752
9.47742
12.8067
13.8522
14.1308
9.41467
8.16308
12.6079
6.09066
12.1106
14.6515
13.0074
9.88016
8.05344
12.4678
11.0682
9.71652
13.53
10.5826
13.16
12.7652
13.1076
11.5328
8.64294
12.0004
12.8478
9.61676
7.41306
