5.80366
7.22318
12.22
9.07366
11.9749
12.2422
7.00043
9.5838
12.0577
10.4839
10.8217
14.5807
13.749
14.6311
11.2904
14.8103
13.7311
14.216
9.89666
12.1508
13.9209
12.2766
12.5241
11.5893
13.1125
14.1269
13.645
8.33327
9.80792
10.8006
13.0459
12.8709
5.76783
10.5787
8.24315
14.3029
12.1454
11.2316
11.4061
8.22563
14.4149
14.9258
11.638
13.9918
14.8879
9.68592
5.7142
7.29313
7.85123
12.101
5.61612
13.7301
14.496
14.5609
12.6656
14.8534
6.69162
7.77633
7.33709
14.1363
8.05984
13.7951
5.50165
8.17751
10.0665
9.2276
11.0174
7.98754
13.0914
10.4893
12.6409
12.3384
14.3333
14.9621
12.5666
14.2352
14.4512
11.7964
12.6597
13.1172
9.63038
11.3648
13.5615
9.04781
11.7485
14.8524
7.68962
14.2914
8.69964
11.5285
12.9967
14.3976
14.055
14.9242
6.64247
14.9077
10.1704
5.69937
13.1735
9.13119
13.1525
14.3067
11.4255
9.78091
13.7549
11.1416
9.58526
10.8531
13.821
11.9718
4.94123
11.3872
14.5004
12.9321
11.4989
12.5763
11.4733
10.3388
9.27326
6.77633
13.9637
12.986
14.7062
8.89673
12.8416
14.8391
5.39394
14.5956
11.4279
7.04312
13.7219
10.6428
9.80645
12.8388
10.1616
9.1017
11.3363
8.89194
13.1744
9.68029
11.2825
9.50262
11.4267
9.28173
12.0136
7.52102
14.9866
14.9323
8.43396
12.2255
10.5542
14.7848
8.02936
12.9505
12.0212
11.512
13.7197
10.5456
11.5017
11.915
11.8635
5.22702
12.5895
9.19339
11.2687
10.3936
7.17481
8.46289
6.39762
12.5988
14.5526
12.7486
6.1653
10.5789
14.6735
11.3453
8.59476
13.3866
11.7876
7.92796
4.63601
11.2816
11.99
13.7496
10.8033
8.57136
8.27134
12.6083
13.075
11.2022
7.52075
4.62229
13.1843
13.0709
12.5433
10.6734
10.3825
11.474
14.9085
13.8459
9.44952
8.17838
5.24548
5.09468
13.4174
14.2813
6.12509
8.17263
8.85338
12.9864
11.0919
8.6382
14.218
8.90754
10.3107
9.64715
5.59445
13.966
6.18706
12.0799
11.5776
11.3422
12.1434
7.64155
12.3641
14.7912
13.1976
13.3701
6.80694
13.9207
4.60258
13.4911
14.3165
12.2979
13.8224
8.12449
11.4411
11.7115
13.2269
13.3504
12.3606
10.4896
13.3413
14.5715
13.6926
14.2589
14.4311
11.3428
12.6201
14.1137
13.0772
10.2686
10.3802
14.4347
10.9272
14.4039
5.05466
14.3289
12.6473
14.8064
12.9591
13.2705
9.32717
11.8211
10.8436
8.70461
6.11258
8.49902
14.1696
8.15859
8.65161
14.9868
11.4354
9.7594
5.80964
12.0969
5.68809
5.32108
12.1636
7.54622
8.97924
9.03101
14.9582
6.89926
9.80856
8.52474
10.3076
13.2482
9.8615
5.70816
13.0663
10.3692
12.3476
9.25079
6.07961
9.65991
13.2354
9.70268
11.9115
14.2191
13.442
14.2375
5.93416
8.99575
14.144
10.8398
13.574
9.09848
13.4813
12.0651
12.8203
10.1936
9.32719
10.3071
14.1102
12.4969
7.18207
12.3898
13.2306
12.6907
14.8348
12.656
10.1348
10.19
6.3445
12.5172
12.5288
6.09753
13.3697
14.9848
14.1974
13.7606
14.9205
14.922
13.8069
12.6759
9.33448
13.7619
9.26794
8.24819
13.5582
11.6198
6.24693
14.564
14.3902
13.4852
13.0827
10.9804
8.87902
7.147
14.4818
6.17467
10.6617
7.59043
12.0593
5.88546
12.6149
10.809
13.7192
6.06516
4.64969
12.3045
8.66692
12.1996
4.36808
10.616
9.87142
14.882
11.3185
7.59047
12.2469
14.2376
12.9205
9.64945
13.255
12.7663
7.59165
10.6705
14.7059
13.9018
10.8861
12.1305
9.96498
9.38328
13.0475
11.1537
7.94683
12.292
9.91168
11.2628
12.8902
12.7004
10.9476
14.1286
13.5271
11.4724
14.619
14.1488
14.9088
14.8695
5.93399
14.2709
13.295
6.01235
7.91529
8.78008
14.9473
7.15864
9.19612
7.81791
12.5304
11.2022
14.5177
6.56513
12.7598
6.5014
10.967
12.8422
9.32863
14.3934
12.6635
6.09428
11.0185
7.52105
14.8501
12.362
11.6244
9.2645
8.30139
9.93967
11.1065
10.103
7.55347
7.84145
12.0038
10.4076
10.7633
14.0993
13.0595
8.37392
13.6718
9.78735
12.911
10.3437
13.7707
7.96147
11.4153
14.1427
11.1988
10.0153
6.38518
13.1822
9.82656
10.9517
11.7949
9.03859
13.8847
12.7554
10.1638
8.79684
14.1443
9.91324
8.14097
10.2421
8.87167
10.4886
11.3092
11.9765
11.0823
9.40612
14.4993
10.8788
14.7378
11.6333
10.6844
8.95861
9.12255
12.5239
9.73687
13.7531
4.8093
9.7537
13.3008
13.7283
12.8823
10.8096
10.0112
10.7459
8.6756
14.5087
14.643
14.4089
9.57777
10.2726
9.45381
13.746
14.9612
13.0404
8.78306
9.15621
14.3794
9.85501
12.231
14.3888
14.7798
12.2814
4.80922
14.9075
14.2176
11.899
10.7789
14.9503
10.2397
14.1366
12.8534
12.2785
6.98068
11.9536
14.085
6.32493
5.747
8.41726
13.6628
6.27299
13.8743
8.58057
7.78719
4.50851
9.77387
9.47973
14.1122
11.2323
8.59474
12.7838
14.9455
14.8853
12.2181
8.81639
10.7611
12.4936
13.7349
10.9001
10.9389
8.1603
4.8163
13.6876
5.73928
6.81912
13.8044
10.4684
13.1049
8.83544
9.93544
13.8164
6.14077
9.87498
9.78287
13.2092
10.0204
14.4416
11.8806
10.8882
12.9496
14.7635
10.2609
11.1788
11.4034
9.08999
11.2469
10.2776
9.40016
10.1164
8.66476
9.84874
5.45213
11.7407
14.6621
13.567
6.95123
9.07401
6.44813
9.08525
13.8295
11.3205
13.3904
12.938
13.0843
9.52938
5.65775
8.76932
11.6195
10.4821
8.87698
9.25546
11.5507
13.3129
13.5253
13.1734
12.7486
14.1614
6.43248
8.8316
13.7823
5.02761
14.75
12.0474
13.5291
9.65093
8.96049
11.1229
11.659
13.7382
9.70578
12.1957
10.7648
9.21865
8.27401
13.2084
12.161
10.3639
9.90465
9.53978
5.88834
11.7512
10.0547
14.6298
9.72657
6.14016
13.875
14.7678
9.6653
11.2119
10.3412
8.61351
12.2876
7.70546
9.84789
14.4451
13.8582
14.1442
14.2805
9.1641
9.79055
10.2618
8.41104
13.7848
10.4937
13.4208
9.07451
10.154
14.3046
10.2099
10.0696
9.05241
12.4855
13.6577
11.7077
7.78206
14.6933
11.1138
10.7004
12.1985
11.019
8.39929
10.7051
10.6872
14.9522
13.5419
13.9375
11.4393
11.1547
7.95465
8.52421
8.96837
12.6294
12.9829
11.5959
14.6341
9.76117
8.49747
13.7162
9.57279
11.773
8.65997
14.4664
13.6171
7.97432
13.8369
12.6424
9.78645
13.9415
14.2456
12.1375
12.3762
10.0235
14.598
7.80313
8.14669
9.31635
6.11542
8.52045
11.428
13.78
13.7067
12.498
8.25095
9.987
11.169
12.4969
12.498
11.33
12.1099
14.0491
8.77616
12.0295
10.3907
14.072
13.4679
12.7609
11.5632
7.45244
14.466
14.5702
8.36976
11.1475
11.8513
14.9511
14.3081
13.1002
13.8483
11.6779
6.66689
10.8486
10.2069
11.3105
13.454
10.0139
11.5924
8.15965
12.4086
11.9906
12.6669
10.5655
9.81489
13.5718
11.4853
5.8642
6.5076
6.23494
12.7479
14.7869
8.93529
12.132
7.57572
13.3891
9.50819
13.5607
9.10549
9.73017
9.26666
8.51082
9.17499
8.64199
10.8427
10.9429
13.4675
14.9644
9.33163
14.2636
13.8744
8.81989
12.6004
8.78231
8.76771
11.0142
14.5799
14.9849
10.3889
12.8043
11.6069
8.30729
12.6498
13.9865
13.3439
10.308
13.3021
13.7313
9.92608
12.8734
12.3468
5.52252
13.5815
7.41328
6.50011
8.53714
10.9808
6.04389
8.29991
14.9085
10.9319
5.67029
13.0131
8.79809
6.97242
6.12114
8.31006
8.61909
13.3852
14.2032
6.85913
12.9436
10.8505
6.20807
9.58716
12.2114
13.949
12.9536
8.98486
13.0407
7.66295
11.7789
9.71215
12.8751
13.3876
9.91252
6.44038
11.5482
14.9744
8.68027
9.9022
13.6619
13.0688
10.9146
5.98595
11.7137
5.43659
13.5638
13.1148
12.802
10.9127
8.57491
13.8235
12.7115
13.5484
11.2983
4.26083
6.18023
10.7179
11.6166
12.6824
14.3779
13.5638
10.2649
10.3663
12.1734
9.91085
8.40485
9.60726
14.9216
13.56
12.1202
12.7196
12.905
13.6267
4.21434
8.48557
13.1109
10.8181
10.1728
5.20466
7.38779
13.8497
13.7619
14.8436
12.5366
13.8618
7.1019
12.9111
14.6912
11.6056
7.76216
8.39381
9.63043
13.4552
14.3796
13.0719
12.6838
13.6678
11.9725
12.9918
10.2729
14.185
7.87384
7.754
8.15755
5.59145
13.3075
14.8644
9.93803
9.56564
9.08344
13.1542
13.577
7.60927
14.0939
8.6668
5.48487
7.45227
6.36243
9.31211
6.21491
12.3994
14.1332
10.0254
13.8694
14.7771
8.53756
11.2496
11.3636
8.47828
12.0294
9.09253
14.1661
12.1781
8.35625
12.6824
5.69606
10.9403
14.5423
12.3841
13.0383
4.33128
13.1926
9.083
8.43174
12.9629
6.46076
12.3791
14.025
13.6242
10.1668
12.2135
12.3132
10.491
8.81698
13.4787
7.21253
12.5169
14.9695
13.0266
11.2675
8.4069
11.9289
6.17273
14.0862
10.5039
6.03094
13.2201
12.3502
8.95365
9.47465
9.12593
6.31336
6.4061
14.7416
6.04059
11.9035
10.6197
9.67644
13.5225
13.9769
12.482
14.8306
11.0057
9.19478
6.08775
12.3592
10.2684
13.7498
8.50922
8.51081
7.72395
9.87303
10.2953
12.7523
13.2708
10.4792
12.7582
14.7106
10.8229
9.98508
14.377
10.0678
13.281
10.4788
12.5123
14.5174
11.9737
13.138
12.5278
13.2313
11.9928
14.8058
9.88649
10.9309
10.8601
10.7094
14.7431
11.7929
7.21359
13.5118
8.85864
6.09307
9.22298
8.73968
9.54131
4.74081
14.2078
11.3798
14.1508
14.4022
12.51
9.8101
13.645
8.17706
12.9857
13.87
12.6543
11.3304
9.88953
9.95945
5.13657
14.7597
9.11332
13.8261
8.34132
12.355
13.8272
9.68205
9.96797
12.4255
13.3876
8.44646
12.5767
13.0929
9.50909
10.7459
10.5345
8.57378
14.2591
14.8223
13.5258
11.2027
8.86775
14.6293
5.66237
10.0412
7.64414
10.443
11.1863
11.0374
13.4759
9.55117
8.61406
10.7654
12.488
9.08204
12.8045
11.3552
12.8269
9.83428
14.7963
13.7567
11.1128
9.69489
14.2264
13.9555
9.26647
10.2036
7.71194
12.4914
10.1213
9.69552
13.0734
14.4989
10.3556
11.1106
10.3658
5.96583
7.42103
12.8469
12.0024
13.4551
7.81322
10.0399
13.5756
7.24752
11.8494
10.4022
6.76457
12.2315
14.3594
8.34493
13.0184
14.8719
9.81106
14.3699
11.5246
14.7132
5.3352
8.50025
12.1868
6.3263
10.119
11.6153
10.4197
14.081
11.4322
14.5631
14.0857
4.65875
11.787
6.48879
10.7965
11.3681
12.594
14.9667
8.55429
12.0354
6.07257
6.06868
9.62519
11.8996
4.70528
11.2884
13.555
14.2092
12.6671
14.6458
10.1032
11.0288
14.3677
14.5046
14.4868
13.5162
10.3772
10.0964
9.02682
7.39301
9.46854
6.23176
12.5012
10.4864
11.679
12.0208
7.40718
14.602
10.201
14.8143
8.5391
11.6609
12.3774
12.7286
14.7388
14.2177
9.63205
8.72525
11.8601
8.14536
11.0737
13.7431
13.8975
13.2111
12.5171
9.7519
12.3106
13.6545
11.5855
6.1173
14.2021
11.558
9.98497
6.00252
10.7487
13.572
10.0606
10.3889
12.0858
10.8274
4.82243
11.2927
14.4121
8.8367
14.5935
13.0168
10.0269
12.9754
14.6345
11.185
10.6684
14.5496
11.5065
13.1041
12.1601
10.2886
12.4685
8.78904
13.3003
8.88746
9.05305
11.8705
14.4659
8.99204
7.59772
10.0413
14.5847
9.2364
13.4156
14.0368
8.3611
13.5045
8.25041
11.9902
12.389
14.1367
12.8394
8.55483
12.2567
14.7171
14.5769
10.5952
10.4764
12.37
12.5917
4.70432
14.9787
10.9578
11.3618
6.96244
14.6061
10.6276
12.6308
13.1674
14.6032
11.6516
14.9292
14.9163
11.8803
10.3273
14.1897
12.6784
14.9865
5.81796
14.8489
11.334
10.4586
14.8275
14.6199
8.11682
11.5625
7.07673
11.2105
5.66395
6.89839
11.9467
10.899
14.1782
13.6234
11.7698
9.2419
11.3224
11.6253
12.8712
14.9916
11.672
14.5104
14.4015
11.0662
11.7179
8.93967
8.8841
11.4312
8.81296
9.4802
10.7089
11.5218
11.3225
14.2353
10.5694
13.2465
13.925
3.8908
14.0757
12.1238
9.94408
14.0655
10.9768
3.8979
8.71484
14.0916
10.0436
10.1557
13.43
12.6404
5.95316
7.42342
4.8759
7.57821
9.3363
11.8226
10.2411
13.2274
14.1597
14.3486
11.8001
12.2642
4.52915
14.4122
14.4247
8.1917
10.7548
10.9993
14.5152
13.6413
10.2435
12.6051
9.21506
14.3034
10.0805
8.65333
10.2298
5.2093
6.29639
13.7834
12.2866
11.3247
11.8101
13.6283
14.3325
6.43491
14.5935
14.0495
11.9605
14.4579
14.0584
10.976
8.9608
14.9996
4.6
5.32994
9.81147
13.6001
10.8893
11.0006
14.8761
14.4635
12.0898
12.0855
9.36107
14.6391
12.2333
7.44961
10.1575
12.8513
10.5165
9.29674
14.8056
9.78165
14.9865
11.4061
13.8792
11.0086
11.6536
9.72262
10.3451
11.442
10.4755
8.27612
12.9633
11.78
13.5433
12.0244
12.1518
10.8015
11.1342
10.9052
10.1103
9.66518
14.1453
7.52957
13.6099
9.62306
8.4399
8.79536
12.7
8.24741
14.2526
8.65794
11.7685
13.6128
14.6742
10.4235
11.3003
14.8019
11.7316
14.3537
10.2126
14.3043
8.79994
11.3972
10.4286
9.42721
7.14915
11.2136
10.1139
13.318
10.7787
5.7987
9.88217
13.7353
13.4626
13.832
12.9191
13.3298
8.0554
12.0913
9.30204
10.0215
12.017
10.1772
7.90151
8.70511
13.4164
5.88999
13.6714
10.6965
10.3391
12.8519
7.0935
11.7024
13.1927
13.1807
11.4928
9.73506
10.5024
8.66578
6.24089
14.3963
9.36138
10.0242
7.88241
11.197
8.28501
9.48999
14.8645
11.5959
14.3076
13.7307
4.92197
11.9733
14.2185
6.76434
13.3228
14.4363
11.5684
10.4174
9.74797
11.594
11.5762
13.9665
13.0001
12.9235
12.6231
7.50825
12.1866
6.15018
10.3692
9.90184
7.53402
13.8506
9.26357
8.75685
13.7327
8.15524
11.455
14.2262
8.73127
14.3691
10.1028
13.6833
12.7078
12.9162
10.1365
8.69723
9.16721
11.734
9.86756
8.12388
12.5092
12.1825
10.8653
12.2441
12.9132
13.824
12.9128
11.4311
14.3785
14.3616
10.8723
12.7093
11.619
9.48633
13.9334
12.5739
6.89784
11.1745
14.8991
9.57193
6.49276
14.1807
13.4362
10.2708
14.795
7.06532
12.3766
14.9573
12.0246
13.7337
14.3612
13.2098
11.9913
11.759
8.83989
11.1442
10.9103
13.7075
14.378
12.0059
13.8654
11.8758
11.6824
13.6332
10.7666
9.4921
9.37854
11.5278
12.7995
14.4152
9.5263
14.9792
13.1875
14.4471
14.4808
14.2909
14.0823
13.4847
9.55188
10.4622
13.4992
12.3107
11.9178
11.4965
14.5316
14.7057
6.06929
10.5366
5.84698
9.3928
13.9919
13.3993
8.2982
10.5611
13.8742
11.3037
10.8401
11.8953
5.98527
6.64282
13.2788
10.8084
13.7893
14.6061
11.7255
14.1419
9.7492
8.78456
10.8887
10.0989
9.85694
12.5115
11.2991
10.3865
8.65596
12.7474
10.276
4.79529
14.0728
13.141
6.37375
13.9862
4.23289
9.68838
13.9859
14.0843
14.4326
13.6758
14.099
11.1941
12.1283
11.792
14.1333
10.9321
8.10653
8.21059
12.2972
13.5165
8.33967
12.9535
14.8011
14.7318
9.31545
14.6733
13.0724
11.8928
8.50367
14.5005
11.9609
11.5834
12.9506
12.6841
10.7744
14.2349
6.36697
9.9317
6.07453
11.2645
11.739
8.69535
12.8345
14.7492
13.0599
9.5722
6.88936
14.2801
10.2002
5.31387
9.7012
11.0451
8.87917
10.2021
9.63539
5.88967
12.9655
14.3567
9.02639
10.1119
14.1936
12.3667
13.8588
5.24375
14.2418
12.0696
12.0345
14.4655
12.5447
11.9932
11.1779
10.2754
12.4967
12.878
13.6853
10.7538
11.7884
9.97468
12.9879
14.2921
11.8057
9.61125
11.6652
13.6646
14.0027
11.345
12.8561
10.9707
10.6267
8.96205
13.7476
14.4191
12.8796
10.8598
14.2135
11.0661
8.48576
7.18986
11.5277
10.5954
9.14947
14.4453
12.263
9.5629
12.4486
13.8703
10.0129
14.016
13.9501
6.20614
10.5662
10.0517
12.0982
11.893
12.4349
10.3725
11.2342
14.6333
11.6139
14.0853
9.93991
10.3392
8.48022
13.4001
10.3509
14.8944
9.77948
11.7744
10.2114
9.82243
14.2281
8.05359
11.384
13.0256
6.97976
14.1488
8.09831
6.40709
8.71903
6.06862
11.6593
9.9975
9.08098
11.8682
11.311
8.27265
5.04113
13.0592
5.97168
12.5248
14.1808
12.3886
10.9147
9.85867
12.8711
11.2759
11.8845
13.6097
14.7626
13.2436
8.56639
10.0267
12.1906
14.1389
8.4267
13.5982
10.8948
14.5286
6.31042
9.07399
12.5586
13.417
7.53391
11.6097
14.3095
14.3202
7.88562
12.1851
10.0594
14.5821
9.52746
9.85495
14.5772
6.06209
13.6595
5.44327
11.8731
9.46652
9.9623
13.9108
9.76156
6.02926
14.9225
9.96097
13.0304
9.25357
7.64874
14.3316
10.9293
14.8284
12.4235
9.7682
9.71148
12.018
14.1431
12.3592
12.5657
9.0041
4.77592
7.95587
13.275
13.2092
11.3016
13.8132
7.3505
13.8885
4.73913
14.2602
6.36339
14.2283
13.3826
11.8488
14.9549
11.7323
9.70022
7.74964
10.2908
14.5078
10.1228
13.4576
12.0389
14.8133
14.436
13.4399
11.6034
11.4052
10.3339
10.2341
10.5976
8.57625
13.8078
10.4559
4.18491
13.3739
10.6882
8.11123
12.2607
13.5497
11.9603
14.6646
9.94102
13.3305
7.1159
9.10789
9.5887
7.63015
11.7476
11.7524
7.90999
11.5001
12.9536
11.1974
11.9363
9.65992
14.7239
13.6192
14.1994
14.38
14.564
9.67385
14.2016
10.4542
11.6745
11.8714
14.9365
11.6709
14.02
8.76902
12.7481
10.2525
10.6795
13.0511
8.4581
9.2945
11.2616
9.84627
12.8209
8.7654
14.5796
12.9497
8.8614
8.45906
11.403
11.4032
12.2853
10.0467
10.9423
13.3238
8.17499
14.2949
13.4638
12.9646
12.651
13.1825
13.7741
11.4795
9.73577
12.5376
12.2976
13.5962
14.6378
9.15587
13.5935
14.9585
14.7609
10.8842
7.2973
11.6046
11.6341
8.73381
13.4735
11.0347
9.44684
12.3802
13.6013
14.5167
10.3639
13.445
11.6549
9.98371
10.8468
13.0649
5.98382
13.9892
11.4366
12.9586
8.811
12.6763
10.7903
8.95187
13.464
11.9106
11.3075
13.7161
12.2294
14.8916
14.0877
7.66608
14.7393
12.7526
13.1213
12.2269
11.8222
9.58485
10.7372
8.99034
12.0092
13.4477
11.4153
12.6214
11.428
12.3656
14.1249
12.9566
12.3409
7.09868
13.326
14.1909
12.358
10.3077
10.3754
10.5768
6.12804
13.6122
12.999
13.9925
13.2643
11.0825
6.27679
5.7634
9.01678
11.4889
11.0679
11.3947
12.6905
8.93079
14.1181
11.8207
11.0839
12.2478
11.6199
12.384
8.1006
14.7161
10.2949
8.99333
14.6576
11.3877
11.3325
13.2254
12.9393
11.1275
11.987
12.2759
9.65006
8.65828
13.0504
12.3085
9.05101
10.3054
8.70974
7.59397
13.3348
9.57758
12.1445
10.5486
9.49833
12.7336
11.156
8.43452
14.2916
9.44782
14.8871
7.29918
7.81972
10.3783
12.6471
8.92453
13.2242
13.4629
13.2505
9.29615
11.8701
11.7318
12.0857
12.4974
11.7164
12.643
11.0045
6.9454
5.53611
10.0087
8.90797
11.6344
11.1723
12.3965
8.78129
10.9816
11.1029
11.7161
9.18474
12.2547
11.5655
12.788
14.9593
13.6828
9.94572
8.93538
14.6175
13.1649
12.5527
12.105
14.258
9.96337
12.2211
14.6076
13.0222
10.7783
8.76469
12.642
4.90186
7.83355
12.184
11.0939
7.46078
14.4058
9.17894
12.2069
9.79755
11.6928
11.1748
14.2367
9.63406
6.07022
11.2867
14.3939
9.78228
13.8785
9.96379
11.3356
12.9383
12.3698
9.15714
5.14297
14.0951
14.2665
12.2802
6.99455
13.1013
14.244
13.0983
8.69435
14.271
11.5411
9.15743
6.98618
8.10579
9.87639
13.645
6.23718
13.3936
14.4159
10.4668
10.667
13.6949
10.7623
12.3934
6.22179
10.7193
10.3187
6.05278
13.9792
14.0336
11.7552
12.4852
11.2544
10.8179
10.7228
13.6073
6.62334
14.7865
9.92507
13.5312
10.997
11.5079
6.43248
12.1835
5.55515
11.7456
12.6598
14.0378
7.48267
10.4675
13.2457
13.5047
9.07247
9.9474
7.43857
14.8762
13.1312
14.7477
11.7298
12.7097
9.95714
12.6159
12.7852
9.76977
12.1486
12.3898
9.46052
10.0547
13.2287
9.77632
7.46202
9.8715
13.252
14.56
5.15511
10.8796
6.83686
13.9819
14.9096
14.1428
14.6261
4.86066
9.12841
10.6804
10.5194
11.7141
9.84269
9.10907
13.0643
12.577
10.4962
14.5351
10.3946
12.9615
10.319
14.4646
12.8054
6.39843
13.0585
5.00025
10.1311
14.7302
12.0812
11.9334
11.7832
9.16541
13.9334
6.51374
5.88838
12.0645
13.022
10.2951
10.9472
9.70828
13.2886
13.9771
9.25589
13.5849
11.6994
7.56058
12.5849
11.9707
10.6
11.0226
10.3748
8.80884
9.55698
13.8125
14.228
6.25393
14.7464
11.8248
6.61905
10.5971
11.969
11.4287
13.9319
9.75366
14.8155
8.93428
7.68601
12.9042
11.1924
12.8706
10.3009
9.47771
12.0458
14.7829
11.9425
8.57548
9.67418
12.812
6.30135
10.8526
14.5036
14.1306
7.66644
7.77567
11.6321
6.84849
12.1989
14.2775
13.1306
9.77915
10.4617
9.94943
14.8042
11.952
12.0655
12.4807
8.73555
8.71764
10.2936
6.70006
9.89419
14.9151
5.99563
14.1493
11.4275
8.20214
11.2465
9.13388
13.4395
8.99123
9.16018
10.1072
10.6132
11.501
14.2596
12.4472
9.42946
14.9477
7.53441
12.0734
9.69322
9.2749
13.6002
11.7344
12.5241
7.86699
6.27053
11.0695
14.5137
13.1264
11.069
13.324
12.222
9.60521
6.26793
12.5834
10.7364
12.3891
13.1421
13.8671
12.2379
10.773
10.4965
10.7345
14.4845
10.5935
13.834
13.0376
13.4314
13.6248
4.36631
14.2046
6.41719
12.6735
9.42922
10.3386
9.38258
14.4633
12.0109
12.7228
14.2207
10.6092
13.3215
9.92409
12.1584
7.8106
12.1132
14.2012
9.08152
14.5012
12.2361
10.9285
12.0565
7.61005
12.6914
14.3602
14.7152
7.25917
4.59767
8.9918
11.5545
12.4791
14.0944
12.3654
14.9795
11.9137
14.1477
9.06916
14.8392
14.8191
10.3868
6.36477
8.18312
11.4439
14.2996
14.9198
12.4485
14.8521
8.67878
8.71541
12.9143
7.27471
12.5306
12.251
13.1806
5.68245
8.78822
14.3981
12.2671
8.75673
11.2319
14.5128
7.83096
11.3788
11.5507
6.58318
9.09358
11.8323
12.5153
11.2501
14.9542
11.5167
12.4568
8.24873
11.6274
13.6524
14.508
5.53384
8.52828
13.5266
14.797
14.3607
13.874
9.87589
13.8272
13.7665
8.90444
11.5043
14.6146
14.8427
11.7396
13.8009
14.4027
11.8197
11.454
11.3482
14.3485
13.5543
11.4851
13.2871
8.54156
11.1525
13.6613
7.77284
10.7587
10.786
12.5092
13.7903
7.77632
14.5505
14.6995
12.6507
13.0253
13.5155
8.71295
9.12314
10.7596
7.81205
10.7472
14.4608
12.2878
8.95086
9.48293
14.5618
10.8063
12.481
6.53355
13.3643
14.7704
10.7107
12.5198
12.5774
13.7494
10.8711
14.1255
12.7591
11.4097
14.8463
11.8696
13.5308
13.8211
11.4444
10.0242
9.62126
12.2038
7.63869
14.8759
9.02335
11.7368
10.3556
5.58044
14.4385
10.2161
8.60378
12.957
11.8769
14.8937
11.8815
12.4014
8.08686
9.39819
7.66038
12.5439
11.1761
14.078
13.5497
7.62061
10.2863
13.8108
10.7633
9.46702
6.79847
10.4505
10.608
11.668
9.71087
12.6577
6.19749
12.2476
14.4
14.638
14.5651
13.7676
12.0762
14.2725
13.6692
11.247
7.57241
14.2119
11.4926
8.60555
11.2469
13.6805
12.6631
11.6308
13.008
14.1906
11.854
13.253
14.2838
4.90983
11.5169
14.5264
14.7173
11.4649
14.4798
5.74836
13.1461
11.6072
13.8857
10.5917
8.62418
12.6886
12.4176
9.01112
11.5116
9.13949
10.0606
10.7757
10.7812
14.7993
14.9125
14.7567
14.407
5.8459
12.8467
11.0108
12.0587
11.9821
14.2869
13.702
12.9596
9.92636
6.28959
9.71218
10.8963
13.6994
14.2739
12.3486
14.3398
9.2833
12.2956
12.2505
13.1216
11.4561
13.9129
10.3694
8.57613
9.32674
11.2451
12.6119
14.3979
10.0595
7.29916
14.8099
9.65613
11.3552
6.6651
14.6834
12.7852
6.42345
11.2993
10.0134
12.4205
14.3052
8.69923
14.8816
14.8447
7.77053
14.5234
13.3431
14.1148
13.0315
11.1271
8.3523
12.3397
12.8953
11.8317
14.0511
8.57499
14.3633
10.8738
14.8057
14.3338
13.3316
14.1231
13.6175
14.744
13.3462
14.8126
11.8113
10.925
11.167
14.5057
9.94296
14.9659
13.0427
10.1701
9.59338
12.3042
10.9335
9.18253
14.0257
14.0219
4.68803
13.6566
14.856
11.3369
6.05081
14.2508
13.7219
9.50862
11.5355
12.9941
9.90262
9.59051
11.9594
14.3478
14.6317
11.2292
13.8086
9.85403
14.4854
12.7004
13.1945
14.7484
12.8492
12.5611
12.121
10.4102
10.9312
14.2958
10.3991
10.6277
13.7875
8.92785
9.62792
14.0851
14.5859
9.27123
11.5019
14.8207
11.0128
14.9056
9.74769
9.88399
7.32841
10.3874
9.66196
10.4705
13.5836
11.7587
12.5391
11.611
14.5182
9.93254
13.2888
14.6373
14.5267
10.0675
7.34463
5.4837
14.5779
12.2189
10.0326
13.7267
12.4814
9.56796
12.6025
12.6355
13.2919
7.31944
9.51468
8.02276
11.6779
14.5485
8.04533
11.0642
14.2626
14.7697
9.72613
11.8413
14.2725
13.7057
14.5867
10.8091
13.4211
13.8271
14.97
14.8509
12.0332
13.9624
12.5567
10.9508
5.27515
10.7378
12.8536
9.49502
13.8001
12.0177
14.9586
13.2264
12.5971
14.9707
13.8345
10.711
14.4496
13.4914
14.5317
12.8481
8.51696
9.96708
11.6863
14.5387
9.11215
12.1513
12.3442
12.8347
8.45931
13.3591
6.33274
14.2219
13.2723
9.79358
14.4411
11.7873
11.5284
13.5762
10.6488
5.67074
10.5806
9.42934
12.4206
11.025
5.31284
12.5677
13.3077
14.7212
10.1028
14.5919
11.3007
13.5769
11.8105
11.7724
13.5751
13.4397
12.3919
11.3078
13.4675
9.82189
11.8152
12.1266
12.3754
13.2073
11.1527
13.2001
11.6267
13.6461
14.409
9.40004
12.415
10.9629
8.29692
10.4942
11.4941
9.95035
14.2911
14.8993
11.8558
8.62798
14.0658
10.145
8.81939
10.6343
14.2545
10.9255
10.6609
12.0296
11.8024
14.2645
11.8794
14.4308
9.9839
7.5675
13.987
13.8348
11.8216
11.8781
13.8787
10.0391
11.1978
14.1336
6.73588
9.11439
6.99918
13.8484
13.6788
11.8253
12.4163
14.9222
10.5226
9.85224
11.1831
14.6841
13.6605
12.6293
10.6608
12.24
10.8329
14.0649
14.557
14.7739
14.6877
12.0384
12.6632
11.2868
9.15809
12.5713
8.65446
5.17285
6.90835
10.2527
3.85068
14.9258
5.96877
12.7941
8.79536
11.298
10.6512
13.218
12.1346
10.7033
12.4353
12.2375
14.5707
14.4802
14.7554
13.3339
13.0619
14.3414
9.84564
12.2554
14.4236
11.431
13.9254
12.6956
14.0225
9.71212
14.06
9.2915
13.5806
6.31215
9.0725
14.1469
14.0173
10.7257
8.38426
12.052
12.3912
13.7564
5.88783
8.9633
12.0205
13.4474
10.2963
12.5272
4.60793
9.67078
13.3715
11.1876
10.0488
10.9137
13.1612
12.6931
11.7645
8.58065
12.4297
10.3555
14.9969
10.9096
11.4136
10.0699
6.77853
5.34853
13.4054
11.2257
13.7502
14.9041
12.2866
14.0595
9.92038
13.5575
8.44043
13.6286
11.1728
14.6855
14.7243
12.1513
10.1998
11.736
13.3153
12.1137
9.92921
13.9584
6.2464
9.96402
13.593
7.58449
8.01248
10.5259
13.3515
8.93179
6.06504
13.1739
14.6724
14.4987
6.71208
10.0777
13.7466
6.87144
13.0755
9.35318
11.272
12.8804
12.988
8.6429
11.1619
13.2524
10.1588
14.139
12.4726
12.1695
12.7714
14.499
14.433
10.3742
13.0609
14.3222
11.3741
13.5206
12.9603
11.1994
12.8672
14.9367
8.96053
6.1797
9.91445
10.5071
12.2239
9.60392
13.2183
12.7663
11.3879
12.6384
13.489
12.8277
13.7037
10.6766
8.55837
14.1965
14.4203
13.1797
8.86402
10.1887
13.5325
9.84158
9.35529
5.65621
9.44483
11.3142
7.8238
7.88832
11.6229
8.52456
9.42875
13.789
13.2097
10.9191
9.34724
12.0012
13.3402
11.6217
11.5334
9.3894
12.5586
12.0188
14.9426
12.7974
12.7978
10.5224
14.8317
8.97358
12.3845
11.3835
6.39466
9.76061
6.10984
12.8338
12.7859
12.8444
6.34556
13.8525
8.66745
11.1396
13.6032
12.7388
11.5717
13.3833
14.6937
6.95278
13.0347
11.5697
10.1893
12.2924
11.1496
11.2465
11.3338
10.9978
11.5071
12.4078
10.8821
8.93101
14.4945
13.5923
10.7
14.3889
14.9289
11.9175
13.3296
14.6007
8.50288
10.8177
12.6496
10.7025
8.83413
12.2232
5.74338
11.0074
9.36804
11.4535
9.31968
6.2812
12.349
14.9446
14.6892
7.09239
14.8592
10.7497
14.5294
11.4473
14.9876
10.674
9.76783
14.4593
13.4201
12.3014
10.7066
8.17749
9.44019
11.5065
14.5934
7.39559
10.3888
8.74012
9.67526
11.8089
10.1998
12.7516
13.4928
13.5643
10.6155
13.6257
10.8574
13.7192
13.2998
12.3744
7.55621
6.54712
11.9817
10.3014
7.17735
13.7133
12.966
10.7864
14.3501
9.38969
10.39
12.2294
10.8764
11.5657
11.961
12.9156
9.71323
12.2372
12.7823
13.2643
12.9606
14.8181
12.9287
14.1725
12.0452
11.9936
11.4316
13.7417
11.3625
5.92643
14.3393
11.9048
11.8591
7.43746
12.5653
13.821
11.6186
6.37154
12.7931
8.18963
12.9996
14.7302
6.64347
12.9316
6.04661
11.0697
14.1757
14.0167
11.3229
12.0338
14.7224
9.54608
9.73488
14.7899
14.2445
14.1702
13.2705
8.57241
12.6386
4.42271
14.3069
10.7392
9.11858
10.2072
12.2372
14.9343
10.7959
8.46965
12.3028
11.2064
10.2267
10.3708
12.4261
11.8373
12.7042
14.3678
12.9879
11.2936
12.7285
9.91186
14.5998
13.8624
14.524
14.2594
11.2016
8.69398
11.3548
7.95038
4.65955
11.8689
11.7571
12.9723
12.9866
13.8678
6.91358
8.03753
12.8637
11.8966
14.8546
8.33554
14.0658
12.3412
12.3373
12.7378
12.4761
5.53428
11.2276
9.00426
12.5169
12.9518
14.0552
7.46338
14.3538
7.13617
11.345
11.6033
12.204
9.86333
10.3114
11.031
13.5625
13.1282
12.408
11.3763
6.96725
8.7104
12.2615
7.69825
14.2937
8.86189
11.1817
10.7336
14.6514
12.7098
11.4848
12.0978
11.7995
12.5002
13.5627
14.013
13.2944
7.44108
8.89115
4.35165
12.287
10.7731
11.8056
11.9699
11.9013
13.3657
9.86779
14.3084
9.70741
11.9664
12.9303
5.62978
9.01817
11.1015
11.0036
10.7931
14.4875
12.2506
10.1569
13.4015
14.3568
11.7066
8.54788
10.0403
13.7016
10.349
10.3732
12.2973
9.26982
11.3809
10.3647
9.41355
8.45959
13.8425
13.4478
11.949
14.7792
14.3814
12.0182
13.2258
12.3017
13.0663
13.146
10.6894
13.4109
14.8795
5.34759
9.98978
8.89026
5.95084
13.462
11.435
12.0811
10.4439
14.1247
7.54618
10.2719
9.4872
7.61362
7.93646
7.94887
7.74062
14.4451
13.7171
10.1225
12.1986
10.6163
6.45589
8.16494
5.99675
13.6949
13.356
12.3261
9.88686
8.93202
6.78719
9.83817
10.7497
9.97971
11.6238
14.2106
7.27311
10.6206
13.0066
11.459
6.2206
11.614
14.2172
10.9014
13.7098
8.71702
5.9518
8.01902
9.938
13.5973
14.1862
7.00758
12.7753
13.4677
7.79123
14.8923
13.8537
14.0005
14.4229
8.04466
11.1131
14.158
14.7172
13.8877
6.26826
5.21238
10.2606
13.3708
12.3105
8.38295
14.2841
10.4138
13.9299
10.6491
13.3032
14.9878
9.81583
9.05191
8.23769
8.60299
8.63322
10.0039
10.9107
11.7466
6.79866
12.3255
8.99498
3.77773
9.48021
10.2889
14.7011
6.25462
6.83839
10.1096
4.79609
10.831
14.1202
9.371
12.4212
10.7763
13.6609
7.75932
14.5905
8.72995
13.5688
9.88241
6.38468
7.2022
10.7397
8.17338
7.61603
12.2251
14.1768
9.10864
10.062
6.53851
10.1761
6.43606
12.0437
10.3383
14.1975
9.01538
9.74098
9.25646
11.5243
10.8097
12.8479
11.9348
11.8656
13.7313
6.06002
6.44868
10.0709
8.46537
7.9825
10.9315
8.7386
11.4424
12.6504
7.03111
12.6192
13.1893
14.9682
13.6301
10.5371
13.1614
12.9257
14.033
14.8388
14.1947
11.4218
10.7904
6.10287
8.58956
14.073
12.0046
13.0567
12.5654
6.59013
10.152
9.57254
10.2338
8.14454
10.8876
14.7917
11.7168
14.9055
14.187
6.05577
11.9793
12.9906
12.3179
8.54157
12.7245
13.7787
9.24446
13.2165
7.81769
10.3907
8.97069
10.3375
14.8945
14.6484
9.12644
6.32319
13.8223
9.12621
9.56861
13.0375
12.2405
12.885
9.63138
11.3162
13.5616
12.0766
9.92276
7.79732
7.03569
6.32892
14.5189
13.6629
14.9356
13.6561
14.3687
9.34375
10.7457
14.5077
14.0377
13.0894
10.4933
12.939
6.83821
13.618
12.1628
9.02141
7.39794
11.747
14.082
12.1025
13.2993
13.8694
5.70024
10.7049
6.90395
6.17433
10.3988
11.0734
8.40669
14.7576
13.1528
12.2914
6.70062
11.1287
11.258
13.1739
13.5941
12.868
9.57524
11.9403
12.9719
12.7763
10.2844
8.83816
14.0524
12.4939
8.99803
9.76987
13.159
10.8611
14.6679
10.1951
8.52071
13.2009
12.344
11.7753
9.58437
13.1068
13.1083
9.6848
14.0423
11.4002
13.6571
12.5993
14.5289
14.0296
10.8285
14.108
9.67161
10.6639
13.3524
8.40053
13.6437
13.832
8.31881
12.9834
10.295
13.6334
14.2088
10.0405
5.76944
11.3637
9.67943
7.40992
13.3279
6.13521
12.6622
11.9383
9.75236
11.1638
14.272
10.4934
9.33134
12.8668
13.0601
14.521
13.5134
13.3406
12.9871
14.5709
13.0881
5.00041
11.6795
9.35728
9.07534
14.3645
10.7694
11.1682
10.8216
12.6194
14.2338
14.8828
8.98045
7.55737
10.465
11.2086
13.9473
8.90337
12.8975
12.0811
8.67322
14.6068
11.5699
14.5233
13.704
10.7607
8.21015
14.1795
12.3403
9.84213
13.3873
13.597
8.49905
13.9822
10.9206
12.1373
14.0658
14.7435
12.136
13.6222
10.0053
8.55818
11.8945
12.4147
6.73311
14.8863
8.86749
11.5633
13.8808
12.4733
7.70061
14.5398
14.3343
12.9352
13.0365
14.3223
14.9608
11.8769
11.3808
10.8494
5.31781
7.20985
8.29303
11.4576
12.7375
14.3166
11.7385
11.9132
9.90836
12.7068
10.2106
12.5386
11.7472
12.5924
12.9116
8.20338
12.7722
12.5007
7.8838
5.33261
13.9318
10.1887
8.77771
9.91168
9.7078
14.3983
7.09415
13.0155
11.2819
13.5511
11.8981
14.5988
8.55558
5.79856
7.15119
8.77464
14.3089
12.939
14.2242
11.875
10.7599
13.45
6.11288
12.5418
12.1713
10.0266
9.96691
10.2984
11.1132
11.3874
11.0568
12.1193
12.6609
11.6994
12.815
13.6458
6.95283
10.811
13.3314
14.5926
4.21743
14.7289
6.98825
13.0048
10.2027
6.5988
14.9787
8.96683
10.3122
13.9576
8.98056
5.7419
13.9945
13.5784
7.95761
7.42483
12.6311
11.2142
6.31922
12.9202
12.6608
9.482
14.3321
10.1539
14.9764
8.01335
5.89451
11.9163
5.80395
6.14363
8.72952
11.5376
13.4258
14.898
9.94271
9.94153
11.5941
12.8735
13.6294
11.7805
13.8417
10.3873
10.8203
10.3815
9.23487
11.5443
11.5417
10.3307
10.6957
14.0762
12.1826
9.5816
10.9871
7.86241
11.3245
8.95496
5.65878
8.62336
14.2494
9.01342
10.7963
7.31454
5.76116
9.89319
9.49667
14.9034
11.3472
9.91104
13.3283
13.3756
10.2124
10.09
14.4972
8.57808
5.33461
13.531
9.79982
13.4869
10.8428
6.97589
8.67094
11.4537
11.2546
14.7779
11.7538
11.214
12.3482
13.4596
8.67208
9.78588
12.2499
12.4531
14.6982
13.5811
8.45132
14.3573
7.59375
8.92788
5.95466
14.3203
9.23028
13.7385
11.0882
4.34105
13.5012
14.8123
13.2767
9.25366
10.8604
9.79428
8.84753
9.86613
12.5333
14.6681
7.59557
14.1753
14.3738
14.3332
7.89022
10.2785
10.6239
12.8591
12.8073
14.1896
5.53481
9.06423
9.95214
11.3764
14.117
14.4078
12.9126
10.7429
7.44645
13.2351
13.5221
9.20118
13.9618
14.3367
10.059
13.5951
14.5561
8.2206
12.2712
11.0253
12.5623
6.42901
12.9382
12.1468
9.75361
9.01091
8.13324
10.0051
14.9562
13.7696
11.534
13.7499
6.16629
7.83167
11.2689
14.8836
7.83822
13.5693
14.1125
8.58761
12.1817
12.4237
12.0149
12.216
12.1408
10.0831
9.87974
14.2945
14.535
9.76955
13.8122
13.8767
11.8739
14.4016
9.94955
11.9726
11.0072
14.2112
13.4483
10.2905
7.99572
12.4096
14.3326
8.9336
12.4646
9.38117
5.48762
11.3977
10.3775
10.8806
12.8736
13.9652
12.1815
13.9945
13.4684
10.4991
9.30868
6.25377
12.3908
13.6929
12.685
10.1283
14.5755
12.7805
12.8883
13.8578
10.5626
13.5765
8.34254
12.3962
12.1023
10.3119
12.5154
6.63057
10.2156
11.1207
8.65157
12.2119
9.3334
10.0674
13.2241
13.993
10.8504
10.5947
10.2435
12.3452
10.3168
9.83947
13.7999
14.2661
9.08913
14.3586
8.02374
14.4908
12.7061
12.3364
13.8347
10.8528
8.6786
7.91449
8.28872
14.2183
14.2091
9.76629
13.8496
14.6169
10.6577
14.8735
11.6253
9.39486
13.7642
12.1267
11.469
8.27583
12.3259
11.798
5.37325
5.49849
11.9495
14.3533
12.0277
11.2684
10.9924
9.63497
14.7913
8.42611
13.0555
14.578
9.45732
10.5694
5.32959
5.46361
14.9058
11.4927
10.4707
14.7641
14.1634
6.31171
12.4098
10.1422
11.9739
14.5032
10.1882
13.813
11.8339
11.371
13.9497
14.5891
12.1906
14.8234
8.04519
13.152
13.4859
14.2372
8.79465
10.4496
9.77279
13.4692
12.4745
8.4125
14.6467
8.40321
13.5669
9.19655
10.7026
9.92634
14.3514
11.8362
11.6737
8.81133
11.2739
14.2497
9.42766
14.5876
10.7863
12.0978
9.0292
14.095
11.2935
14.9709
13.6776
6.45819
10.52
14.116
13.256
13.9003
13.6472
13.8151
11.0272
9.1063
14.7217
12.6938
10.5018
10.8859
12.443
9.33396
10.251
5.26628
11.5117
10.4057
10.4277
12.3208
14.2414
14.1099
14.9668
4.19405
11.6699
9.61671
9.96266
10.0488
13.0658
7.68898
14.5654
12.4098
12.7616
12.6222
12.645
10.1933
13.0722
13.6999
13.2661
12.5376
10.1792
13.6588
12.1591
13.8926
10.7754
5.72581
12.873
11.3426
11.5824
9.38054
5.35302
13.9952
13.9535
11.5376
4.70148
13.435
10.4619
13.2955
12.3811
9.13537
9.337
10.6823
10.8933
12.884
13.1104
12.0534
10.6631
14.8667
13.2601
10.0721
10.1363
8.6951
8.30552
11.7995
10.3854
6.22353
14.2006
13.1465
8.41964
8.80317
11.6137
9.91913
14.8175
8.09841
10.577
6.72792
11.3045
3.94306
12.1089
11.1643
13.7679
9.82969
14.9556
13.2846
13.5142
13.1528
14.759
10.6421
11.9622
12.8166
10.4919
13.0376
6.73659
8.68259
12.6697
4.93926
10.0307
14.0317
11.8548
12.8168
11.4577
14.801
13.8572
10.5134
9.86896
5.91855
13.1965
10.4897
14.4392
14.5725
10.1827
11.343
13.7317
14.2131
13.8007
11.2639
12.9134
7.64233
14.889
13.1864
14.1823
12.8035
9.50802
13.9718
13.8381
9.83848
14.3564
13.4695
13.7529
12.5897
12.4356
8.55142
8.52034
9.54966
14.1742
10.6329
8.75206
13.285
7.6346
13.6197
14.9835
8.46247
7.90265
11.4381
14.1552
11.5216
14.9394
7.12922
13.1672
12.998
13.1031
4.44098
9.83707
9.5247
10.0093
10.6981
11.1164
13.1174
13.6344
13.4085
9.13961
10.2236
8.68027
9.56957
12.7322
9.32153
9.64917
9.38343
12.1854
14.2538
14.4345
11.4137
10.3861
10.8897
11.4207
13.5279
11.0691
10.1831
13.7786
13.0267
9.37755
13.0774
11.4315
11.3056
6.43228
13.7915
12.5056
10.4374
8.75023
13.6336
11.1175
14.1876
14.4218
13.5157
9.52595
14.4228
11.6227
14.7121
9.37763
12.6325
11.903
12.3104
9.13818
12.0926
5.28798
13.2497
8.82588
9.90049
8.16171
12.7286
9.06293
12.4099
14.4761
10.7789
11.8781
9.74761
6.34842
7.08712
11.3325
11.5153
13.5562
14.7608
11.6513
11.0003
10.562
13.3802
12.0671
14.2972
12.9945
14.8891
9.93804
6.48246
12.4444
10.6939
13.7152
12.7215
11.4098
14.6814
4.09378
12.2577
14.9651
14.7244
6.74346
13.3867
10.6569
5.23573
12.4373
14.0826
10.166
8.82778
5.54434
12.5934
14.186
9.43006
10.4947
10.9226
10.648
11.9778
13.9241
13.917
10.5835
11.5049
8.7122
14.1059
14.8166
14.1608
8.71201
14.428
11.9481
13.1368
9.55178
8.60406
14.0812
9.70338
14.5715
13.9662
6.19747
13.8143
9.6314
13.8219
9.20437
14.4696
12.0102
13.7935
12.6974
10.4275
12.2993
10.884
8.81223
10.099
11.6469
9.31488
14.092
14.9458
14.7147
6.85912
7.67564
12.6463
12.9504
12.6691
8.96899
12.0937
12.1636
13.8263
10.9097
12.9447
14.5445
11.4716
11.822
10.5422
9.02943
11.8647
14.1771
14.7817
10.6959
14.2419
14.6698
12.893
11.8523
9.73259
10.874
12.8241
8.48604
12.7351
9.55559
13.5849
11.947
10.8696
10.3599
11.3801
13.0788
10.8164
7.67858
5.48793
14.696
13.3405
13.2267
9.84602
13.2492
14.621
13.9321
13.6218
10.3736
14.3952
9.96605
12.7861
11.971
9.23967
11.2118
10.7964
14.5079
13.2859
9.00698
13.0163
10.0815
12.3726
12.7878
14.1471
13.6916
7.86866
14.0765
14.4846
6.37238
10.9029
12.3532
14.2753
12.6631
14.8301
9.9363
12.982
13.1341
9.15427
14.7089
6.1501
14.4389
14.8184
14.552
8.37163
14.1065
13.5658
12.3947
11.8564
13.8797
14.8241
6.93258
10.6794
8.16822
10.2842
12.1208
13.584
11.1085
12.6833
14.2925
11.8411
7.9277
7.8526
13.127
14.6968
11.3583
14.3506
6.9487
8.3459
14.2031
14.0949
10.4306
9.97369
9.56706
14.1168
13.6562
5.68948
7.8521
9.64421
7.58717
10.0879
11.0548
9.01964
11.0921
11.4482
11.5411
13.7972
9.91907
6.65467
12.2159
9.04001
9.18938
10.6028
10.0229
14.5256
9.68462
8.81097
9.31318
9.50416
11.7635
14.2765
14.2666
13.5333
10.4892
11.3305
7.78794
13.646
8.48965
6.11655
14.891
12.3728
12.864
14.4078
13.9922
10.2079
7.26768
14.4876
14.0036
13.7539
13.5089
11.0327
9.942
14.5384
7.25107
12.0872
8.9619
14.7577
8.25266
11.4019
7.80756
13.7359
12.8981
14.0751
4.75177
10.7539
10.8337
11.9351
13.1775
7.73158
13.7372
14.6188
14.3106
13.4791
11.6434
10.3197
14.2609
9.79082
7.93955
11.5387
12.6051
9.74639
4.12162
10.8435
12.963
13.1155
14.1346
14.1711
13.6963
13.0216
14.6802
6.19613
7.24523
13.3809
14.567
7.67232
11.4177
7.90674
10.4469
12.1188
10.5251
12.7058
5.52841
12.472
13.8078
14.2086
14.8667
7.92093
7.6704
11.5676
7.94905
5.47897
13.891
8.95162
8.64522
12.3772
12.9947
10.0512
13.4762
13.2327
10.721
11.0003
14.0986
9.53398
8.64275
14.9228
10.5182
14.5615
13.661
13.6673
14.031
7.5907
14.497
9.40815
12.7028
11.9209
7.90394
14.5242
8.52973
12.6089
12.3036
12.2419
12.3698
10.9604
14.2146
6.844
14.1965
13.8397
6.81489
5.65312
12.3273
9.1305
5.65326
10.4993
8.09878
4.48951
8.51573
13.5448
14.4786
10.3268
4.09475
11.4892
5.92596
7.61593
12.3588
12.1853
13.4922
9.23224
11.1548
14.1739
14.255
10.1172
5.20916
11.6718
10.0021
11.639
11.4218
11.786
9.98297
12.8093
9.42705
11.4748
13.8099
11.5465
6.33717
10.9132
13.1598
11.5902
14.5275
9.11061
10.936
10.3294
12.4654
11.6907
12.2932
14.5969
12.961
10.9218
14.1074
14.0197
11.9634
14.3702
11.0928
13.1315
12.9758
10.6981
12.9399
14.0172
10.9015
12.5573
14.201
14.0197
9.7749
10.8626
14.0497
10.4573
10.6911
14.8419
14.5899
8.82327
10.7452
10.1413
14.3695
13.1948
12.311
12.4805
12.4263
10.398
7.34087
13.8161
9.93285
9.28666
14.5513
11.7906
9.81997
11.6022
14.0733
14.2312
12.8222
14.528
12.8128
14.5438
14.0766
5.27774
9.7762
12.4247
9.23669
12.5254
14.4592
13.7946
10.6919
13.0379
12.121
14.9616
10.3619
14.4132
10.8491
14.0064
11.0533
14.0817
11.2052
14.0857
12.5009
12.8532
14.4214
11.9543
9.18876
9.82272
11.2063
5.11964
11.2296
14.4238
8.77754
12.1464
14.5516
14.5004
9.99577
13.7948
8.76156
6.01382
10.9894
9.98717
10.2633
13.1689
11.104
8.47897
9.20448
14.4814
11.9495
6.6736
11.5896
9.5268
11.7614
10.4962
11.1721
9.79602
13.2192
12.5648
12.4926
8.9051
7.59925
6.88686
12.4949
8.53032
14.5318
6.66481
13.5781
9.94247
8.68531
10.8695
9.8183
6.72503
7.23919
11.0961
9.39594
9.38935
10.6635
5.30191
9.83749
8.40943
9.84413
11.8119
14.9128
10.5803
8.4262
9.56795
13.5002
13.5381
10.8219
11.4718
13.2808
10.2794
5.20114
13.0461
10.4262
12.1402
6.40781
7.38515
14.2333
7.00735
10.9957
10.1712
11.1949
5.87609
10.0475
7.99004
7.31537
12.9284
10.8292
9.55633
11.2671
8.9199
9.86202
10.7006
13.5032
13.1698
9.63054
5.34647
10.8972
7.48613
13.6962
7.66447
6.73312
10.7778
9.38439
12.7001
14.1164
11.5705
14.1369
12.5132
12.1121
14.8924
13.4327
10.7645
11.605
13.159
12.5404
11.4458
12.6934
12.8703
13.2694
8.67338
5.216
12.5408
12.492
12.1817
12.8166
11.8516
14.4594
11.0875
12.851
10.7586
14.6642
12.4439
14.5942
7.24836
9.98215
9.53255
14.2717
13.1873
13.0451
14.93
7.21263
10.3574
5.9887
13.3486
9.92806
13.1097
14.3628
14.5647
8.34156
11.7388
5.62405
13.5472
11.6872
10.3644
8.639
14.6415
12.6868
14.5809
9.84728
12.5012
10.5532
14.5289
9.55713
7.62864
12.0022
12.2345
13.0935
14.6081
14.1787
13.8481
12.8678
13.2232
14.8386
13.5878
8.34223
12.9979
9.97857
13.4819
12.4578
13.0088
9.0605
13.6339
14.6718
13.3373
11.3057
12.4762
9.85958
10.0193
12.6016
14.6191
14.1467
14.4224
5.20853
10.0236
14.1881
14.9047
9.64823
11.9887
12.8771
9.92246
14.1345
11.8246
9.2965
8.93675
10.5811
11.8495
14.6654
5.9721
5.83346
12.783
8.78863
7.99791
12.4577
12.4838
13.0601
13.0965
4.28587
7.08577
11.6648
9.69812
6.46603
9.4724
11.4312
9.30618
14.2182
13.0915
14.9147
12.5797
12.5102
13.0536
9.77837
13.2247
8.77584
14.2633
7.91965
13.0588
13.187
8.57709
13.1869
8.42725
8.52639
6.32066
9.23935
10.8351
10.8645
9.01863
13.0874
13.5647
9.98147
6.86554
11.0923
14.8924
14.8446
11.8986
5.99369
13.9464
12.909
12.4784
12.0397
9.63764
8.82514
9.79023
13.5531
6.97203
11.0562
7.9958
8.73805
13.155
6.75526
14.4438
11.7933
14.6271
13.2571
14.0435
9.6718
6.16451
11.7035
13.7016
5.09786
11.8864
14.6885
11.7436
13.8466
8.72112
9.47017
10.268
14.031
6.04387
10.3783
9.20627
9.60269
7.26952
13.6907
10.2054
12.3767
12.5123
11.7093
4.0954
14.4808
5.41371
11.7675
13.8889
14.4551
13.8077
12.7733
12.4412
6.55448
13.6622
14.3808
14.9264
10.2844
14.5584
8.49269
11.6304
13.2019
13.7474
4.94888
8.52015
12.1285
13.5471
13.8207
8.98998
14.0575
13.2708
9.27137
12.4786
14.409
12.1234
11.0618
13.4321
13.6155
8.45928
14.4419
7.22451
9.88286
13.2446
13.3005
8.33887
14.7021
7.9588
13.4074
11.4274
7.61438
9.13253
9.60896
10.4196
13.4318
5.10454
12.7288
14.8444
14.7244
11.4265
13.8552
10.7491
11.0655
9.62015
11.6156
14.2951
14.4162
11.7537
12.8989
10.5765
9.37329
12.6231
12.2115
10.0561
9.1046
14.2178
12.3624
8.57145
13.6881
13.7705
10.0176
10.5118
12.6505
9.01223
11.0621
14.7074
13.0391
8.69904
10.5614
10.366
8.59747
10.2125
10.3736
14.3177
10.8524
13.6193
13.6574
9.83312
10.5372
14.6868
12.8129
10.5505
14.8409
10.7004
14.367
8.84828
10.8263
13.7394
13.1623
13.0968
7.38402
10.7443
14.884
14.1758
8.93718
6.46862
9.46757
5.4995
7.00418
10.9258
12.8259
13.7703
11.8287
14.3579
8.56815
13.9573
13.5229
9.8268
10.7429
8.56495
14.7856
10.5593
13.547
8.22986
14.8308
11.0109
10.6727
11.2096
11.2048
6.62867
14.5712
12.8686
13.4365
11.5071
5.85372
14.8637
10.2001
14.9865
13.0518
14.7968
14.5424
7.60522
10.7856
9.64591
8.40829
9.46207
9.94097
8.14197
9.75589
13.9979
12.1378
14.0636
8.93513
14.6092
10.1779
12.5057
8.91278
10.3853
14.3172
10.505
14.0424
9.07268
11.4762
8.72562
11.9579
12.5201
14.4357
14.1913
12.8864
14.4664
12.8542
11.897
8.57747
11.3119
12.8544
9.43272
7.08058
11.6276
13.5039
13.1784
10.0332
14.7873
12.3014
11.2302
14.3097
6.48417
4.59976
10.6332
10.8329
12.3927
7.34917
10.9281
10.6716
7.4743
12.0032
9.71985
11.5437
13.7264
6.27123
6.638
9.37786
7.32056
8.86391
14.7709
11.4392
14.8266
9.75645
13.2893
12.4796
10.2408
13.093
14.9698
14.7612
12.089
11.4766
12.049
11.2491
11.3431
5.56311
10.0085
14.9466
9.98664
9.51791
10.2257
8.88519
5.9275
11.3061
13.7318
14.8943
9.5306
11.0724
14.5573
12.7278
14.2621
10.8987
14.6894
14.9558
12.3056
9.57281
14.1821
12.5729
14.8755
8.07893
14.1356
9.95049
9.89134
11.8354
9.76307
14.4993
9.2807
9.10205
9.70068
9.13924
9.07588
13.7539
8.80738
10.5902
9.29263
14.2339
10.7564
10.2241
11.1434
8.81396
14.7227
8.92999
12.3291
12.5028
5.9536
11.756
10.6909
10.0412
10.717
9.84195
9.83029
6.03503
6.099
14.8371
8.41754
14.8991
10.6974
12.8454
12.0319
10.7204
9.67171
10.0222
9.39952
12.8367
12.1255
6.73064
14.5494
10.4353
7.98417
10.5682
13.8928
11.5096
10.9674
10.205
13.6683
11.2368
11.1079
9.60044
14.9226
8.14309
8.95304
4.20552
12.9663
10.9077
8.26606
7.88128
6.84109
13.8269
13.6148
9.98128
13.7335
13.7443
10.4191
13.4869
13.9429
12.5573
12.623
9.54746
12.7393
14.1397
13.2204
9.19837
10.6845
8.49121
7.85014
14.8628
12.9596
12.9048
14.7346
12.0836
13.6988
11.4955
10.9036
11.5222
9.91602
12.7974
9.74112
6.23725
12.9147
13.8084
5.20271
14.2511
14.5271
4.37437
14.989
13.221
11.4398
11.5948
9.6111
12.5347
14.4456
10.6264
10.3572
4.98906
9.10299
9.0747
8.14625
8.33188
6.01207
10.4192
13.8969
7.69485
13.819
13.9986
14.0243
7.31071
11.7176
11.8109
9.72015
6.24933
6.1408
6.04491
13.627
10.0697
14.9557
10.215
12.0151
13.8288
11.5965
12.3541
13.3275
10.2104
8.70568
6.37861
10.2696
13.9819
11.8681
10.9267
12.3862
14.8424
10.7529
9.82003
10.6904
14.7731
8.58355
12.2326
13.084
12.3374
9.41321
9.47816
14.5001
13.1836
12.7982
13.9673
11.4755
10.3693
13.0606
8.28594
10.5468
13.3344
13.7426
12.4086
14.5799
10.7146
9.13201
11.0496
13.0314
12.6937
5.92575
12.9878
11.0893
4.57069
9.54149
13.4798
14.5966
10.4098
6.23551
14.0613
10.985
11.2895
14.2149
13.6548
7.08622
11.4925
11.2458
13.944
13.5807
7.27239
9.12179
8.44158
8.16454
9.40755
9.0997
14.8173
12.3075
12.0985
11.6562
12.1476
13.3187
14.125
12.8318
11.965
12.1247
11.7201
12.637
10.1079
9.82756
11.9413
10.0451
9.8415
8.42808
13.0002
12.5755
11.4101
13.7433
14.8934
10.7073
11.2395
14.1291
12.8128
12.1586
10.3977
13.2003
14.8486
11.3496
12.7036
9.60733
13.7722
12.1178
14.0448
6.01675
14.2922
12.392
13.5349
14.4382
14.8904
14.1912
9.68743
13.2991
13.0843
13.04
13.5397
8.90741
10.6733
10.134
14.4214
12.8348
6.09253
8.8284
10.2245
4.53557
11.6714
10.9735
10.2393
13.9607
11.4656
10.2127
11.4457
5.34504
10.8404
12.5132
5.40353
12.9939
14.3925
10.8705
14.6592
8.65264
12.9889
11.5101
6.59661
14.0375
14.9736
11.4032
13.1272
10.6421
8.69087
11.3649
11.3575
14.1459
13.6965
14.6009
5.43234
10.5183
11.8617
11.1395
5.08893
12.4451
10.1512
13.0782
8.26922
9.47524
12.4362
9.57575
12.1179
10.1927
14.6809
6.34692
12.2664
11.3752
14.5092
12.304
6.65313
13.5867
8.94743
13.5503
6.73743
11.3435
13.6317
13.989
10.2188
13.8596
13.8956
6.79438
12.3867
7.71096
13.4899
14.6909
10.967
14.0886
12.5321
14.9411
12.0452
14.2199
11.174
10.1045
13.4289
9.39133
13.1748
10.3291
14.6713
14.6267
10.3092
7.80647
7.28708
12.2856
14.8302
9.02023
12.5587
13.9632
8.90949
6.1594
13.0761
12.1894
13.9749
9.49005
11.7691
11.0945
12.0897
11.8687
8.27079
14.1126
11.6943
14.7046
13.7342
12.5941
9.40647
10.695
12.3195
12.014
10.9757
9.164
5.5888
7.46606
10.4879
9.27134
13.2263
11.2019
12.7731
9.07714
12.6845
13.6171
12.1189
12.9803
7.60928
9.98317
14.5866
8.12555
10.9686
14.7368
13.0055
10.4316
14.0787
11.2159
8.62761
9.47704
13.1796
9.15834
11.3137
14.4189
13.8972
9.83777
7.2018
13.1165
5.5235
12.7731
11.6325
12.5549
14.3227
6.19699
11.0001
12.3638
6.50311
10.1143
10.0906
14.4232
10.8082
5.29298
13.8929
9.05736
14.998
8.32934
6.77089
11.1714
6.08965
8.76565
14.9433
10.186
9.45089
10.7202
11.2766
6.10059
14.9071
13.1109
14.8861
12.2238
9.61068
10.3013
10.217
11.9761
9.03357
8.50481
14.813
13.767
11.8311
13.1635
9.83417
9.41551
6.6188
11.4482
9.87948
9.36424
13.8654
11.0371
6.83254
11.6488
8.45987
13.7939
6.46461
11.1435
12.2607
14.2453
10.762
14.3534
13.8837
9.79279
13.3679
12.9065
12.3918
13.099
9.8184
11.7581
6.22054
7.92149
14.1392
12.6838
10.8696
10.4781
9.21978
12.467
7.23036
6.39712
6.05111
12.9467
7.93906
9.93811
13.2705
14.4011
7.79711
5.29085
13.448
12.5528
13.0814
14.355
13.2324
12.8315
10.8264
14.3434
6.37227
10.6828
14.1863
6.29815
13.903
10.3782
11.7143
10.9723
9.30567
8.17995
11.3184
12.094
12.1739
10.4001
10.1532
12.9126
6.38138
9.41458
7.76536
14.3711
12.2179
14.0096
10.3052
11.9292
12.25
13.3643
9.95766
7.75869
13.0466
13.8987
9.27166
6.07196
12.9427
10.9726
8.18787
7.988
12.4231
9.29785
12.159
14.4834
13.9216
11.8921
14.1501
12.4273
11.604
14.6629
14.0038
10.5125
9.43486
13.307
14.1893
13.5552
11.2766
13.9895
12.5456
6.43982
11.8362
11.5419
5.27415
12.6862
12.1901
13.9278
14.0128
12.0514
11.7707
14.652
8.32086
9.79893
13.4796
12.6248
14.2971
14.7889
5.86511
11.9053
6.62205
13.8425
10.5717
13.9396
10.389
14.9591
10.4594
11.7024
11.449
14.3238
13.0528
10.7376
8.77318
12.8838
13.4782
12.7094
9.39924
10.5244
8.49377
8.01038
5.57764
13.9629
14.4873
10.7209
13.0409
13.9656
13.067
11.0806
11.8998
13.1099
14.5545
13.3318
6.45354
6.07558
6.20756
8.60042
8.42137
12.6445
11.9806
12.9516
11.1662
6.52043
8.61508
11.7982
7.02033
10.9682
9.06347
9.38193
12.7212
14.5923
11.5995
13.4825
13.618
11.2636
9.60931
12.201
10.4668
13.9201
8.39588
9.75702
9.3274
11.4306
14.7919
10.7275
11.9953
13.3328
5.98085
6.44773
14.3892
14.372
8.63091
9.71414
13.7845
10.3751
5.38602
14.8371
8.54229
12.5366
8.85319
12.6054
8.31533
13.9774
14.7311
13.9204
6.5638
10.8411
13.3423
6.11709
11.0038
12.9005
12.7216
13.8056
14.8351
14.3956
13.2647
11.7393
7.64295
10.3962
12.8991
10.5941
5.49537
13.7813
9.32218
5.18091
13.0883
9.34837
14.1711
12.4086
8.78523
12.3883
14.8738
10.5308
11.278
13.7831
10.4128
14.4251
12.818
13.8695
11.6155
14.3145
14.8785
7.51514
10.1752
6.56769
13.852
6.19637
9.95459
6.1299
12.1521
11.8423
10.7584
9.00839
13.34
14.0426
12.6816
13.5408
9.36987
12.3646
8.49138
12.788
13.8712
8.3714
11.2067
13.946
13.8298
12.3352
12.8459
8.63302
6.52528
13.3458
10.799
9.43133
5.57639
4.74801
9.48578
11.8703
14.8681
13.7345
11.7674
10.0018
14.3196
14.4142
13.412
9.71688
10.5863
12.4472
12.13
9.59938
9.29137
9.80341
9.57348
12.431
7.61418
13.7286
9.27873
8.73747
10.6486
9.52297
6.36375
5.89145
8.83537
11.9982
11.6063
10.2071
5.5042
10.7221
11.206
6.44495
10.9341
10.8462
12.3841
14.5987
13.6529
13.7312
11.0509
10.5191
11.7389
14.2362
10.9292
11.4639
10.919
10.5199
13.3092
14.6054
13.4597
11.7704
13.1241
14.9638
6.34989
8.81502
13.1531
5.47735
10.2987
12.7782
5.18035
11.9888
11.1155
12.6372
14.8864
6.28023
12.383
14.1672
13.8461
10.4508
14.3588
6.36733
8.46304
14.4108
9.06759
10.4102
11.7027
5.64151
9.14985
9.777
10.9123
13.7725
10.184
12.201
11.0163
8.60943
13.6974
8.21451
14.7816
11.4917
14.9337
12.0831
9.98272
13.602
11.536
13.6368
14.5271
13.1769
11.0547
5.40587
12.6655
13.4025
9.91039
12.4893
13.9935
11.1583
14.1057
11.0417
11.3997
14.3725
11.5892
13.9291
11.0138
12.5229
9.7459
14.7926
11.8531
13.7871
14.0861
10.3272
13.8342
11.6135
10.2742
10.5439
8.23783
8.73135
13.7436
13.4185
6.16838
14.4285
10.5501
13.8182
11.8229
5.43956
6.36438
14.605
11.3132
8.91147
11.0799
10.9907
12.5627
13.8713
14.9359
11.0922
10.6239
4.45028
10.4182
13.53
11.4004
14.3125
7.60813
7.63318
10.8246
12.9627
14.9996
8.25336
10.6428
12.8259
10.2993
9.49806
7.69303
14.9525
12.7771
12.5219
5.26173
14.3077
12.522
13.7457
13.1858
4.9696
9.85788
8.58508
10.3132
14.4141
14.9517
14.5556
13.9906
14.2028
10.6916
13.1863
7.45544
14.6028
11.3354
10.5613
14.5117
14.3329
8.97481
7.54714
14.4767
13.6974
11.9753
8.82836
12.3722
9.51612
8.67331
11.2132
14.1438
9.77182
11.8622
8.3452
9.83039
11.2392
13.8825
10.4502
14.6712
14.121
6.09635
12.8132
11.8614
14.5795
12.8556
9.06496
9.12407
10.1896
8.61941
12.2327
8.76539
11.1762
12.7138
13.5721
13.6021
10.6578
12.9082
13.8923
11.6938
9.92602
14.306
10.6764
8.59459
13.8657
14.6646
12.7861
9.37301
13.5478
13.105
8.65365
13.8607
11.4932
11.2052
8.66666
13.0541
14.5977
11.0136
13.0109
12.9567
10.3908
14.8657
8.54474
13.0395
9.46736
13.8374
6.48826
13.5901
6.49349
9.78856
6.20449
14.401
11.6532
14.1853
9.95359
8.2501
11.2297
13.2084
11.2264
8.70776
14.5551
14.4094
11.3878
13.4078
12.467
11.0231
11.5414
12.3255
13.1705
11.7751
14.9526
13.5305
11.1264
9.20097
14.4207
14.248
12.1961
13.3564
8.06413
6.63742
9.66152
6.81098
14.2778
12.7596
12.8789
9.6945
6.64265
13.8432
11.2112
10.2016
8.6553
13.1492
14.549
10.4774
4.66943
14.8073
11.6121
6.42765
14.0433
13.7188
10.4019
12.4582
14.8892
13.9197
14.032
10.5447
6.3168
12.0584
13.4076
10.1233
10.0657
10.2487
12.8084
11.0377
9.68628
13.628
10.8531
8.34457
8.93802
9.0999
5.67355
13.2594
13.3383
5.52515
14.256
12.7687
11.4545
5.17773
11.7914
13.5004
6.766
9.68349
14.7762
14.3562
10.4775
12.7112
14.6889
11.4113
11.94
8.44656
11.0676
4.98433
10.1237
10.6113
14.4056
13.3391
6.04254
8.51922
10.6045
10.567
8.63161
14.539
6.6124
8.83483
7.21095
7.50295
10.085
9.66978
13.4404
11.8473
13.8835
11.8013
13.8574
13.4059
9.14249
14.6262
13.6634
14.8355
7.53809
9.99933
6.31371
10.5658
9.65199
11.0069
7.47343
14.1375
13.7978
9.47777
12.9536
14.2137
10.0797
13.9654
12.2048
7.52371
8.77414
14.8382
10.4626
10.0106
14.072
5.06887
9.23132
14.7384
13.385
10.7099
9.53172
14.2418
8.68924
13.2296
11.5192
13.5346
14.9332
14.4487
12.6224
12.7084
14.5118
13.0098
5.23739
11.7789
10.6401
14.5214
12.5278
12.3279
9.11275
8.98855
11.2878
11.8375
11.11
10.0165
11.1035
13.8029
6.31456
14.6787
9.64685
6.39153
9.66495
14.1226
14.9527
10.3036
9.98484
14.9239
13.041
12.8814
8.69818
9.88974
6.0602
8.08358
9.89474
13.7694
11.9283
14.5006
12.1919
14.8452
8.48783
13.3543
9.73882
13.6571
12.1438
10.922
12.8053
12.7376
11.97
12.8771
14.6445
14.6785
5.87271
13.9842
7.29057
10.3279
10.4737
11.1299
12.2827
14.0857
9.06019
10.4834
14.0491
14.9113
12.7792
11.1101
12.5907
7.38456
7.2839
7.10413
7.42531
12.1679
13.4974
13.5847
12.9532
7.3682
7.60667
14.3834
5.83921
10.3208
13.5367
14.1679
14.8341
13.7849
14.5828
14.4646
8.60231
12.1456
6.38225
9.12024
13.3671
7.60223
10.4194
8.67644
9.25421
11.5417
4.92413
13.555
5.98402
14.2635
13.0579
10.8803
12.3795
12.5974
8.95259
13.5083
9.32553
10.4346
14.197
12.5599
5.13583
9.77288
14.0848
6.27069
13.7491
10.6631
13.5494
11.8053
13.9834
11.2452
8.63113
12.1312
11.3022
6.33161
13.9396
5.4818
10.1595
14.958
12.8576
12.66
13.9609
8.69465
14.123
7.30413
14.0969
13.944
13.7359
11.4764
10.002
12.2179
11.6217
6.20682
10.149
12.502
9.42877
14.9785
10.0807
13.7301
14.9825
13.7558
9.79815
11.8465
9.47704
10.5964
10.8457
10.361
11.2986
8.17795
14.4759
13.5732
13.4619
12.8946
11.907
14.9658
12.7556
8.87802
13.1377
14.5472
11.6868
9.44783
11.8324
10.0503
14.5874
9.07989
9.68444
13.2879
6.31053
10.0988
7.719
13.9501
11.1587
13.3441
10.0009
12.4278
11.288
9.95842
11.9843
13.9681
7.05452
9.7139
14.2919
9.77108
14.5267
12.7322
14.9683
7.34791
7.46608
8.69683
12.4379
14.9394
12.2254
6.13867
14.3634
8.69047
10.5184
11.1893
9.55541
13.6798
13.3088
13.4266
7.47359
5.7305
13.8253
10.3789
5.3865
5.14651
9.56512
11.7146
10.0823
9.05799
13.9342
14.443
12.1961
14.2031
10.5454
9.20008
7.22284
10.8758
9.80881
12.7897
10.5048
8.62384
12.0569
12.4967
11.2504
8.62694
7.61631
10.4466
12.0393
14.5886
10.8074
11.4853
14.376
11.6958
11.1889
5.86845
5.94156
10.1704
11.3604
14.6676
14.4173
8.76612
14.1426
14.0742
8.45258
11.6801
13.9887
11.1882
12.4694
13.589
14.1157
10.3234
6.52802
12.4703
13.0669
12.9847
10.3527
14.4542
7.21263
14.8075
10.7295
11.0799
14.6199
12.5488
9.50284
14.4934
12.4025
14.6026
14.1114
9.8681
12.4548
12.3317
8.46884
9.70389
14.8792
12.6427
12.2866
14.8601
11.0952
11.5462
14.851
10.9398
9.00613
12.5206
12.4843
11.0453
13.3335
8.61889
13.2194
11.365
7.45785
13.5045
12.8303
10.872
12.4295
14.6594
14.8238
11.1035
13.6601
10.6967
10.9746
13.0903
10.2828
11.7695
13.8791
11.2138
14.652
9.86311
11.3851
11.6655
12.1199
13.1241
6.72202
10.7315
11.0218
12.6458
12.4279
13.5889
11.2508
10.2131
8.85286
5.19342
11.5834
8.29282
13.1227
7.08149
11.3054
11.1018
13.9091
8.83038
11.4943
7.59142
9.544
7.70572
9.66892
12.1212
12.5762
6.3442
14.2164
9.80302
7.8363
9.37866
5.90263
10.0701
11.3911
13.555
14.8666
14.1716
13.025
10.7073
7.63232
9.66531
10.8495
10.5388
9.20648
7.64207
8.37912
9.34727
14.5823
9.83036
14.9644
12.4008
10.2846
9.12922
8.21584
4.29105
5.69522
8.78337
14.1744
12.0704
8.96216
12.7247
11.8552
10.229
11.5691
12.6175
11.2513
12.1824
6.94127
12.1721
14.6469
10.5979
6.48172
14.146
14.0681
12.2017
13.1679
10.6443
11.347
9.75955
14.2394
11.9694
14.9212
11.2313
10.9226
10.9646
12.762
11.1067
13.2725
12.6441
14.2702
13.8382
6.85631
11.8353
11.8299
9.2696
9.54645
11.2897
5.51501
11.9379
8.63675
6.1551
12.9587
9.89666
14.0295
8.82971
8.68611
11.0716
10.4083
14.0665
6.22505
12.7136
9.55822
8.66309
13.7006
13.104
13.0774
4.72347
14.0312
12.4959
12.4748
5.20315
14.4676
12.5353
14.5285
5.41549
14.0244
7.74716
12.9267
14.3594
8.26494
5.24132
8.41845
12.1544
12.3778
14.8231
14.2527
9.16471
10.3645
8.50402
14.084
11.8393
10.95
10.9229
4.76714
12.9231
13.5905
5.46345
11.0816
14.2623
7.29389
8.18808
7.36808
11.5818
13.999
11.5113
6.54127
11.71
12.6635
6.15708
10.4662
11.2854
14.196
12.5217
10.8366
7.95421
12.5614
6.41662
9.98139
11.9897
14.2281
13.5624
6.07818
14.9635
6.6492
10.1411
12.2094
12.7411
11.8512
10.336
11.0795
10.5561
11.5741
11.4229
8.59984
8.82803
14.9381
10.0244
9.81191
14.2822
14.1371
11.3661
8.73875
8.40267
12.7492
14.4638
14.4343
13.9938
11.7595
10.9618
11.8769
14.8333
12.235
10.5339
13.2906
9.71283
7.44718
13.8184
12.8776
12.5036
8.82661
5.84582
5.59314
6.74098
8.1091
10.9489
14.12
8.06191
10.6197
7.77915
6.02163
12.3361
8.70245
8.35051
11.7548
11.9452
14.6323
13.3233
11.611
10.7991
14.3139
14.4206
7.95543
14.541
8.32819
9.92444
11.0618
14.4989
9.26743
14.8932
6.10948
7.44936
5.96779
5.5997
11.3966
14.9597
13.6916
13.0639
12.9877
14.6703
5.31173
9.67159
9.5364
10.4326
10.983
13.622
10.9127
12.2519
14.3465
5.44924
14.4107
11.9062
13.3447
12.4493
14.4992
8.45433
9.94869
14.4645
7.38536
12.0862
8.41462
11.0298
7.74051
11.5252
14.271
7.71934
11.8893
12.513
11.5485
12.5122
11.6927
13.1077
5.964
14.8661
12.8551
13.269
10.1491
14.5853
14.4842
8.67852
13.6224
6.12909
8.44238
14.1247
9.8002
12.6333
10.2068
9.88085
7.29
12.1609
14.2066
9.40153
9.24647
13.3197
10.1108
11.2097
9.53936
5.75611
4.40435
6.82164
14.121
14.4053
14.9991
11.6036
13.0036
10.4588
13.1102
9.39271
11.9491
14.253
14.7551
10.2262
12.309
14.1777
8.64245
10.3122
10.7409
14.4035
8.65098
12.8589
6.30004
8.75559
5.76768
10.5907
13.2114
12.9257
9.59752
11.4398
6.76172
13.6005
13.1474
10.2617
11.9757
11.615
10.5713
6.05904
6.90159
14.2037
14.5291
12.2966
14.7686
14.73
13.7626
11.1517
4.31999
8.75692
12.3135
6.17205
13.6789
8.11764
10.5852
11.5636
11.0061
5.28011
12.5436
11.5145
5.85792
6.01742
9.27523
12.8635
12.5253
13.5053
14.4468
9.76307
9.2969
10.9875
8.37518
12.5211
14.0836
5.79758
14.226
9.8556
6.22164
13.4013
14.8736
10.0363
12.0015
11.6456
13.7124
7.18814
14.9966
12.1517
14.5409
13.0889
12.7861
9.44091
11.5651
14.1371
13.2692
12.0331
10.5665
5.9776
11.4887
5.91822
5.3732
10.0537
8.93713
12.8259
13.6573
11.5589
11.5385
11.8789
11.8779
13.6941
8.35688
14.5662
13.9855
6.75451
12.1797
13.3445
12.1247
14.1356
10.8539
14.0864
8.14755
6.96121
14.7564
13.8938
10.3747
11.5594
12.2904
8.15834
8.33359
12.0888
11.4524
9.60441
4.50726
10.2638
11.3339
8.98518
13.2005
11.7144
8.56657
10.5838
10.2786
6.53208
9.93925
12.3723
12.1797
5.76378
8.36862
9.616
10.7147
13.8073
12.2114
5.7598
6.13872
10.6075
11.3863
5.50707
11.5976
11.1508
14.7852
10.3555
12.8354
9.768
13.0801
13.8586
11.9884
11.5123
12.3774
8.70086
10.8195
6.1721
6.89193
6.36776
13.7141
12.1606
9.15062
11.0086
12.5355
8.68544
13.2733
13.1001
14.0935
9.53086
14.679
13.8201
11.9722
11.9022
4.3195
9.62653
12.9881
8.53319
7.10723
13.2228
10.6018
4.69286
9.3763
12.8151
12.5929
7.96467
12.5356
8.61185
9.32127
6.18657
14.007
13.8009
14.6892
11.9964
9.14999
11.4169
6.36642
12.98
11.9738
12.1064
8.51142
14.0643
13.7886
8.25668
12.0462
13.6571
8.77433
13.3818
14.2057
12.0919
9.08387
11.7229
12.0451
6.39394
13.9574
11.1134
8.09536
11.9347
11.428
12.0965
9.81229
13.0356
13.176
4.42009
13.9429
10.3601
9.51231
5.95999
9.9322
8.21042
4.71337
9.97178
7.93314
11.5951
8.49651
14.2754
11.2335
6.28069
6.12486
10.4882
13.4884
14.2233
12.4253
8.71523
13.5521
8.25442
8.28533
12.9987
7.08499
13.8244
9.06472
10.8962
12.2426
14.1145
10.1433
9.31327
10.2551
13.1353
14.3714
12.4791
13.282
9.05478
9.92185
14.9532
9.10528
10.2367
12.0898
5.73828
4.8971
7.83539
12.9665
13.8104
8.814
13.3254
9.96569
10.7232
12.5353
10.452
11.0569
13.7137
8.91173
12.7933
13.4151
10.4993
6.55278
13.9144
8.83642
11.6714
10.692
9.38324
12.0892
9.32819
11.3947
13.6163
12.4606
7.55472
8.1904
10.7828
6.18696
13.9916
12.6949
14.5656
9.1368
14.7112
12.297
10.8634
10.1728
14.4244
7.4322
10.3538
7.4905
11.9667
12.6844
8.81979
10.0137
12.8776
6.33688
11.1565
11.6037
14.4471
14.4715
13.6781
11.0605
5.86518
10.513
14.5221
5.97627
10.5497
12.3275
8.63354
12.0645
8.90775
10.8605
14.5533
11.595
5.8332
9.83876
6.73162
10.1786
11.2994
13.7395
10.8012
14.2808
13.0174
10.2085
13.2361
7.65852
10.2569
4.04794
14.6709
11.0215
10.8289
13.5555
10.0013
12.1268
9.76961
11.3193
8.89707
10.0025
7.59847
11.4812
13.3577
12.2465
8.76879
14.3138
14.6843
13.5696
7.28665
4.78124
9.04193
5.08218
8.90875
7.44051
10.6743
12.6537
13.6146
12.3532
10.9627
5.19075
5.10311
11.9877
13.7287
10.7208
12.8659
13.3434
13.9315
7.51524
8.55387
13.3254
10.0952
10.5532
14.0694
11.2385
12.811
14.4213
8.03124
9.4663
12.454
10.0171
7.17762
14.8307
13.1073
14.7427
9.97034
7.83301
6.05418
12.1366
8.65512
8.53502
11.0995
14.3107
13.4811
5.76544
6.54814
6.185
11.1307
10.6811
12.8299
12.5907
13.6285
14.1726
13.2051
12.9736
14.236
11.722
7.54653
13.4189
11.2963
8.52532
14.8504
9.68226
11.209
10.3488
11.4909
5.0639
14.9151
6.08145
13.7109
11.43
14.5967
7.73534
10.7317
13.1915
10.5591
14.113
14.6406
6.40617
12.0664
7.52624
12.5216
12.2216
13.6351
8.95991
10.417
13.5125
12.6583
12.2637
14.1938
7.82745
10.9262
10.6522
14.5374
7.62277
11.4559
14.1419
11.7904
14.9957
13.192
11.1816
13.4792
13.3652
4.84995
13.2383
11.0713
9.44106
13.0093
13.5352
6.99032
14.621
9.26547
14.1069
6.75179
10.8576
12.0475
10.4679
12.0914
14.9202
11.1879
12.8767
11.169
10.4201
14.3553
13.2194
9.77019
8.94436
5.44412
14.4138
13.4231
13.4911
14.0168
7.31727
11.1522
12.9099
10.4095
8.44604
6.00955
10.4116
8.60515
11.053
13.9342
12.6339
10.0314
14.1031
8.41708
10.6851
14.0722
12.8249
14.6428
11.9803
9.73328
11.3794
5.92674
12.2232
10.7802
11.7916
12.3691
9.80953
10.6442
13.3835
10.771
6.45845
11.341
8.4364
13.6647
12.6484
13.5679
12.2755
6.23471
8.15858
10.4905
12.3814
9.16425
9.91954
11.6453
6.27422
14.2473
12.7236
14.6914
13.4856
9.47744
9.19149
14.6401
14.8802
10.4848
8.5325
12.3236
4.37161
12.3582
9.81919
8.40682
9.93542
14.8687
9.11008
10.8503
13.2948
11.2314
9.6106
13.3124
8.84131
10.0109
9.02169
9.43547
10.9074
10.9361
10.0814
9.18958
12.0858
12.2142
9.83936
8.74378
11.6795
13.3038
8.47455
8.9642
8.95023
10.5383
6.53448
6.12437
10.2866
10.9345
11.311
6.99664
12.7115
14.3708
11.7506
7.11777
6.57606
5.36145
11.3222
8.86265
12.5114
6.07505
13.9634
13.3605
7.28769
9.90598
14.6763
13.2475
10.3724
9.81755
13.317
12.7203
10.7185
13.5201
10.3193
14.8082
8.09889
10.5052
14.1086
13.4652
13.835
9.40527
9.91379
13.8548
10.7871
13.9508
13.2932
10.0644
13.1209
14.5847
11.7141
14.6652
13.6918
12.7231
9.25887
12.0724
12.8078
13.213
14.5281
13.1057
13.9251
12.1186
8.11235
9.2491
11.3218
14.1363
9.93988
6.87547
6.06641
6.04874
12.6227
10.9579
14.4522
9.66308
14.1411
5.57845
13.7684
10.7111
14.3772
10.5265
13.7707
14.4808
13.7017
11.6313
10.2486
5.87668
9.33131
12.4439
14.9195
9.40619
10.236
13.3813
10.7515
13.0871
11.9198
14.6372
13.9836
9.59905
10.6208
13.9518
14.4279
10.499
6.33478
7.74246
12.3988
14.7945
11.3819
9.77426
8.47124
8.60231
12.137
13.9363
14.4686
13.0718
8.90487
13.0696
11.5791
5.92485
8.49891
6.41547
8.67564
7.82287
12.6297
5.69227
10.5993
13.6488
10.1453
8.93418
11.0157
14.3538
12.1181
10.0468
13.4716
14.3615
13.4471
7.36299
5.43124
10.1116
12.2188
5.22708
8.39777
9.73749
14.6633
6.19126
12.6593
8.31732
13.4609
14.0883
6.11438
12.8622
11.6419
8.79811
13.805
13.5582
6.31459
10.4581
8.72042
13.4672
10.4329
12.6508
12.8659
14.0256
12.2002
12.1116
9.17952
12.4812
14.2827
13.4428
13.462
9.07942
7.82028
10.9527
13.5035
9.17017
14.0679
6.23231
10.5668
11.3686
10.8305
9.52687
13.3667
9.14426
14.806
10.3907
14.648
10.8061
14.8996
14.7282
11.4033
13.7756
14.2739
6.52955
7.47739
13.9409
12.5809
13.0174
6.04607
13.9618
6.2277
9.27008
10.535
12.4073
13.7463
10.067
13.6039
11.024
6.25109
10.4897
6.18207
8.31784
14.6629
9.39962
12.7385
13.7034
13.9313
12.7922
13.8097
12.9616
14.2195
12.5513
13.6164
7.86819
5.07393
6.08006
13.7881
14.7134
13.6787
13.758
11.9568
12.2392
14.4604
12.9378
9.68601
9.09349
13.608
7.81984
11.6119
14.6159
13.7998
14.9555
11.0429
8.88902
9.43886
14.1561
9.84182
12.4562
12.5033
12.7387
14.9953
12.3277
10.4196
10.7238
14.4275
10.5305
12.2677
13.8996
6.21241
8.62386
13.7173
11.9247
13.1862
14.6509
10.0682
11.7549
9.3723
13.9011
10.5005
12.0536
9.9537
14.4573
6.4881
6.32376
12.5659
8.58668
9.70491
10.5969
6.16449
10.3099
9.88431
14.236
12.7851
13.5757
10.7511
14.1965
12.9623
13.5078
13.6576
6.60894
12.3401
14.0687
12.1508
8.32864
9.02428
10.8676
9.16862
8.64163
12.2578
14.4128
14.0203
9.74222
14.351
10.2281
11.4609
6.211
13.0055
14.3505
9.04365
14.8389
11.7419
8.96688
9.20475
7.81095
9.94817
10.7592
8.0473
11.5312
14.5449
11.5173
13.2604
13.6117
12.446
14.8898
10.1362
13.8607
14.8742
9.69651
7.04094
8.44432
8.63741
12.7164
12.5721
12.5507
13.8632
10.5362
8.70959
9.9333
10.7417
11.1575
9.53876
7.44789
13.1871
14.8741
12.6236
13.6648
8.02084
8.05652
14.924
9.70984
12.6615
10.0501
8.64034
14.3263
5.47235
11.7866
14.3945
9.81569
14.8687
11.9605
12.8544
14.3146
14.488
14.0987
12.2889
10.8731
14.5561
10.1862
13.2051
14.448
12.864
10.7319
8.7929
9.18098
8.09494
12.756
10.35
9.07222
11.7692
10.2675
9.78471
12.4999
12.8144
13.4443
13.0378
13.6603
9.18976
6.29532
9.78186
10.3843
12.962
11.7944
11.2541
11.0275
14.8186
12.7292
11.2593
11.4147
12.9704
8.89791
10.8838
10.7646
13.3059
14.6336
14.9552
13.3586
14.6174
7.4614
12.0861
8.6777
14.2716
11.1758
11.9613
9.70908
13.2929
12.8565
10.8097
11.2038
14.558
12.7798
11.9106
10.9505
12.1526
14.2884
13.3944
11.3852
9.68893
10.8349
13.7305
13.2637
12.612
13.0265
12.1442
8.42858
14.443
12.7808
13.6857
11.1269
12.8194
13.7801
14.1641
13.3382
13.3005
7.86383
7.90245
13.4406
10.9079
12.5928
11.2812
13.5647
10.3961
14.4749
10.0253
8.03299
13.8832
12.8639
4.7727
12.4652
11.3144
12.1159
11.908
13.0245
5.13642
14.9061
10.6601
11.489
14.4607
6.22464
5.11309
8.77307
7.29384
12.3253
12.0977
12.6348
12.9837
11.7768
12.745
6.03091
6.31595
10.72
9.63191
11.9674
11.9192
9.70085
11.4639
9.93903
14.6799
14.4341
12.7398
10.0608
10.0938
10.2511
9.66181
10.4532
8.96195
13.7515
13.7913
11.4806
9.66247
12.7868
6.08143
12.2287
14.6166
14.518
9.72565
12.3818
12.5874
12.3225
13.9778
14.4236
13.9755
6.48773
12.1594
11.605
6.94837
10.5291
14.2355
11.7455
9.53622
11.3238
14.7333
14.6269
12.0012
11.0272
13.7194
12.7729
14.1218
11.3425
10.7699
12.7783
12.4502
14.2078
13.4724
13.7581
14.9621
8.81974
8.45341
12.1164
8.62066
13.788
14.5968
12.9229
12.8239
14.251
14.056
10.0143
9.65722
13.4779
11.3836
7.47986
12.7496
13.4389
14.5433
10.1989
10.6545
13.2615
10.0271
14.0976
14.0824
13.2905
13.0399
6.2642
9.10099
14.8917
12.6185
8.80772
6.19976
14.0009
13.8097
10.8737
11.9433
9.56127
11.2669
4.837
12.2318
14.3366
12.4023
9.67024
14.0544
14.5548
14.2576
6.70702
9.67114
6.46896
10.6778
13.0709
12.183
12.1285
11.3673
9.7763
12.6851
8.61715
8.90209
11.4024
12.9097
14.12
7.34224
12.6701
10.1376
12.152
12.5981
8.84404
6.12177
10.4336
6.83826
14.0031
9.99962
11.6709
13.7475
12.1945
7.70223
13.0141
14.0474
14.2859
12.5726
13.8436
12.5879
10.111
12.8961
14.3313
12.5134
13.1135
14.6272
12.725
10.7408
14.5079
11.2885
9.8202
13.7474
7.1543
10.6177
8.83133
13.4234
13.3028
5.89334
12.3439
8.89404
13.2133
13.1197
5.57629
9.44964
11.3857
13.602
10.2323
14.0957
12.4025
13.2287
11.3578
9.55239
14.8926
10.2728
14.0953
14.0267
11.7061
14.5139
11.7613
10.2896
11.8686
6.45641
11.4309
9.13947
12.7004
8.38026
14.2039
12.2614
6.13161
12.6374
14.3497
10.7718
12.3184
12.8419
14.819
14.0038
12.4414
11.9763
8.34778
13.4412
11.1107
10.8805
8.95981
13.8424
10.4162
12.5656
10.5907
12.3781
14.4367
12.4441
9.25804
14.2274
12.1456
7.00771
10.0515
7.74505
14.7943
7.41745
8.31432
12.3662
5.70447
8.50489
9.08622
8.9496
9.60938
10.8043
12.4766
13.0844
11.1851
14.776
11.5177
6.37646
14.0416
12.2946
12.7556
11.0203
13.5042
10.5978
14.3152
7.77727
8.92277
7.72101
8.79264
10.0749
14.7715
9.30467
10.966
9.6441
6.45413
13.1577
6.63408
8.55492
13.3936
14.0011
4.39586
13.3499
8.01764
13.5585
10.9481
13.5742
13.9799
14.7456
11.5896
9.84896
14.3129
10.3494
13.7496
13.6459
9.1541
14.7204
12.8149
14.2233
13.3711
12.227
10.9453
14.4175
8.72204
10.1673
13.6804
6.15212
12.6199
13.7015
14.1976
11.2823
9.04185
12.4269
13.3917
13.4849
12.3431
14.7277
6.05968
14.5465
10.5421
9.01639
14.6265
9.96559
10.9708
12.6394
12.0276
12.012
10.5256
13.9036
12.2603
10.1702
12.0426
8.70136
12.2243
8.74226
9.93802
13.7806
8.83819
13.399
4.02703
5.19605
9.89982
14.4657
14.5742
6.09668
14.3364
13.2083
9.91018
11.9821
12.1334
10.754
5.13657
8.79954
13.5108
8.68062
13.5107
10.8697
13.6983
14.8703
13.3259
13.0114
13.7627
12.5421
14.2266
6.21239
11.1256
14.2632
14.3401
13.1738
11.4444
13.4494
12.5816
12.412
8.60078
11.3901
12.9091
8.67555
13.4907
5.97052
11.4247
10.2516
7.51854
13.4536
13.9374
8.78292
12.8821
12.1747
13.028
13.2957
10.0735
10.674
13.7432
12.9608
8.544
5.46263
9.77446
8.08509
12.1287
13.8025
10.5747
13.5868
10.4889
14.6379
9.71138
14.4851
10.806
7.88755
12.0952
9.06259
8.02925
14.5013
13.0245
9.39754
8.98932
11.071
9.00967
10.0993
12.5902
6.29716
14.4754
14.2516
13.8402
9.95576
5.80299
9.24734
11.5063
12.9072
12.6065
7.71898
13.0448
7.3381
14.8409
14.4635
11.6556
14.1295
14.8271
11.0455
11.059
12.2755
8.62432
14.8074
14.6244
13.7242
14.9152
13.0084
14.4899
4.80984
7.08365
9.39024
10.3531
9.12186
10.6451
13.6121
8.5884
11.1822
7.12106
12.2237
8.29776
10.3915
5.88992
11.5666
11.6354
13.2916
6.84741
11.2575
9.69673
9.94408
9.97325
14.1096
13.3161
9.9919
14.5974
7.09368
11.5105
11.6816
5.37803
8.7719
12.598
11.3409
9.35284
9.29448
14.1854
10.5251
11.4521
14.4136
10.1049
14.7515
4.9495
7.97575
12.6066
12.771
8.83277
14.5757
7.882
13.4512
12.9747
13.0155
6.25527
11.9041
13.4801
6.63148
8.18775
14.0719
13.0811
11.1061
14.3395
11.5382
10.0058
13.6681
14.8242
8.89226
13.2658
7.44142
6.67247
9.70751
10.6643
11.5844
10.4963
11.5451
13.4905
14.8068
13.6955
13.1291
11.9251
13.1915
14.462
6.55329
8.90194
9.93424
10.2612
13.2181
13.7134
12.0176
4.05446
12.4102
7.67548
11.679
12.8537
14.836
12.3383
13.9832
6.48082
12.5118
11.8019
14.9568
14.4578
14.4359
11.8284
9.48575
11.0886
8.91107
9.1096
14.4978
10.1406
8.76203
13.8469
13.8186
12.6483
11.0785
9.75295
8.27347
12.5163
8.4884
6.09431
6.33628
14.0826
9.65521
14.1361
6.00576
12.1591
11.6038
4.43221
5.72721
9.37696
8.99398
6.75114
5.91745
4.23954
11.7958
6.69849
12.4965
8.6944
11.3474
11.78
10.6207
13.9256
8.52771
13.4297
10.5028
14.1657
12.0469
13.478
6.87398
11.6569
10.1868
14.632
14.7515
11.518
10.9599
5.91607
11.8077
7.26636
4.50117
14.2971
8.81009
13.6834
14.4982
14.1979
5.92057
13.0541
5.64938
5.26798
10.123
12.8508
13.0467
11.827
12.8531
12.0699
10.621
10.2104
14.6975
10.6646
11.1888
13.8832
8.23383
12.5241
6.52909
9.54358
5.29531
9.52995
14.7451
12.6153
12.1844
9.99028
11.5389
11.9881
14.2053
10.5527
8.57476
11.0731
13.3025
11.2563
14.6117
14.1883
6.16401
14.5832
11.1607
12.8194
11.543
13.586
9.56495
12.3128
13.0502
12.5201
11.8572
9.66486
11.1401
10.6207
14.9092
6.34292
14.1097
10.4957
8.71235
14.2989
10.664
10.5996
12.4154
10.2492
10.0712
14.0685
11.3346
13.1551
10.3691
9.05121
13.0383
12.5259
9.73029
14.2574
12.2479
11.3124
12.6871
14.9033
13.3106
10.7969
7.28939
12.2885
13.634
10.4778
13.1079
13.1972
10.2144
14.4979
12.2227
14.1118
13.5395
12.029
14.0834
14.87
10.5872
6.52341
14.7516
12.0451
10.6266
9.92249
12.0181
10.4649
10.778
5.11266
11.6772
14.4526
14.3159
11.8747
14.3866
13.2932
9.06554
11.9391
10.9255
9.12109
12.9738
9.54924
14.8633
12.0605
11.5493
13.9506
10.7368
7.27528
8.81528
13.316
5.20371
11.6726
10.6114
12.8866
11.3718
10.8045
10.627
6.24417
9.51454
12.1734
13.2567
8.50501
11.2695
14.7989
12.5021
14.3157
11.4218
8.32841
14.4045
10.5433
6.37638
11.6596
9.79347
10.505
11.8934
9.38593
11.6071
11.4571
14.2145
14.6958
13.9089
12.8669
11.1947
14.577
5.97409
8.32465
13.5088
13.4719
13.3796
14.8209
9.38221
5.83691
11.6934
14.0705
9.48855
7.44976
13.2408
14.7907
7.32197
13.4221
9.10137
13.6952
9.65926
13.555
12.2757
8.47448
12.7848
11.9898
10.484
10.2728
13.5428
4.59613
7.46143
14.2177
14.7026
14.5025
8.62954
13.6658
13.4622
9.71778
14.5606
13.6556
10.6467
14.1582
9.24296
13.1754
13.2575
12.5733
9.08846
9.31658
6.84958
14.4598
12.8034
7.76195
14.3612
10.139
11.5366
13.0594
10.5602
13.0539
4.33955
14.8238
14.7521
14.7248
6.03244
9.89139
11.1999
14.837
7.26677
14.8356
9.94372
9.80668
13.2896
11.7317
13.4839
7.0181
12.5382
13.3541
14.6289
14.0539
5.55162
13.3512
6.17804
5.55957
14.0656
11.6672
10.4271
12.9142
12.6988
14.1325
14.5273
10.0018
11.6031
8.96956
14.2561
9.98579
10.8783
5.31263
14.8637
12.3231
9.71393
13.6191
13.7874
11.2477
5.86243
7.74841
13.1678
11.8644
7.62531
10.3977
10.4875
12.5261
13.6903
10.3393
13.1672
5.41516
11.1151
13.9204
7.12779
5.24549
14.9686
13.7425
14.7049
12.0138
11.1612
14.9294
12.219
10.2436
14.9764
11.0358
14.933
4.3446
9.423
13.6095
14.9543
13.0286
8.36538
14.5234
14.3394
14.5889
10.5648
12.0185
9.77888
13.5009
8.78867
8.36722
11.8727
14.3323
14.4925
13.728
13.8102
13.8898
14.86
6.64747
11.4848
14.4776
10.4527
11.1499
14.0645
13.3976
14.3942
12.3324
11.3064
9.13172
10.0887
7.34659
11.7733
11.1657
13.3147
9.89643
9.82719
14.6479
14.1621
5.88074
11.6228
12.3505
9.91675
10.7391
13.8969
8.32454
9.85272
13.1962
10.4289
13.1949
10.5323
9.77531
13.2113
10.8992
14.793
10.5093
9.40985
14.1406
13.7811
6.19364
9.29763
8.95437
14.4938
12.1035
9.32917
13.1665
9.70211
14.7168
13.3394
14.7383
9.65113
14.3861
9.52563
6.69534
13.6146
10.6184
9.21679
11.3172
13.8705
10.2959
9.78753
6.02729
12.9559
9.96685
10.3412
7.09485
8.65659
10.7403
9.10273
6.83009
9.32665
7.71603
10.6723
12.7657
11.7488
8.73211
9.39267
7.57638
11.5492
10.3159
9.49155
12.7797
11.5977
9.21345
9.50316
13.0196
12.8886
13.5994
8.70942
12.3242
8.21019
8.89255
13.9952
14.3816
14.6661
11.196
11.7489
10.5239
11.232
11.343
13.9913
9.74376
14.7178
10.7112
10.6769
6.69488
14.6788
11.3184
11.2128
13.3042
14.0245
14.0259
11.2817
13.8515
14.994
8.96884
6.15525
10.3764
13.2005
13.6646
11.4915
8.39578
14.9531
13.0648
13.579
7.33588
12.8988
14.7759
12.8388
14.8772
10.0939
11.9402
9.86023
11.5492
10.5032
9.82566
7.84194
12.7307
6.1803
8.57505
9.86319
12.9223
5.88987
4.29883
7.61293
9.9456
9.31957
7.44148
11.9944
10.362
11.7293
12.908
14.456
14.6951
14.8287
10.5153
11.3554
4.79051
12.8355
11.6685
14.8837
5.1351
14.0912
14.013
14.2142
14.751
6.56674
10.1148
11.8645
10.5204
9.89734
8.85962
6.09466
10.8096
13.2413
13.8613
14.6616
9.11799
14.4996
5.53234
9.87488
11.1785
7.59367
4.68501
11.691
10.1292
13.0844
14.621
7.38374
12.7139
10.8974
10.357
13.1032
12.4571
7.81199
9.7649
10.1493
11.2852
11.5426
5.95414
12.3398
11.9682
9.54872
8.2155
9.09711
8.84173
13.6033
6.54697
10.7586
12.7072
9.66535
11.0953
9.59381
11.0146
14.507
11.7443
12.644
10.83
9.87156
9.36676
7.62874
7.07084
8.90616
10.5003
13.5853
12.3406
8.70357
12.4785
5.28067
9.58866
12.5182
14.4835
11.1485
11.813
9.15944
8.07323
14.4987
9.24292
14.3286
10.8949
14.7257
14.3449
6.01989
14.6097
4.4439
10.343
12.0664
9.2791
8.15421
6.79092
8.36319
9.53015
14.8229
12.3123
13.4482
11.5036
6.41627
9.53242
11.8758
11.1758
14.9611
14.9631
12.2055
11.1086
14.8589
13.6219
10.6655
11.2557
7.88345
11.8587
9.84686
12.9005
13.1448
14.1041
9.54522
8.77608
12.5122
8.55348
14.7422
13.4427
13.9651
14.8382
14.704
12.1183
10.7245
12.8825
8.81547
9.97153
9.43325
9.95011
6.40605
9.74244
7.13861
14.7028
11.3891
13.7292
14.115
11.2968
5.3495
14.8562
10.9202
8.68862
5.35578
4.93705
11.3198
5.71557
12.0142
14.1763
5.30978
11.5091
8.54633
12.5196
9.34221
12.1955
10.2808
13.8236
6.27588
14.7991
14.7184
10.9911
9.19762
14.3319
13.2759
5.96564
4.13624
11.4525
7.29145
10.5858
10.7875
8.61826
14.0063
14.1702
14.7418
13.5135
12.4906
12.3322
10.5076
12.7258
11.4902
11.3879
8.7415
9.76142
9.17122
8.58726
10.599
14.2989
13.8962
13.9166
14.1863
14.3786
10.623
9.1709
7.10539
13.8513
14.6546
12.3702
13.0744
12.4299
12.0495
11.2944
10.8716
13.1154
8.64501
13.8224
10.0723
13.4949
13.9243
8.07359
13.3943
11.0489
7.6882
12.6819
13.4727
9.88833
13.7639
13.3416
13.1996
10.7089
10.7896
11.8571
6.06506
14.8697
10.6992
13.9938
9.75858
10.8773
8.98747
12.0467
9.95925
14.8617
13.9214
13.5858
13.857
11.4984
7.86769
9.83974
10.7876
10.9745
13.0448
10.809
12.4886
12.7925
7.24981
14.5345
12.5896
10.4726
13.8397
12.8753
9.87769
8.99171
9.32006
8.46401
9.44553
12.4553
12.4304
12.9444
11.2313
10.6137
8.19956
12.011
8.68846
9.79886
13.0808
11.7623
7.96578
11.5753
13.4807
13.9499
9.8933
5.79071
10.0882
14.5512
5.77903
6.72391
5.8952
9.90413
7.21369
9.7455
12.0238
14.2586
11.1887
12.3086
11.3455
6.65983
11.5523
6.83559
12.4666
8.77226
10.0553
13.6156
12.5937
12.2029
14.3871
9.71091
6.67907
13.0406
11.5788
12.6245
12.995
11.3482
10.8942
9.1978
9.57135
13.799
9.75227
14.7889
11.1277
11.9586
12.8963
10.3902
13.6171
12.8972
13.7718
12.5081
12.4372
10.6274
9.02433
12.8835
13.5566
9.95778
9.82416
12.5945
11.7792
14.9012
9.97006
8.59049
13.7341
13.7189
12.3288
10.169
12.8628
14.959
12.9127
13.9045
14.771
12.5113
6.74101
10.11
12.1757
8.81427
8.46089
12.5172
8.05682
12.1061
8.43002
12.0305
12.5018
5.03243
6.48602
13.2954
10.89
6.21284
7.1482
10.7483
6.5948
7.17416
5.86963
14.4799
11.8396
9.57802
14.9712
10.0133
12.0485
13.3801
13.3897
14.7802
9.02816
10.8493
7.92134
13.7906
8.15305
6.83335
7.09753
11.7963
8.79249
11.2343
10.1131
13.9978
9.58742
10.7907
14.8554
10.3168
14.5326
11.4712
13.0498
13.8505
7.3517
11.0532
12.8426
14.7811
13.8149
11.8347
13.3308
11.5501
11.1545
5.43909
8.47762
9.70529
12.501
8.51251
14.6398
8.23092
6.14325
13.8827
11.1966
8.76365
6.79782
12.1546
7.93797
13.8614
8.74311
12.8531
14.6823
14.9176
12.5442
7.74518
14.2593
7.1909
6.77601
11.9962
11.5018
14.1564
13.5654
10.3153
12.2405
9.08087
14.8032
14.5438
13.7658
14.3143
9.96236
14.1532
14.286
7.63616
11.8735
13.4075
9.95752
9.2209
11.9975
10.7096
9.21043
5.28717
11.4835
10.4685
13.6264
8.99555
13.5961
13.2379
7.96348
11.5811
14.7823
10.0986
14.122
14.3689
12.3571
9.67452
12.4998
14.2359
9.91603
9.93407
11.8285
13.9144
14.6827
14.0769
13.8871
12.4309
14.0112
11.7552
5.42578
14.3841
9.71743
13.3171
6.44952
9.97779
14.5927
9.58024
5.46885
13.7427
13.6231
10.7498
10.4984
14.8939
7.43567
14.9087
9.86556
12.6414
8.97348
9.8488
5.02954
14.0979
12.3386
14.8068
10.4801
11.1869
10.4005
14.549
12.45
6.76541
6.76585
10.1944
13.6501
11.5697
14.4821
12.2682
11.6602
6.56701
13.9406
12.8245
13.4682
10.6734
14.4768
10.3171
10.8521
10.4421
7.1846
13.4258
11.964
14.9634
14.5439
14.5323
14.0095
14.6381
9.88981
13.5644
14.3762
10.2326
14.8797
7.08191
14.4525
14.8082
6.25361
10.6119
7.14792
7.51488
11.4705
13.2397
8.51754
9.54657
14.9582
14.4592
12.32
14.3369
12.4018
12.3704
12.5902
11.7712
11.6177
12.0709
10.842
12.6781
11.6702
14.6836
12.347
12.6432
10.8169
10.8617
12.8544
12.9035
7.02112
8.41478
13.2264
9.9079
13.442
13.1646
8.26897
10.3139
11.4279
13.2557
10.2854
7.44114
7.18688
9.18931
13.899
12.3477
8.54776
12.9523
11.7839
13.6193
14.7781
8.80053
14.427
13.1375
13.9457
14.4185
14.342
11.3329
5.4459
12.3732
9.84534
6.74925
9.40252
12.3347
14.153
5.70316
11.0529
13.6381
13.7123
12.7176
10.7494
11.8913
14.6373
12.9239
11.7084
13.7966
11.2903
12.3861
11.7416
9.79103
4.85141
5.07526
7.11374
14.6557
10.9618
12.1168
10.1066
10.9172
8.22896
11.0318
12.0925
7.51639
6.81223
8.18922
6.05857
9.64309
7.96237
13.3784
5.44394
13.9924
10.8426
9.96235
6.06471
10.0029
11.3479
11.403
10.8239
10.1906
14.0535
12.5065
10.0243
11.1584
10.7797
14.9933
11.1926
12.8315
13.54
8.4952
7.49505
4.9464
13.8831
11.773
11.8958
6.9044
12.926
10.3877
11.6583
11.2917
11.3306
9.94871
12.0856
5.92466
6.25916
9.73788
13.7387
14.3882
10.8576
12.2485
4.51377
10.9771
10.1996
10.6578
14.3077
13.379
13.9175
14.8672
7.7277
12.9063
11.5614
13.3784
13.055
10.6608
10.4619
8.68566
12.4764
12.2984
13.6231
9.9798
11.4751
13.7425
6.42586
8.90706
12.4622
14.494
5.92231
14.8991
8.67485
7.97415
11.3719
14.1118
4.86218
14.5276
8.27771
10.383
10.5883
14.8564
8.18253
13.5833
8.18596
11.9812
5.90146
10.781
9.52855
14.2034
6.21201
9.64302
13.6498
8.76748
11.0187
8.29951
9.93091
12.9731
9.4489
9.05759
12.5147
13.3022
14.0214
14.3128
10.6001
8.3883
14.0989
12.0714
9.79716
10.2149
10.4085
9.68763
12.7924
13.187
11.7699
14.4923
8.84053
12.22
10.319
12.6478
14.733
12.2722
14.0099
10.1767
7.75786
13.8076
13.5191
12.8316
11.7346
11.0573
13.0988
7.459
13.0953
10.6504
8.52638
14.4998
9.85059
14.8122
10.3742
10.4242
8.81831
5.91043
11.8041
9.6794
12.3025
7.92377
8.13269
9.42318
12.5108
9.03874
12.6164
8.36892
7.52191
10.8591
13.6178
14.18
14.1717
11.6538
14.8989
13.9028
12.9846
11.8539
7.87
11.0073
11.5777
14.8509
8.69282
12.7426
12.1026
14.1169
9.66261
14.4274
12.3455
12.9718
12.7971
12.1056
10.6429
8.71739
9.78295
9.18162
8.82769
9.03074
11.5937
6.18426
14.9397
13.3482
11.8429
12.5151
14.5448
12.0364
8.44476
12.373
12.2507
8.7447
13.6856
14.1389
13.8153
11.4273
12.093
11.4381
6.32416
14.0398
12.5006
10.639
14.8047
13.3496
14.2858
12.9949
6.41079
12.8301
11.3656
10.8017
10.7036
13.8007
12.4984
9.15747
3.85477
9.11388
13.6356
10.2035
12.9483
10.5653
9.67029
14.6036
14.6149
9.79689
14.2176
8.78592
10.3292
14.1815
7.63092
10.862
8.87774
7.06052
12.2055
13.6208
13.7237
13.6464
13.7677
14.28
14.01
10.5792
12.4193
14.3257
13.2203
13.3817
8.9552
11.7834
14.3988
12.7002
13.985
8.27976
7.29654
14.4432
14.7208
10.3796
12.1305
14.3549
12.6147
13.3814
14.5265
14.059
10.3216
10.9695
12.8342
13.3238
8.52101
13.2007
8.55417
12.9404
12.4546
9.8192
11.2988
13.4569
10.5902
14.6686
12.6664
14.1952
11.1193
9.36008
6.88375
14.7359
10.9784
8.98834
13.0916
12.5621
11.5878
11.0825
12.2787
5.96598
14.7231
14.9632
14.1065
13.4263
13.1749
14.3253
11.136
10.681
8.17838
12.9727
13.0747
13.7833
12.8777
12.5011
11.6845
6.79739
12.6807
8.54994
9.13571
4.76787
9.91887
11.5155
11.8075
12.2205
9.39693
5.34242
12.9303
12.7294
9.93044
10.4022
13.6128
13.4766
9.59772
7.80243
9.56424
11.1511
11.7416
7.93091
14.9039
5.4432
14.8452
13.5809
13.8963
12.9902
9.04493
8.3857
4.79072
9.75397
14.6282
4.4116
14.1301
8.22621
13.5975
13.9182
10.7438
6.11473
14.1022
6.49123
9.58994
13.6836
12.8114
9.88689
8.23929
13.8426
11.9099
12.6896
12.5913
13.8712
5.57043
10.9713
11.1092
10.8693
11.875
11.8738
9.94178
13.5548
8.29167
10.9963
13.1441
8.41296
9.10301
12.9855
13.1728
11.1385
9.26367
12.1838
8.75642
10.2108
13.8694
12.7686
10.5139
13.0039
13.2355
12.6908
7.45332
10.7763
14.8916
6.43846
13.6862
13.4476
11.9301
12.4712
14.4401
11.8251
13.9025
9.51311
8.24625
14.0301
14.9289
13.5111
14.6899
8.54995
12.3151
13.2576
5.81376
8.89107
12.9022
7.71057
9.79398
11.0422
11.4442
9.11061
11.2743
8.26295
8.7212
7.736
12.0157
12.7377
11.9204
10.9527
13.4735
8.75852
9.11945
9.93511
5.1374
7.49618
14.2585
13.4916
8.34276
12.1485
11.4803
11.4424
11.3724
11.9686
12.6991
12.8139
12.4505
6.93673
10.1966
11.9916
13.1954
11.7212
8.4702
6.19013
10.1243
8.5378
13.6405
6.80576
13.9984
10.0782
14.8143
11.9403
12.8386
12.9967
12.2215
12.6036
10.5818
14.2749
11.3302
12.4119
8.80438
10.5618
10.5777
11.3816
11.4123
10.9062
9.11742
7.46509
13.9828
14.5239
13.886
10.9485
11.1956
10.9913
12.0066
11.7176
14.4074
10.5058
13.627
13.8071
13.9649
12.9695
12.4125
6.15525
6.13958
8.56653
9.86726
5.93596
7.68644
12.9856
9.37131
10.1223
8.60517
10.6472
11.1525
5.77182
13.7488
9.48301
6.49804
12.426
8.57549
10.6579
8.93658
13.5044
7.6503
8.59941
14.7382
11.5413
13.1136
9.22536
12.6557
12.5478
13.5342
12.798
4.62278
13.9764
9.97212
9.80659
12.3914
11.8162
6.17911
12.2931
10.2876
9.25729
10.059
11.5126
13.8636
11.1962
14.1934
10.9654
13.3806
11.9842
11.149
13.7752
10.1239
14.7246
14.0999
13.3215
5.38653
9.0223
10.2092
13.876
5.86245
13.2938
8.99107
10.8075
8.60274
9.66488
11.8776
11.8345
11.1075
13.1639
11.0621
11.9775
13.1511
6.50828
12.629
11.0693
12.0244
10.4552
14.5214
12.8933
12.0818
11.2166
14.8851
8.75579
14.0184
4.46146
13.8928
12.1616
14.053
6.34245
13.5931
10.4327
12.565
11.7543
13.6662
13.5537
12.5261
14.7781
8.58974
13.7474
14.815
12.7329
12.5058
14.2517
6.43134
9.2261
10.4206
13.3699
9.86461
12.8581
14.3435
12.0718
13.3349
14.21
9.488
10.0268
13.0321
13.579
9.87143
11.635
12.3741
9.9572
14.1143
8.29976
14.9367
11.2102
10.4415
13.7369
14.8299
10.6655
10.7149
11.9695
8.16822
9.20125
14.3109
8.92758
11.6877
12.1144
13.8566
8.59491
6.09131
13.5579
10.1773
11.8473
12.81
7.3595
9.92969
10.5727
11.1485
12.61
12.8373
