12.0513
9.03709
11.8413
14.9278
8.52327
13.7766
13.7306
7.64053
13.9278
14.2792
13.5782
11.8435
13.5062
11.9308
13.2698
14.2013
8.63639
10.3802
11.3926
5.56277
14.8538
7.94664
7.54636
9.32725
12.0552
11.038
12.3851
13.6327
12.6853
12.7452
13.5077
5.41032
14.2508
13.1553
10.4258
11.9497
12.4964
4.23641
8.96984
13.4942
12.0699
8.72637
9.5558
9.64562
8.51672
8.33714
13.2774
12.2625
9.39045
11.2069
10.964
13.5144
10.9021
11.2505
6.32812
10.8435
13.8567
6.62989
13.8597
9.45563
14.8095
5.5275
10.1866
14.5674
11.8079
9.49563
12.5762
10.6935
10.9204
14.4499
11.3233
4.93235
5.96065
9.74397
12.5809
5.74876
12.6459
8.99008
14.7812
10.2059
14.9814
13.3401
10.1366
7.05218
6.17257
11.7748
9.4065
9.59115
12.9292
14.9596
4.76981
11.9491
13.124
14.2146
9.84668
7.36348
13.417
8.77855
11.4431
11.8875
8.7387
14.4767
6.56733
10.1235
6.37021
9.42229
13.5113
7.06975
8.96383
10.1446
7.58922
11.1129
14.8088
11.5424
13.2798
13.6916
10.2342
11.637
10.3963
10.4407
12.204
7.47158
13.7923
13.1018
8.63446
12.9236
11.0472
13.4888
8.4865
10.8085
14.1111
10.3769
13.7525
12.9108
5.2024
12.7787
13.2404
14.9568
6.35626
12.7889
11.5256
12.2491
12.3306
11.3811
9.76178
9.86997
6.11238
11.8865
8.5331
8.64626
10.9864
11.1958
10.7254
11.3221
6.52433
9.63645
11.5667
14.3832
9.51141
14.4744
13.6426
12.2804
5.49241
13.8996
14.6507
5.38696
11.0202
14.7721
6.53423
14.0762
13.4862
12.1567
7.68666
12.0712
11.896
10.1395
10.386
12.0309
14.2777
14.8849
14.1466
10.3972
12.4154
14.5118
13.4764
12.7462
13.22
14.391
9.23365
7.36717
12.331
4.00882
14.2996
14.2297
13.2227
14.1453
12.324
12.0925
14.8117
13.8399
11.6578
9.98581
13.1191
13.4891
7.68436
8.33241
13.0248
13.6587
14.4693
8.55221
8.82211
6.63942
11.8426
8.97076
13.2714
6.07394
12.3544
9.55346
6.0115
13.7692
13.3216
13.0088
5.88867
5.7991
12.8806
11.1912
10.318
12.207
8.96606
12.5289
13.2251
12.8487
12.7332
13.1739
9.16986
8.28236
9.77877
12.7175
11.5479
8.63728
9.46715
7.37479
10.9656
11.9934
10.1916
6.0669
7.99908
13.3153
14.557
9.85464
8.6665
6.28914
9.4069
11.1755
14.4716
8.4559
14.5572
8.65554
14.2551
9.85492
12.9522
5.67376
9.29986
13.5643
9.44492
11.8027
14.3254
14.2986
7.03325
14.3871
7.30193
12.7928
10.3309
12.9142
10.7726
10.5797
14.104
14.0041
8.80619
13.9504
13.6945
12.5666
9.78511
4.89905
5.96184
12.2752
9.91459
12.8111
12.5092
12.7121
8.02491
14.636
5.75532
13.2356
12.3162
10.2334
13.3298
14.292
12.5718
5.28716
7.71846
10.7767
13.3416
14.3931
14.6917
7.04825
11.2708
8.21759
12.0125
9.58334
8.9131
12.3555
12.5774
12.3757
14.0402
9.66397
13.0665
12.004
11.4838
11.2162
12.6369
12.3104
5.34296
11.0944
14.9362
14.1352
4.58068
10.7212
9.24129
11.6079
10.7683
10.0109
10.4184
11.4391
10.2789
8.21475
14.6917
11.2957
14.2137
10.6824
5.25149
10.6109
14.8287
8.91688
6.08481
12.58
14.2777
11.3993
9.57183
13.215
11.6578
12.246
9.94418
6.57409
11.7862
13.3361
6.24316
10.5101
11.2658
14.7012
14.7962
11.6743
4.94393
6.6573
11.4522
13.9023
14.5718
12.6242
7.71784
9.97609
9.72255
12.4196
14.7365
13.9592
11.3066
12.0278
12.4538
14.8952
14.227
13.361
10.4788
10.7786
14.5262
13.3553
8.9807
13.835
10.8022
6.22506
6.40801
9.45995
9.79052
10.5534
5.77657
9.43197
14.2663
8.4186
14.9558
13.71
14.9376
9.84203
14.2345
8.68864
5.94249
12.8912
3.96507
12.8236
13.7046
8.8842
13.3716
13.9727
10.6428
6.15639
9.91527
12.7403
9.64886
11.2524
11.4466
13.8548
14.591
9.05258
13.6918
13.5727
11.1921
12.4901
10.2204
14.4121
6.01161
7.94956
10.0812
10.0373
13.7425
9.07631
13.6631
5.92968
12.1531
9.45661
12.5679
10.7473
12.6132
9.99565
11.2754
13.6269
14.6473
8.52839
14.2853
10.6982
13.3459
6.27602
10.7623
12.6683
13.5351
14.1921
10.769
9.23714
11.7615
8.25473
12.8072
10.0877
9.06428
12.0995
5.85507
13.5595
10.7135
13.2805
10.9186
12.2009
6.46191
6.79207
11.6029
8.29894
11.468
10.7328
14.3815
13.9373
14.2321
9.13593
11.0328
3.99432
9.4762
14.6715
13.5433
13.9734
11.219
14.5171
9.5433
8.35832
12.1051
13.3517
12.4745
13.197
10.7822
8.95537
13.3312
14.5777
14.9842
10.6973
10.431
14.2405
13.8906
11.2345
13.7035
11.1222
8.42985
11.7611
11.0896
8.69317
10.8754
12.7679
9.92236
7.84092
10.1526
7.67074
11.2252
14.5749
13.8585
10.3479
5.48461
9.38603
5.28302
10.6083
13.1796
6.96374
8.53952
8.62926
10.8573
13.134
10.2338
11.8015
11.6205
11.8745
12.3858
13.8906
13.2393
13.569
10.7204
10.0661
12.7087
11.2422
13.6127
10.8527
10.897
11.478
13.3303
8.5532
11.9715
9.37425
14.1281
14.698
6.08488
7.43935
12.0876
13.0051
13.7124
13.9857
10.8703
10.9656
4.86711
9.05305
9.49669
11.1544
6.38244
10.7452
5.74769
9.6973
10.3452
12.9923
5.04519
8.8866
10.4837
11.9461
14.2332
11.8564
12.9937
10.4807
8.57774
6.74209
9.26454
10.4149
11.2179
14.194
10.3236
6.35012
13.0424
10.9168
11.892
12.9182
14.1426
7.41943
11.5014
10.1233
6.02403
12.5248
11.815
14.8831
13.7881
13.8732
10.8855
12.7518
13.3007
13.0933
5.8575
14.8436
5.64527
9.7462
6.24576
9.86939
14.8671
5.85237
4.28043
14.7922
10.199
11.5029
9.08848
12.1101
12.2935
10.2185
14.8612
10.2943
5.54346
12.4326
9.85176
9.92699
12.3921
13.3832
11.543
6.5965
14.38
13.6994
10.1496
12.7479
10.5151
6.8583
8.94877
11.3447
12.7754
9.79419
13.711
12.7126
9.00453
12.1376
10.1292
12.0683
10.8563
9.19964
13.5157
13.4071
9.10062
8.24764
10.871
13.7958
8.47311
8.6348
12.4413
8.20416
14.3671
14.6882
9.8992
14.9914
10.2242
10.0795
12.2336
10.7804
11.5875
14.1076
10.2565
6.50509
8.5752
12.7899
10.9342
9.946
12.437
14.5154
4.44763
10.9365
7.5998
12.7652
12.0016
12.5451
12.0396
14.0596
12.5944
11.9308
10.4048
9.82579
7.38306
14.2921
10.1879
13.769
13.3391
13.1712
14.2767
10.4855
10.0221
8.46506
9.47276
5.59833
10.0731
12.5874
8.26252
9.4263
10.6029
11.1936
14.6295
10.6153
9.6504
9.36521
10.0603
12.881
14.409
11.284
11.8115
7.97818
12.2395
8.26986
7.43069
9.04751
12.5175
6.9188
9.71902
9.46991
8.63284
14.7751
6.26937
9.50391
11.0331
14.9895
5.41268
13.6734
12.1913
12.3579
13.8196
14.5204
9.63403
9.67224
9.70297
8.63146
12.5303
8.31258
9.46227
13.47
12.2556
14.7527
13.2406
8.52213
12.4053
12.5342
13.499
8.73791
13.59
13.4303
12.9448
14.2413
14.7486
10.7322
9.90911
10.789
10.4652
13.9843
12.2369
7.75936
14.3621
14.1837
7.10369
9.41915
13.4743
11.6127
12.5518
14.6927
9.75262
5.41241
8.4254
14.1947
11.9898
13.0503
11.5274
9.53535
13.4876
10.3784
12.6223
5.3586
12.1522
9.55381
14.8665
11.9935
11.8316
10.8588
14.0213
5.43821
8.7801
9.33795
14.5767
11.7358
7.86132
11.5932
11.4781
12.174
4.48487
7.6095
5.23977
9.62051
9.4208
14.4655
12.3095
12.2439
12.377
14.4038
13.015
14.4024
10.6255
8.57421
14.379
13.0786
8.96761
10.9812
7.10591
12.2149
12.9034
13.577
11.4867
12.9541
11.1304
13.14
5.31855
8.50261
14.5568
10.3852
8.57323
12.8053
7.98766
14.5029
9.49479
5.95393
5.21622
7.24179
13.6
14.1885
14.8166
11.3973
14.6526
13.3391
8.17273
10.7632
11.8506
13.3664
11.8492
12.9311
14.0347
12.0099
13.6398
14.9492
9.65438
13.0122
6.66688
12.0214
9.70209
12.4383
12.4
12.1022
9.24945
5.93182
9.10639
8.03548
14.8351
13.0284
5.60502
13.3514
13.3134
12.6632
12.9741
4.45662
11.8828
7.63437
11.4551
9.51556
11.1783
10.7704
7.11533
12.8854
12.4602
12.3187
7.74478
11.9813
11.0199
12.3403
11.9194
14.6456
12.6087
8.47642
11.1225
10.0276
12.86
14.9534
13.255
7.05388
7.70685
8.0918
5.45924
8.57587
6.64698
9.40217
14.9473
12.0276
14.6799
13.5511
14.2292
11.0506
11.1514
8.76746
12.6924
9.30942
14.7398
12.8616
14.9818
12.3877
14.6055
12.1373
12.0099
12.8528
10.7654
12.4527
9.96097
7.46698
14.4553
11.9744
10.4635
13.2785
14.5998
10.9919
11.8067
10.1943
12.9481
13.9354
10.811
12.4639
14.0859
7.97084
12.0665
13.8761
13.8099
8.44271
14.6969
10.27
10.0526
14.0256
14.0768
12.5234
11.2103
6.58481
5.75283
10.9911
8.53389
8.66689
6.49791
5.35747
9.47369
11.7767
10.1634
13.4221
7.55906
11.1943
13.7223
5.95737
9.25651
11.6307
13.9384
13.7708
11.845
11.8319
10.32
3.90441
6.03488
9.89513
9.2791
10.0175
9.02459
14.8703
12.9412
13.6138
9.78814
11.4628
13.4247
11.9919
14.5557
9.87807
12.435
8.48815
13.9893
12.0196
14.1449
14.4668
7.75441
7.48917
13.1739
8.61868
12.3604
11.4823
14.7585
6.13438
13.1393
8.55721
13.9726
14.7927
11.7543
9.23853
10.5318
12.1645
14.3386
11.5846
7.43815
10.5105
8.90808
11.7106
11.7538
11.84
6.28299
11.6611
14.5629
8.59743
14.5338
10.5105
10.0374
11.7776
14.5148
4.92329
12.272
11.4641
11.4489
11.8226
14.3115
11.5483
12.7337
14.1043
9.48937
13.1564
13.7274
10.3916
10.649
8.00256
14.6451
7.67406
13.1741
13.176
10.4203
14.9209
10.5291
8.46308
10.5482
13.6256
9.6682
13.1422
14.348
14.1103
11.308
4.84527
9.31532
13.3312
7.92541
7.09039
14.2929
13.6418
10.8179
14.886
13.2205
14.9716
10.3732
14.4201
10.9293
11.1528
11.7457
11.3815
11.0538
8.805
12.1915
8.87885
12.7052
11.1763
9.137
13.7271
10.3083
6.41103
13.0967
10.7317
9.67722
13.6657
8.79649
11.7087
13.677
10.6412
10.9996
14.7883
9.13934
11.632
10.2376
13.8638
8.58674
10.2311
11.77
8.83785
10.5037
13.2946
5.97245
8.50228
11.704
13.152
12.0857
13.7259
14.0176
12.1901
12.9656
11.1191
10.0077
6.42017
11.6562
13.0839
6.96865
12.5575
11.9033
13.4044
13.1086
10.7398
14.5907
7.27133
8.03855
12.747
5.76288
8.47052
12.7654
13.9835
11.4405
14.5057
5.13265
13.5088
10.1765
14.3507
12.5458
6.00489
10.4837
12.6252
14.7913
13.4054
13.3734
14.3638
14.1442
13.3174
11.6288
14.8654
12.9005
7.77692
5.27931
14.0434
11.0595
13.4997
13.5741
12.9663
10.385
9.39181
14.9622
9.56246
10.3351
13.5319
4.23193
8.90778
13.8766
11.8331
13.9677
11.4378
12.7662
11.6428
13.9133
9.73703
11.1897
10.0672
10.6228
6.1017
12.6483
10.8926
8.90958
12.5998
7.89856
10.4304
10.7289
14.0461
5.58017
13.9978
6.68906
11.5551
6.0289
12.5515
8.62938
13.0792
12.8399
10.6441
13.4978
11.9427
9.69071
11.6053
8.1383
7.72554
9.84559
8.59194
12.6048
12.425
13.9983
14.2507
12.5191
7.78559
12.9317
12.842
13.6194
14.2518
9.45901
9.86451
11.7605
10.6252
10.3396
14.0121
11.8611
10.2092
12.204
10.2866
9.61383
10.863
12.1663
13.6978
13.6634
14.0261
6.6475
9.12575
6.08186
13.3835
11.9632
10.1028
6.06965
13.1373
9.97054
4.11232
14.5008
13.6468
13.7835
13.907
6.88411
8.97515
14.0471
9.03431
11.7826
5.4583
4.10379
9.13497
11.8913
14.6384
11.1235
11.3809
7.77441
13.8646
6.14138
9.93049
13.7229
12.2244
7.53359
12.6465
6.28868
14.5676
8.86709
10.221
11.183
6.61452
6.00802
11.3715
14.6318
13.2176
13.8307
10.4487
13.6505
8.72245
10.7467
8.55757
11.8653
12.8588
5.16569
11.6569
13.6281
14.9687
10.9353
12.1861
14.6101
8.41488
13.1975
10.393
5.46833
8.35134
10.017
13.5106
11.8357
14.9274
14.0815
9.81153
8.90032
13.8269
14.0431
11.2329
11.2108
10.2704
11.506
14.5473
14.8814
10.9845
13.1159
9.65422
9.45731
13.0418
5.57673
8.29654
9.83299
11.2538
9.62397
11.0682
10.3616
12.528
13.533
9.56475
13.6731
14.8668
8.24054
13.1742
9.59568
13.4983
9.82601
11.2847
14.6706
8.6959
13.9921
10.4641
8.46583
6.48355
8.08461
11.1165
11.9285
12.8753
13.2757
8.38757
12.7067
11.5591
9.88528
9.07051
14.0185
14.0745
12.1372
12.2574
10.29
12.0074
10.7847
11.8477
10.2237
10.9552
9.3647
10.9405
14.5839
12.6883
10.8811
8.1163
12.9229
9.26733
13.5689
12.2594
13.0401
14.2384
13.984
14.5015
12.5253
14.649
5.4442
10.246
11.2964
8.77782
12.5578
8.67649
13.0483
12.9326
14.0072
7.90132
13.0585
11.6293
12.0804
11.7624
5.85114
5.8889
14.4276
14.3708
12.4487
10.9877
9.93468
14.0291
9.30776
14.2454
13.0674
7.33911
13.0082
13.2808
9.77261
14.5803
9.16358
11.0918
11.0983
13.9057
14.734
4.13265
12.033
12.2579
11.5707
10.9502
5.72861
6.25765
6.48611
14.9614
13.1839
13.6877
11.0026
13.1403
14.0437
14.1364
10.4991
9.91296
13.88
10.5023
12.7653
13.276
14.4656
13.3209
13.965
12.9274
14.243
10.6684
14.3321
9.08599
9.20608
6.3036
9.92463
4.97189
10.9987
10.0559
9.90987
8.8346
14.012
12.8513
10.6901
11.1482
12.4293
4.66884
9.32069
10.888
10.7257
13.5934
5.95567
12.7865
11.0104
11.6672
5.99926
11.516
12.4424
10.6181
14.1026
13.6673
11.6056
11.0038
11.6904
8.70412
4.75958
14.3758
13.2108
10.9494
13.5338
12.445
12.6921
8.85325
10.1393
12.0227
14.0823
13.3026
12.0051
10.7316
14.4588
7.41253
7.42823
11.2292
10.3239
4.78996
13.7976
12.1681
10.9603
12.9435
12.2933
13.625
14.1392
11.3249
11.9723
13.5091
5.38832
9.5018
6.03215
13.8498
10.9056
13.7711
14.4591
12.7059
14.5952
14.1924
13.6093
9.98095
13.2628
10.5142
8.85221
11.6071
9.16176
9.52668
6.70094
12.3461
6.54655
14.834
10.1409
13.2773
14.677
9.34764
6.78055
8.68482
7.26779
9.25658
11.6923
12.6833
13.713
14.0488
14.3153
13.4536
13.3304
10.4947
10.4194
13.8041
14.7063
9.90458
10.4447
10.7496
12.5027
13.0199
9.09746
11.8275
14.3372
5.81445
10.5875
12.8487
14.7648
5.89092
9.11505
11.748
12.9133
10.5701
12.2942
10.5157
14.5788
10.7059
10.243
8.73561
13.5565
12.4885
12.6174
12.2211
11.833
14.5774
13.255
10.1288
9.58882
12.0832
14.0848
14.53
7.15796
9.49126
13.7609
9.39166
14.1158
8.7322
13.9077
10.0183
9.86101
14.8719
13.5365
14.5228
12.9522
9.18324
10.8441
12.7295
10.0694
13.7993
9.59768
14.1241
10.3171
9.45043
11.9341
12.6225
5.39061
11.8217
12.7556
6.06981
14.3252
10.9444
12.8292
14.5748
10.268
9.74806
14.7967
12.2818
13.9897
7.04039
12.0124
13.5731
7.72129
8.81032
12.7096
10.1582
13.2243
13.0569
13.8265
12.2557
11.6752
14.4378
12.4378
13.356
11.7364
10.1073
7.71275
13.1326
12.9885
7.96755
13.563
14.0053
13.1009
4.58427
11.6035
14.9377
10.1151
11.8875
11.6737
14.667
8.78504
6.27273
10.6845
8.62238
11.2705
9.54552
12.6425
7.2949
14.3788
11.6287
8.64116
10.622
5.27069
8.68714
6.03979
12.3086
12.3845
12.2877
10.4358
8.53657
10.9019
13.9539
9.59221
13.9833
13.321
14.472
9.34348
14.7188
7.33119
7.79503
9.97986
13.7825
4.70233
12.541
10.4499
4.81829
5.83228
11.1706
8.19681
10.3436
14.0494
14.3283
14.625
6.36369
12.6674
13.6917
11.3455
9.05541
13.138
14.9006
14.2398
14.7086
14.4353
9.78802
11.4461
13.6385
9.19338
13.2413
6.61305
14.1193
11.406
11.4501
12.966
13.0199
9.58412
12.5991
14.8589
12.2132
12.3231
8.36615
11.2444
11.0728
12.9851
14.8973
11.2989
10.0752
10.8914
10.6974
9.99512
13.6266
8.78627
14.1795
11.7822
12.9501
13.1759
7.79949
11.3932
7.63592
8.21678
13.0316
13.8174
10.9178
11.688
8.88284
14.5963
13.8917
9.9888
9.80582
14.8144
9.17324
11.1877
9.98021
14.8533
5.89195
12.6949
10.9495
10.1014
10.2584
9.38095
12.7781
13.7318
12.309
4.7823
14.8701
14.1406
13.1128
7.9979
12.3173
10.6218
11.3031
5.76064
5.75646
6.77307
12.13
14.3406
14.2632
14.2279
14.5859
8.79295
10.8118
14.3462
8.24076
9.55723
8.08987
10.7496
6.3133
14.2008
12.3695
8.68176
12.5391
10.5711
12.2363
9.81715
14.5232
9.65713
8.63131
11.1268
6.80983
11.2157
14.9134
12.1174
10.6803
9.30158
11.0651
13.8707
13.9647
9.01388
14.4
12.4493
11.9407
13.9312
14.9639
11.7833
14.1981
13.1569
14.1771
14.2859
7.43807
13.4468
9.0969
14.2407
14.9435
12.9411
13.1307
12.6617
12.6302
10.4801
11.7129
13.925
12.1286
11.5793
11.905
6.2021
11.5383
6.43208
14.4252
11.9832
11.5706
10.3069
13.7081
12.0652
10.3892
13.1627
5.80403
12.4871
8.80719
13.5733
7.38269
8.64192
8.99019
9.18627
5.22566
10.0527
13.0595
14.2606
9.38727
10.4324
10.1978
7.87953
11.049
8.97701
10.2504
14.3213
11.7383
12.1436
9.76348
13.0535
14.7091
13.6481
13.4799
13.1617
10.7683
11.0126
14.8555
9.75355
14.8744
10.3253
9.99912
14.3554
9.33049
9.69586
4.99257
12.241
13.1384
8.94626
13.8468
10.6175
9.71654
14.6178
12.2009
12.508
12.4998
9.24964
6.35916
14.1408
6.00713
12.9651
12.6574
9.07357
14.5959
14.1236
7.36915
13.4544
12.6151
12.9262
9.33148
12.4172
14.1899
13.5557
13.3057
13.2287
5.70882
12.0642
9.34064
12.9013
11.1823
9.1275
11.693
11.5675
6.34824
12.3411
13.7043
10.1688
4.74694
9.26068
11.9024
13.8504
13.1447
10.288
14.9248
8.49098
10.7514
5.65883
11.4733
11.3722
12.4439
8.08177
13.335
11.0243
8.86352
9.37711
11.9389
8.21504
8.76146
12.4672
14.6106
8.88716
14.8962
12.4323
5.64893
9.54722
13.1529
7.59702
11.574
8.60912
9.54169
12.0788
10.6377
12.7332
12.7677
12.3758
12.4184
13.049
11.7408
11.8639
9.46852
14.8999
8.01387
9.05823
13.621
10.4963
12.3865
13.4572
14.2684
10.6863
6.26872
14.0995
8.83599
13.8111
10.2864
10.2822
11.0878
14.5375
11.5041
10.1394
12.2922
11.7433
14.793
12.8959
8.47771
14.3748
5.98395
14.7481
12.7165
10.6932
13.8164
9.51709
14.266
5.94862
7.56893
11.3967
10.7035
11.7908
10.61
10.6098
13.0734
9.12341
12.4708
8.94346
5.67099
10.3192
11.0582
7.27788
12.9676
13.0268
14.1424
10.0896
10.5346
5.36916
13.9427
9.07668
10.9563
10.3232
10.8276
5.20949
11.7351
11.1816
9.78167
14.3774
14.4472
8.97132
13.049
12.3792
12.4154
13.743
11.6832
11.6006
6.39669
13.3331
9.70656
11.731
9.37109
9.85042
14.5771
11.6538
12.2821
13.843
9.41018
7.61251
9.74522
9.43831
10.6366
10.745
6.36821
11.6517
12.8487
13.0123
11.2122
11.675
13.0426
11.4512
14.2779
8.61828
14.0583
14.0745
7.48083
9.44343
13.3532
14.8171
6.59147
8.71694
6.14774
14.5099
11.2487
14.3317
13.5682
14.9419
6.2681
14.9346
9.92433
12.362
9.5459
8.93574
8.12573
14.2847
11.6488
13.9217
14.4293
11.397
12.1352
12.1627
13.9088
9.74735
10.2148
13.1228
8.76101
11.3616
9.10384
10.3694
13.4241
11.4668
13.4579
13.7023
12.7428
12.3565
14.5882
6.32659
11.6273
9.39314
13.3961
12.7707
14.5776
9.29986
11.6119
13.9407
11.5794
12.6795
10.0798
11.3557
13.4353
9.9076
10.6824
7.50936
5.12332
9.75833
10.1678
13.1243
13.2755
10.3252
9.45469
11.0574
7.44862
11.7094
9.53955
8.69449
11.5046
13.9698
10.0955
8.16762
10.0995
10.8655
13.9128
10.7417
13.034
11.0414
14.0814
14.7058
10.4059
9.65353
11.0066
11.6101
12.5644
5.81024
6.71582
12.0694
8.59183
10.1169
13.3962
14.3298
14.9995
13.349
13.0779
14.5588
9.88745
13.1231
5.99835
10.0344
13.4171
10.7203
11.4033
12.3566
11.3712
7.71402
11.4814
14.0893
11.6192
10.6282
9.0277
14.6312
8.5019
13.5359
9.21603
6.16611
12.7274
9.58209
13.7222
13.6053
8.83626
14.2667
10.6103
11.9344
12.0917
11.277
9.00396
11.0436
11.9288
10.2734
9.03951
10.0809
7.83216
12.0335
13.2299
14.3711
8.99299
9.33125
5.90224
5.60886
11.7257
9.7395
12.2584
14.4026
7.86137
9.53494
14.4106
11.5905
13.8838
9.07433
12.4567
10.4064
11.9376
11.1224
11.2255
14.9448
11.2383
11.5744
11.3931
13.0531
6.84736
13.0421
14.122
13.8256
10.8029
5.31524
10.7892
14.5209
12.2088
10.8307
13.7378
8.51314
11.5704
9.27282
13.8901
13.3354
5.23755
5.67577
8.20823
10.2189
14.4137
14.4616
7.95282
14.8019
11.4745
14.0194
14.4883
8.01374
14.1651
10.6112
9.8842
9.45168
14.7775
12.4574
10.0411
8.3564
11.7374
11.9647
11.0418
11.3157
13.0711
10.6922
8.44454
13.049
13.1657
11.1386
11.2511
10.2507
10.6953
14.3835
12.3271
13.2577
11.4621
12.1018
10.1848
14.114
11.9756
6.34888
8.99272
14.5408
5.74951
14.2481
13.8799
14.9006
8.72699
8.35667
13.7204
5.597
14.1726
11.9752
13.8573
11.5333
12.7067
9.12443
11.0437
8.34492
9.69335
13.1717
14.5594
12.3483
12.3955
14.0928
12.8407
14.2504
13.0551
14.9122
8.52807
14.6249
5.52695
9.56694
11.2535
10.6249
10.2631
13.6084
9.58054
12.6459
10.667
10.4558
9.74587
12.2108
12.1668
11.8731
12.5365
5.61376
10.9639
10.4426
12.4172
13.9525
4.37415
14.3556
6.91601
9.6346
11.8545
12.6461
12.0448
5.68274
14.2263
11.1952
10.8086
11.5491
10.2034
11.4498
13.65
13.3659
11.5713
11.8415
6.08862
14.8409
10.3402
14.35
10.2245
13.333
7.66451
13.308
14.3287
12.3023
8.76406
6.00587
11.9005
9.9653
11.7429
12.0546
10.8251
14.7626
10.8393
11.2495
10.2085
11.8718
7.89197
9.7429
9.85143
13.5947
9.61371
12.9874
11.698
11.0405
10.2232
8.31963
12.4397
5.53418
6.98144
10.508
14.1854
13.1807
10.4656
6.35358
14.6785
8.72492
14.7814
14.6502
13.0034
12.1362
8.80755
10.2244
12.4924
11.8911
4.69433
13.0919
14.9302
11.8022
13.9182
9.15803
12.6953
8.64166
11.0639
10.5347
9.44911
10.8705
11.6353
8.83595
10.8581
14.2367
13.7166
10.6868
12.8041
10.8234
9.18765
9.53209
5.96733
13.6476
8.64694
10.6418
8.82005
8.63928
11.8416
11.7368
6.74793
10.1095
12.4316
14.5176
8.35058
11.6158
11.272
9.58548
11.2122
10.087
14.6305
14.9505
9.0635
10.4436
13.6263
13.3011
8.92136
8.98061
6.02419
11.4696
5.19899
9.98543
12.361
12.2166
10.8797
9.10812
9.60249
8.73751
4.87146
14.6317
12.6132
12.7443
11.9625
14.474
13.3923
13.5942
13.4574
11.9209
11.5309
9.79669
9.99661
13.7457
13.1548
13.3881
8.43408
5.59191
13.2491
14.7976
13.7236
13.0277
8.13053
4.92595
10.5381
14.1487
10.0785
13.1064
6.45819
12.4118
12.4429
6.54393
14.7987
7.996
11.8191
7.09841
12.7075
12.4854
10.1296
9.06204
14.2199
12.515
11.9566
14.45
9.90187
14.3602
14.3666
11.1683
8.02262
13.3801
10.9659
7.31788
9.20857
9.06857
9.47099
10.39
14.1448
10.2394
11.1168
9.45326
7.99317
8.02461
9.3377
10.3691
9.00838
11.2206
13.5556
5.16437
6.36581
12.8938
14.8658
13.5884
8.96215
8.74648
11.4167
13.8419
7.1823
10.5247
12.2956
14.8477
13.6887
9.99306
11.4487
12.7435
12.1689
8.56256
5.59341
14.7704
12.6054
13.4443
9.05359
5.6351
14.017
9.14732
14.7178
9.5494
9.85525
8.66333
12.8975
11.8722
13.9816
9.81244
9.98602
10.1306
10.5831
10.0465
13.1879
12.5163
14.0255
13.4325
10.3987
8.833
8.1701
4.94125
13.8885
5.48979
14.4335
12.4643
9.24627
13.0521
7.66074
12.9739
11.5117
12.4138
10.0909
10.1227
13.5779
12.1937
6.09339
9.91092
8.32289
14.6356
4.84797
14.745
10.0734
8.65932
13.4856
13.6569
12.7147
6.84882
12.6994
12.5973
11.5606
9.97805
14.6001
11.656
13.1335
13.0306
9.64257
10.2831
10.9948
13.9414
14.0553
14.7002
11.1167
5.10042
6.99668
5.36105
11.6115
13.7014
4.4254
3.07377
14.0834
13.058
11.7092
11.5129
6.18547
11.0239
9.47193
13.804
9.72988
9.07259
13.643
14.4921
13.2659
14.6934
14.2084
10.1399
11.6895
7.87953
10.7248
14.519
14.2503
13.1155
12.1935
14.6515
13.9372
8.53817
8.04471
13.6344
12.2353
14.6998
13.8916
13.5759
13.1533
12.7679
14.6665
11.9884
14.8308
13.7531
9.34043
14.1186
6.60806
13.486
13.3049
7.7224
6.19247
9.13287
10.8074
10.416
7.88621
13.558
10.3571
9.47622
11.0956
13.2707
9.14147
14.2583
11.3701
11.8256
12.5236
14.4783
8.49691
10.545
5.17659
5.99276
9.53096
9.70954
8.62084
7.5281
12.2916
9.29511
14.8909
13.5722
13.5018
10.4059
10.7653
12.9078
10.3718
14.561
8.82129
11.7749
12.9808
13.3961
10.6207
12.9124
10.1498
8.16357
10.0275
12.0343
13.7115
6.27148
8.43163
8.57223
13.78
12.6682
14.0339
10.7147
11.3499
13.9289
12.6555
13.1585
6.01113
13.4344
4.78835
10.3016
7.91697
11.7718
12.8678
14.2183
7.31992
9.18495
13.6657
5.12892
7.98231
10.415
14.0389
13.3993
14.5771
13.0859
7.09169
12.4158
8.19609
11.128
10.0211
9.4262
10.4403
11.8748
13.2599
8.53994
8.78092
10.0621
14.8758
10.2011
14.6719
10.9981
8.56452
11.6082
14.8906
14.5465
12.3783
13.3046
13.4314
11.9827
12.8349
12.463
12.618
12.9311
14.3314
6.17565
13.9358
9.55072
13.8857
6.05264
10.1316
6.6373
9.2645
13.2942
11.7088
8.9302
14.0847
11.3448
10.0768
12.3729
11.0496
10.8779
8.65861
12.5172
11.3938
14.385
13.9607
9.59562
4.39684
14.3786
14.004
14.0117
11.7445
13.7303
11.6065
12.7269
9.94013
14.0737
12.8212
12.0507
14.8767
8.81033
8.13942
12.9457
13.3655
9.74748
4.1517
11.9809
13.5844
8.67004
6.20894
7.66705
4.41603
13.8986
6.22915
9.2245
11.563
12.01
11.8312
4.29492
12.4583
8.27273
13.4923
14.3327
14.9453
10.0208
7.6482
10.213
13.6033
11.9474
8.71731
12.7245
13.0933
13.4954
13.1903
12.9299
7.85251
10.0699
12.4767
13.8128
11.9433
14.6949
14.2335
11.7571
12.7053
9.62594
13.5031
10.0981
11.5732
10.6388
13.719
11.7626
14.4407
14.2348
13.7637
12.025
11.6204
9.33861
14.9238
14.81
10.0959
14.451
9.98683
14.0321
12.1128
11.6687
11.1443
10.1194
12.5131
13.9918
13.401
7.31046
8.50894
8.13536
10.9739
10.8395
9.89952
8.3734
11.6908
13.5078
13.6727
6.01625
12.9738
13.563
10.5245
13.2933
8.42711
7.11497
4.32261
10.2456
13.0196
12.8994
9.00487
14.5393
13.5551
11.6739
4.29884
8.30775
9.66849
13.3233
12.1476
12.6171
13.1624
13.9949
14.0236
14.3985
14.4396
8.36648
13.9062
13.955
14.2551
13.781
14.2531
6.56463
13.8056
13.1801
9.14482
12.0347
10.6442
6.35363
14.947
13.0051
9.59092
14.08
14.3224
14.6561
14.9017
9.54669
14.6252
14.7373
13.6409
12.839
9.40042
13.7736
13.7778
4.78769
14.0223
11.8829
9.76547
14.4163
13.8746
13.8773
14.1028
12.4103
14.1079
11.8565
14.6548
6.13625
14.2999
10.8501
9.42792
8.08328
5.85164
7.68312
8.88256
13.0837
12.6082
10.7868
7.16688
14.2997
11.5497
13.7657
14.0988
13.0729
14.3663
14.4528
14.5376
11.3741
10.8937
12.4313
11.3742
6.18332
14.3485
14.3494
8.92297
12.2582
14.8943
11.5376
14.0174
12.6342
10.1496
13.3592
13.8291
13.8568
13.525
14.3125
4.89949
8.52803
12.5397
14.5705
13.3329
12.0216
11.2865
13.4222
8.50465
7.49809
5.49925
13.7366
12.6818
13.4631
11.6869
11.5564
10.7191
11.9472
13.9515
12.4107
12.0009
14.4535
12.0792
6.28943
12.3284
10.8649
9.32255
9.64052
9.45377
13.774
9.58109
14.8772
13.1349
11.7781
12.1679
6.06921
11.6762
11.8446
9.99395
12.7931
11.0455
14.9713
10.019
13.209
12.8563
6.05822
11.538
12.275
14.8693
10.2524
9.78533
11.4746
13.1314
14.457
14.2783
14.5424
13.364
4.99233
13.0522
8.81859
9.49303
7.23727
9.72828
11.17
14.2119
13.8403
14.1816
13.5583
14.6326
14.4544
12.7179
12.2472
14.8893
11.0906
12.6992
13.728
5.40105
11.4869
8.34245
14.7788
12.1272
5.93015
11.1455
7.1749
8.38292
14.4397
9.80006
10.968
14.1815
12.9503
13.4113
9.05029
12.1252
11.3712
14.1837
13.4748
14.194
7.7679
11.1201
10.1532
14.0507
9.49524
13.0873
10.674
11.3643
6.52098
13.7127
6.23758
12.2943
9.91584
14.8901
14.484
11.6811
5.95246
12.2767
5.66391
14.006
14.7533
10.7831
11.0421
13.5096
10.8509
12.088
10.1776
13.9546
6.00969
5.93875
8.30355
9.89275
12.4915
13.4438
14.627
12.0544
11.0795
8.93352
10.439
13.2634
12.1927
11.6624
12.5794
14.4943
9.87893
14.9449
9.35264
13.9664
14.1642
10.4192
14.6439
10.9254
9.54158
13.5222
10.239
5.68082
13.8469
9.349
14.3005
10.1377
11.9363
6.49513
10.4095
5.32397
8.31043
13.3937
5.81609
10.5118
13.1167
9.31167
10.0906
13.8793
12.3786
8.75184
10.5441
8.92345
6.93565
10.4175
12.9278
14.4005
6.37737
11.9918
14.3731
14.0845
9.68947
14.3708
13.8011
11.1944
11.8472
14.4502
13.2857
13.9263
8.78111
13.8216
14.2051
11.5539
14.7646
13.7119
10.7424
6.39575
13.8966
13.3776
14.4829
9.27922
8.47614
14.2781
13.2739
12.097
11.9823
5.98361
10.1692
7.39881
12.1623
10.9592
14.175
9.90166
10.3008
11.7737
11.8885
10.7175
13.102
13.9148
14.6682
12.4829
14.3085
13.4304
13.6472
8.67762
11.8259
14.0233
12.2092
9.08614
12.7477
8.78592
10.746
14.0422
12.264
12.7689
13.0938
9.73925
8.3046
5.75233
13.0918
11.3271
14.5004
8.49783
11.4028
9.98901
14.5626
11.3437
9.5243
14.4316
10.2648
7.84189
5.84458
11.1858
11.3549
9.75522
9.4875
5.22258
14.4983
10.3923
13.2267
8.87952
8.50021
14.8555
14.4185
13.4274
10.5405
6.48826
10.408
10.4258
10.5056
10.5751
6.1929
7.88749
9.63408
14.2657
13.4222
11.7546
14.4176
14.1569
10.6859
12.9214
5.9353
7.6219
10.5788
12.0025
14.3639
10.5194
7.45596
11.303
10.6965
10.1915
10.6892
6.25283
13.6868
14.4851
10.8282
11.175
10.5611
5.60959
11.8977
10.0193
12.4173
8.06212
14.102
14.1204
14.5954
8.15851
10.6209
5.86637
10.3242
13.1454
8.93074
9.088
9.23329
11.8601
13.5119
6.36238
12.652
12.9753
14.6406
10.0534
13.3818
13.1462
10.8056
11.2928
9.98066
11.1783
9.76598
9.00152
14.827
8.72992
9.31859
9.44127
12.9999
14.5579
12.0658
13.0379
9.53306
13.6979
14.5164
13.4765
10.2146
13.6151
8.38878
8.58383
10.2215
13.4063
14.1869
9.59631
10.4295
5.64918
8.77628
8.52102
12.9708
10.0769
14.5955
7.04468
13.4492
11.7546
14.7161
11.3696
12.182
6.67732
10.616
8.31156
14.694
14.862
9.24049
14.3455
8.83789
13.9804
12.5676
10.3222
14.2706
13.2789
12.7072
10.2356
14.091
14.6256
5.51398
8.78223
10.1535
10.4275
9.6659
6.04693
12.2915
13.1809
6.20814
13.8448
13.619
14.0624
10.42
9.85869
12.3162
10.7834
5.06976
6.94801
11.2258
11.0115
10.6079
9.74768
12.9894
11.0301
14.9884
7.23246
14.544
11.3305
6.32603
14.4344
13.4204
7.97337
8.37882
6.34417
14.296
10.3781
13.0855
13.3204
7.8987
8.82587
12.0379
14.0056
13.9523
9.08384
11.8797
5.94909
12.3103
9.1418
12.2392
10.9352
5.58761
14.1332
14.8074
14.2484
8.20556
10.9534
8.78651
5.5141
9.45228
12.9407
9.86853
6.7809
8.43641
9.01515
13.8172
8.49824
13.4593
13.2729
9.91621
5.70008
9.57091
13.8526
11.5847
10.9297
11.6977
14.0667
12.8579
14.7434
13.1378
13.4087
13.226
11.8691
10.6236
10.7689
8.26637
8.03268
9.33541
9.28921
13.2371
14.9811
10.4271
14.1557
9.49684
14.9077
9.33768
6.2877
14.7199
12.623
13.9511
9.14882
13.7236
14.3929
11.7037
14.1986
13.0875
13.0833
14.461
14.9643
10.0798
12.269
12.3549
7.51309
13.9126
9.31488
14.1029
8.9785
7.45085
6.23049
10.9771
8.59098
14.2657
12.4427
11.4694
10.7848
10.5437
8.78716
8.43164
13.8199
13.9242
14.678
13.3624
10.7061
11.7368
8.87224
11.2299
10.7179
14.4741
14.8426
12.3116
10.4107
9.37403
10.701
10.8027
8.95825
5.97441
10.4652
11.2654
13.956
6.28219
9.22245
13.7384
11.3953
13.4666
12.157
9.44379
9.77396
14.6101
5.79506
13.7385
13.3098
11.6854
12.9744
11.0442
12.1635
13.8675
12.1228
14.4178
10.482
11.7312
9.90991
10.0305
9.27956
10.6725
9.2715
13.8752
11.4368
9.18444
12.5612
11.6741
12.8457
13.5494
9.88541
9.14747
11.691
14.6678
14.3486
12.3774
12.0367
10.0094
13.1789
9.30254
7.79817
9.46139
8.60245
14.2415
12.403
7.84645
13.4405
10.5892
8.44604
5.2028
10.1898
11.2735
5.65602
9.7271
12.1575
12.7753
4.00829
10.6156
14.2992
5.29332
6.67692
8.62447
5.25917
11.9462
5.23369
13.8708
6.31308
8.08783
12.6789
4.29264
14.491
5.38764
7.96557
11.2387
10.0224
11.5649
11.061
13.2133
13.6082
9.99126
14.2348
11.9679
12.14
12.148
11.2765
12.9063
8.99934
10.8444
13.0662
7.77158
10.616
11.7789
12.4643
10.605
13.6347
8.64403
14.9308
11.7718
9.33572
9.16557
10.0052
14.2689
14.6751
12.3387
6.49777
11.1657
12.1463
9.91527
6.35473
14.2976
11.4219
14.7443
12.5579
9.03308
8.59666
14.7985
10.5073
13.9225
11.5157
11.7965
14.6808
5.45263
11.4522
13.9893
9.59589
11.285
5.94476
13.0602
13.3983
11.9317
13.0006
10.5952
11.3257
14.5271
14.4248
14.1114
10.3624
13.0544
9.66333
12.9457
13.25
12.7528
10.5096
12.659
14.4928
7.93684
14.5811
11.0427
10.6485
14.9874
6.44391
9.80901
11.5227
7.41126
8.12471
9.8613
14.3288
10.6213
8.48995
14.9188
8.90227
12.5567
13.0727
11.5234
6.32783
9.75385
14.502
13.8975
9.8
14.3607
9.51127
11.5756
9.1375
13.0273
11.085
8.57805
14.1491
6.56046
12.3652
9.6779
10.8356
12.1709
11.6594
7.36381
13.1928
7.02763
8.28444
10.2164
10.7965
14.6301
9.5936
11.2222
13.3123
12.4255
9.41397
11.9918
9.44948
13.2437
10.2262
11.8163
11.131
8.93059
10.248
11.1306
10.3145
9.47436
9.86974
11.9055
9.15571
12.8666
14.1873
8.75608
9.1888
12.8717
14.3168
13.1842
13.6406
12.2642
14.4509
8.64964
6.67734
13.0593
9.6863
8.60116
12.9552
14.7535
8.72457
11.1269
6.24964
12.0569
9.73118
13.7664
13.3691
13.541
14.7573
8.73855
14.7169
14.1904
8.92103
13.6522
8.6194
12.2196
11.1562
12.01
6.88392
10.941
12.6495
10.6848
11.5763
10.5938
12.7519
10.3131
11.5678
10.1833
13.9694
10.0165
12.1951
4.50119
13.375
12.2637
12.3593
13.82
10.7332
12.9001
14.2646
6.56705
12.1859
14.0314
9.16708
12.8066
12.9434
9.67964
10.9127
6.8145
7.63764
9.35429
11.3731
13.955
14.1146
12.0397
14.2474
13.6871
8.78438
12.6628
11.0918
12.3845
11.9128
14.9128
12.0246
13.9096
14.9092
6.58237
9.40542
12.2529
10.0555
13.0051
13.0173
11.9041
14.5447
13.1471
6.39545
11.2725
10.4346
6.01189
14.3888
14.6722
10.5224
12.9812
8.5648
14.2225
13.5523
13.6093
13.7473
11.6476
6.29468
13.8473
11.4382
8.14598
7.08363
11.7198
14.4065
12.852
14.5895
14.6072
8.30998
14.8818
8.85406
12.6765
11.6723
8.50988
11.5723
12.8539
10.8303
12.8948
13.2756
9.84843
13.4059
14.4274
12.6999
9.25387
6.00252
14.0263
8.68685
14.691
12.5847
9.59384
11.6944
6.00859
14.1227
7.88008
11.4443
14.218
6.56544
13.6454
5.97836
10.6133
14.9834
10.8478
10.4864
12.8534
14.7377
9.56295
10.0232
12.1054
12.9445
11.1619
12.5966
13.6104
6.25981
8.92038
13.4718
14.2127
11.8269
11.7853
14.8454
10.4681
14.6551
10.9236
13.2605
8.12524
14.257
12.011
8.6072
13.0485
14.894
13.9891
10.9996
9.4187
11.2618
13.384
9.31541
10.7552
6.03835
11.5248
13.2911
10.2962
14.8884
14.7369
14.8967
13.7304
10.5082
11.0675
12.8662
4.40948
8.51441
11.8873
14.3418
11.8446
14.9196
12.5745
13.2354
7.69111
10.4149
11.8858
13.6695
9.51815
12.6773
9.15204
11.5292
7.77642
10.7999
12.6735
12.57
11.2621
11.4734
13.5303
11.4608
13.1956
10.424
13.826
11.197
13.4047
7.60614
12.8122
13.8653
12.547
12.6052
10.2598
12.6871
14.1701
5.754
10.4968
9.49057
11.8405
11.413
9.96023
13.662
13.3216
9.72757
14.3414
12.5162
8.12292
9.63996
8.96599
13.7389
13.8791
10.0375
10.4673
8.32726
5.56983
14.2459
14.3368
12.8216
14.3694
11.5748
10.2214
6.68139
9.82448
5.64401
14.0692
12.7987
12.3562
13.7391
7.11298
13.0358
12.0808
11.7692
14.1737
13.7512
12.0492
13.4858
11.9878
12.1559
7.00813
12.4304
13.4012
6.8968
14.1295
12.6793
14.3998
6.18761
8.77863
12.3993
14.206
12.9732
11.686
13.3828
11.6801
9.91009
11.4134
9.21664
8.56967
13.4534
8.40399
14.3698
13.8419
11.7567
14.1355
8.91512
8.47192
8.69608
9.9713
9.08755
12.6884
13.6261
9.71865
12.9607
10.4963
11.5888
11.0244
11.8177
10.9271
9.92754
12.1698
10.2431
8.91625
10.2587
4.68405
8.28261
5.87349
5.27857
9.3568
12.167
9.75321
14.1612
12.576
8.64443
11.416
9.00852
11.2726
8.95073
14.1474
12.5831
14.6385
10.9619
6.32666
13.5475
14.5723
6.38474
10.5684
9.58138
12.4613
12.6002
13.0159
12.6839
11.5931
10.5163
10.3864
11.7967
12.7512
12.5037
12.1823
12.1794
11.0838
10.684
12.8595
10.7425
13.8359
11.8628
11.3664
11.7397
13.3884
11.8048
9.47711
9.09564
9.46614
11.2491
4.42334
10.8089
10.9209
12.8365
14.6552
6.15777
6.89049
11.3707
14.7597
11.7262
14.7424
13.0034
5.22823
5.16031
11.2303
8.58785
8.94878
6.03897
10.9342
14.0288
7.16501
13.2204
13.1577
8.17444
12.5642
8.32303
11.2522
14.4086
10.787
12.8878
9.25413
8.88193
12.6429
14.1445
14.6971
14.2181
7.61735
14.7572
13.5377
12.7702
11.1705
10.868
12.8561
12.6542
8.51307
12.2137
13.9928
6.25451
13.6196
9.47815
9.08377
12.6108
12.8071
12.9256
8.28757
10.9118
10.4079
12.7052
12.3913
13.737
10.041
11.5989
12.9814
13.45
11.8336
10.1331
12.3834
11.8306
14.741
6.58496
5.41685
11.6282
9.80003
11.1953
13.1698
14.9754
8.91998
12.7459
13.5768
10.8959
8.43843
11.7669
14.706
6.28332
8.86148
12.6441
13.0187
11.8845
13.3642
13.6746
10.2636
11.7018
5.49337
12.5788
14.938
11.9671
13.4526
13.0798
12.1568
12.7808
12.2442
9.35357
13.4172
11.9258
10.2245
14.9745
13.4082
13.9385
4.89307
14.5562
12.875
11.974
12.4403
9.52483
9.80319
5.66849
6.34194
10.352
12.6541
14.0971
11.0581
13.9531
11.9986
10.2112
10.2151
11.5216
13.5107
6.00013
7.34843
12.4315
6.02455
10.6863
7.11387
9.57865
13.2017
13.4403
14.4084
14.7696
14.257
14.1912
13.8742
11.0967
10.7936
9.14768
14.4483
11.0823
13.1885
11.5341
13.3672
12.8757
10.5124
9.49274
14.3495
8.1637
10.916
14.7404
11.4585
13.7297
12.1519
8.83878
10.5415
5.40463
14.377
13.6618
8.34548
14.6422
13.7568
13.3022
9.76426
13.6393
10.9028
10.7815
14.0642
14.897
8.32971
10.502
9.65966
10.6364
12.0509
7.88336
13.9257
11.9541
11.3151
11.2058
6.41171
12.7454
13.7768
12.8073
5.09754
12.6083
10.9763
10.2325
12.6939
5.89995
6.62169
8.08817
14.4849
12.0865
14.8917
8.19164
11.976
12.6666
12.2969
14.2435
10.6211
5.84045
11.9575
9.79649
12.7103
9.04181
10.5974
9.54893
12.0793
14.2801
13.1004
9.99525
14.5762
8.85865
12.1534
12.2706
10.4915
11.9075
8.46526
14.9686
8.793
14.4485
13.3974
10.7819
13.4274
11.5587
12.8852
12.7998
13.8677
12.2204
14.9941
10.7358
13.3994
11.9384
14.176
11.8321
12.9753
12.4832
13.4532
14.8031
14.3762
11.7998
14.2923
12.0857
9.65758
12.1742
10.6834
14.8919
7.7476
9.2364
12.2349
10.9952
5.0249
6.94697
14.822
12.1996
12.7262
13.0644
14.8326
9.84866
8.14427
13.8879
10.9759
13.9428
5.7185
12.2569
12.2996
9.35008
13.969
8.9989
11.2431
10.1721
10.0399
13.5798
9.75829
11.3992
12.0483
8.74504
8.98271
13.5009
9.96515
13.9368
4.39874
10.6498
9.06272
13.3104
12.0445
8.68441
14.3241
13.8322
9.91982
11.6715
10.3543
7.71898
9.52158
9.35004
9.59384
10.3368
13.9345
8.34422
6.21727
13.5147
9.51643
10.5487
13.5669
10.4307
6.61397
8.4125
14.3299
14.7465
10.6033
10.7277
9.74897
14.9934
14.845
14.4206
14.4851
12.7396
10.7675
12.1887
11.9939
10.5058
8.69032
6.12165
9.72013
12.6176
8.60364
13.5552
11.9679
11.7172
13.3091
13.4591
11.3409
14.0958
7.27004
10.6237
11.4406
6.55949
8.08255
11.7919
7.95406
8.46072
5.59043
4.05835
14.0273
10.8799
6.077
14.2431
13.3646
12.0257
13.547
11.1854
12.6158
11.0474
12.9797
11.2578
10.7872
11.1842
13.6024
13.1472
10.0792
12.5027
13.6213
5.85739
10.1793
14.5313
5.69149
11.6758
9.67111
6.81423
9.26568
6.66055
9.14788
12.6691
12.9763
8.96576
11.7664
11.8339
12.6017
13.2108
9.98535
11.5822
12.23
12.0247
11.8816
13.5658
11.2987
10.0927
11.6489
10.3537
9.86435
8.96979
6.64334
10.8806
12.4463
11.2844
13.7304
6.8217
6.45012
9.41537
5.38303
12.5366
13.0846
14.0146
13.8206
9.16937
13.2946
10.3535
12.9879
8.53787
5.41286
6.02205
11.2365
14.2921
8.53695
13.6646
6.55033
14.9198
14.4293
6.34434
8.53547
8.59791
10.6253
12.2697
13.6218
12.2616
6.06507
10.6442
14.055
13.9746
6.41126
9.91876
14.5221
6.15456
9.88957
13.1755
12.4956
13.4595
9.28942
12.9326
10.3912
5.29798
12.5182
14.9599
5.16894
12.4429
6.30521
6.02422
6.29253
14.6445
14.8984
8.81147
11.6615
11.7349
13.9323
14.9177
12.9312
6.65753
11.9736
14.2354
7.49337
12.3984
13.5643
13.2929
10.3444
12.4482
5.55923
13.1198
12.1511
9.39005
10.5185
11.8511
11.1963
11.7082
13.6411
13.1066
11.7314
14.5348
10.3809
12.3151
11.6387
13.1044
14.123
11.9412
12.745
13.993
14.94
5.89401
11.9619
12.8659
5.74543
8.44734
6.56712
14.3175
12.2657
9.57428
13.1929
14.1927
14.4433
12.733
6.18718
11.1336
14.1241
10.8641
9.15518
12.9029
10.1102
8.46532
13.8178
5.36265
9.82467
14.1257
13.9749
9.99082
14.8534
9.1639
11.7887
14.6911
12.5606
12.4044
8.94346
10.6649
9.06021
12.1815
10.9523
10.4659
5.21367
5.01897
6.12937
13.0975
6.92879
11.0316
8.6412
8.98667
14.0014
9.34498
10.5507
9.08391
11.9033
11.8849
12.6449
13.1124
12.0129
13.3555
12.1112
12.3177
9.03683
12.8351
13.3924
9.51182
12.0161
5.47785
14.7751
11.2023
11.5367
8.11347
9.87103
10.5562
11.769
12.928
11.1274
12.8668
9.83593
12.0315
14.102
13.1248
12.6174
14.419
6.69513
12.2615
7.49915
9.14087
14.3585
12.7658
13.248
14.3108
8.44195
12.7579
10.3596
10.6765
7.67925
11.5517
11.8847
6.0972
12.6377
6.79572
12.1362
14.2155
13.8528
10.2315
10.9788
11.5937
9.60356
10.1144
13.4097
13.4622
12.4099
10.1339
13.8194
10.4926
14.2315
13.6229
10.9599
10.7771
9.65723
6.07763
13.2897
10.4164
7.50436
10.8574
14.0188
14.0872
12.7763
10.986
5.79877
9.85323
12.464
12.4068
9.85066
13.3498
14.3568
13.7485
14.8633
14.4811
13.1608
13.9814
14.5811
12.3389
11.9416
13.9658
11.0946
12.4323
12.0613
8.85928
14.6663
7.0236
13.0953
9.94367
14.0659
8.65612
7.78592
13.6897
8.68857
12.7515
14.8477
10.3405
14.2337
7.08029
14.0289
13.0946
9.2543
13.4597
6.22948
5.59043
12.9683
11.5931
13.2858
14.3757
8.28651
8.52911
5.33388
8.71257
14.3139
8.14239
13.2048
14.0735
11.6299
14.452
13.9102
13.514
10.0134
12.2232
12.0959
11.3853
10.4573
6.85733
10.7429
13.0321
14.2059
7.79373
12.31
6.17103
12.788
12.3381
9.82665
13.7014
11.5457
14.664
13.7397
11.2228
11.478
13.2429
6.8154
12.8185
12.6721
12.3273
12.704
12.5761
14.1414
8.82356
10.0896
14.0433
11.6591
5.35414
12.2909
13.4103
8.70766
13.8084
14.9919
12.396
10.8214
10.255
13.1333
9.71509
14.7679
8.89576
5.01997
12.5252
14.0114
11.1733
14.4101
14.4392
13.4182
11.1556
10.002
11.4001
14.1942
14.1404
11.8097
13.0612
10.1606
10.4758
14.7678
11.0897
11.9524
14.232
10.4424
10.7378
10.2215
12.8321
11.2258
13.6202
11.1738
10.7502
11.68
6.05991
10.7456
10.4785
14.2948
8.52724
8.97843
11.842
6.02425
11.7692
11.3341
14.6672
10.346
9.52275
5.29306
8.5445
10.3543
11.0973
14.1229
6.47041
7.18659
7.97136
8.99373
12.1079
11.718
8.81709
12.0463
12.4916
12.8526
9.16922
4.70813
10.4878
13.9146
12.7996
14.4715
14.9982
4.70917
13.741
12.2701
12.9806
10.5243
8.58869
6.36614
12.9005
8.73664
14.5918
12.3242
13.0072
8.17388
12.3321
14.8028
14.4752
11.5508
8.8579
10.4679
11.4774
12.2023
13.5735
10.7654
14.3024
14.1027
10.6069
14.4786
9.29701
6.20064
11.8091
5.42763
11.1689
13.9206
11.8761
12.2179
11.7832
9.19415
9.05453
9.22932
14.9201
5.95551
14.868
10.0236
14.6098
9.82086
8.03939
12.7747
13.4497
10.0126
14.0508
11.2264
11.7661
13.8366
14.727
12.9208
10.3218
5.00528
14.5714
10.0065
8.09571
9.89291
14.8077
12.1704
10.3918
6.01711
14.9611
8.72488
13.2154
9.02603
13.9484
11.2439
14.0652
9.74138
6.3497
11.3989
8.96064
9.16213
13.9232
12.4867
12.9026
12.9234
10.3906
9.78358
11.9997
9.2528
9.51337
5.24103
12.7078
14.0861
11.1844
10.5373
9.71724
13.3544
6.22423
12.3097
10.6247
9.03016
13.3986
11.4504
13.0903
9.53482
6.87701
10.6169
8.50936
8.16996
8.41244
12.7729
8.75806
14.4842
10.1064
11.4594
14.9038
11.8869
13.9033
10.1056
8.1595
14.7817
8.45158
13.5869
13.8231
7.40707
11.9704
10.8812
10.5574
9.52744
12.225
13.8158
8.25668
9.34771
13.2982
4.25456
6.3028
11.827
13.7864
11.838
12.8102
11.9515
9.63153
14.7006
13.0184
10.8331
14.7649
14.1339
11.4367
12.849
6.95107
14.0104
5.64884
7.84643
11.5892
10.6198
12.8644
14.8043
10.8791
14.8717
13.1708
14.1379
14.6602
10.6286
9.13346
14.815
11.6729
12.4555
12.2278
6.25342
13.7565
10.3763
13.9394
9.98854
14.7646
14.8772
10.6505
8.80136
12.7801
14.5215
10.1558
9.5697
9.74356
6.30856
12.5611
13.6154
8.55765
12.7903
5.761
14.7433
10.7001
14.5192
12.9987
7.91865
13.7578
13.0342
11.5861
10.7976
11.0482
14.022
14.8007
12.6345
14.8034
14.3436
5.44838
10.2753
14.9531
13.7954
8.47571
13.8703
13.4991
13.4548
11.9466
14.2509
14.2694
14.4503
14.3358
12.3866
11.7955
9.74849
13.4259
6.47736
6.29298
13.461
8.8657
9.39094
12.903
10.9506
13.6714
12.1374
7.77052
10.7375
10.0362
8.79832
12.8305
12.1943
9.68736
9.94078
10.6283
6.14385
13.5208
8.94044
14.8492
8.81607
14.0862
12.7245
12.2927
9.66749
14.6674
6.41023
11.7476
14.3089
14.439
14.4556
13.5719
14.6634
14.8287
7.95197
14.4448
5.73966
12.9284
8.56193
5.47951
13.4855
7.75977
13.9442
10.817
11.2354
4.21677
12.0139
12.8279
12.6486
13.2103
14.2566
8.82573
14.8397
7.41103
11.4699
4.71903
10.5344
11.3739
8.66567
9.94251
10.0098
13.5121
11.5257
10.317
13.4274
8.85137
10.1652
10.6137
12.5052
9.9778
11.1406
5.21117
10.7411
8.91754
8.75694
12.193
13.0472
8.78973
6.14988
13.0543
10.733
6.56018
12.8136
8.41066
5.42638
6.13016
13.3959
6.16265
13.7112
12.7041
13.7972
12.7644
9.58922
11.0612
14.3158
11.6449
5.96035
12.9441
13.1685
9.65069
9.23861
14.63
13.4543
14.6506
12.3787
6.55864
8.14211
12.6985
14.7574
12.4972
10.2586
6.42922
14.4226
6.03882
13.8833
13.7761
14.1054
10.6559
9.94786
10.6901
14.4558
9.37521
7.41029
12.474
11.1894
6.39791
13.478
14.9613
9.78247
9.25108
10.9513
14.3803
14.6238
14.5545
12.8546
12.555
11.8814
11.9909
14.7354
10.6161
8.5819
14.7697
13.1
10.3106
13.7053
12.9253
6.56367
10.5601
14.2276
14.7056
10.0078
13.67
10.0179
8.73189
8.11085
14.6824
4.46128
12.0541
13.4378
14.6834
10.9359
14.8625
13.874
10.9218
11.4333
12.2895
11.2596
8.55687
10.2614
14.0837
13.9831
9.91243
8.55531
8.35204
11.9845
14.8907
9.42622
13.8225
14.4595
14.2686
5.90046
14.9726
11.9084
11.1592
10.0688
7.4847
7.30035
14.4851
11.4194
9.90405
12.0275
5.904
11.3789
9.69557
14.3975
11.0683
6.22067
12.2379
13.0024
11.91
11.2765
12.4672
11.8703
14.6319
8.75521
9.98042
6.7004
7.03067
14.278
10.2714
6.09174
13.6321
8.77365
10.4645
14.2223
12.6449
14.5146
9.45988
5.34797
13.5784
5.46618
5.61974
5.48675
8.84405
14.7189
11.4065
8.60286
7.99144
8.10726
11.6619
12.7298
10.5436
11.1374
11.8433
14.346
9.89254
10.7466
12.9897
8.62045
12.1283
13.6916
9.21469
9.34667
12.0648
14.3666
12.6373
5.72326
14.6768
12.0377
12.0176
12.1024
6.07823
11.5582
5.48264
13.5996
9.66935
10.2662
13.7167
13.5919
11.7291
12.2847
14.2927
10.0754
12.0262
8.58457
12.1188
11.2726
9.17155
13.6829
5.19966
11.6016
4.60486
9.92449
14.1276
14.9103
12.0158
8.63299
9.87347
11.17
11.751
11.6853
12.7385
12.8978
13.034
10.7855
12.7988
13.4598
9.88865
11.5193
10.1828
9.74989
6.18614
4.69883
14.2196
9.80369
6.90763
13.3548
12.178
10.7747
12.9401
13.346
11.9068
12.3144
11.6821
9.97506
9.90067
14.8477
12.4262
8.625
14.2972
12.8363
12.2339
13.134
13.6288
11.4846
13.5664
10.8081
13.8576
10.3024
12.4866
12.1902
13.5476
4.90714
14.45
13.3027
14.5915
11.3478
11.9548
9.26317
6.19463
9.23179
13.9804
8.83582
6.2557
10.5518
14.317
5.62902
10.968
13.3725
12.2938
13.8868
12.5636
11.0575
13.8548
12.4797
12.7745
10.4635
12.693
9.48998
12.6227
12.1559
11.9864
10.2073
12.775
8.90661
12.4608
13.953
11.2516
11.7274
13.6329
13.0359
14.7711
14.9568
14.1836
12.3348
10.3745
11.175
9.44535
13.6383
13.7031
10.0768
13.7631
11.6777
12.3473
13.2964
14.2194
10.0337
13.0242
13.6726
8.6698
14.0843
10.0268
12.384
7.2588
8.39098
10.0602
10.0391
9.66936
8.16852
13.1511
9.85311
11.2555
14.0067
12.9399
6.60524
12.7211
8.6839
10.0664
8.94604
8.64563
14.384
11.0041
8.63687
10.4852
13.7536
11.9636
10.4345
13.7908
8.55292
7.72486
13.3781
10.5489
12.5937
12.5864
12.0261
12.8458
10.1223
9.80692
13.5362
13.4932
13.6567
13.6402
14.4255
12.3473
8.75636
10.8516
12.4391
10.1486
8.52902
12.3134
12.4284
8.42549
6.31646
14.3579
9.95974
10.6131
10.9156
6.10688
13.9731
12.1972
6.36199
11.1622
14.7626
14.8356
11.8158
14.3022
14.1547
7.62584
13.6344
10.2069
13.567
13.8918
12.9109
13.0511
14.086
12.7078
12.9321
14.2423
12.0973
8.69137
14.2937
6.38075
8.59845
12.4698
11.0011
14.794
12.1417
12.5812
12.1375
13.6547
11.0697
14.6996
13.3416
5.80374
13.863
10.8668
13.8889
4.84023
10.3627
13.3896
5.64088
10.1122
12.8258
11.4158
10.1409
13.3113
12.544
8.85769
13.4168
10.0041
6.35802
13.3768
12.3371
13.1323
11.1082
13.5697
13.8185
14.8666
11.3272
8.81225
14.0562
14.8119
13.4789
12.5929
7.85362
12.4068
9.73981
10.0674
14.4597
10.6611
11.088
12.8348
6.5885
9.51779
13.504
10.956
11.6946
11.7181
6.28832
9.11468
5.24692
13.8869
11.4884
12.1977
10.5313
12.4317
8.49836
13.0533
9.56932
10.1547
14.0357
11.5426
4.85996
14.3708
11.7033
14.562
14.2003
13.0661
9.16792
11.3292
7.62014
12.5759
14.7764
11.9611
14.6409
10.0041
11.9706
14.6347
7.81638
5.28261
11.3045
13.2791
14.4729
9.86052
11.3848
10.0824
10.6838
11.4701
9.85786
5.57684
13.0217
8.80671
4.53817
13.6221
9.59108
9.48222
14.3637
6.59864
12.3436
14.3355
14.7302
10.9428
14.3361
11.1432
8.70821
14.7296
12.5413
11.88
11.8887
12.4621
9.5037
13.0111
11.4236
11.7191
10.9286
9.99292
4.69421
12.7258
9.54181
14.8928
14.7934
12.5887
9.89367
11.7389
10.106
9.696
9.32049
10.405
13.6141
10.5708
14.1167
12.5007
5.83398
14.3415
12.2508
14.4724
9.95233
12.435
8.42691
14.4035
14.4841
9.90524
5.27536
12.5795
6.09395
14.8744
12.9913
8.97847
12.8168
8.86584
12.1943
7.69889
11.5423
14.8694
11.4885
14.0832
14.941
6.09831
8.57859
11.0853
10.8381
9.79147
8.55434
13.9188
8.5763
9.96094
14.3388
13.2853
6.93201
12.4639
13.3824
11.873
12.8157
14.7129
11.1405
8.55331
5.64925
13.6169
11.9449
12.234
5.99584
8.62979
11.9249
14.5058
14.5398
13.9368
14.6113
7.92102
9.75143
10.5781
11.4042
14.2692
10.1055
14.4721
12.7611
12.6647
10.5355
14.7735
14.9196
10.6158
10.0227
12.1335
5.2658
9.12735
6.28525
5.44383
11.9845
13.6694
12.5771
12.6265
13.5343
11.0531
8.35467
8.76274
9.52551
11.9876
11.6842
12.7432
14.5575
13.8725
13.7472
12.3883
13.1815
13.5958
11.0423
11.3058
8.65085
9.79789
13.7726
13.3219
10.435
10.3898
12.6221
8.22793
11.7706
12.8245
14.254
10.9073
13.261
10.8205
12.7159
5.59534
5.6761
8.48447
11.459
10.7133
8.5893
12.3545
14.9173
8.81869
9.56635
13.3827
10.1426
11.2466
14.6871
14.9304
13.4662
8.35405
11.1176
11.0897
9.18293
14.6445
14.363
12.8693
8.32463
11.4162
12.6727
13.6973
7.81254
13.33
6.08719
14.1064
13.7287
13.3098
7.66922
14.4912
10.3958
12.042
10.6972
12.5959
10.8761
11.4537
9.52981
7.74484
13.3735
14.0489
12.3317
10.3628
10.0752
11.991
11.0409
12.9854
10.8407
13.9863
6.48262
11.4784
13.8211
13.4431
8.57144
6.27852
10.9649
6.90561
9.78922
11.9025
8.77966
11.8461
5.6962
10.3278
8.74695
11.432
11.8988
13.9068
10.6528
8.49929
12.699
8.33329
11.452
13.8934
10.584
8.68698
13.3373
12.9446
9.27435
11.7732
13.1257
12.8946
9.72124
11.5973
12.4205
9.80274
4.35692
12.6708
10.775
13.8784
6.10308
8.94065
10.1603
14.0791
12.6343
12.0005
14.9659
10.5556
14.696
14.7987
12.8997
7.78213
13.2849
10.8206
10.9181
8.55213
11.5951
13.6667
11.8809
13.7579
5.17558
12.3203
7.6107
9.2284
9.77343
13.6469
14.994
13.1117
13.37
11.6943
12.7228
12.617
12.3823
10.783
9.23624
10.8678
10.7323
6.34644
5.79686
5.44319
14.7934
8.21882
9.93046
12.5158
13.4186
11.9093
13.5064
11.7773
13.8577
13.3624
13.8037
8.56722
13.8406
14.8683
12.6687
14.6956
11.222
14.6636
10.513
13.4508
7.0661
11.8406
12.4348
14.4614
9.10656
13.7653
9.32224
14.1403
14.6732
11.8304
6.25711
13.737
4.90049
9.01175
10.5481
7.96464
9.54326
5.67816
13.0506
8.46671
10.9392
14.5029
11.224
10.9985
9.75204
10.689
14.0066
10.0712
14.0277
10.6732
12.4626
14.3974
7.94009
6.49764
11.1503
8.84328
5.50152
14.5352
13.0474
6.70778
13.7198
14.3055
10.7463
14.4579
14.882
5.72105
6.70379
12.1386
10.7301
13.3449
6.46997
14.6948
9.42659
11.1443
11.1868
7.91823
11.1578
10.0129
12.4597
10.4208
14.8806
11.9983
14.6425
9.3292
11.5258
10.6008
14.1194
12.0981
12.856
13.357
12.4775
9.5439
12.5207
14.9932
13.8546
10.7041
10.522
11.1833
9.01197
13.4098
14.5952
8.66158
14.367
12.0063
12.9775
13.897
12.6248
6.22934
13.7952
10.8613
9.15423
12.2652
13.5303
12.6655
13.0565
10.7373
8.55547
14.0011
12.6902
9.9862
9.51756
9.90488
12.6965
14.4912
10.4484
13.7778
8.33286
6.12197
6.87903
9.77943
12.105
10.2353
14.8472
11.0899
14.8731
8.26574
9.4223
14.117
13.4328
14.2879
14.8037
14.0818
14.779
9.55003
9.77768
12.5415
13.0624
13.3953
13.3909
5.17811
5.61744
13.1756
14.7669
10.2255
14.8674
9.59427
5.52302
14.4833
8.38171
12.2136
13.2297
13.6854
13.6099
12.2522
11.6865
6.37591
10.0842
5.16802
10.8942
8.35518
14.9242
13.4929
12.5325
14.2047
7.71445
12.8776
10.4718
13.8207
5.75464
6.66826
10.1503
6.40553
7.82535
13.2692
12.5262
13.3799
11.3563
11.4758
12.1347
11.6717
7.5695
11.3745
14.7014
7.76939
11.4832
9.91759
12.7492
11.6057
8.43928
6.67306
14.3529
13.9969
11.2764
11.7179
13.0324
8.56759
8.77489
10.9716
14.5591
5.64539
7.34753
8.60459
12.4099
14.5997
14.1189
12.9417
9.98939
14.1833
10.8639
6.11893
10.3715
14.6855
9.50031
10.1573
12.9779
5.37932
8.89015
8.32261
12.4379
10.6858
11.9969
14.5411
10.9113
7.79868
10.8396
10.5811
10.1237
12.6885
13.1467
13.4343
9.65549
9.00866
12.8471
5.82037
5.88185
12.1882
13.2096
7.40896
11.3419
4.25444
12.1068
12.5235
11.9997
8.51162
11.0219
8.19052
5.48292
7.34017
10.6177
14.8949
5.39213
5.73663
14.8387
13.1396
11.1151
10.9938
13.01
8.32819
11.9778
14.7649
10.5442
11.2243
7.77794
10.0652
6.59189
8.63795
10.9098
4.84292
12.9809
14.4695
14.1187
10.9217
13.4661
12.0898
12.5643
12.869
5.51415
13.185
12.8574
8.82687
5.58167
14.0447
14.2862
14.7057
6.83238
11.2767
11.4768
13.5389
11.0586
14.0264
14.4493
14.319
11.8913
13.4812
10.3718
10.3017
13.6329
9.04284
14.8381
6.45094
13.8526
12.9013
8.66067
11.1722
14.8941
5.8437
9.63896
10.6951
6.49194
13.7255
10.566
12.3759
13.9592
13.9487
13.0727
6.26311
9.41595
12.7332
8.38604
8.83149
13.7013
14.6354
8.99653
7.97525
8.66977
13.8292
7.34023
11.9891
10.548
8.83005
13.3155
10.3487
10.5761
5.36047
5.73431
14.1241
14.4167
8.52182
14.5581
9.19127
8.01089
8.92735
12.2878
14.3583
11.5485
14.1213
13.3394
14.6826
13.3379
13.4348
14.1805
12.5918
14.8935
9.42459
11.4996
14.1993
8.80673
11.8905
8.70342
6.8024
11.5556
13.2007
14.3232
12.0541
9.28728
9.38634
14.982
14.8396
9.43444
11.8377
6.11868
10.7298
10.0519
11.0519
11.743
13.1961
14.5945
9.92481
8.8639
7.50341
6.0406
10.4648
9.49987
6.73762
5.32406
14.7371
6.48178
13.3144
13.298
10.915
10.753
14.125
12.3353
12.2641
10.5323
14.9161
12.5098
14.6799
12.7488
10.8459
12.6302
9.49057
11.8158
10.5084
11.1559
14.2635
11.0841
13.7711
11.2203
14.3577
4.61737
14.8629
11.6901
11.0154
14.2877
12.537
11.5208
10.8214
7.65917
10.9752
13.9992
11.2541
9.27151
10.9459
14.2038
13.3327
13.1878
13.6485
11.4954
9.71296
8.70428
12.2646
14.5674
12.2056
6.53509
7.96334
14.386
14.6624
6.14998
8.7872
13.7625
8.60002
13.1327
11.4057
14.996
9.39044
11.8011
11.3909
12.5067
5.86472
10.052
10.2102
13.9121
14.9797
10.9445
10.6036
8.92047
8.86534
11.6852
4.73106
14.9742
7.96688
7.1272
10.4242
12.5034
11.6109
11.8744
11.6019
14.736
13.8951
9.33646
6.37224
5.97787
14.1238
13.2261
13.7575
13.8399
13.1388
12.7755
13.2474
13.7272
10.1682
10.3378
11.337
14.3189
12.6061
11.7079
12.4738
6.26959
6.76164
10.1644
6.23489
11.1111
9.88366
8.60057
6.02015
9.93644
14.5966
13.7345
10.9501
6.41008
14.1325
9.79059
12.9
10.2129
12.4195
11.8057
14.6496
14.9393
9.9741
14.6188
11.5121
8.89715
13.8264
11.8012
13.8712
11.1837
14.1264
14.2382
10.8677
11.682
14.3925
9.02504
13.7416
10.8452
12.796
12.2627
8.46397
5.55159
11.2705
10.3289
14.0642
12.9296
13.8934
13.0837
10.1147
14.6151
14.0822
14.7542
11.1804
9.24003
6.02305
9.83862
14.4992
14.9546
10.7826
14.7136
9.58387
7.907
8.24115
10.6533
14.9437
10.9975
11.9515
12.8336
11.8411
13.7795
12.3652
11.7568
9.96366
12.05
14.513
11.6356
9.98309
14.1337
9.39023
12.3428
13.2341
12.0641
9.44522
10.7327
14.6437
7.6202
13.4655
11.2428
5.85219
9.64502
12.2617
8.5077
12.8906
10.7044
14.3221
12.8153
10.3576
6.35697
7.57491
6.52051
10.8957
9.81472
13.5688
13.3902
12.1919
5.68244
8.87657
14.2904
7.9992
11.9899
13.3323
13.9863
14.3698
9.81361
10.0984
11.5103
11.8115
8.77275
10.0966
9.32398
12.6336
5.16382
12.6936
9.51254
13.028
10.2973
11.3595
8.85321
11.8183
12.6278
12.1241
6.51126
11.386
8.98245
14.3354
13.5685
6.16145
11.427
12.2452
9.64413
14.0454
11.3087
9.32123
10.0565
9.32946
10.0109
6.30135
11.5546
8.7471
13.4755
12.4336
10.2583
13.7285
12.0898
9.23727
11.8371
8.5077
11.2274
8.49783
8.35083
10.722
12.6829
11.0065
12.3195
6.00253
10.2164
12.196
9.74873
9.29534
13.4845
5.96548
8.64117
14.6433
14.5501
11.8541
7.75126
12.3516
14.4473
11.9224
7.98933
12.3179
11.6782
10.128
10.9781
7.57467
10.4347
8.61083
9.98996
12.5791
10.6213
12.7951
5.41098
11.734
8.63328
14.2404
12.7511
7.84032
12.4038
8.72972
8.51057
14.4377
5.93534
9.88347
14.3494
9.15625
9.71711
14.4742
12.8596
9.79348
8.96521
12.8079
12.4333
7.47637
14.9
12.2478
14.9342
6.15332
13.4386
9.60496
13.788
11.6711
13.1196
13.9785
13.4368
14.5087
10.9007
13.8431
13.7397
11.8244
10.1714
12.355
9.63
9.14045
10.4418
12.235
14.674
14.8127
11.4883
13.7992
13.2406
11.7332
8.70902
11.9869
12.548
10.4662
12.2482
13.9401
6.81317
11.9081
10.3191
14.0012
6.14753
10.6916
7.93376
13.302
14.4644
6.44083
10.1976
13.7311
8.69076
5.29157
11.9195
10.8325
13.9319
11.9845
4.44891
14.0457
10.2084
9.94244
10.509
9.55691
5.83214
11.6492
13.8037
14.1316
6.56489
11.9639
10.2423
12.2859
10.6594
11.3892
8.91426
13.3522
13.151
10.3108
13.5877
8.47014
11.5915
10.9237
8.35025
5.62058
14.016
6.80869
9.70501
12.0836
8.39257
13.2291
13.5261
9.7779
9.93173
9.32436
5.55131
12.8086
8.62415
10.5426
11.455
12.4706
14.6076
11.5706
6.91808
13.1244
10.3355
12.3289
9.11464
12.8218
14.1062
12.8842
9.61752
11.1335
9.10386
14.7856
13.6565
6.07353
8.56441
11.1931
13.0516
6.41644
13.4562
12.8681
14.985
6.31879
8.49424
13.3555
5.55176
10.9989
12.6358
13.3726
14.1351
12.2861
13.4481
11.4011
10.1094
14.0611
10.7836
12.3362
14.7397
10.9747
7.81991
11.8433
14.4383
9.85302
13.3646
12.7317
10.6745
6.25831
14.6519
11.8676
9.99251
7.49527
13.2588
12.1557
10.5447
7.46758
10.6808
14.2146
6.22169
10.0249
14.1552
14.8217
11.4813
8.86153
12.5888
5.61651
8.36738
13.4021
9.57257
12.0536
12.3442
12.6743
13.0851
7.03039
14.9521
9.80361
9.90779
10.4151
13.9855
12.5664
14.9704
13.9072
10.9054
11.2306
12.9716
14.3516
8.7867
11.8912
14.4858
14.2196
14.4572
14.9683
6.01367
14.1295
13.683
9.21561
14.2207
10.0155
12.3619
8.94344
13.5494
13.207
12.6882
13.2514
12.7732
12.9886
9.75809
14.1119
8.92293
10.9999
11.4595
11.8271
11.7687
14.5814
12.1624
11.5691
13.037
14.3854
13.7501
10.4823
9.74191
13.7519
9.83081
12.1755
9.55893
10.5772
6.5194
9.77985
12.7953
10.8348
6.34038
12.4189
9.66423
11.7472
9.29948
11.7686
8.56854
9.78309
12.8374
9.38232
10.7583
11.1066
14.686
13.5912
12.0299
8.39531
5.3924
11.0073
12.4346
11.0103
8.37567
14.8048
6.29426
9.30621
11.5587
13.0698
7.23675
13.6084
12.9982
13.6783
10.8124
14.9641
14.3922
14.1121
13.6337
11.5188
10.0417
12.6122
13.5804
7.71669
8.0352
8.57103
11.5024
14.9625
9.76243
12.5581
13.2819
14.6467
13.9007
11.494
5.86266
11.7948
6.6878
9.47749
5.99623
14.9207
9.56688
11.8745
8.3647
9.89622
14.7471
9.65326
14.378
11.7643
10.7264
11.2269
11.8966
11.8957
13.9337
12.633
13.8265
10.1419
13.4017
14.698
9.16482
11.0597
13.5131
11.615
13.8475
10.9573
13.497
13.7068
5.3616
12.3223
10.5098
11.0124
9.01546
13.3797
8.25799
7.91727
5.95943
13.8782
4.99834
6.14781
11.8461
14.3318
10.9572
13.7345
10.9918
13.6142
9.64525
9.62865
14.12
11.5741
7.98619
10.7446
14.4907
14.3082
13.707
11.7097
14.2885
7.63984
14.5155
11.8542
12.0607
11.1236
11.0512
10.6516
5.88182
11.485
10.3085
10.9391
4.23423
11.6617
11.5458
14.3632
12.3847
9.39518
13.5012
12.2289
8.98005
11.6929
8.5694
14.9208
14.9359
14.738
11.4327
11.1639
5.44214
10.0537
9.97199
14.3343
6.06029
10.1459
12.7555
9.58673
8.85338
12.2108
8.86361
14.7337
10.3932
11.4453
12.9875
9.71418
9.01123
11.9625
9.63361
12.8278
10.3871
8.81417
9.75634
9.10774
12.0947
14.5689
13.797
10.2256
11.5426
9.96966
11.7588
13.5574
13.3999
13.2493
5.83025
14.4644
11.7879
7.13157
12.1532
8.61996
13.6355
10.3684
12.1412
8.08853
10.1165
10.0483
10.4253
5.7485
14.7415
14.2962
12.3846
12.6938
12.0681
11.5582
14.068
9.94486
9.18358
12.4486
10.692
10.4082
12.6458
9.78493
9.99138
14.6412
10.6881
8.14844
9.71657
9.44805
8.49426
11.3761
14.3209
12.1851
11.3958
10.8004
10.6115
11.8008
14.144
8.27114
12.4086
10.3323
14.8122
14.4641
12.1009
13.6747
11.3072
10.8169
10.0334
14.2059
11.6359
11.4067
6.9381
13.2825
12.4459
6.35981
14.5636
10.7674
13.2222
7.55833
9.13201
10.4301
12.6431
12.6425
8.37324
14.7281
10.7447
12.9129
13.1948
11.5075
12.4638
14.387
13.932
13.4578
14.2413
11.961
13.4298
12.6902
14.1888
11.7635
13.2928
6.3994
8.92658
10.8275
4.62599
9.48148
9.24601
6.40732
7.22155
10.5936
9.72872
5.00374
14.6467
13.7879
6.39528
13.0019
14.7314
5.67556
13.4075
9.64186
12.8957
8.56456
4.46174
9.96357
11.6978
14.2102
6.1055
14.9807
12.6759
13.2436
11.4044
7.08616
5.58635
4.63848
6.22097
13.9434
10.9024
13.1755
8.24674
5.84887
12.1061
9.94065
13.154
8.39443
14.2756
12.5492
11.9378
12.0617
8.99419
10.2599
6.19533
13.32
14.499
12.4451
14.7551
10.1566
12.3466
13.7931
12.9443
9.12876
10.3533
6.26929
6.56984
10.6132
13.0584
13.9902
11.7291
11.8169
12.2514
10.5336
11.165
12.6148
10.2929
10.395
11.7689
10.3568
8.17105
14.5779
14.3751
10.9089
12.8809
8.43183
8.32228
6.85791
11.581
6.17857
12.1662
11.6735
9.79894
13.4742
14.4303
5.47598
14.7802
14.5471
6.09661
6.36612
13.0348
13.2973
12.9516
13.9401
13.3022
8.58507
12.389
14.3354
13.2849
12.1467
13.2093
14.3458
6.21729
5.21217
13.6818
13.4769
9.97204
10.2585
11.3573
10.3226
14.9299
11.4132
14.6256
8.48552
12.6998
14.583
11.2302
14.3405
11.8808
10.4558
12.3131
11.6602
9.53785
9.11265
9.83201
11.4001
14.1562
13.611
8.48496
10.5909
13.0048
9.43256
6.09524
13.2922
13.1767
14.4343
12.455
8.53005
10.0285
14.6446
12.9407
6.60763
11.8496
8.28926
13.3885
14.8571
12.1093
6.86401
12.8718
9.84309
12.2012
9.33198
14.0202
8.17253
12.4
12.2916
9.18742
9.41892
8.4264
5.64981
13.976
13.8441
14.1381
14.7032
11.338
9.87297
12.8267
9.93736
7.89219
14.4284
13.6865
12.9523
10.6369
11.5798
12.3897
10.6802
13.6876
8.97489
13.7943
14.2418
14.0538
10.952
13.0278
5.14823
13.2805
10.0081
10.6454
9.72711
14.4806
12.5542
13.014
8.77493
14.0009
14.2273
4.85349
5.24677
11.0856
10.9166
8.72323
13.2418
13.7764
13.9434
8.36233
5.38409
12.0813
11.814
5.10179
12.2038
14.6885
14.1224
11.6177
8.11196
13.6927
8.72593
10.9728
14.1478
11.9225
13.4114
12.795
10.5576
12.9781
13.2781
14.2268
14.9851
12.9419
14.3792
12.6918
12.9541
14.1452
8.90844
13.867
9.03341
8.74514
8.52339
11.3111
14.7927
14.8102
11.8052
13.8351
13.3935
9.20674
10.3881
5.07363
14.7371
12.2856
14.7684
6.78234
10.2572
12.3949
9.92577
10.662
5.85288
12.0764
11.94
13.723
14.5821
10.3335
14.6043
11.4225
8.44497
12.374
12.3797
12.0448
8.36784
11.8392
5.74466
9.9768
13.5637
8.80228
11.3667
14.836
14.2569
14.837
11.7101
14.5247
6.32357
6.04483
8.8911
14.4585
13.8517
9.06653
12.6103
13.349
14.3589
14.0102
11.5458
10.9527
11.3163
12.6776
6.2202
10.9771
10.4924
13.7189
8.89451
13.5248
13.229
10.4969
14.6652
9.494
10.8091
14.3583
12.5119
13.968
8.85068
6.98026
8.3881
11.6404
13.3366
14.9603
11.7334
14.3749
14.0475
12.137
14.0427
9.63277
8.68409
9.9818
11.0873
12.174
7.14324
14.9708
10.965
14.2525
6.2293
12.5538
11.2261
13.0571
5.91149
14.7446
5.15081
11.5647
14.34
6.78399
8.52784
13.3188
14.4364
14.0545
6.07157
14.4819
12.4347
13.3687
14.0731
12.1883
11.167
11.7655
8.00644
9.8669
13.1565
12.448
5.607
8.83086
10.2661
14.3472
10.407
8.25924
10.5936
12.2545
11.6361
13.7873
13.0374
11.8697
13.6436
14.8806
14.5546
10.2558
10.1949
8.73313
11.111
13.8677
6.26223
14.2813
12.7856
14.2195
9.90984
12.6534
13.9952
13.1758
6.30829
10.6833
12.7006
10.9847
11.3221
11.8466
14.329
12.2062
12.9339
13.2692
7.7374
9.00707
11.358
12.9722
13.7782
11.5935
13.2571
12.2861
9.84327
11.2934
13.8864
10.1309
14.9228
7.56465
9.767
8.96541
14.8955
13.7861
12.5493
11.4849
14.7498
13.2117
5.4427
12.5047
7.89658
10.3674
11.1686
9.3417
11.7332
12.9833
13.1048
14.91
12.1663
14.1595
10.049
12.2048
5.87851
13.4342
11.6937
9.56869
11.052
11.832
12.5483
12.1284
13.5365
8.78458
12.8812
14.86
8.7546
14.1523
9.53162
13.1317
5.49582
9.5113
9.97794
12.0201
11.4888
8.47859
11.9817
12.4971
14.7911
13.2222
13.7152
9.98332
14.3925
9.01755
13.4886
11.1182
8.82246
5.14505
14.1437
14.6249
10.2792
9.7251
13.0814
12.4374
14.6772
13.8655
11.2471
7.66196
14.6944
13.5466
13.373
14.9751
12.8151
5.30665
5.05319
5.45165
9.86629
10.6908
10.7621
12.1309
14.2676
10.5781
9.54728
10.3699
8.28727
8.56109
10.8695
13.4358
10.3124
11.8287
8.68912
12.1325
14.0271
11.8489
14.4891
9.07322
6.49589
7.33136
12.2819
13.0864
5.71737
13.7105
10.3883
12.2231
14.3624
10.9011
11.4805
14.9076
6.08234
8.22895
12.4993
9.75244
6.25272
9.87933
5.83774
6.48696
6.28975
8.59509
12.1315
13.5095
12.0204
10.7212
12.1402
8.4993
8.2336
12.1544
7.92561
13.3983
9.58589
12.761
5.82421
14.0166
13.4012
14.6651
11.5129
9.01919
11.6019
8.41129
13.0595
14.8612
11.5513
12.5295
14.3637
14.9885
6.33953
12.3323
14.2454
14.5815
10.8507
12.0164
10.1229
12.9462
12.8316
13.4124
5.0536
14.3912
12.5756
6.11663
14.1938
14.2741
14.5678
8.68778
9.33342
13.8314
10.6439
14.2677
11.0944
8.22751
12.2246
11.667
10.5346
14.8746
10.0035
14.9986
12.9597
12.365
14.2206
12.8928
5.38652
12.0202
14.2762
14.8399
13.0056
11.8114
13.7471
13.1149
4.45601
8.34389
12.3723
13.8824
8.11469
9.92929
14.4103
11.5753
13.7137
14.2894
9.5113
10.1166
14.5261
11.9642
12.9705
10.7393
7.11857
13.5183
9.75344
7.97544
14.6952
9.02326
7.90462
6.02462
10.4331
13.0071
7.92956
13.8821
10.8041
10.7009
12.7685
6.26645
13.7621
14.5921
12.4096
9.42368
10.5535
14.7085
6.99487
12.8862
12.4261
9.17944
8.03037
13.3673
11.9407
14.9628
8.74337
5.86771
10.3
14.8528
11.8365
10.4792
10.6526
13.5748
14.5257
14.3773
14.7748
12.3504
9.88214
10.0684
14.1904
11.6206
11.1087
13.8703
14.9777
6.08056
12.7527
12.6624
12.627
10.3853
14.5878
14.8061
9.4853
9.77082
8.26468
14.9905
7.84872
6.28895
11.2289
10.4193
5.40263
12.3151
11.2919
14.2578
11.1283
14.7619
14.528
12.5416
12.9201
6.47672
8.94951
14.2625
11.5109
13.3938
10.5591
9.16045
13.7723
10.9232
10.5241
11.0812
13.264
12.1639
14.4886
14.2582
5.80283
10.7857
14.2302
10.452
13.166
12.6833
8.85564
9.25003
14.7363
8.43905
11.2762
14.7966
11.8613
13.3343
5.3229
8.07454
11.1091
12.5444
4.55512
14.2015
6.68734
10.4462
10.977
6.58994
7.94662
10.329
5.47128
14.4355
4.48308
12.1189
12.3331
14.6808
8.90839
10.2714
11.9934
13.2973
12.9089
13.5276
13.7265
8.26626
14.1287
5.70782
10.5992
8.0988
13.6992
14.8261
14.1736
11.9222
11.0748
12.4477
13.5294
13.2627
9.82906
7.66805
11.4808
8.55618
11.308
7.37529
12.445
10.087
6.30323
9.6923
10.9841
12.9638
10.4813
8.39176
12.0416
12.4951
13.1472
9.41164
12.1615
12.2965
11.1952
11.3853
12.8212
14.8901
10.0641
12.2729
10.6738
12.4695
13.1984
10.2722
8.35429
12.6954
10.3009
11.5042
11.2159
10.6747
14.5938
14.1682
9.86688
10.0611
11.6576
12.0053
10.4602
14.56
12.4106
14.1998
7.28929
9.03889
7.96982
5.32102
6.97276
6.33938
13.4518
13.5268
14.3856
11.1754
11.8899
14.0111
11.5602
13.6459
8.38049
9.67199
13.1932
14.3342
13.3508
11.2033
5.06687
13.1119
6.04823
10.0419
14.9697
8.31111
13.2412
11.3232
8.3896
12.8058
10.0612
13.1759
14.2571
14.7992
13.7222
13.4729
4.45747
13.8898
14.5736
13.4932
11.5666
13.7316
10.8018
9.01978
14.458
6.23798
5.32414
13.5343
5.61167
14.6139
10.2471
14.9396
9.95021
12.9602
14.529
14.3219
5.31015
12.9441
12.8335
11.9895
11.4008
11.2064
11.6447
6.09496
9.04152
10.96
12.2949
10.5079
6.14817
10.5802
13.7348
12.8403
10.7617
11.498
14.3368
8.85071
12.4463
8.04461
10.2762
12.3969
11.6593
14.8785
12.6517
14.3863
6.20467
11.2207
14.4888
8.50147
9.73073
10.5727
12.1185
12.164
10.4542
7.94307
5.38921
9.49278
10.9295
9.38675
12.0495
10.6724
8.05065
14.0388
9.28705
14.2888
5.24643
9.96473
12.5546
10.0328
14.9636
12.7215
5.49831
7.25625
11.5189
11.5564
12.705
9.59602
11.3551
6.62306
14.3432
11.1847
11.7725
8.21755
12.1343
9.76512
14.2861
13.0069
14.7624
13.9216
10.5118
12.3704
12.2613
14.3026
13.1253
9.90448
10.2027
13.7352
13.1897
10.5435
11.0298
6.20973
8.86151
12.2509
11.9386
14.2405
6.37365
14.0747
4.90173
9.90858
10.7532
11.4347
12.1135
9.73763
11.2336
13.3755
9.55329
11.7325
10.9388
9.00731
8.13159
13.4493
5.74379
12.6241
6.19888
9.45785
10.4918
14.6763
12.0816
10.1285
8.07057
13.9574
11.756
9.90231
4.66864
11.6006
11.581
13.2375
12.9823
14.2954
11.2735
9.38443
6.75753
8.47692
13.164
11.2124
8.79273
10.613
11.8653
6.74044
11.3313
13.07
12.1842
11.4347
14.3203
12.8922
7.74235
7.12602
9.73232
10.9986
12.2026
14.5809
9.57626
12.4173
10.2374
14.6106
11.6061
8.15334
9.28044
14.1227
10.7216
11.5654
9.85901
12.0774
14.8933
12.7867
6.19207
9.80766
7.04312
9.32914
13.8508
14.3135
12.3988
13.7599
11.1372
9.46823
9.27187
14.159
13.1976
11.5688
14.0084
14.3318
8.75674
10.8641
12.3539
12.0841
13.7714
12.587
8.35231
5.45746
13.8349
10.8512
14.5818
7.36617
12.37
11.2673
8.66507
12.1721
12.0306
10.828
10.7262
14.3362
12.0358
14.9385
14.6199
8.63497
9.31562
13.6423
5.24779
11.7124
4.71851
11.5258
12.0523
11.5193
14.9527
10.4742
12.7216
10.3657
6.52808
5.48914
5.97274
12.2178
13.4931
7.77088
12.2395
10.2044
14.028
5.94426
14.7574
9.99662
6.82938
14.9684
13.8853
14.4732
10.9709
11.2268
9.03178
13.2194
13.7511
13.0457
13.5562
14.4073
14.9413
10.6331
8.95379
14.0473
8.20712
7.35444
9.47496
13.9571
10.1213
4.4966
9.14063
14.9497
11.2512
5.97539
11.1529
12.4363
9.54154
13.4101
14.3817
13.6947
10.4731
8.07117
10.651
13.7169
7.16419
9.64675
12.8534
4.46491
13.9016
12.9522
10.105
8.60451
10.4381
13.8391
14.7714
13.493
9.08385
14.1499
14.9702
6.6045
13.5939
13.0026
14.8411
13.751
10.6506
7.9239
12.9798
6.375
6.23902
9.00137
13.0379
11.1559
8.18502
14.562
10.1347
9.53951
13.4914
13.3714
12.2118
12.72
10.4596
14.2027
13.817
14.6701
6.59345
10.3618
13.8911
13.2001
13.7232
12.4052
10.9183
14.6434
10.988
13.9591
8.56942
12.3545
13.0775
9.2329
5.84707
11.6007
13.9956
13.4911
12.3994
13.2311
10.5969
12.8887
13.4941
8.69475
5.46659
10.1029
7.40821
10.3073
10.6718
11.3977
13.5913
6.96978
13.7052
13.7879
14.0499
8.86209
5.13947
10.685
13.2446
11.3821
12.3554
14.2265
14.0929
11.5878
5.50445
6.14438
12.5805
13.2387
14.341
8.54058
14.4504
6.96053
14.6494
8.23834
14.7145
12.8903
12.227
11.6936
6.36858
9.96935
7.71264
13.0052
13.2591
10.1899
7.09857
12.811
8.88966
6.52451
8.55485
9.82087
13.9791
12.7413
11.2042
10.7087
12.0038
9.16101
8.60249
10.6634
14.8409
7.18291
13.6832
10.3345
13.8024
8.43557
8.37689
10.5073
12.5576
10.821
8.91033
14.6803
13.3461
13.9984
11.7335
10.2654
11.7279
14.808
14.5331
14.1953
13.9464
11.0367
11.5551
14.3394
13.4971
14.7065
12.3703
13.5078
9.07901
8.3883
9.50969
9.08554
9.78674
8.8886
12.0815
8.00774
6.9005
7.75499
12.0944
11.837
8.25325
8.50034
11.0203
14.8608
10.811
10.6611
9.30052
12.0162
12.7503
13.1718
6.61963
9.74626
12.4536
14.3169
14.7632
6.98959
11.7641
8.01711
9.70492
12.5123
11.5925
13.1159
12.472
13.9156
6.0868
9.45191
10.5084
10.4226
14.0615
11.8683
14.4001
11.7127
14.097
11.5213
6.43195
10.1412
14.7806
13.7405
10.457
12.4228
10.0334
10.2488
8.69861
9.78829
11.0127
14.5286
6.27942
13.8859
14.0939
12.5926
8.77778
14.6804
13.4034
12.3641
6.4842
13.6726
11.009
9.99123
6.61377
14.5024
13.4377
9.01467
12.6639
14.9564
13.4285
12.7186
13.3341
9.06631
14.2949
9.59151
14.8168
11.6174
14.3135
11.5191
11.3024
7.61203
13.6454
5.46506
10.7319
12.1964
9.81402
14.9841
8.80459
5.58179
11.1881
13.0107
12.6822
10.5147
10.0926
7.9054
11.5313
7.20015
11.7134
9.40149
9.55151
13.6283
9.89027
5.86664
13.105
12.4223
10.7933
9.77898
14.8911
8.0215
11.1791
12.4795
14.9146
13.777
10.5654
14.4066
8.42448
10.0663
14.9447
14.2513
11.0474
13.3681
10.4838
12.3024
14.7577
13.2961
14.8598
11.1209
14.1277
14.5181
10.4143
8.98297
13.964
9.24012
14.641
9.9811
11.6785
14.5185
10.5969
14.2042
8.59652
11.4271
12.4524
12.9705
10.886
14.3793
14.5895
12.5502
5.26965
5.49461
12.3164
14.2757
12.6583
12.8002
11.3621
10.2583
14.3474
14.6181
14.3393
10.9963
12.3623
13.1564
14.0468
10.403
14.2153
9.79815
6.65612
6.14509
9.74063
10.1277
4.96682
7.6012
11.1404
13.5971
13.2334
7.44068
12.1323
8.47975
14.2863
10.5514
9.90309
9.20008
14.165
11.8669
8.98266
11.8858
9.7732
11.7803
8.76319
12.522
12.0409
13.4558
7.43038
14.1173
13.8989
12.7635
13.8825
14.3702
9.46511
14.6889
8.54668
13.0933
11.7946
13.7188
13.7194
11.2565
13.4023
12.419
13.607
10.1085
14.2293
8.85825
11.8132
6.26853
5.4339
10.7367
11.8696
12.7006
13.1769
8.28297
9.15649
9.41877
11.818
14.8572
10.6874
12.9427
10.0457
5.93176
12.4256
13.1533
12.4512
12.8067
12.6379
14.3319
11.1444
14.483
8.49546
6.17968
14.6745
8.68715
10.6825
11.2974
12.8979
6.0936
13.2331
13.8963
14.5765
9.59168
5.97417
11.6702
13.1986
14.9225
10.9891
9.13099
9.9163
5.97394
13.6164
9.38705
14.0689
11.3436
12.5717
8.95124
14.8153
13.9212
9.71782
13.0278
5.24416
13.8132
10.0484
12.5131
8.64437
8.73266
9.04704
7.21913
9.65191
11.4931
10.4652
10.5069
12.1966
14.6898
11.2521
13.5826
12.2934
12.7674
9.89059
10.1632
12.8279
12.003
11.2099
13.8471
14.4705
11.5644
13.0575
14.9963
14.9804
12.1184
14.9786
10.9168
9.37255
14.2992
14.8573
9.32125
12.8075
10.0723
13.8314
11.1824
13.3074
9.10014
13.0389
10.1623
14.3192
14.4024
14.8773
6.03616
13.1405
7.92613
11.4519
11.056
10.7412
10.0291
14.6736
14.5054
13.9984
8.58276
13.2737
14.9258
9.54302
11.526
14.3559
14.5331
12.4655
14.0299
8.34661
14.233
13.745
10.524
13.7961
11.479
10.294
10.5514
13.688
8.68356
13.8256
13.7009
10.5677
8.52616
14.9493
11.578
14.6293
14.6917
11.8161
13.9606
10.0456
4.5154
9.9521
10.7492
9.72476
12.4882
11.5629
11.3354
10.5615
9.63575
14.4025
13.3113
7.05919
10.4084
8.75091
11.4579
14.018
11.1099
8.52784
13.2222
12.5382
11.7374
11.9351
9.77978
9.97212
10.3441
13.5274
9.34229
13.5984
6.55968
8.67366
9.60796
9.16932
14.8992
8.75932
8.69413
14.0186
10.2056
8.52644
14.8757
12.694
9.01411
9.23297
9.1047
8.14179
11.3167
14.6644
5.98735
14.2964
12.2562
14.079
6.39818
10.4149
13.7232
14.393
10.4996
8.97482
10.1399
8.4385
13.7275
9.59577
12.625
14.5415
10.6
13.5844
10.6506
12.1883
9.54642
10.3832
6.64445
6.86538
13.7375
14.6675
5.7264
6.23317
14.6704
5.66066
13.983
8.68635
13.0808
11.0334
13.7408
13.4936
12.2423
13.9766
11.2219
12.935
11.7245
13.185
10.2983
8.84976
13.0487
12.4087
9.5836
12.1106
11.8641
14.2183
12.2231
14.3861
14.7611
9.35508
11.9887
12.6359
10.3854
10.1482
8.70257
14.392
14.4081
14.6471
14.6129
14.7638
12.3389
10.7418
9.41806
13.4456
14.7367
14.3928
10.1267
6.17765
11.8537
9.85586
13.9706
5.50617
11.7381
10.3363
12.8975
11.5139
6.83255
11.5842
8.71408
12.2969
13.9796
10.28
9.92251
7.78176
12.1643
14.0427
13.3414
12.3919
13.2564
13.4603
7.91009
6.70906
8.08978
11.6181
5.56555
7.95806
5.87679
14.8823
11.5206
9.34894
4.01296
9.9062
10.5802
14.4743
13.6201
8.82609
14.1374
14.2112
5.35222
4.01531
10.182
11.7465
9.04649
13.5337
11.7965
11.0693
9.84543
5.26262
14.1167
12.1175
14.4456
9.90674
13.779
11.8293
13.004
13.9257
10.2761
8.83348
7.41917
10.4007
9.85777
13.7559
11.555
12.8945
13.3695
12.796
14.8314
14.8969
11.3517
8.25463
12.7324
11.7624
11.8973
13.5906
12.7091
10.6929
12.1682
10.0815
7.62464
13.5317
13.7219
13.6081
9.36495
12.553
9.29793
12.2308
4.26791
12.7467
10.6887
9.48612
11.5037
13.1673
14.4175
6.39256
9.75238
6.3879
13.69
11.2489
11.9094
10.5667
8.11587
14.975
12.273
10.7824
10.4748
10.1138
10.5984
11.0903
5.52959
10.5251
9.54438
8.84976
7.32261
14.6716
11.7088
14.6256
12.4293
14.9556
11.2717
13.1758
10.5317
14.8981
12.5744
12.0484
12.6212
11.9483
13.1413
12.2762
8.33944
11.1316
11.1506
13.8152
14.8535
8.29218
8.53819
14.2936
6.01997
12.5277
13.3635
8.8146
10.1798
12.776
12.759
8.8067
9.07299
6.56706
12.894
12.8407
12.7628
13.884
8.10752
9.43893
5.86659
7.09645
12.0435
8.47623
14.7996
14.3131
13.8001
13.4899
5.51232
9.75034
14.289
14.9456
9.58402
11.2006
8.7582
7.09798
13.7778
7.61631
10.3503
5.79097
8.53836
11.9164
13.4921
12.082
9.25016
13.4264
10.9125
11.7169
13.5089
12.309
5.42545
11.6453
10.0584
11.0273
10.1952
9.80211
12.8445
11.8989
13.0947
13.3149
13.6597
6.05012
5.53116
6.81755
8.64647
13.7151
11.0093
11.5658
14.1114
13.8078
14.0703
13.0901
10.4329
13.2855
8.45881
14.5478
11.8347
12.4511
9.17951
9.28775
13.5848
14.4946
14.6609
10.115
11.0878
14.7884
11.2432
14.516
8.96483
6.1881
14.0301
14.3246
12.6208
14.517
12.7158
13.4678
9.84528
13.9371
11.1706
6.55666
10.8715
8.72334
5.28558
14.9111
9.7243
8.93332
6.20236
9.7848
10.7775
6.95906
8.76635
9.39245
14.2161
14.717
14.1762
11.5498
14.9503
10.2762
14.0869
9.30831
13.9609
6.20958
10.3592
14.9166
12.4347
14.6267
14.8813
7.53503
6.39865
13.5849
9.8847
9.87446
13.8755
13.7096
8.24705
11.9606
11.1675
10.862
8.42152
11.0554
12.6925
10.036
13.9419
10.6006
12.9392
13.7301
9.60517
12.9413
10.859
13.9025
12.76
10.4679
13.9753
11.4659
6.6521
5.59714
10.8292
8.41564
4.23148
4.74748
8.66264
8.38806
8.94827
10.5092
13.8754
11.1276
12.9872
14.6705
8.78566
9.84818
11.7892
14.8711
11.6318
9.52696
13.9278
8.11545
12.2588
14.261
13.6728
12.6079
13.0968
9.67792
12.7079
12.6473
13.9768
9.81409
13.2167
12.1655
11.8024
14.5068
13.839
12.1722
12.7815
10.1077
12.5652
13.6807
14.216
13.3427
14.562
14.6974
6.19639
11.1599
9.30123
11.9069
11.2556
12.1802
11.5248
14.8579
13.8388
8.77851
14.0734
10.3037
12.3171
14.4076
10.4218
10.0244
10.2576
5.80451
