11.6865
12.3516
13.6259
5.30687
10.3923
10.347
11.8936
12.8269
8.77625
8.63322
10.5708
9.26683
12.1873
13.4537
13.1639
14.3676
14.7402
8.06303
13.4852
9.64616
9.01321
10.4271
13.397
10.8174
10.239
5.57936
13.3884
13.12
13.8402
14.4158
9.31534
8.00797
11.9937
8.89428
9.3034
5.46468
7.49252
11.8693
9.54685
9.11207
10.0795
7.86339
11.0472
13.9979
10.0873
11.3912
10.1629
9.9314
13.1651
9.13505
11.593
10.1511
14.7472
13.2391
10.2547
7.23978
14.511
11.7883
14.4002
8.28616
10.4196
11.7113
7.69703
13.0368
10.657
10.1775
13.6061
12.2043
14.8074
14.6669
10.0132
14.449
11.8894
9.4266
9.96524
8.63628
13.3638
10.7418
8.49686
5.52574
14.8269
14.0071
12.4344
5.48465
14.08
11.1934
12.971
12.7017
10.0934
14.3102
12.0813
10.4607
13.1929
10.8185
10.9639
12.7245
12.6195
6.43482
9.26258
12.2695
9.38404
10.3834
14.6583
11.3207
10.3415
4.70305
10.5565
13.07
13.8876
14.9431
12.952
7.23056
4.65715
8.10949
10.9742
6.31055
11.7748
14.4431
13.5454
10.1357
8.15126
6.98691
10.0575
12.0817
6.51321
9.88847
10.3803
14.6041
10.8346
10.828
14.8464
10.3424
14.5538
11.144
14.5438
14.9884
10.7009
10.0421
14.3997
11.3205
13.2141
12.0234
5.97138
9.63102
8.10339
12.763
10.7323
14.4324
11.1338
9.67148
13.0439
11.3023
8.63496
10.7913
8.16313
12.8698
7.23947
10.1778
14.9166
14.4959
10.0063
14.8394
13.2338
11.1226
11.1697
14.6535
10.4143
14.4241
13.7951
13.5769
11.8172
9.56461
12.2154
12.9758
5.47886
14.986
5.92308
9.41224
10.5206
9.45649
7.34338
12.9013
8.23815
7.64006
9.61956
11.9773
11.4946
9.69299
11.4368
13.2783
11.8316
14.6138
13.2074
12.5415
10.3226
12.5328
9.78632
13.7059
13.6072
9.69485
7.19706
12.2797
10.5256
12.8497
10.6184
9.51781
12.3422
10.9818
14.3583
14.3159
12.2278
14.2687
4.947
14.2956
12.4322
12.604
5.04421
10.2554
9.77085
12.4852
9.71486
10.0039
12.8402
13.8266
5.22343
10.1891
14.3218
14.2821
12.5983
8.39023
10.1955
14.8582
14.6261
10.5079
11.5056
12.2491
13.3761
8.39055
13.5113
12.6916
11.7779
12.5335
10.8093
10.0196
14.5527
14.1354
11.6423
9.81252
11.5802
12.9576
10.241
12.9189
13.0885
8.10781
12.4644
14.4811
12.2558
13.7236
13.3596
10.452
13.1715
9.14919
5.81169
11.8423
14.6775
14.1168
5.31995
10.7527
13.5377
12.1845
7.64858
8.29199
9.39434
10.6939
10.326
12.5343
11.3837
9.51153
13.9048
14.7491
11.5694
5.55136
12.4012
13.7626
13.832
11.6198
12.3947
14.1307
9.20663
11.8062
9.21022
10.5455
9.82772
14.6266
14.9578
13.0421
13.5932
12.7019
8.03849
4.64336
13.0523
11.7814
9.15266
8.8836
11.8296
6.1865
10.364
7.25306
12.725
11.0579
11.6639
7.35637
5.53593
10.2214
14.8559
11.2281
14.9627
9.33867
10.6536
8.91718
13.2061
9.09125
13.1877
9.15554
12.449
10.3011
14.1956
8.42245
10.387
11.3512
14.9528
13.3017
11.9943
10.1586
11.0536
10.5752
11.7555
9.9768
10.2232
14.0462
10.6245
11.1334
9.41449
6.66047
11.3467
13.6406
11.2183
12.608
13.3268
11.2439
14.7763
10.2364
10.9801
8.69875
9.91625
11.6918
7.92217
5.57249
10.2302
8.96848
14.2802
14.3921
14.6719
13.1892
5.19269
14.7934
11.2503
6.871
14.1945
11.2832
9.36301
6.19264
5.32182
8.51178
12.3383
8.73784
7.94348
14.1842
6.64738
11.6864
13.7956
9.30365
12.6835
11.1757
8.80113
6.00159
8.18333
12.7319
10.97
10.6981
11.3489
7.84289
13.3211
12.3824
9.48885
14.9435
5.78832
14.0374
9.94184
11.6094
10.5049
5.73629
11.1888
11.0262
11.8001
9.72868
14.3342
6.60156
9.12278
7.17163
13.5886
12.3744
13.0207
9.27265
10.6421
7.52713
6.08464
11.1705
8.75718
14.7529
10.6815
14.0512
9.89659
10.9546
12.4185
11.8938
12.5577
11.7772
7.2968
11.1253
12.0993
10.1783
14.8615
14.0842
11.8134
10.9968
9.82479
8.70234
9.01056
7.32555
8.3267
11.3127
6.13726
10.3066
13.6501
13.8648
11.0822
7.03477
11.516
13.6452
12.4203
13.1298
8.07424
10.9715
12.5423
13.8882
8.54017
9.09365
11.1718
14.0166
11.1979
6.25531
7.94446
12.8155
10.6421
10.1996
12.2385
12.1416
6.78438
8.74552
10.3078
8.44247
14.1479
9.91915
10.168
10.4356
13.8136
8.49279
10.6831
13.434
8.19607
10.8522
13.7185
12.7637
5.06218
9.81858
10.2698
10.4857
12.2046
9.73501
12.2832
11.6634
6.61526
9.68104
9.54668
14.1257
10.9678
12.6484
8.94786
11.73
13.5893
7.316
10.2809
13.3099
10.9945
12.8179
14.6362
11.0831
12.0048
14.5108
11.4191
14.5966
13.0783
6.22787
12.2184
9.88119
14.3264
8.6314
13.3605
6.01739
14.4273
10.349
8.47097
9.37633
13.2783
11.4108
8.44549
11.1637
9.15529
11.4835
12.4353
10.4146
12.1531
13.1224
10.4149
10.1328
12.127
14.2003
5.76131
11.7544
9.42934
7.49071
14.6533
11.4806
12.5911
11.6924
9.93126
11.9277
11.2655
8.89927
10.4719
10.3075
9.41412
11.2444
13.6447
9.04586
10.0695
14.5126
12.1148
8.76079
11.3914
9.32884
14.3994
9.34667
14.5634
10.3315
11.7519
9.45497
13.0921
13.3972
5.62446
5.57461
14.5917
14.0615
11.2184
13.1309
12.0558
13.2806
7.96209
5.19082
9.60487
11.798
10.4395
10.9089
10.7607
12.4124
12.7637
11.4023
8.59952
8.71312
13.0995
11.9085
14.6543
12.52
14.3448
9.05849
11.8632
6.05769
11.933
10.4113
10.8991
12.6607
10.4606
13.4497
9.27967
12.1869
10.7374
14.554
6.51635
13.4842
13.0212
10.6283
5.07647
9.33763
5.83677
9.83315
13.3321
8.56311
8.80068
10.1696
6.89862
6.70325
6.1598
14.9563
5.8871
14.4073
13.7083
5.93488
10.7131
13.5836
14.8644
12.0851
11.6841
14.1139
10.4841
12.528
14.3505
11.4009
12.1235
6.68589
8.71142
12.8276
9.87158
10.5921
10.1087
11.0994
12.604
13.6811
7.44434
11.642
6.29416
11.7949
8.11591
14.6172
11.3403
14.0883
10.4752
13.1879
12.7743
10.3454
9.55047
13.7199
9.77122
8.20277
9.92272
11.2332
5.54429
6.59018
8.70516
10.6477
10.3552
13.8342
5.56099
6.03346
14.9456
8.1036
12.244
11.7294
13.9839
13.0332
7.95134
13.2287
12.3609
7.77948
8.41808
5.42137
12.2126
13.6438
10.929
13.2096
11.3383
7.62168
10.0577
10.7407
9.05392
11.5482
9.58032
14.1865
7.57348
10.8987
6.65313
7.28608
14.582
9.34672
8.14813
11.2678
8.88101
14.2084
4.73991
10.7287
11.3114
7.54114
8.00747
12.4022
13.3056
8.81961
8.22664
8.62742
13.9417
14.4122
12.1008
11.5164
7.83178
11.2456
11.8474
13.6763
13.4908
14.1727
14.8817
9.22941
5.87856
10.8092
11.7477
5.88053
13.3528
14.9507
8.54996
9.51567
11.9842
14.8141
6.56944
12.7086
13.5387
11.3764
10.6791
8.68424
8.78656
9.0184
8.63995
12.797
10.9374
12.6851
12.8099
10.3718
10.9875
5.883
9.19171
13.0502
13.1924
9.398
8.16803
13.1367
8.31061
9.5235
9.54987
14.0479
12.075
13.2776
13.2424
14.5233
9.59657
8.79596
10.7626
13.534
13.7457
14.8582
9.32919
8.94724
11.1559
12.4626
13.2772
11.8419
10.0439
10.8856
13.8817
11.8597
13.5985
13.4973
13.7068
14.3442
14.9764
5.28607
12.2986
5.33464
14.7395
8.19952
5.6258
12.3625
9.65894
12.536
7.79301
11.9408
12.5126
10.0142
11.4576
11.1359
5.83669
5.81537
9.52892
13.9511
10.7954
14.7772
13.2655
4.942
10.3966
14.0052
12.3019
11.2919
7.72916
8.71884
11.8166
7.52636
12.1048
9.4214
10.7634
10.5485
4.40743
11.5011
11.1733
13.2731
9.55993
10.2677
10.2553
5.93901
13.8452
11.9217
7.69047
11.2116
8.91988
10.7513
10.9101
11.0155
5.56185
7.16456
7.97426
9.52857
7.354
9.30053
12.7626
11.1733
13.0277
10.2727
10.8104
13.209
12.6224
11.5193
10.5078
11.0094
14.5129
14.1829
7.48123
13.2783
12.6022
13.5641
6.16816
8.45625
5.55812
14.2304
13.8897
13.5977
13.4705
11.0503
14.631
9.38055
12.3055
11.9568
10.2328
5.30502
13.5051
12.8244
12.4914
8.59374
10.1444
12.1481
11.428
13.4608
13.2681
12.1805
12.9223
10.3226
6.41963
14.1326
9.37735
11.867
11.6076
12.3909
12.1127
7.17914
9.35895
12.5979
12.8077
9.66704
12.0543
11.7937
14.8718
14.8065
12.4916
12.3613
11.446
6.27372
13.7634
13.8449
12.8064
14.3743
10.1982
13.2921
9.39719
14.5321
9.43276
11.1301
12.6602
10.7919
5.94197
6.19869
14.6445
14.6381
12.2326
9.72829
13.3591
9.53413
11.3065
10.0412
9.83747
4.58573
13.8078
14.8019
14.9963
9.37525
13.2863
5.13441
5.40279
13.2693
9.1368
12.3753
13.8666
11.5147
8.34716
10.2291
8.02017
9.50243
8.44263
9.15012
8.33892
10.9508
11.8744
7.99719
11.7388
13.4392
11.156
10.8588
10.9292
10.9984
10.3796
9.40973
11.3279
10.9004
12.2234
11.8977
11.3203
13.6272
10.0176
13.6162
12.5234
14.9052
13.9041
10.2137
12.3185
14.2719
14.2754
10.5808
11.1474
11.7935
13.075
14.043
14.9128
6.09385
10.0122
5.76663
9.01894
14.9906
14.9372
10.8561
13.1338
9.67161
12.8662
8.58576
8.5197
12.9446
11.3513
13.3076
13.6875
10.4124
9.40957
13.1927
6.38821
6.04389
6.47902
13.9139
10.7539
9.21967
13.0607
13.3216
11.4315
8.98884
14.5458
8.21307
11.9193
10.162
11.2193
9.57266
9.20724
10.7385
11.5243
9.60252
5.59381
7.92644
10.6809
12.0044
12.187
10.6682
9.51301
12.3022
6.36117
14.5247
12.2227
10.0761
13.5021
8.71379
12.1429
14.3443
12.8669
6.92263
10.0684
6.64329
9.12769
11.2692
12.9056
4.75245
13.0065
7.19096
10.3362
9.08263
6.29824
14.0573
13.4393
14.7355
11.0064
6.13628
6.90941
11.721
6.13172
9.8918
12.2319
13.3677
6.37529
12.877
12.4129
11.6352
9.81123
8.29701
12.6798
6.33982
11.4376
10.4151
14.9577
14.9325
10.5001
12.467
13.255
12.4691
13.645
9.59368
13.1394
12.21
11.9958
9.87244
14.8723
9.77101
8.4666
14.3316
5.49139
14.1094
10.9853
14.643
8.92999
14.1533
13.0341
12.3348
8.67411
12.1738
14.797
13.6377
7.69261
10.8827
10.4527
7.56866
14.0166
11.2004
6.53778
5.53992
9.1023
4.30835
9.54875
7.37738
9.35552
13.2227
10.1445
12.852
10.0866
6.92168
11.3017
8.28031
11.2558
9.7488
14.3664
12.1508
11.5636
10.1741
10.7545
14.8355
13.2992
12.8518
6.78693
14.5899
12.2857
13.1523
10.743
9.25195
12.531
9.28835
8.04901
14.6104
12.4924
11.099
14.8718
8.56234
13.2203
10.346
14.3045
7.38362
8.59911
13.9149
9.41167
11.2591
13.1192
14.1661
10.2142
11.4754
8.64013
14.5789
13.4995
13.6336
14.6065
11.2093
12.3329
13.6075
12.0401
6.15692
5.06435
12.9267
12.0877
13.6839
3.70706
12.0023
13.6619
14.1195
10.0793
10.8874
14.7517
13.1685
10.0279
12.6894
10.0631
11.35
11.4024
9.93561
12.1125
14.8323
4.43839
8.74908
10.2371
11.2077
6.12175
12.73
10.0886
14.4554
12.8085
9.10877
11.421
14.5849
14.1983
7.93484
14.9404
9.5583
13.6915
8.71555
14.2295
12.1229
6.3664
6.17268
8.80331
12.5397
13.8324
13.0348
11.902
12.3056
10.5997
10.15
9.53593
9.72468
9.78582
11.2795
10.4414
12.0633
11.5776
5.74287
9.54847
12.7258
14.0052
14.0775
7.91135
12.4508
14.4371
11.5897
11.6387
7.8637
13.1265
13.677
9.91067
13.9002
10.8578
13.7128
11.7832
12.6416
14.217
8.62359
11.4377
9.9257
10.5346
13.4696
9.91597
8.61533
11.2243
12.0316
10.8089
13.08
12.8385
10.8097
13.9718
11.6067
9.38563
6.07036
10.3412
13.732
12.5392
9.94338
10.3217
5.56769
10.5658
8.64114
12.1415
13.7967
5.28644
8.29688
12.4181
10.2408
13.1693
14.3526
14.2072
12.4556
12.8944
13.8218
10.9112
12.9999
14.52
14.6081
10.4486
12.726
8.56144
5.54741
10.8487
13.6792
8.79739
5.10383
13.1431
6.6393
9.70436
14.7073
9.27253
14.8233
14.4152
10.7622
14.7206
13.9327
9.82416
14.3106
11.3007
9.77607
9.84175
11.6224
13.3085
11.5979
14.0478
9.65473
14.6117
14.2718
8.81122
9.29843
11.6239
13.9816
6.00802
10.5051
6.18268
10.9862
8.83982
7.05452
13.3937
12.7433
14.7438
14.7217
6.35117
11.4579
12.3409
5.81276
14.0981
10.2822
8.83064
14.4753
9.61248
5.68892
8.8926
14.2686
14.5334
10.5113
14.3764
13.2406
6.49144
10.7112
13.7843
8.02557
10.1251
11.0659
6.31317
5.92521
14.4115
11.4087
13.1605
14.2899
6.2621
12.8701
7.27214
14.6086
13.2891
10.2384
8.65151
10.9246
12.6061
13.7478
13.6117
10.8188
6.33281
12.005
9.38849
9.62319
10.3298
4.95023
7.53963
13.8379
12.2054
11.2365
11.0334
9.31901
9.44671
5.53911
11.107
9.47926
7.47567
11.833
10.7176
6.45133
13.2674
12.972
12.8179
10.4575
6.13325
12.319
11.101
10.2287
8.20274
11.4489
11.7347
7.95393
11.5949
9.28405
6.33366
9.13482
9.99299
11.9881
6.60525
9.61479
12.1444
14.7676
13.1178
12.4312
12.4861
12.2635
11.9142
12.8878
12.7582
13.312
14.3941
8.15526
9.49702
12.3832
12.9402
13.5761
6.45881
10.6842
9.13387
13.6587
10.4467
14.1606
13.5263
5.47012
7.2926
9.43217
13.5386
10.4224
13.6116
8.57164
13.2668
6.33343
14.3807
13.3881
13.3636
10.975
14.5398
6.20478
10.9134
12.9202
7.03947
11.5493
14.1804
6.35721
9.56731
12.8974
11.8023
12.3658
10.9466
8.95914
13.896
5.01263
7.14707
14.9157
10.5614
11.2072
13.1887
14.3133
11.7418
14.0563
10.1659
9.62178
12.0291
6.39996
12.5886
14.7038
8.8483
9.66685
12.7487
9.9192
7.63405
11.0954
8.73523
14.6112
13.397
8.32779
9.6543
10.7568
11.8108
10.1086
14.9908
11.8838
8.36497
13.515
13.1146
14.1398
12.0051
8.79602
13.0582
5.68283
11.8684
12.7506
5.07046
7.56675
13.8321
11.7096
10.7872
11.4131
14.9127
13.4263
8.39403
9.74399
6.27831
13.9199
13.3184
8.67883
13.0393
12.4585
7.55826
10.1859
14.5874
14.352
11.7258
12.007
12.3466
12.6549
14.8829
12.8652
6.27838
10.7984
14.7858
11.9423
10.9337
11.0533
14.1941
10.7149
11.8184
14.5395
10.0444
9.48548
6.46721
10.9774
7.50854
7.33573
4.38395
9.79286
11.6707
13.5856
5.28872
14.4901
10.4662
14.1321
6.67788
9.27194
11.1469
10.0568
12.6018
9.61997
10.3463
8.21004
14.5692
10.0906
11.8048
10.7023
12.6529
9.37432
12.5451
11.2413
6.18403
9.99113
13.6124
11.9318
14.3351
14.7002
11.6855
13.0632
14.224
14.086
14.5895
8.29583
10.9968
12.34
6.92111
10.6962
10.4738
11.6918
14.4074
9.5614
8.11753
12.626
10.6209
14.4068
6.18874
11.6813
14.3521
11.2046
11.2938
14.1823
13.321
9.69079
5.11513
10.1372
11.5832
10.8507
14.8906
14.0351
6.88682
10.0813
12.1128
10.3483
5.46005
14.2503
14.9777
12.9194
14.5192
12.0638
10.4427
7.17887
4.60252
13.5573
11.8376
11.2051
12.3025
11.2627
6.05611
9.30984
10.68
14.3187
8.72875
10.9388
11.7719
10.6197
14.9222
8.79489
10.6895
14.7106
7.45522
9.71512
14.4308
11.5973
8.71129
14.3405
13.4008
10.4258
9.59087
8.24949
8.10577
7.27875
7.97592
9.78137
6.21084
13.9783
12.7481
12.1149
5.97631
11.7775
12.3069
14.176
8.1933
14.0489
11.976
5.38783
14.0933
10.8845
10.5716
12.4576
14.3233
7.55946
14.8484
13.5208
11.3662
13.8429
9.59973
8.44568
13.9159
8.66686
13.4595
10.2528
14.9445
11.6495
10.6719
12.9497
8.3178
9.84989
10.869
8.5379
10.1293
13.7437
11.6093
13.1398
10.9205
14.4316
12.6271
10.8475
13.091
9.67434
13.3621
9.03767
4.31821
9.53427
11.6564
10.9109
9.54263
13.1681
9.94204
10.3274
12.0513
8.91769
13.8684
13.4872
10.7521
14.2111
9.79554
14.0799
12.8731
8.75725
10.945
14.914
14.9808
12.007
14.8379
14.2958
11.8719
5.92378
14.6036
5.94529
9.91279
13.5414
13.9745
7.26005
9.54635
13.1737
9.88267
5.43802
10.5953
10.4516
8.75714
7.17388
11.0123
13.6632
12.6389
5.3658
7.83041
9.06454
14.2652
6.28622
7.63512
12.7567
13.8607
6.38055
10.8144
14.962
13.2546
10.5619
10.0393
12.3513
10.8729
6.2108
9.16201
9.78062
10.5272
11.6939
5.96622
12.3872
14.1603
12.7155
9.75573
12.1531
5.30015
8.29576
11.2513
11.7138
8.23185
6.43679
11.8102
9.99085
10.4165
11.7187
12.8687
14.1154
11.7488
10.5741
13.1937
8.91818
7.50954
10.9825
13.4227
5.8588
13.6633
8.76964
7.45456
14.5304
13.2996
6.07658
12.5782
13.5372
14.1963
5.81348
7.12415
10.1777
12.0163
8.35516
9.75787
10.8695
10.0661
12.8661
8.2438
5.60734
11.2527
10.4695
13.3268
10.2718
10.1136
11.9491
9.3688
14.6375
13.0963
13.0549
6.30542
14.8361
11.6324
13.8472
7.71471
8.70094
11.3935
7.38338
11.3103
14.8777
6.209
9.07662
13.1752
14.2997
5.87852
11.6126
13.5049
9.12938
11.106
7.69387
14.7925
12.3399
13.4608
9.346
10.925
13.4047
9.47768
14.3637
5.27383
11.9176
6.63541
9.83604
14.3966
12.2809
12.8893
6.56622
9.36847
9.21307
11.4695
10.3009
10.4442
14.7048
11.2588
5.7598
8.94851
12.3477
12.7839
13.9532
9.58265
10.9499
14.3154
9.04175
9.20702
12.5802
4.38443
13.576
6.94437
12.6506
10.4736
10.8876
9.45898
8.77859
14.172
12.271
9.71382
5.29325
8.53543
11.3442
11.2954
12.1423
8.36798
12.4565
4.41556
7.62
13.9786
12.1338
8.05671
10.6412
11.728
6.29447
14.82
4.71883
9.65306
9.70222
9.70364
14.0543
9.67835
13.6202
9.68263
7.439
14.7309
11.2397
13.04
10.1866
11.9562
14.0842
14.8567
10.3983
12.058
9.81159
14.7862
7.68683
12.0618
13.8233
14.0194
12.4202
10.4005
12.104
8.27454
11.7463
9.6979
10.4547
8.50524
14.305
14.1614
10.0546
11.0321
12.8439
5.04417
13.1914
6.20594
12.9335
12.3723
13.1755
14.7966
5.80878
14.2106
14.4147
14.8998
11.9819
14.2217
10.786
11.447
12.7493
11.9857
8.54738
11.3664
10.0988
14.9444
10.7401
13.376
11.874
7.95623
7.60818
6.83167
11.4775
10.8388
5.95029
12.0055
14.979
12.7498
12.5209
10.8865
8.82544
12.1018
10.6338
13.4038
14.5594
14.8456
11.7992
13.7879
6.12199
11.0035
6.54696
14.4512
8.24021
14.2723
5.33807
12.1716
11.8482
11.5441
9.97752
12.4211
13.1737
7.09017
12.8695
10.2039
10.6319
14.5782
10.4924
8.76842
12.3703
11.4607
4.6909
12.8666
5.54886
12.4304
9.18068
14.97
5.06347
7.84367
10.4658
14.093
13.3543
13.0073
11.7956
11.0282
13.4886
11.012
13.2507
10.0926
10.2071
8.51787
14.2346
10.7416
6.52512
11.3935
9.88416
12.0723
14.1943
10.4258
4.21371
7.62355
7.14894
9.35061
9.94071
10.3939
13.6843
13.6434
14.5824
6.26742
13.772
11.4209
9.44716
13.6166
6.11652
11.947
12.1113
8.82522
11.6508
9.4504
11.8607
5.89743
13.6514
8.71605
14.3587
12.0937
10.7981
9.77367
9.52832
8.34137
10.9795
12.5053
13.485
10.136
6.44199
6.02326
6.20762
9.06415
11.464
14.0513
10.5737
5.8679
8.40249
12.9842
5.42189
8.61596
11.8489
8.70543
13.8064
11.805
11.4997
10.2379
12.1437
12.0017
10.3256
11.2514
14.523
8.75751
7.09824
13.615
12.0689
12.4415
14.7227
10.7219
13.0249
9.54491
12.4643
9.3087
13.2108
13.92
9.67738
13.9967
9.40081
12.5842
14.592
9.70068
7.84009
14.4389
12.8812
10.6039
7.84661
9.88154
8.12115
9.72731
9.40727
13.5648
9.89481
13.5095
13.3648
12.6768
9.62639
11.9246
13.9957
10.6345
14.3814
9.71124
13.1075
14.3505
12.8695
12.8274
14.8555
12.5822
10.5381
14.6915
14.8029
13.8871
9.04384
10.3287
13.3431
11.4134
13.5399
5.14733
14.9138
9.46789
14.062
13.8161
14.9482
9.41898
14.6563
11.6144
12.539
6.06725
13.9405
12.4808
10.2145
13.1471
13.8076
9.30966
4.50686
14.0701
8.41588
10.4151
13.5699
13.9703
12.6484
13.2458
13.6507
10.5088
4.88957
14.1191
10.7783
13.5203
11.3572
11.8893
6.53172
12.958
6.03532
9.87638
11.5521
12.4532
14.5657
10.8741
13.1167
6.37957
8.87357
7.88659
5.85336
10.8564
10.6875
11.831
6.26216
8.0614
12.8361
10.2293
8.31387
12.5177
6.3132
14.0411
10.9766
13.173
12.6377
13.8228
10.8953
14.8507
12.0393
6.43816
13.5244
12.2596
12.1334
6.13244
14.0679
13.5616
12.7178
11.8688
7.46665
11.1672
12.9624
7.00738
9.9003
9.86966
9.94503
10.0256
14.1087
9.28209
8.93745
13.1642
7.94595
10.5264
9.53178
13.3625
7.76988
9.2494
14.5345
11.9571
6.81291
10.8624
10.8432
14.8726
14.4475
6.52278
11.6711
10.7068
12.118
8.70179
7.69725
12.8667
11.684
10.7959
11.4844
9.71572
13.0869
7.29352
7.07732
11.8153
6.4452
8.05816
10.8685
9.32288
13.5634
9.48353
8.41668
12.8658
13.6065
13.3047
9.51734
10.862
14.5214
12.137
14.4646
12.4554
12.1877
12.9462
10.6883
13.9308
6.10976
9.99544
6.57179
12.9549
10.1263
12.3699
13.5014
12.5829
10.7902
10.2035
11.5785
14.362
7.13276
10.5084
11.4781
8.6279
13.8438
8.81197
10.1902
9.92819
13.3725
7.50418
10.1198
7.52746
10.1716
14.1495
10.4257
9.67686
9.21888
12.3799
10.2884
12.4567
10.2986
14.8161
9.02045
9.28471
13.9105
11.153
9.5323
4.58179
9.6032
14.5491
8.66341
8.1219
12.297
10.1714
13.0208
13.9875
8.23207
14.7629
13.0602
11.3827
8.58043
8.24217
7.88749
5.27178
12.4142
13.9635
11.5299
13.7086
6.36435
9.54305
12.2525
12.6352
14.7659
9.42769
8.1805
14.6877
10.1582
14.8194
14.0045
5.65046
6.24126
7.02888
10.787
13.0966
9.37291
9.95932
14.7959
11.0139
12.5391
13.2912
13.8083
14.6322
12.38
13.2603
14.7749
10.608
8.80854
14.645
10.8073
9.44795
12.2685
13.8217
14.6268
11.3546
9.20167
12.6427
14.4826
14.2805
10.301
12.999
10.4011
12.0624
13.8751
14.5797
10.7848
12.5836
11.1396
8.7696
10.8795
8.28436
8.56669
12.7436
11.3832
8.52717
5.9975
5.84198
14.3601
7.0906
6.07881
6.17378
11.8508
11.6848
7.70924
12.8044
10.0442
10.6693
12.8962
7.49212
9.19473
13.9783
11.9469
9.98654
10.9028
6.16082
12.5276
13.2428
11.5528
4.44659
6.08387
8.09563
14.3552
11.1716
12.2071
9.549
9.17575
14.2816
5.51168
11.3078
14.3945
12.5551
12.9829
6.7144
11.2347
10.1508
5.62416
6.0342
10.0107
5.68634
14.2956
11.2692
8.62779
8.22263
6.69439
13.1326
7.18176
5.33285
7.13956
9.35603
9.42012
11.3241
10.7869
12.8526
9.77901
12.1533
12.2084
14.6547
10.9784
6.02627
9.96659
6.27313
12.7885
8.35958
6.06735
9.34054
13.1645
10.1321
10.1599
12.5915
14.8666
13.0923
11.2993
13.2323
14.0951
10.6873
14.007
6.59737
10.2401
11.6864
11.6421
10.6332
7.80441
6.1867
6.16677
10.1324
10.3656
13.3573
12.4789
5.68344
14.5353
12.3134
13.88
10.0821
6.80171
14.4835
14.667
9.65966
14.0225
14.6019
9.77868
8.30603
10.3092
10.1719
11.341
13.3816
10.8645
12.0095
12.1549
12.5958
6.72716
12.051
12.475
10.1031
14.1055
14.4923
6.38314
9.97096
14.0726
10.8808
12.0507
9.2816
12.6239
8.50654
8.52227
8.93728
12.1586
6.14936
9.04023
14.5544
10.3058
13.2962
10.4112
6.02249
10.4862
12.3887
14.3274
6.70485
10.4206
4.51111
6.36353
10.0981
12.1856
11.2485
9.48921
14.4182
13.7914
12.1369
14.5201
6.56113
12.6211
11.6076
13.7724
9.98178
10.0595
8.04045
11.744
4.51227
12.4289
11.0594
8.4019
9.50561
11.4339
10.7928
11.8154
9.44573
8.69188
7.9956
9.85148
10.2428
14.0572
12.4868
11.3901
13.7389
13.5716
14.9205
11.436
14.2348
9.45954
13.4198
14.7167
13.6291
14.3367
6.73491
9.24679
12.1266
14.2607
14.2213
14.2043
10.5145
13.967
8.71959
13.1528
14.2183
11.728
7.8058
6.9582
10.6329
8.89344
14.12
13.9996
14.0732
11.2587
10.2818
8.18968
12.8637
10.1835
14.5833
4.94579
8.94951
14.5754
12.9388
13.7612
11.0832
8.78513
14.9799
10.8734
11.8297
12.0905
5.73588
9.28877
14.0196
6.04525
10.4713
8.8694
11.5475
13.2327
11.7121
6.74167
13.9747
10.7646
9.1658
9.92284
11.5444
9.72356
14.3541
12.6286
11.6026
7.6936
12.6715
10.5249
10.2729
6.05503
9.69476
10.8286
12.9832
12.6359
10.869
5.46903
10.8756
9.51034
13.3218
11.8928
10.0803
12.5366
8.59836
14.9532
12.0687
5.99496
10.7211
13.1618
14.4499
12.2414
12.1761
6.45172
12.6401
4.58542
8.69589
10.9973
14.1555
10.5931
13.2812
9.80066
8.64964
13.3505
4.55264
11.1744
11.6442
5.34332
13.0798
9.07926
14.9124
12.6382
14.1398
13.7919
10.6783
13.7224
14.8093
10.124
10.6569
10.7693
12.0003
14.2294
11.8669
11.729
13.7941
11.8011
13.4096
8.28996
10.3099
7.79001
11.933
14.3641
12.7773
14.5349
12.2743
10.6701
6.06938
10.7757
14.5551
14.4993
12.5358
9.79499
7.03577
13.6482
14.3329
10.8102
10.1124
6.24842
14.1977
14.4146
11.5132
13.2114
12.107
11.9358
8.83534
9.2257
10.6453
12.7666
8.51521
11.041
5.30369
8.14227
9.44624
9.29756
8.81708
13.7816
9.53089
12.2378
13.9761
12.423
12.7427
11.1533
6.18892
10.068
9.38135
12.0848
14.7262
12.5355
9.12638
13.1066
12.1604
10.421
13.3355
13.1497
11.2797
13.1285
10.4365
13.6512
