11.9211
8.68407
10.3223
8.59026
6.44557
8.02404
9.70407
13.2037
11.2577
5.90853
11.6654
11.24
13.6158
9.65916
13.7925
13.0387
6.96703
14.2174
10.0059
9.69059
13.153
6.58403
10.3791
13.5583
9.27668
5.55592
10.8916
12.1994
10.0036
13.0407
13.6126
11.9902
9.97717
9.76733
11.5787
11.8841
8.85591
13.4639
9.75648
10.4141
11.9826
13.0535
12.033
12.646
10.0245
12.5813
13.5612
11.7613
14.4503
9.77437
10.6598
9.77796
13.1814
14.1037
13.6339
14.216
13.2189
11.4119
10.9124
13.1896
4.14063
5.73311
5.30839
13.5076
12.7562
11.6989
11.3582
9.94078
14.0483
13.8936
14.0061
10.6195
4.75559
10.5846
14.1672
11.0501
5.06801
10.4582
14.2992
10.1544
13.5712
14.0826
13.3671
13.2119
11.3823
14.4141
11.3672
11.8561
14.8994
12.7342
12.8132
12.5453
9.44197
12.4708
14.3374
7.37688
11.6053
6.07344
11.7869
10.1916
8.29046
14.1773
10.9417
11.6619
10.7899
6.20992
5.97076
7.53152
4.83091
12.5979
8.81847
11.1947
11.1408
12.875
14.4283
5.98123
11.5202
12.4187
14.8984
5.0944
13.5116
13.5702
13.2704
14.876
10.2937
8.99412
7.45682
11.9548
11.332
11.5004
5.61529
14.5988
13.1956
6.27927
13.8658
13.8627
12.4273
14.2591
11.4523
12.3455
7.97556
13.5902
6.9585
9.86093
8.51916
13.6194
13.794
12.2601
9.085
5.6613
11.4865
6.34661
14.8574
10.8918
14.869
12.4973
12.1149
14.7394
11.9557
14.9256
12.9328
8.18637
11.6054
11.9245
11.8616
8.56483
14.5703
11.7198
14.7417
4.38094
6.36496
13.4013
13.9998
14.1581
14.961
11.8112
11.0417
10.3626
9.62473
11.1285
7.97957
5.47995
13.4444
9.91736
13.2327
9.98337
10.8662
11.698
8.34296
13.0017
11.9152
11.7321
13.3372
8.61855
10.4107
14.7777
13.6127
7.93708
12.319
13.4767
8.03163
8.12793
8.68826
13.7153
6.96014
12.1831
12.5035
11.0657
13.436
13.9991
9.77615
11.0937
14.2248
8.25786
14.5542
8.43792
9.64778
8.17622
11.6664
12.2037
11.3884
11.4331
14.1761
10.5479
14.9819
13.053
9.63848
13.2102
4.05814
11.3591
14.1589
14.321
12.6619
9.70295
12.7135
13.7794
10.7343
14.3283
9.98469
10.0363
11.181
14.7564
12.522
14.4099
14.0429
5.64214
14.3188
7.22366
5.41732
14.801
4.82986
11.7857
10.6355
4.05558
5.9862
9.53679
11.776
13.2799
9.02784
11.3909
11.525
7.50193
5.68919
13.012
10.106
8.77703
9.60632
10.7547
6.7555
14.5767
11.4023
14.2518
5.96782
12.2945
6.26356
5.45506
10.3026
10.8772
14.3727
4.27974
13.9135
14.7953
9.86591
13.038
13.6188
7.27551
13.5471
9.371
12.652
14.9827
8.89701
10.1651
14.1834
12.3645
11.7832
11.7055
5.03762
4.86349
8.97452
9.26072
7.94895
12.611
14.6568
12.9344
13.6736
4.24118
8.5029
10.1167
11.443
12.3815
5.86756
5.46237
12.8633
13.1439
13.1386
10.3258
8.70965
14.6306
12.8725
12.3052
9.07054
13.4886
8.76961
13.7874
11.6162
10.4374
4.35946
6.80076
12.7181
11.4513
11.4565
14.3236
13.498
13.6812
13.08
9.49491
7.03388
4.23463
10.6661
12.7502
6.18816
9.12532
11.2828
13.6859
5.95578
11.7394
14.2942
8.46757
14.8513
14.8021
11.5088
7.96899
9.23914
9.78992
13.9871
8.75108
10.258
11.4192
5.47526
7.67555
11.0833
10.3944
9.8905
11.1614
9.01422
8.96222
13.2811
12.6182
14.7746
13.7568
14.863
5.28551
13.4236
14.0656
6.70802
12.6085
8.46897
9.26893
14.7725
13.1169
10.5276
12.7093
8.49526
11.9116
10.0614
6.01623
10.81
11.8446
12.5119
8.80777
10.5117
11.1724
14.537
14.1198
10.5973
10.9329
13.1584
10.9348
12.8192
8.38552
12.6199
12.9346
10.608
10.5139
6.04008
14.3491
9.25617
8.70911
8.21409
5.71996
12.9291
9.44525
6.08527
8.36703
10.8161
6.24963
6.95546
12.9341
13.3166
12.1845
10.6092
9.26534
14.2473
10.2352
9.43378
13.82
11.9151
14.8279
11.1429
8.62402
9.93041
6.59322
5.06691
12.5642
11.4941
9.5892
13.1429
10.9103
10.5844
4.86467
13.6582
14.635
11.1741
8.65588
13.9872
10.0958
10.712
8.52986
13.1472
10.0175
8.98854
9.56012
13.7246
12.7552
12.3021
13.3585
9.41137
7.80493
10.8372
12.3204
13.261
8.52504
6.36359
5.48709
9.26518
12.5806
13.7748
9.50399
9.82692
4.98505
14.232
8.68136
14.2008
14.3238
13.7888
7.93023
13.7328
11.9173
10.3453
7.18028
4.76104
12.8716
8.89997
13.6717
11.3718
12.7068
14.9721
13.8297
12.6108
9.73291
12.127
9.88717
9.77813
13.36
8.47917
6.00744
14.2936
13.3572
11.161
13.2776
13.5699
7.66859
14.7994
12.881
5.57856
10.7192
6.68467
10.2663
9.26163
12.3386
14.7794
13.9221
13.4499
14.0504
10.9281
9.2131
11.5757
12.0055
11.9457
10.8526
11.3552
14.883
12.9211
10.8266
13.6261
14.7039
5.45003
11.0344
14.6852
12.8006
12.3829
9.61361
11.535
13.4096
9.12969
10.419
9.16713
5.81548
10.1434
13.8913
8.97556
12.7849
14.0066
9.46423
12.7072
10.5782
4.58583
5.20058
10.0717
8.58563
13.6419
13.9955
8.39622
10.2838
14.4616
12.7422
10.5212
10.4904
7.87332
13.9372
14.1383
10.9747
12.5307
12.2516
11.3423
10.4949
14.673
9.97332
6.66216
5.47882
13.3257
12.3551
14.5745
12.6543
10.6117
12.1864
12.9549
5.74441
11.9747
8.71482
13.1643
9.57108
11.9837
13.6126
13.7248
9.71312
9.23843
9.26443
9.02531
13.4718
10.0631
10.8122
10.3192
9.24479
9.50432
12.9238
14.0077
11.7331
10.4643
8.67412
11.6416
13.7958
5.88156
13.5861
4.88148
10.3583
10.3544
13.2016
13.435
11.4457
12.1817
8.19285
5.64883
13.1149
8.40085
10.7889
10.742
6.08858
12.0226
10.6547
12.4508
10.7299
6.13142
5.63235
10.187
11.3511
10.4188
14.4466
8.84011
12.986
9.7036
10.2214
11.5073
11.611
14.1152
13.0205
9.8692
4.32261
8.55007
11.3152
12.9955
7.94537
5.31376
13.4011
7.3051
11.2118
14.6925
14.1647
11.0481
14.0925
8.31309
11.3982
10.3539
9.77572
9.44758
14.8132
14.6465
12.546
10.3586
10.6729
11.1513
10.3485
12.0043
14.6692
9.84874
9.62677
14.2208
14.8178
12.8859
10.9667
9.3938
10.6891
8.13177
10.5442
11.8557
9.65725
9.44854
12.7497
11.1896
11.1729
13.7017
12.3767
9.70019
11.9312
10.3382
13.3205
6.21273
14.3296
12.0076
9.31484
10.1272
12.853
12.2382
10.5404
4.58901
12.6539
6.67561
6.4175
12.9554
10.2887
7.32544
13.4659
7.74975
14.2701
10.2384
10.4298
11.8076
13.4535
11.0097
9.71449
7.85417
5.31463
13.4665
11.2262
9.59522
7.55276
10.7906
14.4876
5.60092
12.1396
11.006
10.6941
10.1111
10.1221
8.17201
10.8478
14.3744
9.79619
13.2145
10.3642
9.00402
12.4292
10.4033
14.5195
12.4745
13.0185
12.1248
14.736
14.2074
9.65774
7.83093
14.8762
9.4826
9.53147
14.6767
6.12121
13.3642
14.5602
12.8999
11.6485
9.05929
7.65766
12.1647
12.0458
12.0301
10.8006
12.0872
11.5568
11.6967
13.0893
7.54162
12.466
11.5663
13.3162
10.5926
5.12342
11.4833
13.426
8.52269
10.536
6.69739
8.5248
13.7616
9.40962
12.8805
10.3595
12.2323
6.34016
8.72086
11.9535
12.6374
10.5148
9.55072
9.91555
11.7968
8.73744
10.883
10.5223
12.4982
11.9815
10.9377
13.2331
10.6236
7.89745
10.7476
14.0046
13.5093
8.54216
12.126
9.58012
12.5976
10.1889
9.80583
9.49296
12.2945
6.04793
10.651
14.1791
6.49303
12.729
13.6829
10.2924
13.1146
10.5697
12.73
11.4169
11.2491
5.3771
11.0733
14.9293
14.8231
14.1128
11.5605
9.52367
14.8313
8.41231
10.7303
6.25545
12.5057
14.4783
10.2876
9.9854
10.6697
11.6544
13.2917
14.9405
14.4806
10.7819
12.7719
13.7301
8.31199
9.08296
7.96358
10.2253
12.686
11.6066
14.8211
5.01891
14.2935
13.8982
11.3301
13.1211
7.39551
11.7057
11.342
7.06936
14.2063
13.8233
14.304
10.8776
12.7251
5.95148
10.9458
10.82
12.0601
10.6899
9.11915
9.23967
8.10213
11.9449
10.7034
10.0574
14.5271
10.2408
5.76414
10.8696
12.1924
14.9887
14.551
13.5438
9.91135
13.948
7.58262
8.70433
14.322
8.50421
13.1111
8.4839
8.92684
10.149
12.1951
8.21015
13.303
12.9096
12.6299
8.52082
5.56419
9.30423
12.22
14.2234
12.5265
14.4406
5.71608
9.29358
10.2542
10.6472
6.26577
10.9316
14.9457
12.667
5.44342
9.70684
14.5462
13.0657
13.0303
7.75209
11.394
8.87638
10.9461
13.6007
6.01714
13.3611
9.98444
11.7395
14.3079
11.5261
9.33255
14.0028
14.5258
13.8677
13.3083
9.72751
12.7181
8.21294
14.9206
13.9457
10.274
10.2904
12.0985
8.69598
8.66569
6.02059
13.4583
14.9915
5.31827
5.37479
8.26666
11.7589
14.0509
10.0643
7.19304
9.36171
9.61002
6.30533
13.6855
10.4217
12.6451
14.5043
4.5697
8.36565
14.5531
5.89377
11.3131
13.8313
11.7513
14.6504
12.0277
11.1496
13.0185
13.3841
10.7087
11.4458
14.6069
11.0042
13.5358
10.7966
8.40377
10.8986
14.3576
6.99107
9.16769
10.2789
14.9217
9.83011
13.6793
10.4875
12.6892
14.3402
9.34564
10.7638
11.3846
10.2619
9.21356
6.19053
13.5682
7.02255
10.3027
10.5172
14.0044
9.56152
10.9904
4.56127
11.5475
7.44181
9.85353
14.939
14.7544
14.7325
12.9537
8.92128
13.884
12.5254
13.7785
14.9599
12.1698
6.1806
8.30897
12.0343
5.53045
14.1343
9.19107
11.6156
12.9352
11.9016
13.2883
14.8131
9.4667
12.8067
11.1418
8.77511
11.0967
9.53224
9.0415
13.6635
11.9717
14.5653
14.9696
7.72357
10.0697
11.677
13.0215
14.1963
11.8241
14.2211
14.2335
12.8844
9.32279
11.6516
14.5646
14.2138
6.48817
12.2965
13.4671
8.73359
5.73521
9.29922
11.5869
7.83653
8.81767
5.78
12.5756
10.6562
14.8138
7.04758
11.1868
14.1316
13.0673
12.3694
14.1236
12.9109
13.9367
8.59584
12.8817
14.6916
8.20169
6.0078
12.2608
12.0673
10.9511
11.16
6.16337
7.10621
13.9254
13.9524
6.85561
11.4209
11.9187
10.0344
5.37008
6.14419
9.30451
12.3382
14.1995
12.7037
6.40533
12.8368
13.7989
14.1486
13.3836
12.027
9.89613
14.0157
10.2309
12.1327
11.0632
11.4003
9.87222
8.712
9.01689
14.645
8.36335
13.0435
11.0831
12.1973
12.2697
12.4373
5.50665
7.0471
12.1674
11.2316
9.56779
5.15598
13.0864
10.4849
8.47548
9.81532
6.52647
5.85001
9.38375
7.69403
12.3921
11.7557
10.0002
12.8251
14.5147
12.0995
11.8616
9.80191
8.11759
11.5014
10.5713
7.60432
14.9479
11.4976
11.1567
11.543
10.9672
9.89524
6.28515
11.2871
13.4726
5.11871
12.9241
10.3976
5.75097
14.3012
4.60576
9.2476
10.5842
10.6601
11.1625
9.45278
5.40473
14.8677
14.0627
6.66229
6.96204
13.7102
11.5784
6.2565
11.0261
13.6557
12.3502
11.1773
12.9868
10.1753
6.86394
12.8813
6.26663
11.8822
12.8809
10.6004
10.2015
11.9135
11.3989
13.2004
11.3009
13.5169
8.37268
12.6007
10.7921
14.1025
10.2718
11.2931
13.7676
5.46554
12.0738
8.53589
12.0738
13.7306
8.56254
7.82325
14.5942
13.9418
11.0299
12.8726
14.4848
9.77331
10.9132
13.4177
12.4929
14.8383
12.7849
9.6264
8.84079
10.966
11.9502
5.69076
6.77262
8.15027
14.9197
5.23783
10.4865
5.8254
13.5582
13.1638
10.2114
11.8795
13.4505
9.98766
8.96187
13.8927
14.9275
14.6944
11.4793
7.72227
11.3752
9.28604
14.6377
9.9114
13.0985
6.17136
12.0982
11.5069
7.97782
10.4105
13.0923
6.52216
12.4896
13.5498
10.3081
9.35302
14.3311
13.9937
12.0822
8.20669
13.129
8.12284
8.78797
13.7421
9.87351
12.2111
9.94964
14.7631
12.0106
9.73634
10.0289
10.3489
10.0663
12.7816
13.0569
10.5444
11.8353
13.1695
14.49
11.1918
4.70326
10.3821
11.0637
10.3304
11.8872
12.0197
12.9437
9.55521
11.5603
13.0322
12.8501
12.2578
14.8142
12.9909
4.91226
11.2454
11.8423
11.9132
14.8875
11.7872
6.63099
14.5875
6.54136
11.8968
11.3583
14.262
10.7616
14.2287
8.75721
12.8665
10.8738
14.6107
12.4606
13.7693
13.9871
9.60987
11.942
13.0999
12.314
14.0148
14.7537
7.63389
13.7481
14.667
9.85122
12.4802
11.9761
10.056
10.0606
13.8391
12.7659
12.8836
13.6207
13.7164
13.3041
13.7724
12.0323
8.40998
14.2043
14.9972
10.9889
7.96909
14.8867
12.998
9.38228
8.78301
9.82845
7.06389
14.3181
8.88808
7.54717
11.6911
11.5441
7.65228
10.0372
13.6253
8.086
11.8209
10.701
12.4175
11.7476
6.03975
8.76812
9.32558
12.0697
14.8019
14.1219
7.11376
9.97659
12.839
10.9711
14.7046
9.44266
9.10611
6.33553
11.6541
13.2142
14.0232
13.9224
13.4615
10.9715
9.42717
6.64029
9.56758
13.5292
13.2471
9.07833
10.5921
11.3897
14.7325
4.38688
9.21933
14.4038
6.08949
10.8516
5.46305
13.1447
13.2344
12.4331
11.6206
10.9603
10.7008
7.31416
12.3213
10.5097
8.43497
10.9907
12.7856
11.512
8.8403
13.8924
11.3301
5.99328
7.19469
10.9131
8.58362
10.3464
11.6925
12.6663
13.8571
12.6305
12.5312
13.1518
12.6559
11.0994
13.4448
13.6688
11.4766
6.91828
11.1414
8.75449
12.8247
14.0078
8.10777
5.3602
10.5391
9.72231
9.33633
12.9722
13.5387
10.5199
11.9254
13.7557
9.96735
10.7462
10.3061
10.8456
13.9983
11.3974
9.49203
14.1997
6.49041
5.61263
6.15337
10.5361
8.27288
12.4424
6.85729
9.22753
6.71724
12.5765
6.8102
10.0523
14.6197
12.1333
14.0261
13.9373
12.6973
12.431
13.5257
12.9352
9.99432
10.5756
6.26019
6.25137
14.7693
14.1803
7.88675
12.8946
4.95118
11.8976
9.51033
11.892
10.9835
14.3413
10.1744
10.8549
12.5542
13.4533
14.9396
14.7197
11.7634
12.1876
5.71802
13.5603
5.45783
9.74778
9.3372
11.0078
8.23823
10.7062
10.3888
7.70857
11.269
9.97196
6.03587
6.39306
11.6666
13.4029
12.1615
10.5406
8.80119
13.1628
10.3826
14.1724
7.50808
10.1699
12.4365
5.56894
10.2933
11.5061
9.98796
11.0978
13.0425
9.86141
13.3483
13.5084
10.3514
10.8259
10.4842
8.98584
11.1361
5.79617
12.7609
10.6407
10.3916
8.04087
13.051
7.49007
10.8343
11.3669
14.6231
12.7168
14.1098
13.3375
6.02765
12.7702
5.80239
8.23555
14.484
11.5398
11.7853
9.50996
14.1529
12.3256
8.70941
12.4124
11.7938
12.8883
13.6812
14.1317
14.5584
8.64764
5.86381
11.4399
12.7306
11.9514
11.446
8.76081
14.95
11.8655
13.9142
8.65406
12.5117
12.0064
9.12328
14.9512
10.0283
9.86442
8.99558
13.3356
11.9189
7.85659
11.3577
11.9034
6.48586
6.45083
10.3159
9.9239
9.83285
7.24109
11.1817
9.00353
12.2122
9.12457
11.3661
5.15545
5.50141
7.20207
10.1125
8.45218
5.35543
10.6638
11.2657
11.234
11.6463
11.5653
13.078
8.00671
13.8057
12.1389
11.1975
12.2432
14.3788
7.58497
7.26768
10.0659
12.7252
9.33445
11.4581
9.80255
10.9572
12.6284
12.9243
8.18313
14.7504
9.25801
12.7604
13.1461
12.8978
13.1951
11.9267
13.481
11.4224
10.0259
7.5206
10.0347
10.2545
10.5647
10.2457
14.7915
14.5241
11.7183
8.14229
13.5917
14.1998
6.21405
6.74881
14.7781
6.44456
13.5368
8.93507
9.46638
9.86883
12.2551
9.78801
10.617
11.7739
4.33849
14.6112
13.4677
9.44388
12.0728
12.8351
14.7252
10.9566
9.07343
13.273
8.07888
6.93676
13.5426
9.41611
11.0801
9.80771
14.3876
14.5604
10.7033
13.6504
13.6455
13.557
9.63635
12.8728
10.8406
13.1037
13.671
14.7346
13.5532
7.53039
13.5488
10.0861
8.08914
6.32248
10.0296
14.4711
6.95473
14.4295
6.432
9.07195
14.8283
10.7159
13.165
6.18624
11.7763
8.45872
14.3528
12.6068
9.27504
8.67075
14.5346
10.205
14.3366
10.374
14.6336
6.03225
12.8428
12.3031
14.5168
12.5456
13.2713
9.2359
11.3684
14.5536
14.2916
5.52115
11.371
8.44551
7.5757
12.1433
14.2287
11.5988
12.3658
10.4664
12.058
14.0245
12.167
6.01455
10.5948
9.68009
10.4138
9.91335
12.3318
12.7016
10.1012
10.0449
8.71802
12.6456
4.44615
11.5962
9.86572
11.2901
9.18004
8.60801
10.1935
10.6164
10.1958
11.1045
9.80118
14.4886
13.6474
8.10038
14.7472
13.9357
14.0337
13.04
14.6163
14.2295
8.30022
9.25522
4.67557
12.3453
9.56271
8.9609
13.886
12.7679
13.5334
11.6627
13.7288
6.01357
13.023
11.3409
13.9892
10.7752
8.80302
13.9101
13.4254
11.6561
7.49242
13.0515
11.2499
13.2758
13.0862
12.7068
13.2999
9.10643
4.65107
7.68003
11.9331
14.0994
9.4813
12.57
8.80108
7.10929
10.3247
12.3141
8.62988
9.86235
11.9072
13.9141
11.2774
8.44695
14.3746
14.1927
6.15167
9.63947
9.1801
12.816
14.0773
13.6858
11.4577
13.7061
8.00378
13.5632
14.7961
11.9028
12.1312
10.0411
9.41477
11.8415
12.6428
13.8052
12.2873
14.8854
8.21588
13.4144
8.20937
13.8684
14.9567
12.3004
13.4624
11.6838
7.62214
13.8933
10.1554
8.31454
12.6043
8.98748
12.8207
11.1479
9.35763
10.1057
12.7336
14.3476
11.1082
9.10154
4.7059
9.5308
7.14459
7.96888
10.9478
9.16906
10.6442
11.9019
12.7983
14.9152
12.854
11.4756
14.2144
9.18569
13.5189
11.9611
13.3177
13.2904
11.3576
10.7841
10.2305
14.4007
13.3533
11.5807
12.775
11.9768
11.5519
14.258
11.5964
12.1429
14.7576
10.065
10.8969
9.2926
11.1036
10.6669
13.6861
13.7791
9.79301
14.2163
12.6245
8.44448
12.1202
14.2336
12.0041
14.4709
10.9848
11.1673
12.2009
6.61209
10.9975
9.08572
14.6605
11.9074
7.67396
9.44126
14.2086
12.7586
13.2884
10.2886
14.9111
13.4149
9.83058
12.0378
7.69124
12.0224
12.6527
14.8558
14.4871
12.7571
13.9751
9.78189
13.2179
11.3222
12.0255
9.09832
9.05558
11.1816
8.72436
10.1683
8.01045
4.41058
11.1825
13.5575
10.5944
9.48439
13.231
12.7373
13.7791
14.3921
12.0626
13.9482
14.4708
14.0647
8.44263
9.72103
8.92186
9.99695
7.57961
14.5264
6.56814
9.95781
13.3368
6.20716
12.3805
11.8393
9.43554
13.6617
10.842
6.70245
8.0048
7.60402
12.9628
14.5353
10.5368
13.9252
13.9149
10.168
7.30388
14.4246
12.7456
13.9141
10.8909
11.8465
11.7725
8.45979
14.8556
8.40483
10.9959
12.5476
5.2951
9.6581
14.6435
10.7076
13.9545
14.201
14.0577
11.6832
5.48544
8.10767
10.1229
7.89765
8.1102
12.199
11.587
10.4273
13.5198
9.79785
12.2962
9.95668
12.0768
8.29144
11.4845
13.2459
5.38941
8.91945
14.1943
11.3235
9.0591
6.97249
11.2111
9.81115
12.7363
11.829
10.2362
13.1496
9.96362
6.19266
5.71
14.5027
6.33267
11.1831
8.45509
9.96219
9.70958
13.9308
12.8186
13.8006
14.1851
7.28941
12.4149
14.8548
12.3099
14.025
14.1985
13.2475
13.7888
11.5083
14.1678
14.8676
11.7913
13.0279
5.59983
13.8472
9.0205
14.7727
14.6738
13.5171
5.87482
14.04
12.5364
13.2772
13.5261
14.4348
8.95669
11.2117
14.6457
10.7351
10.1788
13.2969
14.7005
14.2268
11.9467
12.5552
9.95763
9.97751
12.4793
14.2725
8.39864
12.5325
8.88109
12.4197
14.1776
11.034
10.5014
14.3672
12.421
9.08508
10.7527
14.3624
13.8826
5.96963
9.36362
10.3962
7.42298
8.75308
10.4385
12.1292
9.13965
5.89204
5.90004
9.99132
5.4934
14.3724
7.48507
14.1016
13.3056
13.9791
14.83
14.4086
11.407
14.1627
5.01886
12.915
13.0082
10.3746
14.0596
14.5809
10.9495
11.3901
14.3605
5.66582
12.5815
12.1731
14.4356
13.5713
14.6582
14.8842
7.44923
9.0868
9.74237
8.84979
12.159
13.9869
10.3166
14.2172
6.05135
11.6126
13.0866
11.0154
8.32851
13.4476
8.00864
6.24793
13.4252
5.97615
11.4892
11.8581
10.9666
10.3104
7.53511
14.3644
14.3349
11.7543
9.47896
10.9902
14.8946
9.99966
11.3166
9.22307
11.6641
10.1375
11.4892
4.08596
9.78003
8.83684
11.551
9.66703
9.73627
8.40077
10.7842
13.9701
10.3329
11.2366
10.683
13.6706
12.7309
9.1949
14.603
11.1395
9.33978
7.08586
12.503
11.0834
8.90929
10.8463
10.0293
7.41596
11.9427
10.5858
13.8809
11.4279
14.5551
14.8023
6.20041
13.1975
9.73937
9.43579
14.4974
9.37278
14.788
9.28017
9.59001
7.91444
11.6072
9.45972
5.49147
13.5506
12.1549
7.1119
4.80686
11.734
9.61124
13.6182
11.0235
14.2485
13.509
12.4386
11.3022
6.5831
14.4315
13.7248
14.3688
12.6296
13.2806
8.60951
11.3572
14.8969
11.336
13.6839
11.5403
5.20821
8.68827
9.14301
10.6814
14.9304
12.4112
13.5501
11.2663
13.3527
13.8244
6.18614
9.60499
12.4365
14.8283
13.9045
14.4637
14.6245
14.1418
10.4773
12.8102
10.9545
14.391
13.5046
11.0373
14.1855
9.34266
9.06997
14.3666
11.7177
12.4211
13.5632
10.6225
9.98809
11.7476
8.24604
14.2674
12.8022
12.2761
6.2048
9.36536
13.2919
13.188
7.83023
13.6565
14.7652
7.62847
10.3504
13.0459
5.17005
10.3837
14.5231
13.7705
10.8847
6.2315
8.49078
4.10659
10.2132
11.7559
10.7582
13.3299
13.1192
9.67993
9.49388
14.9851
11.7952
10.9661
13.9297
12.8249
9.68648
11.6826
14.8583
10.563
6.07987
12.5339
12.5001
11.309
11.8186
6.33555
13.1996
13.988
10.9222
9.40551
4.86903
11.9784
13.2992
12.7125
12.0016
8.94889
8.60813
6.43138
9.59388
14.0669
6.3037
9.58612
14.536
14.6968
13.6107
12.8913
13.866
12.2434
13.5602
9.36343
11.5977
11.7167
11.8758
10.8428
10.8779
8.85583
10.6375
4.62546
7.11958
12.3025
14.1962
8.7064
12.3353
8.76466
13.2668
11.1952
12.6206
11.1441
8.35445
11.7132
14.849
9.97989
12.803
11.5352
10.4071
9.15803
9.92255
12.9312
13.8616
12.44
13.5686
9.76594
6.85828
5.84977
5.75143
9.01386
13.7364
13.5301
8.92995
8.60296
13.6614
5.52395
5.97479
6.72059
13.7619
10.1716
11.6115
9.79522
9.15363
13.6643
10.6483
13.9797
14.4097
13.0548
11.0948
7.04356
9.07528
11.5014
9.50334
9.70084
13.0885
14.8591
11.0594
12.0144
8.86024
7.54225
8.83942
10.588
12.7274
5.6543
14.1411
11.1172
12.4494
9.70182
13.5546
9.64299
14.6775
14.3086
9.61445
14.6476
10.6062
12.3369
6.87323
6.66708
8.41851
8.4145
13.1599
11.4819
10.9802
8.88263
13.354
13.8023
11.8772
11.0931
12.9092
6.41459
8.19275
9.95989
10.6754
13.5009
7.93496
13.4489
10.5926
14.6623
11.1965
10.8548
7.31815
13.2598
9.97986
11.91
14.6052
12.2949
14.9519
12.1568
9.54796
6.4817
10.4143
11.3152
5.76896
7.71124
14.4869
5.37523
6.68279
8.56569
12.8941
14.9917
11.1416
9.24903
9.16428
13.1886
14.3522
13.949
8.31938
14.4599
9.92505
14.2938
12.8351
14.4332
12.781
10.584
10.2127
8.74243
8.68342
14.7898
14.9083
14.7269
13.2174
11.7171
11.6981
12.414
12.6368
12.1297
9.3074
9.03302
11.412
14.4384
7.1635
11.8506
14.7859
8.69197
12.4302
5.99206
10.4209
5.43936
13.1127
10.1388
13.702
12.1551
8.77612
5.75071
5.86456
9.74818
10.3518
9.06133
5.89601
9.57452
12.9997
9.67061
12.8703
12.2017
12.7197
12.0538
5.92006
13.14
10.5353
11.4598
8.61155
13.5196
10.4086
9.18731
14.9131
13.9632
6.23337
5.86632
11.4008
14.948
13.6369
11.2622
9.67726
8.16471
12.5816
8.34418
6.10428
12.0611
10.8614
11.701
13.8842
5.93582
14.1484
11.0424
13.8645
10.5336
10.2287
10.3896
11.6692
7.77046
12.8085
12.9316
12.7014
9.45074
12.0753
10.5375
5.75844
13.9182
9.00094
13.2865
10.6654
10.2387
11.1581
14.8018
14.7202
13.2446
14.62
10.6225
14.0756
14.2402
13.589
9.15542
14.3833
13.4921
11.8705
10.5388
14.811
14.8887
10.6149
7.49188
13.9508
14.2001
7.7717
14.3523
12.945
6.88222
12.3519
9.16265
13.1387
10.5581
10.1848
6.38635
10.6903
14.1452
8.90623
4.06601
8.66445
11.3386
14.8976
9.75117
5.30423
13.7107
14.9556
11.6074
14.233
11.7571
10.6008
8.22674
6.35364
6.32969
13.42
14.1576
12.5963
14.7868
12.0633
5.3895
11.5307
14.947
14.4528
12.6193
13.0634
8.58116
9.28205
12.0286
11.6893
13.6525
5.33568
10.5216
12.5851
12.2379
13.8368
4.63062
10.8234
13.7032
7.919
8.34349
14.2097
13.6491
10.821
12.2628
12.5136
10.4202
10.5996
11.7758
10.1068
10.9851
12.3944
14.9943
11.9184
14.5813
14.944
8.63044
6.87638
10.0111
9.71502
13.7133
14.6836
13.1958
7.8615
13.7829
5.90644
9.64354
10.1699
14.1881
14.8446
13.4525
11.7466
13.3389
10.7516
12.5326
9.83252
8.60419
11.336
14.0737
12.3737
10.8184
13.1295
14.6996
10.4617
13.8816
13.9699
14.0452
10.931
10.9297
7.28111
11.367
12.9191
5.8683
5.38873
5.82259
12.2324
13.5116
6.02784
13.2955
9.13936
14.0393
12.3437
14.4005
13.6775
11.8346
4.69997
6.71198
11.0317
13.6121
8.31205
9.89987
8.46492
5.39232
13.3371
9.07803
12.9771
13.8095
5.80335
9.83485
10.6935
10.7973
13.9659
11.9171
13.6295
13.0291
14.2032
6.73103
10.6929
6.92312
10.8378
5.57261
12.0662
5.73308
6.22149
10.7099
12.793
12.8297
13.457
10.7929
10.1611
9.05988
8.78188
14.6409
9.67459
9.90771
9.74462
5.65937
12.9798
8.3424
11.566
13.1564
6.62368
12.2669
13.0566
13.1724
12.2598
6.60132
11.6297
14.7779
10.219
9.59254
5.69126
9.4077
6.48085
12.7573
6.26087
14.0097
11.9254
9.18834
12.2344
8.05184
7.50811
10.0331
11.5765
11.3267
9.96386
8.58205
12.8489
7.74906
13.3592
11.5814
9.17992
13.0804
4.39091
12.8967
14.0242
6.05443
11.3921
11.6883
14.3252
11.861
8.22277
10.4893
14.9521
13.3639
6.4615
5.13712
9.40663
12.1238
10.2521
12.7279
14.126
8.44109
11.7907
9.26253
14.3666
11.2302
8.31966
9.65092
8.72686
13.2505
12.6178
8.91405
10.8478
13.4127
13.0458
12.4055
11.596
11.2875
7.59766
13.7954
8.43834
13.5141
5.70923
7.95479
5.66036
12.5567
5.87186
9.26316
12.1386
14.8557
12.3076
14.5781
6.8578
13.3923
12.6227
12.3704
11.7724
14.2276
10.6009
5.97586
14.0976
12.2116
10.1308
14.2566
11.8753
13.3446
11.4981
8.67098
9.94118
10.2984
12.9738
13.8067
11.6797
13.9977
9.66017
10.5805
11.4892
7.57759
11.1393
14.5882
14.9063
8.16993
8.41638
9.69639
6.18139
8.07497
10.8247
10.6586
10.5378
14.3076
11.9666
9.62611
8.46155
11.1155
9.82604
10.3201
13.864
6.74116
11.3147
13.7833
9.13011
11.5692
14.8002
12.0244
13.8142
13.4712
11.1389
8.81363
13.6705
14.1676
12.5735
11.8213
11.1768
10.6129
13.8582
7.15984
10.2669
11.8114
12.2884
12.0352
6.65261
13.2231
10.2937
7.61907
9.48151
13.5774
14.2077
9.58275
13.3231
13.7781
5.83114
13.9247
14.5261
14.2849
12.7319
10.8455
12.1529
14.5273
9.57084
12.9202
12.7593
8.74833
13.7303
6.74346
10.9596
9.24847
13.8424
13.4128
11.8982
11.563
13.4507
6.34332
9.87576
12.1922
12.4609
8.19384
12.3023
12.889
13.0074
13.2521
9.90471
10.3699
6.01516
9.4674
13.914
12.7369
5.9846
13.7249
9.70495
12.8533
14.8881
8.64538
11.3778
14.6657
14.0228
13.6353
12.0104
12.088
13.7092
13.8314
7.90078
12.61
13.5956
12.1708
12.1526
8.92951
13.7898
8.33473
10.7578
14.0529
14.8318
14.649
14.1234
14.894
10.695
12.0611
12.5932
6.90043
12.6387
14.3861
14.0895
6.22058
14.0645
14.993
9.14635
10.4365
13.7108
14.4762
11.1743
8.03261
13.7925
9.32649
11.1969
13.4699
14.0087
11.2663
9.46536
8.56227
12.9111
8.26981
10.3398
13.2137
8.57167
10.4377
14.4422
14.6098
9.46473
13.0584
11.6583
13.1497
13.0986
14.0492
12.0761
12.5441
9.14947
7.69348
3.90505
13.3422
9.18309
8.14445
4.23091
13.7908
13.8194
13.6322
12.8327
11.6522
13.1656
14.752
10.7734
13.2631
10.2583
14.4134
6.63546
9.91992
6.21993
10.5465
4.34702
6.22224
12.7969
7.71208
7.95698
12.2238
6.18705
13.5502
14.2532
11.2975
14.5176
9.48776
8.39681
10.8015
8.43761
10.6497
13.9294
10.7575
11.1429
9.91605
9.4964
11.7466
10.1805
14.2453
10.3783
12.6487
11.0791
10.8598
13.2346
10.0278
10.6503
14.2622
11.845
13.9794
10.8664
12.8638
14.2814
7.75867
11.4261
9.4041
11.9313
8.78735
10.7858
9.89173
8.40246
7.51081
10.1645
11.4407
9.88225
13.1881
14.2775
12.8571
11.7478
11.2276
10.4056
12.7129
6.64954
8.6188
12.9131
12.9505
9.05082
14.6472
11.3957
10.1925
11.8522
14.2234
8.77332
5.73877
6.55853
14.441
12.6224
14.7275
9.6122
10.6675
14.5694
13.7323
14.4927
13.5123
14.4109
8.76013
14.3576
12.4276
14.1647
10.3824
9.02968
7.16463
7.9451
12.6494
8.31493
13.3692
14.0706
10.9643
5.58601
6.58524
9.30418
13.2274
13.77
14.7663
12.2653
14.7691
8.27398
11.2829
6.97939
13.0473
10.2338
11.5595
14.5614
13.443
7.70337
12.9986
11.2285
13.1079
13.8152
11.8943
8.14376
14.3159
12.0183
10.2975
13.914
14.206
14.4759
12.6312
10.2748
11.4239
6.72205
10.3701
13.5927
8.62548
11.5059
8.22931
11.6186
8.53339
8.27573
11.3492
11.3153
10.4914
13.7105
10.5238
12.6221
5.9826
12.1609
11.8148
14.7028
14.5678
6.723
8.80322
10.1233
8.53445
10.613
12.0965
12.7431
8.79807
11.3017
8.44178
10.0837
8.55627
10.0812
14.3785
14.6899
12.0747
13.2317
12.2645
5.66087
10.856
14.9022
10.8196
12.535
4.82373
14.1066
5.38955
6.66336
9.75372
10.3198
14.078
11.4083
8.43916
11.1841
10.9255
13.2331
8.61896
11.5478
9.89654
11.1375
12.0703
14.7757
4.31373
8.70558
8.51029
9.28655
10.9168
7.10969
10.0057
12.5763
12.5367
10.5938
13.9279
6.37791
11.1016
12.4998
11.1077
6.89001
12.0525
14.3857
9.91036
7.43667
8.70816
11.8567
11.2903
14.0151
14.0344
5.99048
8.94266
10.7191
10.2823
10.933
13.9559
14.6868
9.90996
14.4513
11.3183
10.6892
12.7327
11.3891
10.8038
12.7895
8.8677
7.21595
8.38545
9.51758
7.27626
12.9764
8.46269
10.2771
10.7087
14.8097
12.9254
11.2437
14.2668
10.37
10.4532
14.7027
13.0958
11.183
11.919
14.8066
12.007
13.5783
10.4185
10.3081
8.15233
10.8954
10.1941
7.63984
14.387
11.6522
14.5983
5.16674
14.1837
9.96097
11.5288
11.2477
8.28601
6.9404
5.77682
14.0788
7.86738
9.02604
12.0671
11.2478
11.2327
14.8177
13.3817
12.7263
14.3315
7.39173
14.9349
10.4548
11.2622
13.297
8.2411
13.657
6.36126
13.3855
12.2972
9.27357
13.5089
14.5228
13.8469
14.6577
12.2623
13.1634
8.40035
11.6656
14.6016
12.4592
13.3728
9.01859
14.81
7.51325
11.4034
13.0912
10.9936
9.06262
9.43134
14.9308
5.47757
9.44124
8.7635
14.7676
14.529
10.4041
8.83879
9.39105
11.8805
12.2374
12.8406
11.0959
14.48
6.53023
12.3499
10.6693
12.0819
12.2445
12.7752
12.7877
13.9873
13.5216
9.71503
9.15753
10.2088
14.9993
8.9414
13.8772
10.5236
13.4883
10.0898
10.9712
12.9184
13.7574
13.6185
12.6397
14.5278
12.7
11.9571
11.4021
10.8411
9.94729
12.4468
9.70291
12.6066
8.62161
12.2218
13.514
11.6146
12.2875
13.932
14.0986
14.013
13.9457
12.9653
11.8323
13.7111
9.32891
12.8743
13.9726
11.054
10.1993
5.5727
8.53568
7.39858
11.5603
11.9904
8.92383
9.2274
10.092
7.20748
9.62541
10.2562
13.0128
13.1041
14.5846
13.6163
5.24387
10.0833
5.65689
9.93415
14.7251
11.7219
12.6041
9.58085
9.93901
9.9865
11.9297
5.25092
6.33762
9.61432
9.65005
11.3301
8.90261
12.5306
13.8573
10.7326
11.5674
4.28287
9.19452
11.7729
13.2838
9.62505
7.61346
10.742
8.21554
10.0821
14.0272
9.73261
13.8374
9.1925
12.4744
11.1743
6.01848
13.8089
9.1342
9.73323
11.1116
13.7046
9.07385
14.738
5.66948
11.7575
11.7956
8.8646
5.90961
4.44223
14.3694
10.4954
11.1336
8.29832
11.0737
5.55777
10.384
4.43897
14.8809
9.99087
9.67225
10.8113
12.9931
6.39413
6.30434
14.0857
10.1898
8.93693
13.4649
7.98384
9.65495
12.5529
12.9866
11.7071
9.65421
10.3327
14.525
11.4647
8.61888
10.9784
12.5107
13.4087
5.93874
11.2774
14.9097
13.2193
14.3381
14.4996
12.1349
13.8921
14.0002
11.1522
11.7503
6.82573
14.7738
11.6917
12.7112
14.0305
12.4581
14.6948
12.6837
10.7862
5.56197
14.3709
14.1712
9.88139
13.5623
12.0926
11.6182
14.3369
13.0035
8.00167
11.9303
14.3361
10.5285
9.81872
5.67543
7.99228
10.6212
10.2498
8.92245
12.8561
10.6275
10.3379
6.36951
11.5073
9.74405
6.04348
9.76349
9.27533
12.6504
5.20181
6.17827
12.21
6.17572
12.3407
14.0783
7.0227
13.8403
14.055
13.4913
11.2386
13.5253
8.19287
8.77642
8.81056
13.71
14.5226
7.01382
5.69002
11.0586
10.9219
12.6154
5.44008
14.1924
12.3006
10.2024
10.8531
8.47139
6.30972
10.4739
10.2892
10.9994
14.6198
10.3338
7.38294
13.6889
10.6233
9.33202
5.91972
5.88766
8.50957
14.5888
13.0329
14.2725
11.5543
8.66289
13.4032
12.5871
8.77985
10.3125
9.6638
14.9551
6.95218
14.1218
9.30962
8.17862
9.83554
14.2712
8.74565
14.2603
10.6718
9.10509
5.76329
13.7581
9.94751
9.86853
13.5682
10.4833
12.7627
10.5402
12.6601
13.6786
13.4247
11.6019
9.75475
12.1378
13.2677
7.52152
12.8835
13.2604
13.8499
10.6971
5.76379
13.2756
14.5672
11.1108
7.22397
11.325
9.45643
14.9502
6.43113
11.943
8.19904
11.8754
8.58008
11.5989
13.366
10.7614
6.04644
12.84
11.3349
13.777
10.9011
9.12372
8.05542
14.0643
10.5845
13.0558
9.80772
12.8149
14.2694
12.8443
9.46858
10.9328
12.8636
12.3069
10.0731
8.2612
9.73119
9.12989
10.9502
7.77681
8.99191
6.85131
7.61929
13.1609
8.62602
12.5763
5.67765
13.7086
9.87222
12.5531
14.1162
11.3479
9.51977
14.8825
13.8565
11.9967
13.0297
11.0441
12.1933
8.4809
13.2331
14.4401
5.68508
13.4804
8.12575
8.72913
11.0976
9.00573
8.30159
5.61237
7.94883
8.17085
9.27085
14.2315
13.2253
8.56467
11.0555
13.5637
10.4569
8.65863
5.35952
6.2572
14.8047
10.161
14.6096
8.28309
14.1842
10.439
10.8912
5.88443
12.6159
14.0983
9.31753
13.3347
12.263
14.0946
9.78698
5.01531
13.3887
12.835
10.7548
7.59517
13.2146
12.7547
12.4529
12.2387
9.49158
11.8785
11.9319
10.3505
14.6259
13.7916
6.09537
11.242
10.1763
5.64682
14.0104
13.3985
5.69456
10.9875
14.5592
11.0653
6.16357
6.96719
10.7057
11.578
8.91888
10.5638
11.7749
12.4467
13.9162
8.99605
12.8299
14.773
5.8278
11.2193
13.1908
14.1748
8.72488
4.83631
10.5471
9.52687
10.5417
12.0594
10.1639
14.6868
9.89751
12.2323
8.59489
9.27723
14.5638
12.8722
5.06922
14.5311
9.55429
12.0143
9.08319
12.6958
10.9631
10.5199
14.339
10.2233
11.2965
11.6761
9.9132
9.69776
11.6009
11.0822
14.351
10.4159
9.42936
11.9113
14.4228
12.0523
12.0389
14.7722
5.15631
13.2467
5.18441
8.35691
10.1895
9.16701
12.5534
8.3289
10.8283
11.5716
14.2516
7.89648
5.13152
5.82345
9.20869
12.7281
9.2133
11.8671
11.8022
8.13702
13.5722
14.665
12.3247
9.40965
9.81771
12.4446
9.25052
10.3133
12.0826
9.61575
14.5167
9.95606
13.1172
12.6799
8.20714
7.49783
14.0611
14.0775
12.9193
12.9428
14.9393
11.5017
12.2839
14.1044
11.1981
13.7845
14.3797
14.1663
12.7949
9.54651
9.70684
9.40515
9.82406
11.7714
10.7984
5.26791
14.8641
12.4285
10.3898
13.314
9.17051
13.6555
8.98625
6.75292
14.958
13.3408
11.5248
10.9518
14.1164
10.9967
14.9758
9.49032
6.55158
9.89624
10.6607
9.97626
13.5889
10.1077
12.4706
12.7954
9.6328
6.15251
12.3843
13.9415
13.9224
5.8135
4.87006
11.7088
8.6277
11.4288
7.91278
11.6044
12.8339
10.5967
13.5317
13.0824
11.1778
6.27577
8.74148
11.4659
13.0004
7.54186
10.0619
10.0336
14.7748
12.7892
13.452
12.0326
14.7455
12.042
13.3095
13.1794
12.2204
11.8875
13.0838
12.3675
12.2379
11.2033
14.4693
14.1807
12.8568
14.3938
13.4855
11.381
13.2669
11.8587
6.26187
13.4114
12.3146
13.8346
9.37058
11.5612
13.2311
13.6431
5.77007
11.9979
14.9093
10.8184
6.83871
12.7809
13.0068
13.6042
13.3718
12.2493
9.53577
14.0352
8.78738
9.50991
14.3615
10.4811
10.8789
11.9461
13.8764
14.6072
11.186
14.557
9.61224
10.8897
8.27787
12.7666
11.9098
6.40292
12.3031
10.4632
11.8653
9.73798
10.4423
8.33526
11.9759
9.41051
14.4144
12.1281
13.0824
10.2346
11.2689
11.1896
8.35114
9.10621
10.4736
10.6037
5.28717
12.422
12.1675
14.2079
12.1638
7.67598
14.5896
13.8411
12.1615
12.5422
13.0599
14.3269
13.1069
11.5893
12.8656
10.2392
11.1497
11.672
14.422
13.9741
8.71936
13.3918
6.30386
9.41964
11.4263
11.4149
13.7773
10.1771
6.0855
14.399
9.97704
13.7286
10.4283
11.821
13.6594
14.4403
7.21724
4.52014
13.7229
12.2742
13.0886
8.5701
14.0848
13.925
13.202
12.7494
12.4871
5.62539
11.1493
6.73672
10.6915
11.5506
6.96609
12.4824
6.7691
14.0056
11.5512
5.97312
12.3142
14.4898
14.4396
14.5749
13.2567
13.9334
10.6007
13.4503
9.05779
11.6348
14.3666
11.3289
10.5264
11.0016
7.7141
9.70677
9.82483
5.88712
9.54682
12.2649
12.8441
14.6975
11.2223
13.1034
7.47519
14.6794
6.92971
10.6137
12.0368
8.57974
13.8344
14.8745
8.45465
6.3086
10.5035
5.2435
10.0006
8.54391
8.39892
14.2837
9.7382
6.89809
5.89585
9.99432
13.3546
8.18167
12.3027
7.62676
12.0232
14.7264
14.0139
9.67913
5.92836
8.17801
13.2334
11.5844
7.79739
14.8287
9.88524
6.42794
13.8241
10.2136
9.20195
11.0213
4.69043
12.4487
10.2131
9.93629
9.03343
13.4505
12.6856
11.109
9.07383
5.3179
14.6369
11.0446
13.8992
13.8725
14.7739
14.8025
14.2721
9.73777
8.22004
5.87377
12.868
9.4695
11.8758
12.1016
13.342
12.4147
8.68427
4.36805
9.83619
14.4749
10.2545
7.80253
9.00523
13.834
10.8901
11.1313
14.6772
11.8481
14.6838
14.2291
9.03841
6.10041
14.8602
13.7345
6.48757
4.99085
6.53798
7.41099
13.7249
13.3614
12.4317
11.6317
11.8803
12.9225
8.32529
8.50864
9.49931
14.9736
12.8164
12.3868
5.84822
10.0069
5.27304
9.99726
13.3582
10.1167
12.2056
6.75316
4.90728
10.1381
14.965
6.90547
5.42237
6.14633
10.6213
8.25562
5.92983
9.88517
11.5288
5.99157
8.28047
12.683
9.70402
13.7931
13.8119
11.3014
13.933
9.99011
6.58543
13.9775
10.9877
5.16152
13.8453
11.634
11.8325
10.5768
10.786
9.48191
8.47814
6.49853
11.9248
7.7182
13.8298
5.70061
12.6106
10.3563
10.7633
7.74278
13.9917
8.27616
9.96749
13.347
12.9316
12.5705
12.9414
13.3267
13.8875
9.84207
10.5675
12.4982
14.7969
9.74557
10.0283
10.9856
11.4525
14.4934
10.5996
8.60145
14.5976
13.7147
7.4519
12.7688
13.4479
11.0343
14.101
12.6774
11.3695
14.3591
11.2424
7.21104
9.98326
14.4317
11.8822
12.8295
12.8846
6.2095
13.656
12.4829
10.8662
12.3715
13.8815
7.99201
11.0877
14.8377
12.4556
11.279
13.4582
7.50213
8.47427
10.9849
9.1569
11.0617
5.99644
12.9804
10.7103
13.5138
13.8781
12.8735
13.1092
14.8827
10.2511
11.1766
7.01329
5.76019
9.48896
9.37234
6.17671
12.357
11.5016
11.0901
10.1551
4.94593
9.12654
8.67191
14.6663
13.031
13.6165
9.14549
9.60297
7.66536
7.40455
13.4546
9.59272
11.4414
13.8181
5.93438
13.0881
12.9173
14.748
8.31958
9.60319
13.3198
12.4691
13.3082
7.04168
10.3677
14.5782
9.11545
14.2509
10.6037
11.6777
5.34922
10.5226
11.1641
13.3401
14.7545
14.2968
12.8207
6.38695
7.86268
13.7337
12.6944
11.0043
12.6617
10.4014
13.1246
14.6557
11.4585
8.68563
11.5921
11.2723
9.74561
8.38976
6.21238
10.3871
11.0201
6.24167
8.88409
13.6243
13.7063
12.3804
14.4889
7.25532
10.83
9.10598
14.09
13.649
12.0373
10.7212
12.0265
4.84528
14.8923
8.86362
10.6621
13.7672
11.3772
14.8316
4.56742
9.22907
13.4537
8.27577
12.2778
6.20801
13.6459
12.8788
6.78188
14.995
14.6986
9.26283
5.46626
14.023
13.2489
13.9852
9.3159
12.0832
10.427
13.3151
7.57946
12.7983
14.6402
12.2191
8.48549
14.2459
14.4102
10.8737
6.26952
12.6645
10.032
12.0534
14.3274
13.2266
13.792
10.8756
13.886
10.0167
13.1915
6.67043
13.3908
13.1106
11.0479
14.3207
12.7093
12.5282
11.0708
10.6956
12.4203
12.507
11.5477
13.3518
5.75868
9.95801
7.94358
12.8225
9.20695
11.806
14.3698
12.5005
8.83348
10.937
8.40265
12.8777
13.0706
6.20923
11.1374
14.8864
13.8339
10.6951
11.4467
12.6358
8.50879
13.657
13.9235
12.8083
11.6266
9.44704
12.2722
12.0698
9.78811
13.6371
14.0325
13.7748
10.1984
4.22777
14.3338
12.3784
11.0871
14.5357
13.7086
4.30023
12.9145
12.5191
12.5557
12.3633
6.92547
14.5135
10.8734
12.0379
10.9644
11.2487
12.7836
13.4864
7.37025
11.2011
10.2469
6.88223
11.4229
14.9502
10.3977
13.5603
11.6091
8.45563
10.2563
10.3672
10.6096
12.9331
14.1187
12.4681
13.9971
8.72007
6.28319
11.2687
14.7776
12.0548
9.87467
13.829
5.02629
6.42676
13.254
6.90466
6.18906
13.9947
5.87881
12.3834
14.06
10.4914
10.7339
11.518
14.4203
6.00043
11.0298
9.72427
9.93799
12.3547
12.9758
9.78431
11.5391
12.0296
12.8132
13.9958
14.8351
10.4717
14.3518
12.2147
13.1247
12.1394
13.081
8.83631
10.0627
5.67001
11.1668
5.46081
14.1085
13.3074
5.44962
12.1536
6.61881
13.5612
14.9012
7.6239
7.42511
13.0305
11.8486
8.71457
12.4954
14.995
13.8754
10.2207
9.54954
4.11721
13.1575
12.305
6.77779
14.1735
12.789
12.9507
14.0322
14.0672
9.80656
14.5533
6.47731
8.18301
6.20124
12.4111
13.1466
8.44093
11.2057
14.9443
9.98793
6.68715
11.6052
12.0695
9.73098
12.0254
14.8035
13.2315
11.0899
6.93987
8.14888
8.74124
14.1886
14.5248
10.2192
9.87436
5.84968
10.7429
10.1888
12.8352
13.0443
10.5284
11.5493
9.72787
9.95671
13.2337
12.9474
13.423
12.0084
13.3528
7.71625
11.4306
9.58996
9.84789
14.3137
10.1781
12.0517
9.17096
11.7325
6.00327
12.1853
13.9832
12.0882
14.0106
9.199
13.8131
12.5869
12.6884
14.7462
6.11712
11.1711
13.5672
13.7019
7.9595
9.72295
11.3466
10.6728
12.0156
4.23276
5.63639
7.87161
14.5109
11.5645
14.3949
10.4155
11.4097
8.66578
13.4516
11.1925
9.09614
5.95192
13.9801
12.4648
13.8402
14.1769
7.00459
11.5251
4.34493
10.3305
9.65508
11.3311
10.3035
11.2885
7.46729
8.61085
10.8034
6.26385
13.929
12.1483
9.42039
10.0526
14.7315
10.3615
9.81122
13.8912
13.1962
10.8419
12.1167
7.16872
9.39858
11.4307
11.0783
12.8787
10.865
7.59746
10.9651
11.1719
11.1573
14.8298
10.5182
8.5149
5.9079
14.314
14.1322
12.1515
12.5412
9.09281
11.9329
12.8685
11.6701
11.8948
13.5021
10.072
4.64112
9.62223
9.14308
8.92467
10.7324
14.0253
9.88195
13.3654
11.207
10.6616
10.63
7.60657
11.2294
10.0387
13.2121
12.6972
13.4026
5.75617
8.59804
6.18689
6.2801
12.0527
12.4601
9.0834
12.3825
8.90522
13.2723
13.5024
5.1263
8.18054
12.6935
10.1998
9.35599
11.2259
13.2342
10.1636
14.8406
7.66638
14.1283
6.07801
12.6677
12.2734
13.5544
9.55847
10.7413
13.5178
6.20007
10.3057
13.7668
9.30572
6.80458
10.7054
13.8021
12.1327
13.2626
9.16649
11.9578
14.4559
9.15243
12.7335
13.7109
4.58354
14.6827
10.1677
13.2093
9.08001
10.0677
8.65792
6.33272
14.65
8.44625
10.408
9.059
14.9502
12.7103
8.48135
7.10787
9.65179
14.4218
13.2038
12.4161
14.5406
13.8676
13.334
8.71637
11.3663
14.4063
12.2667
12.8353
11.3851
8.36769
13.151
12.309
6.66904
5.48593
8.63623
12.2211
5.87968
5.84766
12.6044
4.79703
14.7572
8.44462
13.6074
13.5277
9.97908
12.724
12.9809
14.6601
13.1352
9.59984
13.221
10.2654
11.0096
7.06036
9.27458
9.65914
13.9831
9.84209
12.1459
13.0059
4.57166
13.3556
11.2199
9.29947
13.9688
12.3108
14.989
8.50108
6.57946
11.375
11.7879
12.235
9.55293
11.9199
12.2586
14.4849
11.3075
7.53964
8.57226
14.0674
4.45009
7.01941
9.4299
10.2075
9.42177
5.11667
14.8903
14.6739
5.8297
13.3676
10.9011
10.7537
6.14201
11.6105
5.88045
13.8895
9.74615
8.46895
11.3685
14.3924
10.215
14.0581
9.00975
11.6071
8.46426
10.3124
10.6631
4.96081
12.5029
14.7121
12.8319
6.65074
13.1143
10.6453
12.8158
11.6311
12.3937
10.2904
11.9354
8.41619
10.4446
10.6786
9.87164
8.44563
12.8209
10.1388
13.6161
14.3108
14.6317
13.0183
10.3032
13.6242
14.6914
12.5793
8.4208
12.4368
5.27933
5.8147
14.1141
11.7456
14.2953
14.3262
13.628
14.8132
10.6855
10.5193
11.6262
11.3262
9.79217
11.7357
11.6319
12.5416
9.61921
7.93252
12.9419
10.2829
12.6146
13.4123
14.76
13.0561
14.74
11.2866
14.1361
8.15092
9.88019
10.1256
10.2746
7.21178
11.1862
11.9366
6.24104
10.5625
10.339
10.3554
13.3327
7.95879
5.96971
8.70021
13.4101
11.8868
7.1022
14.0598
9.03433
14.5836
10.1575
13.2023
11.028
10.5036
8.46656
12.2074
12.6048
14.0446
11.335
12.4905
9.93777
6.03432
10.9736
7.83727
8.72978
11.8611
11.472
12.535
10.8525
10.5012
6.10341
8.24848
12.7356
14.5518
14.1072
10.2207
10.0876
10.6797
6.27644
12.8138
11.309
7.95254
12.735
6.8657
4.65255
12.8874
13.5679
6.03264
7.88817
5.99995
11.6999
8.55056
9.16118
8.34619
14.3238
12.8512
9.42644
12.9376
9.91626
5.98841
5.59536
9.99292
7.5815
8.36628
14.897
5.84664
14.3526
13.206
13.6934
11.1361
9.83521
11.5624
13.6189
6.14775
12.9419
7.04773
9.0008
8.69965
12.6462
10.9244
10.4186
8.67393
9.33178
10.0473
9.53508
14.1718
13.9283
10.5335
8.73551
10.8645
11.643
11.7593
10.6313
9.34739
12.4256
11.1678
6.45555
12.8878
10.7061
13.7472
11.9022
6.95193
11.0196
11.8837
13.1019
13.3858
14.1556
12.1224
6.60649
14.8757
13.1375
12.9414
6.4431
4.87328
14.5534
12.3419
12.6264
5.42093
11.8398
10.3732
10.6293
12.8804
10.0622
11.0065
12.6382
11.8344
9.29708
9.62804
9.85068
13.308
6.02555
10.547
9.03812
5.07016
13.0327
10.8712
10.0182
10.7194
14.215
13.1064
14.4827
14.5582
10.7
12.0925
8.5761
14.4497
10.0798
13.7099
6.48967
14.145
14.8071
14.453
14.8085
14.3338
9.91588
11.1797
10.4013
14.6069
14.0041
8.0582
11.4092
8.76682
9.04825
9.45785
9.05366
12.0553
4.17964
8.19683
14.9912
14.7225
10.1889
13.4091
12.4749
6.32062
7.06639
11.1802
13.4615
9.82953
12.0158
14.0372
9.46236
14.3903
12.6033
11.4464
14.9794
9.38088
6.50016
13.0911
12.6143
10.5133
5.83324
10.7827
12.8963
8.30354
8.0653
11.1259
8.88979
14.7721
10.4243
13.5757
14.9812
6.02425
11.8116
13.1473
11.1718
11.853
12.993
12.2797
13.6086
9.31442
10.0912
13.4901
11.3946
11.0564
7.79391
12.7744
13.3612
9.56694
9.0309
6.16513
11.9702
8.82285
11.3868
13.0647
14.4296
13.0634
13.1961
13.3765
14.2326
11.0082
14.8454
12.0888
9.92446
13.0353
10.4819
10.0701
12.6615
14.0857
8.47607
7.0364
12.625
14.3926
13.2966
13.9748
9.5872
12.8916
14.0063
9.43591
12.1384
5.39573
7.47892
13.2702
13.9815
11.1256
13.2893
10.8334
6.58636
13.1263
6.48219
14.2039
12.9279
11.1748
6.37362
12.8046
12.2046
14.0206
12.6229
14.0332
5.18869
7.55433
13.4602
13.7683
9.582
11.2635
14.7747
10.6198
13.4118
6.25422
13.9214
12.5392
14.4233
11.9879
9.47543
11.6718
10.851
9.85772
11.0369
10.2206
11.8387
11.941
10.2485
14.5352
4.73076
14.1092
8.01074
10.1321
12.1488
8.18973
5.64717
9.11735
7.90445
10.7425
14.4046
10.1313
13.8591
14.8964
11.1076
10.1799
11.1846
10.9985
11.7776
9.08954
7.83884
12.4752
10.47
13.2685
5.37068
8.88306
8.581
10.4487
5.16661
12.4219
13.8254
13.6604
11.9822
6.69082
14.9089
5.4184
14.4256
13.6004
5.68129
12.4149
9.90067
10.4977
9.07489
7.99069
7.76432
12.1007
12.2575
12.6596
13.5289
14.4649
14.5321
14.6446
10.6756
12.2434
8.908
12.6053
7.72227
9.71354
12.0903
12.5077
12.5205
8.48366
9.26157
13.3737
14.2963
6.05648
12.5943
11.3413
12.6424
14.1119
11.3616
10.305
11.3405
14.5533
10.9703
13.6752
14.2141
13.5112
14.7069
13.1294
14.9823
11.4101
13.2405
11.0387
14.3875
10.9115
13.1867
9.53727
14.7558
14.8721
8.29172
11.6
6.63801
11.3977
14.7413
9.10765
3.40856
14.0173
13.4522
8.7154
13.4576
10.6582
12.4923
10.6955
14.6068
14.2481
13.4243
4.07786
14.1385
14.5418
11.521
13.4266
14.1241
10.4635
7.59931
8.2335
13.0746
9.76129
14.4477
8.27341
5.68128
8.57366
14.4896
9.82858
10.8912
9.89898
10.9543
12.3747
14.5621
11.4612
11.3259
13.4009
12.9496
11.615
14.9361
10.2821
14.1116
9.80443
10.4282
12.6182
13.9117
10.987
14.5582
11.5915
12.263
14.4076
6.05214
13.6894
9.11519
5.36008
8.76874
14.1432
11.9002
11.6423
7.89837
6.98415
10.2972
11.2529
11.6061
9.67477
9.12134
10.8666
14.0469
8.11359
9.20054
5.48226
13.4116
14.4608
12.1876
14.9698
9.77002
13.37
13.9196
13.5832
9.09183
11.6214
12.9709
14.7811
12.3511
14.7237
12.4116
10.8189
5.67923
9.56282
5.38787
11.2219
12.6985
12.9229
10.5571
11.4188
13.8571
13.4941
6.49611
12.0005
9.43699
10.5717
8.76647
9.75862
13.0838
8.66518
11.9853
12.8458
10.5449
8.11311
9.91939
5.47746
10.7147
12.4062
11.1962
14.332
7.50668
13.6724
13.8995
9.67793
12.7783
12.4793
12.6418
13.2347
10.1422
11.8115
10.9258
10.3202
7.38254
9.00534
13.6658
13.6565
11.6001
14.7529
9.0881
13.935
12.7777
11.9372
10.1563
12.1173
11.4986
12.0366
8.41081
10.7007
11.9649
4.81372
5.42256
12.7992
12.1517
12.5622
9.93033
7.32688
8.45847
14.815
9.37153
14.3136
12.639
13.3107
12.9085
10.2242
10.5319
9.15343
14.2379
14.3567
8.37703
12.5256
6.11361
12.3956
10.5652
6.61792
13.5859
12.416
12.0371
12.3011
9.88158
12.257
7.98833
12.0738
10.4423
8.75336
13.8105
13.0943
10.7628
9.55944
13.2184
10.6127
7.94365
11.1084
10.9791
10.3814
11.9407
11.8012
10.6618
5.44009
12.4771
11.7013
10.0956
11.9998
14.4884
7.88485
8.32826
8.64071
14.1613
13.4118
11.9099
7.36388
6.56211
10.6637
14.1837
6.33335
9.64186
10.6348
12.5639
12.4336
13.1839
8.24243
10.5027
12.9168
12.2396
12.7144
13.7781
14.6616
13.6892
14.3652
12.9198
11.2821
14.0139
11.3731
10.373
10.5597
12.5388
14.1045
11.4188
12.934
8.42522
6.00943
10.3188
11.648
10.0531
11.0518
6.51975
9.76707
8.93625
11.5565
12.5139
13.1298
12.9323
14.2366
13.9853
12.0617
6.19548
12.6126
12.8935
11.8054
11.697
9.82339
14.1403
12.1391
6.0882
9.76943
7.19127
6.15414
11.4523
13.3189
14.3219
13.2357
14.2748
10.7093
13.9106
5.33148
5.61972
10.4517
10.3099
13.8266
10.3298
10.3404
13.3031
14.7486
12.3775
12.3393
6.67761
8.53758
5.66221
10.3746
11.0027
14.6678
11.3084
5.70842
12.9815
12.8963
13.8462
10.6847
14.7151
9.55686
10.6472
10.7123
7.03363
4.61093
9.60598
6.0468
5.43202
9.5246
13.3863
10.946
11.8256
11.3362
8.44104
9.69602
10.4059
12.2073
14.4992
12.7174
8.94588
9.54647
11.9517
7.03862
14.0889
11.1436
14.5051
9.91564
11.0455
13.9861
12.7828
6.11136
9.61328
12.2433
10.7881
14.1925
10.6632
14.1303
7.50587
14.0078
10.0923
10.6408
7.39812
11.6116
14.424
10.6265
14.8966
11.2129
14.5819
8.59245
7.58644
11.3546
14.7405
13.9455
8.85145
13.7572
11.5091
12.4893
10.6727
14.2748
13.5112
13.9317
13.6443
14.3878
10.4241
14.6997
9.69227
12.8482
10.7977
12.6639
14.826
12.3776
9.53957
13.4743
8.56074
9.43463
8.64619
13.7847
11.2316
12.4232
7.50714
9.69415
14.4273
13.9013
10.2284
9.93203
13.5856
13.1586
13.4601
11.5505
7.10934
5.42375
10.8055
11.3268
12.7905
11.262
8.62581
11.3954
14.7597
11.4587
10.7116
10.2753
13.9099
11.9132
9.40954
14.5748
8.63732
12.1593
8.07687
6.26069
10.6705
14.7148
14.1612
11.5009
14.5171
9.80061
12.856
5.33537
10.2057
12.3144
14.9484
14.2564
6.72992
8.82304
11.2468
12.3656
13.165
10.6062
8.73754
6.93406
13.6528
13.5049
12.6092
10.4422
6.20857
11.9488
8.88593
12.8386
12.1729
9.57333
14.0461
11.8701
12.0031
9.8943
14.2115
10.5134
13.7668
12.0149
10.2361
10.4874
8.88741
8.76563
11.3879
6.62507
9.97261
14.9359
9.5751
10.1475
10.6423
13.9644
11.2873
10.2791
9.07832
10.5645
7.58973
11.5459
14.9581
12.1511
13.9653
9.71012
10.4366
10.1727
13.9666
10.2871
11.6316
10.5631
11.0728
8.39089
12.4182
9.97576
12.8696
11.5299
8.25504
10.1832
12.6792
9.55256
9.18486
6.63375
13.9046
10.7371
6.30938
11.6447
10.4877
8.60684
12.9932
12.9769
11.8641
8.93991
13.0241
12.0284
11.1781
13.3498
14.7516
7.43855
10.6676
14.4474
10.6702
6.19029
4.42464
12.9138
13.2957
11.8019
14.3693
13.6039
12.6446
9.82432
11.4535
13.7237
9.75582
12.0609
14.9948
10.8427
8.60723
10.7269
11.8618
12.4787
8.53979
9.655
7.60332
10.5973
13.5793
4.99918
11.9501
13.1468
14.8324
9.93182
14.6427
7.22886
13.7961
12.7146
13.5272
12.6625
8.22212
9.81373
13.5221
10.1577
4.40761
10.5031
11.4584
7.36691
13.2269
12.3151
11.2968
9.43383
12.6696
9.46305
10.5556
5.53126
9.21947
8.08425
6.58431
6.90158
13.5395
10.4989
12.7072
9.36784
8.50268
8.99977
12.7989
10.374
6.14088
7.47667
9.80436
11.6851
5.91136
10.0303
8.03048
11.7012
12.3686
11.8791
13.6908
13.0709
6.09626
9.31295
11.0667
14.9981
13.7035
12.6349
11.5728
11.5958
12.3943
9.19901
13.0366
14.8092
14.1557
14.0027
7.3156
11.4204
8.67004
14.5603
10.1466
13.6572
14.0557
14.4206
6.48217
12.7828
13.1192
13.5585
10.6284
8.10383
11.6497
7.11834
11.4856
9.87825
14.0452
8.77836
8.39807
6.265
5.55245
10.7725
7.64644
11.1455
12.4996
12.5477
11.4709
12.2155
6.06275
10.5857
9.24267
9.25756
8.91957
13.6053
11.1375
9.68918
13.1108
13.2825
14.8883
6.63782
6.35338
7.84761
14.8274
12.8789
8.71597
12.4873
10.9743
10.0941
8.4388
8.49314
9.2252
10.8572
13.6132
12.7602
12.0553
8.85628
13.9893
12.2764
10.4027
9.60968
11.7577
13.3662
6.10767
11.9593
11.8498
13.5905
11.8099
10.951
9.76289
14.63
13.6057
12.6782
5.55453
11.4772
13.4018
11.1563
13.2586
11.6526
14.2015
14.9777
9.10974
14.2524
12.1719
11.4487
14.8787
13.9054
12.6832
9.985
14.0188
11.4366
7.80466
14.27
14.301
13.5664
8.96759
11.37
7.06812
9.15042
9.19215
12.0014
6.40969
10.8028
11.6003
14.5085
13.4526
11.3686
14.9909
14.0001
10.5655
14.9262
7.68365
6.0474
9.79333
14.908
11.8038
9.53344
6.70207
12.0524
14.8045
14.4247
9.87817
13.1995
12.209
8.90448
14.8354
8.85389
12.6814
8.11467
9.01903
10.8628
13.803
12.7894
10.0159
14.3405
10.6965
8.64466
13.922
12.8617
13.2891
8.429
5.23355
10.6561
10.0852
14.4282
10.094
11.2389
5.0721
13.2408
10.2983
14.2801
14.4103
14.3426
13.5367
11.998
14.0212
5.00939
12.0808
14.7964
12.3797
8.58211
9.0109
5.31491
6.88822
6.45227
14.4598
11.745
10.8094
12.7854
8.4282
13.5531
9.16636
11.5231
8.42755
10.6408
11.8392
14.2865
14.4726
12.8835
10.19
12.9351
14.6188
11.295
14.1926
12.277
14.732
10.4704
13.0484
10.1064
6.28919
12.8528
9.63681
10.0881
10.6514
11.6088
12.4965
8.22984
10.2385
14.9965
11.3779
10.8922
13.1181
12.8352
14.6316
11.274
10.7464
8.46315
4.05618
12.059
12.028
9.50992
12.1713
10.7941
11.8872
9.95673
10.974
9.95566
14.6524
6.11333
11.9238
8.98225
14.5251
11.6964
12.4605
11.1105
14.419
13.5466
13.5634
9.63421
10.3048
14.6909
11.1638
14.2761
14.6015
11.1454
5.93824
8.52649
10.0259
11.8965
11.4103
10.8657
10.7689
13.5447
12.619
11.3312
11.481
13.9571
10.9504
14.2526
12.1086
11.9079
9.69736
12.187
10.3619
9.6493
9.41973
13.0734
11.5776
13.1481
5.77137
11.6317
10.4045
11.8555
6.49125
5.88667
12.6856
12.4784
12.1294
8.24824
7.43831
13.9087
12.0932
14.0962
13.249
13.4608
14.9779
10.6236
9.38176
14.3408
9.28493
13.3897
8.74443
9.79093
7.97985
8.90355
10.2127
9.31254
8.05728
14.566
14.2019
10.5178
8.86518
8.77671
11.1796
6.49022
14.9305
8.34342
10.0209
8.55767
9.77652
10.1315
12.9799
12.7429
11.1543
5.26633
10.475
13.8538
6.56691
10.1686
5.02191
13.6329
8.35452
10.6603
5.65925
12.4438
12.443
12.06
14.3525
12.385
9.02578
14.2128
10.0177
6.30708
5.49437
12.854
10.501
12.1328
5.87072
11.0374
5.80968
10.8054
11.6039
12.1579
6.31128
8.23527
8.14409
14.0237
10.704
8.1341
12.5802
12.9517
12.5013
14.0906
9.81204
12.9918
12.5337
14.132
13.4935
11.8417
11.7985
14.6865
14.8289
13.0672
8.35098
14.0223
14.0666
14.3601
13.6053
13.495
10.482
12.9269
12.2901
13.7818
8.71168
13.7993
7.80185
12.5246
13.4975
13.3838
8.49648
6.40936
11.9966
6.42238
11.3818
11.3738
12.4837
13.2226
11.264
10.7064
10.3591
10.3552
14.8213
9.03707
11.9375
10.5433
13.5018
9.69468
11.1588
14.0138
11.5557
9.74584
10.5379
14.9595
11.898
12.8236
6.30352
13.5458
13.1532
13.1583
9.12512
7.85189
5.54353
10.5122
13.0646
4.55946
14.9504
4.99729
12.4994
14.2994
12.6143
9.59184
11.5598
14.2715
12.3237
12.0497
9.59996
14.4576
9.94675
14.8686
13.3751
12.0628
9.90629
13.6952
14.0236
6.10928
10.8209
4.27694
13.631
13.0515
6.35344
14.6568
13.344
12.3766
6.74681
9.94866
11.5905
11.3115
11.0135
11.013
6.5131
5.1555
12.7445
14.0947
7.83444
4.79233
12.4432
12.3371
14.8526
13.5913
12.6129
8.47813
6.71662
14.6693
9.38395
8.60208
10.3714
14.8627
10.8596
11.0689
12.2786
10.2175
6.16341
11.8934
14.3611
10.2427
10.86
13.2348
9.38691
12.2632
14.4311
14.4855
7.32887
9.77461
4.8567
9.91143
9.62642
12.3548
14.2249
14.219
13.1179
14.3841
9.02225
9.62624
10.3308
10.9524
9.54496
13.406
13.7819
11.7101
8.76105
14.3326
9.23195
12.0694
14.4129
9.68899
11.1709
6.36504
10.4201
13.4936
12.2147
14.9064
13.9807
14.4523
8.50619
10.7945
8.50401
14.8036
11.3771
10.277
14.2365
11.9041
12.2202
11.1213
11.2451
9.04397
10.3912
9.85791
14.5018
12.8061
12.0592
6.09386
14.4438
6.09337
9.81565
11.0196
13.7069
10.3396
14.52
9.11062
9.16512
10.1856
14.1663
5.37709
11.7355
9.54048
14.6057
10.0589
13.2452
8.96334
8.89319
13.6698
14.7355
9.16147
13.5344
12.6653
12.3417
12.2621
8.90815
12.2732
10.1396
12.9053
11.8264
12.8467
13.6855
14.3329
5.74036
8.84156
6.23513
12.4402
9.96534
13.4318
10.0543
10.7687
13.1855
5.36294
11.289
10.8113
9.2272
8.34749
14.535
9.50519
14.5313
7.51104
10.5228
12.5958
8.47566
13.1849
11.9566
9.6172
10.5829
10.8217
14.9584
11.0544
5.91632
7.71877
14.9981
9.98855
13.7907
14.3041
8.72711
5.35231
13.3314
4.30817
11.2252
14.5196
13.516
13.7654
14.5962
11.8233
5.50897
8.12411
10.018
11.0814
14.4632
13.8386
13.8391
4.51539
12.4003
6.48842
10.239
13.442
8.25152
10.0758
7.78356
10.9634
13.1048
14.0859
6.13214
13.0253
11.6632
10.3319
8.98293
11.9978
14.3199
8.55932
8.1821
12.312
5.41071
6.59395
14.9116
13.4327
8.26767
12.2603
11.4395
13.3974
10.8366
11.3008
10.6888
10.6838
8.74033
7.75481
5.88905
9.85422
12.3506
13.4765
12.1497
10.0128
10.7983
6.34123
6.91438
13.9566
7.00022
9.40641
10.9736
9.00964
9.17832
12.058
7.54503
11.4172
11.5595
13.0928
9.71137
9.17758
14.7336
13.0182
13.825
10.4778
12.0193
12.2397
10.7747
10.1674
12.9302
8.52611
14.1451
12.9051
11.6265
14.188
6.1445
11.8065
8.12709
11.5108
14.9385
12.0043
12.2033
14.1161
13.4286
14.9187
14.8666
12.314
13.9994
10.8876
14.6339
10.2843
9.38636
8.92525
5.80011
12.8585
5.92017
11.7133
11.6002
8.58953
9.98295
10.4114
14.1338
11.2144
14.301
11.8198
12.7257
13.9147
9.05342
11.6644
10.6968
13.9583
13.0451
6.15495
10.3781
11.9635
11.5789
14.1107
13.3024
13.2158
13.0602
14.4634
5.68963
4.3204
10.2173
8.23689
14.8438
14.1385
14.1014
14.2408
9.0615
13.6308
13.2736
8.83823
12.0933
8.26634
14.4499
12.1984
14.3807
14.0924
12.3728
11.1231
8.34495
7.39306
