11.5079
12.0355
8.99983
11.1332
13.9852
8.60577
12.1119
14.6872
9.58593
12.5336
14.2212
12.037
11.1938
12.3996
10.5864
9.91341
11.9953
10.8168
14.9091
9.4906
9.64954
12.9998
10.3489
11.0458
14.172
14.3196
6.21592
6.14549
14.2579
11.9333
13.3491
10.2017
10.562
7.7457
7.71499
13.6927
8.58426
5.52075
12.8112
10.6191
11.074
7.27513
11.421
10.2588
14.9182
13.7285
12.3118
13.3515
7.96466
13.9577
11.0819
9.72456
9.21098
11.4507
11.5484
12.1469
13.2945
14.2331
11.1794
14.7944
13.1888
14.5663
11.4873
13.6277
10.5034
11.8749
8.63435
6.16546
6.18212
10.5002
14.0791
5.96195
10.4691
10.1229
7.43773
6.15913
9.52883
14.3327
14.8618
14.0503
10.5167
10.8777
14.1471
10.45
12.7865
13.4792
13.8621
12.6925
6.81388
14.2301
10.4994
11.7422
14.936
10.4657
12.9514
12.1156
12.8712
14.0644
13.482
13.9587
11.2159
12.9494
12.5
10.1572
13.3713
13.7859
13.511
8.78224
10.8966
10.7458
8.86387
10.2251
10.0413
8.09051
13.9514
12.0391
11.5161
13.067
12.7191
12.4609
12.0895
7.95488
8.65074
9.4217
10.498
14.7739
9.62604
6.4573
10.6177
14.9827
8.39656
13.2565
11.9304
10.1615
8.37391
11.5509
10.9905
8.12234
14.0733
12.1954
10.0984
12.0466
10.4153
7.62534
9.14387
13.7444
14.9166
13.2342
13.9
11.9993
10.4725
13.9975
8.54173
13.7743
14.3842
6.03256
12.0324
10.2024
5.98399
12.8347
12.7452
12.93
6.42212
9.18717
8.98703
9.07766
14.3589
10.2448
13.3378
11.3659
14.7898
10.2659
11.4771
11.6861
10.7562
7.75496
12.2073
13.75
6.14388
14.82
14.0876
6.40925
11.6269
7.98048
9.05509
10.0023
10.7198
8.83288
12.1718
8.72946
14.6532
12.1753
8.74243
8.79878
11.338
13.5328
11.7403
9.10707
5.47208
12.3519
12.1136
8.9557
13.2731
6.5414
9.4817
10.9613
12.3053
13.1881
8.45424
10.6425
13.1345
9.72951
6.6808
13.8448
12.8788
12.621
13.2674
6.0511
5.2736
9.26552
9.78884
13.7812
10.0888
12.8943
8.47465
12.4031
10.3006
13.9337
13.0912
13.418
9.20023
8.52936
11.1133
8.94135
8.35057
13.6604
7.85449
9.45957
14.1785
11.5483
13.1476
14.5789
13.2325
13.4778
14.5709
12.8525
14.0787
12.5878
9.92805
7.36947
13.163
14.8195
10.9465
14.7478
13.5236
11.2967
6.48289
12.7832
5.77253
14.3009
7.85795
6.45007
5.97764
12.1872
7.82627
8.63616
14.0081
11.2847
12.2356
11.226
12.4376
6.91114
10.9181
14.2109
8.81785
9.79416
14.2627
13.7778
9.64777
10.7636
13.3991
12.1592
8.33768
12.9482
11.378
10.9626
13.8288
12.1198
10.0561
11.4556
10.893
10.6912
8.61935
13.739
6.27742
6.10866
9.61957
10.3221
14.4389
12.0919
14.0902
12.7363
10.0451
12.323
11.5166
14.2797
13.2337
5.31782
14.0483
6.33671
12.3501
12.5333
5.85503
6.22834
10.218
10.1825
13.6481
13.0252
6.22573
13.8693
13.133
9.20248
10.7722
11.1756
13.2475
6.76982
10.5335
5.78185
13.4963
13.5191
13.5438
11.3659
5.90723
10.8592
13.9942
9.4991
8.83204
6.71714
6.3514
10.7437
14.8903
10.3832
9.16297
14.5204
9.70939
11.6732
13.1507
14.9838
8.28016
12.5464
14.3072
11.3522
14.5903
12.39
13.5722
12.971
9.32811
12.3425
12.5035
7.21537
5.5562
7.66904
6.32428
9.4411
12.2399
8.66474
9.20399
12.003
11.6359
13.5222
8.63769
10.4274
12.2171
5.19774
11.9985
9.39574
11.5014
13.2551
6.24125
9.53616
11.6335
12.616
11.7321
6.85152
14.5579
10.844
9.32006
5.95785
14.6411
12.2787
13.6037
4.83914
13.3609
10.2514
10.2139
8.62347
14.8753
11.8231
14.4047
5.68448
13.3211
14.9906
5.66781
11.6123
13.5773
13.5429
11.2861
9.23281
12.1358
11.5543
13.4356
12.8136
11.5105
14.5369
11.0522
12.2905
10.7711
5.99418
13.1838
9.65216
10.0984
14.1462
14.3411
9.29622
13.6974
11.8579
12.8552
14.748
8.16245
9.43926
14.4256
14.3416
10.6095
8.93785
5.61652
5.27009
12.8903
10.9261
13.2704
6.16892
5.98441
13.9206
9.24148
10.9347
7.24766
7.82782
8.78936
9.05463
10.2308
13.1517
11.6138
6.42937
10.6072
11.7438
5.73204
11.1147
9.68631
5.93571
14.3998
12.6209
11.0478
5.37335
8.68477
6.01233
10.8592
14.8991
12.2837
7.58824
11.5624
5.86045
10.4626
9.25271
5.95242
12.2395
11.7215
11.0192
10.2216
6.0784
11.6993
14.5534
11.4051
5.16956
12.9987
12.8631
14.0009
10.3845
6.76404
9.9492
6.31009
10.1087
12.687
8.74934
14.0702
9.73177
10.7636
14.6373
12.2589
10.9542
6.67393
10.9598
9.85479
6.05664
9.91705
6.42705
14.2717
11.925
7.93844
6.34656
14.6214
12.0217
12.4244
10.9361
5.7335
10.107
9.1236
12.0449
9.17768
7.54537
10.8135
13.5089
8.90974
7.61282
10.7837
13.7464
10.3252
13.1669
10.3464
13.3801
9.72059
8.62348
12.0983
10.0374
4.82391
12.7494
12.9876
7.08147
10.5325
14.869
10.6797
12.319
12.0877
11.4771
9.21282
9.98436
10.969
13.6549
12.8854
12.6964
14.6894
12.1494
11.2397
9.9681
14.697
9.80921
13.6628
10.0574
10.3572
8.1392
6.12008
13.9113
9.80219
14.3551
10.3992
13.4774
9.07514
12.9281
8.03614
13.0873
6.07038
6.32868
6.56414
11.011
11.8173
14.887
12.9445
12.1248
9.33271
10.3703
13.6128
13.4518
9.18414
8.70892
12.3934
10.6733
10.5357
10.7885
7.11945
13.5697
11.1098
14.9327
9.69482
11.1584
8.30671
12.0788
8.65901
12.6375
9.91139
5.89515
12.6445
6.75706
13.0399
14.1563
13.9625
13.6328
11.1727
11.2305
10.2201
12.8258
11.5012
13.954
10.4681
14.536
12.7313
10.3714
9.88592
13.024
13.4686
6.6096
14.0504
12.2407
11.1348
8.58919
12.429
10.3718
12.2227
7.18409
10.9108
14.7651
9.71656
11.5875
6.20424
9.27739
9.65314
11.7855
8.80475
13.8112
12.1944
11.8363
6.66866
10.9371
10.1001
13.3711
11.6696
6.71927
13.8886
9.71245
6.47559
10.5506
9.66578
10.2395
14.9694
11.3768
14.8726
7.8471
9.81289
11.4595
10.2736
12.4122
10.7001
14.61
9.53052
13.6481
14.3942
6.84391
12.0292
10.9248
11.0094
11.2381
8.81024
12.5546
12.8449
11.9725
7.59427
14.1989
13.7344
10.0042
14.2945
13.6152
14.7877
10.3663
13.0371
11.3541
13.0605
11.1962
7.34176
11.684
11.0703
9.85739
9.98392
10.9443
13.7382
13.3027
8.83211
8.99054
13.1293
11.4646
13.6351
11.3609
12.1629
9.9993
12.3452
11.3706
14.3049
8.20604
9.17705
11.9279
8.37678
9.54595
6.23788
12.6277
6.10348
7.21258
12.9327
10.0567
6.56456
6.03312
11.6681
12.7016
10.2347
10.6554
6.24699
10.1461
10.1952
11.9569
9.28279
11.1714
12.4502
12.9251
12.9106
14.3528
9.28481
6.25527
8.59079
9.00777
9.46044
10.5825
9.35664
9.56268
10.057
12.808
12.1775
13.2866
6.18755
9.67013
12.518
14.2696
4.84826
11.555
8.05377
13.4158
13.1189
14.2162
12.5818
13.6092
13.0161
14.709
9.29749
11.6773
10.1504
12.3935
13.274
13.8227
8.35425
6.40389
11.3655
11.9931
5.65439
13.5634
5.70504
9.69149
14.3714
8.96264
10.2178
9.77574
12.1339
10.5782
9.79649
7.25188
12.3764
10.8812
14.4425
13.3852
13.9922
9.26191
10.1474
12.9955
12.4481
14.0648
12.866
13.3871
6.63489
10.7002
7.28534
13.9276
14.0967
10.3772
13.0952
13.3779
11.265
13.9949
6.95832
14.2574
8.87377
10.8404
13.9354
5.77551
13.6761
9.56041
9.50048
10.9549
9.77431
13.9318
13.7416
6.25868
13.2372
12.0593
7.12445
9.95425
6.22132
12.6224
7.46427
12.8772
14.4655
13.0939
11.037
10.5567
11.2123
10.5747
10.5847
4.59062
5.92808
10.0108
11.088
12.9475
14.0057
10.1915
7.5476
10.8722
14.3153
14.581
14.3497
12.0398
12.7945
9.51749
11.844
14.9193
13.6576
11.9786
13.1071
11.8297
9.31169
6.48219
6.08017
10.1259
6.02495
14.4218
9.19928
14.3461
11.5658
9.99799
7.25152
12.8454
14.212
13.5351
10.4837
8.91994
12.9594
9.96222
13.2329
9.96029
7.93052
11.7597
9.31993
6.43386
9.88657
9.47726
12.9762
8.69156
5.10324
12.8461
14.7577
13.0986
8.97974
13.5793
11.9856
10.0768
7.5111
7.34754
9.69649
11.0476
12.8023
13.3753
10.8591
12.8214
9.0997
13.9166
9.95259
9.36534
14.7451
10.8262
13.3555
11.9201
13.7889
12.494
11.4794
13.5552
9.50689
14.4868
10.6147
6.35748
10.1713
10.151
13.9506
14.1871
9.41989
4.64986
4.8616
5.8347
14.2344
9.59619
9.63806
13.4074
6.72163
8.45954
14.4029
11.0406
11.8384
10.6819
10.1412
6.93134
13.3167
13.9959
8.9375
11.5317
12.9424
14.8466
13.0603
7.54126
6.18093
10.4362
11.5395
10.2041
10.5754
11.8318
12.6894
6.5564
13.2537
10.3371
9.94762
7.43863
9.04612
9.80934
8.98533
11.0438
5.50291
14.9085
5.50252
6.02613
5.61718
6.40219
7.5401
9.70868
9.96077
8.25062
11.8832
11.9812
8.483
11.7003
14.1858
13.8467
10.4975
12.9779
14.1628
12.1615
14.3252
9.14452
11.7143
12.6816
10.494
14.3117
12.875
14.8612
9.7764
6.32472
6.14593
12.3214
10.8041
7.39693
13.0036
12.9987
8.39905
8.93589
12.6355
14.4099
10.7346
11.2427
14.0224
14.5048
12.2723
13.9458
10.8875
14.3839
8.12077
12.9203
10.0124
6.72085
12.2931
10.6599
11.3114
13.5519
8.26998
13.5744
5.92096
13.7239
9.36137
12.1565
10.1856
10.9374
6.20434
6.28913
8.82561
10.6831
12.7401
12.9845
10.2571
9.80523
11.876
11.3599
5.80305
7.94048
14.7227
9.55866
13.8474
8.68199
11.0772
14.4297
9.78071
12.7065
14.1078
14.7574
13.1168
6.2375
10.8396
11.6197
7.53094
10.789
11.1841
5.8211
5.27844
9.1754
14.7015
13.3475
8.88607
11.8128
6.05893
8.84349
10.6423
11.9376
11.2343
14.1639
14.955
12.164
8.37008
5.60543
7.48858
11.2523
9.16352
8.52578
12.7989
12.3077
13.2266
10.9022
6.64941
14.1003
10.1196
14.5721
12.0029
14.0296
10.4731
13.9397
12.1573
12.8043
9.36472
5.90877
9.90364
14.6412
14.8534
14.7824
9.17755
9.75013
9.89315
9.72421
9.94425
12.8734
8.58587
10.8135
9.60192
4.96258
5.62559
11.4275
9.65515
10.0404
14.1713
7.88149
14.7404
13.0253
8.25962
6.27378
10.352
14.4417
14.8538
10.547
13.8561
13.0306
8.97774
14.3978
14.7876
14.1283
12.5457
11.1953
9.25276
12.3679
14.5204
12.4771
8.94993
14.6581
6.00943
9.97708
14.4616
12.2997
7.47831
13.556
10.8464
13.4624
13.4833
11.405
10.9575
10.5888
6.2343
5.81468
13.9387
10.1715
12.4081
9.20336
13.098
9.64116
9.22672
9.56324
11.0874
14.6552
10.899
13.4681
11.6884
13.0288
6.9219
8.18118
10.5092
6.60402
13.485
9.7844
9.54692
12.4061
11.474
10.4891
9.64168
8.28167
12.7747
12.2058
13.1183
13.1429
9.98775
13.0488
11.3715
11.5853
14.7395
14.8315
12.9494
7.08351
13.975
10.1636
8.20973
13.1782
10.9995
10.3749
13.4265
13.962
13.295
6.28719
13.3346
7.72316
12.3996
13.6355
14.4903
14.7375
8.68811
14.106
7.85575
12.3278
8.3355
7.59176
11.6046
5.55141
11.1941
12.7726
8.48054
9.9177
14.4331
12.0458
12.8719
10.3363
13.841
8.77701
11.8056
14.4505
14.3901
10.9131
8.65607
9.72695
7.98013
12.0593
10.5357
12.2601
5.58052
13.4539
9.60486
9.0393
5.49408
12.4261
10.8033
14.2332
10.8097
7.15862
11.1678
10.7744
10.4597
11.5927
10.042
8.80891
6.68739
9.66269
11.1844
14.1823
12.0725
12.5649
6.63543
4.53504
8.66262
13.5776
10.4485
7.97925
6.14341
14.0785
13.4965
10.4933
7.98519
6.34366
14.2611
6.42971
11.0577
6.7603
13.0513
11.6601
13.7794
13.1195
11.4644
12.3922
10.0458
13.6342
13.6765
12.897
14.9167
11.7329
9.54329
13.6667
5.61623
14.3674
11.3277
9.73883
11.3422
8.31542
13.1741
12.4333
9.31219
11.7512
9.64378
14.3966
12.0534
9.32002
8.60178
12.2033
9.40884
9.73127
13.8906
14.6294
9.84243
12.5883
11.2258
10.3363
12.2601
13.4437
8.03104
11.5818
11.725
9.80258
13.8909
13.7394
10.8881
9.84259
14.8896
5.99206
10.7659
8.80156
9.33485
5.9063
5.2198
8.80217
5.48595
9.72476
10.4319
12.0945
14.6465
6.99209
12.2092
5.64621
9.01546
8.62463
7.40026
11.0142
6.27356
13.7859
10.779
12.4902
12.3924
13.2473
11.5105
11.5159
11.4119
12.5057
5.9852
13.2314
11.8717
8.80819
13.2784
8.09606
6.20982
9.80712
14.2021
11.6165
5.47907
10.3901
10.9205
6.37773
14
12.8628
10.5792
10.4611
4.54285
13.0303
14.8134
12.7519
14.3725
9.34997
9.90662
6.04047
9.39131
8.30002
12.4813
9.15542
11.0076
13.3327
9.67326
13.7226
9.27649
13.4185
14.3393
12.9818
8.93734
14.9444
6.0877
9.32652
9.94176
13.6268
14.4616
11.5011
14.7683
10.7199
12.4331
9.8494
11.0157
10.5111
10.6985
13.8368
9.85089
13.4418
13.2937
10.2576
12.0508
10.6064
8.15396
14.2995
5.34652
6.4739
11.5638
14.2041
7.91812
10.8287
10.8546
6.19126
13.4061
9.71929
5.9375
11.3162
12.9682
7.20898
11.4662
8.7212
5.2586
14.9727
14.2134
13.7598
10.9706
13.4044
10.6443
14.1512
13.3807
9.71352
7.38689
5.77584
8.79583
7.43622
12.8534
10.7576
8.23463
10.6985
14.3598
10.8882
6.95493
8.23442
12.4223
11.9505
8.67956
14.0563
13.557
11.8443
6.1234
7.98847
14.1773
10.2915
9.24593
12.807
9.40332
14.4988
9.67971
7.97394
13.3126
12.4469
12.5453
5.69631
9.48405
10.0595
9.76396
12.1685
13.1669
10.722
9.42715
14.3942
13.2499
14.0252
7.18327
8.55084
9.27175
13.3346
10.128
14.3173
8.64572
10.1499
10.1474
12.842
8.89663
14.3211
9.89331
14.1064
11.7419
12.3369
5.17375
13.9283
9.01171
14.731
13.3513
9.0286
9.64816
8.78153
11.2297
6.62172
11.3071
10.1982
14.0645
11.3063
9.13795
11.4984
10.1982
14.91
10.367
12.6123
9.40486
12.1263
7.42593
11.8764
9.62657
11.901
10.1558
13.4908
13.6352
12.8424
6.64733
8.84104
13.4567
10.3606
8.3587
10.9569
14.361
12.1493
9.24123
9.2107
8.9424
13.6387
11.759
9.23867
10.6595
10.8787
6.45267
7.81896
13.22
13.2971
5.37156
13.8768
6.91613
11.0515
9.56947
14.7388
13.0369
13.4479
8.87432
14.9305
13.115
12.6019
10.1729
14.8935
9.44483
11.1095
14.4091
9.42217
5.26716
14.6332
14.5793
12.6479
10.3631
10.6854
8.83409
13.0591
12.8498
6.01239
10.6146
11.4648
14.7621
10.1226
9.08767
9.1788
13.7841
11.8244
9.54358
12.6387
11.5058
12.8668
14.6084
12.1782
10.523
13.4185
8.7989
12.6379
8.98237
11.8909
12.7889
10.7496
9.14845
13.6574
7.08864
6.13016
6.96774
7.48207
3.79112
11.9859
10.9051
11.1574
13.9062
12.0671
10.542
10.5323
14.3991
9.83062
14.4213
5.42515
10.3406
12.7256
10.4279
13.4831
10.807
13.808
11.5362
10.6872
10.0007
7.26763
9.04401
14.8532
6.52192
10.9843
13.9561
10.0614
10.0452
11.2554
10.5814
14.0637
10.4957
13.9349
11.9713
7.75908
5.22874
13.429
9.39904
14.755
10.9305
8.3248
10.6883
12.3164
11.6395
10.069
11.8852
13.9518
14.8954
5.77647
9.99808
10.7348
14.9372
4.46743
10.6023
14.5005
10.05
9.48004
11.6341
6.93749
11.9718
12.3438
12.987
14.9296
11.575
14.6797
12.2859
14.8455
14.3026
10.1771
10.3923
13.0377
10.9569
14.8526
14.5602
10.3419
14.7449
12.1748
5.98217
9.70915
14.8475
13.4429
9.70669
12.6644
11.3968
8.01995
14.4996
9.927
10.0652
13.3126
13.4647
9.30302
13.174
10.8308
9.72556
14.3955
10.8051
6.39729
14.6641
13.1023
11.3778
14.4018
11.2691
10.7059
13.4985
14.5972
10.2561
11.4001
13.5454
14.8378
5.65526
5.41757
9.95209
12.5448
10.8399
11.3658
12.5452
9.21103
11.3889
8.34343
14.9847
12.2673
11.0234
7.03127
13.2128
11.9814
11.39
13.1995
12.6777
11.6412
14.698
13.8409
5.72866
13.9294
6.65097
9.61696
13.4004
13.7044
11.6833
7.40424
14.4953
13.225
14.7639
6.22211
8.66559
12.0636
13.7629
13.919
9.87842
14.413
11.7471
10.6567
11.3943
6.72559
14.7354
10.4588
4.60599
11.5891
11.977
9.85769
14.1198
12.9388
14.7547
9.90045
10.6797
6.49678
8.3161
10.2307
11.4818
9.92684
13.7457
10.0889
13.5241
14.1933
9.57092
13.6234
12.997
4.97143
13.5854
13.6162
10.3389
9.61742
10.6129
12.4707
12.3379
12.941
8.15705
13.0181
5.9505
11.6408
14.8917
8.08455
10.2318
11.2565
14.1707
12.9751
14.6406
14.3232
12.2637
12.1157
9.29846
14.2784
7.95663
14.8497
12.8501
12.4058
6.23092
8.67638
14.7946
7.63685
11.5226
12.4221
14.1317
9.6868
9.97898
11.5682
14.8905
9.27494
11.6064
10.3434
11.84
13.5821
14.5309
13.7912
12.3898
9.61395
13.7425
10.5199
8.42269
7.15255
11.3965
10.4211
9.47326
8.77559
12.8319
11.1444
10.3069
9.3374
12.236
13.7518
10.9812
9.23634
7.80536
11.8698
12.1228
11.4623
9.28984
13.8802
10.7899
10.5744
7.00419
7.64009
14.7393
11.5218
12.3336
13.9331
5.54118
10.5209
14.2962
12.4908
12.6077
12.4038
12.0474
13.2089
11.1634
10.8077
6.25339
9.22686
4.40471
10.9635
10.6386
12.7935
14.4639
10.9446
14.4552
7.32745
11.2676
6.59421
11.0152
6.55865
13.6124
11.9685
13.4268
12.0225
8.46468
11.6935
12.1569
7.23626
9.65119
10.1038
14.7619
10.4348
10.0348
13.2216
14.1
9.29311
5.74388
10.0592
10.6101
9.82209
5.46003
6.78409
9.27826
10.9081
12.4444
6.48274
14.1903
9.47755
12.0818
9.54236
12.7792
11.3877
10.8181
6.63107
12.0393
6.95967
8.75784
11.5337
11.2637
14.0767
9.67353
12.7201
10.3995
11.0206
12.6488
14.3936
9.29666
11.1112
14.8253
11.9318
14.4701
8.36764
4.84579
12.1298
13.3108
10.1992
5.30633
10.4626
5.60305
6.95581
14.9573
13.1958
6.14813
8.01455
7.40972
7.17164
13.659
12.7096
14.898
11.2956
10.0832
14.1119
5.83347
11.0294
8.4011
9.21634
13.4472
11.7902
7.28094
12.9761
9.73712
14.5259
8.87082
13.0779
12.058
11.3525
11.3662
5.21165
8.4302
10.5843
12.3246
12.9202
10.297
13.7425
9.99056
14.3367
7.17459
11.4947
7.99621
6.40846
6.14011
13.5733
14.3163
10.8374
14.1414
11.5797
8.55426
13.9043
10.8059
14.1261
9.07305
6.42014
12.7431
13.9513
6.58806
10.2001
12.5047
13.7728
12.3808
13.1764
8.87909
13.7095
11.8238
11.0529
12.1033
5.9738
8.84921
11.3765
14.0831
14.8072
12.288
7.33512
14.1838
13.8997
12.9931
13.7424
5.60961
6.2134
12.2316
6.75633
12.0031
12.4234
14.1557
9.74201
10.0261
10.3111
9.53975
7.2404
8.38741
14.1065
14.4414
12.2709
10.1055
9.21573
9.12583
12.0646
7.07517
13.5682
5.05252
13.7247
14.3719
10.8929
11.6339
14.0158
7.25611
10.6744
6.6463
9.76752
8.81409
10.5964
12.4987
12.5061
14.7517
11.292
12.5244
10.4426
9.07023
6.97066
13.2072
10.1081
11.2767
8.77847
6.21265
9.96248
13.932
14.7698
11.9132
13.0186
8.88153
10.2278
13.5329
11.3928
14.0453
11.741
13.9534
11.2564
9.89483
13.9646
5.96059
12.2016
13.864
11.8514
13.2073
8.8383
13.8666
10.7623
13.9565
5.18428
10.0868
12.6092
6.73536
11.7791
13.2135
13.6042
8.66755
14.1379
11.6164
11.8698
9.95567
11.4306
11.0837
9.96702
13.7526
9.38571
11.9459
7.92245
8.56628
10.776
9.03048
8.18899
11.6617
6.17659
7.02079
10.7775
11.6478
6.08338
8.1036
11.6795
4.47142
9.33438
9.29829
13.9483
8.86563
5.96795
6.31729
11.7016
11.8232
14.419
10.3485
13.1862
13.0509
14.9184
14.7914
6.16947
9.87027
10.155
10.3454
12.1498
11.6479
13.872
12.9855
9.66327
7.3806
10.6086
13.0134
14.551
12.227
8.51262
10.1607
6.92971
14.6545
13.6072
11.2207
10.9136
10.5977
14.7036
9.2253
10.9174
5.84759
14.5893
10.8122
7.60227
9.52074
13.0314
13.6572
14.33
13.1136
4.79968
13.0438
6.23843
13.4146
9.40838
14.3698
9.2218
8.45004
10.3031
14.551
9.48312
10.0763
7.99274
13.4195
13.5778
13.9912
8.48507
11.547
14.7873
10.3346
13.7348
9.41042
6.17919
11.8212
11.7097
5.37203
12.7392
9.40764
14.7812
6.52808
13.246
11.0151
14.1519
12.2207
4.77076
10.2538
13.0929
10.3823
13.8151
8.00963
12.2358
14.4865
14.8712
5.46434
14.7533
13.9515
8.12428
9.62881
9.90057
14.7043
12.4432
14.8987
13.0943
9.29481
9.33584
10.5561
14.9252
13.8495
8.1581
9.16884
5.39889
6.24144
10.7369
7.07013
14.1495
8.77061
11.125
4.71042
6.27647
6.03009
9.88337
9.73395
14.0155
11.8254
12.3044
9.90921
9.70227
7.28189
13.316
9.90621
8.82335
12.2888
6.09249
13.9795
11.0615
5.78241
5.14771
10.7504
10.7273
5.86527
6.01001
10.2817
12.0709
14.3616
12.9053
9.28944
11.6421
11.5596
14.8727
6.58252
10.6961
10.4173
12.1652
13.6754
10.4305
4.4427
6.16382
13.0605
12.7129
11.9112
11.7657
12.7896
14.397
13.9244
9.88554
13.5114
11.5721
7.28868
13.5597
4.33579
9.47253
14.3428
12.0369
13.0621
9.7131
13.2092
9.75807
10.4515
13.6458
11.2022
12.5992
13.7645
9.11816
5.11441
12.8908
13.3059
11.7985
10.4457
12.2804
4.78385
10.9851
12.3288
8.80524
11.6255
11.1452
8.80266
14.2251
12.2076
12.9341
8.40808
11.2076
9.30282
6.52628
10.3855
14.6519
8.43074
8.89723
12.5552
14.6942
9.8416
12.7022
12.1583
10.8098
14.6931
13.8424
11.6135
11.9518
6.17471
11.3263
9.9746
12.1247
11.9033
11.6298
14.514
9.57711
10.0848
14.5103
12.8047
14.52
12.9625
10.7415
13.3617
8.85381
10.4297
12.7363
14.4618
11.9655
13.5481
13.9095
6.72105
6.20182
14.7513
14.92
11.5951
9.72902
10.5803
14.2984
13.786
10.0539
9.12414
8.55564
12.1553
10.7698
13.9358
9.41164
11.5721
12.1098
12.8905
7.85942
4.8611
11.5844
6.35635
11.5665
7.4481
12.2415
14.2794
13.1481
14.8949
13.5368
12.2542
8.77364
12.8583
7.80874
12.5505
12.8118
14.2863
6.73466
14.4352
12.0112
11.9707
11.6944
5.10093
6.42851
11.6474
8.59709
13.7263
12.3145
13.1149
13.3337
6.12739
10.6312
6.7753
13.2033
12.322
13.1388
14.5731
14.7884
9.97319
14.1465
10.6732
5.99787
13.2554
14.7207
10.553
5.94235
11.1566
8.50574
13.4303
8.89139
10.7822
13.3413
11.9615
14.2512
14.6071
12.221
13.9958
11.8977
13.3105
11.5696
7.47869
11.8483
5.04749
12.8525
12.0312
8.0593
9.1834
9.30811
12.6922
13.7969
13.4216
10.3448
12.1733
6.63366
10.6662
11.9473
14.7285
13.7761
11.1658
13.0121
11.7738
11.542
14.9886
13.1971
7.76319
14.404
6.07157
9.53794
14.8642
9.84359
13.7067
6.07155
10.2291
10.4078
9.2189
10.7368
10.0398
8.95805
13.2482
13.2366
12.3193
12.4706
9.68296
11.0289
12.0587
13.1284
8.68721
11.8441
13.7494
11.4964
11.8447
14.5476
12.7851
13.4973
12.8008
13.3996
11.4727
11.2761
13.5418
11.4034
8.46027
6.07224
10.3381
9.27863
12.698
11.2501
11.1848
11.1089
10.3531
9.27845
10.8441
9.07757
10.0261
14.4196
10.1588
11.1365
12.5328
8.59462
13.1841
5.78553
10.4613
10.0692
5.68042
10.6685
9.13938
8.65882
12.0659
5.10105
6.98872
7.58253
6.76781
9.22497
11.1055
10.7178
14.2832
14.7957
11.0027
6.18693
7.8331
10.0656
8.71831
9.73973
10.1312
5.40735
8.51335
11.2297
11.1645
12.2482
13.8342
14.3399
9.8935
6.37036
6.20027
10.6405
10.0363
6.6989
14.4907
9.23207
14.9041
11.6891
10.3748
14.4854
12.6
10.8284
11.7643
10.5848
11.0764
10.1971
11.5422
9.57879
11.6092
10.1307
12.5503
8.62987
13.3182
11.2998
13.8871
6.61352
10.4929
14.2693
14.3173
9.28561
14.2199
8.23526
13.318
14.74
14.6639
10.6462
10.3241
14.7139
13.1725
11.9521
14.0327
13.6359
12.1374
14.9168
11.3241
8.77905
6.12925
12.7576
11.8868
14.3455
11.5653
13.5711
13.4089
11.1887
9.91719
11.1841
9.77482
11.4508
10.0396
13.3597
7.41731
7.92951
14.2433
7.37006
6.74388
12.0628
6.02589
14.0778
10.4942
12.0846
11.1472
13.1788
8.64563
11.9976
13.7438
12.8724
12.4519
12.7378
13.8944
9.49689
14.0886
14.1717
10.2828
13.0449
14.3378
14.6743
13.1678
11.2599
10.7994
9.08667
10.2191
9.87833
12.2263
14.9594
7.76654
11.6032
12.7623
13.8545
11.1815
10.8098
11.9515
13.616
14.4333
12.3814
6.49378
7.02325
12.8052
5.87932
13.5185
11.6258
10.2041
13.3565
11.3421
7.22225
12.2382
6.86015
13.4932
14.5321
14.9115
14.3489
9.6384
5.86426
6.51571
13.9085
13.163
5.40231
14.5922
13.5945
14.8731
9.02042
13.6468
9.66429
12.5917
13.1237
11.4621
12.4632
5.48017
12.8844
9.54543
11.8631
9.75303
12.2795
13.5323
13.5895
11.4388
14.1557
14.5419
10.8116
13.3889
12.4116
5.09765
12.3904
11.673
13.1985
14.6728
8.92947
11.1983
5.54205
14.7704
11.2186
10.9994
9.76059
5.47786
14.1962
8.73058
9.6385
14.1853
7.87191
10.356
9.32297
4.62937
9.20424
12.9004
12.8388
10.3172
13.8036
11.9787
14.9316
11.2882
8.33892
5.87628
13.9745
14.6722
6.61185
10.6229
11.1174
8.62636
13.88
12.7553
14.5613
10.735
11.0685
7.00711
13.1601
7.15922
11.9335
6.27391
9.13766
4.81713
9.25169
10.7413
14.297
7.42757
11.2925
6.19562
14.9017
13.0345
13.1219
11.2896
12.2645
8.25925
8.77645
10.6801
13.1008
12.0016
10.9156
11.9743
10.9666
11.8424
12.3492
7.21741
6.26991
10.658
11.3249
13.9231
14.798
7.25907
10.948
11.7213
14.3052
6.6105
9.46842
12.8118
7.11364
13.0188
9.90402
13.6719
10.4982
13.9988
14.3596
14.0944
13.7886
11.2197
13.6463
14.907
14.1826
8.60748
11.1965
13.8528
9.7903
10.2635
10.0058
13.6265
12.2342
9.7962
9.44228
13.7681
13.6397
6.39271
12.4673
14.0393
6.41086
9.8864
10.9173
6.08021
14.7255
14.4594
11.28
12.1026
12.7625
9.96103
11.8705
12.016
10.2836
5.5441
6.85259
8.12492
13.5873
9.56932
13.7293
11.8262
14.0101
12.6295
13.0757
10.1308
9.80608
11.9476
14.8527
5.08113
12.4389
7.85011
10.8626
12.7529
12.7732
12.2876
11.8823
7.08622
12.7912
7.39686
7.70288
4.47157
12.761
9.03868
5.7008
5.76724
14.1182
13.7882
12.5863
12.3442
14.0776
8.41769
8.07482
10.8696
9.55653
10.7118
6.37156
11.9251
10.6032
11.7546
7.27769
4.76495
13.9865
10.6924
7.67678
11.2192
9.1204
7.53551
11.9808
11.6827
11.2225
4.50067
4.69091
13.9812
7.35278
8.54352
7.15327
11.2799
9.1873
10.8149
7.06306
4.22629
12.3986
11.423
5.51073
7.15284
5.66259
14.2593
12.1248
6.25021
11.8253
14.9372
14.1206
11.0278
13.1329
7.27744
13.8857
11.7618
11.6675
9.26651
10.3081
12.527
9.41106
13.1218
8.54199
10.8308
8.9701
13.0631
10.0024
12.3674
13.7736
12.7789
9.99196
12.3625
10.1273
13.4841
12.636
5.14597
8.1384
13.8392
9.08896
6.70819
3.96225
5.47089
14.2794
12.2191
13.7323
14.758
13.2816
6.79925
14.8643
12.8444
10.5328
8.53881
6.51501
14.4872
6.09266
11.86
14.868
11.6982
12.6588
10.6598
11.0012
9.9201
5.68569
10.8467
14.8264
13.8153
7.76485
11.1192
12.5307
13.1954
14.5171
13.9898
12.0525
8.95483
12.3943
9.61854
14.5657
14.5062
14.5897
14.8937
7.12123
12.735
13.7822
6.23388
11.2916
10.4117
6.09296
11.009
5.22139
12.6378
6.66594
10.0277
10.1401
6.33822
7.15769
12.0892
12.7151
12.1185
13.4977
9.53918
11.6107
11.6493
12.2009
14.674
12.188
6.55038
12.9983
9.58779
12.6967
12.642
6.15528
12.2388
11.4576
9.52857
14.4484
14.2449
14.5303
11.7011
12.8799
14.5899
9.64521
5.98851
14.4347
6.11763
8.57814
7.2598
9.84255
9.96009
11.3003
14.7049
10.2697
10.4036
10.6726
6.65209
10.6258
14.9205
11.2387
11.6262
9.19629
12.9997
12.6295
11.8012
10.7333
13.6657
14.7186
14.8079
8.71896
12.1856
13.8449
8.30675
13.1678
6.05483
9.08679
9.3967
9.3271
12.3974
10.0772
10.0716
9.87348
12.5889
11.735
9.51409
13.9321
10.8592
8.28074
11.0043
5.65831
8.61101
10.3905
11.5283
10.5782
11.5342
12.1783
12.8108
14.6484
8.8983
10.7759
14.9447
12.7306
11.6705
10.8073
12.134
14.6032
11.1288
6.3953
11.3611
12.8353
6.96152
7.63428
8.804
9.48462
14.2652
13.5836
10.8318
11.8401
11.7196
8.03814
6.33645
6.05912
14.2576
13.4576
13.3846
6.77657
13.7256
11.213
4.75083
8.96849
7.45373
10.538
11.3727
10.8295
13.4496
10.8697
5.82453
10.9766
7.17128
13.0413
11.6315
13.375
10.5146
11.3299
6.88412
13.763
12.2503
11.3632
10.7545
11.1068
14.5657
11.7088
13.4786
10.054
11.6746
9.84677
14.7942
11.2359
12.5124
10.5297
5.10408
6.03676
11.5177
11.9723
14.1216
12.0027
9.60279
10.5744
11.0493
11.9023
8.60539
9.45027
13.4209
7.16995
4.12673
14.1435
13.7099
13.746
13.0612
13.7909
14.4608
7.78846
9.43447
14.8245
13.7874
11.9906
12.0404
8.70527
6.99055
8.40977
14.9688
14.1968
14.3393
12.918
11.8727
9.67659
14.6421
9.63329
11.8721
11.8682
9.50273
9.95594
13.2445
8.67848
9.24245
9.56924
11.4596
12.1731
14.0872
10.0315
12.5592
14.5308
14.4321
13.1299
14.906
6.59559
8.02417
12.8382
14.5029
13.3871
12.946
11.1778
12.8562
14.3253
14.8936
14.356
9.94599
12.4322
8.7157
8.29451
14.3891
12.335
14.6533
10.8782
13.2978
12.2278
13.4695
12.9622
10.2935
13.5581
9.7966
10.7262
12.5952
10.0059
8.04347
6.29333
11.1767
13.2264
13.9295
12.6435
5.69273
12.7539
11.6674
10.2309
13.715
10.3926
9.47847
11.1425
14.3534
12.9661
11.2604
11.1766
14.7724
12.2819
10.9971
14.6568
13.523
10.8054
12.2334
13.5339
14.8922
14.0218
12.5429
14.3649
5.38418
10.9587
12.0677
14.6137
8.2637
14.7528
12.0139
11.5525
12.2216
12.7941
6.23009
7.00821
13.0011
14.7722
13.3498
13.0593
5.66531
14.8002
14.9069
13.6103
14.5621
13.353
12.3429
12.9137
10.4207
12.4537
9.17101
7.26003
10.9772
14.7256
14.3171
14.3562
10.3821
13.2662
13.7079
14.2666
9.89719
6.29736
9.83346
12.323
6.26797
13.3374
9.3352
10.8244
5.35652
13.5744
11.5653
6.84984
14.6876
13.9818
14.0887
7.88733
5.96638
14.7581
14.8431
8.46285
11.2088
14.9849
10.6094
12.4612
12.9035
13.0693
7.98094
14.7415
14.3943
10.6044
14.2068
14.317
10.1917
14.5547
13.9231
11.7835
10.8324
14.8446
12.7113
5.88346
6.5496
11.1201
10.1919
9.27178
12.1864
10.153
13.9852
13.7522
9.69266
9.36037
6.585
9.01023
11.9027
13.3784
7.96915
8.34118
6.53353
12.5736
13.7217
13.647
12.19
10.5869
6.53819
5.70917
11.9017
13.3578
10.0148
10.0395
8.40795
14.2812
12.5929
14.3396
13.023
9.81269
10.2895
12.1903
12.4792
13.0888
5.73723
11.3226
6.55922
14.0647
11.4088
14.9852
11.5612
10.6547
7.62673
11.8753
11.3054
11.6494
14.6028
10.7925
8.49847
10.1904
5.41517
6.2753
11.3603
4.44645
13.9587
13.5003
9.17033
12.1947
11.0672
10.7889
10.453
9.39912
11.4851
12.7865
13.45
13.8893
14.6619
13.5646
13.0697
10.7756
6.31026
6.03083
12.3721
12.958
11.0119
8.08981
7.66022
11.1618
8.15897
10.7799
10.3818
12.4002
7.87277
8.33028
14.8107
13.5592
12.7738
14.0771
6.35901
12.5533
11.759
8.39351
11.8892
9.07435
11.7349
11.3111
5.81805
10.9628
12.4936
6.66159
11.1936
10.4581
7.39042
9.41933
9.89899
11.0094
9.13215
14.7279
13.9885
13.894
13.5423
10.7108
10.8621
12.4393
7.31814
14.9581
7.05796
10.2603
14.6014
6.0866
10.8221
13.2011
7.54886
10.089
10.0212
5.51992
13.3821
14.2488
8.75711
13.4644
4.81158
11.8118
9.66043
7.73841
8.81174
14.4208
13.0646
11.5042
14.1545
13.8347
12.6445
14.5689
11.8722
8.90736
13.4745
9.70648
10.232
4.84978
13.2004
14.534
10.6752
13.0501
14.5086
12.2093
13.3713
12.3744
14.9418
13.0948
14.0037
11.5435
13.5657
12.8911
10.4584
11.0209
12.1043
13.2588
8.2231
11.0184
11.7591
13.0523
14.9409
9.24363
12.0156
9.35317
12.3926
14.0743
14.9786
14.7653
7.53651
14.922
13.8834
9.96467
9.09006
12.8574
13.2384
13.5882
12.0295
10.9955
9.90745
11.9619
13.44
11.7199
9.99597
14.369
7.49387
13.7635
10.0809
13.1379
14.0646
6.25816
14.1139
14.1063
13.8247
10.0888
11.348
11.7443
8.85599
12.1855
12.5497
9.80596
4.81226
10.0205
14.0977
12.4921
14.5385
10.3285
14.7864
13.5469
11.2728
5.8943
10.0629
12.7568
13.5256
8.52413
13.498
14.1052
8.38261
13.9527
14.3986
14.1888
14.5971
12.1776
14.083
7.30518
6.36729
10.9745
5.01544
11.7991
13.2074
8.90489
8.06785
9.70427
12.4682
8.25185
11.3903
13.9664
11.8516
9.6385
12.8474
9.30643
8.7802
8.42717
12.7251
13.6546
14.2671
6.61379
13.2132
11.0956
10.6311
9.53105
11.7398
4.99851
6.09239
4.5287
6.22525
10.2785
11.8913
9.97972
11.6461
13.4118
14.2259
10.8221
9.60577
9.92849
7.51598
13.4645
12.8238
12.1503
10.9538
11.1701
8.75977
13.8805
11.1587
10.8161
14.5789
13.1726
10.3856
14.7698
12.7571
10.0677
13.3331
12.0639
13.9404
14.5279
14.172
6.9154
9.76424
10.2301
14.5323
11.558
14.2344
8.66754
14.0841
14.3052
7.33321
13.0888
13.9048
12.8168
10.2092
13.9329
13.4163
12.2003
12.6503
8.84116
10.145
13.636
14.9354
14.6255
12.2911
14.6168
11.2358
6.25508
14.7578
10.4308
12.7825
5.53057
14.646
10.1999
10.3251
6.62101
12.6273
11.3444
14.3446
11.8573
8.50333
11.5896
12.073
6.00503
11.6952
14.6796
9.75031
14.0592
9.26114
12.8815
9.06521
6.1825
10.4877
12.5015
3.71763
12.4885
12.5701
6.09013
7.24741
12.2353
8.36104
9.10882
9.81315
10.3967
14.0294
14.8769
8.51388
8.80447
11.8756
9.75656
14.0172
13.9842
14.0429
12.3636
13.3965
8.58445
10.6956
6.57832
7.80344
11.276
11.5637
9.06254
5.87251
12.3683
10.2135
14.0151
11.8377
10.219
10.3158
6.28019
5.94098
12.6126
12.5124
12.0028
12.1293
10.9498
8.72963
11.0689
10.5678
14.0449
12.4851
14.1464
13.8681
14.851
12.4384
12.6846
14.5489
11.514
5.94187
10.752
14.0542
12.9754
12.9877
13.8442
10.9322
13.1314
10.4392
9.90319
14.6699
10.1643
8.64996
14.3081
13.7239
9.52736
10.1999
13.4398
13.2793
6.68313
11.8721
14.7352
14.5699
9.50236
11.2742
8.30436
11.093
9.32779
8.84137
11.1553
9.1232
13.0445
7.50216
7.76915
13.5033
12.1475
5.96787
12.7196
9.44747
11.335
9.39127
12.3411
11.7599
14.9741
9.12828
13.0563
11.6777
10.9315
12.3002
12.0451
13.3922
14.5798
9.85167
14.0093
14.9211
7.60955
12.2425
10.4629
13.835
13.8098
11.159
13.6353
10.4313
11.1484
13.1219
13.9864
10.069
11.2183
9.95979
14.4436
14.5223
13.6456
6.56847
11.2358
12.0527
14.4463
9.11304
10.2337
5.73424
7.47733
12.2384
10.1465
13.2013
11.3774
7.68756
10.5491
12.5703
13.118
12.4509
11.4903
8.21859
10.134
12.3996
9.39677
13.4667
12.4728
12.6361
10.0128
12.9271
13.8225
9.83495
14.2551
8.88942
11.0921
14.9642
9.81012
10.111
14.051
12.4231
14.7763
10.1034
13.0866
6.80253
14.3776
10.5373
11.6655
14.4138
12.8022
5.4758
7.72716
9.68585
13.4448
11.5509
8.51651
13.2696
11.2149
10.5667
11.2837
8.35618
11.3959
8.17233
11.2844
10.0309
13.0161
9.10893
13.5423
12.0322
10.2978
12.9252
13.212
14.73
13.5597
10.9716
14.3866
11.053
12.0731
12.5196
12.3792
13.9975
10.991
8.13078
12.5992
13.701
12.1044
13.1161
12.0812
11.2793
11.4529
13.8008
8.77534
12.5416
11.483
10.259
6.22728
10.0059
13.2563
13.252
9.99594
8.2617
8.78509
12.4636
11.1314
14.0556
13.2056
12.6461
12.5615
14.7581
12.2409
14.2508
10.2424
8.71016
8.5394
13.8464
12.1683
7.03457
13.1087
13.1452
9.42243
13.9386
14.8818
11.7749
13.6959
10.9807
10.4657
11.0041
13.6886
13.3546
9.10552
12.4044
5.72586
14.803
12.6343
11.2441
8.81199
10.2945
13.4824
9.42898
8.21332
12.4759
11.2269
9.60641
11.8025
12.9187
11.6779
10.156
12.5911
8.65823
9.37612
11.1626
10.5123
11.1318
13.1216
10.0301
13.1835
9.68122
11.8704
11.301
9.83322
11.6485
9.77721
5.14657
13.3855
8.03542
5.42588
14.3938
9.86649
11.9592
11.1658
9.07839
12.608
13.0776
14.0745
12.2611
12.1372
10.8274
5.85251
14.1035
8.47255
14.0732
14.1305
7.56459
13.6668
11.4385
12.1755
13.9619
14.0968
13.3546
10.4096
12.1796
13.0524
11.4698
10.7138
10.3616
9.17154
14.3672
8.38241
9.71752
12.1194
12.7926
12.2014
11.7123
6.6216
14.876
11.6419
6.0899
10.5495
6.50968
8.90001
9.92302
14.1092
12.9075
5.683
14.2275
11.3284
7.73568
14.994
7.20198
4.7475
8.86203
12.3501
14.0678
14.4333
11.9844
6.03424
14.6309
13.3256
13.2578
12.413
12.0958
8.14077
11.0171
11.8808
9.14854
14.9379
8.84511
14.5037
9.7837
6.61045
13.1586
9.70517
6.07422
5.50162
11.2295
7.60967
7.69251
8.01135
11.1214
11.7445
10.5559
9.97398
8.46104
11.6065
11.2826
13.519
14.27
12.3756
10.3993
14.4604
11.9648
14.1865
8.24838
13.2305
12.6127
11.0529
13.3173
14.7954
6.20716
13.8952
11.3499
8.94466
10.3519
8.24441
6.15737
6.33016
5.86692
6.01398
9.15374
6.25857
12.4097
13.6632
9.40282
7.62169
10.4049
14.8526
6.29013
9.8283
9.76712
5.62737
10.1654
7.8598
13.2441
11.203
14.3318
12.0959
10.6827
10.5954
11.4805
14.8167
10.5103
11.4737
8.66454
10.5833
12.9052
9.53098
13.0621
7.84212
13.872
12.417
9.62637
11.4955
9.63775
10.8207
7.17323
11.7634
12.0811
10.6794
9.407
6.60174
11.5016
13.6182
12.6534
8.89824
10.6554
7.70766
13.5036
14.363
8.83476
10.6942
9.2384
10.2945
10.0886
14.2308
6.01567
13.3066
11.2309
11.4901
11.4794
9.23303
8.42459
14.8395
13.1831
14.7998
13.9604
14.6242
11.9528
14.2402
11.0683
10.8657
10.5813
7.72898
7.89842
13.644
13.3685
14.8429
8.85864
9.96331
13.8325
6.97359
11.6489
13.6176
13.8407
9.41088
12.5537
12.5859
13.1525
11.3719
14.6283
8.00802
9.61228
8.62066
7.72129
12.7549
8.06677
14.4764
13.7104
13.9215
11.8015
9.98443
10.9021
10.3165
11.7531
12.1642
12.2859
8.93645
10.359
12.13
10.0759
13.1934
14.5578
8.21512
9.58683
12.9891
11.5932
14.3061
11.0021
13.5565
5.43083
8.95013
6.68691
13.0511
4.36545
14.5142
11.9429
13.6229
7.6841
14.1657
14.1538
12.0967
10.3847
13.8334
12.5223
10.604
11.2544
14.5175
10.0803
14.6896
8.64198
12.2989
6.02434
14.6322
12.7134
8.69452
8.20007
14.1599
11.5383
9.39765
10.9521
6.38827
10.4412
12.7946
6.09232
11.4099
11.9088
13.6521
10.4665
11.2859
12.7446
8.79964
11.3961
8.59825
10.4767
11.2598
6.26306
12.2411
11.1327
8.68628
6.8035
13.5826
9.10357
13.8663
11.1477
6.31248
13.5146
11.4895
11.7056
10.4361
10.2297
13.6159
9.87269
11.4516
8.50377
10.9318
14.6408
9.97521
10.6431
12.1287
11.5386
12.8245
12.4792
5.23174
11.4223
12.2818
9.18531
9.67717
14.0842
7.05138
12.9414
12.3718
12.9904
10.9599
8.19948
6.39063
6.32429
14.403
12.29
13.4994
10.0148
11.2013
11.9615
13.9767
11.3941
9.18184
12.6674
8.49864
5.43462
10.4571
9.69668
10.0063
11.2514
12.4
12.8819
14.2141
14.4795
8.97316
12.4379
14.0619
14.4865
8.18205
10.327
14.4181
8.81556
14.0987
11.1014
11.9977
12.5021
6.22406
6.27379
11.982
12.922
12.4614
10.1357
4.51931
9.18712
12.0594
14.877
10.3951
6.72899
10.371
6.39531
8.08889
7.43856
7.06885
5.61657
7.23366
11.2151
12.3278
11.5479
12.9987
8.69771
9.98775
7.08615
8.73268
12.8947
13.1243
7.4264
14.3546
5.3595
12.263
11.5855
10.4542
9.51889
12.1606
14.0641
13.6317
9.75643
11.4173
13.2696
12.7269
14.1131
14.4064
12.3639
10.0058
9.47221
14.6398
13.128
6.46707
12.8397
10.5368
11.5384
14.58
9.0011
6.42684
9.77738
14.4933
6.40159
8.26927
11.4806
11.5029
14.549
5.96923
7.22322
12.816
11.5835
13.4375
13.5673
7.99424
9.15032
14.1574
12.0706
12.1398
10.7858
12.0774
13.632
14.9838
12.5511
11.8538
7.77609
11.053
10.515
6.86759
9.72332
12.7507
12.9861
12.2528
13.7974
14.8586
14.0684
13.1131
12.043
14.4834
14.6477
6.65387
7.34964
10.5267
7.43228
10.7267
12.3691
10.1843
10.0074
10.8287
12.5787
14.3613
7.14355
14.6388
11.9477
13.1162
13.0991
14.1448
6.23349
10.2333
9.73837
10.1793
11.5683
14.189
6.35181
10.1391
10.6451
12.7588
11.1126
10.3125
9.20929
10.8975
8.60572
9.78378
12.9908
12.5671
12.6855
10.4473
11.8116
9.22105
8.94691
13.0783
10.9152
13.2569
10.1873
4.75862
5.42926
14.6068
12.0581
14.1641
13.6939
10.4405
14.9344
14.241
12.7942
14.4287
10.5361
10.3705
11.7113
6.83681
14.1351
4.72603
10.6746
6.87554
6.84052
9.96835
7.50602
12.6198
7.12701
8.65498
11.554
9.6337
6.89544
14.6543
11.3522
12.3315
13.7219
13.1549
12.6723
10.4808
9.93755
9.37693
4.94528
11.1209
14.7003
10.6547
7.031
13.8808
10.713
14.2433
10.5016
14.6823
14.3975
9.75207
10.8022
8.82828
14.1629
12.8465
10.4273
12.3039
10.4378
11.8329
13.3658
7.49235
7.11687
7.14063
5.94997
12.7011
14.8215
9.13305
14.5538
11.2497
10.5412
10.5507
14.9972
9.08799
8.38945
14.0422
10.0947
7.95744
6.9642
13.2765
10.9946
13.8073
10.2116
5.87155
7.58493
12.227
11.9992
7.15264
11.4324
10.9906
14.9021
11.4166
14.8749
13.0379
12.294
14.3532
10.5306
8.5076
11.4083
9.5199
8.66541
12.6133
11.8549
12.2101
12.7373
9.81597
11.569
6.40432
12.0587
13.7511
13.0141
9.04446
11.9857
14.8576
11.4841
8.31926
13.5643
12.415
14.9243
12.0122
14.8953
12.6852
6.33443
13.5414
12.9642
9.53382
9.35743
10.5802
12.2056
14.6771
10.0916
14.0575
10.3946
6.83958
13.1389
11.2147
6.97877
13.8888
11.9714
8.38209
11.8164
10.5769
4.61749
8.9925
14.1082
14.6525
9.62909
13.8879
14.5002
14.2441
9.41724
11.1507
9.57673
7.7559
8.12707
9.43166
9.59569
12.8883
9.93776
13.9997
14.2485
9.76797
4.43141
10.35
10.7484
10.5775
11.1133
9.94223
5.78147
7.05552
14.7812
11.036
13.782
11.2501
12.1557
7.65503
7.35808
13.9294
7.34956
8.78199
14.9802
11.8019
6.07366
12.6211
11.7453
10.808
11.7607
6.12175
12.9164
11.4641
8.2551
12.3114
10.3302
11.6959
13.9873
7.93577
13.8167
5.67484
5.68044
8.71851
14.7478
13.4108
9.73189
12.1568
8.21655
13.1534
12.1348
14.5615
13.4538
8.55045
6.21282
14.4571
10.9475
9.49009
10.9302
10.2703
13.2479
12.274
14.0153
9.82948
8.68692
13.1987
14.2362
13.9869
13.0024
10.7496
13.809
9.9483
13.1401
13.9029
12.7653
12.7945
11.7343
8.0707
6.0824
9.95646
12.7742
8.19019
14.2185
9.69187
8.78167
10.2299
11.5494
12.1982
14.6183
13.0972
14.4114
8.55268
12.227
14.8831
14.0121
8.91634
14.4456
6.22276
11.2727
6.43296
9.19084
8.86011
9.69176
10.5882
7.30872
12.1259
14.7898
11.6621
14.4579
11.1127
12.32
11.414
8.69665
10.2677
9.57849
14.7789
12.0508
6.02257
5.88267
14.9739
11.2059
8.00585
6.18637
8.10344
6.78227
13.0815
9.97738
10.3812
9.53828
10.5863
6.32539
12.0247
10.2687
5.51041
12.0138
9.47281
12.8938
7.62155
14.9162
8.94132
10.5999
13.7472
14.7591
13.1707
11.1074
8.94875
12.0976
12.5931
9.71044
13.8546
10.6066
9.54074
10.4118
12.137
12.8165
14.8138
7.11752
13.1413
12.253
8.88838
11.5533
11.3816
13.1921
12.4399
4.92041
9.13695
12.7927
11.6902
10.7208
12.8206
7.19527
5.66906
9.18167
10.6419
5.21141
11.0134
12.9017
11.2435
10.1928
10.2315
8.25439
12.5825
14.8418
8.06118
10.5846
11.6586
6.77667
10.3365
11.3936
4.97596
12.7364
7.8512
10.5161
14.2449
9.68076
9.04369
9.27407
6.25831
6.0011
12.6191
10.3185
8.89132
11.7902
12.3723
9.23293
12.5203
14.2548
10.5577
11.1122
13.3924
11.7432
11.0809
10.9312
13.0278
14.6579
9.05551
11.2746
11.7964
11.0614
9.69649
14.4432
13.2254
12.319
12.6124
6.13789
5.77143
13.2796
10.2411
10.0513
12.5789
11.0269
11.5295
11.8733
13.0087
14.2346
13.4559
11.0303
6.0159
12.725
14.098
5.28446
6.01526
8.22971
11.8835
13.7572
5.48558
12.9541
11.1303
10.5552
12.2518
10.7154
10.7862
14.5467
10.7629
9.18304
10.9875
6.17159
8.46274
9.74829
13.8769
8.60372
12.2894
10.0303
14.3974
14.2008
6.47018
14.2964
13.9583
14.1259
12.4869
12.876
11.2266
6.26264
6.26857
6.25834
9.14325
13.677
10.5526
14.286
10.6385
4.65681
13.1406
10.5169
13.7336
13.1467
11.6257
11.2624
11.4014
8.51052
12.6558
9.6257
10.1533
8.01971
14.5902
11.5654
13.6263
10.4161
11.1087
12.3022
6.19679
9.58094
14.3161
10.9726
11.2509
13.8728
11.5487
11.3722
9.58164
11.5
13.611
14.3103
11.4458
9.88502
10.3644
13.6562
8.78151
12.1323
8.9928
10.6066
11.7328
6.10091
9.8342
14.4126
10.962
8.4163
14.5462
10.8265
6.88837
13.3895
11.102
10.7252
12.4652
8.64392
10.7661
12.6575
10.7527
14.26
10.1275
11.7381
12.884
11.4884
14.4027
7.41856
10.7925
9.55428
11.7793
11.5447
6.16897
12.2524
14.4648
13.8261
12.7174
11.8932
14.6802
14.4745
10.5254
13.8207
8.56089
13.0387
13.6676
12.2565
13.4297
8.97904
7.49633
9.78595
8.99375
13.8244
11.1606
9.79989
13.7377
14.7478
9.87309
10.4235
10.0706
12.4204
11.8841
12.1651
10.0471
12.9583
11.768
13.6893
11.2132
8.59619
14.6304
11.2951
14.5089
12.7145
10.1896
11.9157
6.53606
5.43486
12.4307
8.45242
4.39638
5.76238
11.9963
12.711
10.9304
13.124
10.7679
10.0384
11.6984
13.5511
6.67553
14.5995
10.9975
12.4907
12.3585
14.0975
9.77472
8.75645
12.4406
11.0745
14.1811
10.0732
13.6785
14.8967
12.3481
13.2166
14.9254
10.2446
13.5492
11.3422
13.8986
13.1251
14.8633
6.7792
12.5516
13.0287
12.0914
11.8078
10.8364
6.86435
7.35435
14.0475
11.195
12.5443
10.7113
14.4771
12.0307
12.9213
12.4797
14.7458
12.8938
9.18729
11.3422
13.3644
11.1713
13.241
11.3375
14.0955
5.13189
4.33805
9.15822
8.52136
10.2525
8.25036
13.0782
14.6727
7.39723
12.9021
10.9865
9.24362
11.4662
14.5582
7.24135
6.3771
10.1411
9.95781
14.3324
10.0534
14.611
5.25872
8.37694
12.0402
10.9824
14.1898
9.83691
13.1701
5.55156
11.3294
12.4644
12.1081
9.85425
8.79348
11.5441
11.3083
14.767
10.5521
9.8651
10.5388
12.3398
9.00967
9.98254
11.119
10.4872
12.1053
13.2172
13.5347
9.91177
4.88727
12.9403
12.8957
14.8887
11.0408
13.5512
12.6026
10.6881
10.1351
6.69214
9.77934
10.6977
13.3322
14.4661
9.62026
11.1948
12.1254
12.3567
11.4021
12.5031
13.2413
12.8564
7.53759
11.9741
13.297
9.73854
12.7181
12.2397
12.509
9.74785
8.30013
12.0817
10.5313
10.916
11.0945
9.06511
13.8857
10.223
8.28664
13.4839
10.23
5.93083
9.48218
7.52222
11.6219
10.0807
9.08898
10.3558
10.3441
11.0571
14.6337
12.0716
8.49478
10.113
10.1091
7.88452
12.1674
6.25482
12.0008
13.8359
10.4771
10.8796
14.6989
14.2055
13.677
10.9243
4.11154
11.9773
14.5094
9.11037
12.4494
12.4338
9.13778
11.3141
14.5918
5.80029
13.4176
11.1016
11.994
9.6062
9.53167
12.5066
12.1043
13.9168
12.4884
9.14172
11.4725
9.72699
9.30543
10.682
5.87093
9.26162
10.5477
13.792
11.1008
6.94026
5.72147
11.6178
11.0071
9.14139
5.34283
12.7741
9.97493
10.9034
5.89668
12.6743
11.3673
9.14366
9.37446
11.2209
14.5982
11.869
12.5021
12.4156
9.93223
10.7884
5.89219
14.7864
12.5475
10.05
14.5317
12.6129
8.00382
14.1835
9.46803
12.0002
10.5086
7.40908
13.353
8.68704
12.66
11.8752
11.4411
10.1127
8.50111
11.2045
13.0359
9.93815
11.284
14.0088
10.1045
8.34268
13.6963
12.8767
8.85908
12.3891
4.67593
7.57044
14.1027
14.7323
12.53
11.3923
10.1709
13.8394
9.75345
13.8989
7.24707
11.1342
9.95651
12.8492
12.422
13.0099
12.1911
14.7194
13.3843
7.557
13.933
10.2011
10.8612
13.8672
5.72733
14.1982
7.0918
9.60973
8.77056
11.1442
9.862
12.9665
6.34325
6.17657
14.6463
14.3281
13.5828
11.7433
12.8282
6.45508
6.92648
9.20259
10.9858
9.70639
13.2036
13.5922
10.0368
11.3788
14.4646
12.4335
10.2835
5.32379
6.48017
10.3695
14.5522
13.9294
11.8766
12.2299
13.4174
8.24359
11.0213
8.0884
5.5427
14.517
9.423
12.4729
12.9366
14.2663
8.36248
5.63424
9.02948
11.7962
11.0764
11.0948
8.70071
10.1093
10.0521
12.1221
12.4549
6.82984
5.66074
6.20457
12.5556
9.29799
14.1626
5.86908
11.6624
11.0525
11.9415
6.18774
12.9833
9.22411
6.1487
9.09146
6.07154
13.3306
13.9773
7.97732
6.43474
6.70114
11.2918
10.0443
10.6709
14.0189
12.4213
14.2255
7.94801
6.01311
12.2676
7.7853
11.1206
11.8947
6.81424
12.3337
11.4345
12.2707
11.8258
13.7879
10.7129
8.98174
12.8181
10.0038
10.754
10.0345
5.96288
10.3103
14.9945
10.1449
10.4029
14.9272
7.49651
13.3181
8.88151
9.15718
9.80514
6.79589
10.1713
13.8272
10.0835
6.32996
9.86086
8.50862
13.6624
12.0903
14.9886
10.5794
9.76883
10.3381
12.8848
9.4331
13.4422
10.718
11.6043
11.9818
9.6552
10.3567
11.0026
10.0399
13.4054
13.7103
12.7652
13.4375
8.71931
5.5242
9.82412
7.03899
10.9217
10.8383
14.3812
6.45774
11.7659
12.7206
10.8925
6.88016
11.7257
6.8701
12.9138
8.22744
9.77611
12.0469
11.5584
9.59628
6.40732
11.9127
12.1636
13.0131
8.24047
14.3079
10.9562
10.2685
11.7816
14.2576
5.87636
6.25231
6.735
10.474
13.3053
12.8865
14.3514
8.49853
13.9321
13.9529
10.5654
10.2102
9.10136
8.50344
12.0171
8.65856
13.5144
14.5724
6.23175
7.60399
10.4849
14.7629
14.6332
14.6792
11.1721
8.66669
13.1434
13.5655
12.0705
13.6134
14.234
11.9019
9.40654
10.5167
13.5103
14.62
5.91946
12.4491
7.98611
10.2096
10.9682
9.80237
6.84403
13.7955
6.15342
8.69156
14.823
5.92352
9.84647
5.92533
7.80066
13.1219
13.1386
10.8106
9.09803
6.09927
14.4243
10.6192
9.15169
9.17297
10.4475
8.07369
8.894
6.15104
6.10893
10.4942
12.3271
5.54244
7.76732
13.4166
10.7806
12.7246
8.23865
12.9023
4.86205
7.15791
5.13151
12.1762
9.76269
4.93606
12.2227
14.9839
14.0937
10.9228
9.75125
14.2982
9.8189
14.835
13.2514
6.73229
13.4449
14.1474
10.9026
9.52757
7.95114
14.7076
14.1364
9.678
10.8762
8.28237
12.2608
10.1273
8.84452
9.63476
11.2814
12.07
12.5454
11.4536
13.3579
10.7191
8.38436
13.4831
11.1652
8.74375
4.90569
10.999
11.1904
11.1214
9.07114
8.6476
8.59079
9.92294
6.4087
13.4211
10.4486
8.22353
11.4054
14.8294
7.90139
14.9848
10.5223
9.71363
13.7631
12.3711
11.7547
10.6348
13.5597
10.332
14.8019
10.3938
7.09312
5.42991
4.80426
12.9282
6.54771
12.583
13.0125
10.1855
12.4798
11.6499
10.4502
13.0601
13.6092
9.67199
10.9732
12.2743
11.0764
10.9156
7.03122
12.5789
14.5823
6.0316
7.07091
11.2296
7.88354
11.7656
12.9857
6.11469
9.70897
11.9692
10.6521
10.3778
13.044
14.7717
14.0399
12.0505
13.8233
11.8656
12.1356
13.5
8.60477
14.1032
6.22091
8.09837
11.1825
10.369
9.93018
13.2406
10.5096
10.528
5.69231
7.61419
8.0735
11.5954
14.6241
12.9384
8.38225
9.78586
10.2885
9.62989
8.85958
9.39469
6.14222
11.4751
8.46435
6.17005
10.3707
6.10693
8.57587
6.11618
6.17122
13.1828
7.01313
11.8238
13.9274
13.8871
10.5668
11.5458
9.70899
11.7134
9.44113
7.32744
8.92099
11.9266
12.1145
13.2594
13.9563
10.4531
7.56812
8.85817
13.9055
8.96474
12.1204
9.72292
13.0472
14.2584
9.51327
8.45271
13.1258
12.8332
10.2917
8.28583
5.37517
12.3176
14.9998
14.8729
14.0982
9.57659
5.41595
8.85025
12.6306
10.4012
9.91435
12.4801
14.7564
10.1068
12.9205
5.57664
13.0956
14.231
10.054
8.15292
14.9037
10.3273
11.3031
5.91244
6.3773
14.3721
10.3366
9.77292
12.0962
10.2928
12.5862
11.2315
10.5798
9.6476
6.17534
9.26978
12.324
9.9326
12.9436
12.2884
13.5817
14.3037
9.00633
11.8879
8.32831
9.35913
10.843
6.52688
6.29397
10.7431
9.9033
13.5436
5.41475
14.5093
9.15634
6.65333
12.8269
11.3252
14.281
13.3206
8.93104
8.31206
13.1869
6.6277
5.21455
12.283
11.6149
12.3295
10.4509
13.7505
11.3368
8.11761
14.6854
5.61236
8.08377
12.9116
9.78277
11.0456
12.191
9.25075
9.5803
10.1829
8.34225
12.0914
9.81651
14.0959
10.821
6.08397
14.3642
9.77188
14.9047
14.886
12.6465
11.6282
12.519
8.31981
10.4117
7.52179
6.37877
6.00746
6.89838
10.6994
12.6088
14.1917
11.8998
11.16
11.0442
10.4011
12.2657
8.87935
8.5537
10.65
12.2779
10.9961
13.0825
5.94211
8.28866
11.8263
4.28887
6.41351
8.48296
11.2491
14.5682
12.643
10.9365
14.8698
11.8315
10.4388
9.1378
10.8264
10.2543
12.378
13.7188
8.34475
12.7493
6.11566
9.79871
12.3608
11.131
9.005
8.69432
11.0322
12.376
12.3081
14.7027
14.261
13.9938
7.65529
13.9215
14.839
12.8912
11.9878
13.8287
5.95146
13.5905
13.4069
14.6918
10.8116
11.5949
13.7531
11.2335
9.36739
9.83188
9.86842
6.73949
6.72686
14.6079
13.6841
13.6835
10.9015
14.5695
6.85535
13.2499
14.183
10.667
10.0402
10.5751
11.9015
9.70467
13.1758
8.37906
13.4784
12.635
9.53163
8.79991
14.857
6.45616
6.2462
6.19772
14.0576
10.6219
14.2631
14.163
11.3015
9.52777
13.8133
13.3018
12.1106
12.8155
14.15
13.0151
11.5735
12.3587
9.58335
10.619
10.6501
8.56273
13.2841
13.6302
12.3445
14.0709
12.1876
9.79911
4.5277
10.4289
12.9132
10.7686
8.44545
12.4595
8.70728
11.9371
7.035
10.816
12.9878
8.62256
14.222
12.6406
13.6753
13.8854
11.4811
11.8863
12.9127
10.8599
10.5787
11.6377
13.5702
14.5005
9.17727
14.158
10.5521
9.32776
13.7518
12.7863
14.5178
10.1414
13.1851
14.8602
8.31237
11.9514
11.6283
12.666
11.7159
14.4475
10.0027
10.5092
8.34783
9.78313
10.8086
12.5466
8.02441
13.9736
14.1166
12.7473
11.9163
10.1768
7.22786
4.49454
10.3251
14.5927
14.8698
8.38299
5.11338
9.55112
7.66658
14.8279
14.5591
13.2747
5.23385
8.88772
8.4027
11.2181
9.99245
6.25383
8.54468
11.5628
7.01121
13.1571
9.966
7.39624
10.8299
13.1003
8.13253
14.7787
11.892
6.81981
13.4098
11.2338
12.1627
10.2522
7.84844
12.2562
13.179
9.96627
7.4483
6.10132
6.86211
14.785
5.64858
10.917
13.8129
11.1787
10.3795
9.91258
10.3652
9.81713
14.0986
14.9898
10.472
12.5579
14.78
8.07574
11.5157
13.7201
12.0432
9.64321
10.2256
13.7185
8.32642
7.77764
6.12929
10.29
9.91553
11.1024
10.0106
10.433
10.8682
12.2304
12.1365
6.03341
9.52873
12.7642
10.0756
4.60458
10.9661
6.18328
13.8194
14.2263
9.63832
13.0787
10.9708
13.6567
14.9847
13.728
9.5033
13.445
6.70808
13.4955
6.35587
8.09118
9.44466
6.04353
7.93982
10.7934
14.4232
8.93247
14.4593
8.67803
12.6379
12.1661
9.5927
14.2653
10.5773
14.1135
6.27761
11.8899
5.39075
13.5265
6.17371
11.2632
13.6941
12.3617
11.3924
14.5957
5.86536
10.6644
11.4324
11.5281
10.6923
13.5533
12.4428
8.80459
9.59117
11.6112
11.7226
12.4121
12.7026
11.2558
9.90617
10.4712
6.70237
10.5342
11.0754
9.85193
6.4663
13.8766
12.2517
9.78364
12.1632
14.8515
7.73805
9.80154
6.47036
9.24472
8.373
12.4338
10.4057
13.2856
12.5912
9.62716
10.6138
13.1056
9.13737
13.5441
8.75193
9.83423
6.19205
5.96358
13.3986
12.9326
14.7319
11.4852
12.1005
9.76603
13.6724
6.3327
10.94
6.18625
11.5103
7.70685
11.8073
14.6066
7.72952
11.144
9.00938
12.286
14.4133
11.0019
11.2008
7.47549
5.69743
12.6736
5.46356
8.10952
7.88733
13.5948
9.18038
14.0097
14.1101
12.3137
12.3623
14.1235
8.88208
9.75946
12.3531
12.035
14.0697
8.51895
11.0213
14.0183
11.8194
10.0742
11.1482
10.3858
13.499
11.9865
14.5426
13.2251
10.7261
9.25646
14.0315
10.3582
12.8959
10.706
10.4557
9.12305
6.04448
8.49603
13.1324
14.5649
4.31792
11.1214
10.984
7.85876
9.14842
13.9135
14.7062
13.0265
8.76924
8.92635
9.69633
10.8827
12.7467
9.21465
9.84739
10.4275
12.5664
13.5904
3.75325
10.5867
14.2499
13.9802
9.66006
14.6167
8.6085
9.66397
9.2575
10.5781
6.37937
10.7694
13.9492
12.7262
12.5834
12.6176
10.0421
11.952
9.30074
5.92006
8.43223
12.365
10.9421
14.9052
14.2099
9.53965
11.343
6.43058
10.4453
13.9465
12.1182
14.8047
9.66526
5.96944
10.1313
14.0995
12.0857
12.9353
11.7489
6.23925
7.93821
11.8862
13.6243
12.4354
13.474
9.46093
10.3122
10.9714
12.7776
9.95468
7.28033
4.97232
12.9837
8.62942
11.8254
9.04646
13.9706
10.502
13.6989
12.8501
9.61048
14.0286
10.5895
14.3041
11.9458
8.93604
9.19656
13.6911
12.0063
12.8495
7.25112
8.89381
12.036
14.2978
9.1411
13.2911
12.651
5.98272
8.45845
7.89968
7.26949
13.5828
12.3124
9.67965
9.03327
12.3466
12.3382
12.4566
12.3268
13.8856
10.5299
14.6059
9.83508
11.4659
11.1335
13.1487
13.7453
11.0199
10.296
11.9473
13.4283
11.3803
11.9075
10.3096
13.3935
6.01304
9.40574
10.0384
14.5553
12.8218
13.7802
10.6188
13.3052
14.204
10.9438
6.48858
8.41228
14.7138
12.8857
12.9111
7.89751
10.9193
14.2667
4.89401
10.776
11.4733
11.222
5.62992
10.0434
13.3413
12.3744
12.9913
6.42218
5.84275
14.688
10.6616
14.7672
5.96737
10.9075
6.96804
8.39028
8.81795
14.5582
9.92303
10.6033
11.7563
5.19279
9.05542
8.20688
9.88914
13.768
12.9502
12.4487
12.0137
10.3822
8.81256
5.93967
10.3673
13.9127
5.39965
13.8391
14.7632
13.3916
11.9867
10.3839
10.1738
10.3031
8.89452
9.29901
12.788
12.7576
14.0875
13.5613
13.378
13.1593
11.0002
9.93704
12.1995
12.4001
8.36759
10.6968
10.4448
10.8013
11.2943
14.5379
12.1851
11.7081
12.4053
9.5844
12.069
13.5004
7.10358
8.95186
12.6289
8.1788
13.4269
9.51146
9.83322
4.91786
13.1101
13.0716
14.4221
9.95694
10.653
12.9337
11.1209
10.1949
12.0082
12.73
10.728
13.0289
11.3129
8.97006
9.16712
8.84652
7.04119
8.09485
13.6871
7.74459
10.9369
9.07539
11.2689
14.7223
10.4244
10.2466
6.51824
7.37753
12.849
9.09726
13.0197
5.71917
5.93079
11.7665
9.85241
12.2185
12.291
6.08915
6.52181
6.34763
14.516
11.9156
11.9921
9.31714
14.3528
9.77312
7.56485
6.1556
10.5545
14.1381
10.9452
7.13006
8.77759
8.20223
12.4584
11.3566
10.7145
10.1085
12.3519
10.0936
11.2753
13.5635
11.1343
10.936
11.703
14.8686
11.1732
12.8812
13.4332
12.4644
6.10423
10.4057
13.9302
11.8635
12.1478
10.0452
14.9698
6.43884
10.257
8.91326
10.4563
8.84468
10.6255
14.6413
11.6684
10.8642
14.414
9.16767
12.7711
9.77822
9.42955
11.3355
14.0003
6.92388
12.2211
11.7015
9.08705
9.9816
7.1039
12.4119
14.1849
8.68655
9.3765
8.75427
11.896
13.3039
14.8273
9.76483
12.0029
11.9806
12.7154
9.88955
9.63594
13.635
12.6397
13.2226
11.7924
10.0469
9.8243
12.061
12.1445
7.43579
13.7393
5.63896
10.0614
11.8044
9.44079
6.81679
8.98022
14.2717
9.91281
9.5291
11.0998
14.0843
13.1775
6.12895
10.2672
14.2293
14.4743
14.9618
13.2449
14.8528
9.62337
9.19677
9.34228
13.1518
8.11159
10.7341
7.28559
14.444
8.41951
5.69389
9.74156
13.9682
10.2259
8.50852
14.4956
9.73217
12.5961
13.7673
9.17624
8.69828
14.9458
11.077
11.8035
8.69291
13.644
8.50215
9.66978
6.26298
13.6795
10.3526
9.28711
10.0891
11.5505
9.75469
10.1422
8.91254
10.5295
12.857
13.333
10.9044
11.7504
7.375
5.97629
11.0102
11.0154
10.9383
10.1809
12.5541
12.1166
10.4146
6.05559
14.8868
9.91809
10.2016
11.911
8.87924
14.4595
8.16619
9.48832
14.6581
12.8406
13.2737
6.6629
9.70944
10.9381
12.7317
12.6823
8.61936
12.0586
14.64
8.03294
6.2766
5.34963
14.1566
12.343
13.5862
5.59846
12.1728
5.95857
9.90477
13.3643
10.6608
14.1799
11.9407
10.7681
9.95705
14.1999
13.2044
13.7509
11.2607
12.5712
14.1044
6.0315
9.72807
9.54547
11.298
12.0867
12.9525
13.4135
12.0968
10.9763
10.276
13.5183
11.4688
10.7001
12.1459
12.7242
13.8495
7.04088
13.3545
11.3243
11.2119
9.63498
7.05817
10.9979
12.9542
12.4081
12.6374
12.1139
12.5329
12.198
11.2178
13.9757
14.9507
6.73267
14.6643
10.3139
9.36587
14.3289
14.5114
14.792
11.3685
14.2994
13.1645
13.2409
10.9435
10.8323
7.42265
10.6572
10.3284
8.36462
10.521
6.32766
13.6198
8.71416
12.8891
14.7355
10.025
12.0553
13.709
9.91142
6.1801
7.37561
11.1258
11.4679
13.7634
8.96123
11.6418
6.46796
12.0784
13.3661
9.9965
14.2384
12.0988
12.8897
13.7461
4.97246
11.4456
8.68341
6.71255
8.85181
7.66884
8.71876
6.18771
10.6019
11.43
11.3419
10.2887
9.66567
7.64894
4.13331
8.79138
7.38832
14.8026
6.05578
9.96781
13.8017
12.3038
14.781
10.0955
5.81063
9.91906
9.00633
12.2759
9.9215
7.5092
13.3668
13.696
10.4802
10.8674
13.1572
5.44932
8.41537
10.4635
13.2485
12.639
12.5741
11.8113
10.4135
10.1578
12.7776
8.39005
11.6516
14.7006
10.69
14.2589
10.7848
10.9661
10.4896
6.51221
13.1714
8.15407
7.94944
7.12062
12.1644
14.6389
10.9189
14.197
6.24485
13.1791
4.71617
6.56705
14.2987
7.87631
9.32665
5.05591
9.56578
11.7062
12.4657
9.59096
14.535
13.6833
5.00392
10.2845
10.1692
14.5789
11.1575
11.2785
8.03017
6.08431
12.0142
7.8187
11.3659
13.3119
6.61155
14.0182
12.1117
4.85838
8.67974
10.7049
8.94024
14.7271
13.0749
6.95543
8.30786
13.1614
9.7002
14.9199
13.9024
7.09313
6.07444
9.91757
4.36541
11.2023
10.2666
11.8649
13.3316
9.50653
8.8887
11.2676
9.10373
11.7178
7.54228
7.76074
12.6146
14.0304
14.1571
9.82375
13.5761
14.7227
9.17912
7.36757
3.83944
5.83128
10.0377
9.50112
14.862
14.2293
8.44981
14.4356
10.1532
11.6025
14.8668
9.98817
13.9767
10.7317
6.289
13.4453
14.5057
13.2292
10.2723
11.8918
13.0382
13.0417
9.12078
12.6344
14.9981
6.9538
14.1306
13.0597
12.4765
13.119
11.152
5.81231
14.5878
11.6716
12.601
5.46185
8.87345
12.9173
14.6134
14.142
13.0468
12.7503
11.5545
10.8078
10.3192
12.3265
7.74928
13.6073
10.4751
9.74521
14.9449
12.0997
14.0123
8.75797
11.0563
13.7481
10.2413
14.2088
10.7703
11.8902
13.5156
12.1754
10.6349
10.973
14.3229
7.86575
14.719
12.7081
13.8784
6.29119
13.8207
9.99705
10.4299
11.346
12.1926
10.1075
12.7754
13.972
6.73535
5.52335
9.77617
12.335
11.2783
13.2113
13.9114
6.3846
6.05088
13.3638
10.0824
9.83302
10.0659
9.36437
11.9281
14.9969
14.6046
4.9794
14.7699
13.7651
11.414
10.52
13.3963
10.2764
13.9458
13.6127
11.5521
8.55133
11.6277
9.04369
13.5356
8.57586
6.09389
7.97793
13.1253
6.04933
9.20318
10.5474
9.19557
13.9375
10.0958
12.5681
13.583
9.24885
13.5074
10.0296
14.506
13.2812
9.96673
14.6737
12.9427
7.20005
12.7545
14.2712
10.5561
10.3666
14.2686
12.1461
8.83114
6.09097
8.74782
14.0142
8.78258
12.1687
8.21769
9.03699
14.3181
11.5723
8.75543
14.0719
13.2811
12.9331
12.1423
10.2361
14.1317
12.5632
12.1477
8.75426
11.0427
7.97486
7.97345
5.26143
13.0129
14.0588
13.5434
14.0481
12.607
9.79047
10.7629
5.99969
6.19395
13.8419
8.95266
11.2147
13.6564
13.1596
7.88314
14.901
10.8159
10.2678
12.5836
14.6465
13.3892
6.03704
6.74292
9.02144
11.3975
14.7531
8.44802
9.84106
13.5721
7.92426
13.4821
5.97413
9.31005
14.2374
10.4353
13.7966
13.1852
8.99604
11.5273
5.77571
12.5592
12.3982
7.96557
13.8113
11.1537
13.3684
13.8776
11.5267
10.9014
10.295
6.13126
8.65727
10.4721
7.69634
14.5117
9.64564
8.56628
13.2987
12.9801
5.58107
14.944
13.5332
8.12889
14.3247
10.2077
13.4092
11.2653
10.6976
10.919
12.2191
14.2918
13.7133
14.9186
11.1866
11.4657
12.8181
6.11402
14.7118
11.3846
10.0331
10.1651
12.3202
13.9168
9.3095
14.9118
11.5299
14.2413
11.6437
14.9873
14.3253
10.4852
12.0614
14.5658
11.315
14.4562
13.7534
13.3873
14.4076
12.1395
9.48352
14.3233
12.1266
9.79805
10.7738
13.4147
9.76537
10.689
14.6796
12.8866
10.5617
4.49552
14.5632
7.93704
9.60569
6.18699
11.1671
10.0723
14.4798
7.23598
11.2045
14.2177
5.99159
14.0413
14.6089
8.11693
9.61709
13.4238
9.81033
14.4948
9.67985
14.4233
10.4998
14.9921
8.11612
8.4174
13.724
11.1704
10.2764
5.50393
13.9448
12.9609
12.5882
11.9676
10.3965
12.6246
11.8039
12.4156
14.3125
12.7278
6.93369
12.2984
11.5587
13.4807
10.4329
9.99991
14.007
12.7391
14.8654
12.3446
11.28
13.8221
10.8514
14.4012
14.4527
7.06177
12.4939
6.42483
12.5145
12.333
12.2947
12.9007
9.23167
11.0375
12.4488
8.80739
9.70451
9.2889
13.8561
12.3432
12.2674
14.0365
12.2035
13.6231
12.6802
14.3477
4.72431
10.8215
14.8121
14.6303
14.8062
11.4472
12.4723
8.45245
11.7248
13.2423
9.94086
11.8179
5.0269
11.3464
6.60817
4.58084
10.3902
8.19632
11.7312
14.7347
11.2767
9.43222
5.53399
14.0248
5.87658
12.0635
12.3793
12.8017
11.6935
10.2874
7.63076
9.20627
4.37543
13.2449
9.59938
10.2684
14.7774
12.2233
12.7268
10.5999
11.1952
12.4233
13.8889
14.1964
11.2177
14.468
8.86956
6.10544
14.1923
11.7946
12.5817
12.3697
14.075
5.41885
7.9424
4.70274
7.96251
10.7262
13.9654
10.8466
12.3176
11.9985
10.4452
12.3784
12.6955
10.9025
13.7898
12.0944
9.81631
13.7276
14.8619
9.03819
7.30064
11.4159
14.5793
10.8832
9.84038
6.3878
13.8605
10.3173
9.47373
13.6945
10.1457
11.9063
10.874
8.29757
14.0768
14.9144
11.1728
13.7831
10.5799
12.5012
6.22436
11.921
10.8348
14.984
10.7738
5.93751
11.2385
6.65731
14.424
9.13244
10.9048
13.5162
9.69812
12.235
8.56125
6.17249
7.45454
10.8857
11.3912
13.3405
13.0998
14.7322
10.9284
14.6524
13.3395
13.2364
10.6136
12.6611
13.0037
10.7092
11.9814
7.901
10.0028
12.7582
12.6287
11.0326
8.8006
9.17745
10.0952
12.8876
12.6896
9.52952
11.3874
10.9314
14.2965
14.3692
12.9955
6.9832
6.35068
10.098
7.16575
10.4392
9.06146
11.729
12.5181
14.2685
11.9293
13.5217
14.2449
14.0665
9.22408
7.74857
11.1803
10.684
6.71747
12.7256
8.84389
12.7085
11.7108
9.83558
5.51064
10.7745
12.7997
6.54126
9.6272
9.50444
12.8081
14.5283
9.21938
14.0491
14.5168
14.6349
11.8114
9.50244
11.7639
13.7185
8.60334
8.17276
14.4228
11.2623
13.454
14.4836
8.42252
11.6039
10.0057
14.1371
8.92257
7.11905
14.8056
13.2016
12.9747
14.0797
8.97449
11.2967
12.5794
9.68999
8.33241
5.2205
8.54774
10.9512
9.97336
10.0309
10.2242
13.9427
14.3905
11.0542
9.11109
13.5939
14.4169
14.689
6.62661
13.5385
11.5674
8.80364
14.766
11.2085
4.62433
11.3947
12.6809
10.9686
12.9661
7.35451
14.4785
11.6741
6.45646
14.7016
12.1482
11.007
6.03581
14.6564
13.4588
12.4134
8.17279
12.9288
13.7841
10.9566
14.4916
12.8424
13.9614
14.6125
10.6532
5.67679
12.5689
10.0528
13.3885
9.29476
12.297
10.5111
6.46907
9.99029
13.2562
12.5039
13.9368
14.1091
10.6545
6.21498
13.2337
9.84293
14.2621
13.9207
10.156
9.71982
11.8936
10.3785
11.5502
9.92004
13.5846
9.21927
13.944
12.3272
14.4782
10.7835
14.0007
7.84247
9.6546
14.6313
13.4243
13.5062
10.9356
9.67055
12.0171
8.17484
10.4662
9.93176
14.1749
13.7104
13.7441
8.83157
10.4674
10.6473
13.0636
12.2714
8.31696
12.2824
14.3355
10.5826
11.4687
8.58161
11.0769
12.5476
10.5252
14.5318
10.8693
7.28816
13.497
9.63132
14.3717
13.1061
10.3411
6.44069
12.7747
13.7719
12.4672
10.3759
14.1355
13.0399
8.81649
10.6299
11.0087
6.28291
13.6417
10.4312
7.99103
12.9849
10.8948
14.6221
12.2778
8.71392
6.37397
8.50387
9.65856
9.57116
13.7952
11.924
9.41072
10.0452
13.6487
12.3483
10.1707
11.4374
13.7843
12.3803
11.5236
10.1265
12.8896
13.0699
11.9548
9.83869
8.0838
11.7248
14.1599
7.67264
12.0728
12.2863
6.41373
11.4058
11.7607
13.5137
10.9477
9.55898
14.3581
6.45781
11.9342
14.2106
10.1378
13.2663
11.0594
11.5062
14.9101
9.38621
10.8727
7.67593
14.9772
13.8596
13.893
10.6782
13.1503
9.86915
10.2184
6.36685
8.04336
13.0895
6.90024
8.35861
14.45
6.16559
12.3832
13.3586
14.9073
13.0365
9.86204
12.958
7.60992
9.85992
12.6447
11.1654
10.3183
9.38705
13.9489
14.1968
14.7757
11.1641
13.8823
6.69478
12.2346
14.6806
10.9119
14.3915
13.9414
11.2656
8.5449
13.2353
13.2757
7.91969
7.37927
11.7906
11.0671
6.91307
7.54507
9.28691
8.53033
13.4753
11.7343
6.73201
9.46954
12.8024
11.657
6.80028
7.66315
12.4998
14.3394
12.3383
9.58447
9.03539
8.59756
10.2681
13.7831
10.9858
10.5743
14.7278
8.7115
12.751
13.4474
9.61601
10.1125
14.4054
9.64099
12.3815
14.856
10.8718
13.8871
12.8868
9.15173
14.5184
14.0109
6.00372
12.4636
7.21523
9.87185
13.4164
8.51809
11.8484
7.76426
9.79224
6.2501
11.2439
9.96006
14.476
14.1072
11.1019
6.49704
6.95022
11.0754
11.3574
13.1314
11.6556
9.78663
9.08087
5.85858
12.1326
10.0889
11.3503
10.9008
13.2835
8.89562
9.48888
12.0583
8.65846
12.138
11.9882
7.98884
10.3831
10.2352
10.2854
14.3878
8.5521
9.73075
8.05532
3.79389
11.5144
9.79039
6.73636
8.70571
6.42783
10.8944
11.4658
11.9457
14.8687
9.85112
8.7709
9.22576
10.0922
11.1951
7.72284
14.8816
13.5652
10.4858
11.6328
9.84987
14.3922
9.57228
11.5514
5.58601
14.7697
6.62945
10.6207
13.352
9.03866
6.62516
12.8206
14.1396
8.57872
12.909
6.01334
13.1389
8.82088
10.0191
6.06272
12.7607
11.6677
13.2596
10.7501
14.9852
13.4523
8.28662
7.9112
9.34902
14.3588
13.1223
10.6398
11.5286
7.50864
13.8531
13.8369
13.9891
8.55312
6.20225
10.6203
6.27812
5.44035
8.90742
11.4541
11.4188
14.2932
13.6522
12.2934
7.76254
11.6834
14.888
7.17533
12.0181
14.8715
10.5411
6.74898
4.72362
5.80739
9.17966
12.9871
11.8084
14.4612
14.1696
14.2708
9.73143
6.98111
12.9974
12.5328
9.601
13.8766
12.2153
13.816
6.29905
12.0066
9.25564
8.69966
12.4947
7.01113
10.1946
12.035
11.314
7.98426
10.4897
8.92733
5.85196
10.5782
12.1648
4.57234
14.2826
10.4778
12.622
9.77583
10.7273
10.3798
10.663
8.81528
11.9904
8.92012
12.8118
7.86922
10.0143
11.558
11.3851
10.7174
11.1722
14.0955
12.5428
10.937
12.6688
8.80974
12.2975
8.96162
11.8706
14.8025
10.6415
9.76764
10.7449
12.7986
13.5322
10.1344
11.453
10.0928
4.60299
11.4057
6.30053
4.99732
9.12728
6.23441
14.0522
14.3061
10.7101
10.7881
9.70524
12.2131
9.34383
7.61756
8.35494
12.979
13.2234
14.3809
14.1174
9.52687
4.63993
10.0171
11.1424
10.9475
13.4271
11.8113
14.6311
10.6299
10.378
12.4239
12.8469
9.96369
12.3632
11.0457
12.5837
12.8289
8.85751
10.5793
14.1093
8.75112
8.99032
11.4749
13.5229
10.835
9.67466
13.9466
13.6646
9.12047
6.71543
6.20485
12.64
11.9629
10.8738
9.46639
12.2363
9.91504
9.64972
12.2421
14.3154
10.7866
6.0134
9.49449
9.25249
11.7879
9.04219
12.4528
14.8165
13.2203
10.0573
6.14841
12.0163
10.3732
6.30998
9.35504
12.5807
13.2599
10.3931
11.5988
11.1516
10.5326
11.291
6.94295
4.69885
8.29761
8.99904
14.8522
11.1703
13.7576
11.7123
14.3033
13.0427
12.5955
11.9779
13.2529
10.0415
6.31186
9.89333
10.9596
12.4681
11.365
8.83379
12.4333
12.6589
14.4539
11.5792
11.9988
14.9056
13.2368
10.0227
12.8167
9.92468
6.85628
4.00342
11.8749
12.6842
14.6672
13.8396
14.9754
13.16
13.725
13.7481
10.6429
5.244
10.6939
6.447
12.2898
14.0978
13.2024
13.7388
14.3235
7.28535
11.7067
12.7917
13.7841
13.0404
12.6151
10.1158
6.50768
9.32977
11.6591
13.5646
13.4272
12.4038
14.0578
12.9044
14.49
9.39976
10.6269
10.5275
10.467
11.2659
10.5433
6.06797
10.0774
14.9231
11.8465
14.5009
8.9282
13.5946
9.67511
12.7281
12.3717
5.55628
14.2377
9.40588
14.0439
7.51159
12.8633
13.8934
11.5874
9.44234
14.6115
12.602
5.47979
12.3229
9.94827
11.6781
9.51964
14.8796
5.09587
6.46514
8.58493
9.83014
11.6522
6.72182
8.94835
9.89759
14.2664
9.76868
9.30179
10.8923
14.8735
6.82319
14.1175
14.4276
14.5
9.98616
10.1518
10.336
8.51486
9.76877
13.1588
9.72655
14.234
14.729
12.3121
9.94753
6.37097
12.7232
9.31838
5.49187
10.5271
7.71011
10.8565
10.4571
8.60387
7.34784
12.1142
13.6415
10.6148
11.9726
8.65355
13.7739
14.0174
11.9063
11.2647
13.6171
8.27365
13.6096
5.95526
13.6765
14.0828
14.1893
13.2361
9.87607
14.8239
10.1523
14.2643
9.51698
11.0422
6.59687
10.1164
12.8904
13.2718
11.6318
6.52375
5.77252
11.9273
10.5705
9.93126
10.2339
11.7505
9.91975
10.7241
10.5559
8.99202
9.10885
10.297
6.18381
13.1128
7.39858
5.81539
14.2313
9.54914
11.0627
12.53
10.8764
8.99954
12.5578
9.93277
6.46797
10.6549
13.706
12.362
14.5792
6.63672
10.4204
11.8215
14.4664
13.8401
6.19189
10.4766
12.6355
13.5938
13.8349
12.3736
10.7783
11.3815
12.5514
14.3294
13.2494
13.6276
9.81793
14.7511
14.7484
6.15398
8.62053
11.873
12.6812
11.4219
10.8196
10.0572
12.0592
14.0973
8.33083
11.9333
13.6819
6.71622
13.5704
10.7707
9.14232
14.4842
7.75926
14.1484
11.3937
10.259
8.42035
9.681
11.8775
11.4061
11.1686
14.6938
12.4507
12.2426
12.6012
10.463
11.8799
6.5275
10.054
11.823
7.35537
6.30132
12.4254
10.2417
8.41027
12.0693
14.2555
10.1292
8.78099
11.7174
12.2479
13.4429
11.5717
6.69828
9.11306
12.4689
14.2442
12.4344
11.2093
9.24839
8.83974
6.56351
9.00427
10.523
14.2138
9.41506
11.296
12.3617
9.2073
12.1198
14.1125
8.11442
11.9858
8.6652
12.3944
13.9124
14.3318
12.4959
9.44256
9.55665
10.1993
10.6534
12.8654
10.482
10.3306
13.9611
6.63673
14.7898
11.9803
9.10176
12.9267
14.1953
8.68894
12.5718
6.08584
10.2136
7.35927
14.9559
9.95715
10.622
10.7199
12.9552
7.84049
10.2574
8.94633
10.7669
9.72321
14.984
7.85883
9.45971
10.9757
11.8295
13.8464
13.7362
8.50526
14.9979
14.7643
13.0353
12.748
4.68472
9.64399
13.8163
9.40493
8.64095
10.4769
8.40111
6.36317
7.09953
10.9822
11.1888
13.8325
12.1143
14.3298
10.7409
13.1548
12.7685
14.0387
14.3293
6.12503
11.3837
11.4359
10.8498
11.4728
13.8974
13.3246
13.022
12.0287
13.0429
10.3392
11.2477
14.4638
12.5478
13.0848
11.1099
11.4632
14.0464
14.4081
9.66498
13.7874
6.82131
14.0368
14.7269
10.3899
13.4618
6.62206
10.0095
13.4632
9.44491
5.78894
9.19056
11.2029
12.7845
9.56724
14.491
10.2392
10.4446
6.20664
9.86415
14.8671
14.9194
10.9534
10.4212
14.7566
13.9591
10.3436
9.27429
12.5074
10.6111
10.6014
9.15009
10.3584
9.39293
14.7872
9.94426
10.3629
13.5635
14.2076
8.27463
9.54012
13.7299
12.4999
10.8452
14.1295
8.61839
7.73288
12.5761
8.58278
9.34733
11.9464
11.7907
13.6918
11.0792
9.16691
10.5624
14.8604
5.50408
10.0502
9.98005
9.26039
8.37535
10.036
9.94495
9.36832
5.46424
14.7501
14.3382
12.2802
6.14137
6.45242
8.74691
14.8183
11.592
14.0152
14.1296
9.9694
10.3157
11.538
7.646
12.0728
9.17007
14.3727
9.75946
7.50675
14.4213
14.5105
12.1871
8.56371
5.97353
11.9721
7.81177
7.30265
6.15297
10.9215
10.4183
10.6778
8.85368
11.6596
5.85176
5.98943
14.466
11.0784
11.4919
13.5762
10.2842
14.3751
14.3323
7.61434
8.74753
13.8733
10.9084
11.368
11.4455
8.04052
14.9219
14.6411
7.22013
11.1266
11.1092
9.76299
10.7112
6.66041
6.24435
8.70054
14.7827
10.2534
14.1519
6.39073
12.7511
10.9573
14.477
9.04085
7.43954
14.7998
12.3519
5.1216
13.8833
8.03286
14.4912
6.02088
13.0527
9.22596
6.25428
10.0506
9.20413
10.6848
14.3143
9.80685
13.1438
14.4784
10.7359
10.7782
10.1015
13.6161
11.5253
11.2832
8.54291
12.2788
13.5793
10.4928
14.3333
8.86552
12.2653
11.6628
13.6221
9.71403
11.4258
12.4862
13.2487
11.1842
11.1397
9.04599
14.3333
14.3272
11.4806
10.9272
6.80894
7.88136
11.4808
9.16018
13.4078
13.7362
9.40449
12.729
11.3342
12.0869
10.4426
6.10081
10.6989
14.6603
10.1863
14.6364
7.15562
10.9052
8.23652
8.09172
6.2797
13.2056
11.4237
11.7325
13.8561
9.36776
14.3907
13.8915
12.7666
10.6236
12.3291
8.04633
10.627
10.7426
11.7309
5.69102
10.507
14.349
9.7315
12.4004
6.631
8.49513
6.29276
6.55767
13.6271
14.4321
14.9968
12.6055
13.7471
13.2083
13.2554
11.8839
8.48437
8.20843
10.3438
13.6571
14.5248
10.5325
6.32018
9.49426
12.1347
9.93996
10.8754
12.5894
11.42
7.2751
10.838
9.84433
10.7223
14.1141
13.6771
10.8904
8.03109
11.0282
13.0722
10.0657
7.09794
10.6329
10.3556
14.6186
8.43301
11.3452
14.9428
10.2771
9.30945
8.72991
6.62281
9.15204
11.0459
10.3835
7.57913
8.30351
13.3346
10.4774
14.8775
8.82292
10.6069
7.59848
13.4372
14.6464
13.3924
8.82658
9.98722
9.62743
12.4353
11.8122
8.10646
9.8081
10.6546
12.5658
10.5168
5.34908
13.517
6.66485
9.17612
7.28908
13.3146
11.4767
12.5231
11.3434
10.5073
12.9157
11.8854
7.47808
9.92788
5.46434
12.8796
14.6364
11.5529
10.4614
10.9024
9.55894
11.2352
9.28968
13.8885
9.42716
11.0969
9.89568
14.8677
9.46694
10.442
12.064
11.3999
13.6161
9.0593
9.60838
11.5736
7.81632
12.656
7.26291
7.22852
12.8264
14.8104
11.3585
6.2921
13.7952
8.47449
8.7258
12.0324
14.737
14.5637
13.4899
12.887
6.24833
10.8846
7.35841
8.19079
10.4327
9.06643
11.0074
6.25882
11.9497
13.3109
8.35971
10.4125
14.8051
10.075
8.25582
11.2118
11.8923
8.94346
14.487
8.89107
10.3584
14.5408
5.36573
14.6389
10.0505
5.59918
11.887
10.4357
10.1908
12.5408
8.70279
8.29569
9.51439
9.8962
11.9366
12.3837
14.4755
12.7822
11.1996
6.65752
14.8777
9.53955
14.2639
10.5794
9.98001
11.5293
10.9446
13.0575
14.1956
6.61641
11.4041
10.032
4.59208
10.9114
5.83903
14.1877
13.2936
6.674
6.77462
12.5604
8.31672
7.9777
9.28353
10.8984
11.6786
4.3431
9.88347
4.26716
10.2702
11.0688
10.0839
5.24351
7.69682
14.7607
14.5803
11.466
11.4674
12.8047
8.72541
10.4284
14.6338
14.4417
12.4413
9.31511
11.4194
9.92861
6.10528
13.2346
6.05414
10.4426
13.2875
10.7839
12.8441
8.95424
9.51262
9.95616
13.9691
10.4434
14.3097
9.21928
11.4183
9.21778
12.4186
14.2768
14.0871
10.7914
5.88377
5.98565
9.49773
14.9892
9.06285
14.4059
13.9803
14.899
13.5545
6.25538
12.3934
10.6057
9.5691
9.27747
8.46919
10.595
7.89679
7.3699
12.4508
11.1458
13.3712
12.0713
13.7901
8.09749
4.38687
12.2574
10.6457
11.1027
13.9582
13.155
13.3743
13.7594
8.73979
11.4136
12.5775
11.303
10.0255
12.5938
13.3132
13.1491
14.4595
5.91141
8.19932
9.66047
13.051
8.95219
13.893
5.65886
10.8895
10.9161
9.37789
13.1895
10.2306
14.2083
12.8552
14.309
4.92294
5.76477
11.7964
9.64192
7.39772
11.3784
11.7482
9.18686
13.8379
13.0296
14.6378
12.9475
12.4733
12.1566
13.3969
14.7412
10.607
9.99914
14.9222
7.0066
12.3803
11.1181
12.207
13.3938
13.607
12.5378
8.55793
9.68887
14.1313
12.9928
11.8893
12.0651
11.5076
12.9649
12.2107
13.1418
8.61231
9.53417
9.23814
10.8281
12.7541
10.4986
10.4773
10.9198
12.633
8.38976
14.51
11.5804
13.9017
14.3074
8.78619
10.1418
8.32755
14.6447
9.49
14.6115
7.69524
11.8513
14.309
12.2391
8.31031
12.4269
11.4402
11.9661
13.1838
11.7921
10.1356
9.49297
11.2588
12.5494
6.06236
14.2263
12.2303
9.36074
13.2886
6.18224
8.59961
10.0109
14.7595
14.2567
9.72906
6.36665
9.88212
13.773
8.77313
13.0063
4.82107
14.4979
6.11679
12.5532
12.0264
14.2323
6.18979
12.0534
11.6267
10.7371
13.2735
12.4665
14.9352
14.4575
11.0726
14.6509
12.3849
10.0289
13.841
11.1111
6.12797
9.50847
10.6004
9.3976
14.8035
12.3571
13.6019
13.773
10.093
10.9007
13.7169
13.5347
12.1881
13.1245
13.1344
12.8972
13.9508
13.7249
14.9364
6.23334
11.5126
9.86722
14.368
6.18461
14.165
11.5627
13.3255
12.6515
12.3414
14.4952
10.0531
6.76741
11.2027
10.3658
14.4108
10.4714
12.9453
13.3427
14.1034
13.0893
7.38989
10.215
8.51549
13.3875
9.88192
8.71167
13.8345
9.84117
6.11143
8.08904
12.1982
13.7953
7.35266
9.85147
13.2044
11.1044
13.2236
13.958
9.56429
13.8597
11.1295
11.028
10.0072
8.09943
5.399
9.57288
11.4289
11.0855
5.89444
11.2139
12.1642
7.45652
14.5747
11.6291
13.8237
6.22728
9.73004
14.6112
10.5765
11.5349
14.6071
8.11902
14.3158
10.4463
10.549
9.91737
11.6725
8.46413
12.9669
12.8782
6.10201
5.48373
7.55559
12.0797
8.70049
4.84837
6.32352
9.95207
10.7045
12.4612
4.12766
9.47548
11.8358
6.11899
13.722
9.6223
11.0785
6.25876
12.3344
13.9903
14.5862
13.8043
6.15928
11.5652
11.2692
11.8139
10.8517
10.8624
8.11939
8.50104
5.53394
5.09756
7.73049
10.4376
14.7852
8.1769
12.3974
13.5616
14.7633
6.60682
12.2669
13.4222
10.1498
8.42808
12.9113
10.809
14.6183
10.2505
13.0888
13.2999
12.7202
13.1041
12.2243
14.1913
10.3255
12.3138
13.5104
12.4743
12.8599
12.7179
12.5391
11.8547
6.32001
7.33347
13.4009
12.6642
9.48498
8.08816
10.3837
5.66914
10.7053
14.7996
11.5417
12.2066
12.0648
6.55045
13.9475
9.87347
8.77594
8.6564
12.3339
10.7416
8.51964
9.63578
14.7936
10.7248
10.8667
6.02466
9.68308
7.92291
9.80379
10.0687
14.1789
10.95
11.9945
11.3132
7.70909
14.4962
12.893
10.6848
10.3458
10.7522
5.29647
14.315
12.9629
11.969
10.3196
10.2172
11.3589
6.19084
8.27769
14.015
10.9989
12.0276
12.2707
11.7627
11.0612
12.4395
11.6325
11.8526
13.2568
6.13521
9.81286
13.9251
14.1675
10.5287
10.4966
14.5374
11.8726
8.48602
13.3891
8.50039
10.459
8.60698
14.8656
12.3856
10.8552
10.8855
9.91226
11.8263
10.3034
12.2264
10.3921
11.5494
4.92382
12.9943
5.65459
14.1628
12.9253
8.83653
14.7135
5.84244
13.9857
14.9014
11.4599
12.451
13.6939
12.3174
14.7928
6.16245
13.9501
5.87814
11.5375
11.1469
6.37941
8.33265
14.255
11.7034
14.2007
7.15949
5.77411
11.64
13.3211
8.2961
10.7422
8.77576
9.42259
12.4735
10.9232
12.3562
8.40769
12.484
12.3211
11.3652
10.1548
14.8817
9.39111
13.17
10.3119
6.54489
12.0317
11.7955
4.59889
12.4358
9.50585
13.9086
13.9239
5.67253
12.7053
10.3167
13.1223
12.7322
7.93133
5.74302
11.2505
6.31923
11.1721
12.8976
4.47965
10.2458
13.4349
13.4665
10.8747
10.0145
6.89762
13.3262
9.63031
12.5336
11.3058
12.1063
13.0084
10.1143
10.1616
12.9897
10.004
6.19322
10.7633
9.36836
10.9671
13.2395
12.9549
12.0936
11.8559
12.811
13.9485
12.1628
8.61721
13.7414
10.4101
10.0209
7.72141
14.4244
8.90191
10.0912
12.5798
7.52838
6.02021
13.8241
9.83107
6.94382
5.71229
13.4065
13.8011
14.4713
12.9746
12.9545
6.39887
6.04856
10.5308
14.4199
6.4799
12.382
13.1489
6.36464
12.6834
14.5399
10.2978
14.4147
8.8251
11.0333
6.16379
13.6563
11.1242
8.97176
10.9765
13.5793
13.3743
10.4495
6.33895
11.864
12.2443
6.16087
10.6413
12.3735
11.6856
12.7787
14.6507
10.6188
9.90485
14.115
10.4798
14.7721
9.67005
9.61275
8.60117
14.4511
14.5849
7.28178
11.1104
13.6561
9.44531
12.6358
14.151
14.021
8.72355
11.3296
8.98011
12.1724
9.2824
12.1355
4.91147
6.18821
5.884
8.10107
12.9868
6.15058
6.29032
14.0865
10.4389
8.97618
10.2487
11.0717
9.71411
14.4179
8.75162
12.7268
10.3118
12.9624
9.95871
14.3234
11.7814
8.52701
10.2113
13.2688
13.7264
9.36926
8.97159
8.07585
7.57745
10.1373
14.7334
6.66634
14.8806
6.05435
12.2395
13.2884
12.2394
13.4437
7.33869
5.44808
6.2306
13.2906
7.32447
10.5172
13.8812
9.03875
8.41743
7.51497
8.72861
8.73748
12.2263
10.5141
14.1273
11.956
12.9914
5.39246
6.43184
10.1698
14.6667
11.2376
14.3058
10.5529
9.91705
9.90882
9.24477
7.0238
11.854
10.8702
14.9455
14.2371
14.0375
12.0877
6.97078
13.4196
10.4175
9.15556
14.2415
14.1427
10.1003
10.8087
8.14399
10.5695
5.68716
5.79334
13.4856
14.3615
14.3323
10.6698
12.0595
14.7606
13.0016
13.8824
11.9095
7.09898
8.46421
11.6275
5.40972
9.07515
13.7492
14.9651
8.05531
10.6157
10.4067
14.026
12.4312
6.7122
11.7098
9.119
11.8671
9.08591
10.7583
13.9823
6.27905
9.81545
6.1587
12.3653
14.7814
9.51779
7.78153
14.4238
9.58717
11.0268
14.3651
11.5156
9.77589
14.5228
10.6592
8.39979
14.9325
13.3483
14.8206
12.0976
11.7812
10.8428
9.35319
14.5006
11.0179
12.4939
9.23732
13.4181
10.5439
13.824
13.673
9.91684
12.7596
12.8372
14.4636
10.1222
10.0207
10.472
5.8679
13.6765
11.003
12.227
12.3721
12.513
13.5542
12.8666
12.8969
8.37285
11.0209
11.2238
6.75664
12.3148
8.2447
13.5072
12.0489
12.8483
13.5448
9.01797
14.2291
7.8879
14.044
14.1674
8.15099
12.2321
14.6791
13.9778
10.6821
10.2715
14.7154
13.1964
9.66402
11.7666
14.8256
11.0728
8.15313
10.2351
13.9481
10.7489
8.33924
12.5914
13.4947
10.3202
11.7961
12.8058
9.26122
12.0211
10.2421
7.61494
10.7274
12.6951
9.4941
11.0329
10.638
9.92407
12.8632
10.6066
11.5518
13.8253
6.88178
11.8894
8.56916
10.8788
6.08636
14.8745
14.6318
10.5136
14.621
14.7504
14.3029
13.6341
13.1028
10.9372
8.89413
12.2024
10.02
10.1799
6.23439
8.44937
12.9353
14.4189
5.93101
8.76626
13.8717
11.0684
14.5487
6.79515
7.46172
10.9628
8.93578
9.76783
10.6258
10.3702
14.2577
9.51809
13.5005
10.7396
11.6362
6.51287
10.2111
7.74978
14.7624
14.2621
11.3159
14.2625
10.3453
9.35966
9.46183
7.2768
11.4466
11.5249
12.6145
12.8555
11.0828
11.1931
10.8546
14.808
13.9907
12.8612
9.23346
9.56565
5.88298
14.9627
12.8697
9.67773
10.0528
9.19213
14.2886
14.3274
9.80315
14.946
9.77831
8.12043
7.85423
13.1194
7.70204
5.17467
13.1568
11.9441
13.9706
13.9999
11.4448
8.36444
13.9231
8.74806
10.7123
6.36965
9.82309
9.48443
10.5602
13.1545
12.8271
14.3744
13.0055
10.6517
10.5651
9.62703
11.0361
10.8369
12.6812
13.5365
10.0071
12.8796
10.9843
14.9984
13.0768
9.79359
13.9509
13.8802
6.02614
6.66146
11.0552
8.4729
13.0137
8.74593
13.4553
10.9612
6.16831
14.2425
13.4411
13.9256
13.083
10.55
7.89087
11.9826
7.0847
13.1082
10.7187
12.3062
12.7976
12.7846
10.2084
12.3377
9.77417
11.3746
11.3964
12.7675
13.1542
8.90225
13.7762
11.7306
12.1862
10.5622
12.8651
5.42757
14.9736
13.418
10.6213
6.13478
12.2611
14.6519
11.8243
11.8415
10.3081
10.7935
11.7376
9.28627
4.95061
10.2718
7.18218
11.283
9.75044
12.7004
12.5943
6.38541
6.25158
10.3067
9.96072
9.27567
12.3256
10.2117
10.1958
5.85171
8.14602
9.66394
6.67437
10.677
10.9523
6.3762
7.00277
9.77846
14.5387
9.52646
14.5002
12.088
10.4748
7.93821
8.13799
14.443
10.9132
14.4242
12.8251
7.69204
12.093
14.8534
10.6006
12.8469
14.7862
12.4261
9.95027
13.3856
11.777
13.7843
13.5479
14.7665
9.12127
11.106
12.9914
12.7458
14.4475
10.1625
14.1689
10.6099
4.94784
13.0223
13.5805
11.3973
12.2379
12.9196
13.2168
6.37504
8.69932
11.6826
9.38701
6.21803
9.82822
8.39673
11.0866
10.6907
6.26948
8.82338
6.55665
6.44994
12.0999
11.0006
9.10356
11.256
5.52059
11.1544
8.27416
4.65357
10.9174
6.25106
12.7284
11.9961
11.9022
13.4738
12.0239
10.7034
9.5871
11.5528
13.2749
14.8362
10.0656
12.9277
8.40508
8.47129
9.89113
13.3056
14.2395
10.4792
8.62806
5.51915
9.15013
13.4289
13.4374
11.166
10.1539
13.527
10.2336
12.5296
13.7431
13.8664
10.7507
13.2449
11.6314
8.26938
8.89483
14.4321
12.6052
13.6031
10.9986
9.36489
13.3989
6.98943
7.98309
10.0865
8.99568
12.4889
12.7376
10.9914
14.7098
8.02503
5.61618
11.0364
11.113
7.06778
14.4751
12.5791
11.1238
8.47677
6.13573
13.9623
14.7977
14.7177
12.2697
6.90787
12.2774
9.07018
12.7891
11.2299
7.4967
13.239
11.0069
14.4232
11.6765
13.5355
13.0198
10.5215
14.6354
13.3016
13.0706
13.3668
9.70794
9.64484
14.3471
7.81315
14.2943
9.87247
11.7938
14.67
6.25935
8.62175
12.4052
13.7023
8.90604
11.4377
10.2279
13.8673
9.59074
10.8489
6.94127
10.412
14.9395
12.509
13.4057
10.1837
8.72687
11.8292
8.69035
14.0647
14.2055
13.7763
8.47484
11.9032
12.3686
11.1476
5.1972
9.08358
5.90171
11.2323
11.8299
13.0661
7.64588
6.43958
10.2423
6.32079
10.8886
14.4489
10.4438
14.6514
6.0283
9.99275
10.5128
12.5795
6.36582
11.357
13.9885
14.9367
5.15248
9.50828
12.3165
11.9696
14.6689
10.6909
8.98184
9.84486
9.63079
13.4844
14.363
12.5062
9.54315
12.9732
14.1793
10.3073
13.9924
12.2433
13.4721
6.98804
5.07286
11.5229
14.0668
12.442
12.2457
12.1443
5.73917
6.08334
13.3108
11.3006
7.34979
8.82728
11.0714
10.2932
14.5349
13.7644
13.555
9.65688
6.72757
12.9112
12.3744
8.99252
10.3585
10.1596
9.02064
14.9908
6.01717
8.90697
12.0314
6.02986
9.17562
7.91487
12.6404
14.5471
12.6429
11.7896
9.93709
10.2327
5.31189
9.20786
11.8203
12.4376
10.5443
13.5525
12.887
10.7439
12.4356
7.55647
12.2985
8.1949
9.99496
6.93497
10.22
12.2349
11.001
14.315
14.7112
14.9107
12.632
13.5859
13.4774
13.1356
11.4032
7.64431
8.77162
13.5666
13.2119
13.1958
12.0745
13.8147
13.7682
14.4212
10.7851
12.4498
9.21688
6.82908
4.25486
5.53442
14.9857
14.1279
13.151
14.0189
6.30415
10.577
13.4232
11.5277
12.852
14.2103
9.91833
8.47496
6.32397
12.2319
11.8924
13.7429
9.75124
6.04976
13.5169
11.9675
10.8381
14.4352
13.8403
10.7756
14.4767
14.1729
11.8665
10.5692
7.04435
9.07484
9.39506
11.4053
7.6642
9.88142
5.90586
14.0584
11.3075
11.7666
11.2971
10.113
12.6601
10.2947
14.3431
14.9536
7.30713
10.9027
11.1593
7.34759
13.1394
14.6794
6.87197
12.2061
14.1148
6.87696
8.84537
13.4376
9.12817
10.049
6.19134
11.8563
14.5672
13.7871
10.4206
8.55921
12.3781
5.35786
13.6611
9.17079
12.1565
10.7447
5.34651
5.74868
5.81592
12.7519
14.9497
11.6075
11.3007
12.6241
12.9162
5.20846
8.69832
11.4591
11.535
8.92425
10.3474
5.02849
14.3671
10.8297
13.257
12.7349
14.8651
12.9607
14.5857
10.3254
13.7118
10.5768
8.86381
12.3053
11.5319
10.2358
12.9767
7.27659
10.4124
13.2388
10.8021
10.9681
14.8105
9.69253
13.4049
9.82497
11.0846
13.3116
12.8626
12.7183
10.076
9.41918
10.5045
7.82725
14.0229
5.95338
13.1472
12.3168
14.2143
14.7278
5.98627
9.50914
14.4875
10.3613
13.2438
12.797
11.7698
14.0761
6.42769
6.89774
8.48975
9.67514
13.1885
9.27262
8.57155
8.52972
12.4688
13.2788
10.0887
7.7392
8.4253
13.1216
14.7741
14.1951
8.5202
13.2098
8.34101
13.3275
14.3764
10.1467
13.2309
12.1678
11.2146
14.0197
10.7836
14.4119
9.81961
7.74836
7.90866
7.48649
5.5934
11.4785
9.92755
12.873
10.6568
14.4341
9.95572
13.6895
13.8922
13.0399
11.5841
14.9079
8.4488
11.7973
5.62283
12.6056
9.0468
14.5797
12.8089
6.38314
10.1323
12.1918
11.1016
8.4501
14.434
10.6146
10.6594
6.11953
12.2932
14.8498
9.90475
10.8712
10.5674
13.1525
10.2649
13.0649
7.22854
7.98673
11.572
5.08029
11.5661
9.60458
14.4362
11.2754
14.731
6.08515
8.27444
14.8002
9.63455
9.1217
14.4973
10.1219
5.09618
14.1373
5.45654
4.67046
8.33067
11.4208
12.6247
6.48184
13.6995
12.0066
12.366
11.6975
8.45219
13.2088
4.59613
8.39988
13.9148
13.5581
11.2941
7.47226
8.4099
11.0575
10.5284
6.45973
13.4255
13.2075
14.7255
11.6719
14.7384
10.3237
13.6297
12.4052
11.7067
7.99958
6.37811
10.67
11.3097
9.86214
14.1328
12.201
11.4065
11.9462
14.9585
10.3776
5.90856
11.6624
9.84988
7.00437
9.80978
11.4989
11.7807
5.37786
11.0035
13.0086
7.9953
13.3944
6.20131
10.1131
6.30244
13.1179
7.06033
8.81912
10.905
10.5705
4.9339
12.342
14.5616
8.61641
14.6502
12.8583
5.62511
14.6039
14.2781
13.9537
13.1499
12.2425
14.9
7.98029
12.4033
8.6006
8.94336
8.65517
6.47537
9.94668
12.1313
14.6995
12.6958
8.95132
11.9314
10.0423
8.11695
9.90313
10.4279
8.29801
6.56874
10.8009
12.3602
11.3527
14.0696
12.1934
6.07563
7.54171
12.095
10.6865
8.70352
11.9871
9.37203
12.8668
8.31416
5.79532
10.5805
12.9928
13.4092
11.0566
11.8824
14.7112
9.04213
13.1613
10.6181
6.1922
12.6405
9.3694
10.4634
11.7446
11.7523
14.8191
11.0443
7.80438
8.15946
10.4683
5.92911
10.1354
10.292
8.69034
10.3806
14.2024
8.64273
10.6776
13.9426
11.5905
10.7459
8.07828
11.8068
11.8215
12.4833
9.45544
14.2628
5.48524
10.6935
9.53731
14.5879
11.864
14.5404
5.9716
7.91966
12.4608
13.629
12.1692
12.2849
8.47095
11.502
12.2015
12.5344
6.2832
9.98048
10.1266
12.6307
12.7243
10.3107
10.5938
11.2884
8.73152
8.61575
13.0507
14.3472
12.0619
11.7389
8.17477
9.35761
6.96504
10.3473
9.54068
14.1911
13.4553
12.7561
10.94
7.45793
13.3924
10.3632
11.4438
13.6448
10.1275
6.28824
9.4495
8.20168
10.4437
11.8256
7.57184
12.4748
13.7172
8.352
14.1337
8.82226
11.4518
13.9668
12.8403
12.7915
10.6519
11.1958
14.3589
14.5484
10.1067
12.4193
11.2155
12.6702
11.9226
14.4478
7.48321
10.6825
13.3783
6.21168
8.3796
14.3324
12.7013
13.1231
8.57269
9.40091
11.5784
8.58286
11.4967
13.7686
12.9815
13.9704
13.9674
14.2987
10.3549
10.0704
10.1364
5.82051
11.938
7.2742
9.96167
11.7397
10.5663
7.11344
13.1146
11.7209
12.1613
13.3244
11.2703
10.838
9.80562
7.32759
10.2114
6.24257
9.77252
13.7957
14.7158
9.53681
11.7923
12.2513
14.7875
10.174
12.6178
12.056
10.5668
8.14957
10.7203
10.1879
9.51288
11.7485
12.9701
10.63
10.8064
14.418
14.3764
13.6932
14.2918
13.0144
8.35592
11.5722
8.2965
14.5584
14.1205
7.84025
5.15725
7.16182
12.2667
9.58619
5.80455
12.7095
6.27832
11.6214
5.83758
7.26
10.8418
9.77389
12.1948
8.64873
12.3888
14.2095
12.3452
14.2217
11.2513
9.59444
13.6909
10.9236
12.1202
11.7439
13.597
8.69773
10.5844
14.9612
8.6956
14.5414
9.68035
14.2915
9.99011
10.511
9.48587
10.1096
13.4837
8.70013
13.5947
12.4823
13.0066
8.01972
8.24272
12.2839
10.1617
10.151
6.38365
14.6772
9.92758
9.96387
10.9498
6.54494
8.06105
9.25405
14.8266
12.5129
10.5887
10.5715
10.5848
12.3382
14.2895
13.9077
8.63277
12.1978
11.2053
13.6728
12.1195
8.56131
6.12458
8.77413
9.95136
11.6723
11.6977
10.6555
14.3008
11.9772
10.3697
13.6728
9.70988
8.46148
6.03516
14.9858
10.0656
7.68431
10.5896
14.2023
9.13329
12.5354
13.2132
8.95654
13.0488
10.119
9.19494
13.0358
5.85307
11.051
7.08466
11.9224
7.40685
12.0239
8.10716
9.72089
12.2815
8.52887
14.9894
12.9107
8.8699
12.9213
10.7046
6.44734
14.3888
10.3093
10.793
10.5112
8.67191
9.76337
8.02879
10.1943
12.0438
14.1293
6.24512
9.94951
12.4338
13.732
12.7672
13.3237
14.6144
12.0406
10.7818
13.4716
11.0696
9.98409
6.28391
6.42528
12.0409
12.7021
10.3791
10.9205
9.11307
14.8279
12.617
10.5167
6.3059
10.2968
11.4791
10.865
6.37513
6.06277
8.56226
14.359
12.0441
9.77027
10.5869
10.6601
11.6257
10.5512
14.7016
14.2938
11.9268
14.3898
11.0269
4.52815
12.6939
9.81415
10.4485
14.1336
10.3195
12.8797
12.7017
10.918
10.1786
7.65615
7.15483
7.74953
10.8652
11.3774
13.9084
6.20391
7.20377
12.622
10.6345
9.63067
6.27541
3.77757
4.60481
6.00592
12.8725
13.203
10.6188
14.2289
11.3944
14.7051
9.91756
10.869
10.9035
12.1179
4.20161
9.58432
11.8174
6.18824
13.7432
14.1516
14.5224
10.0264
6.69616
10.3752
14.2514
7.23988
5.29179
6.2709
11.1236
14.5999
10.9242
9.83954
11.0403
11.1057
10.3473
9.30905
9.80935
9.79554
14.3498
10.9982
14.6277
14.8046
10.2806
11.5499
13.0926
9.65182
10.1508
11.0578
12.5257
10.776
10.5911
14.2496
12.1147
6.00957
7.99825
12.3317
12.4878
7.47265
13.7223
8.79639
8.54905
11.0621
8.74971
14.5921
10.0362
14.0315
12.4726
9.74699
6.22946
14.9695
6.10682
8.37218
9.44799
12.3828
7.79688
9.09713
14.5556
10.8984
11.1348
9.49726
14.4609
12.3079
8.93643
11.5702
14.9797
7.22237
10.7343
11.972
12.3117
8.32091
7.83209
11.0245
6.7323
10.8083
11.8502
10.5299
13.9425
7.43277
10.2084
14.5376
10.5694
14.907
6.59925
6.28151
5.06417
6.26244
14.2898
10.0566
10.7546
12.3215
6.74166
10.5815
13.1716
13.71
9.17192
14.555
8.94765
5.92735
11.0906
9.17835
12.6223
14.6105
10.9298
11.7911
6.70105
11.9756
11.91
6.17542
8.25792
6.27232
12.929
6.29934
14.3826
11.9662
5.35108
11.9251
9.73999
12.8807
10.9056
12.8402
14.4123
14.2091
14.2619
8.7704
6.16437
13.6871
11.0231
11.9985
8.06314
11.8439
13.3189
13.4137
5.84865
9.56994
12.8327
13.8963
12.6189
9.42364
8.52809
6.64512
13.1148
9.90524
14.54
13.2074
12.4799
8.97229
9.05726
8.56558
14.2793
12.2158
6.46919
9.54753
14.9842
8.84754
9.79593
6.22635
12.2893
10.528
10.8686
9.79183
5.24885
12.9816
6.96532
11.2395
9.81294
8.35663
8.43204
6.33867
13.7372
11.7148
12.7787
6.05211
11.6976
9.65392
9.84365
12.3791
14.865
13.8434
12.6491
9.18637
6.35298
9.88406
10.56
5.79205
10.1782
9.91997
13.1967
14.0297
13.8168
7.22742
6.84716
10.3154
13.6751
13.7165
10.9548
13.3621
10.4817
9.52405
6.72226
10.7203
11.5745
11.6522
13.4177
10.2792
6.40535
9.70965
10.518
6.58486
10.4154
12.3027
12.5315
11.988
6.76322
8.59223
9.86605
12.568
8.68421
10.1183
6.18068
8.79049
14.4873
12.2641
10.1306
11.7683
5.76538
5.34434
14.5283
7.21769
11.538
11.3522
10.3687
7.2335
13.3767
9.38231
10.8165
12.2288
10.5479
11.6965
10.4807
10.1966
9.87041
14.4056
12.713
6.4656
6.33302
12.7759
9.46867
11.892
12.3375
9.08805
10.9646
12.6776
14.3831
14.4246
14.899
9.83427
9.69303
5.05043
13.6961
12.3506
8.5406
12.67
7.42423
14.4376
14.6005
14.3167
6.28737
12.723
6.33071
11.4238
13.239
12.5484
13.2094
10.4239
7.01361
8.5966
13.3914
10.2743
14.1835
8.75888
12.4455
13.1278
9.49479
8.67274
9.70321
9.78383
12.8886
11.9143
6.39789
14.0343
12.5549
12.2963
6.1919
11.6019
11.4944
10.5733
11.8718
11.3838
9.83414
14.9424
11.9344
14.3571
11.6825
11.872
14.3843
4.36972
10.4993
14.0386
12.5348
11.7262
13.7794
6.25761
6.78198
13.0767
14.5072
13.284
12.6065
12.9971
9.44352
10.4587
6.3412
14.9562
14.7226
11.2057
11.6503
11.2834
11.5083
14.0396
10.986
10.7527
9.14847
8.32678
12.935
13.3149
13.1543
13.8773
9.51382
10.7568
11.0244
12.6392
10.777
10.21
10.2771
10.162
10.0633
6.27615
10.119
9.45952
8.56713
10.1885
13.2682
10.6535
5.54791
13.9069
10.2411
6.46098
13.2724
14.6984
7.39054
6.9541
12.7585
12.657
11.2291
7.08623
13.3818
14.0097
9.80537
14.4184
10.4891
6.86883
7.26327
6.6953
9.81033
10.9078
12.5078
14.0349
12.7467
10.0612
6.53968
11.7422
10.8265
10.7159
9.18079
10.004
6.16108
14.1363
12.9348
7.0167
7.89528
10.413
6.21647
7.83479
12.8025
12.3708
9.55297
4.74374
13.4604
12.4734
9.43056
10.5081
13.2776
10.6039
12.1755
10.9088
14.4022
11.5287
9.05427
7.08054
10.1753
6.91636
13.9822
14.9413
6.12885
9.70916
13.2331
8.39765
10.7297
11.2664
13.9826
12.8531
12.1518
12.0562
11.0559
10.5779
13.6828
11.9569
14.0471
12.4918
6.38674
6.34584
11.7031
12.048
9.78333
6.42881
12.0462
12.4151
13.8527
14.577
9.92652
14.1414
8.91739
12.1446
9.15816
12.4112
10.8343
9.43484
7.49136
12.2773
13.0073
14.6482
12.5765
7.84488
12.4261
10.8387
5.63602
13.1599
14.8412
7.5862
14.6335
13.3818
8.40882
9.51501
