12.5228
14.1029
10.9425
12.5634
11.4937
14.8446
13.1696
14.6712
11.1554
14.7947
10.8253
7.59871
10.5478
10.2472
8.54106
9.81808
12.9775
12.6913
8.86912
14.368
14.3998
5.36628
13.3628
13.8327
8.11673
8.52029
11.5095
7.41166
11.4968
12.9934
12.0374
12.7362
14.4912
13.7471
14.1724
13.1942
10.8153
14.3217
14.3565
5.96024
14.4789
13.5446
11.4468
13.2805
12.1512
14.8439
10.0754
14.6064
13.9237
14.2669
10.2724
12.1807
12.658
5.39922
10.1843
10.3834
9.46189
10.7528
9.86815
5.66744
9.66984
14.0443
14.799
11.8475
14.705
10.39
14.449
13.9264
9.72091
5.57378
8.00742
13.0594
14.1209
14.7465
14.9144
9.91177
9.02137
13.2979
9.97021
6.32363
11.8026
14.52
14.884
14.154
12.7302
7.9755
7.99768
6.10294
9.83874
10.9379
14.1817
14.9181
13.0046
14.548
10.1705
10.3187
13.6648
13.0365
10.393
12.667
11.296
10.6304
14.3916
14.3733
10.7487
14.604
7.08503
10.6717
11.8707
14.9231
8.62029
11.9451
9.48331
12.9603
8.76957
5.58197
10.4606
10.5121
13.6739
10.2899
6.81733
10.4681
7.42608
10.5908
13.6547
12.7317
10.4464
8.16093
8.44414
10.7831
5.59737
8.8558
8.0097
12.743
12.7803
12.1566
10.3661
14.0426
13.5116
14.882
12.5876
6.46522
12.2396
12.2871
14.9172
10.8088
4.3831
6.78428
13.4746
9.91738
10.4281
10.673
7.24882
10.8204
13.2586
14.0237
11.7064
14.2012
12.7207
10.9591
11.0568
7.77719
13.6224
6.74055
9.9055
11.2602
10.8702
11.3556
9.57301
9.33916
9.69083
13.9022
12.2647
14.5313
12.694
14.8904
11.6337
14.3963
14.0268
14.8529
9.6486
9.09231
9.25437
14.6472
13.7225
9.50454
8.11011
8.81173
14.4642
13.361
13.3897
11.9673
12.1277
13.2634
13.0398
12.5497
14.3951
11.7013
11.557
14.1441
13.0878
11.3485
6.69286
11.9187
14.2403
9.24182
9.91537
10.6094
11.3382
10.7898
10.9539
9.58556
14.965
12.959
9.5669
9.43359
11.9199
12.2737
13.289
13.6267
10.1148
11.3857
14.3549
14.6409
6.31008
13.2033
5.83194
8.61013
13.597
14.1061
13.0265
13.9603
6.93659
11.5035
9.1409
9.27192
14.218
13.0988
13.1094
9.76871
13.3364
12.9428
14.5053
7.58907
11.167
12.1605
12.6305
11.8533
8.87442
6.04814
14.7169
11.3899
8.86238
8.85944
13.8629
11.0549
8.62522
14.201
13.547
12.7424
12.6581
10.7166
11.7323
9.19718
14.0511
14.3319
9.89523
5.93905
10.3537
14.0367
6.09683
14.9319
13.2155
14.3313
14.1536
11.765
13.2984
10.4507
6.12922
13.7114
13.3964
9.40742
7.31091
8.56887
10.4759
14.7601
8.89379
14.3548
12.8526
9.20092
5.84342
10.0068
13.9748
5.52988
7.43297
10.8487
14.4573
14.4045
13.8277
10.2875
9.62407
8.20451
12.3864
11.6822
11.6485
11.9217
13.227
6.18671
9.62797
9.76865
10.1841
5.19683
14.3466
11.1333
9.88919
6.22148
12.8331
9.54818
9.73925
13.477
11.9361
12.6127
5.91955
8.00224
8.93351
6.78312
12.0169
14.5108
9.85495
9.31603
12.6467
9.58493
11.4852
13.471
9.06739
8.3224
11.779
11.317
13.9404
10.3941
14.426
9.08527
13.2448
14.7983
9.56742
13.3418
14.7956
13.608
13.6936
12.1185
14.3468
12.5532
11.2619
13.9125
14.1645
10.0657
12.5081
10.687
4.3652
11.5996
12.4838
3.87236
5.91917
13.3771
5.60841
10.958
9.2105
13.1645
10.0406
9.7896
6.62711
14.6014
12.7421
10.3204
11.549
10.9854
8.76514
9.96622
8.0296
11.2727
13.5807
12.7242
11.0047
5.7338
12.0849
9.10212
6.42912
14.7998
5.07358
9.17249
6.08838
13.7378
13.1092
14.3558
13.1198
8.03467
4.79445
13.4952
9.6246
10.5225
11.8819
11.1467
12.1415
14.9188
8.1736
14.7356
8.53892
14.8621
12.6844
13.2511
11.4163
13.6299
14.9339
14.9945
12.8159
9.43992
8.79847
5.33647
14.7648
14.4422
11.8743
13.4397
10.7424
10.7894
13.2823
14.0446
6.82704
14.4624
11.4057
11.7427
12.4671
14.1445
14.3278
10.0245
14.1273
9.70338
13.3611
10.5487
14.9642
5.79831
12.3928
14.79
13.9528
13.3072
5.82055
12.412
14.9664
8.91871
5.66793
8.82035
12.0615
14.4147
9.83532
14.0834
9.20108
12.2052
10.3436
12.1726
9.55919
10.8648
13.7638
11.432
4.6534
13.3163
10.1142
6.91048
11.2107
14.6524
11.6876
7.5447
8.03373
11.7335
14.8255
9.51774
5.35944
14.7292
9.59946
6.50408
6.7937
13.1377
14.0263
13.1963
14.9469
8.59683
12.0271
9.1822
10.9029
13.345
11.9491
10.5084
10.2081
11.8095
11.8343
5.75461
4.54871
11.2242
14.8258
13.5341
14.1632
13.1242
13.2364
12.6314
14.3075
4.56461
10.6676
12.8996
9.88001
14.4155
5.45876
8.08549
5.84504
13.2098
11.989
11.8905
12.3673
14.7887
14.8413
6.33565
8.22735
14.9947
12.3748
12.3189
9.90166
10.9925
14.0118
9.78384
11.3736
14.4237
3.97989
8.32563
14.8334
12.1393
9.73789
4.06918
8.33071
9.18935
5.51144
12.2984
11.3159
13.331
9.55124
9.51371
13.9549
11.1596
6.36848
14.709
8.71626
5.4929
5.58449
10.598
12.484
12.1054
12.2949
14.8379
10.615
11.3027
14.4293
12.5344
10.953
12.3897
8.88115
8.06054
11.0403
13.725
12.5409
5.01828
12.434
8.42333
13.6672
14.3395
5.70898
14.7538
6.30766
11.9941
8.54566
14.1039
10.1191
13.8137
14.012
10.3229
14.9975
6.198
10.8664
14.2783
12.4492
12.7134
10.1935
13.9111
12.7486
14.5115
12.6909
6.28464
12.7844
14.3399
14.377
11.3164
12.0573
14.3788
12.566
6.7842
14.4756
5.98024
8.30071
9.25603
13.0061
13.0562
14.5189
14.2591
13.357
8.40508
11.6567
5.47987
12.4081
14.1178
11.0056
9.90419
14.7678
6.30423
12.6347
9.79712
13.7291
14.2533
12.3836
10.7505
10.7425
11.1173
10.6338
11.785
12.4736
13.168
12.5685
9.85096
10.1533
12.668
12.6821
11.6906
13.8404
4.84413
14.2262
13.8106
11.2737
14.2731
13.7205
11.1187
11.0159
13.4725
14.5282
14.5721
12.8508
13.5533
11.359
12.4305
11.704
10.891
12.206
10.0858
5.67545
5.57261
9.29671
6.74614
4.49279
7.56797
6.62762
12.3261
14.5955
5.75181
7.89075
8.48936
10.5001
11.0317
10.9334
9.23466
12.6043
11.1618
11.0929
14.3641
13.8563
11.0881
13.1301
12.4537
10.3521
14.3243
10.5551
14.6733
14.4185
5.98139
9.66733
6.26542
5.68396
7.09625
10.8304
10.89
10.1692
9.11036
6.4444
6.2926
13.6836
14.1966
9.37005
10.3673
11.5301
14.5678
12.8205
12.5915
14.2771
6.19337
8.70949
8.29266
11.7007
6.84518
11.968
12.946
14.1856
12.0754
11.4133
6.37128
13.8592
11.7713
11.8649
5.59121
4.41654
12.5984
9.03135
6.87975
5.41501
12.0253
7.96602
8.80314
10.4339
14.2914
8.05593
6.37417
9.3524
14.31
9.27857
12.2478
13.9411
12.7359
8.98829
10.5986
8.07171
13.6316
9.08607
8.88889
8.73909
5.76125
14.412
13.8376
9.1278
8.21504
14.343
12.9003
11.2611
10.6828
11.6517
10.1173
12.6632
10.7491
13.4241
14.5628
10.3647
11.705
11.7903
12.9633
12.6512
11.0122
8.53874
14.2186
10.4735
12.9347
13.782
12.0996
10.0179
11.7209
12.6438
14.8996
12.232
9.26421
11.7967
13.3637
10.5221
10.8226
10.6877
11.7322
11.3431
5.8719
8.24448
9.43173
14.8465
12.0155
9.93407
9.05921
14.5916
6.17325
11.3413
10.2473
8.1085
10.528
14.575
9.51745
8.37385
6.29595
12.3059
14.2612
8.60994
7.66591
11.6778
13.8518
13.4577
12.1294
12.242
13.5223
13.0004
12.5808
14.696
9.72563
8.42168
12.2262
7.68871
10.0365
10.9622
13.4098
10.2257
13.161
14.6571
14.4636
11.5163
6.5089
11.5491
12.5656
10.5584
9.67899
8.71105
9.87559
7.69586
12.7841
13.787
12.3368
6.10254
12.9072
12.5971
14.1832
9.9207
9.09249
10.5841
11.235
9.56803
14.2948
14.6858
14.0011
11.8122
12.887
12.3818
10.3192
14.2695
13.2546
14.0413
8.82668
9.02197
13.3186
10.6664
14.3659
6.23516
8.19543
8.94974
10.9652
12.2983
14.8072
14.8733
13.5652
12.0951
9.08009
6.00678
14.6116
11.9439
14.2792
8.8574
9.8944
5.16336
14.3786
14.2717
13.5679
11.6148
12.8419
13.3148
14.3033
5.99619
4.71643
14.3106
6.44061
11.2439
14.347
6.40496
12.5364
6.19429
6.98359
11.3723
13.3775
13.846
13.6735
14.4255
13.3135
9.31755
9.9425
5.66461
14.6593
14.9982
11.6273
9.11304
12.0667
10.6896
6.6739
10.1233
13.6549
10.4114
9.57692
11.3993
9.88468
14.3937
11.2005
14.8889
10.682
8.97932
6.691
10.9222
7.0795
10.744
14.7741
14.4183
11.4188
12.295
8.56098
14.4129
12.611
12.5338
11.7869
13.4466
13.351
14.8879
8.40504
13.0097
8.66295
13.0793
14.529
12.5456
10.5797
12.6843
7.41032
11.0135
5.30232
7.63252
11.7737
13.2137
14.556
6.19164
13.254
12.9157
12.9401
10.5075
9.68873
12.7754
6.08021
14.7262
10.9111
14.9001
12.908
12.7351
13.752
5.21577
6.06231
13.52
12.4554
8.4385
9.40732
14.3066
13.5435
8.21366
9.39852
14.6623
11.0575
10.899
13.6002
5.91395
12.2835
11.849
8.9533
8.51587
12.6561
9.93952
14.867
13.0213
6.15463
6.80397
12.6705
5.70907
11.1456
12.0932
10.1311
13.9278
13.4298
5.31138
10.6789
14.8111
7.85606
11.1819
14.237
10.0968
9.43028
11.484
11.4195
12.4557
12.2169
13.2557
11.8121
11.6371
14.0212
6.44455
14.3537
10.6588
9.91417
10.7926
8.28381
13.7968
13.6214
13.1518
12.9272
7.21887
6.32574
12.511
12.8808
5.78699
8.01053
7.22909
13.4765
11.1964
13.8339
12.8
14.6861
14.4417
12.1351
9.25035
13.3058
10.5274
4.11256
8.03909
14.5325
11.3773
8.74773
13.9866
12.2581
14.9183
12.2787
14.6427
11.1356
12.7575
9.57078
14.3023
14.9581
8.11455
11.6705
13.1969
10.2637
6.05778
13.0506
12.8385
11.9928
8.00214
9.81354
14.4457
14.0117
13.6656
6.57215
8.72278
13.9358
11.6389
14.7809
5.59618
8.9054
14.9764
9.07583
12.8391
13.1883
10.6843
14.7281
13.9962
13.1386
9.23131
13.9469
14.2939
13.9947
13.4957
13.7029
10.8507
6.4747
11.5173
9.53247
10.6603
10.2413
12.0147
12.7139
10.2849
10.83
12.3434
10.9748
6.62147
14.7766
6.88265
9.85742
8.88702
9.49227
14.2179
14.7357
13.2172
11.258
7.40674
14.1872
11.8935
12.8394
10.6618
14.8777
14.4683
13.5814
14.9567
6.63345
5.46026
12.8079
5.77454
13.2437
6.52765
14.5896
11.6355
11.4956
14.4586
12.3476
13.8498
6.27815
10.315
8.8363
14.1215
9.18428
12.0394
11.639
12.8905
14.0326
13.6442
11.1266
14.3603
8.03444
14.3509
10.5218
11.9474
13.4672
9.50443
12.9687
13.8102
10.2141
6.32997
13.684
9.00767
6.85866
13.8267
13.6492
9.11953
8.35555
12.1595
14.6877
6.05332
14.8811
10.9381
11.0353
13.0105
14.1825
10.2095
10.9706
12.1977
14.5645
10.8043
10.4863
10.8136
10.8107
12.383
6.63538
13.9281
5.85277
8.11928
9.57037
10.5432
12.1376
4.45234
12.1464
13.3256
11.8544
9.75532
9.88804
13.0591
9.47731
11.3905
10.7668
8.926
11.2721
14.4835
13.1996
13.2701
8.95537
11.3669
12.2389
11.7547
12.9555
7.58609
13.115
12.8615
12.3298
4.45824
14.092
13.2339
9.47521
7.98035
3.2504
11.0474
12.8061
9.88391
7.23589
14.3243
12.1792
4.84455
5.85382
9.33181
11.9038
12.2092
10.488
12.9138
14.9466
8.47108
9.37313
11.5351
10.2561
12.5048
14.7561
12.6547
8.57049
13.9575
8.77932
7.48351
11.9344
7.03406
10.149
14.9784
11.8251
14.7699
9.87702
10.3773
6.84858
13.8657
6.03711
12.5829
10.4356
10.9898
12.705
12.5393
13.8513
11.5069
13.2405
13.7629
14.8745
12.3346
12.8534
5.76387
12.1668
14.7367
13.6847
11.7667
9.85492
9.72073
8.99717
7.78364
9.54578
10.5464
5.77965
10.935
12.8043
12.4499
13.1798
8.43265
3.84111
11.7566
8.3443
11.6441
11.5814
5.5619
8.63435
12.9793
9.33781
6.19892
10.7898
12.4256
10.0321
9.4996
14.0638
5.79283
10.586
10.5986
9.00679
7.12337
8.55305
10.4723
8.69451
12.4005
8.56034
12.4732
6.24829
9.93997
6.67087
10.9225
9.99736
7.32236
9.79345
13.5971
13.066
14.1169
14.9615
11.8118
11.2676
9.51024
14.1004
11.9499
4.6286
14.2192
13.8648
12.5662
11.9703
12.6896
6.69995
9.32194
12.2019
9.64032
11.1442
5.10513
12.5187
12.9313
9.44497
14.0511
13.9571
10.2959
14.3272
14.7479
13.0733
11.0579
9.55084
4.44475
13.5325
8.20361
8.94666
12.0439
13.2662
11.965
13.5656
6.483
9.81412
10.2908
6.38379
12.2545
9.8947
6.56955
12.6779
12.2259
6.08094
9.93248
12.1109
14.1573
14.6431
13.0611
9.35281
9.33248
14.0187
14.0884
9.29042
12.9987
13.2483
14.9597
13.2927
9.99618
8.05795
9.49791
13.4021
9.85802
14.8585
13.3626
11.5057
10.2868
4.29973
13.9212
11.5073
13.4587
12.3449
13.1416
10.7725
10.739
14.3561
12.8013
14.5633
12.7007
13.1991
10.8952
10.6126
12.932
13.7368
10.1696
14.4781
8.99241
10.9291
10.8251
8.89187
11.9808
11.9716
7.43761
10.248
14.1913
12.4599
10.9565
13.5172
6.54293
13.3193
11.4454
12.9169
14.9032
11.4624
12.9394
14.4546
11.1651
13.602
9.93286
14.8836
8.93517
13.6231
5.14657
13.5574
11.2772
6.98417
11.2902
5.76578
4.80008
5.37637
10.3205
12.1198
8.36045
9.90428
14.1228
12.9028
8.79192
12.9541
14.0471
9.46764
13.1087
13.7409
10.3315
9.24317
14.1535
10.0611
9.73866
14.1326
14.4193
9.64647
9.98367
10.2639
9.54102
12.0068
9.67169
13.4082
14.6057
8.66417
13.5711
13.6392
12.0676
5.44214
13.9805
9.05137
6.9798
9.09696
12.3009
8.93116
8.42553
13.3417
5.09668
9.48875
13.5311
13.5688
9.22512
13.5
13.3046
13.8541
12.8948
14.1306
12.9227
8.06073
13.7249
9.06676
6.63554
10.6754
14.3478
6.4349
10.5483
12.51
9.7195
13.2819
13.8664
12.234
12.2308
12.3234
8.69682
11.1837
12.7653
14.811
9.87046
14.113
11.5611
7.04839
7.53456
11.6758
12.8524
7.42044
12.9285
13.4236
9.63647
14.9496
10.3421
13.5501
8.80037
12.9796
10.8114
12.52
10.6671
11.9454
10.9856
10.5664
12.2855
11.5775
12.2569
12.2108
12.729
7.55597
8.45837
8.23905
5.37834
8.86304
9.69218
10.9645
13.7731
14.8608
13.8636
12.7867
14.8086
9.80387
9.79584
12.3955
12.9589
10.8101
12.288
12.1912
5.85833
9.43847
8.3075
14.205
8.73618
9.1662
10.9007
12.3885
10.0928
13.4302
10.0329
12.656
13.3441
12.4816
10.2298
12.3486
12.5266
14.2859
14.6288
6.21067
11.9389
14.2729
11.3444
11.5746
14.6753
12.8878
6.325
14.4442
6.50353
8.86206
13.5658
12.6291
14.6217
9.39715
11.2551
14.563
13.7999
14.5324
14.3721
5.48202
9.74614
6.05924
11.7051
9.61269
12.4691
14.5626
11.8614
13.4253
9.02187
12.8907
11.8891
14.9483
14.5697
8.73753
10.0077
9.64544
12.1674
9.41718
7.81238
11.8876
11.2887
14.1209
4.55195
9.72596
12.9839
13.7055
13.6962
11.1356
14.746
9.39316
13.7186
11.66
11.2983
13.0514
9.46334
12.4003
12.022
13.6968
7.75837
6.62937
8.90439
4.98917
8.16696
10.0513
8.93132
10.8155
13.9938
13.5404
13.5786
9.10705
8.06233
11.6223
9.78412
14.6017
12.0011
6.41324
6.85752
12.0111
8.21771
9.39291
5.90015
14.1967
9.13454
7.11643
12.8383
14.6249
10.6107
7.68199
14.1047
10.0135
12.1522
5.97332
14.8175
14.5168
14.2327
13.6
11.6227
8.86769
8.63263
12.4985
11.628
10.7294
7.84108
9.22051
13.497
13.5784
11.6714
10.3456
8.08936
12.4333
14.4162
4.98447
13.8762
12.2013
11.4833
8.86145
10.0049
14.5802
11.7006
12.3096
8.55169
13.2178
12.714
11.4965
14.4115
6.94704
14.7371
10.2402
14.3047
13.6618
12.6682
14.2046
13.7441
8.47407
8.81655
13.4232
12.3957
12.4116
11.1402
5.31557
10.2375
14.6799
14.1611
14.5007
6.53157
12.6923
13.842
14.3969
10.4906
10.7921
9.20501
9.35304
12.7188
10.2345
9.14558
5.92558
7.9264
12.4829
6.48905
9.75457
9.31018
14.3492
8.53063
13.54
12.8827
8.72486
10.9007
12.0176
11.2228
11.0448
14.7608
13.7611
10.4317
8.70744
14.9736
5.0177
7.08531
13.5899
11.2412
5.3777
14.0092
10.4458
11.5167
11.5124
11.4706
12.9302
11.3426
12.7053
10.5916
13.2997
14.6945
12.9234
13.003
12.8855
14.5126
10.0642
11.4979
11.9501
14.019
10.8951
7.23361
11.4581
13.7664
8.63237
5.90691
6.15804
8.76509
8.88375
12.6005
8.76529
11.9011
9.9985
8.57473
7.71202
6.20284
13.4085
8.57207
14.8256
14.1454
10.0532
10.0785
12.3153
14.3417
11.8384
14.3231
10.5322
13.1979
13.3652
10.5438
13.9705
12.716
12.5404
12.3249
13.9026
9.61954
4.90566
8.69051
11.9552
14.1364
13.3065
10.4402
5.56046
10.5258
8.90732
8.03481
13.1279
14.0777
12.359
7.00097
13.719
6.25118
13.2733
12.7111
5.78961
10.6102
8.67437
10.8912
13.4966
8.68591
10.2574
10.5207
13.0523
14.1523
12.0129
12.3233
11.5344
14.0233
9.90191
13.931
8.90705
10.8568
7.11853
14.1833
8.56063
13.2106
13.7044
14.2374
13.2404
12.7477
12.0616
12.9261
8.97481
10.7169
12.2003
11.8505
7.56153
5.86366
14.2633
8.97588
4.94904
10.0157
13.9386
14.8378
12.6181
10.0445
13.6576
8.75313
6.65375
11.3226
11.1699
7.24123
12.6938
12.8256
8.62835
11.6762
8.44754
8.38334
13.8653
8.23032
14.0736
8.14704
14.874
14.6272
5.57548
12.592
9.54121
12.6387
12.934
7.46891
9.79714
12.6951
9.9138
12.7758
14.4958
14.9056
6.38152
9.63522
10.4477
12.5298
10.0817
9.13973
7.89433
7.91915
12.0667
12.7838
12.1804
11.9013
12.557
11.9626
5.55938
14.3588
6.59649
11.1046
14.234
6.64839
14.3933
8.52133
12.3542
11.8717
14.0283
13.5359
12.0788
13.447
11.6267
13.0467
11.2518
14.5174
10.2318
10.0169
14.7525
6.00422
10.4099
14.0771
13.2713
11.0091
11.8963
10.6763
13.9909
7.73684
12.1232
14.7249
13.7366
9.8609
6.94484
10.3286
12.1691
14.0447
12.8775
9.31516
13.5894
10.7885
9.5006
9.41716
11.7119
9.80838
14.6095
13.8773
11.8532
12.3611
13.5248
13.1857
14.8221
5.99925
14.26
6.05834
9.4949
6.7072
6.46737
12.6248
9.87032
8.42318
14.9683
7.46815
9.75988
14.1088
9.80857
9.63105
10.8749
10.8338
12.5716
4.6168
8.34883
14.9275
14.0013
13.2192
13.3967
13.581
11.3609
8.02133
10.1148
11.5456
14.7224
10.6
12.383
8.71386
5.89576
12.6771
5.62297
7.76577
9.58812
14.9342
14.4645
6.11624
6.9169
12.4125
11.0303
14.2053
14.2835
9.92524
9.06087
13.6546
10.2578
10.4931
4.41402
11.1705
7.7834
10.5684
6.72915
6.24959
9.96359
11.1146
13.4929
8.2421
8.87711
13.8627
6.44022
12.318
13.127
13.6028
10.4162
9.89039
12.0962
9.29692
10.5395
14.2787
9.79295
9.82581
10.0159
13.0829
11.5125
9.90367
5.92971
9.68306
9.79423
14.1964
14.5867
9.25571
9.44689
14.6626
13.5485
10.6969
11.1273
8.15531
8.4978
8.65823
9.04374
8.35378
13.8625
14.1698
11.6597
5.72152
13.1273
6.35574
8.75899
11.6395
8.13143
12.5441
14.7825
8.10891
13.8714
10.578
12.4343
13.0485
13.7077
13.9696
14.972
13.34
12.366
8.42227
11.8942
12.7913
6.86002
13.178
14.8616
13.5845
11.7869
8.31821
6.12858
14.9585
14.0917
13.7711
14.5804
6.58499
4.59629
9.33965
14.2964
14.6413
10.2293
6.8494
14.7503
10.6411
9.21714
13.0728
12.417
13.9265
13.9937
11.0245
13.5813
10.784
13.0422
13.0473
10.7704
14.2888
14.8771
12.4714
6.36056
10.6331
14.0128
13.0949
11.0391
13.7853
11.8995
8.68251
11.2202
8.25875
7.00912
11.745
12.7321
13.5955
14.2693
14.4393
10.696
14.4395
13.6877
7.00438
14.5334
10.4507
10.2031
13.3629
11.4803
9.45175
12.5998
8.68874
9.11359
11.798
14.3331
13.7278
12.7889
11.4107
9.07109
9.30116
13.6714
9.75266
9.22559
10.7802
13.0771
7.31142
6.20234
10.8931
12.4002
9.92009
12.6229
13.6739
10.4362
5.66857
13.3796
10.2346
13.2859
9.73619
14.3137
13.5829
10.6704
10.1214
9.4901
7.64761
6.14642
14.946
12.5694
13.092
14.9792
7.68463
12.8991
9.80485
10.1101
8.85834
12.2074
13.5263
7.5907
12.002
13.1794
11.1011
13.6433
13.0336
10.5328
11.1224
9.6869
9.95675
14.4755
14.4875
6.59898
12.0332
9.7046
8.91293
11.8322
9.27906
9.26309
12.8017
9.37577
10.2151
13.013
14.5089
10.3272
12.6465
13.1729
10.8908
14.3928
12.8935
11.9184
9.7677
11.2456
7.54166
6.05206
13.4667
12.1337
9.00597
13.4208
13.828
13.6953
10.4222
13.4489
8.39003
8.69472
14.1422
14.6992
11.9169
9.56531
13.5415
14.4132
8.83976
7.7413
9.28074
8.60772
5.98295
9.56536
8.97492
5.64911
9.56966
14.9866
8.04517
14.6803
14.0232
10.8349
14.3179
9.692
9.38097
7.40124
10.1432
8.93738
12.601
14.9184
13.2852
14.4835
14.2552
7.50669
4.86178
10.0527
13.4019
5.8096
6.89226
8.42579
14.2646
14.2035
8.91481
13.9515
8.58969
13.6456
8.77991
14.9611
13.0432
8.69396
8.63883
9.64933
14.3012
13.3905
9.76705
9.20324
7.96646
12.5069
13.5587
13.9865
12.0067
9.60144
14.7678
9.88759
14.2434
13.1111
6.84779
11.2016
11.1701
14.0108
7.91989
9.9392
14.4285
12.7393
13.6488
13.5014
13.8197
5.76425
9.58403
9.35314
11.3945
12.0473
6.50335
14.1122
11.9174
10.5919
10.4761
11.0236
14.3828
14.7816
12.2015
13.569
14.9379
13.4228
8.02191
9.8159
10.6495
14.1677
5.08149
13.7425
6.64149
6.61769
9.89606
7.80909
14.4578
10.3288
10.1312
8.32147
5.90015
12.6135
6.71236
13.6934
10.4316
10.9157
10.4409
10.5693
14.401
9.71888
14.1776
8.16016
10.0247
13.5286
12.8341
11.7223
10.0793
7.63815
13.8639
13.658
14.8061
14.5004
13.2506
9.96951
9.33948
8.97908
12.303
12.3601
7.62096
12.4098
10.6698
12.9466
13.0288
14.5312
14.992
8.48079
14.4296
13.2677
6.24801
12.4863
14.3339
11.6825
8.82987
11.6348
14.7288
6.32827
9.5846
12.5105
13.9456
14.0873
12.6189
10.5133
13.4322
10.3318
14.6285
9.24475
10.1674
6.9029
11.3544
9.45485
11.6519
14.6483
14.4152
13.6049
14.733
11.5211
14.1161
14.5324
8.75721
11.9877
13.8898
13.5649
12.2437
10.426
8.90841
9.03931
5.03872
11.7745
13.2047
14.6105
7.56053
8.63649
12.2701
8.49714
10.9037
5.96622
5.7284
6.76363
12.6849
9.30115
13.1484
11.7178
12.2165
11.7389
10.2135
8.7286
10.0389
11.8351
12.4925
10.1279
10.2892
7.00391
10.028
13.8929
9.62872
13.3822
7.29132
11.5213
14.074
13.5536
12.0735
9.13997
13.6135
10.2786
10.1263
9.92161
14.7427
12.8978
9.98409
12.0614
11.4742
10.6072
13.6222
12.9029
7.00366
9.5389
13.5632
8.8656
12.5145
6.27798
14.2233
12.3073
14.3789
10.4278
10.5542
14.3458
9.11422
6.80036
10.3372
14.1757
10.6992
14.8082
8.54986
14.4204
9.89011
7.86524
13.1285
12.454
13.0359
7.51818
12.2355
11.3088
11.0817
10.3383
11.3595
8.53741
9.0073
14.9002
11.6498
10.5088
12.9213
11.1087
11.8583
13.6734
6.95521
12.2036
12.5997
13.8698
9.66696
14.2326
14.1546
13.4782
14.3358
13.6751
10.3493
5.89439
13.7621
9.60085
12.7589
14.2068
11.1981
12.8652
13.4229
12.5989
12.6321
9.08984
12.4255
11.7819
10.4914
6.94824
13.3469
7.91606
6.44378
9.9485
8.58683
10.2575
10.3458
13.7972
14.8789
13.4888
12.6375
12.527
13.9646
13.7854
6.59646
10.9073
13.7465
10.882
14.4836
10.9598
11.7568
12.5337
9.74547
11.8651
11.391
6.84162
8.93818
11.439
9.97091
12.9839
10.5812
10.2986
14.1758
12.073
11.064
5.26427
13.6945
9.80001
13.5534
11.6914
14.6767
14.0602
14.4616
14.6826
13.4262
10.4783
12.9804
11.1565
14.0765
8.18555
13.9093
8.74172
11.0402
13.6426
14.5118
13.6129
12.8392
14.404
9.15128
12.8827
9.81344
12.8996
13.2499
11.6655
9.19422
5.016
8.74614
11.4271
13.6678
7.62196
14.456
13.4815
14.3674
13.3712
14.0714
8.60784
14.8215
14.5353
13.6556
10.8537
12.9089
11.1795
7.0028
11.456
8.20907
11.3905
9.55771
8.09021
9.94878
12.8629
6.19619
12.5175
10.4034
13.2953
14.3458
13.4429
10.9762
13.6692
11.2244
12.313
9.75436
12.2292
13.3509
9.2161
11.9874
13.2153
11.3062
8.1674
12.0028
14.5017
12.5575
14.5614
13.6949
6.09265
9.93672
13.966
9.65418
5.96714
10.3628
12.6331
10.0206
11.3488
6.0641
7.67886
9.93822
13.6953
14.742
9.98578
8.74333
13.3359
6.27756
8.7494
13.2276
14.9216
13.1248
14.3103
10.2464
11.9749
11.2381
7.88478
9.97132
14.3812
4.87332
9.69667
8.4921
5.94376
14.053
12.6992
13.7272
8.05948
10.9893
8.92699
11.4146
12.8535
14.0635
8.14034
9.92011
14.3115
11.9445
9.90201
12.7164
13.6423
7.97406
10.751
6.20598
9.81892
9.90812
9.72447
10.7684
12.1143
13.6372
9.72978
14.2557
7.85087
13.7172
10.774
13.1359
11.8581
14.9125
13.9772
10.4497
10.8721
14.8924
11.7378
9.03195
12.4758
13.3912
10.2165
11.5342
8.929
12.4759
14.4813
14.9511
11.653
12.9004
11.05
13.9218
10.3313
7.29187
6.10542
6.92744
14.4917
14.709
10.5909
12.487
9.74216
10.0878
11.7577
10.0575
9.23134
13.8676
10.9229
10.956
12.8733
5.63446
9.23806
11.584
8.597
14.1898
14.7276
14.677
11.007
8.04371
5.50854
9.99751
14.5945
14.5023
12.2806
11.3845
7.36041
8.57989
14.7937
12.2352
8.2244
9.0225
12.021
14.8931
14.6518
9.18767
11.2935
11.497
13.1444
6.5109
9.68489
9.08472
6.20523
14.6084
6.02077
9.67143
13.6579
14.137
10.932
14.9174
13.2228
11.8951
14.2015
14.9958
14.8808
6.44886
5.48159
14.4765
14.6054
13.8559
4.65574
11.9763
14.979
12.4186
10.5126
12.479
13.3139
14.5586
13.0952
13.757
13.5704
13.3793
11.217
12.6349
11.5402
6.79542
7.16173
8.16158
9.60683
9.19361
11.4921
13.3864
5.38034
5.80506
6.52575
9.44561
13.4224
12.9133
11.9796
9.03024
11.5444
13.3603
8.81944
11.602
12.6922
9.59878
9.39057
10.0306
8.08464
6.30877
8.76205
8.59815
13.5814
14.3128
14.3857
8.34188
9.26571
12.637
9.75241
11.6125
12.4233
7.06166
9.5766
12.7193
9.55669
8.15404
11.1299
11.5748
11.8386
14.5477
11.036
11.9505
13.5644
14.9553
13.4557
14.8677
6.64219
14.9052
12.7606
13.7833
10.0835
9.34354
12.8042
8.7816
8.64543
7.8689
9.06208
9.85586
11.7261
12.879
14.6547
11.6554
9.71851
9.03262
13.7636
10.1046
14.1948
10.5962
9.49121
6.15606
8.87335
12.7736
14.6682
10.9261
7.48018
12.7644
6.72438
14.3089
14.4035
11.6936
6.14202
14.4881
14.5157
10.4276
13.6539
9.27788
14.4614
9.30304
10.7139
14.4299
11.2463
12.1715
12.8323
11.9198
8.51645
10.3394
13.3631
13.6296
14.3047
12.1917
9.57695
11.3153
6.25157
9.2226
14.5599
13.6292
7.93902
14.3914
9.71784
14.0594
13.3139
14.3434
12.801
6.92992
4.20928
11.9738
11.2531
14.1456
7.86843
13.9963
11.0055
12.3487
9.6963
13.6001
14.296
5.53299
13.0947
10.7411
14.1703
12.7856
10.4496
10.228
12.1168
9.66498
13.124
14.8097
5.45357
8.93998
11.2307
8.59039
5.50776
9.53539
6.82953
11.0287
10.6729
10.4548
8.56776
8.97473
11.0704
12.6352
14.6492
13.2013
8.90096
5.89557
9.81911
8.26241
9.06788
11.0462
13.7233
5.6228
8.10874
6.21941
12.1736
13.4832
11.1246
12.9902
9.46651
13.9905
9.09391
8.19646
14.3634
12.9394
14.1183
10.4507
14.8887
13.095
13.126
5.24344
11.7597
11.8823
13.9647
5.0146
7.66687
4.42781
14.3394
13.5983
12.6923
13.9687
13.1608
10.3355
10.0062
12.1263
13.925
9.52319
14.2845
9.97234
13.3869
10.7462
10.4604
8.92754
12.3658
5.78377
10.4766
14.1858
13.445
14.5445
9.27521
13.0717
13.7117
8.62742
14.2974
8.90943
7.00597
9.73246
11.0197
11.1885
11.6908
11.098
9.91172
10.3198
9.97462
10.367
8.65006
7.43127
11.7712
10.887
13.8261
13.4345
8.67296
13.137
12.7455
12.0973
13.7762
13.4687
8.27982
14.4044
10.9569
14.5675
11.1992
7.67844
9.07321
9.15617
10.4355
7.14878
11.2277
10.3277
13.2457
11.3423
14.6868
10.9515
14.0332
13.7625
8.66111
10.761
10.3754
3.9652
11.5044
11.6839
13.3618
14.5703
13.09
13.9704
10.5383
14.1778
14.7338
13.9061
12.5861
11.6065
12.8477
11.6135
11.6225
9.42839
8.51815
7.13254
12.726
7.45966
14.7168
10.1568
8.7739
11.3635
9.37262
13.9051
6.91275
13.2077
14.9579
12.0154
9.30966
14.578
10.2584
10.2949
11.8835
5.919
13.9212
14.4675
14.3591
12.8543
10.9865
5.10429
4.12505
10.4727
12.8801
8.8043
13.5341
14.8456
5.51194
9.3308
9.24162
14.4665
11.0916
14.9598
11.1455
9.75709
6.48535
12.4605
12.7923
10.2757
12.4067
9.32317
10.8014
11.8909
8.64146
9.09821
9.74918
14.3054
12.4602
8.46794
12.8
12.7681
9.44274
14.321
10.43
13.9255
11.3709
13.3079
13.5398
8.75083
8.99954
13.7387
9.02308
13.7473
6.11566
10.1837
12.0614
10.1683
10.5909
9.7037
8.65501
9.77356
9.95592
13.7501
12.7517
13.8008
12.0216
12.4662
9.74136
6.85835
13.8209
11.7734
8.91851
5.46835
14.247
13.2958
12.2163
14.5403
9.87012
9.87195
11.046
12.6735
14.5694
14.3677
9.29353
9.29989
13.3214
9.47532
7.70986
12.7835
9.1934
12.9224
14.8756
6.6685
8.13964
9.15514
14.199
12.5596
9.22006
10.074
13.5735
12.4678
11.3554
13.359
12.3825
14.216
13.8394
9.19436
12.9632
13.7037
13.8002
9.40505
8.59104
9.80499
10.3853
11.4777
9.82716
13.3398
13.0039
10.2019
10.2982
11.9319
14.2764
12.6328
11.2495
11.6696
12.7521
10.2254
9.0743
5.92552
13.4856
9.41705
5.81759
9.28408
9.73588
11.0734
6.86351
10.3172
11.8851
5.70775
8.02311
11.4302
12.7644
13.5706
11.9688
13.6721
10.7153
13.0252
14.7722
10.4621
13.6985
14.0668
14.7047
13.5217
12.3272
10.644
12.7675
12.4502
12.04
9.96857
12.2355
12.3947
14.666
13.7943
12.3175
11.038
13.4561
11.6073
14.1752
10.4053
10.7753
12.4843
10.3436
14.9033
14.758
11.9368
11.8051
11.9128
9.59793
13.1023
8.80357
12.1626
8.5608
12.2301
14.5923
14.5257
10.101
12.2805
5.41689
11.8976
12.8063
12.5906
7.74736
14.4955
11.8583
14.5008
8.97794
10.3652
12.1176
10.4552
10.6591
14.9018
11.6603
11.9381
9.81106
10.0096
7.93395
9.31191
12.9531
6.1307
12.2034
12.6217
12.5819
10.8681
14.9077
10.3031
12.0473
13.6731
13.6568
13.675
10.6243
8.49901
13.4424
13.5879
12.7901
8.61313
10.6436
9.08117
13.9894
13.7874
9.73554
12.4448
11.3004
12.6302
6.16879
11.71
10.0989
10.987
6.26837
14.8427
11.2631
7.42882
9.8917
14.9752
10.3262
13.9063
9.5142
14.5402
12.3453
11.7097
13.0333
13.0305
10.7771
10.1733
12.3975
14.9174
5.62323
14.8897
8.58002
13.8679
6.29931
13.2149
14.1908
14.329
9.59116
11.2468
14.3063
12.1291
12.1664
12.0119
8.9873
8.35433
14.7677
11.5129
11.8884
6.42082
11.497
7.51223
14.0764
10.9676
14.8739
9.0599
10.7529
6.33367
9.16363
11.347
7.81696
6.63607
13.4863
12.786
12.6454
8.43081
14.3057
8.81453
8.64341
14.0503
6.7664
11.2158
9.33985
8.951
9.2224
9.95161
11.5954
9.73268
12.6155
13.5271
9.97942
14.6007
14.9351
11.5622
10.9299
8.23159
12.6761
9.69951
13.8055
14.9895
14.3769
14.255
13.5101
12.498
7.1075
6.69961
13.6553
13.2016
9.52186
13.4447
13.6501
9.13782
11.0446
5.85236
14.6421
10.6533
9.09132
11.3941
6.25023
8.07253
13.6691
5.79573
8.9056
14.9101
11.6677
14.1355
14.7028
13.3726
14.2694
12.8173
13.2453
11.3518
6.10594
14.1081
14.2382
10.4148
9.76579
6.5284
13.6213
10.844
14.5379
13.4883
11.7537
11.7695
8.5185
13.0567
14.4863
6.72909
5.57318
10.761
13.4885
13.5039
13.6587
11.357
12.6705
14.7493
9.52694
14.8924
13.5241
9.12227
6.42549
14.1963
9.3265
10.5467
12.5683
10.9526
8.75003
14.8687
10.7157
14.2159
12.5559
12.4593
10.2
9.38933
11.6353
13.1067
12.9126
13.4859
8.56691
14.434
11.0169
9.29439
12.7502
9.48653
9.98384
9.49074
10.302
14.2433
9.984
14.4421
10.6344
9.93187
13.9636
7.17023
11.3367
12.2697
13.7176
6.99126
13.7839
13.5312
11.27
10.0917
9.67153
13.7517
8.07045
7.46675
14.9114
11.5676
13.7413
12.12
12.0824
11.6878
14.4594
13.5919
9.07789
11.1049
9.30382
13.047
13.2633
11.9369
14.3454
14.8171
11.7125
6.16382
9.13895
11.9065
13.1751
14.1087
14.5982
14.6298
11.7966
11.4017
7.778
10.1272
8.19151
9.18254
8.87303
10.1636
12.5871
14.7213
11.7333
12.0398
13.167
9.43756
12.4681
13.8918
13.4319
14.6109
12.6134
9.31655
8.80158
13.6339
9.08783
10.8822
14.6315
11.6937
14.3742
12.6625
12.0809
13.29
6.15977
8.30658
8.75073
5.58641
6.3521
9.67231
14.718
8.68535
13.4072
10.5197
5.4242
4.55608
8.27555
12.2777
12.1822
13.8571
12.8421
5.87984
8.56416
13.124
14.333
14.2812
14.2141
10.9681
14.7616
12.7101
6.58525
10.2294
14.0435
5.95967
14.6974
12.751
13.5632
13.2734
5.95415
10.0287
13.653
7.81968
9.70699
13.542
13.4715
12.7046
5.535
8.13329
6.81413
9.4626
5.66414
6.79554
12.4664
12.104
12.0699
8.81697
9.39268
12.456
11.6229
13.0768
8.16266
13.7704
8.85495
12.9136
8.46495
14.7034
13.5483
8.49417
11.8817
14.7232
14.8211
12.6234
13.3367
4.79896
12.3854
7.66704
7.8716
11.2361
10.9797
10.9989
13.8563
13.2911
8.08737
13.5145
9.6176
10.3114
14.8051
14.1719
12.4818
12.3706
5.96058
7.13747
13.8192
12.3175
10.2932
8.59278
10.54
13.7558
14.9506
10.3313
9.09156
11.7994
8.46456
10.2265
13.6895
12.2633
14.789
11.2262
13.5704
7.9984
13.2704
13.0871
12.4692
13.3815
11.4993
9.68582
12.4333
11.8621
8.76475
10.8042
8.09686
6.24556
6.44284
12.038
14.8981
9.30264
9.0586
11.4705
10.952
14.2698
14.9743
9.18985
10.7999
13.2654
11.3814
13.402
12.9715
8.68601
13.1954
10.0498
8.73367
7.96012
13.1702
14.7544
11.0132
13.1298
11.0924
9.30256
9.41142
12.2701
13.4444
13.8913
11.302
9.83059
8.03914
14.0935
14.8733
9.02254
10.9802
13.1482
14.4645
11.6572
5.81356
14.6246
14.509
14.2901
14.9883
13.2876
9.85663
5.54336
6.35653
12.3925
12.6742
13.4787
11.1732
6.38136
10.9733
11.5152
10.7527
11.0516
9.65089
14.4617
9.84016
9.84063
12.9722
5.97515
14.9878
9.07656
14.7388
10.2505
14.1662
11.7856
14.0841
13.7601
11.6361
11.8365
6.54555
9.81426
13.9742
6.82744
9.07355
5.91459
11.999
12.0222
9.24984
13.0302
13.996
11.763
9.68087
14.5486
9.73111
13.6547
6.17067
11.9042
9.01657
9.65013
14.1886
14.6841
10.2824
8.98266
12.549
13.7544
14.3968
14.5985
8.53922
8.27879
10.4894
9.30071
14.4336
14.3199
7.82725
13.9417
14.3145
13.3659
10.2991
13.1399
8.83095
6.10558
13.3243
14.4262
10.3411
8.66655
12.327
14.2786
9.52148
9.81299
14.9799
12.2253
13.0247
9.01879
11.8708
12.9823
13.3122
12.0776
8.70331
10.0434
14.4462
13.5645
13.1954
10.5242
7.13605
13.3607
9.40601
13.9308
13.3246
9.64781
7.93858
8.49059
5.42817
10.3154
10.234
12.0051
14.038
14.8657
14.8694
8.26315
12.7545
8.94301
12.2166
12.7571
8.59492
12.1918
10.5799
9.88313
11.0783
12.3267
10.1515
11.7891
14.5182
5.59488
12.4258
7.27941
11.2441
12.2535
9.24304
11.6863
14.6757
10.8833
14.1294
14.0169
12.6578
14.1765
14.0623
10.6185
13.8757
10.4021
12.0285
14.2063
12.3069
13.5848
8.69161
11.5346
13.9801
13.2812
13.6671
12.0389
6.16332
14.387
7.28433
14.2086
14.2698
13.4939
10.5959
13.0671
14.2578
9.23434
8.42424
14.2019
14.8961
11.9156
8.0609
8.35362
8.43914
10.5922
13.6776
10.0283
9.45493
6.03791
6.83292
9.58696
12.8236
13.5416
9.61141
8.02661
13.3196
12.1159
11.2945
8.21797
9.44144
9.94717
6.20638
8.55864
6.0606
13.9289
14.7397
11.5202
10.7167
9.68674
13.9972
9.76618
10.5673
10.09
14.9003
10.0725
14.9886
14.0892
4.30372
14.3144
6.21999
10.7897
8.46233
9.33291
10.1639
9.14372
12.9847
12.6479
8.37069
12.341
11.5162
14.336
14.7043
12.166
14.4231
13.184
14.4101
14.011
9.77327
14.6414
5.74625
11.4095
13.339
9.05788
12.7049
14.0823
13.7227
14.1077
12.5764
12.7842
10.1995
12.3238
12.1851
4.75803
12.9103
6.36113
13.9608
10.1904
11.9044
11.1423
13.012
9.02242
10.8555
10.2495
8.8914
12.8686
14.4551
8.99405
13.4915
8.65536
8.4715
11.6193
12.2002
10.0414
10.4275
12.699
8.96504
14.6708
8.71666
6.52299
10.9465
13.9645
10.1113
5.84196
9.81616
9.40618
14.9087
10.9887
8.88243
6.21198
10.9088
12.6934
14.9608
11.3206
5.25062
8.8774
12.1295
14.2239
9.18684
10.5727
13.0899
13.7336
13.9893
14.1465
7.96635
10.0974
8.35863
6.40047
10.7268
8.11888
14.5562
13.4859
14.1522
6.72817
9.90458
11.894
14.5195
7.23323
13.9116
6.25719
6.30348
11.0031
12.1362
12.121
13.6803
13.4434
8.06834
14.7149
13.3235
5.71925
6.24776
9.42968
12.0525
13.8759
6.27151
8.78582
9.72575
9.94485
10.4171
6.25336
10.5714
6.25038
14.2032
13.1067
11.4195
13.3348
14.0239
12.1064
13.244
8.25448
14.5535
8.38075
11.5767
12.7338
13.4987
8.4763
14.3081
14.7312
14.2038
12.8871
10.8368
9.49314
10.2543
10.1532
12.1831
9.68314
14.0175
8.02802
9.04974
13.7058
12.4276
12.3384
11.9861
13.0391
9.25093
13.7137
10.4688
12.9306
11.6133
13.6066
6.59113
12.7709
12.0948
6.34129
12.451
12.0951
10.4748
12.3727
10.9049
11.9371
14.1084
13.4028
13.1534
8.64866
9.88403
11.7806
11.37
13.9521
5.37172
4.30054
7.18224
9.71805
11.0485
12.3378
12.0707
5.70157
4.35248
10.3925
9.91666
10.1342
10.8889
13.0464
6.23619
14.97
10.1205
14.2052
13.3598
13.7805
11.4469
13.115
12.6568
14.9348
14.2198
11.534
14.8745
12.304
10.796
5.3272
5.12143
9.71912
8.89427
11.592
7.72064
11.791
12.9858
13.0538
13.3599
10.6482
13.9717
8.8789
13.1882
12.8622
10.2461
7.69474
10.73
12.1795
8.08662
12.3857
12.6204
9.56219
14.6038
12.289
12.3129
14.6537
7.96995
13.1515
14.7865
13.7716
6.08114
9.2239
8.31823
12.2761
14.8777
14.9041
14.4435
12.5426
9.85311
13.7054
7.53015
14.784
5.5332
10.601
10.8053
12.5979
13.2125
10.2342
13.3881
10.7777
8.49071
13.3357
9.33417
11.0474
10.3484
14.2305
10.8262
14.2105
6.19693
14.2538
11.5934
13.9802
8.55733
10.836
8.4309
12.2391
13.4765
13.8107
8.97192
10.5471
12.5053
14.0549
13.349
4.85659
11.5076
13.7029
10.6093
5.7767
14.6197
9.9852
11.4968
8.68596
10.0962
11.1007
8.91371
10.1347
9.09844
9.73057
10.0771
9.5198
10.4238
10.8157
10.7367
12.1221
11.5602
12.434
13.328
9.08356
6.8396
10.3148
13.8096
13.5253
10.7171
11.0074
12.1739
11.4959
9.96944
12.5289
6.18025
11.6671
11.7913
8.69533
8.59038
5.86332
14.1257
14.0471
11.2094
14.166
13.8416
10.7293
8.82341
12.4159
12.0466
13.7037
11.5952
13.8871
13.9247
13.8763
13.1323
14.1203
10.0282
14.177
11.4093
14.7979
13.3855
9.44065
13.0682
9.33225
12.8681
10.3631
10.5639
12.9122
13.9647
14.2893
11.084
14.0804
13.9631
9.13245
5.85785
12.4138
14.3108
14.8355
13.5911
12.8899
7.1856
9.2101
8.11042
8.77935
11.9673
11.9487
13.1505
10.9609
14.3909
11.0653
8.15898
8.16282
14.1198
9.80007
14.6876
14.2828
7.35314
11.1415
14.8157
13.0187
13.1924
9.50106
6.11288
11.1959
10.6115
4.46277
12.9807
8.86573
5.84955
9.51553
8.80486
14.5319
12.4885
8.39862
9.73805
14.302
11.4336
8.85073
4.94978
10.9564
13.5068
10.4879
12.3765
14.2302
8.76298
13.1432
13.0207
11.2631
8.6565
13.187
13.0891
8.76893
6.9301
14.5224
6.31074
9.8113
6.76484
4.16993
10.3038
10.1493
13.4832
12.8038
13.6617
13.565
11.4875
9.34019
13.6112
10.639
8.0704
5.34023
14.2492
6.61372
10.0049
10.0647
12.2768
14.223
8.84701
5.4296
5.98737
6.84469
6.73111
14.6536
13.475
6.38008
5.97335
13.391
11.8901
12.0444
8.08023
8.83301
11.5413
10.691
6.7438
12.3163
11.251
6.17115
4.83926
10.6961
10.2269
14.2659
10.4369
9.0003
12.8747
13.3683
14.633
11.2395
13.5441
13.7802
7.32144
11.8787
10.1036
14.4196
12.0731
13.4322
8.51632
14.2674
9.67724
11.605
13.8148
14.1271
10.5571
8.61139
11.5046
14.138
12.7062
11.7204
13.9612
13.9353
8.26403
9.2507
11.7558
6.80299
10.6695
8.35921
12.2576
8.81823
8.47085
12.0834
8.94755
12.4926
9.81083
14.8768
12.181
13.8764
12.9174
10.5073
11.7196
14.4543
9.28516
14.9823
12.2543
13.1743
9.46693
8.64416
9.78573
12.5079
11.9081
14.3791
12.3773
8.82033
14.7643
13.7903
10.2732
12.3212
13.0476
14.0483
14.3329
9.04982
7.79816
13.3145
6.06177
10.2773
10.3857
13.9973
11.7819
10.7707
14.0919
14.0519
9.77111
8.62542
5.99052
9.65621
8.60802
14.1575
12.6671
10.4958
11.6399
11.6925
13.9349
12.6207
10.2275
13.914
8.61451
9.99116
11.9064
12.6272
11.9115
11.2159
8.49755
12.9757
7.71551
14.5819
9.14901
11.3564
13.116
13.0436
13.3165
9.48926
9.67517
10.8043
6.60055
14.7887
6.00758
7.73794
10.228
8.91647
11.381
11.5152
13.997
11.3095
11.5298
11.5886
14.443
12.5011
14.6071
10.6288
13.4502
7.48382
10.3455
14.037
9.23818
10.8566
14.3221
6.94619
11.0088
14.3526
13.4733
6.93019
9.19346
14.227
13.7998
11.7006
14.3135
5.99645
8.41406
12.1955
14.5502
9.81695
8.54514
7.20323
11.2781
14.7194
12.4879
10.3343
7.94707
10.0541
14.2618
13.7904
13.052
12.1388
6.84566
5.56288
8.71095
7.95861
11.6669
12.8109
11.951
14.8288
12.428
14.1946
10.6113
10.351
13.0123
4.36578
5.64013
10.3095
9.77381
8.7713
11.9646
8.14362
10.4603
8.52798
10.6698
11.2346
10.0304
13.3883
6.64351
9.46362
13.009
8.61905
10.7625
10.3104
14.914
14.5167
6.56303
10.45
8.88777
6.60761
10.1994
8.28151
11.5034
8.54829
10.6385
7.21865
14.4095
8.76254
9.82458
12.179
12.6437
10.2835
7.81978
8.3218
6.3564
9.93341
10.5398
6.20336
8.54568
8.87733
6.49693
9.44121
9.00031
12.0962
13.9536
5.74381
8.54823
10.2061
14.3193
10.8185
9.38338
13.3394
10.0573
7.96431
10.5516
9.41106
12.7797
14.7684
14.5747
11.5868
13.4165
8.83513
12.8525
13.463
6.21582
14.577
4.6612
9.05683
9.52263
10.5274
12.7871
12.3511
13.0219
9.02116
7.01442
13.3929
6.3745
12.0105
5.30138
12.2057
10.6487
9.48356
12.7595
11.7468
10.965
11.2612
13.8387
14.6916
8.86526
11.2518
6.09022
14.243
10.3222
12.3909
14.1218
14.1699
11.173
11.0552
12.9735
8.46806
12.8355
12.1771
13.6637
8.38515
13.5737
9.3726
13.8631
10.7421
5.88514
8.42434
12.1516
6.7225
13.4534
13.239
11.1859
8.91104
11.9566
14.2732
10.8854
13.5165
9.81467
13.0013
11.5401
14.5326
12.2129
8.82864
13.9478
13.4554
12.6434
12.5356
13.0152
14.7765
14.7416
9.36663
11.715
14.2812
13.4787
10.535
13.0058
10.789
13.5812
14.5237
14.2308
14.5245
11.5854
13.1846
11.4476
6.73548
9.74076
14.0375
9.39404
14.4056
13.8436
8.97956
14.8834
5.59621
12.2146
9.08385
13.2344
14.8608
9.65284
11.4708
11.8982
13.6307
12.5705
14.5352
14.8404
14.3098
9.90839
6.01337
10.5099
13.5987
11.8497
11.2835
14.1155
14.9156
13.7481
11.8827
4.87466
7.30439
14.4352
8.33412
14.5319
10.9877
5.82344
13.0509
11.5222
14.7737
8.06878
8.46686
8.49928
9.11916
13.4574
12.2325
10.5083
10.4249
14.9161
13.6907
8.72851
7.73538
13.9137
13.7222
14.9088
12.979
8.35998
12.689
10.3798
13.5749
14.0796
13.5801
14.3448
10.9113
11.6585
6.13475
12.5421
14.4097
9.13076
11.1604
9.14359
12.8453
14.6366
5.83642
14.3421
14.3343
12.5021
9.41459
8.9494
4.6837
14.6729
11.0958
8.64492
11.4157
11.3792
10.2522
12.8247
10.15
12.4284
8.76594
13.814
14.1094
14.2743
7.73214
13.1983
11.1043
10.8408
10.2086
10.4841
13.7531
5.6518
5.97994
11.7026
14.5391
13.1441
4.70113
14.2464
11.9275
13.8789
14.0586
10.5456
14.1622
12.8238
14.8016
12.3895
14.9281
9.23383
11.03
12.1115
10.3604
8.57682
9.87334
8.81118
14.9514
13.7067
11.1855
12.2471
11.755
11.8705
12.3866
8.23638
11.1929
6.21613
14.782
10.3116
9.99552
11.3806
10.0693
9.59014
13.5291
9.74564
6.05558
12.3218
12.9539
10.9058
11.7706
9.34215
10.3033
11.5658
12.2701
13.8591
14.971
12.8611
13.4364
7.80464
10.8136
8.90669
9.79534
10.4919
14.2118
6.15117
14.3319
11.0993
14.0619
12.3272
13.0719
9.26343
13.5134
6.5579
14.3912
10.0203
13.7577
10.5473
10.785
14.5578
6.45075
14.3672
14.3226
6.91059
9.28833
12.1149
13.4556
14.064
9.976
7.71111
13.3766
14.9449
13.8749
10.084
7.70182
12.8909
14.7516
10.5986
9.93406
14.2019
13.3883
11.6928
9.21826
8.55872
13.9677
8.12472
13.6923
9.65464
13.5858
9.52134
10.2893
8.49909
10.5986
14.5625
6.37667
8.95452
13.5652
12.979
10.8077
6.30981
12.621
10.7533
12.6588
13.8024
10.7385
11.9896
14.5807
13.9299
14.5907
14.3834
14.3571
13.3035
10.1939
10.6383
14.615
12.0259
14.7806
8.61736
13.172
10.4789
10.1046
10.2532
10.2347
14.3441
10.4273
10.6559
9.783
10.4773
12.7902
11.6417
9.65775
11.7767
14.4053
12.0267
6.18101
8.98827
10.3175
14.2552
12.6631
12.0779
14.3957
9.72212
14.1284
12.0437
14.2744
13.9058
12.3577
6.47298
9.31556
9.46348
11.5623
6.2152
8.96335
7.70867
13.4124
12.2375
9.7052
14.0369
12.6001
14.8003
13.1285
9.01166
14.1751
12.3182
7.43602
10.8735
5.8618
11.0705
12.9718
9.11669
8.84095
5.26203
5.91251
10.6111
9.98765
5.78326
5.32297
6.10186
14.2817
9.89535
8.64064
8.95267
14.2045
12.0708
12.3863
6.65997
10.8964
10.6124
10.0325
14.1284
13.3591
9.94782
13.8886
13.2121
13.4374
13.1365
14.5776
5.98654
14.5711
11.1383
13.8147
11.8273
6.75255
9.15876
9.98871
13.0461
14.2512
6.30521
13.2491
6.10277
13.7555
13.8981
13.814
6.09923
13.1206
11.9653
14.3137
6.53263
8.38101
12.3555
13.3576
10.8276
12.6845
11.6154
12.5509
14.0473
12.6591
9.64949
8.41183
12.454
14.962
12.9486
10.2741
5.88573
12.7084
9.9372
11.2568
12.8086
13.9156
13.4767
14.892
14.9019
5.5686
6.4003
8.80401
14.448
10.0868
12.8614
6.20386
11.5367
8.03783
10.5969
14.0423
13.4177
14.7991
13.79
6.4782
12.982
10.2695
10.3234
10.3925
9.42927
11.7032
8.6325
13.1636
10.4248
12.8139
13.2201
7.51465
14.1824
13.2243
11.6367
12.2946
11.0395
13.6931
9.99886
12.2958
11.9353
11.9698
9.90032
14.1469
13.802
10.1713
10.5622
12.7225
4.67366
14.2311
13.6975
12.645
11.9366
6.42884
5.24159
10.5479
14.515
14.4978
14.0111
12.8185
8.04229
13.7882
12.2874
10.8904
10.5465
12.2133
4.54321
11.053
14.0703
8.22052
10.311
8.69246
12.1101
13.9643
12.5456
12.1671
13.5135
14.5273
9.8073
12.5156
10.201
14.0648
14.0596
10.5185
14.1325
5.95754
14.3601
10.2523
9.07584
6.55343
13.981
5.96628
10.4319
9.35664
12.8549
13.5302
13.0635
13.9595
9.14115
10.4607
14.2394
5.41015
10.0302
12.2653
10.7115
10.0984
12.0973
11.7813
11.7291
14.6075
9.95834
5.97186
11.6815
13.7894
13.7577
10.5728
13.0928
10.0623
12.6689
13.893
14.767
4.87551
12.625
12.9222
12.134
11.4635
9.35794
12.6707
6.54489
4.27381
11.4113
12.2375
12.4487
13.4548
11.9092
10.0646
14.7184
13.94
12.1765
14.7874
11.5611
5.3977
12.8946
9.81679
12.7611
13.7136
13.4544
9.69604
11.7674
14.6215
10.962
14.8542
14.9064
9.60514
11.7961
8.78879
10.3753
12.2916
10.0213
13.1917
10.5474
8.33194
5.28912
9.95414
8.82016
12.1498
14.5665
14.5428
12.137
5.28439
11.8483
6.73723
13.9352
9.01152
11.5686
8.86444
12.3653
13.5118
11.9531
9.74197
11.2216
8.58589
9.5465
8.81382
5.29931
12.1634
13.7286
14.0521
10.643
5.85179
13.6268
12.5394
10.0878
13.8363
4.7329
14.1899
11.9749
10.8179
10.8959
9.79841
11.9804
13.4301
10.4885
14.0437
8.85336
12.4038
7.70573
11.7275
10.4871
10.9899
9.98256
11.8022
11.7051
14.4657
12.0512
8.62029
6.20245
14.3594
10.3557
13.9016
10.9672
8.61437
14.2874
14.1914
8.89531
12.3253
8.78498
11.2138
10.4232
10.8118
13.2076
13.8008
14.6766
13.6682
12.1437
4.42559
11.9393
14.3183
14.2462
8.08203
12.6852
9.03596
11.6965
9.98331
13.2034
13.5717
9.74632
8.35877
10.605
7.51521
7.10604
13.2915
13.1601
10.0451
8.65388
10.4619
11.5467
8.86028
6.40117
12.8428
9.17736
6.63979
14.7243
9.51009
13.2314
13.5852
12.5649
14.517
6.03077
8.47934
12.2525
14.6108
6.18668
8.70529
9.82042
13.386
14.622
13.1361
10.2198
9.78613
8.60713
14.9346
13.9229
10.3042
11.4246
8.93548
13.5515
14.2946
10.1195
13.0326
5.93915
4.4009
12.7209
12.5769
10.8414
12.3225
9.69095
10.1875
14.9842
14.06
14.425
9.19626
10.0524
12.8015
11.4655
9.22922
14.279
11.6255
14.7127
9.5207
12.9216
8.79473
14.039
11.9245
8.41775
5.58155
10.4446
9.80965
5.11988
5.84113
11.2832
14.7528
9.78154
9.96382
14.1359
8.65666
10.0755
8.46718
12.7492
11.9166
12.8285
8.34641
8.31594
12.8862
10.1981
13.2638
11.0056
11.3342
11.8626
9.86414
9.83272
13.0385
10.4073
10.3029
11.164
14.7053
10.6572
13.0232
13.6606
9.63947
14.4484
13.2978
10.994
7.10036
9.89526
10.2742
11.6573
14.1371
10.0798
12.3616
6.33253
11.2816
11.9915
14.2672
11.1046
11.5857
11.4596
6.09167
13.209
14.9819
9.66663
7.52909
10.9159
6.37897
10.5807
9.77338
12.7351
13.5622
11.051
11.5834
12.0754
12.6789
5.13316
4.92333
14.3164
12.9469
14.1279
12.7562
12.2047
12.3328
14.5329
14.4705
14.3285
13.7613
14.6449
10.6798
13.7319
11.9277
11.8299
13.7562
10.8959
11.7239
8.75634
13.7694
14.6741
8.30958
6.37759
8.88803
14.5572
12.3766
11.2034
9.47672
10.1297
12.5211
9.92187
13.7334
13.7689
5.28368
10.976
10.3969
12.2671
12.1907
13.563
5.75205
9.95515
14.8721
12.7387
13.4392
14.2502
8.66551
13.197
9.84959
11.6997
14.199
13.7562
14.9821
12.4512
11.3992
12.5846
5.73016
13.8562
8.45609
10.1577
8.45006
14.3392
10.6389
7.35668
13.0996
14.1246
13.0705
10.1247
11.4193
14.7362
13.9294
12.1835
14.5663
10.8396
13.774
10.6399
12.8447
13.0629
9.76224
8.42107
10.5474
12.8381
12.8924
7.19657
12.293
8.37964
9.32152
14.592
11.6798
14.8796
12.2957
5.35615
5.60964
6.39857
4.99173
5.21155
11.2672
8.42708
5.39939
13.4124
13.1864
9.41334
11.9738
10.7177
11.0194
8.23135
13.882
14.0613
11.1509
9.77848
9.89638
12.9185
9.40143
10.4235
11.9383
14.7063
4.99548
13.953
11.6926
11.767
9.42262
12.8094
9.35519
5.96828
11.0316
8.03901
14.8126
14.1074
13.6559
13.1173
14.4591
13.1056
12.353
14.6964
12.4768
11.531
9.65864
11.2623
14.7881
9.23221
12.8167
11.9145
12.8927
12.5988
12.0003
13.5315
10.1939
9.93044
14.7104
11.4563
8.92754
10.1539
13.9847
9.58081
6.20332
4.53013
12.2878
14.776
14.7452
9.93843
14.2261
12.8603
8.32255
8.39476
8.03734
12.1525
8.81779
7.59824
11.7232
11.3105
8.53611
12.0756
14.3444
10.8353
10.5624
12.1926
11.5827
13.2349
13.7533
14.1499
13.9629
8.64572
8.80924
10.9934
12.6234
14.9549
14.7028
10.8426
12.3733
6.22083
13.8921
14.2467
13.0464
12.0784
13.1221
13.3506
6.2551
8.48713
13.4361
12.6479
13.6941
12.1012
8.93346
8.01485
10.5739
4.59023
10.8078
10.3101
8.18183
12.3515
8.74872
5.12482
9.87245
9.81536
13.876
8.82191
14.2654
6.04577
3.94657
8.11704
14.2139
13.5113
14.0547
13.1091
14.3593
6.17896
12.2903
11.743
13.7697
13.261
9.78324
11.5151
11.3049
14.6782
12.5831
11.7112
9.37738
14.6246
9.33291
12.7737
11.5871
13.4758
8.59519
11.4537
11.5888
12.862
10.9576
12.5049
6.50838
11.66
7.69478
14.0313
9.33429
11.633
11.598
6.60501
10.4005
14.08
6.27827
13.2504
14.1504
10.3336
12.4971
13.5693
13.3421
6.3864
14.6275
13.8978
8.87123
14.1663
13.792
13.2951
9.02217
12.9438
13.2721
10.6553
9.9447
8.83357
9.633
10.7693
9.14629
8.66281
10.5875
9.90286
9.21453
12.3079
8.10658
5.09642
9.20579
14.1613
7.51852
11.6759
8.7666
7.734
8.70786
13.5076
14.6229
8.70446
11.8976
13.3423
11.1621
4.73184
9.17732
12.1728
8.8462
14.4476
5.91442
9.14011
13.2827
6.2003
11.835
8.11625
14.5713
10.1601
8.61977
10.1506
10.824
12.4908
8.88948
14.9665
10.2438
8.7593
9.93423
14.5561
10.2557
14.2043
13.2482
8.49183
9.70167
11.6478
14.7424
9.79901
10.3961
9.55318
8.61622
8.8455
14.0385
6.04023
8.02589
9.06863
5.30235
4.36157
10.381
12.8266
12.6958
4.81939
12.0301
13.5813
14.4652
10.9327
12.3978
6.93953
11.7189
10.3314
10.4018
14.967
9.77661
13.6664
14.767
14.3761
10.0045
9.91012
14.8813
11.0156
8.40286
9.28196
13.6843
8.644
8.49582
14.8829
13.1926
10.344
9.12675
11.4143
14.1804
5.5758
10.6501
11.0846
11.3019
13.3819
11.7754
14.9831
14.0727
11.2658
14.5242
13.9755
10.328
14.0739
14.978
12.8909
10.3001
14.988
13.8072
8.86086
13.1537
8.69753
8.28328
13.2352
11.3435
7.48055
9.12342
10.0394
14.6119
11.7363
13.9978
8.66809
10.6612
9.87512
14.1898
9.91538
10.7705
12.4967
11.0098
10.7832
11.8779
11.1683
14.0363
12.5037
12.1568
6.76373
8.40512
14.5716
5.87977
14.8636
11.1295
11.7219
14.6716
13.2533
6.66022
12.9156
14.15
10.8346
12.5735
11.3802
11.9063
12.6274
11.9121
11.2162
8.49802
12.9758
14.9475
10.7212
8.95147
6.69834
10.9462
6.04778
11.0843
6.54831
12.9838
13.1033
11.7106
13.3669
11.1567
10.6884
13.3816
12.8091
8.32802
11.9502
13.1777
12.1216
7.02645
8.68258
14.187
14.8083
6.04459
9.62032
14.79
13.4376
9.81796
13.078
13.621
10.9223
7.50909
13.1222
11.3521
8.33975
5.62972
11.9751
8.85527
9.1243
14.9663
10.0252
14.866
11.8316
14.6943
8.79195
13.2988
10.8832
9.25627
12.6603
9.03291
8.77473
14.1578
11.6449
12.9077
10.6063
12.6482
10.4632
14.8681
11.4603
11.7457
10.8304
14.2537
12.7202
14.9708
8.29822
10.8057
13.8469
11.2312
12.2455
11.6867
10.3757
14.7395
8.7614
6.82522
13.2747
14.6364
12.3957
14.7324
8.59797
14.7378
12.8276
14.2442
6.00506
13.0253
13.0094
10.354
8.38694
10.6347
9.99916
5.34963
10.6456
11.4004
10.7293
13.7639
14.2938
13.0442
11.3992
7.0001
13.3131
14.5164
13.3563
9.83842
14.7287
10.0644
9.85567
6.15593
9.70642
13.6258
8.11631
12.8054
12.2874
14.2135
13.3929
11.6826
12.1661
11.604
12.3468
9.689
11.7277
10.1246
14.3846
10.2377
14.5699
14.0352
8.8486
14.1515
9.51473
13.7235
14.3108
10.9203
14.6141
13.552
12.1348
14.8039
12.9879
13.1398
13.8451
14.8852
10.1562
8.35537
9.74189
11.5042
11.5221
14.8656
14.9642
13.2588
6.76315
12.428
13.6656
9.97939
9.3873
9.65645
9.10102
13.0806
10.0669
11.479
8.51669
13.8682
5.82918
5.78766
14.4179
7.10363
12.936
14.4765
14.338
11.3026
11.289
11.4369
8.74881
12.1865
9.34703
8.85
12.889
13.6689
10.2866
13.4265
12.1415
12.406
14.0261
11.0847
11.585
13.317
14.2513
11.9048
8.71002
10.1754
14.4599
6.38693
13.5561
13.3885
9.94858
9.42875
13.9361
12.9962
5.41785
12.3208
8.86026
7.60377
14.9572
10.06
9.77998
12.5986
13.1893
8.74913
9.44519
11.2877
13.7931
6.26142
11.3216
6.14222
13.641
10.3698
14.0329
7.9573
14.2962
9.64645
9.4221
11.7434
11.0344
8.09169
12.9396
8.68956
12.5733
13.0806
13.0248
9.12685
13.6626
8.509
8.67367
14.6422
11.9191
14.5674
10.6166
10.7213
12.4605
12.4845
12.1961
10.2071
12.2959
8.0417
9.69793
5.72827
9.8466
13.4451
10.6833
12.9764
10.5893
13.1957
8.22861
9.95139
12.482
13.1486
10.123
10.2078
5.70211
4.42785
12.1014
8.17827
13.9198
13.6707
7.19569
9.99046
14.2948
10.3056
10.0484
14.7473
14.6167
12.3435
12.5904
8.52929
10.8115
11.3342
7.91062
14.9161
11.1278
12.0117
11.2716
9.66216
9.98195
9.17615
12.8263
12.8861
12.291
11.5016
14.0074
11.2159
12.9286
10.668
14.6784
11.3656
4.85338
13.934
13.1706
14.7318
5.19737
13.0558
9.7101
9.70076
14.2398
14.6844
11.9721
12.7598
11.4383
6.32345
12.0694
13.5751
14.026
14.25
13.9766
14.6565
13.2926
13.7397
14.9158
14.1963
11.3019
8.39927
13.4112
11.9892
12.7265
13.3332
10.8424
13.8965
8.51482
12.6266
14.9891
11.6208
12.8375
13.163
10.4453
6.08275
11.6336
13.0584
12.8604
12.1163
4.96689
5.13451
13.2743
10.5188
10.9975
13.0249
14.4507
10.1453
13.8813
13.3527
12.6643
10.7266
11.1872
9.44453
12.9218
9.37274
12.6803
10.7362
12.1242
11.7913
9.27269
11.257
8.85107
12.6444
14.9169
6.41051
9.90457
12.4317
7.64217
12.2692
10.1916
10.5579
12.8301
11.0549
14.2659
12.4302
11.9777
13.0054
6.22124
13.8662
11.2084
12.2878
12.0103
14.3261
10.7862
13.8351
10.978
11.1605
10.0792
5.29038
11.9935
14.0748
12.6207
14.3934
12.8394
14.2528
4.28804
9.79904
10.428
11.6079
13.5084
14.0706
12.1975
12.0223
5.29039
10.4291
10.865
10.1591
6.24571
10.9171
12.5575
14.9671
10.4116
9.55997
11.8204
11.8888
10.5452
9.68366
14.1406
8.84337
13.0901
8.50377
14.3878
13.0403
8.49767
6.23647
5.94677
8.89126
10.4624
13.7046
13.414
14.0223
6.24221
9.11706
12.0528
13.5885
13.5789
13.6133
8.15025
11.2153
11.8839
9.58527
10.6095
8.02215
10.7184
14.7024
10.042
10.7803
10.2491
5.84554
11.7178
11.2647
14.203
11.9046
13.5942
9.73395
12.3953
8.23503
13.8349
14.9384
13.3054
12.087
12.8392
10.7166
9.24539
11.5153
8.59194
12.6027
14.1145
12.5655
13.6998
9.12964
8.70721
11.7296
12.832
8.64503
11.7352
12.2774
6.20143
9.4341
8.66071
13.4154
14.636
14.23
12.7852
14.653
5.97045
10.234
12.5648
12.9853
11.7181
8.28568
10.4462
5.62579
11.4678
14.8917
14.945
5.64281
9.38851
9.94621
14.1373
10.957
13.8947
11.4049
9.07024
11.0278
14.7238
7.56316
7.76989
11.5342
8.79972
9.81853
11.5377
7.61138
13.8691
12.8239
12.2409
9.89777
11.8855
14.5808
5.05847
14.3817
12.9772
13.4208
8.36091
13.235
9.86047
10.4137
6.16438
8.61565
14.2531
10.9644
6.41266
8.56572
10.8278
7.08439
13.5068
13.8132
10.3373
13.6433
9.91712
10.8626
14.0834
14.9649
13.3754
9.6657
9.83463
5.72128
4.67785
6.86259
8.78773
13.9529
12.8196
9.93949
12.6771
13.0642
11.1075
8.62948
11.5801
14.3191
14.9148
8.67834
12.8711
10.904
12.8781
12.5837
13.3517
9.14677
9.81612
4.97914
13.7821
9.73907
11.1406
14.0819
10.7925
14.9924
14.2655
11.5422
10.0931
9.54587
6.00411
14.6847
11.5127
14.6975
14.6098
12.7419
14.0265
14.3081
6.12299
8.65587
10.4311
13.9285
12.8086
14.1694
8.19976
14.7436
10.7401
14.3473
12.3875
8.75717
11.8053
8.71709
11.8788
12.4155
14.2901
9.22963
6.12853
7.45801
12.3023
12.6513
14.9089
6.30725
10.1845
8.91817
14.9379
11.7275
13.6043
12.9593
8.50047
14.6915
13.3948
14.9187
12.7896
13.6278
10.7089
4.88706
12.2655
12.3553
10.9875
14.0706
14.2611
9.97929
9.00455
14.5547
6.13299
9.54216
11.4648
6.10523
10.765
14.5577
13.4738
8.75671
5.32479
14.4521
8.79126
11.2435
8.71106
4.3494
13.7959
9.75363
12.5633
6.05128
7.74869
7.71939
12.1893
12.8492
12.7319
12.214
10.2075
6.36701
10.6207
9.92289
11.2885
12.18
4.76795
6.92819
8.26086
7.46346
9.00656
13.5564
14.6403
13.5922
14.971
12.2063
9.93745
12.5821
14.3038
13.6414
14.3771
11.3962
13.1765
14.6463
9.60527
12.0939
7.4799
4.22917
14.1232
11.1839
12.1966
7.48759
10.3575
11.1682
11.6365
13.3604
9.22728
7.26844
13.0402
13.6714
11.2464
13.5646
14.6114
7.96659
13.9725
13.804
6.69837
12.2145
11.2562
14.6894
13.941
9.56394
14.1631
13.0416
8.81345
13.7468
11.9807
14.4448
10.7531
11.3624
5.52568
5.17204
12.2821
9.89478
14.2317
14.034
10.0945
14.986
8.99228
9.42301
12.0361
9.00096
6.83965
14.0667
14.4052
13.2927
13.7643
9.75408
10.1729
13.9691
12.9268
14.9039
12.7696
13.0213
14.8539
14.1985
9.57889
13.5584
11.3407
11.3422
5.8793
9.81541
11.7257
4.89476
6.64942
14.8982
9.29822
9.79224
10.1924
14.0368
11.6329
14.8979
14.2649
14.9071
12.9468
13.2174
11.076
10.1822
6.25316
12.0512
10.1619
10.8734
11.8222
10.8538
13.425
10.7829
8.01737
9.96486
14.3207
10.7218
13.9593
10.0473
11.7209
14.029
4.22722
8.85749
9.05007
13.8905
12.1452
5.06479
14.8056
7.93522
12.2314
6.1478
11.2492
13.1702
14.5669
14.9725
12.3277
11.472
6.04175
10.6598
14.1651
8.488
12.2669
9.07631
12.3865
9.06919
6.12782
7.08475
13.5156
10.6371
14.5058
10.186
12.5345
8.6692
9.93382
14.4038
14.5452
11.5569
10.7378
10.7842
12.0525
9.15329
10.6053
10.7809
11.6657
14.3482
5.46399
10.3905
13.0076
11.2668
9.70032
11.0624
14.1633
13.7058
5.92702
11.1883
13.4874
13.1327
8.88295
6.427
11.4458
6.50247
13.299
9.57069
6.99138
8.71263
8.54727
7.89009
10.6727
12.3827
12.6143
14.657
13.0641
8.57767
13.3686
11.7773
5.38893
13.1138
10.4793
4.51654
12.3559
12.6663
9.80694
12.9134
14.8787
7.90677
12.3854
6.13447
9.69578
6.74677
13.2049
12.5392
9.07993
12.0551
11.4544
11.5638
14.7901
7.30117
6.99491
12.4493
13.0915
13.2517
12.9564
14.1351
13.4476
8.17822
9.41009
9.16177
9.46418
9.51826
11.8281
13.6246
14.1038
13.6357
13.9595
9.75102
10.27
6.56904
11.8742
12.8428
11.3098
14.4511
13.7179
11.3934
10.4725
5.04971
9.25052
10.0591
12.6203
10.9451
9.11966
13.6322
13.6582
10.6366
9.86759
5.97256
10.0535
10.1584
11.2275
6.17155
9.60539
12.2445
9.24976
14.1664
13.0521
13.5067
5.45165
9.33483
8.68411
13.2216
10.9578
6.43936
11.3588
12.3572
9.96911
12.7694
8.04565
14.4461
13.0921
12.1038
12.2274
13.8033
13.2333
13.1818
7.34741
12.3152
13.8634
10.2555
14.4645
10.9562
7.68678
9.5207
11.9052
10.0093
14.9037
9.74779
13.8555
13.1855
13.0597
14.9066
11.1515
9.25356
14.031
6.4096
12.4285
8.87125
12.7233
9.74879
10.5092
12.4937
13.5147
12.935
6.36448
13.0819
14.3363
9.20722
14.0808
11.0427
14.8074
14.9353
8.90599
6.76451
12.9915
13.8594
6.23743
13.1608
10.3567
11.6485
11.7582
11.8189
11.0288
13.4947
4.53963
14.1502
11.8827
14.6509
14.3502
10.0382
8.57732
14.5913
10.9236
14.7093
11.176
14.0301
13.9829
12.0184
5.09662
13.86
8.52351
12.8524
13.0554
7.92318
9.41802
9.37522
8.27487
13.2356
8.49687
10.254
14.1693
11.9153
5.62333
6.05495
4.38994
14.1365
12.534
12.4614
5.74252
13.024
13.9047
10.812
14.8889
14.655
10.3375
14.941
12.5079
13.7324
11.9433
12.6948
12.1711
11.1297
13.7945
14.9559
9.73194
13.5126
14.5932
9.1955
11.3966
10.27
5.82672
5.3437
9.81176
14.9042
5.85135
10.4077
14.0491
11.3297
10.4889
14.5952
14.9086
8.5795
11.679
12.4029
11.0725
10.6951
14.4212
11.3173
10.8694
13.5182
14.9355
9.72714
7.44104
10.0823
13.4602
11.1681
9.02728
11.7674
13.5638
8.16883
6.045
9.99334
14.4553
8.37737
9.79963
11.7574
13.9463
14.6431
10.5525
12.8868
9.28212
9.97764
8.99225
10.6685
14.2756
13.1183
10.7204
5.29798
9.56015
14.7229
13.113
4.70077
8.66578
8.30392
10.9611
13.1729
12.1912
9.94274
11.6443
12.3566
6.96403
8.91597
9.92678
10.8616
10.3875
14.391
13.9959
14.2694
10.1123
13.0387
10.2809
11.5564
12.639
14.9549
9.19696
10.7421
8.66341
11.6072
8.60085
9.34779
12.224
12.9208
14.1598
11.2344
14.4862
12.5933
6.86447
11.1655
13.2106
13.8662
9.93003
13.8425
11.065
14.2956
12.5302
7.08752
5.85073
14.7749
5.55011
14.5267
14.0564
14.9919
11.5391
13.9868
14.9802
12.2123
9.90495
10.7493
14.3411
12.3521
11.8916
14.4507
14.3922
6.60225
13.9455
10.1246
5.25254
6.65055
10.5234
14.0469
10.4959
11.0174
14.3978
9.83677
14.117
13.9951
14.7308
14.3251
12.3903
12.6531
11.58
13.9947
14.0908
8.60524
12.1626
14.7437
9.66323
9.75312
13.1659
9.25879
11.9027
11.4029
11.9596
9.65811
13.9081
14.7098
14.4231
9.08373
11.5573
6.43114
4.84159
14.5646
12.9922
11.7121
13.921
14.7339
13.4516
12.3682
13.5574
9.8918
8.53259
9.4049
14.1505
14.7896
10.0393
8.7043
9.67284
9.44254
7.76458
13.3299
10.2268
6.62751
11.3039
7.93015
11.6182
12.5179
12.0675
11.3333
11.0342
12.8226
10.1351
8.26618
13.349
5.75857
8.42562
13.3762
7.30036
10.322
6.76839
13.3157
5.39029
9.95096
5.11831
11.1694
13.098
6.44117
11.0412
9.33449
8.31489
8.6228
9.35125
6.84283
11.9893
11.3936
11.1933
13.6002
6.36771
12.2139
5.40152
14.1088
13.4377
7.8155
14.5774
10.2959
14.8361
12.1317
10.5786
7.88844
7.30444
12.1269
12.8969
9.40597
14.7103
11.7649
14.2972
11.0232
11.7997
12.3561
13.3106
11.3059
13.9841
10.9466
11.4574
8.18894
6.16163
10.9166
6.32329
14.8459
14.7601
8.73567
11.8695
10.0889
14.4405
11.2403
13.2638
14.2583
10.6635
9.9985
10.5444
14.5273
10.3454
13.2008
11.4004
8.72578
9.27525
14.2497
10.4983
11.4921
11.5915
13.4643
9.66214
9.79361
14.1953
9.65266
10.8457
12.0061
5.6075
9.18506
6.05479
6.25661
10.6005
4.91172
12.6322
14.705
12.8797
13.3322
5.5942
7.07505
11.1416
9.72636
14.3901
14.8584
11.5352
14.906
11.3251
12.9595
9.51998
9.48908
12.5578
11.4221
14.8551
10.2194
9.36388
12.8204
13.8332
11.3149
12.621
10.5204
11.9822
10.0342
11.3231
12.7008
4.15876
10.0859
6.05482
14.0584
14.1308
9.77897
5.9227
13.413
13.2088
12.043
10.5951
8.01961
6.91029
10.6333
12.8697
8.5542
11.8078
5.73916
8.76404
12.1808
14.9807
14.0998
10.3102
10.4503
11.5417
9.65311
12.8389
12.5494
6.79288
10.5392
13.2373
14.4888
7.99154
10.8271
9.63951
14.5177
6.0622
14.2007
14.0178
8.37988
13.9089
14.6719
14.8144
7.05367
13.3047
7.52533
14.3843
11.4284
14.6449
12.2823
11.6723
14.5053
13.826
14.8287
12.9842
11.0254
7.67885
9.26718
10.0427
12.2443
13.7232
11.5844
12.3959
13.9544
12.6289
11.1774
9.90045
9.92112
9.08023
8.51621
14.1989
13.72
9.21168
9.58723
10.3344
7.86875
13.1935
14.8292
10.6131
9.83086
8.69213
8.35446
12.4674
14.7947
13.1712
8.8815
12.5558
13.1089
14.7793
9.36142
12.7079
8.73197
13.5565
5.57059
14.0541
11.2325
8.52718
7.76699
10.1739
10.8336
13.9514
10.6074
14.6948
14.2211
13.8841
14.9176
9.33916
14.8051
12.8801
11.8144
10.6514
12.0416
13.2423
11.2569
9.11126
14.5379
8.67527
7.80314
9.19355
10.5579
13.4353
14.8044
12.6194
10.7826
13.9167
9.81212
9.30246
10.5853
12.2121
9.30469
14.9637
9.02017
11.8532
11.7146
14.0711
5.83708
9.98017
5.58705
12.2934
9.32853
13.5685
11.6602
13.4005
10.2681
14.0765
8.81302
12.883
11.8483
10.7496
10.7307
5.75288
4.71159
12.5433
7.42143
6.69906
12.4427
14.0799
11.8333
8.05621
10.3196
12.5459
10.202
14.8327
14.3958
8.46001
8.90068
13.2615
9.36077
11.0976
11.6485
12.6492
14.832
10.4956
10.8716
9.90893
11.3678
9.9801
10.6669
12.6735
12.2123
14.2238
11.7212
10.9138
14.9509
11.1925
8.95774
11.2272
9.86572
12.4836
13.0334
8.19787
13.4891
11.9412
10.4938
5.10503
11.0104
13.538
9.87893
13.0927
12.9839
6.52998
11.9176
8.40355
11.1499
14.1125
8.5034
13.4952
8.13649
12.0998
11.2798
6.17934
8.69686
14.4595
8.89931
13.6228
10.584
13.4219
12.6346
12.7198
12.0318
11.6242
13.5747
13.3985
10.4499
13.5243
11.7618
9.76636
6.34063
13.8754
11.9591
5.72088
6.21875
9.71849
12.5644
11.0309
14.8987
14.5533
6.07715
12.452
14.6903
11.4334
9.7709
14.9013
5.40204
8.28465
13.6043
12.7483
11.5972
8.77654
9.12011
12.796
8.43522
12.6275
9.80615
14.1039
14.1773
8.83184
8.69695
10.3724
14.82
13.7886
11.5495
8.77989
8.61283
11.3713
11.9658
12.9827
14.4928
12.0572
12.3135
13.8695
12.3767
9.32013
12.1636
14.4489
8.73395
10.3238
12.6955
13.0608
12.3351
14.6813
6.29704
12.3829
10.6243
6.02757
8.51792
12.2865
11.7216
9.61115
14.0966
13.5901
10.059
9.58004
12.1976
13.5025
10.1496
10.3403
9.85288
11.0149
10.5779
12.4143
14.7943
10.5525
13.1608
12.7319
11.8717
11.8369
13.194
8.43314
9.68533
13.396
11.505
8.47275
5.45672
11.2086
10.1537
9.16707
14.4652
14.2815
14.066
7.74864
12.7468
12.0001
13.1079
14.955
13.3537
6.02289
6.71477
14.4878
13.1391
14.5797
14.4431
5.93461
14.8551
14.9749
10.7601
6.32347
11.0619
14.3803
5.93367
5.52663
14.2235
6.56744
9.27175
9.27699
9.56401
13.4908
8.58023
11.7098
13.9394
14.6012
11.7421
14.2818
14.1345
13.3927
9.45102
12.2659
4.55305
5.6915
13.982
10.2498
11.8369
10.7022
10.8182
14.2743
12.6564
14.7618
4.52071
13.935
6.61602
8.59998
14.942
14.7301
7.08819
13.464
8.04709
8.91658
10.2119
8.43581
14.8044
10.514
10.9136
8.71548
7.36589
10.9758
12.1329
11.7231
10.5321
8.51569
10.536
10.297
9.78671
9.45499
13.748
13.2639
12.1248
13.7894
9.87467
14.3142
12.6031
11.2827
11.5531
13.4039
9.76268
13.5371
8.82532
9.02464
11.8154
8.9335
10.5672
9.00809
11.157
11.8599
11.2782
8.77877
14.5696
13.9064
12.5916
8.21776
14.762
8.88138
7.6296
12.8412
13.0293
14.6803
6.10266
12.7722
13.3667
8.62494
10.2895
7.69595
14.7518
6.39214
12.4513
10.8391
6.72741
14.696
12.5224
10.0507
14.4924
12.2474
8.74139
9.94553
10.0167
6.58909
10.1142
14.4496
10.9504
6.28948
10.9436
6.28007
11.0029
6.32969
10.9379
6.29518
10.951
6.28061
10.9388
6.27081
10.9685
6.29504
11.0207
6.3386
10.9357
6.28352
10.9538
6.28963
10.9987
6.32723
10.9763
6.34907
6.3063
10.2153
13.4564
5.32683
10.2959
6.422
14.254
12.9895
12.5629
5.87896
5.58801
14.6769
13.7773
9.7144
10.2462
14.6492
10.0995
14.3081
12.5093
8.96514
12.3814
10.6652
13.5325
14.8899
12.3391
14.6279
10.0349
8.98837
14.1056
14.2614
12.1011
14.9565
8.08008
9.83048
12.4574
10.6791
12.5017
14.6491
13.3702
6.36509
11.3355
11.4324
10.2153
10.1409
13.3315
9.0953
14.8765
5.54331
13.3236
11.3011
7.30115
10.6993
14.7838
14.4008
12.4789
12.4441
14.589
14.0573
12.473
14.2778
14.2267
9.30931
10.2344
6.39421
11.8235
11.6472
13.5441
10.4723
12.6374
11.3645
12.2257
13.9357
13.1646
9.52746
14.5238
14.1004
10.56
13.4319
7.40407
10.0219
13.3959
6.15142
11.7781
12.3214
5.85591
12.0741
13.7328
11.2187
11.0913
8.48042
9.25912
12.7339
12.5909
11.7299
11.7258
12.2512
12.1499
10.7322
8.83935
14.9813
8.83703
13.2199
4.9583
11.0271
11.0198
11.5781
14.158
11.07
12.6646
10.6462
8.60479
14.2458
13.2558
11.502
10.3206
7.0303
12.1724
9.6517
5.97975
9.78439
11.1672
12.944
12.1553
9.72408
14.3822
8.26577
5.11353
11.2465
14.308
10.0613
12.5916
12.4739
5.3124
4.54355
14.6962
7.96628
8.40743
6.6375
13.7342
12.7883
5.3812
4.6035
14.6697
7.4752
8.08112
6.36273
11.9661
11.6756
12.9088
8.58151
10.4651
8.58227
12.2927
14.772
8.4306
11.3352
13.7886
4.90392
9.62609
5.6042
14.0023
9.75128
14.7123
14.9156
4.89578
13.1224
14.3271
10.3558
12.597
12.5267
11.3306
9.63768
9.62424
12.5828
6.89183
14.8431
5.94801
14.7742
7.10911
14.753
14.4165
13.062
5.87431
9.73295
10.5459
10.2801
11.1084
10.1093
6.40543
12.3632
5.45953
14.6742
10.2724
8.67432
9.78957
6.446
11.0574
5.49671
10.4813
14.8288
13.7074
12.3179
11.5462
6.58292
8.96981
4.52679
5.91047
13.7565
13.65
12.9749
13.128
9.12307
7.47193
13.2625
13.3673
10.0079
10.7627
14.7818
9.82616
8.43744
6.78819
11.1676
9.92102
10.5006
11.295
7.94142
14.1674
11.906
11.794
13.6891
11.2323
10.9159
6.67467
10.8941
8.88646
13.1647
14.3522
8.34095
11.8978
10.9498
9.25265
14.7464
12.6165
11.2119
12.2648
14.2844
11.4845
11.483
12.8215
10.4231
13.9614
12.7074
8.2486
13.6334
11.623
4.5579
13.0998
11.5137
9.16614
12.7745
12.7947
7.20438
13.0994
7.9008
13.3221
8.7244
12.8938
10.7876
13.8641
9.16759
14.6335
11.8416
14.5774
12.8895
11.8886
6.45674
11.9205
11.3975
11.527
6.25656
10.2842
8.23252
14.4146
12.0697
7.08214
9.09422
7.56783
12.8971
10.7838
13.5251
14.8149
11.5467
8.72073
5.62913
9.15149
12.1681
5.22717
10.7819
14.0403
7.99213
9.74294
14.2085
8.96871
11.6291
10.5504
12.2309
11.9866
14.8132
10.077
12.4545
9.66614
12.2461
13.5949
11.3375
11.211
12.407
12.7369
13.8619
13.357
12.9103
12.4281
8.58918
5.91449
5.63175
10.531
11.0928
14.9494
9.95935
6.2126
12.4904
9.18975
14.2036
14.2351
8.43131
12.8803
9.71312
11.7457
11.7784
8.41232
10.9617
8.57154
12.6821
13.5872
10.0019
10.4027
8.38155
4.84187
11.2667
6.02322
8.64493
13.808
10.6365
10.2139
5.44441
11.9303
5.19689
12.3866
14.6664
8.30359
14.7113
4.42491
14.4677
14.3339
6.18022
14.5146
9.90668
9.26367
10.4326
6.15591
11.2759
8.27125
13.9739
14.5787
10.06
12.6355
8.8162
8.23677
14.1789
13.409
8.32788
11.638
14.3434
12.265
11.5393
14.1249
6.58253
9.55517
13.5976
11.1132
13.2766
12.7858
9.64693
6.02154
14.4225
9.76119
6.7655
13.0435
7.38112
13.3339
12.8507
10.7159
4.91476
14.34
14.3335
11.7003
10.0754
13.0465
11.0638
12.4204
13.8479
13.3767
14.232
11.8966
9.59908
11.6466
8.26902
11.9749
8.89734
11.0716
14.7419
13.0561
13.651
6.94742
12.3213
10.2523
9.49654
9.08941
10.177
13.3687
9.75372
