13.595
11.7805
13.9176
14.5501
11.1396
12.063
12.8452
11.1511
12.437
9.35965
13.0745
11.1944
7.07619
5.98094
14.3401
9.62134
14.5284
10.8961
12.2465
12.7557
14.5998
9.40646
5.09128
10.4011
10.2114
10.1045
12.7064
13.5086
12.8298
13.6137
11.821
12.7032
9.93432
8.07441
11.5548
8.39533
7.88855
9.07671
9.6015
8.14453
14.2702
10.353
10.955
10.9378
10.1285
14.9573
14.9079
5.91233
12.3763
13.2613
10.0407
6.80019
13.3676
11.7603
12.9097
14.8931
8.53727
12.0556
12.8124
8.63983
11.1314
12.5084
5.89284
8.48421
6.94739
10.1478
12.9926
9.41628
12.6525
12.9841
11.6303
9.98909
9.91317
6.3112
9.9006
6.16272
12.2177
13.2878
6.43528
8.72988
9.51975
10.799
13.9662
9.53818
8.84225
14.4142
13.8603
10.9814
8.09887
14.6009
11.1734
14.8224
10.9848
14.3068
8.50193
14.3162
9.43503
7.78973
9.67767
11.6824
9.2922
8.00561
11.0611
12.4614
10.7796
12.8509
10.6145
14.1988
9.54347
13.5527
8.75718
8.85452
14.6253
9.42997
8.3948
11.4667
10.8751
12.3065
12.4399
11.9396
13.6459
12.9259
14.8042
9.53554
12.5431
10.8261
5.79535
10.4071
9.26035
11.8892
10.0315
13.1935
14.2334
13.1277
7.36824
10.0647
11.6847
8.61398
14.072
10.8079
6.88022
10.2296
6.47506
10.4358
12.2371
10.3349
13.9903
11.4998
11.0032
9.21113
7.93867
14.0175
13.777
9.10609
8.79829
9.95969
10.3665
13.4406
11.8312
9.37153
13.9844
9.84662
9.92734
7.98397
12.0981
8.92038
6.44204
12.0552
14.9204
14.6904
5.04317
12.7303
13.6098
11.1632
11.7499
10.5663
10.0002
11.8434
14.7199
13.9135
7.12081
10.0648
11.0896
9.81439
10.0058
12.4816
13.5972
6.17672
12.8648
10.9685
10.2401
4.48371
9.80256
7.8372
10.4891
13.5465
10.5956
11.2613
12.623
8.58639
13.626
8.9957
4.49506
6.4644
10.9401
5.92379
10.913
13.6788
12.2902
9.56141
9.96533
6.27321
12.4668
14.3041
6.34
8.53382
12.2825
5.84286
11.9298
11.5415
7.76767
8.00842
12.4782
9.36593
6.40585
11.1544
10.0957
12.7933
13.9637
11.1156
10.4035
12.8001
11.1736
12.3613
9.41735
12.2899
11.9846
9.28141
5.8884
13.9894
7.56488
12.1162
8.64987
9.06578
7.6645
12.5683
11.122
8.11212
10.1697
12.895
5.53684
14.7898
13.472
13.317
10.3911
8.87478
11.9201
14.0158
13.4137
14.1022
12.6252
11.3189
14.4485
12.562
12.5964
5.77655
13.7853
12.8703
10.6006
11.887
12.4534
11.9468
11.2717
4.78207
9.80299
10.3444
12.103
10.6748
10.8583
13.1415
14.4564
13.7884
8.33082
10.538
12.059
12.9913
13.6436
14.6036
12.9432
9.51676
11.0639
9.54742
9.97712
11.2347
13.2372
14.2374
8.37568
8.43477
10.6385
8.60953
10.6589
8.23121
13.8101
13.8706
5.66455
9.87166
14.6805
14.5096
12.1044
11.9899
11.8512
12.3595
11.7731
14.65
11.7896
4.84332
14.2973
13.2656
7.98585
12.1124
11.3279
14.101
9.51988
8.35792
10.3257
11.5881
12.898
10.9759
13.958
12.0252
9.8496
13.8271
7.39993
6.25947
9.98461
10.7194
12.6791
13.2767
10.6628
8.20945
10.7325
8.47548
10.119
11.7979
10.6096
9.77178
7.22985
12.9475
8.85052
12.252
8.01849
12.2189
13.7608
12.682
14.0448
14.2593
10.901
9.25249
9.68442
13.0489
12.4949
12.5415
12.051
13.6188
6.38156
5.99954
9.56381
12.6602
10.1408
11.4153
12.1471
13.1188
14.1263
11.4798
14.249
10.7817
14.4397
12.299
10.1232
14.9267
13.223
10.517
11.4795
9.62857
14.1049
12.6381
14.4092
8.78272
8.83228
8.58149
12.7776
7.78187
13.7341
10.4838
14.2201
11.9102
13.9743
9.51776
13.3464
6.2322
13.2987
10.5049
12.4633
9.70304
12.8367
9.12586
8.01386
9.85471
9.97392
13.6213
12.0416
10.5473
12.1383
7.39979
11.8672
11.1852
14.4587
11.8954
6.60023
9.7152
11.4427
12.7002
6.15279
13.4033
13.8633
11.9154
5.76033
7.88674
5.97295
8.55308
12.0604
5.68188
9.36909
14.2644
13.2629
13.1994
9.21183
7.81129
5.47579
5.18784
10.4528
5.49234
9.00625
8.23168
8.44661
13.2258
8.81896
12.4263
12.4033
13.9282
13.8102
9.67781
10.0872
6.77694
6.02131
8.80114
6.69121
9.27835
12.9052
14.8188
9.74623
12.9789
10.7631
10.6696
10.2217
11.8864
13.1682
13.0539
11.7826
14.7683
10.8415
6.79104
10.7114
10.4208
12.8558
7.45054
8.24688
7.95386
13.1184
12.9547
8.61007
8.13296
6.57663
6.12221
9.98505
14.7816
9.6485
10.6188
6.8922
8.16107
9.48253
13.1931
10.6643
10.718
9.91687
7.69196
12.8439
14.0272
11.683
14.3904
14.6537
14.1711
11.9958
5.78606
13.6186
11.7595
11.6699
13.3374
8.56679
12.2185
6.72983
12.6763
14.7975
12.4393
12.7887
10.2768
12.543
10.6094
8.88628
10.9786
11.0804
10.776
14.4469
12.9276
13.6998
8.54094
8.36586
13.0209
14.1938
9.47998
11.3894
12.4414
10.5754
6.20769
8.07905
12.8692
9.99193
13.4437
10.6302
13.9013
9.92517
9.5482
8.54456
11.5905
11.1071
12.2876
12.7531
8.98457
5.59517
12.7808
8.34989
12.0926
12.7014
10.3244
11.4692
10.661
10.1835
8.80794
12.5745
13.7107
12.049
11.8121
8.23874
9.1381
11.8916
13.2165
12.239
14.0293
8.45677
9.10657
10.5721
9.98234
12.6992
12.7943
11.2563
13.7991
9.42196
8.76865
8.70439
12.6965
11.379
11.3369
13.1527
11.5878
14.7828
14.4832
5.12161
12.4309
7.32043
8.71004
10.6303
12.045
12.229
12.9542
14.4158
6.84912
13.4038
14.3543
11.3739
14.0636
11.57
9.29364
11.3082
13.1932
12.1257
14.8099
10.9701
9.91993
5.30714
13.5091
12.5736
10.0803
11.1615
7.44327
9.83763
10.9442
9.07057
10.4799
11.2006
13.4974
11.866
11.3915
14.5228
10.197
7.84677
13.2097
8.78935
9.45937
9.35539
10.7258
14.101
5.86505
13.0836
9.50596
11.4346
14.5195
10.7379
14.8532
7.76512
6.82558
13.4266
6.728
14.9435
12.3755
12.7827
9.13529
12.589
13.2432
10.6988
13.7908
13.9397
9.91415
9.16917
11.3965
13.0441
10.8784
14.212
9.09754
14.9739
12.4798
11.6587
7.55048
13.1517
12.9739
8.47616
14.834
9.58547
9.1048
4.96198
7.11674
10.5888
9.18635
12.2559
13.6313
11.0807
8.6364
13.8717
6.15917
11.2224
10.0633
8.96009
5.47295
10.9392
11.824
5.3651
8.04016
12.0835
12.2954
13.0848
7.16455
10.7349
5.08824
10.337
8.00115
6.0903
10.6684
11.482
13.1854
9.40297
14.3491
6.19327
12.6253
10.7845
12.3094
12.2026
10.9069
7.72919
12.2194
9.96092
10.3023
10.181
13.9234
11.9942
13.1845
14.1296
8.34608
8.76234
7.99418
8.24764
9.84003
13.0411
12.4422
12.144
14.3998
5.48683
9.894
14.9784
12.3294
8.26895
5.03175
4.53833
11.598
5.20123
11.3788
6.0809
13.5366
7.19047
13.6118
10.2594
11.0679
6.02445
11.3111
14.9406
9.83711
9.38848
7.95112
10.9393
10.5976
9.25365
6.84009
8.70571
14.3375
10.4502
5.57108
14.432
9.90225
14.539
10.6079
14.9059
11.5382
9.21417
8.26457
9.12476
10.1124
9.67976
13.4514
14.1127
5.7144
6.30174
8.17285
9.39304
13.9701
14.1618
13.8149
8.66739
11.7644
13.8002
6.76133
12.7807
8.14074
9.74353
13.0363
6.16906
14.2449
6.69679
10.7574
14.392
9.24319
12.6282
14.8259
8.14069
8.8311
12.6726
13.7251
9.12385
12.4792
13.4635
14.6338
14.351
12.6751
13.0806
11.1128
11.6001
13.99
12.9063
10.1659
5.50346
6.17211
10.9595
13.0861
10.5561
14.5375
10.0818
14.7474
13.2557
10.0398
13.7066
8.97377
7.78963
5.82835
8.44526
6.36012
12.6923
6.07846
9.74998
10.2766
10.068
14.8131
10.2721
6.53945
10.3189
13.062
14.9302
14.1029
8.34922
12.1618
12.5522
13.7552
10.137
13.4958
13.5652
8.38066
8.53614
13.4645
14.4141
6.70744
9.35369
8.18003
11.3442
8.42047
12.0715
12.9981
13.8195
12.6312
12.3684
11.6745
12.1056
13.0025
14.9471
9.62799
5.96891
13.2661
10.4672
10.2475
12.9352
12.5496
11.9656
12.7678
14.7556
12.0309
11.5172
10.7272
6.44468
12.6833
14.9379
14.5003
14.8859
14.5573
10.3492
13.2968
11.6054
8.77383
8.2521
11.4689
6.40085
13.1034
14.9787
10.9458
13.1951
11.6003
6.77599
9.40038
13.8763
10.2937
11.759
9.57361
9.58341
10.2748
6.89228
13.3588
13.3493
14.8424
14.5004
13.796
13.2677
13.9338
11.3562
7.64757
12.0529
12.5024
8.61327
11.2261
9.58879
4.424
9.36561
10.6908
10.8681
11.3026
6.65152
13.2513
6.64427
6.19532
12.7623
10.6541
10.2328
8.09784
9.55339
9.918
8.23689
14.3256
10.6113
11.0863
10.928
10.2344
4.3292
7.26931
12.7153
5.41015
8.95874
13.049
13.9462
10.6956
11.083
14.2763
8.61853
14.4217
7.73054
13.9728
13.3071
10.8904
9.76168
13.4889
9.04397
9.53014
4.97474
11.9351
9.10149
14.1032
11.5529
10.0182
12.8391
10.6636
9.19605
10.818
13.6708
5.5531
8.43631
5.53876
7.11999
13.0605
8.7962
11.9956
12.3523
13.9041
8.59959
12.911
12.3791
14.5863
13.6241
11.8464
13.757
14.4065
13.2228
10.2814
13.7186
6.63405
6.05166
10.5708
14.9776
10.9461
13.2655
10.3667
11.0759
10.3899
9.5217
13.5502
9.24875
9.49595
12.0578
11.2122
10.7757
8.33651
11.4804
12.295
11.8414
12.7428
9.31098
9.25804
12.5469
13.5586
10.9136
14.3747
7.09118
9.64779
10.0291
10.5509
12.2662
13.1872
11.9764
13.6241
12.0518
11.7987
10.0479
12.3093
6.50358
7.06369
10.4728
13.3205
13.408
8.09524
12.3248
5.82663
8.92693
13.3321
12.0144
12.6505
10.0959
11.9995
7.8364
13.8741
5.72023
14.6095
7.49649
14.8194
12.3231
10.6823
10.5017
12.8851
13.0298
13.3149
5.4675
12.6538
10.5879
9.3125
9.96682
12.8884
9.53589
8.6524
8.19951
9.55508
14.6575
14.1254
10.4007
14.0389
9.89055
11.0752
10.2566
12.3716
13.7906
10.9248
10.7869
9.75188
11.6494
9.71462
14.2589
13.065
4.55482
10.8158
4.62169
8.61563
10.1156
10.1451
8.90843
12.7389
11.5419
10.247
12.5394
8.39902
12.5465
12.2574
8.10273
9.27979
12.466
11.6802
11.7132
13.135
10.6775
6.15857
10.4699
10.2092
8.3214
9.60398
9.89807
8.20019
14.2622
10.9171
11.512
11.428
10.1684
13.4519
9.72476
13.1702
12.6972
9.90806
8.04758
10.1484
12.6943
12.1051
14.2292
13.0858
7.97385
7.02147
13.227
11.7785
6.69141
7.85565
5.72439
10.513
9.57264
12.8392
8.76142
9.15979
12.0619
14.0496
7.44396
12.4677
8.82384
9.34424
12.1296
14.9819
10.7597
14.3813
10.4459
14.2391
14.0138
9.79753
8.3982
10.1111
13.8643
14.5934
8.52527
10.3826
13.6534
6.48364
11.2207
10.7853
12.6781
12.699
6.13756
10.1099
9.50362
12.7001
13.2632
6.06017
13.9036
13.4303
10.3603
14.4924
5.62332
8.3026
8.77151
11.0729
12.2553
10.6374
12.3576
6.53974
12.2365
14.3396
10.6044
5.89672
6.55621
12.6758
11.1319
11.0879
10.6394
7.8709
14.4786
14.0043
11.5337
8.63546
8.0254
10.952
11.0347
13.1406
12.9601
13.4778
8.22717
5.03755
6.36692
12.5202
10.9294
13.5961
14.5275
14.7081
13.5558
12.5513
10.6536
14.0828
10.5976
9.73063
8.93709
13.9713
8.62863
13.1737
4.7677
13.5635
10.0938
5.95437
9.60188
9.09446
10.3648
10.2201
10.3857
8.51783
12.0557
13.8886
14.7648
13.5255
5.49829
14.1478
8.51309
10.5027
9.31925
6.7746
10.4744
9.19108
6.66151
12.9419
12.7663
12.1501
13.3593
11.6262
12.1904
8.53417
7.1771
9.64685
12.6953
11.3124
8.23247
8.61724
5.88775
12.7379
9.71527
10.4417
9.3583
8.57105
7.99843
14.975
11.8716
11.1648
10.8931
13.9317
8.01997
8.76577
8.22343
12.9027
10.6528
9.4008
8.79909
11.0067
9.93796
8.61902
11.7555
13.5348
12.707
6.17072
10.2044
8.42522
4.82755
5.50023
4.43142
9.28452
11.6095
8.22786
14.5999
6.18188
13.246
6.03666
14.2593
14.7619
9.60691
13.6433
10.5835
11.206
4.67934
11.2174
11.6985
10.6933
10.0434
9.45757
11.4407
5.31276
11.0525
6.30913
12.0644
6.39639
11.4949
9.63042
9.15844
9.9524
14.5554
10.3802
11.3115
7.99301
14.2862
13.2615
13.1983
8.64758
12.5725
11.6166
8.43315
10.3441
5.95362
11.4233
13.9958
9.76312
13.4314
5.33383
14.1783
11.5381
12.0147
9.69263
6.42845
10.2689
11.4404
13.8645
5.44883
10.3208
11.7406
7.90864
9.73788
10.7062
9.02753
10.1642
9.94318
12.4579
8.70992
10.245
10.7998
6.2335
6.79531
13.8283
11.5361
10.548
14.744
14.745
11.7422
12.3431
6.1518
12.3476
6.73279
12.7704
10.3768
5.77985
11.5162
8.99918
12.9311
7.93758
9.09953
9.05824
13.0115
14.4287
13.6227
14.4956
12.8869
10.9118
6.63954
14.9519
9.00538
7.16888
11.2556
12.2836
10.0572
9.69928
12.6896
7.4122
12.7217
9.08613
10.4248
11.1531
6.66294
10.3664
14.5646
11.828
8.24919
11.0345
12.8739
9.32951
13.5166
8.38349
9.16423
12.9582
10.3312
10.1443
13.5939
10.6536
9.60044
12.2445
10.1212
10.6685
11.3618
12.3062
14.6624
4.67768
13.3235
10.6629
9.78627
12.5837
10.0386
6.3381
9.97701
9.93005
9.61733
11.0688
14.2201
5.46624
10.4958
13.7476
13.7119
8.93934
9.09615
6.01513
14.3456
14.9331
12.8884
11.2942
14.9631
10.584
8.66323
10.6302
12.2633
14.919
8.91322
8.50344
14.2763
13.202
10.039
11.4806
6.80544
7.33478
12.5594
13.8858
13.6801
14.3854
13.5749
13.5678
6.51759
10.2043
10.4154
8.70889
9.71919
8.44806
11.6001
10.5401
9.4384
12.6175
12.7119
10.1389
11.0916
12.8645
10.9382
14.5216
10.5225
12.3328
14.1994
10.5234
13.369
14.9037
9.36779
14.4155
12.1143
11.376
9.92397
9.77024
10.6438
7.53284
5.63851
7.5337
10.9839
12.3984
10.6508
10.983
8.74456
10.5051
9.7083
7.35814
14.1419
13.013
10.5696
7.37189
9.50577
14.5897
12.3805
11.6508
5.09241
9.84443
10.8734
13.3961
11.8618
10.9283
5.51285
5.81304
11.4438
10.3027
11.1887
11.9987
8.92888
4.56865
9.29183
12.7925
9.80443
13.9216
12.2871
13.3869
12.192
9.59599
10.3857
14.7719
12.4516
14.4374
14.0906
10.2028
14.2596
10.4335
14.0553
9.79333
13.4026
13.306
11.7553
4.52566
14.3969
14.9491
8.14086
10.9716
10.5968
11.1674
10.4631
12.9012
13.7537
13.5041
9.36664
14.9849
10.8754
9.66231
10.3056
8.0813
10.2176
13.5571
11.3546
14.6642
10.1262
5.35179
10.0587
5.60608
11.1772
8.56735
8.96243
7.6472
14.3238
14.2743
5.63974
10.0843
12.4773
11.1392
14.5431
12.6696
14.9346
11.6919
13.8216
10.2108
11.087
12.2984
11.6308
8.34738
12.3095
13.1487
13.6645
9.83257
8.8825
13.2177
12.4157
14.8903
13.1803
12.044
11.9739
8.96849
8.83242
11.5494
9.74034
10.599
6.99335
10.2019
11.1008
13.8909
7.58335
10.6065
7.59616
8.73545
11.5734
12.0405
9.33828
13.2908
14.9868
10.8204
14.4817
7.96107
11.4646
12.0365
13.2436
10.3939
11.7529
9.46552
13.2313
11.0632
11.2975
12.0265
11.7885
11.7166
12.9678
9.03768
14.5345
11.9449
8.48376
13.8945
14.657
11.8454
12.0318
7.92503
12.8869
10.2437
10.8476
11.368
8.48862
8.99252
12.9243
10.5379
11.4507
14.0238
10.0401
12.2824
13.5823
14.3503
12.9228
10.5117
11.6163
8.49358
9.2317
10.0757
5.63123
13.0761
8.20954
9.15281
12.0092
9.2247
10.9905
11.1151
13.9265
12.4936
8.91837
14.4803
9.83538
14.1091
9.54828
11.4069
14.7218
5.38259
13.7659
9.44121
10.8292
13.9341
5.89011
12.7384
12.7253
12.8847
14.0898
10.9362
11.9406
14.754
10.8626
14.1322
8.32655
7.91333
10.6506
12.7433
11.0825
5.28067
13.163
13.7763
9.92142
7.03092
5.10493
11.8446
11.5871
10.6265
10.2455
8.08191
14.9063
11.5294
14.4569
12.3083
14.4828
13.8895
13.9302
10.8624
11.1694
7.42894
11.2101
7.56909
14.0563
11.5598
14.6416
12.2875
14.6452
13.7901
14.0929
10.9476
11.3404
7.55617
11.2798
7.69894
13.9533
6.98528
10.2978
8.6987
11.938
9.98103
7.72054
14.766
12.3059
14.9264
10.5001
11.2203
7.89749
7.76881
10.2835
10.6847
6.22766
12.3731
10.7193
9.95538
14.4944
10.3502
14.7013
13.9985
8.69594
7.81275
11.5272
10.0125
10.1519
13.3075
14.8941
12.0771
7.61921
10.9546
14.5634
14.6816
14.4149
14.3427
12.7764
12.1783
9.66752
10.3
8.09233
7.44717
10.8503
10.168
11.2705
11.8108
13.246
11.895
13.6327
14.5929
9.21006
11.9556
11.4852
12.9874
12.2225
12.5008
7.15682
8.55761
13.5875
13.9104
12.7733
10.6539
14.1938
14.3093
9.74223
13.7806
9.64874
11.6146
13.9385
11.2431
9.83555
10.1682
7.80334
14.1368
11.1867
14.7514
10.6085
8.17504
9.53163
6.5157
13.1056
12.3983
8.28284
14.113
4.94406
12.0151
14.6898
10.0173
14.3795
11.6126
8.77545
9.16606
9.34065
6.33181
8.50534
11.8805
9.32413
5.69826
14.5423
12.1028
14.7588
14.9659
5.03744
6.53508
8.789
12.402
14.9559
13.248
9.13744
11.8288
11.4163
14.1565
12.4732
6.17635
13.8272
13.105
14.8019
10.8416
11.6376
14.2172
8.45045
6.08374
11.3277
13.5473
8.54494
13.3481
10.8228
14.2995
10.0601
13.2683
14.5109
10.7576
8.02541
10.1108
9.74003
10.6298
5.02013
12.1159
13.0733
10.2914
9.37462
11.387
10.8807
12.2416
8.41481
13.1443
7.63595
12.0121
6.7142
8.66815
12.4699
10.3674
11.3247
13.0682
11.5428
10.7744
10.3841
8.30179
7.19212
10.0095
11.7966
12.9535
9.43491
9.0089
10.1714
14.2217
11.9978
12.5225
7.20578
14.0631
12.9885
14.031
10.9777
12.6707
12.2225
9.20381
9.38642
12.443
13.7657
10.5942
5.92571
4.0019
10.1555
9.9018
10.8745
8.30604
12.9293
14.7301
8.29733
6.38776
11.3895
14.4077
8.54495
12.4028
10.6661
8.36313
13.4762
14.7146
13.8479
8.24221
8.45534
9.64057
10.7563
12.5728
9.0681
13.991
12.8812
8.62049
14.9111
14.9357
9.30448
10.153
10.1326
9.61015
14.5428
10.5353
6.4208
14.2621
8.81528
14.125
11.7872
12.4584
13.7961
13.5523
5.21954
12.5346
10.1491
10.5061
10.0434
12.4307
5.92271
6.31481
10.643
13.983
8.70974
6.47727
13.5078
8.05874
9.57531
10.1655
5.8576
8.97513
12.7869
13.2286
10.4187
11.9268
10.0315
10.6113
14.2465
12.0676
9.30081
12.0473
13.1927
10.3911
14.1612
9.77032
13.2068
13.2622
9.9708
13.5889
14.3188
8.81492
7.77555
6.11964
8.74732
6.26347
12.7619
6.18911
9.96975
12.1764
10.387
9.88769
14.8382
12.2744
10.8153
10.9893
11.2161
5.13909
6.83921
10.8921
10.675
4.77336
13.1406
10.7902
9.56912
12.3979
11.774
10.8862
7.09973
7.77977
9.05765
8.40861
12.5095
9.57706
11.6786
10.8771
9.62105
9.37425
4.31398
11.2693
11.5782
11.7784
6.40962
11.6671
13.1621
13.0195
12.8021
6.47441
11.0907
11.3871
14.1334
13.3165
12.0054
8.70024
6.19167
10.5236
13.6045
10.5777
14.5396
11.8598
12.1344
12.9305
11.9037
11.798
14.3476
11.5121
14.2419
7.13834
8.31229
11.8554
9.9482
12.5655
14.2438
13.7817
5.51874
13.9533
9.69463
10.8843
11.4336
13.7953
10.3248
11.3256
8.9536
8.9591
13.0452
13.5825
8.88808
9.69479
12.6952
9.28032
6.3661
10.8291
9.4706
9.66208
7.24538
10.1874
12.2374
5.94509
13.1864
13.6457
11.1505
12.1687
8.65248
13.8403
13.3303
10.7286
6.32195
9.61771
10.6229
11.2633
13.914
13.2464
14.0066
10.8904
11.1808
14.6877
10.5922
6.47803
10.903
10.3028
4.45705
11.4915
14.2955
8.16296
10.8915
14.6076
14.7389
10.9608
9.1198
6.2264
8.0844
7.62587
11.3081
12.7977
6.32165
11.2939
14.134
10.6135
12.3841
5.81936
11.9993
13.9269
6.02402
12.0501
10.9068
9.92685
10.715
12.4451
13.6891
11.4408
8.94191
5.98582
12.8336
14.1947
11.3618
5.31244
9.5066
11.2626
13.8969
12.7099
13.3246
6.73012
7.1747
10.3398
11.9362
11.1981
10.621
10.2859
10.1845
12.3886
11.9197
9.95404
13.1681
14.7413
14.9849
14.1475
14.1233
12.2532
6.08851
14.9003
8.0202
8.9137
9.64667
10.4156
11.7635
9.43204
12.0565
9.89691
10.4155
12.6328
6.00928
6.51587
11.8918
8.04247
9.75266
10.6476
7.82363
11.2995
10.6873
6.23089
14.3369
12.0186
10.5968
10.1074
10.9908
14.3136
10.5666
11.5152
11.8971
14.4372
10.8737
13.7288
9.70047
11.458
12.874
9.71603
13.3885
11.396
8.65356
11.6607
14.4179
9.36934
14.6293
10.1114
9.29264
7.14009
11.3332
6.45003
6.33856
6.17691
11.9317
11.6168
9.28141
10.3079
10.0523
11.3293
12.2631
14.0106
10.8365
9.8648
10.2313
9.08804
11.4938
6.1872
6.40382
14.742
11.4008
14.0268
10.2601
13.3813
10.8528
11.1371
9.28255
5.88366
13.7244
13.3589
13.9669
10.4567
10.593
10.6448
12.3642
9.47484
11.774
5.22457
8.04641
5.57318
6.09856
10.787
11.3839
14.3017
11.2524
12.0242
8.51346
7.74574
13.4394
13.5493
9.75359
12.6015
12.0215
12.6016
9.70235
12.9099
8.97764
10.9504
9.81372
7.84737
11.3483
12.1691
9.81194
14.1937
11.9902
9.77469
14.0402
8.98334
11.265
11.0607
9.68283
7.08579
10.1549
7.53902
9.82405
13.8692
8.80029
12.7956
13.9926
12.3608
11.327
11.2159
11.5177
10.2872
12.0259
9.79651
8.4214
9.96906
9.82519
7.45079
12.0443
8.34218
9.89499
13.6917
10.8855
7.65496
12.2413
9.29572
10.2779
10.9192
10.2104
8.77352
14.822
12.5028
14.255
8.46313
13.0107
6.30325
12.0905
12.1397
13.9093
10.4403
11.4657
12.4282
6.85198
12.2538
11.695
7.17908
9.73494
13.5351
14.8628
14.4588
9.46759
12.8012
11.9591
5.88733
14.7676
9.5565
13.8127
13.0414
10.5148
5.88062
6.09346
12.7443
10.8955
13.6456
12.8744
8.96349
12.6761
8.61835
14.264
8.52753
9.87687
14.5119
14.3216
14.5846
12.5443
13.232
14.3124
14.0074
9.80585
12.6375
10.8798
10.3955
13.7035
9.41543
10.2657
8.18207
11.8517
12.0899
13.5229
11.1335
14.6988
9.82492
8.25293
9.63967
13.1234
11.8006
5.36609
7.66585
11.5361
6.19723
14.6329
11.7888
10.6792
11.0776
11.7775
5.35276
13.5158
14.6612
14.9975
10.4156
14.9233
10.3243
10.6536
9.40831
10.0911
11.9702
14.8604
10.5891
9.12048
12.4829
13.914
11.0398
12.9042
12.3562
10.5246
11.3129
7.9418
7.81423
14.125
9.64578
5.01996
14.3324
9.93354
13.4695
14.1637
13.0303
4.17447
10.5486
11.113
7.6443
12.3826
14.6408
5.93873
6.31399
4.20331
13.3044
10.7949
14.9759
11.4645
14.8773
11.5533
8.5838
6.139
6.21936
11.8481
13.4759
11.2437
14.4938
12.6985
12.2328
5.52519
8.35025
8.06073
10.7928
10.0858
10.4885
9.67052
13.9923
10.7841
12.093
8.79077
10.9918
11.2156
11.7984
14.5318
10.9483
13.6072
9.99848
9.33159
10.9383
14.3152
11.6977
14.0837
12.9618
6.77236
10.0035
11.9104
12.9385
9.30119
10.5049
5.61916
11.7541
11.8989
11.4939
10.4503
8.93925
9.2778
12.2628
14.4689
7.46628
12.3238
9.02621
9.38331
10.7184
13.5411
14.272
11.4394
9.05602
9.23768
14.5663
13.7793
8.61635
12.0059
10.2484
10.9781
8.82372
8.44314
12.2145
10.9041
11.1685
8.85275
14.9518
13.6319
11.028
8.6892
7.44093
11.925
13.2207
10.4325
7.56848
9.33825
10.9292
7.42438
11.2048
6.21648
11.7318
13.4835
12.0842
13.2543
5.52483
7.73244
13.8982
9.94642
14.0243
11.2676
8.87006
14.8094
14.7685
14.502
6.41158
8.91991
14.9588
13.0519
10.842
11.8315
9.82868
12.5169
12.7372
14.1913
13.1355
12.6116
10.2026
5.7709
10.2905
14.8757
11.8641
12.7071
14.7855
10.7074
14.5156
5.17185
12.6092
7.25633
11.3569
14.093
13.3898
10.278
12.4865
14.5681
13.1948
12.7183
7.97345
11.759
13.3219
8.24214
6.83255
11.724
9.9531
6.18377
11.5259
11.9293
10.4272
5.87693
10.9247
13.6529
13.2339
13.8349
8.88874
13.0074
10.2375
12.9177
10.8718
9.63132
9.24608
12.7598
12.666
5.83002
13.0683
13.0162
8.84246
9.7648
10.3523
12.8738
10.6245
8.18293
12.613
12.2137
12.9322
9.81874
12.3119
9.25313
14.0639
11.3475
12.0777
13.2476
14.9361
13.0856
14.076
11.5795
10.9229
10.3617
6.62455
11.9783
10.4685
13.6066
12.4394
9.38656
5.92986
10.676
12.0384
11.2424
10.8153
10.3362
9.79726
14.2157
12.1598
12.0197
12.7352
10.0016
12.5066
8.10881
14.621
13.8977
14.1351
11.5752
14.7926
10.8686
8.21697
12.1656
10.5303
10.3222
11.8721
5.67557
10.2548
9.89457
6.03454
6.3989
13.2726
13.6628
10.9675
9.25417
14.6227
14.6712
13.651
11.9991
13.8122
13.7405
8.23283
12.0245
14.2976
12.6216
8.13396
8.39161
12.1978
13.6321
11.0224
9.82794
10.1529
10.9926
14.7873
13.3198
12.1706
7.94829
9.72572
8.25911
12.3662
10.4713
14.4357
14.3762
10.9997
14.3635
11.2097
9.98838
5.31714
13.0255
11.6742
9.71701
12.0654
10.1102
14.9083
14.9446
13.7893
11.0711
5.76984
9.67379
10.1264
12.4629
11.1923
14.8018
11.0208
6.69926
11.4123
14.5348
10.8883
12.0421
14.3114
12.8501
10.4728
9.95244
13.3298
9.71748
12.3168
14.6107
6.26921
14.2219
8.58359
5.53657
11.7319
14.1677
13.791
13.8596
14.6291
8.0499
9.95046
12.2997
10.3291
13.192
8.29594
9.43129
7.51588
5.96963
11.5838
14.0694
8.93698
10.697
12.2457
7.82235
7.64452
12.8263
9.72079
12.5469
10.1847
13.264
9.9882
11.9535
13.2447
12.1428
7.24312
10.7789
11.5715
4.67273
12.2902
13.7197
13.3809
14.3613
11.8252
13.6371
10.6962
7.80003
11.2592
11.1014
12.2533
10.2597
10.1719
9.73929
10.2681
14.7979
14.8735
13.0002
9.18697
7.1966
10.729
4.95806
9.37126
6.29058
5.81487
6.97984
8.543
10.8806
11.2017
10.6083
13.4559
10.9153
14.6674
14.8475
9.63663
10.0753
14.0896
12.2398
12.8684
14.6136
14.7138
12.2707
12.5948
10.2025
9.89518
13.9278
9.99742
9.93978
9.81935
10.8082
8.85429
12.6753
14.7273
14.5485
13.276
12.1175
12.3573
9.44789
6.49584
10.8821
11.0575
11.3957
13.2086
5.124
8.95795
11.2395
14.6802
14.3613
11.613
10.4959
5.23439
14.5351
14.5405
14.5931
12.1431
12.9483
10.2782
9.98213
6.64571
8.91666
11.6915
10.0918
13.4496
13.5831
11.4747
8.58361
8.38234
11.4337
8.71711
9.5352
9.99521
11.3489
8.3947
11.9122
14.0855
4.16294
13.3258
9.33674
8.25061
4.47259
10.4549
10.4065
11.8058
12.986
7.5009
11.9088
10.513
11.6475
11.2412
10.6622
9.22628
10.4438
11.3588
14.3563
11.6865
10.2285
9.53871
9.2965
12.7414
14.8321
13.2297
10.0763
11.1135
11.0516
11.0456
11.454
5.92749
10.0161
12.475
12.4401
10.738
14.413
10.2947
12.0261
8.79864
10.3286
6.89198
13.8334
13.0172
9.83315
12.3095
4.89832
6.81278
9.47822
10.8179
6.35997
14.4223
14.9592
9.73153
10.8679
7.72749
13.6416
11.3577
4.83874
10.0354
14.9772
11.6783
13.4421
13.8939
11.9744
10.1596
14.6556
12.7401
8.89115
7.97571
13.0732
13.0422
9.1305
10.0376
11.5262
14.6775
13.4533
12.1343
11.5345
13.6331
12.201
13.3153
13.3627
10.98
5.99669
9.84781
13.0729
4.45786
13.2516
11.8748
12.1619
8.96976
13.7853
13.9914
13.0434
14.0332
9.3015
13.3155
10.3252
10.568
10.744
14.2426
8.34648
11.1033
10.0173
10.1993
10.1753
14.6107
6.02386
9.49983
9.8147
13.1731
11.9828
14.7175
13.6533
9.69627
14.0818
10.9033
11.9009
14.7462
6.02924
12.7123
10.4995
14.9854
14.8606
10.4711
10.2464
5.8002
14.5135
12.3653
10.2319
9.85323
7.73609
5.33587
7.42208
12.7615
14.054
11.0098
13.6132
8.90961
9.63297
13.2838
5.75408
7.7451
12.8116
10.4256
6.09759
8.61488
10.5698
11.2445
4.03277
7.34895
13.1305
11.9346
12.5222
13.8861
12.0167
9.98972
4.24678
11.5168
13.4753
14.9811
14.1491
13.9117
10.6867
14.1083
10.8038
13.7801
14.7483
12.4203
10.8903
13.6795
11.4407
13.3093
7.44554
3.82454
10.0225
13.6787
11.4106
10.7063
9.17832
9.06146
7.18914
13.2323
13.8403
11.4212
8.38532
11.7466
8.68472
10.8288
11.3234
10.3695
11.312
10.5516
6.40571
7.0671
10.0768
11.709
14.5218
14.0015
14.2015
9.1223
10.4601
7.96545
13.7302
14.6678
14.3121
6.1486
13.2303
7.49995
10.4299
10.6752
9.15644
8.44978
9.84619
10.7306
13.2203
14.5934
6.09779
10.5816
12.3748
10.1984
9.44156
13.2347
13.2162
8.69374
13.6185
13.2229
10.6506
12.6435
6.03216
5.28226
10.2542
13.1167
12.2316
13.7528
7.91908
10.3037
13.4669
9.92502
11.2439
8.49435
10.5626
11.0303
7.84454
10.699
6.51316
11.3596
12.6587
14.1529
10.5618
13.1093
8.98698
13.4244
12.6493
14.5274
14.2848
9.1289
11.4649
14.6837
10.3489
12.0847
11.5806
9.88714
12.7216
14.3677
11.9575
10.8942
9.66458
9.27915
10.0903
8.63646
12.0796
11.8761
11.2791
13.328
12.9144
9.49407
10.2664
11.9333
6.07582
10.8753
14.6038
12.8871
12.4431
14.016
8.70043
12.4323
8.03028
11.5273
11.386
13.3459
12.7771
14.6899
12.2261
10.2838
11.6747
9.2932
12.6538
4.4095
4.8097
9.84246
10.57
13.3144
14.1807
12.6871
9.30748
9.34166
11.607
11.1381
8.69162
11.3918
9.17731
13.2731
9.13606
12.4341
12.8249
11.5464
10.7475
12.3891
13.0052
9.72348
9.97258
14.5653
14.3695
11.7134
10.1015
10.3627
8.98678
14.2914
14.2631
14.8964
11.2464
13.959
6.27377
9.69538
5.75963
6.00771
12.108
10.1234
11.0918
10.3229
9.56952
11.3629
4.42743
12.898
12.9727
9.90423
14.9172
12.9036
14.4498
14.0782
11.0556
7.302
9.50889
10.5078
9.53909
14.005
11.537
13.7039
10.4305
13.4157
7.4617
12.3502
9.60975
11.1679
11.7989
11.4143
6.68283
12.9605
13.4347
13.975
5.57568
12.4996
11.1416
10.7348
7.33592
10.5166
8.60657
7.08803
9.5599
9.60175
3.98749
14.5402
13.1469
14.1971
7.40442
12.0821
10.5089
13.5081
9.46029
11.5474
13.5269
10.9287
14.591
9.61594
10.9768
11.7551
10.0598
14.0585
11.8241
5.20963
13.1921
12.6811
12.1392
12.5517
8.53652
9.75819
4.02214
9.32106
12.6075
8.3601
10.7356
11.605
12.0614
9.35189
12.7261
12.4075
8.97523
11.7502
8.56895
9.31797
5.6537
14.8199
14.6982
7.49495
7.45359
7.47066
13.0529
13.1531
12.4978
9.55472
13.7353
13.3128
11.8379
9.68136
9.90155
11.7484
6.87025
10.8578
11.5026
12.087
14.7769
9.60437
6.67507
12.2523
8.32339
7.65959
7.46863
13.4654
5.93284
9.56874
12.3804
11.7859
9.93972
13.0128
12.7283
8.50854
11.2662
10.3957
11.1405
12.0897
5.04665
7.63304
11.8416
10.0367
14.0504
14.3559
13.5576
14.6624
11.7807
9.36385
12.0496
11.1209
13.1824
14.6229
9.57547
8.567
8.11162
14.5542
10.2285
6.01452
13.9253
8.04298
12.0444
5.47067
10.0321
13.2309
11.3969
13.0414
8.27705
10.9134
13.7832
13.6336
13.6482
8.54125
10.3734
8.27865
12.557
10.9614
7.58219
9.27326
12.5942
14.714
14.8306
14.1023
14.4487
12.657
10.3112
6.48431
11.252
14.5154
6.4826
13.694
9.43266
9.78979
11.0071
13.4155
14.9261
10.4449
7.59639
9.76085
11.2473
8.60987
14.5112
14.9747
12.7025
7.51195
12.5805
11.5557
11.6197
14.6371
13.0111
13.1901
7.55
14.0731
10.8678
14.8367
11.1825
11.8951
4.15088
12.5452
10.7515
12.0163
4.12469
13.4872
12.3949
14.636
10.757
13.816
11.2144
13.7301
10.8711
14.7415
14.1718
12.2143
14.3952
14.8605
4.13154
10.2533
12.6575
9.78831
11.4754
14.0322
10.5284
6.92413
8.09877
9.5626
11.5183
13.5548
12.4622
9.15878
7.47047
8.33047
7.92508
7.56057
8.71047
12.3106
7.98699
12.216
6.02806
14.8641
14.5555
11.5554
14.3876
10.7047
14.2019
10.1779
7.59423
8.99247
12.9984
12.7493
11.7368
9.8295
10.1939
12.1544
9.19706
13.9431
10.1766
14.5354
11.9221
12.0957
6.00401
12.5644
10.09
13.9827
5.49975
5.5858
7.28845
14.0233
12.2285
13.1799
6.56306
4.40672
13.8605
5.83199
14.09
13.5833
13.8774
8.95982
9.16647
10.0333
10.8715
13.6256
12.1724
14.1561
10.1397
7.90594
12.1943
11.6234
9.8834
14.3334
8.59377
12.8461
10.7875
10.894
11.6013
9.81463
8.2783
9.40061
14.791
11.4935
11.5085
14.036
14.9627
10.2216
7.62351
9.26466
10.9859
7.99847
10.4554
8.63985
12.0993
8.74422
12.5508
9.66261
11.4709
8.12653
9.40626
10.1281
12.9172
12.097
9.66647
8.33182
6.31584
7.88886
9.98988
10.3499
11.3554
11.322
11.3985
4.26868
12.625
5.912
9.73469
11.1822
11.3901
12.6637
4.51756
9.66838
12.9241
12.9881
6.13054
14.6277
13.3499
6.07384
10.6006
13.6796
9.9022
8.32447
13.4424
6.68006
8.74993
11.768
10.4221
9.60936
3.99172
8.80266
7.74041
13.6183
9.70496
8.08087
8.68574
13.5917
9.89231
11.2442
8.42959
9.54271
8.24429
11.6
11.5621
8.88342
9.55917
6.62908
5.02761
12.4791
9.70456
12.372
14.6268
10.0025
13.84
14.8274
13.1046
14.9014
11.9267
13.7529
12.7635
14.4131
7.61573
10.2914
7.55997
14.4258
10.1458
7.26175
8.36052
10.9877
9.54327
7.86906
12.282
10.5136
9.16811
10.9385
5.44309
7.82342
6.40686
9.98167
12.9293
4.61449
13.5528
10.0066
14.4573
11.9736
14.8706
14.312
13.2411
6.68299
12.9693
9.34649
10.5893
5.93023
11.8094
12.7608
10.7407
13.1408
9.92748
11.6908
8.47314
12.1088
11.1904
11.0414
10.4203
7.36875
10.7062
9.99133
13.6629
10.3902
5.79756
9.84572
11.981
9.74519
6.09278
11.0231
13.7194
7.31492
10.8606
7.5406
13.6819
14.61
14.9016
14.9324
12.815
10.2383
11.8485
10.6401
8.3388
10.4687
12.7412
6.46755
9.67979
14.4745
10.5141
14.818
13.292
10.2404
5.45689
13.3399
14.6781
5.46239
13.1759
7.4801
11.4314
12.4478
14.0091
12.888
12.6325
10.2058
10.2743
9.47925
5.45455
14.4388
7.18243
10.5822
14.9919
9.55233
13.569
8.42304
13.3306
10.2951
5.37464
10.8212
14.7538
13.8331
9.50241
12.7132
13.7056
13.3068
12.5157
12.7615
8.98937
12.5827
14.7667
11.7996
10.9732
13.0381
13.6971
14.0008
7.66809
6.11901
13.2354
13.7423
14.813
14.0482
9.92974
6.09855
13.026
12.2228
14.4656
10.6277
13.3894
11.3057
12.1528
11.3457
10.656
11.1851
14.3379
11.2131
7.93284
6.35408
7.9274
14.0875
12.9894
12.5072
7.85411
10.3216
6.38222
13.0012
13.2244
11.5026
10.5542
5.06571
12.2735
11.3023
6.11751
13.1488
12.6422
13.5809
10.4041
8.95978
10.5184
9.58897
6.09453
5.37231
13.7372
8.0293
8.59035
6.6579
10.3813
13.2124
12.1988
14.6066
12.8226
5.74043
10.7541
11.8251
8.5009
14.518
12.7454
7.64643
7.21974
12.3395
5.44547
10.2941
13.8112
12.7945
10.3698
14.6006
14.2066
12.983
13.5137
10.0742
14.2009
8.30228
12.9652
14.1373
14.6293
13.7784
12.667
7.7137
12.9269
14.7582
14.8555
11.8608
14.7406
13.665
14.4281
5.74342
5.82568
13.9496
14.034
7.15322
14.1677
12.759
13.2704
10.7568
5.84632
11.9625
11.404
7.81913
10.6848
14.0162
10.4989
14.5235
12.0852
13.6447
14.1145
12.8485
11.3627
10.0879
7.1338
12.1237
10.6536
11.5659
12.2473
13.9318
7.11367
6.46547
13.05
13.0375
10.0639
14.6209
9.42789
13.3893
14.3113
14.6706
13.647
11.725
8.21853
8.80655
7.82442
13.634
13.1303
4.26778
14.3281
11.0593
14.8842
14.0642
12.3974
14.6241
5.64949
9.64114
10.1642
13.0722
11.2652
11.1125
14.0741
10.9384
11.0555
7.5664
10.6445
9.22804
12.7148
14.6068
14.1209
7.63202
14.8165
8.45579
14.5972
14.0006
8.60399
9.34572
14.0541
8.87103
13.3469
11.8075
12.412
13.7933
11.3381
9.34534
12.0095
8.53528
12.6652
9.49114
9.75776
12.8759
12.8746
13.2925
13.1322
9.28647
12.4367
7.77809
8.5903
14.9881
11.8503
12.2717
11.1472
10.9501
10.8825
13.2728
11.2064
8.79398
6.61251
10.7097
13.2568
12.4457
12.0817
9.86378
7.90131
13.7337
11.8839
9.85767
13.6403
6.66128
14.0172
10.759
9.81293
10.8821
7.30613
12.167
12.7131
10.5483
13.7554
5.93227
9.43472
14.2381
9.98005
10.1738
6.25756
10.8363
8.91679
12.4557
13.6783
9.83406
10.3161
14.3135
12.2934
8.4869
14.2306
12.3639
13.2757
5.74287
12.761
12.1781
11.1089
7.46499
13.5482
9.44281
11.1371
12.9756
11.7261
9.93767
8.72867
10.181
8.73979
11.9377
10.1252
5.87919
6.21852
11.402
12.6151
13.4797
5.9887
14.2062
7.54362
12.2935
12.0307
9.44227
13.3661
6.34953
9.36746
13.7182
12.4375
6.39419
12.3307
13.7584
12.657
8.55656
6.49163
11.7602
7.26664
9.98495
12.0292
13.7577
13.4679
13.1334
11.856
12.1802
12.4781
11.722
14.3854
11.1851
9.49717
13.5651
7.08958
8.68315
11.734
13.7683
14.9029
11.1944
8.6263
9.21948
13.8525
14.4965
12.4589
13.6872
10.3242
11.2521
14.4492
10.5528
12.8113
14.414
9.53943
6.20157
10.6476
8.56525
9.81052
9.67643
11.6177
10.2417
7.99349
9.0695
10.1426
7.81511
14.5507
11.2808
10.7276
10.1382
12.862
12.3743
11.6795
8.35399
3.7981
7.22466
11.0468
14.2211
13.3269
12.459
12.8425
11.7041
13.7831
11.48
6.2334
12.4993
11.3237
11.0344
5.61094
11.0453
14.0407
5.88365
13.9393
14.7931
13.2823
8.94216
11.0185
9.76072
6.06063
12.4711
13.4825
14.6814
9.90296
14.5991
12.3283
9.38386
12.0597
9.60627
14.8228
9.54093
14.4462
13.488
11.7341
8.1624
14.1436
9.9072
13.8567
9.45724
12.7057
9.60473
13.7083
12.7804
11.3167
10.9012
11.1129
14.3016
11.2666
9.77852
6.11431
9.08926
11.4255
8.97886
10.044
11.8891
10.7174
7.46685
14.79
9.38293
12.2777
7.81986
7.82189
12.424
10.9953
11.3155
8.34422
12.6474
9.29932
14.8586
12.8195
12.3554
8.1587
9.03603
10.3057
6.58114
12.5379
9.19788
11.9453
12.5538
11.1093
7.93937
9.77709
13.9881
10.5598
14.9777
11.7203
11.3137
14.5219
9.54323
8.40038
8.71531
8.35484
12.3556
11.0409
11.6795
13.3023
12.9704
14.6237
12.7433
10.7872
9.04519
5.2869
11.4427
12.4153
14.4941
11.301
14.3098
11.9449
13.9226
8.33818
10.8419
9.47463
5.72818
10.319
5.91614
12.2089
5.4144
13.9958
12.3604
11.0179
12.3977
13.4917
10.5446
5.71565
10.0683
8.42247
11.0369
10.3403
14.4893
10.3173
9.51705
12.0521
11.1134
11.0485
13.1504
11.808
13.2542
11.2476
13.1723
8.76723
10.1972
11.065
12.9051
13.6471
11.1398
11.5219
9.90602
13.8718
12.6472
14.9885
12.7551
13.2881
11.0101
12.4848
9.5044
6.58051
8.74363
8.70378
8.98024
11.2882
7.69776
13.6087
9.35137
12.3983
10.8063
12.0212
12.6746
11.0638
14.0747
10.3295
8.36951
12.9898
11.5565
8.45146
13.0692
8.52838
12.617
8.64316
13.633
13.9473
8.68767
14.6746
7.16153
12.7271
6.23219
6.20946
12.6315
13.9068
14.2373
7.56262
10.5387
11.6288
12.6802
14.1693
14.6792
12.9073
10.0273
11.5925
13.6093
9.8742
10.4985
11.1897
10.4854
9.80626
7.55201
4.76843
10.744
10.4954
12.6939
14.6452
10.4313
13.6725
6.65655
8.69225
12.7106
11.253
10.2936
9.69989
7.89132
5.13869
14.5499
11.2352
9.84477
13.3457
12.2633
14.1262
12.2394
14.2409
9.69177
13.5492
13.5614
6.09601
14.2832
12.2552
8.57265
8.67556
10.2807
13.6237
12.2596
8.06518
7.39609
10.8903
7.82092
12.1856
13.7875
6.53338
12.8479
9.49306
12.6345
10.3104
14.1605
12.1576
6.00185
5.97482
9.06477
8.73422
12.7986
9.93048
11.8969
14.5597
12.4531
7.31953
12.0183
12.4587
13.6934
11.986
10.1068
13.4454
9.71903
14.4444
10.2015
6.15779
11.0617
9.11824
4.40253
9.76295
13.8798
7.56112
13.3413
7.57144
12.0614
10.9548
10.6649
11.7276
12.1322
13.3543
10.9607
4.92388
12.0766
7.82912
8.44441
12.6865
8.13971
4.42077
10.4979
8.61376
11.9467
14.8456
10.7498
5.51965
13.2049
11.1123
14.8819
10.7959
14.8963
5.5381
13.0505
13.6052
8.73369
14.2757
11.8899
12.9213
14.8556
14.5698
5.2897
7.15042
12.036
10.9752
13.448
14.9672
4.1419
10.1828
12.2507
10.456
10.8855
14.8668
14.2194
9.87446
12.4732
14.4797
9.15474
12.1534
8.18415
11.7572
8.30476
12.5812
10.3636
5.97943
8.53427
11.5319
10.2224
13.7579
5.84837
13.4368
9.00537
8.07139
14.5389
5.57366
14.5186
13.9582
12.983
9.58779
8.57049
14.6248
8.89919
9.43351
11.8537
11.8176
11.5921
10.709
10.2896
10.1347
10.8525
10.9146
10.0786
10.6349
5.55401
6.51363
8.85531
11.1441
14.0498
11.5466
9.46618
9.45862
11.9795
12.7694
12.3858
12.303
9.90683
8.00507
12.4558
14.4889
9.15842
10.0671
13.5676
9.99444
8.58737
10.6251
11.4852
10.1145
8.83182
13.4551
10.3237
13.7879
8.16782
13.2781
9.244
8.33637
9.87068
13.5673
9.17672
12.2347
11.2238
8.98726
8.42359
11.3893
14.2398
14.7458
14.3582
4.55069
9.06593
5.40306
12.8196
6.03783
11.7582
12.1814
10.0307
11.456
13.8992
14.1039
11.7177
13.2955
9.79606
9.84243
11.5491
4.37257
8.69097
11.2556
8.6594
10.0231
7.73939
9.33766
13.5959
9.39935
13.2591
10.1292
8.79735
12.7482
11.8383
8.98073
9.64393
10.502
10.359
9.21933
7.92251
6.91892
9.68651
13.8278
8.29591
9.46473
12.9933
12.543
9.54842
14.6364
13.18
14.03
13.0294
8.11215
13.619
10.0601
9.53949
14.0104
5.95129
11.8116
10.0821
13.7511
10.4956
11.2163
10.9585
12.5796
9.97359
5.70682
13.7389
10.7427
11.9722
13.3766
10.4869
7.17102
8.30021
8.421
10.4375
14.6677
12.7337
11.7199
11.3962
10.0465
11.5759
13.9649
8.41948
13.1631
10.345
13.7258
10.734
12.0069
13.4217
9.13772
14.5463
13.4951
14.5722
11.4901
5.98821
4.71217
14.6827
12.1007
12.6097
10.6241
11.4599
8.2915
9.93822
12.1552
9.74784
10.9405
14.8188
12.3728
9.16805
14.4972
9.15592
8.93056
10.712
8.51624
12.1751
10.3281
9.53891
10.1062
9.13771
5.90469
10.1044
9.89347
10.8457
12.7216
11.709
8.60003
9.18724
14.6691
11.399
9.12647
14.7545
9.80532
13.6407
14.8237
12.5677
14.0188
12.3304
11.8441
9.98541
14.0772
14.6683
13.3799
13.8989
13.9058
8.80875
8.61151
9.99388
6.0818
10.8976
12.6015
7.71603
7.56653
12.1406
14.1146
14.4027
14.9503
14.3314
14.1927
14.7501
9.61114
14.9817
13.0564
7.74068
8.26274
14.0962
10.9944
10.1083
12.1877
8.94769
10.4266
11.006
14.7574
9.92982
14.4792
13.2081
14.3798
10.5492
13.7855
12.6306
8.87923
12.2949
6.90068
8.90173
5.7042
14.94
13.9327
13.7745
14.1369
11.2413
11.8316
14.214
11.6318
11.7369
6.30634
14.6817
14.7603
11.3973
7.10774
8.64381
11.9618
5.98163
12.0344
13.7415
9.55567
13.0146
8.63937
12.2291
7.25794
13.1649
10.8981
11.3267
12.7031
14.9362
9.57043
11.8122
13.9471
14.8404
14.9092
8.65088
12.0969
14.023
13.4946
13.7033
10.0999
13.292
5.77487
8.94669
7.36945
5.54786
13.2165
9.20207
10.5058
9.84189
9.50674
8.42483
7.37252
12.4766
5.42246
6.69086
14.1002
5.05408
8.28795
14.6988
14.3562
13.5527
14.0529
5.65635
5.37791
14.1295
14.3197
10.5324
14.0138
6.23241
10.1481
13.1053
12.9619
11.7844
11.9811
8.03384
10.1949
8.81162
14.7857
7.24751
5.56888
14.3009
7.32199
11.2925
6.68982
14.2242
8.75598
6.80665
9.56007
13.1071
7.84617
10.1943
9.76943
7.57685
10.1807
12.287
14.137
13.1382
8.21192
7.67793
11.6959
12.1033
11.4127
12.6578
11.7681
11.3586
7.28727
10.7799
9.33148
10.1747
13.7125
13.6497
14.3348
5.81138
14.1175
10.5413
8.42581
7.95047
13.5512
12.164
11.276
14.6594
12.4672
13.7812
13.4255
14.3807
10.0775
13.8915
12.6447
13.7198
14.2599
10.0344
12.8228
12.9109
10.5183
12.0882
12.4914
4.51199
10.4577
11.7402
10.3147
14.8651
7.86308
13.4449
9.81308
14.0111
13.1955
10.0809
5.87893
5.87344
10.453
14.0106
10.7857
10.6894
14.0724
14.0673
9.96966
13.6815
11.0072
12.0506
13.694
11.1219
13.8285
6.49437
12.0994
13.0994
10.7387
9.76782
11.8863
12.1133
13.7479
14.6532
10.6527
9.88836
12.7354
12.0575
9.66644
8.65648
9.96159
14.9852
14.5659
14.423
9.0121
6.84831
10.885
9.32625
4.16322
11.7525
14.0586
11.3661
6.85553
10.4775
13.6258
11.433
10.5312
14.9205
11.5504
11.1948
11.2726
12.0594
14.1355
5.86275
10.3649
10.8105
14.1989
14.7457
9.82837
10.766
8.54587
8.34836
10.3387
13.2342
14.0523
14.7796
14.7468
12.5529
11.0646
9.98835
14.7131
10.278
14.7243
5.95455
5.01945
7.45892
7.43304
10.7532
10.1596
11.5299
10.9622
14.4947
12.7608
14.2417
7.88619
14.5073
11.5015
10.9189
10.1696
10.6625
11.0466
7.10502
12.364
13.9105
8.90921
14.6999
10.5727
12.682
11.2398
13.2564
11.8893
11.2934
11.8857
12.3223
13.9349
13.3728
13.0987
10.692
13.3834
12.1799
10.0331
8.58801
10.6397
12.2366
10.5784
8.50933
14.6691
14.8379
8.18832
7.24929
6.85869
13.7396
8.32578
7.09376
6.82532
11.9663
14.9373
6.23507
5.90654
12.8099
13.159
14.1792
12.1727
11.2055
6.45178
13.3131
12.9735
12.9442
11.0753
14.4972
13.5288
12.8309
10.2234
11.3312
13.174
8.90658
14.112
14.7232
8.55789
11.0188
9.16662
9.85432
9.83331
13.637
13.6659
11.1582
11.5002
7.74714
6.6955
5.91014
11.0051
5.90672
13.1172
14.0025
11.1234
6.73161
6.74194
12.8326
10.9721
4.76458
10.92
11.8102
14.9393
12.2509
14.7937
7.79424
13.2644
8.48779
10.2628
13.0819
9.32253
7.59747
6.11506
9.47711
9.41593
9.09904
12.5713
10.7052
11.3565
10.6993
13.4341
14.8144
8.63444
11.2036
13.0115
6.94883
10.6586
11.6487
14.8243
14.6837
14.8012
13.2127
12.2538
10.7884
12.5902
10.0068
8.71573
11.7732
13.4991
13.3136
13.899
10.3401
13.1919
3.81081
8.16443
13.3478
8.71121
11.1248
12.2793
10.6693
14.9007
13.9275
14.7339
6.64563
11.6627
8.93713
10.5718
9.91847
12.0894
10.3784
10.9559
12.9526
12.7002
8.40811
8.38517
9.36085
10.3443
8.42979
12.2753
14.1702
12.2583
12.1923
14.5077
14.2778
10.0508
9.78559
9.2003
7.71786
13.5592
11.3691
8.29004
14.2929
13.3382
12.8901
11.579
12.0847
13.0882
13.5912
4.12991
5.81035
14.5219
6.86505
13.2732
12.8779
9.02715
9.21187
11.2207
11.6829
14.9721
14.0282
13.817
13.8403
14.7107
11.9213
12.829
13.4494
10.9413
11.4773
13.3564
9.57147
12.3783
12.705
10.6289
13.0095
12.5316
9.48278
8.45027
9.83757
14.8956
8.8121
9.57829
11.5118
13.6713
11.9065
13.4185
10.6843
14.418
14.2935
11.1934
10.9083
14.5645
11.6452
12.9945
8.4262
12.2373
13.739
13.067
14.8842
10.0723
10.4788
6.70915
13.8611
10.7677
9.68428
6.06038
12.2559
12.9132
14.3096
9.86259
12.0531
11.0982
10.6941
9.69736
9.9518
10.1121
12.1552
14.3363
6.11951
8.71681
9.73838
14.0781
13.4705
12.6057
13.6708
13.0556
13.3968
10.546
7.54735
10.5613
5.50742
11.1483
14.4354
13.4026
10.297
11.5867
13.9268
10.9741
13.235
12.4529
6.46903
10.5479
13.4708
13.1097
14.1722
13.4742
12.4505
13.5409
13.3429
5.82416
9.7418
13.3599
11.9411
11.1195
12.6489
6.44361
13.5658
14.4065
14.6287
9.393
13.4961
6.13868
12.1559
12.7423
12.8244
11.4469
10.6241
8.77049
9.2494
9.79076
9.91311
12.5186
12.3676
13.2791
14.0943
11.7274
10.9962
10.4233
14.2874
9.87511
11.3562
10.4623
9.15483
9.19321
11.6369
13.2275
10.8423
10.3734
11.5897
12.3009
14.158
13.8758
9.74128
11.565
6.77667
8.60467
9.90021
6.84993
5.54903
7.35229
11.3594
9.86853
8.55649
9.95417
11.7686
13.1194
12.8926
12.0451
8.79758
9.80771
11.2513
4.24159
10.9813
14.3939
13.5983
9.75227
12.1084
10.2694
13.8346
7.44081
8.90181
5.89011
14.544
10.3428
6.07762
14.529
13.1072
14.8679
12.1197
10.1904
11.0869
13.9294
13.6743
12.9677
9.42623
10.0163
12.8307
14.3769
13.6022
11.3555
13.3462
12.468
13.2478
11.0666
10.1789
9.87715
9.9446
10.7879
9.26049
6.36254
8.36334
10.5099
14.0983
9.00489
9.91018
9.48249
13.4949
11.6233
14.054
14.2264
11.4648
11.816
11.6145
8.25626
14.7442
10.8265
10.5894
8.71168
13.3557
14.7218
11.9805
10.5882
6.94406
9.56391
11.9844
12.1015
9.55798
10.918
9.56576
14.9414
13.8798
11.5733
14.8118
13.0693
10.4157
14.1724
11.9219
9.28461
14.2744
11.6804
12.833
8.73098
13.4133
10.9262
10.8983
8.16561
13.138
11.8872
12.9017
8.81146
10.3293
10.2672
6.11013
13.081
13.092
8.22398
14.843
13.1053
13.1705
10.8196
11.2794
10.3608
14.6417
9.62352
13.6185
9.45145
14.6076
9.85298
13.1931
10.6817
14.3933
13.0634
11.975
13.1647
12.3924
11.2287
9.08012
13.9035
14.4603
14.184
8.53412
14.0706
10.4661
12.3957
8.42689
9.44706
12.9939
10.1411
13.8645
8.53778
11.7709
13.8383
11.3348
10.9608
10.8437
9.01853
14.4255
11.4192
11.5252
9.92352
14.8512
9.66221
5.39221
12.0376
6.28651
14.391
11.2318
11.1666
10.1104
11.9816
13.9822
9.7351
8.64079
12.7243
11.9285
11.9413
7.9312
7.13758
12.9564
5.0575
7.27617
13.6701
4.76749
8.73038
8.28282
12.5518
10.954
12.0917
14.4574
14.9899
6.38846
11.1261
12.1501
12.9191
10.3158
7.04925
10.0394
11.6945
8.15041
10.7307
10.3907
14.6756
8.19586
10.9883
14.2689
13.0531
10.3998
14.1315
12.7741
13.4908
14.9981
11.39
7.18739
12.441
14.5112
13.8377
10.0625
11.1114
9.85368
10.2969
8.4475
11.7964
12.174
9.74345
14.2777
10.1901
8.47295
10.5907
13.6088
10.7933
13.7593
9.46073
14.4619
12.0813
12.1423
10.3664
12.5709
14.5257
13.6574
12.6986
13.5528
12.5881
10.2282
11.0328
8.37268
12.278
11.8731
10.9767
14.3974
9.68904
10.0556
9.97511
10.0235
7.39791
9.77996
12.6594
10.6798
9.97913
14.5004
10.217
8.09361
9.13172
12.0616
13.2859
12.372
9.94341
11.612
11.3861
9.67956
13.4507
13.084
8.23905
8.1081
7.59816
7.33762
10.1736
7.35549
11.6839
12.3246
9.18107
10.2965
13.2957
14.6177
14.9263
12.0039
12.1218
12.8669
11.5068
13.5075
9.36847
10.1539
9.70311
13.4222
10.1887
10.9173
11.5784
12.7301
10.0856
7.82663
14.4436
8.4706
13.0414
8.99511
6.82659
6.08977
11.5802
10.6159
10.1931
14.6617
9.92722
13.5261
5.16556
12.1654
12.9374
14.9307
10.5619
14.7558
14.2248
9.41716
6.07796
11.8368
8.14546
14.3364
9.18222
10.5019
13.7335
10.2963
9.30297
13.4764
10.7717
13.4624
6.12048
12.6316
9.48495
9.89694
14.2604
14.0461
12.2689
13.0876
14.9184
8.55386
12.7511
13.9969
7.83103
10.9714
11.0134
11.6602
13.4784
10.3047
10.5602
10.4553
8.81463
14.6648
9.76665
14.7666
13.1095
14.0683
6.03119
8.90617
13.7967
5.79852
9.97204
11.7944
10.0684
13.6018
10.4875
13.4551
10.8173
11.2984
12.7128
11.4796
11.3235
10.7762
8.41774
11.1124
12.7665
13.0062
12.4875
9.83914
9.68957
11.8617
9.9229
6.48144
5.42078
12.4956
8.60549
10.7192
12.9855
13.1586
12.1086
11.1862
11.6211
14.6902
14.9938
12.8944
14.3001
5.38109
8.52953
13.8891
7.58619
10.4405
8.75036
9.60908
11.4193
10.2885
5.23445
14.5713
9.52377
12.7458
12.2225
12.1715
12.4935
10.222
4.3401
13.3817
14.3929
7.66465
9.81042
14.6351
9.50723
11.6993
7.68201
10.7861
11.0678
7.46827
11.1197
7.14096
13.0032
14.7653
13.3587
12.5861
8.77589
10.7443
13.3816
12.8549
7.81388
9.39659
10.1308
11.8197
12.1003
12.0274
6.01861
10.9348
13.9943
12.1094
13.4097
7.22729
12.8008
10.7184
12.2467
5.93564
8.85501
11.9232
13.6541
12.2367
9.23322
6.34888
9.86041
14.5505
12.7453
13.9591
10.4427
11.3211
11.5313
8.21594
9.23806
10.5035
11.4904
10.2313
9.4195
13.4956
9.189
8.34362
9.63926
4.85647
7.49362
14.4159
12.7164
12.061
11.3467
13.7249
12.7332
11.6196
10.1112
9.70629
8.51348
14.4113
11.7296
11.8307
10.544
9.80537
8.68203
13.4809
10.0041
8.71169
12.9529
8.3538
5.45245
11.3062
10.516
11.3791
11.206
12.3205
8.88721
14.8356
10.7797
14.266
5.80503
10.6455
12.9735
11.2537
8.90034
11.027
10.5637
14.2975
11.0621
14.7909
5.9339
12.0108
9.93227
9.62891
4.63158
6.78855
13.6713
13.4904
11.2712
14.2053
8.60239
10.4791
12.1429
12.2412
13.5343
10.6388
14.7555
8.77724
10.2562
11.1536
12.3912
9.9487
5.89582
9.05414
14.8823
9.04955
5.81926
11.5374
9.69215
14.4712
12.1569
10.63
10.4085
11.1038
12.6824
13.2198
6.92163
8.28029
7.37054
13.3789
10.7267
10.173
11.2516
14.4968
10.7796
12.0778
9.55275
14.812
11.1552
11.9763
12.8412
5.91798
9.878
13.4902
10.3037
10.4627
9.3059
5.60084
14.2884
12.9587
13.0724
11.5623
14.9294
9.96113
6.20375
5.08503
7.48401
13.1105
11.256
10.7738
10.9417
13.57
14.1242
13.0114
14.2441
10.6211
7.80899
13.2517
11.9
9.92159
9.24915
10.6158
13.5681
8.45191
11.5742
14.8178
13.9435
10.7882
7.74808
9.78853
7.6482
10.778
12.973
14.4503
14.7619
9.20948
11.9238
10.6573
14.0744
6.61499
10.4501
14.9015
13.947
12.2372
5.70356
12.6034
14.6816
13.8131
8.05479
14.3945
13.5632
11.491
12.2406
9.68719
10.7957
13.121
5.43222
5.18835
12.9777
13.5481
4.25829
10.5598
10.8452
6.85933
8.62775
11.49
14.7497
11.8646
8.50265
12.4948
5.78931
10.8999
7.59264
6.73212
5.53099
7.81317
9.91261
12.0022
9.89642
12.5452
8.53644
12.4269
11.6761
8.68369
6.16165
8.76479
6.91358
11.1068
10.493
10.8142
13.1394
13.8395
7.42151
12.4197
6.22095
14.8873
6.04588
8.51978
12.3156
7.30949
6.97872
13.6463
10.7618
10.0554
9.72709
8.21788
7.47017
12.3414
8.48051
6.99497
12.7415
12.1209
14.6882
11.2299
14.5739
10.7793
7.45057
10.2657
5.82665
14.4216
14.0235
9.76188
11.4331
9.95088
7.82684
13.5992
11.4845
10.1198
11.6782
10.0745
10.2626
9.51166
13.301
12.1577
10.7686
13.1409
6.35461
11.7861
9.27328
10.4493
11.9498
13.5996
6.19768
13.6845
10.7214
12.5333
8.21688
11.1392
10.4798
14.7793
9.05615
10.3925
9.89219
9.16724
13.7899
14.4729
9.51684
10.3859
13.1468
14.8834
14.7396
10.8481
10.7759
11.3537
13.4433
14.6753
10.7297
10.4041
12.4842
11.6796
11.3525
7.58206
11.6927
8.0558
9.93641
8.5946
9.98746
10.6125
10.1639
12.8282
11.2387
12.989
10.684
12.9272
10.2367
11.8765
8.55682
11.4369
13.735
11.5762
13.8176
13.4603
8.11039
13.6568
9.86722
14.538
11.1444
7.1525
8.92626
8.53487
11.9678
14.1479
5.00615
12.3457
14.3051
8.69862
5.9673
13.0788
9.70181
6.94766
12.8358
14.3417
12.9413
12.6793
12.8085
8.78025
14.4341
4.80975
14.8081
11.5474
12.6573
5.97969
10.3623
9.08232
10.1143
9.40239
14.8042
9.2266
9.18328
12.9421
10.5713
10.8047
10.5588
9.56233
10.1398
5.45161
11.8813
5.37347
10.4771
10.6985
11.3943
9.48404
12.6761
12.3721
8.69164
8.52324
13.0985
9.80755
7.70457
8.17971
13.5521
11.6168
11.598
12.3911
9.24866
10.8088
9.21633
7.43473
10.5743
13.1823
9.42995
13.6897
14.3494
10.9584
8.97918
13.6388
14.1603
14.6983
12.7357
9.88323
14.1094
8.51508
10.6568
14.6185
11.0147
13.1431
5.95141
10.7245
6.14901
10.294
11.1461
13.662
10.05
6.50175
8.42465
14.7665
9.54586
12.2528
12.9245
10.6151
12.9448
13.582
11.2844
6.1591
14.0548
7.26836
10.2443
6.16594
11.6549
13.4504
13.5253
9.43048
8.93203
8.58922
5.65889
9.14401
10.139
10.1866
11.4604
11.4451
11.3141
14.3567
9.85475
14.9165
10.3555
12.7524
14.8149
10.3896
9.44298
8.43224
11.458
10.7032
9.36951
10.2917
12.0559
14.0012
7.15253
11.4763
10.7422
12.4556
13.5779
13.3266
12.0451
9.58902
13.2565
13.1189
9.74045
9.1464
10.5986
14.0179
10.467
12.6091
14.418
10.3001
10.4853
8.44549
12.2095
12.3329
11.6044
14.3374
14.6147
8.36463
11.6182
8.53685
13.835
6.04469
10.741
7.17392
12.0364
9.17684
10.9391
10.596
13.0732
13.0933
11.9945
13.5996
10.6597
6.54853
9.41691
8.39391
9.5739
12.2489
11.3611
11.5252
10.9628
12.4826
10.6373
13.2555
5.58308
14.0893
14.1255
10.7154
4.69299
6.45263
12.9609
13.4896
9.99516
14.7568
13.9992
9.30373
11.8091
13.2508
9.624
5.213
5.35319
9.9412
12.5719
7.47295
7.15558
14.7555
12.3217
14.9672
10.9997
7.87626
12.7403
13.2229
14.809
6.25911
10.894
13.6579
9.45854
14.6703
6.66311
13.8163
12.5011
14.7757
14.8705
10.4398
10.4233
11.2581
7.52336
10.5222
14.8679
10.0526
11.9468
10.3057
11.1364
10.955
8.91745
8.28264
14.3645
13.2614
13.0901
9.06296
6.59889
11.3469
11.6375
10.4078
9.45387
10.0958
12.2835
14.5865
13.2869
14.7627
14.9079
14.4008
5.04312
12.3074
14.2967
11.1045
10.6305
12.6091
12.852
10.5832
8.08395
11.7049
7.46646
10.5614
6.4951
12.7507
14.3913
14.5972
13.7019
9.14932
12.831
5.52173
12.9215
11.9096
6.11206
6.34588
14.9903
4.78441
11.1408
8.71125
8.30768
4.67757
10.4747
11.5463
12.955
10.2724
11.2328
9.62745
8.67558
12.2819
12.8941
9.57558
14.2291
11.9022
12.0257
11.074
9.8323
13.1141
12.27
11.964
7.70771
12.2414
11.5936
7.86799
6.86501
9.36758
9.18251
8.83903
9.30305
14.1435
6.71876
7.42897
10.5288
14.6626
8.10512
10.5057
6.80014
13.564
12.6332
10.1369
14.245
4.13646
13.0791
8.74392
12.699
13.0224
12.1973
8.59173
9.74677
9.04558
8.0254
13.256
10.4431
12.8927
11.0322
11.8672
9.3726
6.06085
12.7611
14.4782
9.64776
10.3174
13.6321
14.9856
13.9433
14.0991
14.5106
14.2475
7.27771
14.0288
10.6815
12.4048
12.4442
12.4226
5.76319
11.6954
12.5124
12.5269
12.6158
10.373
7.57845
14.3824
12.3903
13.096
14.3911
14.6795
14.5353
8.05489
5.1826
11.1199
5.34374
10.7494
12.8729
5.82674
11.9929
12.9231
14.8259
12.1345
13.2362
4.82409
9.75849
6.21711
10.4723
12.0691
9.34685
12.3016
10.3439
12.3896
10.7196
10.7086
9.75712
8.54077
12.0067
13.7068
10.9152
13.4403
12.011
8.94807
12.5063
14.3254
9.41701
8.63949
10.198
9.30706
10.6133
10.0692
8.85906
14.1243
10.4608
14.3913
9.39625
7.72122
9.79342
11.925
9.97985
8.2556
9.86597
10.2234
14.5805
14.8075
13.6204
9.38089
11.0265
13.036
12.9043
9.15713
14.3293
11.8604
10.4145
8.61756
9.83019
6.10814
14.2808
10.7999
9.64638
5.50136
7.78072
11.7385
8.10095
12.0815
14.279
13.2369
11.7011
8.63031
14.7141
6.31839
9.90385
5.18895
13.6415
9.76042
11.0575
9.26991
9.66882
13.0509
10.1484
14.6144
5.71895
6.21231
12.2422
10.8506
12.5603
12.1954
11.6081
10.6698
9.9783
11.0825
10.2678
14.2721
10.3393
13.722
11.8474
9.1399
7.54648
10.0522
8.50143
9.65149
6.43518
14.2976
9.9403
14.3385
13.9707
13.1941
13.1985
14.7791
13.7077
13.3385
10.948
7.39009
11.3584
13.9976
7.08844
4.59586
14.0464
13.3369
11.905
12.3704
8.32063
9.45279
14.6632
12.0408
5.50894
14.5642
6.19267
10.9244
14.7577
14.7353
12.314
12.5497
13.0029
10.072
12.271
14.0729
5.66269
12.9926
10.9027
12.8679
14.6072
11.5631
10.0924
13.9959
8.54434
9.1405
13.3868
13.1415
13.3068
13.1808
6.25679
11.6611
12.3086
8.08379
9.73805
8.65173
6.50957
9.21503
6.44534
10.0719
14.6106
6.07752
10.5019
12.3521
12.6514
12.0623
14.8865
8.13827
14.2723
8.35035
9.38367
13.825
14.9843
9.49456
11.3759
6.19811
12.4527
12.3334
12.274
14.6517
13.2174
13.9397
11.2039
7.35589
7.5942
10.8635
7.67097
11.7261
12.4318
9.73075
9.85252
14.1838
6.19516
10.9901
6.1609
6.39611
13.2282
13.9577
11.1759
5.35311
9.95917
6.24483
9.94309
14.7059
14.5679
8.54284
12.0923
14.1198
7.13993
4.56048
6.29792
5.14117
8.76724
8.77951
8.63606
14.7302
10.4849
14.9166
11.0758
10.0766
8.60584
10.4549
12.689
14.7578
13.7468
6.06727
8.11967
13.6093
4.38151
8.85824
14.5023
12.4543
9.33223
9.52854
12.0925
12.0191
13.6534
9.56232
12.5719
8.08137
9.7071
13.2732
14.35
12.7064
10.2587
13.1102
6.69909
8.80342
11.6072
11.741
14.726
11.5919
12.0199
13.1224
5.81342
10.2637
13.7022
13.4142
8.1076
14.5094
14.7181
12.9498
10.5815
11.9304
11.8004
13.4099
13.724
4.50566
12.6715
9.115
6.7631
13.3902
8.29072
11.8839
10.2607
10.0237
12.7188
8.39631
9.89079
11.5102
6.17938
13.1387
5.51586
14.4919
8.92148
14.827
10.8687
8.02742
13.5577
6.41259
10.2519
14.3237
11.6564
9.44078
12.5523
14.0921
14.5044
10.49
11.9636
14.5149
11.6189
12.644
14.991
9.82444
10.7369
6.6398
12.1831
9.1377
12.819
14.1874
9.92574
8.45056
10.5475
6.93295
10.7687
11.9283
11.4399
11.4311
13.4519
11.6994
12.9026
12.3414
10.5391
9.64078
12.4607
14.9931
12.391
10.2631
14.1108
14.5493
13.7855
12.724
11.2574
12.8991
10.7732
14.7062
13.5424
6.8546
10.1188
12.2008
8.889
9.7469
4.35122
11.2928
14.0799
11.0015
14.1681
11.6912
12.3392
7.67401
8.04564
10.0388
8.80331
12.6428
12.6612
11.427
14.5057
9.69485
12.8214
11.8898
12.881
8.73033
14.6622
14.214
8.81356
13.458
9.9184
10.8878
9.76407
12.3757
12.2413
8.50392
14.5564
12.3783
12.6026
11.8912
10.7633
12.6386
4.94754
11.8021
10.3578
9.7417
11.8585
7.75062
6.7279
10.4789
11.1684
10.0365
12.8191
11.8944
6.47979
14.0688
12.0327
10.2135
13.8052
10.8965
11.3678
12.3078
8.08886
13.5241
8.33857
12.5959
13.858
12.1461
12.9058
14.7121
9.59646
12.8441
13.9748
12.4323
11.3644
13.2366
12.0715
12.8682
12.605
6.91363
11.5617
12.3483
13.7935
11.9001
12.605
11.4999
10.1885
12.4739
9.98967
10.6066
12.7272
12.0833
14.2145
10.8471
13.565
6.06977
10.0276
7.95934
11.6101
11.3602
11.9712
5.95565
11.9258
12.8539
7.14603
9.4141
11.6473
12.931
8.5493
10.0271
11.1934
13.2838
12.2398
10.0595
14.898
10.8315
14.7337
9.59375
9.16232
10.4764
8.01795
6.77008
9.03032
11.638
14.5702
11.1148
10.7462
8.29435
10.132
13.0855
9.97788
14.3389
10.9286
6.47255
9.61628
13.3959
10.5512
8.83035
14.0234
11.8283
8.57718
11.8274
11.0953
14.165
13.6278
9.66515
14.7067
10.2696
8.52642
12.3513
10.8763
7.46431
8.81139
13.1171
11.0607
13.2609
9.93494
8.80279
12.0237
14.1633
11.2802
10.7375
10.1301
14.5957
9.829
8.47237
8.99552
13.8534
12.7661
10.0857
12.6424
13.3716
9.10999
7.35438
7.72556
14.5167
5.23747
9.52886
7.89184
9.55266
10.1403
13.1626
13.3948
12.5937
9.48044
12.0714
10.0802
13.4784
13.9731
14.3615
13.9683
7.93295
12.1659
8.80915
10.5358
13.3945
8.21501
11.7809
8.39262
10.8453
13.6835
12.223
6.91117
13.0581
10.9432
6.63493
8.89277
10.0355
5.6846
5.05696
12.2762
14.1183
12.0069
8.55243
11.4962
8.17509
12.4646
9.29557
7.96443
14.5973
14.052
8.8919
12.7623
12.0973
14.5388
12.5404
14.356
10.566
8.77345
9.03855
12.7272
8.53901
10.2799
5.39017
14.0603
8.93267
10.7387
11.0387
5.39167
8.74356
12.4155
11.5405
14.7518
5.65031
8.94036
8.59352
8.60871
14.3775
12.9773
12.7189
10.4357
14.4221
13.391
9.3956
9.93516
12.1743
10.2853
13.6713
13.819
13.556
5.82532
12.3134
8.87096
10.6722
9.7683
11.0676
7.31727
9.90169
13.4729
14.4142
9.67414
4.56755
10.6598
5.44587
13.8551
11.1187
9.8246
12.0869
9.96467
14.839
10.2118
8.8435
9.12318
11.7156
9.21811
7.97247
11.8437
10.917
6.08803
10.5497
7.84276
12.818
12.2607
10.7072
10.6518
11.9945
12.3395
12.3316
7.91022
8.97932
14.0278
8.86111
5.53877
11.8625
14.6561
12.5851
13.5377
14.923
7.15937
12.6979
13.5528
11.5282
8.96068
9.24144
13.2939
8.98622
6.20662
9.77186
14.506
4.76795
13.9645
8.5042
12.2487
10.4309
10.0891
12.7189
13.1202
9.21721
10.201
9.75555
13.4313
11.9878
11.743
13.5417
13.5045
14.5322
8.98558
9.10883
6.88659
10.7184
10.1166
10.7183
7.40647
9.96623
14.9716
10.8994
14.935
11.8391
10.173
14.0998
7.77449
13.5953
7.46707
11.4914
11.9514
11.7043
14.5306
8.76549
9.85697
8.77853
9.85238
9.29687
6.60468
11.5997
13.3398
13.6062
11.8999
8.01508
7.23941
10.8696
9.79201
10.3099
9.39381
6.03828
13.2158
10.5793
10.4613
6.23799
13.8109
6.07182
9.92358
8.77643
8.70964
10.8382
10.7773
9.79679
11.8641
13.3851
11.197
13.9108
14.9707
12.0011
14.16
14.6932
12.7226
12.5185
4.87267
13.0199
12.6832
10.5044
8.66612
10.4749
7.33583
11.7696
7.88376
14.8889
9.25702
11.4706
8.22155
13.526
8.45769
10.0343
11.7298
10.0377
12.4109
12.3864
11.6182
7.71859
6.99512
10.4444
13.3677
11.1148
11.1388
10.4182
11.065
14.3707
10.2182
9.65893
9.20712
5.88935
10.4496
9.93538
10.5999
11.2297
14.7511
5.24938
14.385
13.1617
9.78256
10.3303
11.8778
14.3757
8.45535
10.0943
10.0749
9.10924
13.5384
10.7882
9.45657
7.49993
8.6562
14.4516
11.8745
11.9878
14.1877
6.02983
14.0697
13.3399
11.5015
14.7794
11.6825
10.2084
14.8691
9.99012
12.0714
13.833
10.1158
10.9729
14.9735
13.5997
10.6684
11.5326
11.8144
14.2203
10.7052
9.72614
10.767
10.7347
13.2254
10.1921
9.75329
10.6309
13.8531
11.6698
8.68649
10.9801
11.789
13.5235
9.85513
10.2706
10.7533
5.78027
10.7005
10.8944
14.8478
13.5517
9.09879
13.3447
9.52112
12.3112
12.4888
14.6329
11.4802
14.4122
14.3601
4.76283
8.95117
10.8658
7.88699
9.43085
13.1314
8.28498
7.32951
12.488
10.9344
8.58119
8.92149
7.10573
12.9536
11.3357
11.0497
6.68809
7.94466
10.971
6.07664
11.1533
14.7741
9.05932
14.6432
10.5348
5.75618
13.3902
8.08262
14.6167
14.1212
14.7802
14.6185
14.6219
14.197
6.14843
10.8903
10.0342
13.419
8.13734
14.2704
12.166
8.30893
5.84407
6.26137
7.11127
10.86
11.2409
6.30228
12.1288
7.59472
8.03756
7.29723
14.5212
10.0184
9.52441
5.94641
7.23982
8.03948
5.87117
11.579
12.487
9.30684
13.2236
7.31631
12.3199
7.89931
10.154
12.629
10.5364
12.0714
8.03436
14.5386
10.8759
12.3166
12.432
7.80551
10.057
6.17206
4.7939
6.30154
9.13275
12.8892
12.009
13.1115
11.6277
8.54568
9.63976
9.29016
8.51047
8.75968
10.5495
8.04753
9.39667
7.72549
11.2491
14.1407
8.51463
10.2008
5.99428
10.9226
14.8068
6.24596
12.1519
10.4969
9.30986
11.0892
13.8205
11.1933
12.0166
11.7408
11.9616
11.8839
6.13794
13.1167
5.45418
14.5473
7.94687
8.9122
14.8348
9.98305
14.3218
9.6335
13.7535
8.72077
7.34465
11.2532
13.8886
8.14934
12.5798
14.503
10.9471
10.1139
11.822
11.8949
10.7206
9.45126
13.1133
6.03822
5.09841
14.1875
5.74774
14.5658
13.7884
10.3497
9.90335
8.81613
12.1511
14.5453
12.7491
10.35
6.1066
10.0956
13.683
6.66098
8.16667
10.6766
10.021
11.1694
13.385
13.0208
12.4175
14.9112
9.77009
14.999
12.3662
12.1589
7.92147
8.75688
13.2302
6.06318
14.5051
10.9553
11.3635
5.19192
12.9396
8.60296
12.8882
10.9029
9.49595
13.3461
13.901
10.813
14.672
5.45276
14.1432
14.1963
14.6364
8.82835
12.3194
10.8144
9.1176
13.3639
8.59426
9.63968
12.1911
8.91037
10.6486
10.4359
9.62766
10.4891
13.4858
14.1603
14.4539
13.9887
8.39101
7.23642
10.9167
10.6513
11.4463
12.0285
9.43436
14.2882
9.66378
8.64033
10.3864
5.69036
5.66551
5.16253
12.5091
12.5272
8.67966
11.245
9.09987
11.9085
9.73859
11.0056
13.8671
14.147
14.717
14.0614
12.9279
13.3568
12.3032
13.9455
6.70516
9.36725
10.285
6.53932
8.42726
10.3464
11.0121
8.45342
7.46936
12.8036
9.46363
14.0143
4.64768
7.10357
5.11879
12.6809
13.6354
9.9526
10.7202
14.807
8.94921
5.45367
8.50314
7.72722
10.7246
12.9086
10.8533
14.4682
6.12375
11.2164
14.7641
8.03555
9.05372
14.7442
5.84908
11.7155
12.9381
13.8829
10.3357
9.68937
10.5207
14.3471
14.7439
13.4995
7.49231
13.0206
13.6672
12.2244
14.8721
8.5889
13.5357
14.129
10.7529
13.0473
10.0108
4.87367
5.97091
8.84743
13.9044
13.2582
14.4676
9.54491
10.6701
10.756
9.14318
13.6153
13.5968
14.0252
12.337
7.41257
10.2895
11.7707
8.17603
5.17817
9.93072
12.3072
7.76514
6.91237
9.84545
13.7965
10.1786
11.0099
11.1894
8.35254
8.73536
6.30301
10.489
14.1663
14.5265
11.5203
11.4193
10.0512
10.8764
11.0746
9.31692
7.74731
8.8362
10.8197
13.7547
10.0418
12.3934
9.23791
9.29126
13.3971
13.3719
11.3289
10.2019
14.4678
9.52687
9.59408
12.3053
12.3979
11.9779
14.9088
8.54846
7.2882
13.4687
14.3335
12.8948
10.1925
8.68619
14.9144
12.5341
6.57295
12.3728
10.8004
8.61768
13.6864
4.51075
13.5943
7.76897
8.07564
10.5106
10.1637
5.42588
11.4376
6.46756
14.7854
11.6556
6.03374
10.4092
11.3207
8.40866
10.4317
8.26606
13.4232
11.8895
12.1352
10.7416
10.4284
11.8227
13.0847
13.4956
13.2643
9.82076
7.24898
6.25638
9.97818
7.62171
8.77759
12.7388
9.49671
14.2437
5.20269
9.93762
10.9816
6.77417
13.3496
5.70623
12.9325
10.4594
13.4044
10.9619
14.4774
11.0874
10.4465
14.1518
13.8675
13.308
14.3445
5.8964
14.6938
5.92744
9.54311
11.0493
13.6414
10.8931
10.563
10.1302
11.9214
13.7728
13.4074
14.2415
10.2398
7.06016
12.5755
5.47662
14.5748
9.80922
13.5286
10.2691
7.19143
12.536
10.716
13.8378
14.8506
11.6676
13.8604
10.7572
12.3598
8.46712
11.766
11.1474
14.5638
5.09615
11.0008
6.65583
12.9216
13.4439
10.3574
6.22833
14.376
10.0172
12.6407
13.3785
8.92258
10.7996
7.82644
12.1943
9.03294
11.8573
8.06374
14.4638
11.4094
14.6618
14.534
9.74217
13.0566
8.89304
6.78327
10.2268
10.4394
10.6053
12.6059
9.59447
13.6147
14.3317
12.6222
8.52531
10.1584
12.507
5.91335
9.51264
12.6845
10.4718
12.8606
8.27162
11.6488
14.5168
11.827
11.4013
13.497
4.40374
9.16801
9.4741
10.5174
6.07636
9.78
6.25579
8.69511
14.8257
14.3781
10.6908
8.08323
11.1993
10.9239
12.2678
4.38829
6.16961
10.3164
12.4005
11.6006
10.5272
10.977
11.8445
13.6268
14.9449
11.9738
13.6307
10.676
11.385
7.35138
12.174
10.6466
12.3435
9.55028
13.7682
10.0836
13.1721
14.396
13.1056
10.2878
12.2038
7.09254
14.881
7.6387
11.8467
14.318
8.48423
8.80672
8.81009
11.4873
6.4047
11.9478
11.0758
11.7213
12.9921
10.6609
11.5724
10.1707
14.0948
6.18503
12.279
7.9512
11.0362
11.2335
10.5107
7.33409
10.5135
8.6671
12.2733
9.25789
8.52135
6.0477
12.3331
14.5187
6.71771
6.27199
6.32714
8.67922
11.3776
14.9274
10.0619
10.3388
10.8775
14.2743
12.284
8.58304
5.98882
10.005
11.6042
7.331
13.0552
8.67836
14.3802
12.2372
9.86331
13.8028
12.5487
11.7591
13.8043
10.4919
14.7478
13.4614
11.4192
12.6555
11.1138
11.6711
9.96285
11.3333
8.63034
8.01145
10.5427
11.3563
9.04012
11.4167
8.88175
10.2595
13.1052
14.4057
11.6166
10.2492
10.2984
13.6598
14.4036
14.4631
14.7922
13.2366
10.5869
11.9195
8.18982
6.17398
7.9367
10.718
11.686
14.6257
9.41939
9.78756
13.0686
11.8935
8.7106
13.1968
8.61487
9.82382
11.4891
10.3457
10.3302
7.88594
8.62618
9.92158
13.7582
10.5978
11.6809
8.95108
14.4426
4.53265
11.2152
13.7782
8.69444
11.7615
14.617
9.68042
6.39602
11.3302
6.93428
13.1941
11.3373
14.2334
12.0091
13.354
13.7171
11.75
13.3177
11.5379
6.28624
8.91074
9.28619
14.9335
9.14211
10.5667
14.3263
7.87056
9.16325
13.9753
14.308
13.0187
13.8131
10.1267
10.8817
7.76361
14.6219
8.33222
10.042
10.5602
14.4665
9.84819
11.1533
10.3951
13.0781
10.5343
12.8825
9.57655
10.0557
6.47837
6.59897
5.60178
5.1754
12.1688
13.154
9.579
7.97776
6.02496
10.9534
9.49794
14.8276
13.8424
13.5983
10.7804
11.9099
10.971
10.2311
14.8728
7.09498
11.8156
12.5479
9.33153
12.6255
12.4766
9.28881
5.97038
6.30333
11.2581
12.9238
9.62572
11.1274
10.6165
9.60744
4.4326
11.6181
14.6938
4.60539
9.91953
12.3561
12.7836
13.8504
5.86461
10.5439
12.5213
12.332
9.7153
10.8352
14.2239
8.67706
14.3083
14.8759
12.0959
13.612
11.5577
8.93483
10.9703
9.51486
11.5027
14.109
13.2331
6.61773
9.09549
4.3074
6.89019
14.6327
12.7661
11.5359
7.86098
11.4183
9.63559
11.9811
13.2876
10.3218
12.0799
7.29231
9.67745
10.304
14.57
6.29012
13.8268
9.52104
14.0988
12.432
4.28142
13.2863
13.3276
14.953
9.45264
13.2595
11.045
10.3932
12.1825
6.07782
14.7654
12.2603
5.93842
14.3376
9.76897
9.01032
10.1179
9.4851
13.1046
13.4062
14.5348
14.0853
8.61707
11.5622
14.4862
11.8077
7.58736
14.6354
8.19818
13.0991
10.1855
14.6584
11.0149
9.03678
9.34762
13.9154
14.4138
9.50277
9.78108
11.6594
14.3107
5.67522
14.187
11.7242
12.6779
7.01544
8.29152
14.5409
10.257
7.77907
8.06388
12.2938
13.7319
8.76849
9.26638
11.8177
8.10878
9.99388
12.7662
7.53039
6.21094
12.1102
12.605
12.939
12.5884
5.3965
13.2605
7.52177
4.56229
7.9626
10.3291
11.805
8.21092
11.4474
8.4989
5.83218
10.2853
11.7417
10.6181
14.2258
7.88906
12.6559
14.4909
14.1758
8.86872
13.4569
14.6004
5.0345
13.0858
11.6396
9.05603
10.6176
9.59719
11.1239
12.6883
13.8479
7.43943
11.343
10.6866
7.78703
12.6181
9.371
11.5223
9.90279
14.8429
8.86568
10.9129
11.9783
14.619
11.3426
8.56673
5.21026
11.4134
10.8594
10.4048
8.22922
9.76374
11.426
13.3284
10.9581
12.8959
14.5524
11.299
10.393
11.9443
7.87147
11.7201
13.81
10.0987
7.67733
12.6422
12.4396
12.0374
11.9791
13.8139
8.59889
8.74294
14.5663
12.3731
14.1158
9.47248
9.31171
6.11693
11.6031
14.7546
14.9818
9.57849
12.974
14.4184
8.34613
8.2977
8.7813
7.95813
12.4188
14.6851
11.9585
12.7117
14.7922
6.06923
10.1331
8.55498
6.76154
9.13085
12.9096
14.2349
14.6848
9.45981
10.5485
14.0897
11.3174
10.0554
13.448
8.32301
10.7832
10.86
9.38299
12.3179
8.85706
10.9554
14.7278
11.0216
9.35507
11.0892
10.3156
6.93855
13.2056
8.69432
13.8651
6.38635
10.5309
14.0766
13.6996
10.0395
14.69
10.3159
9.06875
10.6409
11.7209
13.1393
13.8242
13.2918
13.0157
11.1641
10.4308
10.6399
10.6789
12.3731
14.2863
14.4529
9.27473
6.13188
11.8379
13.4705
10.5502
13.5739
11.2575
13.9051
11.0539
9.63498
8.56151
14.4674
11.0668
13.1037
14.1681
10.5747
6.40648
11.913
11.3471
9.06693
11.4248
9.78851
8.39472
13.212
13.6311
13.2717
14.6522
10.1206
9.38677
10.8018
8.22899
7.48467
6.17078
12.2336
12.2048
8.77262
12.3159
14.5295
12.8704
13.7955
9.66037
6.185
10.6806
12.4007
9.62422
10.2095
9.88806
8.58521
14.1218
10.5292
11.1331
14.9116
8.86273
5.93709
10.28
8.58305
11.3779
14.4
13.9665
10.7786
7.36959
9.43441
14.6439
6.5778
9.6891
10.734
11.4031
14.0958
5.71661
8.96829
11.0533
13.7344
10.0619
14.1409
13.0898
13.5498
7.46434
6.39802
9.24575
12.8814
12.5023
12.5922
9.91421
12.5499
12.3631
9.76668
14.2291
12.7534
10.1631
11.3446
10.4086
13.4368
13.7752
5.48294
8.24015
13.1691
11.3692
11.2057
6.58827
12.3962
12.0111
9.71106
13.0334
6.73731
11.6077
12.3001
10.0588
8.68475
14.2008
6.20899
8.96073
14.3592
14.5236
11.6138
13.4101
11.9392
9.96673
13.1337
10.248
8.26553
9.62959
5.9442
13.8858
11.21
13.0746
14.7545
10.6425
8.64391
8.45506
11.4088
7.88072
12.13
14.5151
8.84586
10.938
8.3589
10.8559
11.387
8.36161
9.97896
10.5952
11.6052
13.2538
13.0158
8.68411
12.9028
10.2195
12.0038
11.1989
12.3094
13.651
10.441
7.87711
12.2626
14.917
11.7766
11.13
10.6818
13.6991
10.1268
10.2013
11.9785
10.2017
12.2016
12.6883
12.6942
12.3071
10.7346
13.6953
14.6651
13.2296
14.1212
9.69181
12.504
11.9197
9.64737
8.76374
10.517
10.6355
12.2095
14.6701
10.2711
14.7811
5.03773
11.6417
9.23899
14.0065
13.7661
10.3783
11.1419
8.90942
14.1985
9.037
14.5109
7.1431
10.4032
12.6381
5.45062
8.49824
11.5157
12.0206
6.03855
6.11058
12.0718
7.94485
12.2697
11.1067
14.0532
12.2138
14.8888
13.9077
11.8191
9.89774
7.5753
10.1985
9.51902
13.9001
10.411
10.9809
9.03605
5.66166
10.0495
14.144
9.19676
11.875
5.89418
11.3768
12.1133
13.078
10.7064
9.63901
9.63741
12.5674
8.43745
13.3643
13.3849
11.1514
12.0935
14.4591
9.00216
9.57612
8.47684
10.4947
8.84052
14.8887
7.61813
11.8385
10.9938
9.0576
12.0508
14.5258
7.80454
13.2741
4.34239
13.2384
11.5003
14.6004
13.8099
14.3441
14.0746
6.10559
11.746
14.7078
9.6805
10.8948
7.11045
11.691
12.7519
8.51023
11.5132
11.5575
10.4037
11.7527
12.6487
10.864
9.42675
12.1606
13.0114
13.6469
9.64021
14.4399
14.8751
11.9413
14.7012
14.5349
13.7172
11.1867
13.6171
14.2749
12.4196
5.91393
5.28895
7.85976
10.6128
7.79962
10.5867
9.64362
13.9957
6.11759
9.83134
13.4191
11.2342
14.7123
5.66549
12.5166
10.108
9.14958
12.8316
14.3237
10.609
5.89595
6.5537
12.6875
14.5632
13.118
8.54343
9.72559
10.3122
8.52931
8.58997
11.3636
14.3565
13.2214
5.33911
12.5221
12.0973
13.7792
10.207
8.67174
14.7692
9.08984
8.56365
10.024
12.4359
12.1224
14.7288
9.38449
10.6543
7.03975
6.33549
11.9886
10.7197
9.43976
10.9394
11.3074
14.7994
7.97646
14.4368
10.7575
5.74837
8.77857
13.5636
10.1658
13.3002
12.0674
9.21949
13.8783
10.6399
14.0845
12.9683
7.46543
11.2863
6.50292
14.2492
13.0695
11.0619
11.1944
14.4917
12.9199
12.0052
8.49987
9.23233
6.46827
9.03525
10.7562
13.2181
14.1498
5.10194
9.08165
12.2708
10.0221
12.2782
10.2493
14.8413
5.23849
13.6516
12.4148
5.75311
7.9212
7.91054
12.1307
12.3016
14.0163
11.4067
9.05153
12.8753
12.855
14.8743
11.2797
11.7489
12.8711
9.55591
11.6261
9.44912
13.007
13.031
14.0674
9.37277
13.5493
10.127
12.0856
13.9134
11.4849
12.6484
13.9792
12.0433
13.7007
14.9452
14.1923
14.2743
13.2363
14.6288
11.4014
13.7077
10.1994
14.9977
11.2166
14.7883
14.1623
8.9736
13.2831
6.91192
10.1672
11.601
10.6507
10.4914
13.1065
13.0226
14.0176
11.0701
9.92831
11.0594
14.2264
9.2895
8.83602
8.82406
12.3132
11.7473
12.2614
9.24236
12.3908
9.098
10.2318
14.4683
12.4286
7.01634
5.69942
12.0531
12.0545
10.5687
11.3627
12.9207
7.32006
13.3142
8.17386
14.6189
5.62119
12.8499
12.4648
12.6073
12.2624
14.4098
13.0233
10.6753
13.6832
14.8139
10.5917
11.9799
9.6274
11.8596
7.92522
14.4654
11.612
14.6856
14.1905
11.9077
8.40072
12.8103
11.5527
10.5682
11.8653
12.3157
13.9477
10.2071
6.15229
8.38967
9.56057
6.92961
7.58129
11.1583
14.8529
13.3073
14.4277
11.4017
13.6549
12.3258
14.8876
12.5482
14.3942
12.5698
9.04872
9.24273
10.3452
7.07472
13.1603
8.58669
13.4345
12.9656
13.3796
8.94216
14.1829
9.79197
6.96902
6.12752
13.8996
11.8417
11.6115
8.29626
13.1443
12.5902
14.2999
7.67347
9.55862
12.3567
11.2422
13.3475
10.9532
6.71479
6.91397
9.1992
5.981
12.0488
8.15302
10.6772
10.8083
12.4902
7.6149
9.86194
14.3661
11.3393
6.01509
11.0067
10.2432
13.6943
7.8377
11.0508
13.3365
11.4495
11.9382
5.13482
6.78839
5.97511
9.68339
9.09349
14.1362
10.4767
8.62172
11.6284
5.90356
5.99557
11.7133
10.8336
13.2952
10.442
14.4811
11.601
12.1424
10.5344
13.809
12.1566
12.6728
9.19414
8.98781
10.5466
13.6669
14.1374
13.9451
8.4031
8.7522
13.7397
13.3693
12.6494
10.5706
10.9264
10.3994
11.6688
12.7811
9.50661
13.8256
12.9254
12.3826
10.2906
14.4011
13.4079
9.78
14.42
14.9466
9.30048
14.0722
8.61552
11.4689
6.59985
10.2863
11.7929
12.5029
13.4564
5.76103
10.6478
11.637
13.0449
14.3519
8.53333
12.7167
11.066
8.93786
8.29135
9.41602
14.5827
11.982
5.49821
14.1103
9.88276
11.6822
12.3357
11.6496
11.3182
14.7568
13.9705
14.4034
14.8712
13.5356
7.2453
8.9009
11.0675
10.7824
8.47049
10.2328
9.13562
7.10167
12.0382
10.2515
14.4223
12.713
12.7907
14.8961
6.1552
6.13284
9.58229
10.9927
7.85223
10.6187
8.40388
7.803
5.96972
6.33166
11.6337
10.4753
12.5778
14.4174
10.9097
11.8355
14.995
14.2601
10.7459
10.1206
11.2039
7.5949
8.15627
14.7884
10.0412
9.0036
12.1919
8.84533
13.881
12.4905
5.10473
8.05986
9.39309
11.1694
10.9501
5.81159
12.1322
7.79118
14.3017
13.7584
10.767
10.4293
10.5276
10.9782
9.80681
13.5976
14.5783
9.97658
7.60251
7.4544
9.64781
9.84962
11.6245
13.5655
11.0917
7.98345
5.52711
12.3639
14.882
7.70823
12.517
12.2553
7.4549
10.2918
12.4253
7.58186
12.7303
14.107
6.80258
10.2461
11.6339
11.759
7.0521
11.2292
14.6229
13.5167
12.9323
9.96994
10.3156
5.24516
12.247
14.4402
12.635
12.285
11.7586
14.8934
12.7503
14.6573
12.2535
13.7875
13.2139
13.8056
14.7524
14.3663
13.4598
11.3158
11.9835
11.1087
10.1208
5.16408
9.54164
11.7787
8.90753
5.50357
10.5901
11.5717
13.5214
13.3132
12.3309
10.1381
12.9493
10.1011
14.9124
6.09916
11.0725
13.2713
14.2651
12.4435
13.9417
9.48974
11.4921
11.9156
12.8012
9.1853
14.4113
10.8523
9.98811
10.4026
9.99171
7.67515
14.8356
12.1283
9.74003
13.6996
13.8015
11.7388
10.7237
11.6278
12.0283
9.91934
10.1662
11.3642
13.2048
11.3979
12.5831
10.9786
12.8487
13.6739
10.6285
12.9546
7.80495
13.5988
6.91539
13.4112
8.7158
14.3965
10.1398
6.42062
14.2604
10.1214
10.3116
11.2966
14.2965
10.4634
10.8711
11.2069
10.5607
13.8743
14.0809
12.2278
13.5586
11.5588
14.3659
7.38358
10.6281
12.2633
13.4068
6.76356
5.50294
4.81044
12.8939
14.7022
8.59199
14.3216
14.1947
9.83619
6.43774
10.8769
12.1347
10.8245
8.6831
12.721
10.4367
13.7292
10.1149
10.3333
12.1611
8.55134
13.7429
6.17677
12.2242
12.8047
11.6633
6.47908
9.68613
10.1133
11.6462
8.67986
13.7655
12.0838
10.8341
9.98125
10.4981
9.96715
13.8387
11.1777
14.7117
8.32552
11.0558
13.0869
9.20183
7.47772
14.4376
8.71834
14.5599
6.7276
8.92186
12.867
12.1444
9.90979
13.1693
8.54248
10.8673
9.53757
9.87346
10.3932
10.2831
6.61918
12.697
13.5796
14.2176
9.73082
12.1333
8.36039
7.80626
11.8445
12.7179
11.6066
13.6737
12.67
10.049
13.6872
12.7876
14.4678
9.32542
10.0928
13.0284
7.85467
10.0724
12.6194
10.266
11.4127
13.9107
9.02761
8.21603
8.08727
12.5007
8.92537
13.0773
14.6035
10.5847
13.6677
11.9603
11.8978
6.3088
14.905
11.7789
10.1128
8.24598
10.0217
12.2551
11.3815
10.3898
12.3711
14.2344
10.5804
14.3481
12.5937
14.7312
11.2979
10.6229
11.1881
14.3892
14.2498
13.2089
10.7995
12.6523
12.1266
5.54464
12.0025
11.2115
6.28954
11.7827
10.8929
10.8295
4.4038
11.4374
10.7242
10.1787
14.9506
12.7878
13.1515
9.86274
14.9063
13.1297
12.8495
10.1881
9.56225
9.36131
7.30735
6.2945
8.95433
10.3343
11.7477
12.8573
5.46459
4.59533
6.49
6.48413
10.1743
12.8257
14.1229
14.0989
12.7123
11.2227
10.956
12.7503
10.374
5.92815
9.04629
13.9695
11.1528
14.8484
6.17524
10.3702
13.3504
5.91089
12.0555
6.34269
10.0709
10.248
13.5098
13.3593
10.7099
13.6605
13.5626
9.02756
11.533
10.1229
12.5366
8.35479
12.4873
12.5717
11.8729
14.6955
12.0369
12.2503
13.4245
14.4889
14.0965
7.15664
10.8532
13.1393
14.3487
11.9012
8.67279
6.03186
8.44776
14.1102
10.1918
8.49926
9.29665
5.52092
12.1283
12.1167
10.1698
7.48229
14.0798
14.8853
10.6504
11.9233
13.018
9.3837
10.4746
11.1081
12.6892
6.11485
13.94
12.1411
8.68212
12.9746
11.8482
6.32083
10.2052
13.867
5.89328
12.9735
11.564
8.65257
6.40391
13.5354
11.7562
6.28152
10.9406
9.30923
9.23896
10.9868
12.3123
4.04998
10.9855
12.5545
11.2647
9.18043
10.4663
10.1427
8.78339
9.69143
8.41329
8.85373
14.7796
10.5971
12.3448
5.65076
13.53
10.724
14.1977
12.1018
11.0436
12.046
11.6877
11.0421
7.14296
8.01521
12.4143
9.71889
6.13886
9.59812
14.8445
10.2131
11.2793
5.89958
5.38852
12.057
11.0618
8.16587
14.3499
10.6453
12.8042
11.6038
14.1597
7.67283
6.52906
12.2213
7.71851
8.70501
5.21863
11.8464
9.14279
12.9157
12.6231
13.8813
13.0442
12.1564
13.2318
11.0221
4.85102
8.44783
9.77501
8.62557
10.56
6.20143
9.83104
11.761
12.534
13.9192
8.92243
10.6737
6.24068
13.6299
11.2013
11.8565
12.543
5.93078
10.0373
10.4487
10.4421
11.2485
13.1925
12.8155
13.4154
12.111
10.5697
6.21801
13.8476
8.87746
11.9652
8.65784
12.6515
8.37339
6.10612
8.88889
14.4521
13.2627
12.2098
9.08693
14.6545
14.4307
9.03883
11.146
13.7769
13.6549
12.4309
11.3515
12.3875
8.76571
7.64124
9.79722
10.6341
7.99092
11.1752
9.93244
7.90416
10.3475
6.96646
11.1777
12.2391
14.4304
14.3865
10.4205
14.3395
11.6609
11.8367
8.1046
8.71089
10.6148
10.4787
9.70551
13.2102
14.175
11.8698
12.616
12.6616
10.6801
13.9824
6.32705
10.6287
14.0756
7.90341
13.4912
10.9955
13.7799
14.4568
11.0014
10.3942
8.47875
9.76576
13.5512
4.33726
10.4262
14.5458
11.9103
12.2967
10.9341
11.9292
12.3459
14.1369
10.7062
14.3913
5.74793
12.4502
11.7715
14.3093
11.7623
14.9054
12.6003
12.774
9.53417
7.90765
14.6162
14.4274
14.3041
11.6836
11.1554
14.9642
10.5673
9.89844
13.0669
12.4887
11.5225
7.74884
13.9501
12.0663
11.5695
5.03747
8.09359
13.4277
13.2954
9.97691
10.8904
9.64905
11.5227
14.8359
12.7976
14.4672
11.5485
13.6639
10.18
6.02271
5.78498
12.545
6.63885
6.11461
7.59088
12.3531
8.87218
9.32564
11.7182
8.85957
11.172
12.2158
10.0885
13.9974
9.78732
8.33109
9.36901
8.98823
10.6808
14.395
12.1433
14.0581
11.3876
12.424
14.4282
5.39827
4.35492
9.90224
12.3191
14.6193
10.4611
6.37036
13.7334
14.1111
4.21437
14.1996
12.8447
14.0045
14.7624
9.3912
13.5315
14.6345
8.65763
13.1685
14.5219
11.2208
11.9283
11.4093
13.773
13.7122
9.05852
10.3035
10.9121
8.39996
12.7208
9.68118
10.8065
6.62781
13.3549
13.1394
8.6149
13.8784
13.6143
9.31207
12.0831
14.7477
12.9419
9.42151
14.9986
12.3898
11.7958
6.14488
11.071
10.4608
14.1314
12.9921
8.94635
14.0124
10.3869
10.6668
9.47953
9.13435
12.4638
10.0828
13.1803
8.40677
9.85212
10.1618
12.1732
12.4907
8.17945
10.4275
7.96165
5.6736
10.3842
13.1098
9.55527
6.09798
6.19249
10.0768
13.8553
8.83302
10.4561
8.54773
6.13484
10.6718
12.2039
11.7374
9.61838
10.6896
12.7921
6.07365
12.0267
12.7658
12.2913
5.64846
9.98098
9.10455
12.8628
13.6745
7.38375
4.99769
14.2734
12.0243
12.114
11.2041
11.3065
9.29015
11.271
8.70256
13.9572
12.0499
7.93702
12.4788
12.7959
13.0512
9.70209
11.6279
12.3278
14.7875
7.72651
7.28739
11.8974
10.6302
9.54419
11.6643
11.3284
10.1208
12.0961
13.5639
9.40032
7.59867
5.88483
12.3543
14.6261
11.9829
10.0449
14.8264
11.3029
13.7538
6.8623
4.45412
12.8017
12.81
13.0716
14.2905
8.10388
5.09005
8.17573
9.71959
12.0598
13.7697
10.7591
9.44764
11.7843
10.4244
12.1395
11.4101
10.7176
10.651
12.894
8.95599
6.03985
14.2659
11.2408
14.9213
9.1523
12.5741
6.21531
10.8382
13.3481
5.15086
12.2904
14.3825
13.4789
14.2091
14.9427
10.4284
10.0348
9.17622
10.4653
6.19735
12.8849
13.0842
10.3617
8.86033
5.49514
9.97433
11.9101
12.0263
9.89676
11.1443
10.6811
12.1441
14.3389
14.9176
11.5158
14.3856
14.5744
10.8719
13.9314
5.99892
11.2428
6.01726
13.4038
8.23182
11.4662
5.82918
9.91695
6.97673
14.5982
11.7608
11.6507
11.4161
11.2828
11.414
11.9519
14.7132
11.8196
10.6763
12.7792
8.75362
14.5064
8.82519
10.3598
14.6866
12.6633
11.4073
5.56491
13.6022
7.45322
12.4385
13.6133
12.6793
9.86266
10.1823
12.1588
10.2989
6.04804
10.3931
14.6947
14.4271
12.6032
14.1713
12.4118
12.7681
10.6753
14.2863
13.151
13.9132
14.7255
7.04328
11.9858
11.7575
5.42236
11.717
13.0983
11.6892
12.8423
12.6782
6.06566
11.4635
11.6358
7.69421
10.4255
14.9959
11.2987
8.88422
10.7692
7.093
7.82317
14.55
12.0768
8.52584
8.47908
6.13773
7.8635
12.334
13.4984
9.96426
9.11189
5.98156
8.20057
13.0923
5.21054
9.11035
12.4592
6.1238
13.7368
6.19147
9.7778
9.29061
11.7195
11.5265
12.7345
11.1315
12.0959
14.1299
14.6568
10.142
5.15282
7.2786
10.5309
12.4968
9.60137
11.5786
12.5931
9.47551
14.1489
13.1527
8.66928
7.94929
10.9519
14.2367
13.1334
14.0759
9.88657
6.85893
9.75154
12.578
12.1808
12.2292
8.7879
13.029
11.5764
13.5172
10.1206
9.96175
13.7864
10.37
14.4428
11.1476
6.09997
10.8606
14.1614
13.4008
11.1071
7.19566
9.34196
12.7624
13.1073
6.83053
11.0445
11.2454
9.49246
10.9349
7.68982
14.8178
10.0601
12.3379
14.5962
12.6376
13.3572
11.3602
9.71275
14.5354
11.3918
9.82095
5.99552
14.0006
10.1478
10.1335
11.7486
7.88402
12.379
9.95181
11.2984
5.40376
9.45034
11.0755
13.2889
7.44938
10.8811
13.0046
11.8959
9.07
9.23733
12.657
11.2846
11.2098
7.72415
12.2832
8.49247
6.92672
12.1738
12.8113
10.9764
13.5098
9.6938
11.2664
7.97188
8.108
13.7646
9.29298
13.6585
13.7319
13.3437
12.9316
11.125
13.7105
9.85518
8.75457
14.5677
12.0512
13.951
13.9139
9.79959
12.2784
12.25
14.6378
11.7779
10.6979
6.9588
10.621
10.2132
13.944
10.0907
7.88834
10.1414
12.4216
13.5235
11.4297
14.7042
12.88
14.066
14.56
13.2335
14.0417
7.52284
14.5796
14.5501
8.64857
10.6564
14.5733
14.1812
5.51772
12.979
4.49365
13.118
11.7869
8.82253
11.8945
8.76354
13.7389
4.97201
7.59298
9.44305
8.80007
5.99865
5.72439
14.2758
11.1797
14.5476
12.1999
9.32472
10.4199
12.4569
14.4476
11.7601
11.4888
9.32654
13.9601
13.6038
12.9841
11.7981
13.1381
14.4589
14.9116
5.46146
10.7916
10.9815
10.5775
9.46912
12.9961
14.0529
9.75645
8.97658
11.6095
13.1741
14.8245
9.70409
11.084
8.03215
12.2311
13.1064
13.9425
12.6426
10.9962
7.82894
13.6775
14.5147
9.96781
7.04954
8.26595
12.8533
6.60204
13.9862
11.3931
8.99026
12.3818
14.0135
5.16674
11.8376
13.4491
12.1452
12.7454
10.3052
11.3917
10.6851
14.0418
13.8773
7.73977
14.5642
14.74
13.8226
12.9168
14.6695
9.8959
13.4785
8.03119
12.4777
10.3082
5.62669
11.7025
11.7394
12.1121
5.95289
12.6024
10.8007
14.3932
13.7262
12.8023
11.7516
14.327
8.60992
9.09335
8.83048
12.5252
9.929
12.9167
10.3091
13.94
9.70713
11.6131
10.1576
5.94581
11.563
9.39001
5.91028
13.5884
12.0282
14.004
11.6364
10.8611
9.09229
12.6224
10.1773
9.78583
10.1925
8.69797
12.6611
9.38154
13.067
14.9016
13.1519
13.5985
8.99928
8.21485
8.83052
12.032
11.2968
10.0807
6.24572
11.0231
9.42231
8.46888
14.8371
7.31814
12.6162
8.85801
14.3935
9.49217
14.2432
12.1679
13.9583
14.1697
8.80087
10.9011
13.6588
13.3192
9.41735
13.1824
11.5326
13.9295
5.16424
10.4003
6.52004
13.2947
10.9274
6.3958
8.56608
14.8178
9.03813
13.0862
5.63003
13.5482
11.0586
11.3613
9.00639
9.67206
11.7564
13.9218
4.81769
12.5406
13.5878
14.2729
9.30724
9.02542
12.4566
12.5128
12.2769
9.30902
14.6527
14
5.10849
14.4049
5.76031
11.7356
11.3305
10.2931
12.7796
7.18833
12.367
12.7326
14.3451
13.1123
13.3373
13.4984
12.1973
7.94756
13.2413
12.7146
10.528
13.752
8.08262
14.2678
7.15487
5.43853
4.514
9.58316
10.8905
14.0527
11.3411
11.421
11.0351
10.2505
12.0108
14.5553
12.2351
8.55823
13.9844
8.4114
9.99327
10.1785
14.4222
10.8938
9.55724
7.06768
10.3876
11.5012
13.0256
9.69989
5.57901
14.3728
14.3672
10.9746
14.7146
13.8776
9.57007
11.5208
11.937
10.5255
8.60399
11.7311
4.60663
14.2451
11.7289
13.0769
11.0215
5.29753
12.878
8.3927
11.6364
8.96346
6.91299
10.0984
11.8468
14.1242
9.35456
11.3627
6.05128
11.5981
12.3361
14.9337
11.505
13.6864
8.69722
5.92918
8.51139
13.1097
8.52924
5.21744
10.4823
9.82438
14.8226
9.64197
7.25933
11.0947
14.2036
12.3486
11.4688
13.3091
5.23918
6.5196
14.953
12.836
9.95817
9.36585
10.5736
12.8631
14.3879
6.56404
10.0682
11.3191
6.66556
12.7776
8.50529
5.84402
14.8456
11.7157
6.55907
9.83604
11.7712
9.98568
11.1138
10.3162
12.5318
14.1962
5.64407
12.0728
13.6888
13.9092
12.9909
12.6331
8.00133
11.1641
10.2208
8.83185
10.9681
9.31983
10.5692
10.9614
12.7949
11.2702
12.9767
8.63972
5.58384
14.9521
8.52604
10.741
10.8475
6.57245
10.1233
6.56642
8.76167
13.383
12.878
13.8674
11.499
13.3529
9.79646
12.3554
10.5162
11.7171
10.6585
10.4452
12.6532
9.28181
10.645
11.1394
9.83371
10.5943
5.99706
12.0545
14.6039
10.5112
11.7077
6.52339
13.5817
8.66271
13.8209
14.0674
8.42316
5.96955
10.6279
14.4394
9.44846
12.0405
13.7287
6.0375
13.8007
12.0013
13.7997
11.2482
10.1124
13.1537
6.073
13.1723
13.5411
12.1508
9.86945
6.8659
8.86205
13.479
10.7425
9.61374
14.2089
14.0044
14.7893
10.241
10.108
9.83688
11.3225
8.06255
7.45141
8.77062
5.82698
12.5164
13.7147
12.1827
12.5917
11.002
13.2779
14.3141
5.57091
11.7956
10.2301
12.9905
9.53775
14.9179
13.9435
11.5578
4.42655
14.1217
12.6438
13.2847
13.9325
8.44876
9.16542
13.6967
4.37394
9.55894
11.4213
7.93598
14.9782
11.8227
6.91536
14.0269
8.78942
10.0216
12.1549
10.3336
9.18666
6.41081
6.47047
14.1212
11.331
5.83743
14.8267
13.6137
12.6064
11.496
12.824
10.9676
12.8189
13.5532
10.5649
5.93162
13.641
13.6597
8.51743
5.67182
8.50596
12.6771
12.1975
10.5268
11.376
8.31888
5.80207
12.2804
13.8456
10.2477
11.4964
9.02774
10.3379
13.1308
11.7241
14.2578
5.99913
10.0226
14.0446
13.1324
6.77557
12.5196
5.26994
11.3956
11.5111
14.2397
7.26798
6.20204
6.95591
10.6368
14.7869
10.1377
7.43235
7.025
10.5865
6.15793
11.0105
8.62404
10.6447
6.78961
11.9589
12.9366
13.1579
9.33877
10.6317
13.6808
14.6657
11.7702
8.67024
7.90468
10.695
11.5236
14.9097
14.9984
14.8496
7.43847
10.9608
7.74906
11.7385
4.80902
5.39187
9.39754
11.7051
11.9116
11.703
9.6547
9.63168
10.8115
9.66528
14.3428
6.26797
11.7435
12.6532
10.8387
14.9549
8.96329
9.72938
10.7192
12.8996
4.7285
8.83972
9.19347
14.9114
10.7843
10.0459
11.3697
12.5191
7.63551
14.7541
11.5799
13.7224
11.3874
14.5456
6.07668
9.97009
5.28013
13.3748
8.64214
10.5927
8.29892
11.7299
11.9899
12.6443
13.3524
14.2863
14.3678
10.3902
9.57033
12.0131
14.6599
10.7711
13.5696
9.49476
5.91908
7.19133
8.92305
14.2198
10.4041
12.3923
13.1056
12.7909
13.6473
12.0848
8.01058
12.8224
14.0183
11.9948
9.6766
9.32293
13.5821
14.7473
9.81116
14.2002
12.1138
13.2274
13.2841
14.4644
8.59995
14.6351
10.1533
14.813
12.0287
10.4944
14.8467
12.3238
8.57316
13.8051
9.7412
10.5259
9.78856
9.72838
14.6473
13.3475
3.88142
11.5363
8.46044
10.4853
10.7994
7.50393
11.2577
12.7654
5.84856
9.67745
14.9757
6.38098
9.05289
11.8972
12.8434
10.5499
8.03724
13.2772
14.1386
11.0146
8.20607
6.5854
8.58084
6.05787
6.14774
11.8814
6.86251
14.2626
13.5121
13.6192
11.3448
10.4529
11.7388
10.6028
14.2053
14.6868
13.1873
13.9127
14.8423
14.3224
13.267
14.0762
14.7584
8.2209
10.8055
13.6883
11.4618
10.6624
14.4452
5.1703
9.99483
6.3973
13.6543
10.6409
13.6129
6.58763
10.9704
5.85884
13.401
6.83504
12.414
11.3726
9.78833
9.7462
11.3568
11.0893
11.5502
5.65424
14.1306
8.92228
13.3044
11.0436
10.037
8.72248
11.9213
12.2193
13.2046
12.0739
6.14067
12.4293
11.6892
10.1943
10.6059
11.5144
10.3415
14.2631
14.307
11.4119
14.7816
8.32919
7.90687
12.6392
10.3413
9.02554
11.5773
5.94321
8.21393
10.6413
9.00417
12.8589
9.08914
14.4618
13.0546
11.4552
12.2549
11.1959
11.9985
8.45417
8.37351
9.48646
9.83701
10.7957
11.2126
8.1089
4.48272
10.7637
10.8883
7.82407
13.8668
11.5558
10.0979
12.933
12.3008
6.06513
8.55661
14.1886
14.1679
8.54904
8.60373
11.3529
11.3768
14.35
10.8952
11.5987
9.64673
14.5665
10.4598
8.85278
10.9659
12.6497
11.4832
7.50514
8.66491
11.9393
8.12054
10.3505
10.5029
13.3899
11.7876
8.60757
10.906
13.0446
6.02116
14.8528
11.1367
4.41153
5.15659
11.5823
13.4455
13.8697
7.95797
14.324
4.47319
5.19447
11.4796
11.5323
11.8614
9.04499
14.5216
13.4585
14.2501
9.06183
12.6446
12.1426
9.90127
14.916
9.13546
10.3861
9.11672
7.83711
9.23155
6.55317
7.25941
9.83425
8.92454
14.15
8.56637
7.06231
14.6413
14.5263
8.68633
10.5759
8.42175
10.479
10.9616
11.5
8.68812
10.2571
6.48524
13.1749
12.6277
8.85831
5.4766
11.6787
11.8847
10.4658
6.21885
11.7022
7.26794
13.0474
10.7349
5.95048
10.8269
9.87097
11
7.88825
14.2636
8.65082
10.4097
11.3118
7.71898
7.34052
12.3473
9.27685
12.6067
13.8268
8.24327
13.9103
12.2733
5.64933
6.8728
13.4933
7.88091
11.5592
11.3708
9.77023
13.8626
14.5955
8.44328
9.5064
14.2869
12.7611
8.41401
11.6313
12.5399
10.0277
8.43427
14.083
14.085
14.4511
13.6942
11.3652
12.4328
10.59
14.8716
6.50964
10.5476
10.5476
7.31398
9.81123
12.9308
14.2523
12.8684
12.6356
11.7407
12.5022
14.5019
8.6408
14.5338
13.9276
13.5082
12.5032
7.02605
9.50095
11.79
9.91375
9.09198
5.87346
7.82698
14.1302
12.4971
14.4249
8.05856
7.69446
5.5507
10.6007
10.4907
9.15176
6.4434
9.75311
11.319
11.4648
12.1581
13.9167
5.82918
9.77254
12.6872
13.7634
14.2352
6.42089
12.6794
14.361
10.7215
6.45411
9.50981
13.4525
13.8327
10.1988
12.3059
7.22971
13.2917
14.2503
9.30102
8.3689
6.16422
14.334
11.7007
14.5878
8.19577
7.86571
10.19
9.21356
14.734
4.25458
7.33279
14.4323
14.4329
7.59138
12.9975
11.2848
12.9319
8.98659
10.8875
6.81006
6.34064
6.25041
13.2176
14.7377
12.0674
9.90757
10.9357
13.9589
14.4428
8.84479
13.2189
9.44132
9.31239
14.4843
11.346
13.6277
11.0924
14.8525
10.644
12.5529
5.83454
10.2045
10.8515
5.13367
10.2105
12.6573
10.2053
13.463
13.7596
9.95159
12.5892
13.1231
14.7415
10.0066
9.88663
13.1708
13.6009
12.4651
13.6426
10.5287
9.75807
12.1462
14.2585
10.6615
14.9043
8.88661
12.2109
12.7753
13.2199
8.52701
12.4869
11.9387
11.8494
12.1537
13.1774
5.63317
10.2252
10.8237
10.6195
14.1987
8.55646
9.94227
12.5121
8.66545
8.73482
12.5736
8.53935
14.1988
8.79209
10.3187
11.48
12.1141
8.48379
6.27884
8.65203
10.1711
12.1138
12.9701
9.2492
13.5412
10.7317
9.41442
10.6511
13.0687
9.4653
8.81048
9.5083
11.2902
11.3271
14.5951
9.09689
8.95681
9.8368
14.5336
4.45003
10.6257
10.3247
10.6762
9.68917
7.25786
13.1894
5.4194
12.4632
8.787
6.12594
14.0776
12.369
9.75239
13.9679
14.7476
12.1497
11.1964
4.79068
12.1362
5.7347
11.3416
13.7552
10.2504
8.83196
10.8389
11.9259
10.1839
8.67163
11.4863
11.0421
12.7863
14.4477
11.9284
9.62457
8.88686
10.1541
10.6137
7.20467
8.59686
9.01651
8.31299
13.929
6.9772
8.10368
11.4975
9.94283
5.73178
6.23423
10.1696
9.07579
14.3982
13.0077
13.295
12.5084
13.5033
12.4745
12.5169
12.4996
12.227
8.85962
14.8136
14.8583
14.0734
5.2782
14.9954
5.81018
11.9625
10.6068
9.82083
6.50268
9.51461
12.4614
8.91959
13.4373
8.1912
11.693
13.4607
10.7424
10.525
9.10491
5.78137
12.975
13.6749
14.3954
14.8399
10.3349
12.1669
5.93537
13.9609
12.0284
10.6069
11.2891
12.3628
8.54541
8.64806
6.06378
10.4836
12.6254
14.6402
7.91787
10.468
12.3419
13.6908
9.56379
11.2549
12.9351
12.9831
9.1169
8.64407
13.3055
10.9903
8.22921
5.8742
12.6708
14.1387
6.25226
10.6838
5.31649
12.8287
9.60679
6.0218
14.3838
9.52789
9.34669
7.71128
11.9167
11.6869
14.0545
12.145
12.9488
10.3074
8.30851
7.32792
7.50887
13.238
9.80773
12.2643
10.9748
6.71086
13.8998
10.2189
12.1801
14.2164
13.8836
9.57865
9.87463
11.1548
9.94883
10.5793
8.50541
13.1068
9.75635
14.7282
8.64635
8.53856
12.0931
12.4859
10.4274
13.3483
11.6871
7.04638
11.9674
10.8895
9.04038
8.67547
13.0966
7.82893
10.5062
13.0772
14.4175
13.1075
13.3307
12.257
14.363
10.155
10.3747
10.1368
9.47593
12.4409
9.37544
13.5742
14.1055
12.7142
14.3404
10.0013
6.36596
8.71366
11.8453
13.2051
8.2913
13.1226
10.8058
5.62969
10.3665
13.3923
10.1706
13.7751
14.3508
4.37735
10.1967
10.964
14.2137
13.8614
11.9198
11.7227
11.8333
8.77855
12.874
13.606
8.57508
5.79595
14.7097
14.4811
14.8006
9.90561
14.0422
10.3736
10.7432
8.07966
8.46566
8.58248
12.2742
11.5631
11.0193
11.0893
13.2551
10.6855
11.3617
13.6296
7.24702
8.80254
12.527
11.3096
6.85428
4.46617
11.0667
11.5136
12.4582
7.77288
10.1528
12.9653
12.551
12.4675
14.8027
14.0477
12.7399
11.7955
6.03114
12.5848
7.41454
10.1699
11.8788
8.9029
11.5789
11.2205
8.87448
13.1136
8.7254
14.3715
11.1388
12.0157
6.00583
9.88217
14.0427
5.64284
6.41339
14.4323
10.694
10.5475
10.8612
9.55224
5.90248
11.2357
13.4201
5.36433
12.1749
12.3197
8.52554
10.6621
14.7104
14.6998
9.04313
8.4197
10.257
14.2741
9.71616
12.4337
11.6476
12.6559
10.1819
6.03181
11.8363
9.46855
9.93143
13.4154
6.56175
13.8564
12.9975
11.2487
10.3063
6.69458
7.06604
11.0982
10.6711
6.52146
10.3695
9.97847
13.384
10.6887
8.66966
11.0817
14.3081
11.7551
10.0704
13.8868
11.5456
9.87733
10.7394
11.6137
11.8544
9.46294
7.23307
11.5296
10.7997
13.3898
10.2565
14.8553
13.3636
12.6755
10.0275
11.5524
11.0911
10.8545
9.11188
11.8875
8.7205
10.0746
10.5671
11.688
14.5613
10.3958
14.6916
8.37896
12.8854
13.3627
13.5507
14.4885
13.0579
11.3841
13.0768
12.3299
8.58521
5.88115
9.77536
12.3588
11.8763
5.63763
9.17732
6.87716
9.93574
10.4915
14.4401
11.419
6.43121
13.5959
14.6279
11.9776
12.0855
14.0201
8.09088
8.77578
10.337
13.5331
6.14158
14.6546
7.93592
12.408
7.96843
10.1784
14.5752
11.0093
14.58
13.9386
8.76928
7.01173
7.73381
9.70328
14.0923
9.55255
13.0116
12.5052
8.56858
6.95481
6.32946
12.3084
10.2141
13.6514
13.0589
6.58839
11.6607
13.0385
12.26
9.56301
11.4644
12.5613
8.50377
5.98398
9.21012
11.7085
7.79018
8.27556
6.1097
9.7862
9.45549
12.4772
12.6945
11.3242
9.61189
10.7385
12.8091
12.6403
13.7083
10.5187
7.68589
11.422
14.6303
11.1021
10.4264
13.3061
9.90903
11.5021
9.00473
10.0086
12.2566
10.6817
9.71947
14.1494
14.4135
14.4238
12.2956
11.665
9.95204
10.851
12.1972
14.6096
12.4705
8.64073
10.3054
14.4198
14.7523
14.251
9.47236
13.5589
6.1064
12.2085
12.057
7.2094
14.9837
11.4638
6.00122
11.7426
13.1807
11.7226
7.99418
8.75236
9.55623
8.74562
11.0638
8.73459
14.5283
11.9783
7.6832
13.1392
14.6148
10.2873
5.74536
13.1281
10.5244
11.8346
4.87244
14.4481
10.4105
9.9082
12.2112
8.66995
9.66162
6.11284
10.5233
10.7032
10.3982
14.1175
7.80421
7.20097
13.4238
12.9442
11.3531
10.8349
10.65
11.1658
10.9678
6.76729
9.73113
8.69551
8.03069
11.7461
11.1155
13.7539
11.3468
6.4981
14.1666
12.5317
14.8798
10.6717
12.9205
5.08861
11.8474
8.91299
12.2414
9.38238
8.32691
5.44149
9.55842
14.1762
14.9886
13.0858
13.419
14.6093
13.7388
11.0635
10.4953
11.0643
7.58245
13.9485
12.9504
14.8989
13.4953
8.73275
10.3496
13.8927
12.847
13.6206
14.5374
14.9154
9.33514
13.7496
5.00933
13.5139
12.2913
14.1537
11.5236
12.9903
12.0779
14.5652
11.066
10.3157
10.6953
8.52531
9.20297
8.79548
8.77004
13.6689
12.4203
12.3626
8.15581
12.4049
11.5868
14.3776
7.07821
11.7151
14.3111
7.09851
12.0882
11.4827
7.75552
10.1024
14.9164
12.6454
9.81238
8.71932
9.49669
6.42154
11.31
12.7959
4.42621
11.7228
9.90611
13.0101
13.3514
12.7528
6.33306
11.958
13.2896
11.6882
9.43935
10.3644
14.5255
12.581
8.6419
10.9173
11.6961
7.97903
12.5225
14.7025
12.0513
11.5837
12.2926
11.2283
12.1384
11.1836
8.23896
8.21803
12.9795
11.6568
14.903
11.4048
9.94881
12.8173
9.04984
10.685
6.3823
12.8544
11.2687
12.5899
9.19201
14.9275
14.2303
13.6742
10.8755
6.52903
12.0438
14.8498
11.541
10.2525
13.002
11.7677
12.0008
13.6002
10.8711
7.4079
10.0238
9.81365
11.962
9.06775
9.0512
13.0554
14.8304
12.4877
8.38666
8.43441
12.0452
13.7494
8.09407
11.1875
8.49773
9.78494
10.427
12.7971
8.78808
12.4715
14.0547
10.6086
9.65671
7.96277
12.4489
9.78285
6.34908
6.06164
10.5312
11.5651
14.4574
12.2034
8.06286
9.0625
8.46754
14.4967
13.5473
14.8286
11.8549
9.92644
14.8286
10.0903
8.62555
5.86874
5.12075
14.4867
12.6232
10.086
13.4331
9.21723
10.6624
14.3174
6.56231
9.66554
11.4316
6.07972
8.7425
9.69389
10.4009
14.4137
13.6926
10.6163
14.2244
10.1192
13.0947
7.23446
5.7628
11.6817
10.4379
12.692
12.8171
13.9596
13.166
12.8187
12.6164
6.29117
9.95638
14.778
12.1774
11.2664
11.1704
13.1652
6.09189
11.7088
8.8522
14.7609
11.068
7.38795
7.31997
12.6304
9.79589
14.6104
5.04101
12.2538
13.1792
9.90563
14.2928
14.9563
13.1506
10.1892
10.2025
10.4467
12.4063
11.4267
12.8837
8.28291
14.055
10.5483
10.2102
9.30249
12.1716
11.1719
6.16278
7.60356
13.8497
14.7984
6.56721
10.6203
11.3004
11.6573
12.5599
14.5026
13.0233
14.5674
14.3277
10.4775
13.9273
10.6987
8.8408
13.4076
13.1206
5.94445
14.1726
7.73645
8.06983
9.88794
10.5163
14.9269
14.1906
12.5558
11.0682
14.7214
13.3283
6.27731
12.9796
11.0233
13.074
14.7843
10.2317
7.36876
11.2631
8.6233
11.9074
10.5088
