14.5943
11.7645
10.5282
12.7312
8.57091
14.7191
14.6257
8.60393
8.42529
8.33654
10.0265
12.7657
12.3985
5.40652
14.4831
4.67364
13.9336
14.66
11.5633
14.7488
14.6204
10.5286
11.503
13.1013
12.0475
9.27925
10.2402
11.0739
8.3706
13.6778
9.98846
13.497
6.06392
13.3412
9.67843
11.1862
10.4555
14.2485
11.238
5.89831
12.9769
13.1345
13.8877
10.0263
14.8274
9.94306
13.7986
14.3422
5.29245
8.73412
10.1856
12.3303
12.9762
10.1277
9.5772
14.7383
10.5528
11.2062
12.2126
8.5131
11.2107
14.7103
6.75329
11.5906
8.4369
10.9716
11.7795
13.1431
12.4766
12.9318
13.6309
10.0586
8.83648
8.47837
10.6357
11.9747
11.4679
11.0736
12.351
10.0431
10.3566
10.4091
12.9933
11.9259
8.20951
10.1141
7.89737
13.8329
9.24756
10.6229
8.38486
12.3733
5.60375
13.939
13.5024
7.28513
7.54481
5.1978
14.2273
5.99967
13.4372
7.97968
11.7954
10.593
13.7755
14.4946
14.9698
11.6806
10.8245
12.5773
5.86971
12.5043
11.024
14.038
10.971
11.7635
10.4625
14.8827
14.6514
11.6837
13.8887
13.1376
11.8181
9.89836
9.08919
10.2068
12.4228
13.4198
14.5831
12.1622
7.097
9.39955
14.0645
14.8534
14.3177
14.0991
9.60531
11.0512
6.41839
10.421
11.2495
7.95915
12.9676
12.4015
14.626
12.1714
8.26142
11.2118
13.795
14.0108
7.7495
14.8468
11.0159
10.7003
14.4912
8.63427
10.5718
8.632
10.5182
6.77633
11.0903
12.0393
12.0136
13.3614
9.7289
6.12466
10.069
10.3429
7.40443
12.3324
14.8764
13.779
10.7097
6.36787
11.8026
10.5463
8.40886
4.696
14.5049
10.6503
14.2238
7.71456
13.2823
7.11381
6.57431
6.56045
8.91144
13.9673
8.5054
11.6431
14.7412
11.5753
10.0746
14.4843
13.4007
5.66523
12.1257
10.5076
11.5627
8.61506
14.9654
11.0789
10.118
8.71937
11.7379
10.9874
13.5618
14.6592
6.09811
6.99839
12.2589
12.7899
14.7781
6.78819
14.3119
9.39132
14.4533
14.253
10.2664
10.5113
6.28242
14.3528
14.0954
8.56758
14.1596
10.4985
10.1482
14.3182
13.1632
6.16635
10.6323
11.8662
5.7161
14.7567
11.0355
11.4438
5.40566
14.3593
12.6692
9.09329
13.691
11.1429
12.4168
12.4759
14.4868
14.3879
14.04
9.99471
5.99501
6.05352
9.89709
9.97234
5.63149
6.60911
8.41148
14.5315
10.6457
14.136
12.1448
10.6546
13.0891
14.6408
8.54509
10.7079
13.1165
5.73344
13.8412
12.7876
4.77207
9.40431
6.1105
13.4535
14.118
10.1884
6.16211
9.83139
7.60839
7.16472
4.29442
9.12035
10.6397
7.84564
11.0375
8.67824
5.18651
14.9772
11.4625
12.3133
8.68865
10.6055
12.5776
12.4481
11.8891
11.2528
10.9015
6.06958
12.1198
14.3109
11.3345
10.7569
14.4389
11.6315
12.4251
12.8589
12.491
6.07705
9.49332
6.62898
8.0184
13.7729
9.92063
8.62573
12.0695
12.1605
8.62569
9.01086
9.87913
13.4736
9.97797
9.17145
14.0732
10.4106
14.7381
12.054
8.43284
8.27951
7.60791
14.1569
10.8118
8.7764
4.13006
13.102
9.92638
4.40536
9.51319
9.02639
13.5866
12.7655
11.0847
14.7136
8.44809
11.6376
13.7342
10.6974
12.706
9.91415
7.90601
7.1019
9.80106
9.32151
14.414
9.17213
10.7291
9.64947
14.193
13.0711
14.3398
14.8882
14.7917
10.3159
9.4376
10.2685
10.4347
11.7031
11.6082
13.0424
14.2782
14.262
13.4948
12.4903
14.8479
11.6667
4.97021
12.1385
13.6541
10.5702
9.67804
13.5576
5.65394
12.0376
9.94211
10.3174
13.3992
14.394
8.75378
8.37689
9.75261
13.024
13.3344
9.27747
14.2364
10.7921
11.89
9.64728
13.5978
12.8566
8.74842
5.24146
14.0939
9.60269
10.2622
12.0244
6.37263
14.6216
11.3138
14.9179
11.048
7.54098
9.82134
5.5302
9.28869
7.89399
12.0157
13.9637
10.2383
13.104
5.98156
11.9587
14.1112
12.1218
13.0361
13.7283
6.54898
14.1126
14.8707
8.6942
12.2665
14.2866
12.6128
12.3012
11.7967
12.8653
8.16073
11.9818
6.58955
14.9212
9.95267
6.64251
11.0626
12.2726
11.7102
14.5466
8.13141
10.6482
12.4116
12.524
12.8468
12.4198
11.9629
14.8023
13.5511
10.3541
6.72307
14.6565
10.6492
11.6885
5.65001
11.389
10.0635
10.7177
14.6947
12.5281
11.061
13.5991
12.4211
7.07797
14.2491
8.43795
11.3898
12.0981
9.37285
14.5708
9.11418
10.5676
8.42472
7.65875
5.61795
9.50499
8.88161
9.88636
6.43298
8.12858
5.31739
9.6865
9.95788
10.6388
8.64295
14.9643
8.60892
7.79983
11.6269
11.127
13.9599
6.49906
11.8089
12.1551
11.4649
9.50222
9.39641
14.2026
13.5795
5.74543
6.52462
14.435
6.29553
12.0453
11.991
12.5855
11.9051
11.5796
13.7111
11.1338
12.1658
4.46179
13.5451
7.8059
8.23248
10.7365
12.3534
6.31281
13.362
6.1242
13.0476
11.6587
13.7489
9.06342
9.36602
11.6486
13.4026
7.9988
11.1516
9.21751
12.2129
13.8902
13.1105
11.6783
10.6516
10.2894
6.50323
9.06599
11.2938
14.4123
10.151
9.66479
14.5331
13.2852
12.9365
9.6648
10.1945
10.7803
9.86057
5.40514
13.1711
13.8735
8.66594
5.86817
14.7019
12.8753
9.60924
10.4987
13.9978
12.7981
9.16962
11.1244
7.69058
14.1714
10.282
6.80697
5.64362
7.6215
11.5348
10.7334
14.9715
9.89891
8.4192
10.2134
8.30859
12.2188
9.58281
11.7502
8.43355
10.5273
12.7888
11.9288
13.5842
13.9861
10.9038
6.3982
13.041
14.5487
14.8336
12.277
10.3416
10.7806
11.1849
12.6556
14.2036
14.1647
8.79296
8.79595
9.68561
11.0184
8.10805
14.4057
11.253
11.2088
13.5203
8.67426
9.65772
8.72269
13.5877
8.98105
13.5126
13.2472
13.8373
14.4105
6.12914
12.0149
14.565
9.21181
10.3514
12.6544
13.7624
10.8084
8.39285
14.157
8.51731
5.59904
5.85298
11.7476
10.4206
14.6467
13.2029
10.1207
6.92963
9.44579
11.8326
12.3858
13.373
14.6196
14.1001
13.0459
9.87552
12.5183
10.0252
11.2395
11.1409
13.9879
9.38733
9.13099
12.8845
13.7871
13.2403
12.9728
13.7367
14.0506
11.9896
14.4127
12.0403
7.60356
8.63128
14.0117
10.7546
14.3386
14.5255
8.97932
9.85545
10.3552
12.7742
14.1199
13.4601
11.8875
14.9215
11.4867
11.5704
9.90658
13.7109
14.1113
11.7662
14.1956
9.74714
9.86502
12.4545
11.6426
8.76392
10.0528
13.5462
11.2604
12.6721
11.8124
13.928
13.3867
12.0087
8.38289
8.41614
6.62189
12.6017
13.8403
14.1972
14.2492
9.13502
14.5049
11.0758
11.3931
9.67072
14.7611
11.6134
7.95151
7.51517
9.44054
6.34407
12.7168
11.4338
8.97402
11.1502
14.897
10.364
13.9234
12.2769
12.3427
12.4064
5.84664
4.96007
11.5955
14.5188
13.5077
13.0301
14.9383
11.3583
10.6976
10.9239
9.63766
12.897
14.3983
7.90741
11.148
8.75314
13.9419
12.5865
14.1725
11.1765
14.295
6.1944
10.3109
11.6995
9.49381
10.8878
8.93471
14.914
13.8108
14.3515
12.4411
11.5681
11.2809
10.9648
6.64115
13.7327
13.427
13.5014
6.37685
13.9302
10.3368
14.2639
10.8979
9.50537
14.1184
12.7155
14.194
10.8217
13.6085
13.001
14.1524
12.4243
14.1773
14.4161
10.3318
5.89137
9.20443
7.45223
10.4711
14.6669
9.0256
14.8007
12.579
14.4288
13.2687
9.96707
14.5862
11.9306
10.8087
5.63577
11.0864
7.36358
10.5211
13.2637
13.6135
12.0555
9.23691
10.9877
10.5043
14.434
8.77093
13.2218
8.46427
8.58417
13.7585
12.5981
5.66209
11.9842
9.13381
8.86978
11.8339
9.40126
6.07783
10.153
13.6223
11.3146
13.8918
8.12284
11.0595
12.9266
13.1538
10.4607
5.56973
13.3153
14.9074
8.9459
6.72313
8.82036
13.2167
8.29239
13.7993
14.2145
10.741
9.6023
11.8065
9.27001
6.41863
11.3086
8.99408
14.1567
14.0627
9.5673
14.377
11.5826
12.4913
8.59101
11.156
13.2356
14.2736
12.8128
10.7578
7.54309
13.8128
14.2497
9.63057
11.1519
13.4043
6.54146
10.6248
13.3993
14.8572
10.39
14.5095
12.4543
8.32022
14.9902
8.85288
9.52131
14.2628
12.3941
12.0152
12.9877
6.41267
9.30322
11.4111
11.1808
13.4399
10.3198
11.5079
10.7167
10.5691
13.7451
12.1243
13.6891
12.9903
6.09897
11.8978
6.03013
7.49529
13.0996
5.82718
6.03311
6.75684
11.6255
8.40917
12.3015
9.28349
12.2455
8.21327
11.5245
10.6671
11.7655
10.8321
14.2618
13.2248
14.3542
14.1197
12.9396
13.9551
11.9625
12.8346
14.0886
10.5095
12.44
12.6629
10.1865
13.5135
6.18444
13.2601
14.1147
9.07096
7.82345
12.0935
11.7151
9.46832
6.06836
14.1017
14.7666
11.413
12.8885
8.85487
10.6066
14.0902
8.98073
9.21068
14.3539
12.1326
7.50523
13.6908
12.4374
14.2917
11.4514
11.7711
4.11073
13.519
13.4245
14.9625
12.1711
9.31091
10.6116
5.72901
12.7373
11.6279
12.0431
12.1808
11.9342
13.148
9.68471
9.85803
14.8046
8.37918
14.5666
13.9333
9.4362
13.9486
7.90157
11.1015
14.1269
6.94928
9.73116
11.3718
9.63016
9.15703
9.23986
12.4418
9.48581
14.9211
9.93139
9.46043
10.647
13.8993
12.7639
7.49325
5.81963
13.9743
12.7802
13.1557
9.88035
9.36049
6.22327
9.81856
13.7622
11.6204
12.0913
6.65844
12.9955
10.5271
8.67777
6.33703
14.0434
14.9982
12.8593
6.30925
7.9748
9.86327
12.0434
9.79131
10.5037
10.3958
11.7105
10.2726
13.3041
14.7812
11.2332
11.9857
14.4233
8.66423
11.0822
13.1683
11.2425
8.55832
14.0012
6.24109
5.99852
6.01831
10.3091
9.79887
12.1351
11.7019
11.6285
8.69792
12.5205
12.5269
13.9636
11.6754
9.64647
13.4151
14.8547
5.7264
14.4425
12.2303
11.1948
14.8457
11.3143
11.4883
10.414
12.3398
14.475
14.2768
8.65453
10.5918
6.29783
12.5902
14.9771
9.42097
12.262
6.34449
9.8944
12.6153
6.34844
6.5468
9.6572
13.2524
13.5425
8.07356
14.177
6.98516
8.73346
5.96053
13.4197
9.3013
6.93864
12.3699
5.066
9.91084
10.975
14.7147
10.7684
10.0528
10.381
14.4257
8.34986
9.89901
8.80471
8.90081
13.9298
10.3421
13.5809
12.169
8.63177
12.862
13.7939
8.53606
13.1052
12.757
11.9413
12.0439
9.29886
5.5467
14.2779
12.4259
9.54878
14.3092
14.5641
11.6653
10.2255
8.19386
10.8017
12.6773
10.6008
9.73929
14.6798
5.85508
5.93207
13.2791
10.9581
11.3327
13.0842
6.55135
11.2119
6.14081
6.11346
11.393
13.423
11.0564
10.1023
10.8467
8.04742
10.1133
14.8889
12.2564
14.472
13.0644
10.4541
12.1528
10.7072
13.4005
13.6125
13.4122
10.6565
13.6796
7.55024
5.63933
11.7033
11.4112
12.6768
13.5983
11.7919
6.92313
12.0427
6.04801
14.7223
11.9158
8.81824
6.04609
11.8979
9.90768
14.5912
12.035
8.6114
12.7558
12.4195
10.9136
10.9816
14.3366
11.7335
8.60039
14.6631
13.0744
12.5686
14.602
14.5356
12.5727
13.9183
8.95423
10.2048
9.65473
13.9577
14.3153
6.70688
12.8231
10.1589
14.7548
13.0524
11.1089
12.382
11.8235
12.1298
8.03672
13.1238
12.2095
12.8694
8.58604
12.0063
9.15608
9.76752
12.1355
10.2174
8.40337
6.55455
13.764
11.6521
5.77717
14.9586
7.97801
12.2956
13.3325
11.3449
11.045
10.583
11.8106
9.89898
9.66739
14.962
5.65522
14.9867
6.12901
6.23521
12.8627
9.82978
11.1148
6.92375
9.51819
14.3172
6.21311
12.5352
9.72502
14.8699
10.2412
10.1214
11.3761
10.9032
6.15501
10.2507
14.066
10.6122
10.1242
10.8587
12.0458
10.7288
14.855
10.5033
9.92077
6.27238
14.6878
7.89454
13.6921
10.4985
12.1884
8.76798
9.33737
14.7802
5.44502
10.3059
14.5635
5.98839
9.00919
9.4698
9.10924
14.4648
9.44386
10.6531
13.709
14.6946
13.1395
14.3509
13.5963
9.92768
14.3931
10.6718
9.40648
12.2823
14.9557
12.3793
5.79152
8.5432
5.95341
8.616
5.94935
13.6993
10.5598
10.5078
8.57986
13.3298
9.74758
10.56
13.7732
9.66959
11.4211
7.55797
12.3245
8.64528
12.85
13.8208
14.6369
12.1882
5.72068
10.8509
10.4404
13.7324
9.68845
11.9923
9.94585
12.2085
14.8132
13.9779
11.2595
12.069
14.8766
14.0927
8.30286
10.6888
13.4121
10.2714
14.501
11.0548
8.65548
6.6204
10.4616
5.9232
9.80337
10.074
4.80092
13.4311
11.7427
8.58508
12.8008
13.6821
8.61152
12.5978
11.1211
10.7788
11.1926
14.0225
11.0061
14.0812
13.7668
9.12479
11.8302
12.5961
9.02188
11.135
11.1198
9.56789
9.84192
13.3982
6.49966
10.4312
8.23083
12.4552
12.788
8.20608
8.68238
14.5652
11.1192
9.38501
10.1548
10.2245
6.30604
10.629
9.87239
7.37291
11.8661
9.03571
10.4466
10.9258
13.6594
11.1705
12.5718
14.4377
14.7166
11.8622
12.975
12.2004
11.7665
11.5335
9.12671
8.8581
12.3141
13.5633
11.1039
13.0542
9.96923
13.3623
13.3701
13.2178
14.9582
12.9468
9.89559
5.52656
12.8516
11.4862
14.6497
10.7906
11.6209
10.1722
9.71763
12.8372
9.60989
12.2561
14.1491
8.76572
14.9472
12.4031
13.7636
9.70521
13.6144
11.4417
8.33658
12.5712
10.3924
11.422
8.69246
10.4155
11.6545
7.98157
13.5171
11.9026
11.3162
11.8035
11.8315
13.4734
10.4253
6.05654
10.3838
6.08364
12.0286
5.99211
12.327
8.57624
10.1727
12.2802
6.67196
10.2956
6.43137
12.1798
13.2955
14.1098
14.0447
11.3708
13.129
12.3942
5.8805
10.0318
10.7659
12.3503
9.7365
13.6062
12.9896
10.7995
11.8344
10.1641
8.68673
10.6622
9.95496
13.3098
13.6271
8.62872
10.7644
8.74716
14.129
6.06174
8.75441
8.63492
12.4013
14.2029
14.4841
13.5599
10.2929
6.07912
10.4308
12.9357
13.7089
11.5748
6.86848
14.9504
5.94487
6.06572
12.3831
13.0531
11.3891
5.82533
11.0492
12.9376
10.1775
14.7842
7.52526
13.4901
12.4494
6.1699
14.9594
9.59167
10.6957
13.3663
10.6906
13.2891
14.0038
14.3738
12.3864
10.6945
9.96731
13.662
14.393
12.063
14.8508
9.77089
10.9267
9.18223
13.7828
12.8124
10.3197
12.0696
8.55861
11.945
7.46854
10.4117
5.60949
8.86505
11.7051
14.0599
8.73137
11.1961
6.12475
4.7119
10.937
9.83827
6.14377
11.7569
11.7709
7.02783
11.8579
10.8358
12.1947
11.1148
6.79879
14.2123
9.97586
10.66
12.0842
6.56566
7.84704
8.195
10.2931
9.64998
13.2785
8.79071
10.824
10.5812
12.1076
11.8953
11.9401
10.8147
10.3755
6.35391
14.1037
11.0182
11.2309
8.80358
10.291
14.7604
11.1713
13.7529
10.758
13.8783
8.27936
8.90869
10.7011
7.51337
13.2542
14.9298
10.0016
9.86475
6.65156
11.1189
13.5111
8.92595
9.77471
14.6591
6.38391
12.4893
6.19651
13.013
7.82027
12.2739
11.6946
8.65244
8.67778
9.28406
13.7851
11.2011
13.5104
6.48997
11.9828
12.0912
6.74146
11.8175
14.6448
12.1193
14.773
11.9372
10.6243
5.40092
13.7467
11.2988
9.66758
14.4216
6.25522
14.7496
10.9756
12.4167
14.522
12.995
14.2557
12.1905
12.385
12.1954
5.9695
9.10962
12.7561
5.88405
12.1469
5.91278
14.2141
10.8158
5.72691
14.1482
12.4392
10.3173
14.1009
14.1238
7.64461
12.3118
13.6838
11.9811
13.7904
10.6845
9.99286
11.8595
8.72932
10.224
10.2672
14.3523
14.0761
7.1632
10.0953
9.85278
6.21521
10.7696
11.0577
10.7062
10.5291
13.6768
14.8767
11.5575
10.956
13.6822
10.2824
12.8032
9.98267
6.36629
5.75616
9.86798
14.1081
11.466
12.238
9.80641
12.7835
9.79128
14.3886
13.4842
14.1796
12.1513
12.3764
8.80191
14.1225
7.67667
10.619
6.3392
14.0567
13.7594
13.9153
9.53183
14.0161
12.5584
9.37716
14.102
13.4457
14.8654
8.76679
14.5333
7.51689
11.4744
12.6696
13.3949
11.8484
12.8671
12.1063
14.9895
12.3922
9.6936
8.37382
9.37169
10.5376
14.726
12.6131
11.6884
10.3743
6.39552
6.09431
8.43691
10.9316
6.15237
9.50966
10.4333
9.54696
13.2377
12.0131
11.042
10.7121
6.12451
10.9854
14.2673
12.2527
9.42576
14.3436
8.87385
12.0557
11.5849
10.4957
6.45434
9.03749
8.00921
8.04234
7.87344
8.24469
11.1931
6.24518
7.80375
9.54939
12.6975
14.6714
11.6367
12.2445
13.6311
8.70108
10.5814
11.5658
11.8492
13.1435
10.7514
9.75816
11.6451
14.1137
13.2802
12.2989
10.9186
14.2922
11.1571
7.55155
4.35522
10.2009
9.34757
14.0085
9.97933
10.8246
14.2534
11.571
11.2264
13.1434
9.78689
11.8157
11.5608
13.2692
13.3839
13.8373
14.2317
13.5514
12.6842
10.6489
11.9157
13.3935
13.3752
11.0839
9.72934
12.5151
8.9781
12.0028
13.2133
13.5944
6.0304
8.7378
12.3482
7.63249
13.4741
10.1422
8.33747
9.99053
14.0091
14.0209
10.181
10.534
10.4092
10.3944
10.4685
12.2428
6.06773
14.5289
8.55804
12.1229
9.0856
6.22966
12.3381
11.1579
7.46807
10.5984
14.6424
9.75543
6.64446
10.9425
10.1013
12.1991
7.77037
12.0582
11.2109
11.1354
10.4417
12.2351
13.9165
9.8094
7.00782
11.2243
13.9
12.8755
10.3899
6.14946
12.4911
11.2951
14.2914
6.27651
10.2406
13.6539
14.896
8.9376
9.95788
14.2763
13.9778
13.3491
14.0257
11.21
9.74831
10.196
11.735
14.3211
6.03514
9.76109
6.04306
14.9966
6.12709
12.3406
9.99253
12.5511
8.74934
7.09573
5.75409
10.404
14.8999
11.5693
11.8736
10.0318
14.4006
6.26989
13.7407
13.5803
6.46365
12.9462
14.6018
10.2162
14.6897
13.7768
14.9345
13.0488
11.0167
10.9717
9.8357
6.30702
13.0963
14.2192
10.6253
12.9475
12.4556
14.9803
10.1723
9.5837
11.2395
9.96448
8.09787
13.5222
13.7583
8.85297
5.99256
10.8951
8.64818
12.2126
10.2446
13.6614
12.3319
13.3487
6.46977
8.74317
6.49472
11.346
9.33951
8.55923
11.968
12.3928
12.683
12.6107
13.1624
7.00183
12.957
11.369
13.4572
13.1564
14.2468
14.9995
11.4364
5.61035
13.7408
11.8507
12.71
8.75173
8.6601
4.23222
9.83521
10.1038
10.3071
6.31377
6.12052
12.3091
10.7506
7.95504
12.1465
11.8773
9.60144
11.2695
13.5879
12.3909
9.1385
12.8696
12.2848
12.6298
10.7198
14.401
10.1403
13.5459
8.45421
11.6972
5.09119
14.9212
9.41554
8.60963
9.02673
6.34558
13.2788
9.34122
14.1171
6.08955
14.4591
12.6911
10.5271
12.2679
12.7909
13.8157
10.3326
12.1464
14.6746
10.2034
6.46832
5.8863
9.83684
14.3782
10.3514
11.8387
10.2366
5.98038
10.6711
11.7798
10.887
5.69998
11.9788
4.72406
11.9952
14.3455
12.8307
13.8793
8.95144
13.6713
10.5061
7.91524
7.37131
14.9547
10.6566
12.9548
9.36916
12.2004
14.6268
6.89563
14.6259
12.7105
13.9713
8.26873
12.9186
9.17911
14.7241
14.8768
14.9554
