13.5162
7.71825
5.56515
10.0456
10.3437
9.70319
10.779
5.79097
12.4657
13.0038
10.0079
9.49819
11.0011
14.9815
11.4639
10.4325
10.8607
12.5739
14.7661
14.4771
14.8486
9.79365
10.0787
14.2043
13.3165
9.44447
9.91328
12.8706
8.96344
9.44616
12.9267
10.62
6.53725
5.20505
13.7125
12.125
12.0142
14.642
13.514
10.1893
14.0674
13.7808
13.6178
6.3869
13.9861
11.6954
8.32957
10.1189
8.31634
13.3051
13.0877
14.9629
8.92608
14.6564
10.4337
14.5028
12.5148
13.5704
12.0861
11.3254
11.3924
8.6031
7.29266
10.6086
13.1205
11.088
12.6174
14.3587
11.98
11.012
9.11566
6.26604
8.36698
5.84481
14.5594
14.2024
10.0097
12.9847
11.8518
14.5183
12.969
12.9756
13.4407
10.6795
12.3831
10.8656
9.35138
11.1865
7.605
14.2861
14.5104
10.1986
10.1105
12.9576
13.9039
14.2348
6.75319
10.4781
11.9595
14.2545
10.8029
11.3833
12.746
11.9272
13.4599
8.66192
14.6411
13.4655
14.3422
11.7202
12.131
10.4584
11.6035
12.4983
5.22593
13.832
13.5093
13.6548
10.5434
12.2351
6.46953
14.7949
13.1254
14.8842
12.2478
13.2851
13.4952
6.79486
14.7419
12.7745
9.01509
11.2888
12.3401
11.121
11.3119
12.2365
14.9057
10.0534
10.9636
11.2043
6.46067
9.17416
8.83889
13.059
11.9686
9.26964
10.0821
12.9309
13.0849
12.7321
14.113
14.2302
9.29195
13.3221
6.57148
12.1609
9.94565
11.1373
10.646
12.341
12.5984
13.6084
8.56452
8.87939
11.7467
9.47738
12.6409
13.3533
11.0231
9.87408
8.4137
14.2412
14.3036
8.51351
11.055
7.49979
14.0552
9.84134
8.74724
10.6346
14.6506
14.0928
10.8488
12.3296
10.6061
14.6539
7.84852
12.9998
11.3435
12.8585
12.0067
14.6697
6.72036
14.1744
11.3734
10.7777
12.4125
13.6116
9.71524
13.7947
9.37538
10.1508
12.6495
8.13762
10.5731
14.8457
10.1696
14.3379
13.5106
14.2298
6.94816
10.3261
9.84937
14.2548
6.38777
14.5277
13.591
14.6845
9.32873
11.7043
13.2374
10.5104
13.2975
12.7872
6.08501
10.5879
11.0398
11.0868
12.949
8.91124
8.53346
10.6758
10.0765
12.7382
12.2078
11.8172
9.00284
13.5776
9.82383
8.10367
13.3646
8.5533
11.4471
5.00958
8.91816
13.3097
12.1335
9.42606
12.2248
9.52057
14.4325
11.1373
6.79138
8.42941
10.8958
8.91502
5.67652
6.58446
14.0945
10.282
9.95321
8.56202
12.2597
14.5147
9.86723
10.5099
13.6934
11.6795
6.57872
13.5446
11.9694
12.7602
12.5679
14.7017
11.57
12.6366
14.055
13.6478
11.875
13.14
6.8018
14.1567
14.5002
13.5294
12.3275
13.2999
14.8638
6.05598
14.2367
11.4629
8.84043
14.4304
7.59993
8.35052
13.397
13.6243
9.88959
10.4811
10.8854
10.0884
9.03778
10.8433
11.0001
8.13093
14.3269
13.5991
8.88937
11.2035
11.9229
7.58711
14.2942
8.97696
10.3014
9.87662
11.3541
10.3969
13.9012
14.6308
9.80547
12.058
8.57137
10.6304
12.8263
13.4686
13.4718
8.53395
9.56817
5.94813
11.8257
13.6637
10.6644
6.59817
10.2629
12.078
12.1949
13.2858
13.9154
8.76076
13.0873
13.8007
12.6125
11.7723
9.34028
13.652
7.81905
9.41266
5.48628
14.6755
8.57786
11.7222
11.3449
10.1401
12.6398
9.98472
8.71382
12.4612
11.534
12.2607
9.63259
10.7126
13.8693
7.62087
11.9357
10.2057
13.4481
11.8961
14.9365
13.9179
11.789
10.8566
12.5872
13.6993
11.7753
7.71611
9.50514
12.8439
7.49078
13.1298
8.83614
8.48596
7.42994
13.6291
9.99271
12.7691
10.7079
11.0509
13.1736
10.8115
8.98094
9.48716
14.2548
11.9648
14.686
12.5982
11.6456
9.57736
14.2098
12.3758
7.17047
13.9643
10.2673
14.475
11.8425
6.69566
13.8528
13.0605
13.2955
6.66325
10.0033
13.1456
14.8116
9.40886
14.4922
8.65357
10.2393
12.6114
10.4079
7.24342
12.3328
11.7497
7.8771
14.3889
13.9049
8.60736
6.31755
12.1724
10.4288
14.376
6.69836
11.1169
10.2784
11.7305
14.9839
8.15507
12.4466
10.1846
14.8352
11.1445
10.6164
14.9623
10.4607
13.152
13.1168
14.4357
13.9713
9.23888
10.9069
14.9228
9.7594
10.4833
10.2134
12.0981
9.46732
14.6239
14.7671
10.076
14.6801
8.8051
10.7269
14.3155
12.0962
11.55
10.6458
11.8889
8.75458
12.8283
5.57852
8.78623
8.82674
5.30492
14.1769
8.84163
9.66953
5.83067
11.9506
13.6534
14.2271
9.56117
12.8548
10.5492
13.5161
10.7931
11.8014
10.0346
7.52281
14.0638
13.3688
8.08288
11.4099
9.15077
5.67883
9.8254
7.39844
9.34758
9.24949
10.4882
14.7134
8.73772
13.6365
13.9586
10.6974
8.91557
10.1451
13.3606
12.0339
10.7862
7.57792
10.7052
13.5846
10.9234
8.41306
14.5257
13.9213
9.24757
12.1577
6.48629
10.9339
13.0426
5.90465
12.1512
9.13185
8.42169
14.918
8.14932
13.7656
12.3334
10.1373
12.7396
14.7794
13.0162
13.4966
10.7567
7.94443
9.53083
12.7901
4.90251
12.4197
14.16
9.10264
8.5147
12.8766
10.645
12.8028
10.3574
12.4087
14.4014
13.9158
12.163
10.8627
11.9422
9.93153
7.46043
10.8406
7.64975
10.009
12.3464
9.85934
12.2247
12.1658
6.53859
10.395
13.6406
5.14609
12.1756
10.4173
12.1461
7.37821
12.5341
13.4482
13.1987
13.2919
12.4343
11.765
6.29173
12.7487
14.533
12.9302
10.0141
5.48443
10.4147
9.05269
13.4598
10.6895
11.4145
10.3037
8.08619
13.962
14.8343
12.3345
6.22668
14.8239
13.7671
10.1426
7.92882
11.8622
10.4173
11.2233
14.2557
9.96696
14.1095
9.19374
9.12109
10.569
10.2299
6.47527
10.7646
12.9105
8.3366
13.6873
11.2062
9.6357
12.1285
13.7068
11.6564
9.73539
13.1301
13.4637
6.21724
12.379
8.91905
10.3462
14.3122
10.2496
13.6319
11.6973
8.488
14.9311
8.33443
5.53322
7.82948
13.9071
8.44121
12.6547
11.9921
13.8856
13.0044
11.6296
7.69679
12.0531
10.2069
11.7112
5.5691
12.1139
9.67535
12.3728
14.1386
8.8126
6.14144
8.32328
13.002
12.7584
5.70772
8.60806
13.786
14.563
8.54467
11.0221
11.7919
11.378
13.0287
12.2927
14.0027
11.8262
9.98679
11.6982
14.6192
14.0352
10.6064
7.88385
12.9895
11.4877
12.4574
8.39727
10.7717
14.4387
12.9831
12.6899
13.4145
9.0958
12.0761
10.4418
9.50842
11.0637
6.67735
12.5145
9.59801
12.6835
10.8873
8.4912
14.1743
14.5356
13.6453
5.7912
9.71484
12.1433
10.8596
14.7947
11.2447
8.73107
9.21233
12.8853
13.8853
5.27187
8.88728
9.97431
14.6837
14.7589
12.4235
7.91097
9.10704
13.9946
12.2032
11.4459
11.4313
8.88387
13.524
10.5127
13.578
6.11649
11.4751
11.7973
13.0432
14.795
14.8911
14.3146
13.7362
8.9686
10.1725
12.7849
11.9835
11.4989
8.10583
14.1398
12.6429
12.1143
6.3526
12.7498
9.46861
8.7999
9.44968
14.0459
12.941
14.3658
6.84005
11.7671
13.885
6.90743
12.6884
9.9751
14.0072
11.3199
14.2049
14.9682
12.4441
11.7607
12.0339
11.1016
11.5561
9.06844
14.2107
13.9624
13.6984
8.61101
11.6184
9.40335
11.7578
12.0372
12.4815
12.25
11.1561
14.7916
14.9265
12.5086
10.996
13.8125
12.3658
14.8456
11.6387
8.83797
14.0163
8.54228
8.66848
13.3732
10.721
13.3072
12.8597
8.04127
8.25885
12.5514
12.688
10.836
10.4028
12.9096
14.4109
13.4956
14.6326
5.18962
6.09716
9.75676
5.29107
7.5819
13.2531
12.1875
10.7897
8.60194
12.2319
14.0656
7.85103
9.10228
11.9254
10.8941
8.92745
8.97042
5.60143
10.251
13.3698
10.2346
10.0553
13.3979
13.3005
9.70745
10.133
10.2432
9.99537
11.7695
12.4444
9.64897
12.8569
14.1799
7.11855
10.7853
13.0489
11.705
13.7601
13.0747
5.35889
14.967
14.5901
8.01051
8.74367
9.60386
8.76215
12.8043
6.0647
10.9678
14.8298
11.8428
10.1213
10.596
14.9148
12.8208
12.6442
14.5299
8.72958
8.69176
10.5167
14.6338
13.7295
11.8613
9.3511
14.9227
8.46686
8.37662
6.27556
7.67436
11.9599
14.422
11.2836
10.9044
13.1871
13.2255
8.26733
10.8993
14.7755
10.6065
12.7573
11.1539
14.5393
8.6107
13.6407
11.4813
14.6743
10.0378
11.1652
14.1807
7.21139
12.9821
11.7211
12.0099
10.1049
13.45
10.6359
9.54158
9.64285
13.534
9.14359
14.3702
14.0416
10.4287
13.0598
11.6295
11.9917
6.81939
9.16857
13.1232
11.8111
13.3685
6.81556
14.0251
12.7354
13.7016
8.54562
10.7885
14.2731
14.5796
13.4386
10.4086
6.99674
12.9378
13.3447
6.32294
11.0825
10.5151
12.2352
9.34265
8.92638
10.9933
12.0331
12.2507
10.7829
10.6027
13.6736
14.0053
8.41393
14.417
14.1711
13.2976
11.5897
14.2416
7.82222
11.4495
11.2313
12.7605
9.02956
14.2227
12.7997
9.91609
8.60547
14.7867
7.59551
12.0148
13.1294
10.6318
6.42943
8.01757
6.10302
8.46004
9.83304
14.6509
9.96547
13.7091
13.7328
14.1429
14.6301
12.4991
8.59949
8.51649
12.3803
13.341
13.0929
12.3965
10.5645
9.61289
12.9205
12.4478
10.769
14.6658
13.7353
14.0922
11.1972
13.2544
10.4356
10.4238
13.5328
14.5189
14.3568
13.6201
10.1828
13.1481
7.43378
14.0465
11.4729
10.9875
5.0133
8.38986
9.72154
14.814
11.4256
13.2535
13.6134
8.35895
11.9659
14.6299
10.4927
8.29018
13.4885
14.8907
14.1851
10.512
5.68447
5.46989
13.1326
11.8139
10.4883
9.48662
11.9346
10.484
13.565
14.572
13.1061
4.93571
9.27164
9.84514
12.5629
14.2156
7.28595
10.9333
13.7374
13.8886
12.4826
11.7082
12.3632
9.83027
10.6805
8.5933
10.3819
12.4405
7.30043
8.00493
12.4203
13.0161
5.05363
7.60379
13.2264
12.6524
11.9232
14.481
7.24409
8.56507
10.8035
9.57883
13.6681
12.6433
9.31088
14.8913
10.9109
11.9053
9.62715
13.1232
9.09456
14.3203
11.2341
14.2338
14.7809
12.0711
10.1873
6.40829
10.4251
10.8712
10.4108
11.7499
13.5304
13.5369
10.478
14.3738
11.7211
8.08601
12.6186
11.0505
9.62203
9.42778
10.9892
14.1913
12.3559
12.1239
7.56983
13.319
11.7484
11.4044
11.6879
14.6515
14.4307
10.927
14.6458
13.1206
9.40581
14.7696
7.82683
14.2896
11.521
12.9466
14.8274
7.03901
13.0866
10.3179
12.8402
11.9074
13.8022
9.70375
6.85867
5.60353
8.52147
13.6041
14.5324
10.84
12.5173
8.22113
14.7678
14.555
7.12153
10.2929
6.53783
6.74918
12.1196
10.2688
13.8122
10.3485
8.95167
13.6264
8.75642
14.126
13.5756
7.65028
10.3106
7.85183
12.0936
10.5465
14.7135
13.9094
12.5155
12.6209
12.8766
14.1966
12.1002
6.88122
11.1253
12.558
8.99112
10.6997
13.3739
14.7687
12.3311
9.40728
6.14549
8.2814
11.4445
10.932
12.7688
14.4864
6.23186
6.28327
6.65009
11.7979
10.5553
13.3772
11.2905
9.61647
6.1908
13.9926
13.415
8.41243
10.6825
9.59294
11.61
9.86942
11.5256
10.4963
11.6648
14.0094
14.4213
10.9802
12.784
10.7197
6.36036
12.2639
11.995
11.8289
5.56117
13.7487
14.0147
9.95899
7.383
10.0607
12.4139
14.3218
9.7948
11.5998
8.57674
6.88781
14.1023
5.6395
8.73908
13.705
13.3865
13.7605
10.168
13.6387
10.3057
9.50435
11.1302
13.4302
13.5269
10.6438
12.7272
10.2749
12.0862
13.6592
10.9799
14.9795
11.6121
9.55038
12.301
14.912
10.8559
11.7822
6.1853
9.74259
14.271
11.6614
14.6501
8.78182
11.3964
9.10554
14.1064
14.3938
10.0145
12.6634
12.8715
10.3614
14.7242
12.4877
8.69603
10.0957
14.9003
9.94966
8.3979
14.0121
5.80857
13.7623
13.695
13.1044
10.7917
10.5437
14.846
12.4033
11.7962
14.2346
10.5257
10.2602
11.3823
13.8087
13.0779
13.7471
7.54102
8.75827
11.72
14.9075
14.7073
14.4685
10.8561
13.6829
8.19302
13.7621
14.4213
5.75106
10.3038
13.4202
10.0899
10.0009
14.5805
12.6358
12.8229
13.4622
10.1446
13.2531
12.1208
10.3811
8.33663
9.10614
5.72482
9.6808
13.3726
8.16448
11.2866
11.9297
11.0757
7.73756
14.4265
13.0226
12.7172
14.0703
10.5784
14.4605
12.5793
14.1942
12.206
14.3747
10.1778
4.86763
7.92931
14.0981
10.3432
10.1781
9.03782
8.57607
13.4836
11.573
13.1323
8.17934
13.7489
13.0658
12.9312
13.578
12.6618
14.3916
8.55163
9.42407
11.8103
12.2757
7.41557
10.3745
12.2502
9.11429
13.3566
12.6497
13.5608
11.6983
12.1472
12.0661
12.6334
12.5246
14.2664
13.0198
13.9083
14.9658
9.56625
10.4407
11.4424
12.0143
12.3454
5.71064
13.1029
14.1495
10.7169
14.1057
8.10411
13.9554
6.15491
13.2756
10.3943
14.501
9.50182
13.4605
12.616
13.1034
8.18911
5.73786
14.1279
11.8511
6.2149
4.79455
14.757
14.9135
13.5583
13.831
12.1403
14.9756
14.4563
10.2714
13.0881
14.7146
9.85056
8.36676
8.46834
13.3014
9.85871
10.8105
13.6056
12.5383
10.8148
14.3224
11.8127
13.9314
9.04754
6.68897
8.24039
14.104
8.82253
12.3268
13.8793
5.67466
4.0649
5.96341
13.8009
12.8118
13.403
9.04368
8.94815
8.96292
8.00642
8.50225
8.66925
12.1246
8.37246
12.1154
10.0418
4.89753
11.6896
11.6061
9.59952
14.3398
11.8461
13.1102
9.32492
12.101
14.7233
13.541
10.6046
14.191
14.6443
14.77
14.7398
11.3942
13.6787
11.1156
13.3326
11.2752
11.2335
5.79884
10.9902
12.2232
14.0137
8.93175
12.3041
10.2636
11.9212
9.92405
13.336
6.50265
14.3049
13.3015
8.93866
12.4463
11.6633
8.25401
11.8565
8.42684
14.1181
6.26219
10.7623
7.30248
10.5549
14.3264
11.1281
14.4892
10.9054
9.13252
10.105
6.70193
12.1692
10.9468
11.7577
11.9591
12.6064
13.0299
9.73604
13.5618
14.8555
11.8405
13.7821
8.71252
13.1898
14.5288
9.53915
13.8694
11.7467
8.56895
6.9662
13.6886
14.7398
9.96914
10.7595
14.1958
12.4963
11.6138
11.9277
13.7627
12.4692
11.6501
11.5463
11.6854
9.33656
10.6682
14.2282
11.7564
10.3425
12.4946
12.2249
11.9475
14.8536
12.0792
10.4791
12.6317
8.91617
12.3558
8.95316
10.1193
14.5003
13.9108
14.0051
14.9727
10.5318
11.9354
11.6594
10.4331
13.2245
9.17131
14.6078
9.70829
9.62039
5.98329
13.2748
13.0115
10.9423
9.23909
6.41096
10.8594
9.39744
13.4612
12.935
9.98837
11.9514
9.46837
14.3547
13.5666
10.3193
10.7195
11.2138
14.017
13.4492
13.514
13.0049
6.0897
14.5224
10.7771
13.3788
12.4465
14.8304
13.7097
7.04424
11.953
8.69498
9.53626
8.33771
11.1691
12.1671
10.1141
13.8631
10.8272
11.5412
13.0244
13.9062
9.20836
14.3783
11.2511
13.8072
9.13528
14.8024
10.358
12.4747
9.85024
11.6778
9.12838
7.79231
10.1044
6.06512
11.2359
14.8087
12.5968
13.7764
4.46239
10.7709
9.62405
10.1015
9.76333
5.98341
12.0845
13.2294
14.7024
9.50584
12.9034
11.6389
12.3183
13.3054
10.3637
12.1572
8.26108
12.2938
12.2009
9.20477
12.596
12.5689
14.531
5.90521
13.0157
11.3973
14.8882
11.8612
11.986
12.739
8.31975
13.217
11.1783
11.9676
11.4396
12.4934
13.9686
13.2253
12.0558
13.8106
11.2115
9.83483
12.0879
12.0981
14.7925
10.4117
6.64365
12.0318
10.6186
12.1249
7.89679
14.9891
13.7657
5.87655
8.53256
11.9097
6.13926
13.86
11.629
8.83449
12.1871
11.9116
10.7564
11.0064
11.954
12.6048
12.6622
13.6016
14.2488
13.2218
14.4927
10.659
11.6021
7.00006
9.48712
14.0394
14.1022
9.26461
14.0081
12.8121
12.8412
11.6495
11.7646
13.8995
9.28707
9.34797
14.8813
13.7461
10.7452
10.1565
11.3443
10.8514
5.8825
14.512
14.066
10.0594
14.3877
14.9546
11.665
8.78719
10.6307
14.9923
14.7825
14.507
7.87343
12.1633
11.6468
10.3466
13.4919
10.1638
6.75957
11.0705
13.9787
12.24
14.6879
12.8958
11.2304
5.89214
8.50192
13.2237
11.6901
12.2701
8.40365
8.43874
9.69337
12.3318
9.71475
14.2146
10.3284
13.155
7.21494
11.9218
13.9851
6.06612
8.32785
9.40816
14.1174
8.49507
9.99557
11.4901
14.0896
11.7014
13.0233
12.5571
13.1384
13.541
9.21394
10.1658
14.4434
10.8904
13.7588
13.5608
11.5629
14.2079
14.9298
10.8871
13.072
13.6082
14.9694
12.5488
11.3755
6.85147
9.03832
6.66379
12.8167
14.0915
11.6983
11.04
12.5866
14.8076
12.4922
13.9079
8.38462
12.491
11.8266
13.4692
13.7919
11.8024
13.9515
14.3545
8.84629
10.6315
13.1139
10.7276
14.5341
7.85803
11.5818
11.2698
7.36236
9.77092
12.5235
13.3592
11.6335
8.42196
9.85815
14.8927
11.1284
8.88543
9.41583
12.8253
11.3412
10.0704
12.1524
12.3321
6.08175
14.7432
6.27115
11.5983
8.79375
11.1743
11.8509
9.94158
10.6296
11.4781
14.747
7.51053
8.94598
12.6403
13.8004
5.69422
14.7471
14.5905
13.9598
13.6845
8.39114
6.6744
13.8325
10.3743
13.4545
10.8387
13.8904
9.96905
14.1395
12.3222
12.1337
9.11363
12.5672
11.6516
14.6801
5.75231
13.5686
9.81795
9.04022
13.9243
10.5654
14.2671
13.6133
9.29659
8.66639
6.12882
13.1133
7.04574
10.014
12.6566
13.5929
10.2196
10.0744
14.5451
13.8682
13.952
13.2958
12.1758
11.508
13.2332
14.9124
9.59009
13.0431
14.069
4.25991
11.9267
9.3435
8.03399
7.96367
14.1695
12.7168
9.52602
8.17311
13.8314
10.4687
14.4628
12.9163
14.7707
8.83995
8.40544
9.20728
7.66294
8.33489
12.7255
11.8666
14.8875
12.4547
12.3523
14.7803
10.3983
12.9056
10.6666
7.44015
9.40613
11.5173
6.23717
11.5213
14.6468
7.14085
11.8416
11.656
14.3029
10.577
14.5188
12.379
9.08784
14.5859
14.975
12.9276
12.4032
10.3209
14.2942
14.4363
11.8595
13.3437
10.3518
13.5605
8.21971
10.7287
11.841
14.7645
13.5052
13.3665
5.88034
10.6992
11.5508
10.9373
9.47844
6.81089
13.8539
13.7019
8.11304
10.3977
10.7963
11.8825
11.357
10.2893
10.9495
8.14225
10.9026
14.152
13.4407
11.3996
13.6834
9.42945
9.3892
11.3795
12.0241
10.1356
5.01899
12.5126
14.9666
12.2614
9.34322
14.2654
14.4261
10.9707
12.036
10.8868
9.55352
6.19355
14.9909
10.662
13.0995
13.2895
11.4879
13.5845
13.3556
13.0813
9.89795
14.6979
5.87337
10.2896
11.6616
10.2262
13.9837
14.993
6.36253
6.35906
9.61414
10.8446
12.9158
14.3645
8.74836
13.59
12.769
9.58046
13.525
10.0629
12.7261
13.7908
14.518
14.4858
10.7991
12.8599
12.4434
14.386
14.6356
11.6377
11.9627
12.4624
9.90339
10.8065
9.4829
13.7579
8.30626
13.977
12.647
7.80449
10.0828
12.698
9.05486
10.0008
9.25131
10.1825
12.1546
14.4565
13.0929
13.1339
9.60902
13.5282
12.6755
13.3376
10.5681
14.0996
11.5518
13.4409
7.81426
9.86866
11.5706
8.42354
11.6837
14.1684
14.5981
9.54766
11.7533
8.70663
6.55773
14.8768
14.5543
9.02953
14.7127
6.73362
13.8134
12.913
13.3185
14.0886
3.21511
5.15072
14.1368
11.4791
9.87715
10.0786
8.91977
11.9162
14.3661
8.86777
14.7004
12.0199
14.7601
12.0505
13.5793
8.14915
6.78358
11.1183
7.04057
12.4826
10.0191
12.0798
13.4933
12.2727
12.1135
8.79724
14.8516
10.766
10.0048
13.3126
6.0181
13.79
9.8714
14.3082
14.5301
13.9872
11.165
13.9783
8.69409
11.8763
13.541
12.5066
13.9004
10.6486
9.68491
13.2631
10.9978
12.6873
7.7179
14.8521
11.2381
10.5579
12.5326
9.88375
12.4637
14.9422
6.34143
11.8448
13.4539
11.5834
11.734
9.75934
13.7424
12.4074
11.7616
13.1819
13.8252
10.4362
13.9587
11.5167
6.93479
13.2435
11.6696
11.5374
14.0312
10.2065
11.3058
11.1951
6.30413
13.0954
10.1288
14.3655
12.3086
6.46326
13.445
14.6977
9.68944
7.11334
12.1198
14.3262
8.38856
12.066
12.7648
8.70635
14.2235
13.3736
11.0655
10.6709
12.7418
11.3631
10.9602
9.19551
9.91498
11.3471
11.2521
13.9221
13.1671
10.2641
9.79204
12.4404
12.2322
13.3339
9.75408
11.9997
13.782
9.83051
13.9043
10.9031
8.70231
11.0217
11.7201
11.6177
10.1764
11.238
7.02939
9.97904
5.93091
5.55462
12.8714
9.21875
12.9934
11.3264
7.51741
8.21969
13.4178
6.5728
11.5342
10.1922
12.0524
10.0104
14.1144
9.75422
12.2947
12.208
9.61957
14.4523
13.7725
14.2951
13.7441
9.87688
11.1319
12.2743
12.4386
10.8903
14.7891
13.5975
14.025
14.5768
14.241
11.8351
5.40969
12.7938
12.8152
12.705
7.46759
12.3839
10.1559
14.315
14.1339
10.3793
8.6726
14.7348
14.4351
5.94632
14.9118
10.835
13.1186
9.57866
11.5522
14.6586
14.9319
10.028
10.082
6.26059
11.8215
11.1398
10.3389
14.2676
5.85272
13.7932
13.9241
14.5121
10.246
13.6068
13.1649
9.15097
14.1747
14.7208
12.7178
14.3267
12.2054
14.9421
12.2362
10.7903
9.23788
12.0792
13.3514
10.3876
9.36189
13.2853
14.5039
10.9732
14.0715
13.9182
11.6908
4.75979
13.6013
6.75155
11.1272
13.459
14.3976
10.8762
13.3875
14.2488
14.4298
8.94705
5.83924
6.01212
13.3476
11.9991
10.4296
8.87041
13.2691
12.4549
14.4579
13.108
11.1181
14.7547
11.7193
12.9141
13.1261
12.5475
14.4631
12.5363
13.5631
12.6237
10.131
12.1533
14.0865
6.38452
14.9547
14.9904
11.2212
6.62727
11.6988
12.851
14.5984
13.0961
6.39362
9.56376
10.6787
12.8302
14.2246
9.54897
14.3476
13.6171
12.3375
6.34432
12.017
8.63253
7.64762
12.0733
12.612
10.0663
9.74457
10.3191
14.3446
13.7298
13.7903
11.5789
8.47213
12.2139
8.02975
5.47643
12.6097
12.5954
11.7563
13.6561
12.2869
14.3475
8.9826
9.7993
13.9551
12.0296
6.86791
8.52905
13.2784
8.42815
10.0698
6.23733
7.96094
9.47353
13.3663
6.38303
13.4511
12.2893
10.0389
11.5292
12.6686
12.1088
8.92592
9.61849
14.6052
7.48859
8.04414
13.0008
13.7305
9.85076
14.4404
5.99517
12.4955
10.4776
12.9301
11.7894
14.8285
12.1851
14.9445
13.0456
12.1108
10.8394
8.79848
8.76849
11.9959
8.38181
11.9244
5.7438
9.19712
8.27607
14.69
10.9406
10.6534
9.80748
12.299
7.49613
13.4961
8.47414
11.5719
8.43843
14.1669
13.2571
13.1353
10.3198
10.9673
14.7787
14.9685
9.16307
9.52386
6.86707
7.91492
14.7695
12.6714
14.4698
14.8536
14.8628
9.28374
3.80295
9.23946
14.3668
9.05645
8.28562
9.80528
11.5437
10.025
10.068
10.4983
11.7958
14.0456
13.9844
9.75348
12.2889
9.35466
10.8175
14.6416
11.7977
12.8758
13.1867
14.1706
14.2144
14.6132
14.5884
10.7751
14.7236
9.24975
8.61043
10.0003
6.75438
10.0118
10.857
11.5328
12.5006
10.9538
11.0883
12.7689
13.125
13.4983
10.554
12.5415
10.5034
10.3909
10.6038
8.88098
12.2324
4.94337
6.43203
11.1844
10.3041
10.7341
14.042
13.0497
14.2959
14.3504
11.2028
14.1221
11.7603
13.9872
14.7189
11.229
11.6905
6.92404
10.526
14.1665
8.72438
14.7632
10.0691
6.93113
14.9903
9.4524
9.34252
12.2985
11.9922
11.5299
14.5711
13.8911
5.58575
11.6675
14.8348
9.79572
11.9313
13.5128
14.8231
12.4593
7.3505
8.42074
14.3653
12.2207
11.8024
9.52806
9.10444
12.3955
14.4281
10.3284
11.5167
10.0708
13.8738
9.19328
12.6325
10.8487
12.7474
10.465
12.3596
10.4183
7.47403
13.5407
11.8926
7.81799
9.93408
11.3992
12.1819
14.2327
10.3858
9.91933
11.7356
8.29493
11.9321
14.0481
12.4214
7.03505
14.1355
11.2019
12.4368
12.6884
13.178
7.45485
14.3979
7.37209
4.70007
7.55215
14.2003
6.76045
11.5846
13.2609
11.4614
12.0864
10.1826
9.42275
9.06796
10.9346
9.31088
13.1103
10.2889
7.0205
14.4662
11.7972
5.97806
5.57293
12.4777
14.8441
14.154
14.7259
4.10711
14.3617
11.2006
5.78592
6.34695
14.2176
14.9397
13.9685
12.3935
11.5859
14.754
14.659
13.9436
8.69219
10.6352
14.7201
13.8777
14.2803
13.981
10.013
10.3376
13.6489
13.3084
12.1361
14.4109
9.50254
14.5874
11.2847
14.8419
6.00975
14.2447
13.5012
10.3114
7.34433
9.35427
10.2112
13.0745
10.8797
13.8054
9.64847
5.5903
13.1434
9.01162
14.8231
10.7607
13.145
13.181
6.35414
6.26878
14.7194
14.9727
10.8388
10.1296
11.5851
13.4957
14.7459
10.0801
12.6476
13.5211
10.3426
13.9484
6.11122
11.4832
8.31173
12.886
10.1604
10.977
13.6342
14.0543
14.7639
12.3852
8.82547
11.5438
6.19622
12.2049
9.89004
11.9849
10.9166
9.76882
10.1767
10.4412
10.4569
9.79508
13.0983
10.553
6.22378
13.7001
10.9901
9.89184
14.999
9.97003
11.628
11.454
14.551
14.2852
8.57122
12.0986
11.0526
9.47573
11.6981
14.2015
12.0689
12.0537
9.29858
13.3874
9.91344
12.892
12.7268
13.2261
13.8432
14.1283
11.4685
12.958
9.82798
6.91858
9.04849
12.7324
13.6036
13.9097
11.8057
7.65242
10.4337
14.9184
14.0566
10.4163
5.84998
13.7741
9.35892
14.5713
13.7455
11.9104
7.67141
10.1972
12.7208
9.13458
6.45009
14.5905
13.1892
12.7245
6.32802
10.8069
9.91714
7.99182
14.289
10.3039
11.6785
9.928
11.5733
14.5906
13.1985
9.59276
8.58421
11.0757
10.8938
13.4182
10.4168
13.8067
10.9129
12.1292
14.3137
5.22073
9.25313
14.5177
14.1195
8.77615
12.9255
6.77451
11.082
14.0193
5.74457
5.24369
14.0767
14.912
10.8053
14.4637
4.80811
9.3462
10.715
12.401
8.65845
6.80485
10.8145
14.3277
14.8513
10.1951
14.9478
14.1793
13.1539
12.7999
11.1215
11.3583
13.2238
10.2753
9.40198
6.33405
8.43679
14.9871
14.6041
11.103
13.2358
8.96778
10.768
14.0781
10.4472
11.129
14.4618
6.0833
10.8906
13.2781
6.90299
8.53698
10.2925
8.59094
10.0047
13.5759
14.2596
14.2077
14.1243
13.4443
10.6123
14.8954
11.0725
6.07228
9.7858
9.44555
10.2744
9.85901
8.69331
9.18179
14.58
9.60687
14.2289
12.9124
12.1296
10.8229
14.1155
14.8418
12.0555
13.7956
7.86539
12.9355
5.96735
11.3284
11.4339
12.6844
11.2745
14.6298
14.3137
8.6316
12.0326
11.1644
9.76174
13.1507
10.1435
13.5478
11.1207
5.74353
11.5875
9.79542
7.98692
8.799
12.4299
8.44815
12.2499
11.9049
10.553
4.67924
6.50715
13.9962
9.00834
8.12812
6.20369
12.6639
13.6467
5.67986
11.8028
8.36831
6.10332
14.233
14.0835
12.3406
10.777
6.21275
13.9307
14.6798
10.3479
10.5407
10.6792
10.2681
8.90524
11.365
7.62625
13.6959
13.1336
12.1216
12.2101
13.6287
13.5412
10.2104
10.7815
10.0349
13.061
13.8048
10.4216
10.5082
11.1652
10.7984
10.7511
10.5407
6.64544
12.9622
13.1059
12.065
13.8658
12.2631
14.7232
10.1583
12.8858
7.58664
13.992
10.7961
11.8846
9.89815
13.9649
9.73944
8.20617
13.4205
7.41812
8.02932
6.25337
14.0234
7.83032
14.2925
14.8122
11.0829
13.8063
13.969
14.3376
12.6994
7.95723
14.3752
14.5956
9.44464
12.994
11.7269
8.87481
14.2392
12.7979
13.5081
13.8919
9.40612
9.67327
11.5238
12.8695
11.6479
9.5797
13.9028
14.7599
11.3768
8.91957
12.67
12.2325
12.6308
12.5381
14.6786
12.3281
13.7553
14.598
9.83099
14.4206
13.0155
13.3531
9.92802
8.53041
11.4648
14.9052
13.4428
11.8689
10.9092
8.78696
14.3135
6.64118
6.67578
13.0729
13.6652
14.3515
12.9869
11.0362
14.8208
14.6625
4.92155
14.0814
13.3687
8.87605
6.93252
14.2334
13.4061
10.5004
10.8005
10.9115
14.7177
13.3489
13.5536
11.9365
13.0362
12.6851
14.0678
6.46856
8.16369
10.1835
8.6693
5.93646
5.26765
11.5603
10.1967
9.26394
11.9748
9.63194
8.50675
9.88894
12.462
14.9493
14.9766
10.3992
6.01145
10.5672
12.2838
11.8787
10.9227
8.56531
11.0531
14.897
10.8483
6.10943
6.54006
9.0509
9.83993
12.5457
13.3024
7.9344
8.15475
11.8603
13.5745
10.7392
9.41761
12.4073
12.2469
14.2973
14.4933
9.477
10.245
10.4633
10.7071
10.1013
9.03002
11.9231
14.9976
5.29939
11.7494
13.1628
5.44645
4.38995
5.02951
13.9417
8.87045
10.8618
10.9987
11.9655
10.4517
10.6676
12.201
12.4537
11.0362
12.7084
12.0824
9.91482
14.1455
5.11835
14.2249
8.57312
11.0749
12.4818
11.5354
14.5236
11.1608
7.12085
14.7257
12.6641
8.81994
12.6956
13.0407
13.8765
14.0311
14.6728
11.9242
13.6694
11.7919
11.1678
6.21463
14.2823
13.5916
12.2462
12.6361
8.67526
12.2055
10.0527
14.6567
9.94263
11.1873
12.9092
10.8122
14.1908
8.69772
13.3144
6.05664
12.3137
12.1578
11.4706
11.9818
9.20278
10.9961
10.9894
13.7752
12.2326
14.4319
13.1096
13.9324
12.6281
14.0535
10.83
14.2841
9.88262
14.3655
11.4395
9.62059
13.9439
8.19638
8.60027
12.323
5.9757
11.4305
8.6833
12.4552
8.55801
9.9016
12.0222
6.15518
6.14769
14.0508
14.267
12.3897
6.18279
5.96541
10.2976
8.72598
10.5698
10.8029
12.6928
12.1976
11.1241
6.72725
12.0889
13.3033
12.6042
13.0226
14.6976
12.7575
12.6599
14.705
8.71889
8.18725
12.5027
5.24489
6.38577
12.6084
6.30642
6.39316
9.99082
10.7251
14.6525
12.0478
7.58174
13.0329
12.0269
10.9667
14.9939
13.8204
12.1813
6.36736
12.5099
11.0521
10.4174
9.84269
14.6833
14.7283
13.1128
13.9406
12.5913
12.3149
10.0308
13.1501
14.5954
12.0847
6.42683
8.10895
10.022
12.3196
13.4049
14.7278
11.6176
11.2611
14.7727
11.2448
10.4042
14.0259
14.4593
11.1934
9.00378
14.1798
14.3966
9.94436
8.78474
14.3617
14.1487
13.7
9.97078
12.7277
9.73074
9.11552
13.3939
14.332
10.3989
8.8042
13.6318
12.5056
13.2369
14.6711
4.96323
13.8706
13.4166
10.8637
14.6947
12.8285
13.4309
10.8562
12.8234
11.9987
6.88842
14.9106
10.9942
14.8724
11.7696
9.62788
11.1012
12.276
14.1245
11.9692
10.4804
10.8134
13.8663
14.8285
12.2767
6.10428
5.58789
10.6955
14.86
10.4932
13.8678
5.71545
6.55269
9.89882
14.1561
14.3499
9.82429
10.4453
11.6712
13.3156
12.6701
12.7277
6.0654
8.82423
13.4944
10.5596
10.6254
13.4281
10.9293
13.6333
6.72468
14.5875
14.5791
11.291
6.26507
13.3273
9.50339
13.2693
12.7694
6.66398
5.85692
9.74029
12.8916
12.1723
13.5858
12.5616
9.30378
8.86773
11.0069
7.06821
14.5519
10.8656
13.8243
10.8118
12.6701
6.71448
14.8292
13.5588
12.1928
11.836
11.0793
11.1766
12.0418
13.9065
5.82699
14.8362
10.4889
8.25479
6.22596
11.1492
7.67293
9.76196
13.4521
14.5304
10.8872
13.2237
12.0493
14.3054
8.65526
8.73874
8.68338
12.2573
8.60798
14.4909
10.94
12.1874
13.5503
14.199
8.3746
14.0397
14.4168
12.1026
14.7707
14.8767
11.9577
10.4427
13.7302
8.85032
11.9649
7.05086
7.08252
10.5727
14.274
10.0662
11.369
11.7886
14.1942
10.0527
8.92095
8.76017
14.1131
14.7297
12.0314
4.87726
8.05813
13.2017
12.0606
11.7967
13.1572
5.7293
12.0615
12.5053
9.68758
8.18774
11.5605
6.60953
11.7755
10.5629
11.3387
10.8038
14.6221
12.8348
10.4728
6.3135
14.5544
14.4952
10.4243
14.0921
10.445
13.3312
8.63736
10.5379
8.63292
12.8945
9.79922
7.98724
10.2768
8.31844
8.12968
10.256
6.81727
6.46762
14.1772
9.87203
8.56473
13.1673
13.5153
14.9619
5.52341
11.2942
12.148
10.4231
12.3837
9.68839
12.2912
12.2527
13.7335
5.92405
8.65872
14.3341
13.3117
10.7559
11.8899
9.73148
8.88013
5.37229
12.4067
6.4885
10.0454
10.9183
12.9679
11.5975
8.69754
11.9356
13.6968
9.12905
11.0235
11.8627
14.43
8.56948
8.06351
12.3979
14.0373
8.85577
13.3002
10.365
12.4873
14.6991
13.4723
14.2865
9.35478
10.777
11.9305
10.2887
11.2379
13.283
13.0297
12.7976
7.97358
9.86177
11.7231
12.1072
13.1524
6.21755
13.297
11.4097
14.2117
14.3313
13.6828
12.9886
10.1188
8.68714
11.3442
9.91424
14.4472
14.6241
14.4472
14.6983
13.0741
11.1431
12.5618
11.963
8.89052
6.07396
10.5462
12.0156
9.45562
12.4718
13.9735
12.84
6.32691
10.8727
11.9269
14.0074
13.8325
13.536
11.1389
13.3784
14.9079
12.7144
9.47546
8.88571
9.88071
11.1193
9.72133
12.3366
8.87716
8.21534
14.2065
14.2973
6.53349
10.5701
11.9685
12.7183
12.1936
8.92428
10.3415
12.4712
14.7664
13.9342
7.89458
8.97732
12.3284
8.19431
14.5867
14.3303
11.5956
12.9903
11.7032
14.1871
14.0157
13.8382
10.7806
8.5905
8.96815
14.944
7.97196
7.71262
8.46191
8.45919
9.88551
9.66133
14.5713
13.7374
7.8231
14.4169
14.9405
4.65602
13.62
12.094
12.7144
13.4514
8.81099
10.3515
9.1963
12.0472
10.0659
13.5474
10.1944
13.7476
10.2389
11.145
14.2749
10.3401
14.9533
6.29939
10.6769
8.93475
13.8845
14.478
9.49064
10.7102
10.7538
10.1209
14.1309
9.41844
5.97869
9.48679
11.1852
14.3874
14.4247
9.72601
9.55574
6.33059
5.58339
13.1858
8.22912
10.4221
6.54218
8.38376
9.6258
14.0596
11.9062
10.9548
14.005
8.62339
11.4393
13.5099
12.0182
8.27206
11.5171
8.21839
12.3773
11.2955
10.2029
13.4834
6.53493
14.1202
13.1401
10.4264
11.8268
12.1957
13.8412
12.1545
14.9769
10.0185
13.9112
14.3299
12.3603
14.6875
13.4029
11.3841
12.9679
12.2892
11.2855
6.38678
13.3166
11.4722
6.50366
7.27719
11.1683
12.5385
8.62966
7.27066
10.478
6.30361
9.51362
6.76633
10.3244
6.04294
8.02979
13.8563
8.31747
13.8033
10.9279
7.78058
13.212
10.1235
10.2669
13.8809
10.3975
11.7953
8.15576
11.79
10.5205
14.4814
14.3866
10.1405
5.79524
10.5392
14.4908
10.5101
14.2735
13.1516
8.33722
14.4103
11.0802
5.52232
13.9272
14.2176
7.72789
9.61993
6.50624
9.90759
13.3402
10.4684
14.3518
12.4905
13.5564
13.5758
13.0405
11.3127
14.4758
8.91765
8.26762
11.5144
11.9113
14.3022
8.57331
12.7978
13.6473
14.9101
10.6368
12.1904
10.9747
14.732
14.9279
6.13573
9.59923
10.7251
11.3319
6.15729
13.2974
12.8871
13.5215
14.5204
14.6999
8.93223
12.6742
11.6051
14.8446
12.3779
12.1257
9.79452
8.53154
6.59818
12.364
10.8406
14.2922
14.9234
12.569
6.20535
10.0045
8.74792
6.08874
9.86124
11.5741
13.0412
14.3593
7.47766
14.7787
14.1228
8.46542
5.8522
7.63209
9.95609
14.8515
14.8903
13.5334
14.7899
13.1051
11.0985
11.2184
8.78898
11.3915
9.84999
9.45711
5.40994
13.3631
13.1115
14.8153
12.948
9.66074
14.5718
10.846
6.6508
5.84576
5.29679
14.6843
11.89
6.42991
10.953
14.5858
10.4175
13.255
13.4499
8.10787
12.6584
10.512
12.7429
11.7729
9.41416
12.296
13.609
13.5582
10.6608
10.9402
14.1282
14.2786
10.9801
14.0923
6.33415
9.75241
10.5892
10.0322
4.93775
11.8961
8.13689
9.53979
14.7246
11.7746
12.1101
7.77246
10.7971
8.52109
12.9458
13.5398
10.1923
14.355
8.56582
6.29277
14.5979
9.74454
10.5737
14.3539
13.0347
12.1369
8.16575
10.1352
8.30175
13.7546
5.99595
10.8468
8.38675
9.73889
10.7891
13.6444
8.50092
9.74787
8.08658
9.2282
13.174
8.0295
14.8844
14.4402
10.9063
12.8
9.93555
13.2094
13.2566
12.5973
14.6556
14.5492
12.1698
10.2476
11.2271
11.6846
14.5352
14.402
13.3512
10.7704
10.1633
10.6559
11.1474
13.3753
13.0825
12.124
14.5923
12.5509
12.2472
11.967
9.62083
12.5656
14.7696
14.0698
12.0431
14.1851
13.4507
14.0796
13.3931
14.9672
11.0378
10.8148
10.2536
11.6711
12.7159
13.1383
14.5542
10.8413
12.6476
14.17
14.5922
12.3365
11.8739
11.9762
10.1377
8.2416
11.3562
11.5902
11.2954
13.2284
5.98844
13.1825
13.2444
14.2119
12.6836
14.283
7.07283
8.91378
10.8251
11.4231
4.47137
8.23267
9.85498
14.0042
14.2476
9.44983
9.40689
11.3468
8.16742
9.66215
11.7247
10.2864
14.7179
10.7738
10.223
11.4063
14.0117
11.2448
13.3408
11.8774
9.75763
9.35618
8.74754
14.3821
13.7563
7.47826
10.759
14.9362
8.39822
10.7776
14.4248
12.3786
8.67266
9.30662
13.3739
14.935
9.16423
12.3777
13.5172
10.5038
7.76414
12.0564
10.0683
9.67523
9.5668
12.6394
14.2564
8.74242
12.3557
9.99522
11.6294
12.6501
11.6589
13.0818
14.7983
11.0444
7.59831
9.62357
9.39159
13.6878
10.6523
8.46741
12.0145
8.40778
10.1884
11.7312
14.3512
11.94
11.5356
9.48738
11.2993
10.3131
11.621
12.4937
13.3204
6.04895
6.22227
12.5933
5.43302
12.3643
11.605
10.2063
14.4202
10.4734
6.19796
12.5114
10.7235
6.1785
10.6347
7.99605
14.7973
12.6153
14.2371
5.50265
9.38517
13.4603
12.7554
8.64347
9.81703
9.36603
12.3548
14.6692
14.9023
12.3819
14.7686
11.8095
14.7152
13.8
12.4935
14.4583
6.5851
14.4716
8.62978
14.651
13.8805
13.4964
12.9491
14.8827
8.88858
14.026
13.776
8.66815
14.591
10.027
14.1205
12.0176
10.6883
10.3968
8.52462
13.2754
13.3531
6.35663
14.258
10.581
12.2287
14.7157
8.69784
14.3281
14.3024
12.5594
8.60018
14.7011
9.77494
8.6516
10.119
12.8385
14.457
9.67973
8.47822
10.4328
8.6467
10.5241
6.35353
14.9524
14.6682
14.4415
11.4081
11.0477
11.4736
12.7888
12.6958
11.489
8.8088
9.23682
14.2298
13.1733
9.40148
14.4768
12.6549
14.7834
14.7219
14.579
14.1637
10.9891
10.6799
11.4838
10.2534
7.27173
8.19068
12.2561
13.1373
14.3412
12.8079
11.7729
6.83098
8.45254
12.4424
9.13202
14.862
12.1928
13.1954
10.7589
12.7457
10.9227
6.45457
7.52209
6.07468
6.26448
14.3589
9.8892
13.2614
8.64711
9.05698
14.8885
10.4444
12.0495
13.6621
9.45459
12.0142
11.8632
9.72962
12.3083
7.24798
9.2563
11.4129
14.0703
11.7133
14.442
13.1614
4.30703
10.7737
13.0688
4.73083
14.4974
10.8553
9.14789
10.6851
5.80183
14.0251
7.39735
13.042
13.8982
10.8491
8.94139
14.4237
10.4102
9.57073
14.7241
7.1402
12.1341
8.57332
12.9022
14.1319
8.64051
10.7126
9.09299
11.9389
13.8378
10.0155
14.6844
11.8197
14.3615
13.154
11.6646
14.8856
12.3963
10.8021
12.3345
13.7376
6.56756
6.25758
12.063
14.9854
13.2628
11.4103
13.1212
14.5264
7.85092
11.8552
14.4614
12.2859
14.093
12.3255
13.0627
13.6207
9.76897
13.1063
12.9377
10.4882
9.0753
13.294
12.4018
14.7524
12.3579
8.8386
5.54118
13.911
13.2027
5.22816
13.1731
11.7505
12.9612
11.7868
6.16859
12.8668
13.1381
9.69267
6.13412
12.3414
12.4316
8.51273
9.79591
11.7485
8.87924
10.1721
9.64821
14.3415
9.54258
13.7811
14.2929
11.81
11.1671
11.8684
10.8262
12.7927
14.4222
14.4238
9.31003
8.79172
7.41783
9.28059
13.4169
5.73813
14.7231
12.8423
14.0506
9.22741
8.65614
14.125
12.4873
11.9322
6.23205
5.94147
10.0437
10.3734
12.8896
11.0655
13.4508
14.9524
14.3201
10.7034
12.2462
14.2142
10.9196
7.56297
9.70171
14.3124
11.0645
13.3064
9.64215
13.5021
14.5827
12.229
10.2196
10.4911
12.0842
12.4615
10.4329
12.3437
14.6595
8.95777
10.6768
5.7066
11.89
10.3461
13.2328
9.00742
7.30138
14.7292
8.69184
14.2031
12.0717
14.1901
13.612
13.6184
12.2301
8.47496
14.0798
10.1539
13.8589
13.1589
9.37117
10.0409
5.46529
5.60556
7.7989
13.3782
9.33789
10.0798
5.76507
14.6984
12.8035
11.142
14.8717
12.3159
11.9458
14.7942
13.5654
11.4965
11.3752
12.768
12.6476
10.6738
13.4271
13.0794
11.2589
9.33602
14.8111
10.298
13.1775
14.8492
10.705
12.8825
11.3704
13.3073
11.4642
12.9514
6.16469
12.0473
14.7263
13.1632
5.11039
14.6189
10.4541
9.33772
10.6376
8.94893
13.0222
12.4982
8.70999
10.5585
6.02575
12.0632
9.52825
13.4049
14.3684
14.8704
9.04494
8.60484
10.0334
14.6594
12.7199
14.0841
12.2828
13.2988
13.2197
14.1412
12.7477
8.86753
8.6085
12.4025
14.5847
6.56847
8.16612
13.7561
14.7415
14.4178
9.52822
13.4129
12.5076
8.76485
8.49007
14.8122
10.685
14.7994
13.5839
12.4137
14.261
14.4664
14.6077
14.22
6.4198
14.5118
11.0894
11.658
14.0637
14.233
12.2616
12.1005
9.63249
13.1125
14.7503
10.3112
10.6232
10.6724
13.363
8.49241
12.0642
7.89432
13.622
11.9035
6.80261
14.3994
5.88411
14.2356
9.47329
12.3616
14.576
14.0405
14.3362
12.9851
10.5863
5.97746
8.52496
8.71404
12.1477
8.56688
9.53688
5.88528
14.6578
13.3121
10.6484
14.0747
12.2849
8.7349
14.2044
5.93836
4.94564
14.7391
13.9089
13.7735
12.0414
10.556
14.5625
13.1063
14.4951
6.45223
13.0212
10.2438
11.4581
6.09555
14.3637
10.8617
8.98406
8.78796
9.44755
8.32584
14.4648
11.9607
10.9483
9.1549
12.4814
9.67328
5.99072
11.8148
13.2598
11.9408
9.31965
10.3493
8.00506
10.3895
10.5363
6.07928
6.06399
8.77193
14.4745
14.3209
10.9871
11.8273
5.80226
14.541
13.0653
12.3086
10.3492
8.52325
9.29078
10.153
10.753
10.3591
10.4864
5.815
9.02987
14.6796
9.63847
10.4267
12.1663
7.41214
13.9622
6.16917
14.721
13.0254
6.1604
12.4489
8.72856
12.7467
10.6806
13.0854
13.2839
12.8553
7.33733
8.83082
12.0621
8.52858
13.0102
10.1731
14.2004
10.3989
14.377
6.53039
12.2771
11.3213
12.7668
13.5311
12.8514
9.66536
5.76834
8.58486
10.8534
12.4252
13.067
12.4385
14.1502
11.2148
8.96127
10.1221
6.84904
9.32812
14.4082
9.22767
12.8547
10.7596
11.8905
13.6099
9.78703
13.4509
10.8383
12.748
14.173
14.1096
12.4157
9.77914
8.87775
8.52461
14.823
9.98071
8.83624
11.4171
3.82578
14.6629
14.8893
10.3984
14.4595
6.54236
12.355
10.2123
13.0886
6.03584
8.66924
10.5397
10.0205
10.7018
11.9899
9.91967
10.4133
6.46125
14.2182
9.54875
10.1948
10.5836
8.20551
14.6735
10.6317
14.1443
7.47804
8.71671
13.9815
8.19708
11.8484
8.39935
13.3218
14.6334
11.9478
10.8825
8.39413
12.7128
13.8974
12.9117
10.57
14.7414
12.1729
6.8729
9.18179
8.83638
8.62905
10.0391
7.91994
14.3081
9.88908
10.0972
10.8349
8.88503
10.3626
14.4576
12.7974
5.23892
13.4106
14.7586
12.6919
6.39225
12.2526
10.5268
10.0815
9.78652
10.4047
9.26378
13.6743
14.6826
11.0361
11.6327
5.42038
5.65312
13.2309
14.8811
9.78557
12.7041
8.62028
14.4487
10.5132
6.9942
14.3073
11.2958
9.32018
12.5681
14.0101
14.9223
7.20988
7.66499
13.6272
9.24173
10.9163
6.02242
8.38223
14.8033
10.6224
12.9422
11.2832
12.9653
11.3346
13.8233
8.42607
11.4074
9.21226
12.8492
10.6364
10.5904
13.8199
12.3454
9.93353
6.12403
13.6012
11.0127
10.603
8.82994
9.94388
10.814
10.9556
9.83244
9.17201
12.3788
5.63178
13.7118
11.2316
11.8481
14.8214
6.12593
9.92897
9.95416
12.4351
11.0603
14.5501
7.15432
4.80025
13.4344
12.2557
13.0792
6.52973
14.8664
9.18217
6.23756
11.7524
14.1877
6.71814
8.7493
14.3457
11.8525
9.61767
6.22236
9.82891
14.834
10.708
10.4578
8.92412
7.93587
13.2403
10.8495
9.71347
8.41814
11.2301
7.06896
7.52732
6.08591
14.0219
7.87823
11.4053
12.411
13.3871
9.46017
9.96879
13.4008
10.1188
8.67249
14.1988
10.3699
13.0909
9.82138
8.52498
12.5443
8.43663
14.5477
7.09828
11.5702
12.7426
11.1501
8.14379
10.3129
6.79365
5.95015
9.22707
9.52514
10.7014
13.1379
10.9003
9.38351
11.4413
12.022
10.0581
9.38682
10.6897
5.93833
10.3693
9.75856
12.3205
13.5137
14.6948
13.9617
9.73999
12.9588
10.6463
14.6048
14.4762
12.662
14.8023
9.81103
12.6251
12.3565
13.9891
10.9767
13.8198
13.4025
14.3014
14.5533
10.2724
12.1331
14.7193
5.84333
7.54837
5.4166
11.7471
10.9021
11.0983
8.01495
9.37272
13.962
12.3941
14.1715
12.2568
11.4063
12.0358
11.7961
11.3677
13.1757
14.5629
9.49956
9.84718
14.3717
13.4229
13.9513
13.8384
6.6585
8.67105
8.97777
8.09346
14.2625
14.9378
8.09647
11.3627
14.4972
5.76143
12.4193
9.15256
6.006
12.0523
13.3765
14.1503
13.4797
11.6258
13.7134
13.4433
14.1157
13.2143
10.3713
10.1065
14.3522
10.1883
12.4408
10.0809
14.6079
8.84898
8.62964
7.34232
12.229
11.0503
14.9816
10.6116
9.99576
11.9533
10.973
11.157
14.5143
14.0386
8.97229
11.8279
9.14488
14.1277
11.0438
11.9331
11.5676
7.00628
9.11178
9.1081
12.611
10.5383
12.2656
12.2998
11.9783
5.78406
8.19938
10.1462
11.2791
7.9295
5.46875
6.84199
11.6243
12.8668
10.1892
8.60163
10.4674
9.02642
9.17422
10.8971
12.6752
8.97239
14.6794
10.3695
10.9896
11.179
11.1303
12.08
10.0815
13.6032
14.3425
12.3262
5.34601
10.1317
13.6961
14.2178
5.76467
11.542
10.0441
14.3052
14.3804
11.8425
10.1625
14.9423
8.13883
10.6259
3.9298
5.66104
14.2229
12.6084
8.3284
12.2177
12.4543
6.34103
11.7822
14.8902
13.4617
10.118
12.2139
14.0544
9.13666
12.8617
6.06113
11.4515
10.4691
11.2451
11.2095
11.5229
14.4705
8.53618
13.6647
11.5802
13.1185
9.75574
10.0384
12.1473
13.3523
11.9466
14.1031
10.7058
8.64279
12.0383
6.1108
12.3271
9.72514
12.7058
12.3027
10.1739
11.3937
8.24847
11.4122
9.48942
4.6826
12.6777
8.76739
9.84856
8.9789
5.17036
9.01312
11.9405
14.1625
11.2896
10.6506
12.3325
6.81587
9.7627
10.5369
8.54834
10.7709
13.3303
12.7474
14.6644
10.2717
11.3389
14.7556
6.01684
9.97346
5.4179
14.3997
11.8816
10.6348
13.5355
14.7896
10.0406
14.8241
11.351
10.7121
5.38889
10.0018
8.83687
12.3732
14.552
14.0081
13.6958
14.9776
13.1198
4.62162
12.0679
6.85333
13.07
12.3036
10.1782
11.8575
9.11654
12.2751
8.534
11.2767
14.3479
10.9063
14.3804
13.2876
14.7111
8.70503
13.6395
6.96036
11.918
8.00287
11.7414
10.2305
10.1084
12.2498
10.9954
7.96344
9.63028
6.07132
11.9561
9.61132
7.7755
8.32319
11.4999
10.3445
12.2597
6.241
5.39536
8.65125
10.3904
5.89912
12.972
13.9099
10.0172
13.5609
12.159
9.48732
10.9703
9.25585
14.2518
11.164
8.46696
11.1171
5.97218
7.13677
7.28088
10.6773
10.7813
10.8477
8.12956
11.0558
11.9113
7.98486
9.799
8.36751
5.9674
10.6705
9.64363
11.9033
11.0038
11.7765
12.188
8.67234
12.0986
11.2578
8.56907
14.8514
12.6335
10.4125
8.96939
9.07079
10.2023
14.1001
12.0589
14.9653
10.4503
10.0544
10.9802
6.09005
9.71566
14.2152
13.1275
12.7599
13.8561
13.4379
9.86394
9.11259
9.0767
9.32867
13.6768
14.3254
6.77653
10.1885
12.3442
11.9985
10.4591
4.54905
10.9987
12.7684
14.9008
14.5814
6.02064
11.6825
14.2948
13.536
12.769
14.773
12.46
12.4282
9.72927
6.49006
12.1042
11.7127
14.1115
14.5134
5.12275
11.4464
4.65439
10.4083
12.8557
11.5542
7.8824
11.5279
13.2871
10.1877
8.80514
12.9893
14.6811
10.7823
12.5166
11.6432
14.5854
13.6916
8.93167
14.1113
11.9092
4.03166
10.3137
13.9177
14.4354
12.3084
10.649
10.5277
14.1382
6.11714
9.30486
12.1718
6.9423
14.1687
10.6107
10.5842
12.4301
11.4643
6.197
10.335
12.2
10.3634
10.7665
11.8923
12.0215
12.8532
13.869
9.53375
13.9752
10.9995
9.06573
14.2071
13.7136
14.5722
11.7338
12.7815
10.1521
6.85799
11.1676
13.0536
13.6625
13.0464
11.8332
12.9742
14.752
12.7478
9.76493
9.23685
9.86887
13.5467
11.1086
14.4442
14.1401
12.5754
11.0041
11.0646
8.21237
13.9369
14.628
14.4606
9.29379
7.70955
9.41759
13.0777
12.3462
9.37942
6.30113
11.3717
10.7841
12.6203
11.2523
12.2221
13.9793
6.10146
8.33687
7.78252
13.5722
9.96488
9.83909
10.2934
8.3946
5.58987
9.38105
14.266
10.1826
13.7909
14.312
9.33068
9.35109
14.567
8.35337
12.0411
12.893
3.79877
9.28302
14.7079
10.0351
14.5073
6.86728
10.9291
11.257
14.4316
12.698
11.9046
13.0579
9.79957
8.93324
10.0371
9.65843
14.0849
14.773
12.8846
14.2144
13.1769
9.02306
9.47059
8.48697
12.1934
6.32715
12.9338
10.8802
14.081
9.82634
12.284
14.7412
11.8142
12.043
12.8767
14.2823
11.9533
10.5993
14.9305
8.70599
11.9267
12.532
13.7294
10.4972
9.95597
11.5143
12.3301
13.3727
10.2842
12.8609
12.0599
12.7722
11.665
10.7185
14.9781
6.43498
11.8668
9.03196
10.8873
12.0609
8.22158
14.4405
11.9225
9.93225
14.201
8.87006
8.6416
12.4602
12.0231
12.5879
11.982
9.99107
10.5271
13.8803
13.0988
10.3786
6.05617
14.0483
7.89295
11.3887
13.6026
13.4924
10.3528
10.8668
11.2915
10.8887
8.48273
14.2344
13.8645
9.45661
12.8848
13.7494
11.0004
6.46496
11.8549
5.15321
13.487
9.76209
6.58474
4.33373
12.2388
11.8874
13.1479
13.6214
11.908
6.49664
11.1127
13.4338
9.47231
14.1417
14.8699
5.70338
13.0359
14.4987
12.5133
7.81269
10.3795
14.1108
14.6
10.1819
14.2567
9.51899
14.8364
13.1638
11.7456
11.2301
10.0203
13.4082
12.6869
10.8153
9.67119
6.82435
7.89697
12.6009
10.5123
10.9831
13.9595
11.913
12.2863
9.55675
13.8481
9.47449
6.18583
10.2339
6.04389
10.4161
12.7505
12.6656
8.80292
10.1299
12.1959
14.1018
14.9174
11.9826
11.1101
14.5185
5.54205
14.028
14.4909
9.59564
6.25941
14.9446
11.9955
12.8423
12.201
12.9165
13.0138
9.06864
12.8761
12.6247
10.2937
6.2991
9.3343
6.87082
13.1862
7.64736
7.11679
9.97658
8.61975
5.40216
9.85904
10.2483
7.15249
9.07454
8.61394
6.50682
9.05862
10.5922
11.2633
13.2403
11.7409
12.7044
10.9511
13.0473
9.0838
8.99554
9.05324
12.3077
14.3091
5.70347
14.1036
13.6014
13.6282
10.3515
13.2331
13.3407
10.2582
14.4704
13.6973
11.0814
9.88613
10.0907
11.8971
14.1928
14.5152
11.5608
8.15924
10.4536
11.7539
10.2169
12.5867
14.7074
13.5398
12.0732
6.02119
10.6317
8.81091
14.7006
8.54284
13.6965
13.4493
10.2794
5.66225
10.147
8.66763
6.37593
9.89884
11.3417
14.565
14.1812
8.64811
10.6772
10.028
10.5165
9.67705
10.5433
7.01939
6.25605
6.3572
14.1113
13.6029
14.5101
9.95044
12.4755
10.4308
11.5931
9.07414
14.3392
10.6977
10.2991
14.7623
11.9998
8.5805
10.4869
12.3089
14.2337
14.0081
6.40259
6.20083
7.89167
6.4581
6.77893
8.17423
11.145
5.62095
9.20136
11.3712
10.3871
14.7992
14.6757
10.4651
13.636
8.43056
13.868
14.2226
11.4431
13.4185
13.4805
7.58615
11.0303
10.3736
11.2987
12.7965
13.031
8.33886
12.6796
10.5466
10.3763
8.23729
14.4904
14.7928
11.0134
8.10011
14.2103
13.3733
11.0801
13.198
11.1119
12.331
12.8786
12.2749
8.9281
11.1575
10.4499
12.461
12.3362
14.0749
11.7556
9.88163
14.6119
13.8552
11.4218
14.6315
12.1611
5.76032
12.1629
13.3034
9.7894
7.53805
13.3307
8.10892
13.8957
13.5052
10.7741
11.4752
11.4531
13.0408
13.0294
14.3626
6.90106
14.3138
7.53602
6.80065
12.133
9.98245
7.42837
13.5047
5.07031
10.8673
11.5725
13.3361
11.8839
13.3672
10.1726
13.5123
14.8124
13.1743
12.6597
13.059
14.334
12.771
14.9945
13.8678
9.86233
11.9701
13.3211
13.7622
8.83192
11.9528
13.0871
12.0089
11.5937
6.54039
14.6035
12.2092
14.236
7.81596
8.58353
14.4061
7.6543
13.3534
14.3316
5.80238
14.3797
8.44181
14.3817
11.7044
8.84454
9.98146
13.6256
11.4528
12.4994
9.92457
7.82915
11.4577
9.24037
12.5408
10.3316
10.2731
14.527
13.5874
9.1002
10.815
10.7371
9.68314
6.08527
12.3373
10.7214
11.9847
11.3243
8.71719
11.6991
13.2677
11.2358
10.8174
14.3518
9.79082
12.6157
12.6316
10.6867
9.22862
8.4004
10.1502
6.43749
9.99547
13.6604
14.3613
9.10254
14.4914
13.0582
13.376
10.2826
13.8601
6.93527
11.6368
14.2887
12.4953
12.0817
10.7443
10.6128
9.75535
6.75319
4.44711
10.1389
14.0417
12.1481
13.3385
14.4576
14.7257
10.0021
9.0811
9.67203
13.4741
8.95949
13.9015
11.2056
10.1981
13.1332
13.4279
13.0984
13.4554
11.9525
14.9034
11.7599
13.0062
13.4697
8.98598
10.8522
12.9272
12.3189
12.0758
13.6483
5.7018
14.0133
6.48119
13.0794
10.0199
8.76979
10.9911
14.0286
14.401
11.655
13.0934
14.3267
12.1443
11.1091
13.1669
13.9533
14.9707
13.1701
5.67065
12.5741
14.7227
13.4862
11.7588
14.719
5.69107
10.6052
13.1345
8.87549
14.6359
11.7145
14.3732
10.2268
12.316
9.88105
14.4152
14.5046
13.0291
12.3703
12.4329
14.8323
12.2372
10.8834
12.4453
13.1493
7.44452
10.8377
13.7126
13.3512
11.9974
11.5207
13.3564
8.65747
9.64144
9.79104
9.68083
14.319
10.4213
10.528
13.3485
11.2213
14.3442
10.4609
10.7098
10.1189
5.22762
14.9002
9.83437
14.8788
11.7198
7.99319
10.5748
12.7148
13.4104
12.7898
8.67474
14.7169
13.2954
9.21419
11.843
13.9968
14.4405
14.2822
12.2073
12.2758
11.4553
14.6884
8.55985
10.691
13.2686
11.3734
14.9181
10.9321
12.608
12.0068
11.0996
10.0942
6.01425
13.3425
14.5703
14.5727
14.9454
10.7946
9.24502
10.0499
13.5314
6.04029
7.80463
14.6798
9.87267
14.7796
11.6912
13.7954
11.8054
6.58836
10.8336
6.29323
8.75806
11.7412
9.57644
12.2171
10.5316
14.2086
12.8786
9.91094
12.4429
11.37
8.8028
6.18303
12.339
10.3705
8.49747
14.6547
12.9203
8.67445
5.67274
5.96148
10.2848
10.3538
4.49309
11.7077
12.3315
14.9465
10.1329
14.788
13.5177
14.3301
8.563
11.9069
8.44553
12.5515
13.783
14.9488
8.99306
10.0459
14.4965
10.4398
9.81099
14.8345
10.6014
6.09922
8.08978
13.9026
14.8367
7.62839
5.07985
12.7649
9.92308
12.3596
8.70078
6.38462
8.68337
13.9167
10.7421
12.2494
9.37823
12.093
8.52657
13.5288
12.5831
12.9901
11.6968
10.2315
10.1907
12.5159
10.8603
9.75897
13.2971
7.49214
8.16482
9.92829
8.36955
11.2767
8.69979
8.34688
12.0372
8.593
12.1834
9.81376
12.159
14.2921
5.96202
11.1657
11.9036
11.1752
12.8665
12.1717
14.2484
8.6227
14.1335
11.6077
14.8167
12.4957
8.60436
10.6598
12.8046
14.4257
11.6589
10.7532
10.9584
10.8869
10.8538
11.3474
14.7609
9.12956
11.5681
12.1657
12.6219
10.9937
13.3308
10.2117
14.7029
14.4709
14.1659
14.9262
9.41175
11.7783
11.2161
8.51411
10.1078
14.9487
9.02462
9.97964
14.3978
11.6326
8.5118
10.615
11.731
14.0279
11.5361
7.10398
12.5924
11.858
13.8117
9.08205
11.3796
9.76347
10.0107
4.68963
10.7992
7.111
11.637
13.805
12.0499
14.1568
11.602
8.47296
7.26757
11.1423
9.20804
12.7082
14.527
9.7691
10.689
14.0383
9.11232
9.4084
8.73888
7.91918
13.0156
10.2441
13.4475
7.07876
12.0855
12.9963
9.90779
14.8275
10.1926
8.53563
9.75841
13.0576
4.60101
14.7009
12.3087
12.2569
9.08696
11.6104
4.57547
5.44654
13.7648
13.634
13.6866
12.0689
6.47439
12.4211
10.569
10.0983
13.3572
8.73849
13.133
13.1618
13.4407
13.1345
8.24234
10.1813
10.3459
14.6428
13.0341
12.5509
12.4707
10.3674
11.8213
13.1505
14.2101
9.39478
13.9502
14.6863
9.562
9.48272
11.4184
8.71357
6.05968
11.8287
14.5958
12.8835
13.7561
14.0594
10.7457
9.30061
12.89
12.9491
8.7887
11.0154
14.5252
14.0112
12.4104
6.59069
8.02888
11.8049
11.1946
8.89047
12.3084
11.9555
6.61391
11.3265
8.83658
9.99427
8.64209
6.03439
10.7543
12.6681
11.5034
14.3044
10.0111
13.2576
12.1529
13.1378
10.479
11.0949
11.0449
14.9592
12.2467
13.6965
14.4872
9.52535
11.9526
11.6091
14.7918
5.97459
14.624
5.61809
6.24683
8.61992
14.1627
13.3233
14.0248
12.5001
14.4722
14.4207
14.1836
8.08097
13.0051
10.1629
11.2598
10.1942
11.1821
13.9965
10.2939
11.4096
8.5131
10.0884
11.5744
12.5269
11.9786
13.3486
10.2044
13.228
12.8412
13.6537
13.9905
14.6385
13.9727
12.7919
11.299
9.91193
9.2155
12.3002
14.5696
9.51276
6.35255
9.14366
13.5574
9.08172
8.58144
13.2098
