11.2303
11.0914
14.4681
12.1733
11.1938
10.1404
12.1433
13.4203
8.97023
8.1074
14.3488
10.7807
13.9104
8.90618
8.36005
12.4651
5.00013
4.80984
12.2648
14.4491
9.80628
9.56666
14.1804
12.3715
10.1193
12.5234
8.02973
11.0969
11.1827
14.4917
13.07
14.103
12.1515
12.0548
14.0161
12.5757
14.4833
12.5083
12.1272
14.6406
14.7296
7.8485
10.5007
9.7871
12.072
10.5704
14.6779
11.0798
6.51258
8.94497
12.8537
9.8394
7.34683
13.655
12.7112
7.92155
6.06369
14.7141
9.52
14.1928
9.03862
7.48847
11.5245
12.1976
10.223
8.52691
10.7948
14.51
14.3367
10.5095
13.1683
12.9753
14.8917
10.3664
7.62361
14.735
11.2785
14.6582
13.111
11.8114
11.1049
14.2658
14.0295
4.76664
14.6055
9.62917
14.8046
14.3073
12.5832
12.2148
11.6844
12.9538
14.7221
12.8521
9.6953
8.41487
13.3507
12.2186
11.7732
14.864
10.7061
11.8719
13.608
12.8173
14.4933
12.3549
10.2073
11.4746
10.5876
7.39534
11.3053
8.60233
12.2489
8.11819
12.3351
11.219
14.4004
12.4292
13.5652
11.4528
9.727
14.6072
12.0268
12.2038
9.55698
11.4014
11.5574
10.071
4.58043
9.8418
11.3676
10.6005
12.3351
13.0634
13.5917
13.2823
10.8393
8.71691
13.6985
9.77807
12.4194
14.7192
12.3743
11.387
12.3992
14.7431
10.4932
6.52038
9.21039
12.6169
10.3539
13.6696
14.2364
11.9944
13.3129
12.6747
14.0197
10.6879
13.2098
11.2331
8.48935
14.2432
13.0131
7.05079
9.6331
12.9025
12.1247
9.81413
9.82062
11.2893
14.7323
14.5816
10.089
8.08147
11.1666
14.1592
9.69041
11.4497
7.63521
13.6334
13.49
14.2605
14.7823
12.4403
9.34334
6.97842
13.5401
13.9206
10.8223
11.896
9.36587
14.7802
10.1187
7.77475
8.94359
13.7246
13.1535
12.9306
12.8225
7.51216
14.1084
13.8886
12.836
5.06356
4.62346
9.92123
13.4098
11.6938
14.9187
8.01051
11.5107
11.8308
14.8161
5.21244
12.1374
9.38451
13.44
9.88525
13.0156
13.2942
14.8954
13.8465
7.02737
8.63588
11.1441
10.7398
11.1903
10.0056
13.1447
11.2055
6.05227
9.73431
14.974
13.036
10.913
9.92614
14.2645
14.9685
10.7172
10.9676
8.86197
8.33039
14.2513
12.791
11.5047
13.0718
12.0432
12.3167
10.8027
7.92035
9.29697
8.63704
11.83
7.01872
13.798
9.86959
12.9305
11.1661
9.98796
8.3828
5.39591
11.5616
14.7094
8.57731
12.9438
12.7022
10.9729
8.83025
14.7366
14.1177
10.1829
9.22267
11.0787
9.56451
14.0845
6.02797
11.4205
10.3413
9.92767
14.233
3.80658
10.9667
11.0215
12.3634
4.38822
11.2139
9.87182
8.53902
10.5753
11.6624
10.6293
6.95568
8.99026
7.86025
13.369
9.66498
13.9905
8.70532
9.51521
13.0862
12.4899
8.26501
9.9999
6.44313
9.14317
8.33648
12.6468
10.3054
12.7049
8.90145
13.2953
12.8345
9.18682
12.2009
13.935
9.93454
12.6192
13.2362
14.8157
11.9549
9.16206
12.6117
8.74105
10.7515
7.26621
12.9863
14.0544
14.1395
14.6051
8.60734
14.9718
11.1904
9.43315
13.9628
12.3441
6.10167
6.50496
11.8453
8.45974
6.03892
6.75698
12.2068
6.97492
9.64677
11.8907
9.62872
13.3387
14.5868
8.98215
11.4118
11.3729
12.6579
14.2249
7.86187
11.1009
14.4026
12.0477
11.4346
4.89561
9.13649
8.11287
13.7984
12.137
9.67532
11.0617
10.6718
5.39499
6.85092
6.28058
14.4536
13.1654
12.404
13.1608
9.40003
12.5116
9.77366
12.4272
14.5359
13.3708
8.65609
14.7536
14.774
13.2706
13.5331
13.0915
7.43698
11.9035
7.71714
10.2975
11.0291
14.5798
8.70423
8.69318
9.84838
9.95731
14.3442
14.016
5.26414
14.5306
6.88868
14.6494
8.87586
12.4598
9.16103
9.07702
10.5338
9.90764
13.4781
9.62212
13.5422
12.4847
12.4785
12.5328
12.5344
11.3678
12.2499
10.1675
8.5511
13.0016
10.0416
12.5996
9.40461
14.1888
8.77167
10.5681
14.4266
14.9365
13.1743
11.7755
8.84757
8.17984
9.64016
11.7037
13.0146
9.10596
6.8918
10.6469
10.8418
13.674
6.38992
10.711
9.40894
9.30105
10.7215
14.7859
12.0944
13.4933
12.9455
11.4921
11.0128
12.9209
12.1757
12.5636
8.65654
6.74544
6.10139
13.2566
13.2028
9.9173
9.0689
9.39541
12.9325
11.8152
10.3474
10.6223
6.86712
13.8135
11.3647
12.9216
14.4628
12.3742
12.0463
11.1581
9.69066
7.97669
13.449
12.3037
9.13041
8.73854
6.96988
11.7053
7.72874
13.8499
14.2264
14.963
10.1072
6.29886
8.88829
11.7469
11.4775
14.6536
5.34386
10.771
14.3186
10.321
9.46066
8.45745
14.3947
11.0068
9.54979
9.84855
6.81013
14.9852
14.6375
14.878
11.6925
13.0756
9.6208
13.9898
12.4542
7.02695
9.13683
12.7472
12.7807
12.7689
14.8418
7.84854
9.35851
8.52135
11.358
8.90433
9.41144
6.32028
8.03226
11.0609
12.8196
7.57695
14.4119
12.802
12.7145
13.8292
12.9185
9.21929
12.4664
13.09
7.49692
11.0554
6.47706
9.26738
8.81959
13.9719
11.0103
5.60849
14.075
11.6388
12.7356
7.19399
9.2038
13.8466
12.544
9.17785
11.8316
13.4327
13.95
9.67925
10.3284
9.52537
9.19488
10.5072
13.2827
12.1806
8.08851
13.6467
14.5697
14.9368
8.9325
12.4144
12.5858
12.5673
14.9701
10.9713
6.2379
4.58599
14.227
10.3205
8.77627
11.6187
12.9908
10.456
8.75099
10.2527
10.0098
10.6488
14.9968
11.9509
14.2027
14.1127
12.6889
9.28443
6.83433
10.5376
12.5613
14.2383
14.9448
11.6624
13.5462
14.4078
12.7385
11.904
13.8321
12.7909
6.44286
14.4307
12.9385
13.1105
12.598
9.84366
8.3283
10.2929
7.02462
8.27297
12.8928
9.9203
8.10064
14.5715
14.1914
14.0283
8.40338
12.2952
9.86379
13.3148
7.45132
5.60572
12.3726
5.91432
11.8374
13.9897
14.5189
12.1576
12.681
9.0318
9.37158
12.3564
10.0877
13.3296
10.0322
14.4042
8.32105
11.0555
12.646
11.4247
11.4719
10.7486
8.0682
9.56147
7.96026
9.28393
4.4302
13.9716
12.9177
14.5782
10.5755
12.2223
13.9388
14.0242
11.8478
9.12323
10.8258
6.92554
13.0544
10.8593
13.5944
12.5461
13.6622
9.79946
8.06002
8.97701
13.2293
8.49316
9.09588
13.0188
8.36714
9.00863
14.2944
8.69466
5.67447
9.97577
14.6303
13.5568
5.93391
13.584
14.1614
5.71819
5.751
6.89393
12.217
8.67474
13.9837
8.91643
10.1942
13.1621
10.9366
8.8844
14.1448
9.1861
13.5345
13.1735
12.1358
9.03044
12.3604
8.20647
6.99363
10.29
5.57204
10.7984
11.054
9.24301
14.4775
10.3198
13.5182
12.329
12.3212
9.52724
14.1783
13.659
12.3426
11.9994
13.4599
10.2971
7.04926
4.96506
8.68128
9.25575
9.56312
11.2311
14.841
12.7187
14.6673
12.7671
8.83577
12.442
12.1635
13.0333
7.61209
9.30544
7.15661
11.5193
14.2011
10.7888
11.2692
8.8172
11.8106
10.4174
6.59634
9.86089
9.53221
14.5249
13.1361
13.9029
14.7733
13.649
11.0368
11.2147
14.879
12.8643
8.39204
13.3442
14.2683
12.1445
12.982
9.86155
11.1883
8.82757
14.636
12.4915
13.2682
14.6196
9.7323
10.536
13.1559
11.8625
5.96458
10.3848
11.476
10.2242
12.8792
8.8401
9.02586
13.9326
11.4469
11.7923
9.16732
10.3854
9.73774
9.53926
13.4843
13.0672
13.2877
8.44918
14.3178
7.03559
11.7396
13.8028
10.2366
6.43398
12.1988
8.02203
10.7725
13.7394
7.63048
10.4165
9.89325
5.93471
13.6416
13.373
14.4328
10.9521
8.1631
10.3287
13.3192
6.34448
10.7149
14.0849
10.7033
14.472
12.5234
7.92383
7.38788
14.805
8.31504
13.7468
6.70216
13.8674
11.1405
9.96832
14.8866
11.7593
10.3324
12.8611
11.0261
11.248
14.2522
7.49012
12.3733
9.96035
9.35995
13.8157
9.39245
13.7397
10.5859
9.76712
13.2923
13.9043
12.5653
13.718
12.2634
14.6223
13.8363
13.0481
14.1926
6.31097
10.4089
10.545
14.1036
9.31966
14.357
10.0459
11.673
12.5364
13.5925
13.4125
11.9512
8.40444
8.98377
13.6445
8.76817
4.20683
14.5638
7.58534
10.2982
5.74662
11.5978
14.4491
12.7044
12.8001
8.23503
12.8441
11.9401
10.1721
13.8041
7.38267
11.3366
9.84565
9.06217
9.41772
7.87605
5.68427
14.0429
11.9051
11.0216
11.7904
10.9464
14.9092
14.5448
13.5625
12.2515
12.9786
11.4048
12.6945
11.1237
13.8802
6.10521
12.0752
13.4121
14.2442
12.5952
12.615
11.9809
9.38698
14.8027
5.81374
12.5667
12.0781
14.2848
14.3886
8.38242
12.8658
14.0327
14.4846
9.43001
11.1171
14.7234
12.6548
13.5266
9.82629
8.83278
11.8261
9.7748
11.3266
13.3424
14.4492
13.277
13.2551
14.5606
11.2948
5.51177
13.9407
8.7139
8.77771
6.09605
9.63738
10.7298
14.5045
11.7328
14.8042
12.0362
14.4324
12.486
14.2386
9.64277
14.0716
13.1389
12.5269
11.4416
5.10778
12.7615
4.7368
10.7435
14.4933
13.7349
12.5889
14.1485
8.0086
12.4455
14.7715
12.6178
12.5581
14.2643
14.6704
8.46126
9.402
11.6642
10.3964
11.5111
9.13138
13.6485
9.93936
14.3769
5.10775
13.642
10.1991
11.9348
10.6681
6.72377
13.6225
13.4425
9.93108
9.00439
14.8945
13.5228
14.6335
14.4754
8.59471
5.60733
8.47259
11.9374
8.83568
13.5672
10.6541
10.4469
12.3961
13.1878
13.5976
7.0565
10.038
11.0356
12.1697
12.6185
4.39353
11.5243
12.1468
14.8601
10.5339
10.5008
12.8637
5.99362
11.0624
5.94311
12.9512
13.4708
8.76312
14.297
10.8408
14.7609
14.1173
11.4824
13.9916
11.2704
9.69443
12.1006
10.4299
9.02198
13.7354
9.61705
14.5359
13.8838
4.64456
9.33477
10.887
12.2148
10.2238
13.3184
8.20615
12.9304
10.5749
9.98123
11.8558
9.96142
12.8561
12.4441
8.70677
14.7066
8.74619
10.3021
14.6826
11.2393
14.005
14.5061
10.042
6.9671
14.3421
14.0666
10.6475
11.86
13.0848
8.99726
13.0962
6.87321
13.7652
13.1207
10.9701
13.3715
11.5445
11.9724
14.172
9.1305
14.7489
10.4758
11.9095
9.24321
10.0053
6.37344
14.9251
11.2141
13.6609
9.63486
14.8959
10.5654
10.7212
6.1946
11.919
8.08233
10.1818
13.5155
9.8276
6.29943
7.83547
11.6052
12.3635
10.8132
13.7503
13.1393
7.68079
10.4508
8.75965
13.1415
8.78842
14.0155
7.6454
9.48083
8.79802
9.71695
14.4644
14.6532
9.34516
11.341
9.11952
10.0285
10.142
10.5921
11.3
8.59509
10.7836
12.7792
12.2213
8.50228
6.51484
14.3846
13.3166
14.7093
12.7462
13.6346
12.4082
9.37952
12.0454
13.4289
14.4422
11.2775
11.1864
9.39959
14.8529
13.8505
8.31136
8.94319
6.30565
14.797
10.2322
4.38361
14.1335
9.77389
13.2441
13.166
10.7757
5.79603
14.1412
10.3149
13.582
10.2876
12.3271
9.49595
12.7955
12.349
9.28041
10.3883
12.683
7.20867
8.07382
14.8262
14.8992
14.3199
10.6087
11.6933
11.4292
8.06346
12.8025
12.1022
13.5038
11.6145
13.6049
8.08399
13.7237
14.6073
8.11732
8.00664
10.9509
10.886
14.718
6.71848
14.4853
6.69825
9.59174
11.3034
4.5421
10.4344
10.0273
10.1135
12.6578
11.6067
13.5091
13.2101
12.6473
12.1454
14.9421
12.587
14.1383
5.30855
8.3105
9.97173
9.10434
5.78447
13.0454
6.49931
10.3291
11.9038
10.4558
13.0588
7.38988
13.7983
12.7905
14.7182
11.4291
12.9749
13.2027
10.5108
8.60627
12.5099
13.3233
14.5901
12.1125
10.4709
12.6508
9.84283
6.11337
13.6447
9.65538
14.9724
7.93883
11.3841
14.8507
9.376
14.1184
8.98849
8.40154
8.84886
14.7505
12.5527
14.5763
9.41461
12.8747
12.9308
8.85179
13.8698
13.9976
10.0907
11.5906
13.3894
9.75956
9.32235
11.9588
8.54497
11.9156
13.7064
13.0885
13.2213
8.73439
12.5044
13.3935
5.50515
13.2928
12.8986
11.6956
5.82664
11.6088
12.9549
8.93627
13.9246
3.5953
14.8944
12.7643
10.2827
10.2431
9.63434
5.89521
12.8641
12.7012
8.55888
14.9496
12.8842
9.52005
9.49666
14.6543
14.3965
13.9788
13.007
9.807
10.9147
12.8714
9.34529
10.1579
11.168
11.3804
8.90783
7.64763
9.39499
9.25369
13.5786
13.7048
10.139
14.5837
12.5986
11.896
10.9726
12.4567
11.4342
12.9736
14.7035
13.984
6.13553
12.9841
12.3895
13.9748
14.5173
14.1182
12.2403
14.348
10.6894
9.42676
13.9738
13.4613
9.74982
13.2772
10.6797
6.65741
11.5514
14.6045
13.2252
12.3099
9.0518
10.3812
13.1127
14.7995
13.61
11.7641
13.0821
13.1257
9.64849
11.8626
10.108
14.0182
14.7017
8.26221
6.07916
10.8429
13.4777
10.4523
12.3716
9.38259
12.6085
6.59536
14.567
9.9493
14.8295
11.5394
12.8028
12.9933
10.9162
12.953
13.3229
11.451
8.6953
11.5618
10.8333
13.7561
13.5164
11.4402
7.74943
14.0114
11.9794
8.08491
11.2743
13.0385
5.37238
5.25009
10.3165
14.3934
11.6776
13.3921
8.76462
14.7361
11.8379
12.6871
14.963
12.5389
12.8822
10.9119
14.6013
11.547
13.4805
9.93555
9.47191
4.88093
6.13685
13.4795
9.18095
13.7289
8.89255
9.55064
14.8143
13.5671
8.60914
13.2124
13.4023
14.4595
8.96892
10.9749
14.4187
10.8478
13.8973
11.2571
11.3905
13.3787
14.9051
13.5077
12.057
7.59769
13.279
12.8105
13.3037
9.89761
10.2427
14.1194
12.7448
13.161
10.087
9.63808
10.2658
13.3141
9.19244
13.3935
14.8675
13.4393
9.50109
12.8833
12.5546
11.1119
10.853
13.5897
14.4991
11.0122
10.2963
10.2107
12.8685
14.8342
12.6557
9.21636
12.0908
10.4121
11.3848
11.4773
11.5715
10.0629
12.5496
14.2915
10.0931
8.97681
13.5552
8.86263
8.73373
14.2512
11.3471
10.8779
10.396
13.4836
11.1169
8.92099
9.38751
9.96088
7.59212
10.6431
11.0452
12.9042
8.81047
12.8095
10.1491
6.35616
8.2331
11.6669
12.9323
13.8781
12.6319
12.0825
10.163
6.79332
13.6086
8.25173
10.6385
10.8284
8.52818
11.3342
11.9703
11.7693
6.24316
14.2248
10.528
8.40888
10.3958
10.2081
10.365
12.8861
6.08783
11.2915
12.3895
12.7342
12.3369
8.94131
12.1893
13.209
11.3415
10.0757
13.3991
10.1007
10.4844
13.2284
13.0588
6.9558
13.8302
11.4764
9.40579
8.70463
6.05342
14.5234
10.9395
13.0936
14.9033
12.9268
9.06488
12.4026
12.0438
7.13339
4.95678
11.033
9.08776
9.19934
14.9214
12.7258
6.95255
8.96674
13.0492
12.1638
12.5277
9.45253
12.1107
13.0087
10.6449
8.62902
13.4694
12.3073
12.1757
9.0955
12.2518
10.9083
13.1012
12.116
9.09372
11.4763
12.4093
11.5935
12.5015
12.2451
13.0338
12.8527
12.8601
11.8279
14.3057
13.1286
11.2898
10.5342
13.9991
13.4592
14.0227
13.2974
6.36948
13.4953
13.8984
12.9556
11.4963
10.9367
11.0237
12.6749
13.0113
10.7749
11.4776
6.01023
14.8681
8.38321
7.91374
11.8668
8.01
11.861
10.2713
11.6696
12.2382
11.5612
12.2481
14.8257
11.208
8.85554
10.4943
12.3361
8.98276
12.8163
12.1724
8.55639
13.2006
11.3069
13.548
10.9633
13.7278
8.75062
8.43193
13.0263
12.9283
6.54495
8.28125
10.9384
5.50057
14.2135
10.4726
13.963
12.411
6.99614
7.03225
10.4248
14.6303
13.4191
14.6338
8.72046
12.7393
13.8509
12.2361
6.95033
10.3456
14.9547
13.1916
9.28608
11.8793
13.2838
9.4343
13.2564
8.80103
10.4955
13.6712
14.1788
13.332
12.1281
12.668
13.2264
11.1182
9.27377
13.7637
8.52142
11.1652
9.11786
12.7859
13.9399
12.8288
12.8172
10.2435
9.91603
13.5392
14.3584
10.6268
6.25553
11.9897
9.37954
4.19861
9.63914
6.00729
10.9926
8.45761
9.73004
14.8348
9.17404
11.336
10.1193
9.5989
14.4177
14.2176
13.9545
11.4394
10.0898
14.5113
11.8092
14.0907
8.70963
10.8128
10.0383
9.4767
10.0894
10.5034
12.0145
14.1539
10.7892
9.55317
12.5577
12.1785
12.4768
6.20878
7.93459
11.4076
11.1604
11.3992
4.88553
11.7565
5.85109
10.3183
13.1996
4.96366
5.19166
13.2593
13.798
8.88631
6.1147
5.80631
12.128
12.5616
9.92444
13.9932
10.24
13.2183
13.1824
14.6153
13.2127
13.3747
12.093
7.34664
14.8409
14.1808
14.7151
12.8374
9.20582
9.38167
14.3034
9.59742
12.9351
12.7994
13.119
6.76219
13.2752
13.796
11.5929
12.8453
12.899
9.3658
10.489
14.8449
13.5793
10.8014
14.4731
8.35982
12.392
10.9091
10.3703
10.6386
12.2947
10.2924
13.0228
12.6665
14.3519
11.8713
13.0684
13.5296
14.4389
13.0813
11.1981
11.8975
14.7711
14.4467
6.41666
6.99743
12.2983
10.7168
9.44969
11.3899
11.8006
10.3931
13.0714
10.9084
6.86141
11.1941
14.4241
9.36907
13.8231
14.8421
9.78835
14.0776
11.4051
7.89855
13.9879
9.88361
9.35809
13.5685
14.5558
8.66596
11.5511
12.2112
12.2471
10.9968
5.57812
9.43931
12.8235
10.8627
7.16372
13.3169
13.8476
13.3344
8.14294
11.0556
14.2162
14.2557
11.2113
6.67854
12.8153
7.60829
11.8386
14.6179
14.0458
13.5473
13.7066
10.734
9.10978
14.7914
14.7046
11.5424
9.57575
9.84975
6.94432
12.6557
12.6839
13.8731
12.3435
10.1172
10.66
9.10754
11.6493
14.2585
14.419
8.20679
12.082
7.49728
9.71511
13.0594
8.69063
9.25885
10.5345
10.6706
11.5983
6.05931
11.0118
14.8428
9.33958
11.2379
8.87941
13.3207
5.54152
12.5465
10.7577
8.66605
11.4727
13.4843
14.4486
9.39618
13.3807
13.9254
9.21133
13.4206
12.2516
13.2916
7.04874
10.8537
13.814
12.6372
11.0281
6.11064
8.41745
13.9589
14.5745
14.4874
11.0059
12.205
9.68317
12.2102
9.60362
9.11388
14.7729
13.2716
12.8279
11.7326
10.4805
10.61
14.6122
10.9517
14.6088
14.3632
10.3241
11.9295
14.4921
8.21142
10.5981
12.0804
14.0732
12.353
13.2946
10.401
5.27907
8.38725
12.5085
8.26143
9.75048
12.3004
13.4802
13.1298
9.82934
14.4681
14.4114
10.3555
14.9731
11.944
11.5573
12.8339
10.5646
14.2026
5.90636
12.5695
13.4838
8.85559
8.03577
12.4793
12.3286
8.80233
13.5449
10.9241
3.67592
14.5275
14.867
12.297
9.73646
7.31305
12.7794
11.3917
6.57316
8.34989
11.1979
11.1973
10.8684
11.1657
12.9321
9.22385
8.55495
14.4552
9.53694
12.5929
11.5253
9.2906
11.404
11.4255
13.7571
11.9941
10.6852
7.08592
9.4148
8.70047
13.5829
12.6624
7.21305
11.9016
13.2107
8.69846
8.42585
9.40238
12.8265
13.2443
12.4936
6.33587
11.9937
9.31114
12.707
14.7872
6.97178
14.6727
11.2222
7.30582
13.9073
8.9885
10.1877
13.0988
14.1394
12.4738
11.602
9.03865
7.00392
11.5429
11.0484
13.842
14.6822
13.7882
7.82921
13.7838
13.9688
14.1533
13.8748
11.8286
7.96259
13.5489
7.80846
13.5068
8.51259
12.3156
10.9683
11.6949
13.9055
14.38
9.35911
14.8693
13.2772
12.2462
14.5348
10.9079
9.58075
6.53726
12.2049
10.5444
12.5816
11.9899
5.19064
14.0349
11.5679
7.35985
14.6156
10.4237
10.16
12.5085
12.3752
12.6427
10.9754
11.4099
13.1949
10.9236
10.7572
10.6928
14.2431
8.6036
9.52905
8.79225
14.3555
11.7497
11.9483
14.1242
9.0471
10.6502
14.2514
6.92919
13.1142
14.406
11.6802
14.8171
11.0955
13.4104
12.1802
13.1808
11.8095
9.82758
8.32076
11.01
14.4517
14.5837
6.76875
14.6613
12.4173
14.1411
4.55602
13.0822
13.5444
12.0292
14.8694
11.4629
13.9246
13.9718
12.4743
13.1039
10.9648
11.0505
14.56
13.178
14.9592
12.082
12.2058
11.2396
11.0513
10.0743
11.1165
13.259
6.02485
12.9389
13.9743
10.3866
11.2812
6.44683
7.63806
13.3317
7.77201
11.6762
12.5498
14.8076
14.1857
6.80172
8.99319
13.3207
12.7458
7.32528
13.3234
10.5604
14.8723
13.9165
12.8724
7.9532
8.31589
10.4415
9.4769
6.0842
7.11481
6.69916
13.4545
9.60864
12.5381
11.9822
11.1439
9.6815
12.641
8.07873
9.14785
10.4044
11.6851
11.1272
13.7367
9.31039
10.4274
5.85083
14.1889
12.7882
10.284
11.0971
10.9363
14.6545
14.4183
6.87257
12.121
13.0571
12.9036
5.71578
13.3103
12.7439
6.4774
10.0893
14.6587
5.9979
8.65072
14.9591
14.2463
11.9006
14.7094
13.9485
10.894
13.2103
12.8152
13.8493
13.3485
14.2385
13.5255
7.47243
10.1441
10.5242
13.9943
13.1495
13.0436
5.0069
13.9211
7.74988
11.6338
11.6073
11.4017
14.1393
12.9328
10.5689
12.6326
9.32823
6.47545
9.62402
14.9694
12.5252
14.8706
13.7048
11.7043
14.5474
9.73682
14.2519
14.5615
11.4951
9.73365
4.67866
14.2208
7.48631
10.48
12.0618
9.2185
10.3676
9.63017
11.9438
11.9054
11.3004
12.3645
11.4096
14.6974
9.07562
9.54582
10.5344
10.5678
12.3536
14.4557
13.4193
14.3872
10.444
9.50882
14.7819
13.6754
13.2248
11.0036
9.29364
13.7949
7.29805
12.6957
13.1531
7.18854
12.021
11.9893
11.4339
14.0636
10.6152
12.6242
12.022
13.4632
10.4916
11.9968
12.4454
12.2968
12.8393
13.0439
9.43472
13.1493
11.1416
11.6422
12.1284
10.5786
10.9386
10.9389
9.91572
12.2918
5.20677
10.9166
14.0395
10.5285
12.5619
10.1084
14.5087
13.271
11.7125
14.6955
8.22783
11.2676
13.3622
13.8339
11.6309
13.9322
14.7497
9.51697
14.9744
12.9377
11.9488
8.7477
7.52147
13.1388
12.1376
5.76599
11.3619
10.1017
13.3251
11.1341
8.19042
12.9072
12.3714
14.6478
11.0973
11.4378
13.3661
12.477
14.1694
11.1081
13.6133
13.2429
6.2927
14.4764
8.78472
12.993
13.041
5.69746
14.0359
13.8044
12.9297
8.64498
11.4077
12.8106
14.2453
6.55333
9.96164
14.3123
13.1051
12.6035
11.6606
14.6878
11.3008
10.9732
12.7722
11.7351
14.6296
14.7811
14.2852
12.3514
10.5078
8.31073
12.7185
10.2512
10.6611
13.0057
12.4563
9.93735
7.40297
8.66836
12.2833
13.9356
8.67927
14.7463
9.29595
10.2473
14.5941
10.2676
7.61108
7.12856
11.3079
11.7473
13.2689
13.968
13.5597
7.91736
11.0115
12.1944
13.6976
12.759
9.31375
5.99332
7.61083
6.04555
13.0154
11.9811
7.13168
13.4228
10.1002
12.0988
11.4171
6.90939
14.7541
14.1271
13.9434
13.925
11.0538
10.6624
11.225
11.9742
9.18791
12.875
10.2135
8.13583
13.7598
11.5103
13.1291
10.5354
13.9646
14.2884
13.8464
14.8233
9.35537
12.0739
12.5942
11.0379
6.97069
9.28107
11.9005
14.6818
12.7385
14.4609
11.1965
12.8804
11.7068
12.1361
10.3189
12.3401
5.36358
9.99449
11.0428
13.4882
11.0635
12.4237
14.6525
12.8022
10.4461
4.41943
6.57818
12.9786
11.018
7.40538
7.29115
12.236
13.1808
14.1769
13.1284
10.413
10.6669
5.77477
11.6854
13.3529
14.4505
8.14371
13.7705
14.1131
13.2624
8.09789
7.9223
14.6914
14.4288
11.02
8.62532
8.99798
14.8629
11.3705
9.54243
6.37865
13.3093
8.15888
14.3283
12.1551
10.1498
6.46803
4.05253
13.9939
10.4709
14.1834
14.6762
13.8098
13.4784
13.609
7.93128
11.7272
13.3151
9.24927
11.0018
10.3801
9.55548
4.0254
9.68198
9.31113
12.8588
13.894
12.8136
13.286
14.7037
10.2107
9.81447
13.7291
14.225
14.9206
11.6919
10.6946
14.3121
13.3052
9.42856
10.1858
7.17071
6.37936
12.0636
6.77213
9.71807
13.1459
5.49587
6.09666
8.36542
11.1386
11.3427
10.704
9.27131
8.03146
9.30067
14.4909
14.2555
13.8203
11.394
11.3747
9.7283
10.6429
14.2431
9.34144
12.8902
10.6382
11.2052
11.7654
13.3872
11.7486
11.0207
10.8286
12.1832
11.3606
9.68829
9.2965
11.0128
5.11587
12.4369
13.6662
6.4764
9.9145
12.1635
5.64612
12.0827
10.9108
12.7025
9.31358
10.8593
14.6573
11.0554
13.0119
9.49212
12.9653
11.0263
11.612
6.41297
12.3075
12.1712
12.4075
10.7232
8.94862
5.26672
8.45183
12.1404
13.1552
12.8447
11.5776
11.4452
13.7503
13.1186
13.1081
7.17709
13.8269
13.6396
14.6093
13.8512
10.7156
10.5975
8.65116
13.0528
10.2128
13.8259
10.5044
14.9595
14.684
10.3195
9.18769
10.4832
14.3151
14.0976
14.7369
13.3343
14.9941
12.3625
14.5176
9.58746
14.9698
10.2986
10.527
12.0872
10.462
12.8675
10.3201
14.0795
12.5709
11.0717
14.0258
12.701
14.5824
10.1945
11.9843
12.8246
13.6931
10.6485
10.7829
14.9651
14.8222
12.3816
9.80059
7.90751
8.83796
11.2617
6.29736
7.20884
13.2629
6.21858
6.94768
9.42263
14.0412
10.2819
13.3454
7.78035
13.3095
8.19974
14.2627
10.8594
12.0568
10.1204
5.99275
10.7931
12.8523
10.3932
10.3288
11.8761
14.3527
9.7886
13.1798
14.9647
11.9112
13.0594
11.473
7.06908
13.2964
12.3582
14.3774
12.6326
13.4728
12.0641
10.5569
8.58894
11.2773
10.6067
12.7254
9.97412
14.1107
12.6335
12.773
13.3257
7.27711
10.6938
14.2572
13.1491
10.3143
13.6127
9.38561
11.7594
5.9977
12.0622
12.8516
5.47903
8.23274
11.7553
7.34397
6.78365
14.6681
13.544
13.7782
5.42413
12.7493
14.1278
13.3337
11.7292
14.9498
13.1669
12.416
12.7802
13.4059
12.9853
13.9502
12.7924
7.86993
7.22547
14.5083
13.0708
13.1885
12.0437
14.1943
12.8613
12.3377
13.4822
10.1774
11.3049
7.12782
14.7505
13.6031
14.349
11.7791
4.15201
8.79635
12.5218
13.6359
13.6952
12.8147
10.9828
12.2949
10.4394
14.4549
14.8498
9.55099
10.3038
13.6304
13.686
11.827
8.4688
14.6945
9.93049
13.4477
11.8866
13.2711
6.85389
8.29894
10.443
8.8164
10.4321
9.5519
11.671
11.1012
12.685
11.9367
6.59521
8.83293
7.85614
7.66496
8.09606
7.98999
12.0201
6.25983
12.9818
12.6411
11.4374
11.1331
8.00798
11.0832
12.6566
13.4159
14.3332
9.28723
7.69274
6.38662
9.36063
11.6376
14.9625
7.7955
8.88147
6.2431
6.86783
14.4052
9.04151
10.2835
14.7527
8.15512
11.8272
7.92326
13.0699
11.6481
11.4055
13.4865
12.3169
13.0119
14.9565
9.39172
13.2217
8.63804
9.66618
12.4824
5.24381
10.7937
13.9373
14.0886
12.5953
11.8509
9.0268
10.4412
9.87731
10.3631
14.5077
12.183
8.15542
13.8395
7.47426
12.3804
9.35183
9.52583
13.5528
8.9364
14.941
10.0084
10.0086
14.0977
12.091
13.3897
13.1385
8.60808
10.2895
14.1698
9.65135
10.9181
11.2484
9.95016
6.24834
10.9346
6.10079
7.97489
5.18862
10.2207
14.3948
8.65533
9.0598
6.74666
7.03203
8.68417
11.498
13.6902
5.54786
9.0901
13.2165
11.6037
11.6284
6.9824
9.30554
7.35776
9.4433
4.20047
13.7763
11.4693
11.1287
13.7568
9.65176
13.6835
10.4982
10.9136
13.2928
9.08846
12.2638
9.8446
12.927
13.0812
10.7401
12.7816
14.8111
10.813
12.5385
11.9841
14.6588
9.98869
12.3649
11.898
12.8556
14.4573
10.9491
11.9986
13.1159
13.2537
11.4551
14.4367
13.4881
12.8472
10.8363
11.9182
5.27352
8.91722
12.7013
12.6804
14.9261
14.7
12.9939
14.8174
9.09663
10.1678
9.90679
9.91085
12.1963
8.24942
13.0927
9.43542
11.1502
8.93906
5.10908
9.48878
8.0478
6.42353
14.2245
6.24405
12.6409
11.7294
11.6917
14.9018
13.4074
5.16949
8.06382
9.75639
8.94725
11.7639
14.9625
12.8449
14.4593
8.34865
14.8564
11.5679
7.71527
10.9672
13.7616
10.2552
8.76719
6.26761
10.9218
14.7214
12.2943
11.0767
9.67105
9.92269
6.09935
14.095
13.4147
10.6881
11.7869
7.52134
12.0865
11.6579
9.45822
9.66221
13.2768
13.2261
9.66327
12.908
14.8156
9.09756
13.9142
10.9347
14.7035
6.29857
9.5856
11.3334
12.4659
11.6485
14.676
14.1249
11.3858
13.694
10.5622
11.8991
9.77479
10.9042
12.1912
9.39836
13.0881
10.7284
5.34463
12.5781
11.932
14.365
12.1414
5.21578
5.89867
9.76727
14.9006
3.91797
8.29518
12.9888
12.5984
6.86357
14.7054
8.67156
14.58
13.7525
14.0902
8.89386
14.4129
14.8946
13.6826
6.45148
10.837
14.6149
13.3254
10.4179
9.34727
8.08545
10.5462
11.2665
14.2893
14.5532
9.67017
6.4341
8.39299
14.321
9.96608
10.315
12.37
13.2429
13.3469
8.18779
7.63832
7.4919
13.6229
8.21951
10.775
9.86546
4.91321
11.7654
10.1416
10.9937
13.0434
11.3211
14.3924
11.5199
12.3148
12.5935
9.79279
8.51375
10.3409
11.8012
9.93564
8.64387
14.1631
11.9811
11.8993
8.49239
3.42162
13.2481
11.5474
13.949
12.828
13.9524
11.9125
14.8227
14.7201
12.6549
9.665
6.31485
14.8842
13.5721
10.6377
11.5094
8.99702
9.13864
13.5557
9.84538
10.2258
8.44978
9.80538
7.14429
9.90706
11.3979
14.4693
14.4732
9.34858
11.8723
12.7042
13.3818
12.482
12.4049
14.624
8.85067
8.84801
12.6642
14.1966
6.57588
11.828
10.5193
11.1458
9.74639
8.10799
12.4147
10.8486
14.3485
8.84423
13.6178
10.239
12.032
14.6339
11.9465
9.37259
10.9789
13.5933
14.1821
14.677
11.6782
14.1984
12.0353
14.6641
9.89927
7.97964
11.9942
14.505
9.54391
13.9165
12.3665
12.7469
4.99405
14.0346
13.5704
14.2786
10.3801
12.6134
11.9799
11.793
14.3834
14.5892
7.54559
8.96195
11.0331
13.204
13.4166
13.7309
11.8755
14.052
12.5061
4.90693
9.06031
9.46922
6.28717
12.4475
13.0225
12.1681
12.4742
7.66097
12.0043
8.46195
10.4412
9.65981
9.48919
8.01136
14.9599
12.064
13.8277
10.9674
12.9428
14.0718
11.67
10.2336
8.54366
9.21954
11.6248
9.24711
14.9355
4.79638
13.0363
12.4579
13.1989
9.17176
14.8537
13.9505
7.15052
14.7531
11.3018
10.8395
10.1893
12.5719
12.3587
14.3017
13.9603
12.7545
6.11548
11.6089
12.4105
12.7018
7.24161
4.49073
12.2247
12.218
13.6621
8.86117
8.73007
5.91643
11.4999
9.63158
10.2891
14.5654
8.63389
14.2273
4.76751
8.61485
13.4831
5.73745
8.42905
14.6774
6.0178
12.2963
10.9381
9.69102
14.4449
14.9478
7.31732
11.7105
10.8383
14.2356
11.3339
11.4382
13.619
10.5174
13.0509
10.0745
6.2285
9.7777
12.7383
14.1636
6.34983
12.0814
8.89675
13.4504
14.015
11.4366
11.1131
7.64691
12.4458
10.875
10.9979
8.23683
13.8622
11.317
12.5245
10.3899
13.4094
10.1452
12.8413
9.45968
12.4414
13.5209
12.5613
11.0464
12.7967
13.0618
12.268
14.1833
6.57379
14.1339
12.6496
6.41279
14.8397
14.7606
10.9569
11.4418
14.4717
12.3344
11.9338
10.2858
14.4254
12.2576
13.5287
13.9141
6.54928
10.5993
10.5398
12.6801
12.1141
12.5268
13.1504
13.1774
4.65117
10.1545
13.0711
8.81038
13.0013
9.60956
10.9057
9.95667
14.4306
14.8464
8.84818
8.64576
12.8513
14.0465
14.257
12.4893
9.50565
14.776
10.9928
8.99379
12.6216
14.1692
6.34293
9.40421
11.7338
13.8114
11.6804
7.24744
12.36
12.4371
11.8792
11.2892
8.01088
9.15228
14.0889
10.6923
13.4984
12.1268
11.3545
13.7791
8.88522
10.6244
12.5737
14.4283
11.2275
14.7339
13.2502
9.74122
10.298
8.30651
10.6399
6.88489
13.3363
11.6421
14.7463
12.1083
7.76291
14.8036
9.45797
12.6824
9.4711
14.3311
10.5188
13.8287
10.7913
10.2461
9.841
10.5079
10.8752
6.31841
9.74964
10.3242
6.90893
12.3338
12.6942
11.6387
9.16192
13.0111
12.7696
12.8225
7.40129
13.266
9.07729
9.10843
5.85255
13.3384
14.0705
7.4
12.0557
9.44024
10.9626
9.73361
11.9991
6.3771
9.03521
13.8901
14.6471
13.1532
9.70314
9.76376
13.7725
13.9904
10.9943
13.5666
8.7264
10.7409
13.6122
12.3122
8.91946
13.0007
13.12
12.7315
12.6729
13.3857
13.7215
12.7635
11.3594
6.82985
10.6063
8.94897
10.1416
8.74498
10.514
9.06831
7.85039
9.91663
7.46874
9.77296
14.264
11.0482
8.59489
13.7195
14.6478
14.81
13.2747
4.47308
6.44551
14.2395
13.2908
6.20056
10.5133
11.3526
13.5957
13.3489
13.2398
14.5832
10.3678
14.8177
11.8411
12.4188
4.66723
10.5076
10.0687
10.8243
13.0637
9.97872
13.9457
7.57795
9.66887
8.06718
14.2843
13.1263
14.0121
12.4131
11.4242
12.8651
14.4022
9.97491
14.4742
8.62036
10.3816
14.4651
10.534
12.9695
13.3026
11.9302
14.7526
10.083
8.42503
14.3945
12.2293
13.4966
5.99736
13.9201
9.39997
13.1652
12.1832
12.2538
4.88396
8.43559
11.3295
8.16714
9.04558
10.2587
13.1933
10.2828
7.19629
11.7637
12.0391
10.6825
11.6492
14.796
7.75344
8.34151
10.9099
12.0688
14.6987
9.24426
10.2385
6.27148
8.87354
10.1725
14.9715
12.258
11.9864
13.2528
11.5631
12.6007
9.81548
9.90821
12.3575
14.8755
11.0519
11.5543
10.5879
10.9665
14.4091
9.80433
14.8669
8.19379
8.77687
10.8661
13.2333
11.7326
8.32409
9.46603
9.61286
12.6241
9.51294
9.29665
11.6899
9.95835
12.8855
14.5748
11.4947
9.15623
12.3707
14.3922
10.8836
6.47952
8.88429
13.199
13.7284
12.5334
13.6726
13.2567
14.0727
10.0897
13.4132
12.3284
13.8455
14.7441
9.12682
5.36017
9.88588
13.5154
13.8459
12.4407
4.63184
12.1271
12.3686
11.8021
9.05225
12.4003
11.8052
14.9594
13.4951
10.8482
12.8323
14.3565
14.3077
11.2019
11.4418
11.7093
4.06513
8.47898
5.2172
14.5635
11.0257
9.6336
13.9159
9.52064
14.7667
13.5329
13.4956
13.0279
10.4146
10.2533
11.086
8.79989
13.7382
13.4837
13.5188
11.7414
10.6302
9.09539
11.6312
6.50756
12.2061
7.7241
6.88906
14.5786
13.8108
7.70751
9.12771
9.43314
6.1424
14.1671
9.50702
10.0053
13.5422
7.66043
12.5753
13.5367
10.8252
9.0992
8.17123
12.7923
11.4922
14.8402
14.3693
11.5067
14.9365
12.5368
14.4588
11.7742
13.6518
11.5846
12.6599
10.5051
13.5041
8.98336
11.8328
12.2711
8.58294
14.1536
8.62078
10.1982
14.8693
9.68585
14.8268
14.5165
8.52629
14.7805
13.7474
14.3984
13.0246
13.9832
12.2433
13.0763
11.1692
11.9236
11.8911
11.8575
7.52594
8.34266
14.979
11.3175
14.2411
13.6407
14.5374
9.72267
13.5587
11.6522
6.17406
13.4591
11.1475
5.72628
13.1547
9.72538
13.7724
4.59355
14.9157
13.6513
11.1941
14.0363
9.88757
10.931
11.3876
11.7471
14.688
14.0418
9.7449
11.2386
6.25685
12.3433
11.2287
13.191
6.07316
10.2041
10.8591
9.87603
12.8787
14.382
11.9713
6.33231
8.88351
10.1425
13.9072
7.53448
7.40574
13.0566
14.5564
14.471
10.3964
10.1052
9.52456
10.97
13.8201
4.65971
8.40934
11.8148
13.2051
11.5759
8.55543
9.09863
13.1646
8.55021
12.8945
12.3003
8.94669
10.5916
9.17002
9.7282
9.1515
13.9412
9.98486
10.7484
13.2213
12.0046
10.2988
10.8131
6.67971
9.66037
10.8904
11.7293
12.5489
13.8649
6.56256
14.3596
12.5144
8.2892
10.8914
11.2252
13.522
11.5268
8.80205
12.2122
13.6378
12.1328
14.3691
11.7867
13.8501
10.1909
6.91033
13.2761
10.5831
10.9115
7.38996
12.3722
12.6488
14.2095
6.96251
14.4429
11.6214
12.6916
6.26641
8.12003
11.7378
11.9449
12.9395
6.0511
8.86616
8.79185
9.24124
11.4914
13.0563
10.515
12.1384
14.2742
9.56744
12.3539
14.1203
12.4694
12.935
11.3827
10.6337
10.5458
9.41522
13.8378
12.5802
14.7973
6.52101
10.2718
10.8489
10.8267
12.6447
11.0899
11.4262
13.3856
12.1189
12.4339
6.74666
12.619
5.59335
13.2017
12.8667
11.8028
10.5835
11.2153
11.1086
11.2786
13.5528
11.3272
12.0746
4.67769
8.722
12.9257
13.4561
7.30859
13.5221
13.9946
10.5756
13.5431
13.837
14.5185
14.5978
13.2542
12.8397
9.13941
11.8642
11.3321
6.51072
13.9392
10.2466
6.5738
12.8617
14.3133
9.27721
6.85946
12.7167
13.4106
12.2016
8.40829
14.9779
11.402
6.60134
11.6521
13.0832
5.76867
14.6244
13.4978
10.0906
12.3771
11.8184
9.71632
12.55
14.1754
11.604
13.8843
9.63633
10.3306
13.5358
10.3585
12.1976
13.9144
4.54851
4.52895
13.2683
10.6701
9.87472
14.8847
11.7281
14.629
14.4921
13.9749
10.3304
11.4396
14.8486
10.5698
13.6951
14.2593
11.5026
14.8546
13.1494
12.5497
11.2283
12.3405
9.15986
8.50494
8.66939
9.71524
8.81087
9.60238
6.86423
14.7556
11.726
14.427
14.4821
8.83038
11.0057
13.7942
11.0475
9.94228
11.3437
14.3572
12.0103
7.73395
14.515
12.4975
10.1448
10.5906
8.93444
11.7263
12.2786
11.0362
12.9917
11.4
6.9949
6.07696
13.4508
12.5327
10.6846
13.0466
7.00776
13.462
13.0505
14.538
14.5547
8.74913
9.48885
11.728
14.1441
14.4553
5.64188
11.4792
8.57428
11.9467
14.4328
12.5038
6.86247
9.58658
9.51474
11.688
8.59415
13.628
8.30373
14.9471
10.2725
8.63322
9.45927
11.5125
11.7591
12.487
10.528
6.58018
14.971
12.7922
10.0911
11.3402
12.9711
12.0651
13.125
13.2012
12.8742
14.2523
10.2003
9.73811
14.7376
13.3478
9.06146
9.61744
11.5202
14.3813
9.73976
9.99304
10.534
11.9894
10.012
12.9345
13.6983
11.2825
10.575
13.6434
11.762
14.3603
13.1121
5.92925
11.8235
10.4638
12.2737
14.8317
13.7209
12.5195
11.8299
14.4453
11.6384
11.089
7.48807
11.8035
12.8562
14.9532
11.6382
12.0537
5.65866
13.29
13.9496
4.52229
9.33906
14.7029
6.7729
10.5724
7.49531
9.72824
11.3187
12.651
11.1483
13.1617
6.04462
3.83345
8.63665
9.57867
14.0476
14.8833
14.606
9.45664
12.3173
7.15629
12.1681
14.0986
8.53416
13.8718
14.8924
14.4905
12.8261
13.1837
14.5072
11.6242
12.6095
9.32836
8.95081
13.072
10.8674
14.7246
11.099
14.6621
14.8962
14.1825
8.72686
13.8391
9.30814
13.2376
13.8994
10.5499
14.3487
12.9636
13.3326
12.1796
11.7674
13.8257
12.4975
12.5377
11.8135
11.8168
14.8743
12.1622
9.82118
14.578
11.9285
10.1852
12.4203
13.3609
11.4185
10.6895
12.8021
14.4335
11.0158
13.8337
12.5386
7.54301
6.14877
8.17048
12.3058
8.767
7.18793
12.9082
9.5064
8.98981
7.87781
12.8524
8.50395
12.5446
13.2594
10.6194
5.67649
7.13327
13.8135
8.88287
14.7022
7.4195
13.1027
5.90895
14.8732
6.1761
14.8249
13.8447
14.6845
12.5151
8.67579
14.6936
6.99111
14.2795
13.3198
13.2645
11.3916
10.9365
10.1342
11.6917
14.765
11.2702
13.07
10.1515
9.40978
12.2945
10.3215
13.4095
11.7398
13.8347
13.3506
9.39382
8.16832
14.9377
11.6344
6.83018
9.26951
9.27046
11.6461
6.75067
14.1961
13.0804
9.19412
7.56507
11.6645
12.6261
12.2537
10.0444
14.825
10.9334
13.751
11.2417
13.6988
13.3767
9.95525
12.6875
11.6795
13.2934
11.9457
12.6574
14.8538
12.2504
11.1325
13.5794
9.20291
7.12971
13.4481
6.31418
13.8619
8.98827
9.85259
9.69854
14.6035
10.2191
12.4881
11.0882
8.80085
12.3538
8.47359
14.6145
10.6347
10.1216
13.465
12.3254
14.3053
9.35342
14.9025
14.4568
11.4431
13.4228
11.1679
11.8798
7.59158
11.4244
8.92939
6.60382
10.2593
11.7289
9.02144
13.6628
14.1247
10.9204
10.8982
6.01862
13.8923
7.59119
9.29862
12.9991
12.0427
7.398
14.6183
5.50168
10.3153
14.8432
10.8222
11.8371
8.05591
6.43987
14.7799
9.57897
7.44356
4.59381
11.598
12.7541
13.5022
9.87936
10.2798
11.7853
13.2072
9.76054
11.554
13.2843
9.95693
12.5587
12.0916
11.9662
11.6125
12.8181
12.2454
10.4326
5.62383
10.2308
13.9786
6.27482
4.87844
10.9165
14.4922
12.3924
6.40466
10.1526
9.58063
12.6906
11.3011
13.4993
6.86929
6.70631
11.3445
11.0149
14.6316
13.1245
12.7772
8.52377
11.5861
13.9876
13.8608
10.5397
14.9562
5.97866
7.42344
9.91811
10.5238
8.6631
6.14359
11.9192
9.03324
9.81511
6.27621
11.7099
12.2254
12.1862
14.4924
14.1422
11.2934
13.2669
9.62726
7.49647
12.6257
6.45773
10.4195
14.736
11.1896
10.4381
10.7312
13.3879
10.4755
11.4384
10.7275
12.9155
10.0605
12.2856
8.93285
9.89115
13.7956
12.4253
10.9072
11.5002
14.9153
10.9058
10.6225
14.0868
9.48458
13.9988
13.6065
9.81371
12.7411
10.7515
11.7565
12.5604
14.7664
11.8075
11.9645
8.90969
12.3574
7.05463
13.1569
12.2488
13.9987
10.7742
9.39998
14.7399
14.2478
13.4054
7.93035
11.2381
12.8061
14.0252
11.8978
10.0906
13.319
10.9394
11.0734
14.7109
10.8776
11.6204
12.6198
12.2009
10.1719
6.52692
8.42055
8.64148
14.6333
14.2258
13.6801
7.19537
8.01893
13.8527
10.316
11.9715
14.1062
13.9505
14.9938
9.3112
14.8279
8.41001
13.283
14.6241
12.845
6.10216
12.6811
13.5972
13.2195
5.97413
12.2777
14.5228
11.4529
14.3369
8.32065
4.86007
8.8092
8.55248
14.9453
13.8891
12.0073
7.66016
12.8921
5.22771
11.8712
6.42959
11.4001
14.7197
11.9191
14.4637
11.782
14.5222
10.6909
11.4027
12.5161
9.70903
9.50706
10.5849
13.4792
10.9794
7.64428
12.675
10.952
12.1408
9.92308
9.92591
9.44007
8.80616
10.771
10.7062
10.9336
10.0113
13.6159
13.2968
14.8586
14.1572
12.7451
13.9906
8.6415
9.22262
8.16574
10.7719
9.71593
12.7126
7.84748
12.2979
10.3851
11.9119
11.6813
12.2374
11.9865
13.1848
11.0513
10.1777
13.6072
8.63314
10.192
9.30136
7.59382
10.9984
10.3066
13.9152
12.9322
13.6659
9.764
9.36206
9.35823
6.76767
11.0244
12.9177
14.2441
8.45913
8.91966
13.1539
8.62629
10.8107
13.6883
14.6289
11.364
6.0882
13.5933
14.9597
5.49614
7.163
7.30903
8.95484
12.7338
12.577
7.19905
8.43992
12.9831
10.9777
11.8951
13.2047
13.9199
9.67008
12.6582
10.9018
5.0058
8.21177
13.3515
9.47556
12.7353
13.3622
12.7493
12.4555
6.53124
11.0468
11.0029
9.98218
11.9851
12.328
10.6501
11.6015
9.61755
7.80128
6.42273
14.1316
11.5109
13.2697
10.3937
8.45405
11.5636
11.0077
13.9343
11.4696
9.7668
6.51166
13.5678
14.5984
11.799
12.1359
5.34842
13.6886
14.4477
11.7312
6.8139
11.1868
10.1742
13.0497
11.1354
13.7953
10.9434
14.3962
12.8981
13.7824
12.3891
13.3597
12.9182
9.98575
13.7482
14.2393
13.0527
7.60342
13.9781
10.1442
9.70946
14.7688
11.4856
12.525
13.0159
9.07684
10.9329
14.3672
12.3113
13.2887
9.92963
9.62551
7.14062
6.27567
13.9928
14.5181
11.7433
10.6017
12.3137
8.88882
7.70981
11.6023
10.546
14.2711
14.1822
6.81208
4.4534
13.8835
9.87545
12.8374
14.9835
10.8638
8.1122
10.3192
8.06799
12.1085
11.5991
12.0092
11.8064
10.7726
7.97763
13.8248
12.268
9.32592
14.3164
13.2714
13.0865
5.55545
10.6441
10.8344
7.99044
7.78714
12.5364
10.9257
14.0809
10.3903
13.3957
9.22312
13.7926
10.98
6.99939
8.72722
9.64004
11.2026
8.72914
11.8699
12.2268
12.4926
11.6383
10.9239
8.62986
12.2268
8.50901
8.757
8.04308
11.6392
8.42879
7.83649
7.31226
13.0367
7.15213
8.6388
11.87
14.89
12.0783
13.6342
13.0839
11.8859
13.2874
11.147
10.5558
14.8415
12.7296
8.97759
12.5785
14.7745
13.5873
7.06311
11.7607
10.1237
8.61361
12.0138
13.5152
11.1431
14.5944
8.74538
10.7148
14.7807
14.1006
13.9051
9.38044
13.1416
14.0777
4.5713
14.4917
6.28661
12.1132
11.5027
14.6951
12.9248
14.466
12.601
11.8123
8.03096
14.171
8.10671
14.513
14.3188
9.4731
11.1956
8.72019
9.95643
13.4328
10.5173
8.92001
13.9808
9.15953
8.37433
13.6848
6.5941
10.9433
13.5364
14.9108
11.571
7.75435
14.7296
12.2742
11.3182
13.7731
14.0299
9.32439
14.3497
7.27719
9.07371
13.3145
11.7019
11.8335
11.6956
8.52619
10.8342
12.3589
11.4309
14.6077
10.4851
8.62465
11.3099
13.8487
10.5458
13.8895
12.4826
12.9134
12.079
12.6591
14.4169
10.163
9.73733
13.8591
8.26465
10.2268
13.2376
14.9432
14.6755
12.2911
14.0491
14.4868
12.0365
12.2543
13.5654
14.6267
9.73473
13.8888
4.34774
10.055
14.1823
11.5806
7.18623
4.4565
14.379
13.9798
5.6899
11.5188
14.2055
12.4916
10.0912
12.8157
9.79658
8.10364
14.7205
9.40687
13.718
6.81323
8.31883
9.99796
12.2161
5.63541
10.3542
6.25173
12.8045
14.2448
14.8228
14.5043
12.2904
10.0242
14.3828
11.8053
14.5723
9.86319
13.215
11.4327
11.8008
14.3025
10.2857
14.8935
11.4268
12.2066
11.3862
10.4064
12.014
13.1319
14.012
13.634
8.13235
8.94837
12.8222
14.8958
13.5588
11.8628
11.6765
13.7428
7.98953
6.90463
12.5991
14.8318
7.32632
13.8217
12.3809
8.66537
12.5094
14.4638
14.3517
9.62489
14.3853
9.26943
11.8046
9.2574
8.12259
7.18639
14.1884
13.927
14.4643
8.53691
9.12847
14.812
12.1768
13.6291
13.4096
6.23062
12.4381
11.4186
12.2818
9.3623
12.8637
10.5201
9.32771
13.094
8.13282
10.0151
9.95533
6.94918
7.62288
12.5748
9.27847
10.6163
13.4195
9.69299
9.53631
13.9912
14.2416
13.6443
11.0495
14.6499
13.7857
14.1003
9.63394
14.4893
8.99719
11.7623
12.2842
13.7061
9.61179
11.4344
9.02582
11.0497
11.976
11.7893
5.59706
12.9735
9.91656
14.9103
8.48571
12.7431
13.6352
10.3564
8.96296
14.7932
14.724
14.0397
12.1199
13.5661
11.734
11.8728
11.2807
14.6254
14.2528
10.3506
14.3167
12.9223
12.6297
13.3156
12.9346
9.44219
7.58967
12.8055
14.5019
13.9697
5.86078
13.9232
10.6746
8.91876
13.3274
14.4358
14.2734
13.8603
11.7444
12.386
14.647
12.6908
14.5156
10.7257
12.6205
10.8594
5.86676
9.73375
13.3162
7.59806
10.4044
12.8686
4.32455
12.2168
12.1602
13.6806
11.297
6.01782
12.1501
10.5
14.1962
11.0763
14.5076
11.8659
9.13816
14.8081
6.39765
12.617
10.2129
8.46667
10.2956
10.6994
13.59
14.409
12.751
14.6668
7.29772
14.9184
11.5338
12.7997
8.55627
9.90387
12.8343
10.1415
13.5991
12.5455
14.5454
9.44267
10.8828
11.1459
13.0768
12.4967
14.4504
12.6613
10.1316
11.7407
14.8034
10.6644
8.66327
14.2814
14.3974
11.3563
12.456
8.08245
12.9481
14.8025
11.8595
7.85736
12.6646
7.45501
13.9435
14.051
8.97256
6.02862
10.0427
14.6765
12.9838
9.02386
8.93005
6.87862
13.6805
9.35185
9.00439
14.9425
10.815
11.4045
6.31887
6.27584
13.7048
10.9332
14.0622
13.2323
5.01563
9.86435
13.5571
9.64932
12.1094
12.5829
14.34
6.34217
12.3058
9.6458
14.7467
14.5286
9.90521
6.01825
14.1792
14.3326
14.753
11.735
14.4754
14.4608
14.3574
12.3316
7.86586
10.3921
7.56466
13.9108
6.83756
14.3377
11.8308
11.9356
9.68486
12.2182
10.873
14.442
9.01773
11.4294
9.86218
12.9599
11.3593
14.7742
13.3273
12.7808
13.2589
12.6908
14.1385
13.8991
12.7248
14.3636
14.0094
11.9227
13.8283
13.5176
7.01945
13.7844
14.9893
14.602
14.362
12.8265
14.4029
10.4351
10.459
11.8279
14.8992
8.87945
12.3547
14.9556
8.36319
5.68097
8.31731
11.7483
9.98067
11.9881
13.9334
10.9916
6.12833
8.54483
8.21506
11.5908
14.7407
14.4013
9.74907
14.0182
11.5168
12.659
13.1109
11.966
11.0209
11.7678
13.3057
11.5826
14.6753
11.7124
8.4246
9.44935
7.227
8.89978
10.5175
12.1042
11.2438
10.8655
14.3798
8.68112
10.0805
10.972
11.9689
13.1371
14.1421
13.2974
10.5493
14.0003
14.1411
13.9097
10.2099
8.05814
14.0592
11.0727
8.7854
11.8443
14.699
10.4949
12.2223
9.39259
13.362
10.4353
13.8737
8.43056
12.0164
12.3751
13.8032
13.3536
14.8871
12.2504
10.2856
8.02392
8.4671
13.3666
14.5792
11.456
13.9283
13.2165
12.5322
12.0093
10.5323
7.61109
6.59881
9.89852
14.6704
10.2628
13.0859
10.0015
6.68592
10.9227
11.5952
14.1675
13.9916
12.0102
8.80478
12.778
14.0233
11.7916
8.40155
14.9492
8.05368
12.0518
12.9368
13.6086
13.5045
12.952
11.1323
13.7064
12.0616
13.3748
8.43351
10.175
10.5992
10.3579
8.23502
4.62224
10.297
9.81932
9.29218
13.4297
14.554
8.6193
5.69509
8.74689
14.1261
11.0806
13.0148
10.5721
13.9925
10.9379
14.222
14.4505
14.5505
9.99337
12.2581
14.8056
8.61174
13.8354
10.309
8.78718
13.3482
7.01515
13.3996
10.4296
12.1768
7.22504
9.78411
13.2986
14.2927
10.1307
14.8811
12.7324
7.76593
11.8539
12.857
12.715
8.49683
13.0836
14.9227
12.0061
10.1119
11.9484
10.4253
11.8161
9.75109
12.4303
13.5532
10.4061
10.5534
9.15566
11.409
11.7057
13.9163
13.6522
12.7747
10.0908
10.4585
9.84592
11.1088
14.9439
10.979
10.9871
9.374
11.9189
13.1255
6.55372
6.31696
9.89878
13.5512
6.12051
9.3841
10.8459
14.5331
9.33123
10.5028
9.04359
10.1554
10.2935
8.81931
12.8125
13.0846
13.8837
8.70579
12.8558
12.6675
12.3653
9.32153
13.1842
14.3619
11.7521
10.3846
9.94066
9.8024
5.91047
12.87
10.581
10.8453
13.7924
7.04071
10.3413
9.9305
13.6029
8.14171
11.6153
13.657
13.361
9.49086
11.864
13.9229
14.7497
10.174
9.12451
14.8007
10.7174
10.4754
10.9056
14.9578
14.2113
10.7814
12.2672
13.3187
10.2366
9.74047
11.6732
11.034
11.5734
14.1132
14.5051
12.3419
12.9097
10.3462
5.8139
12.3986
13.4497
12.2737
11.6084
13.8492
13.2138
13.0604
8.87519
13.8187
10.3033
6.50415
12.6247
12.5654
9.17067
13.0285
4.45419
12.9331
12.2764
14.0796
12.1905
9.93472
8.78808
14.6805
11.0004
14.4658
14.8111
11.8267
13.4572
10.3478
11.9788
10.1395
12.5856
11.1366
9.28127
13.55
14.5878
10.2318
10.7145
5.75196
11.1901
11.9609
12.1403
9.66491
6.50132
5.73697
11.5655
12.3539
13.9287
9.63083
8.97283
6.1296
5.85751
14.6929
12.5643
11.2537
14.2911
13.7612
9.67926
10.0107
9.79999
11.3922
13.3258
9.53823
13.96
7.16656
9.67946
14.3325
13.0927
9.76677
14.096
12.8276
4.84654
10.9018
14.9526
7.1156
13.0586
8.3988
10.1396
13.996
14.197
12.3974
14.1903
10.5621
9.9168
10.8938
13.833
14.7705
8.59096
14.2075
14.5746
13.8747
12.1728
11.6246
14.7631
14.2307
10.8643
10.7738
13.6801
11.4624
14.765
8.96684
13.572
9.48408
14.1559
9.3981
11.6991
11.1564
10.345
11.6277
13.1523
11.2883
12.5089
11.1708
14.0337
12.6754
7.79232
9.5708
8.28786
12.8508
10.3585
14.2554
10.0225
12.3145
14.0499
12.4862
11.6344
8.19445
5.90122
8.70836
13.9095
12.531
13.2944
11.6457
12.2109
9.77413
11.1307
14.671
9.65937
11.8744
13.3947
12.9598
9.87204
13.0939
7.5879
12.3286
13.5269
11.4865
9.37974
12.7226
11.7997
14.8225
14.3529
6.04622
8.61596
14.5956
14.7648
14.7867
14.2198
14.1537
14.9267
11.6081
12.5122
14.7829
9.28104
13.9549
12.1789
10.5566
11.8576
9.13071
14.8535
13.0716
8.72684
13.0758
10.1943
9.69563
11.8539
13.6538
7.92297
14.8849
13.7394
12.652
11.0866
11.1592
6.86278
10.563
10.0495
11.6642
7.13828
4.28148
7.6918
12.921
14.1025
11.5607
8.36755
8.88405
10.2113
13.2371
12.5402
13.2715
5.89909
10.836
14.1992
6.10807
11.84
14.5749
13.9063
13.9032
9.13429
13.9235
12.9672
13.7036
11.5188
11.8503
12.1436
11.7958
14.7724
6.95217
8.63882
13.7521
10.6234
9.54364
13.6603
14.1769
9.8895
12.3999
14.273
11.7681
13.3108
11.9819
10.6708
9.12156
11.9522
11.0469
12.1307
9.16568
9.74122
7.80229
12.0444
13.3623
11.8923
11.1466
12.8482
7.31646
6.56859
14.7186
14.3327
12.9236
10.3295
12.3076
9.60135
12.6856
7.90024
10.93
10.9447
10.4602
6.34458
11.8191
12.2927
4.41166
10.3077
12.3957
12.8236
14.7754
12.2437
13.7002
9.8675
11.8633
12.1726
9.53327
8.93341
9.47213
11.9672
8.60026
9.82382
14.3834
9.99774
8.46922
14.6332
11.5608
9.86139
12.8921
12.7828
10.8267
7.29113
12.1586
12.9429
13.8713
9.78577
10.523
11.7824
14.0358
8.9219
9.98969
13.791
10.7858
11.1175
14.3586
11.4622
13.7664
11.3358
14.2453
10.4043
8.55844
12.4101
14.0296
9.15224
12.3216
9.70464
14.9562
14.3206
11.6202
14.2663
9.51272
6.92565
6.5874
14.1917
14.5929
10.4075
9.07992
14.6475
12.2347
9.51553
11.6661
13.172
10.4141
14.8789
8.99377
13.1152
14.898
8.32276
7.74924
9.33222
12.2372
8.00804
9.27388
5.44009
14.0448
10.7986
11.2998
12.7477
9.95968
9.82153
9.0265
10.8136
12.6547
14.727
7.27353
10.5693
9.78854
11.3249
7.95165
8.69143
13.7538
9.2281
10.9605
13.7041
11.7813
6.40805
12.0684
12.19
8.37519
13.7032
14.0526
6.95763
12.8804
12.9306
12.7067
13.6282
10.023
9.66456
10.9617
8.25828
12.1833
14.1591
9.42803
10.7457
8.22019
10.4064
8.41661
6.89127
12.1016
14.9887
10.2918
12.0723
9.54041
12.8577
10.3962
9.25681
11.7043
7.07681
14.0765
11.1674
9.15321
11.541
10.8387
12.3667
13.1429
11.771
12.7947
10.5555
11.9778
12.5148
14.7173
8.53815
13.0263
13.893
13.1812
10.666
7.38522
6.29218
13.3198
14.0016
8.94416
11.9814
10.3196
10.1169
11.0749
13.1413
12.4467
13.5867
9.37581
8.85751
12.3413
14.4241
9.04264
8.5248
14.2619
10.6015
11.2218
10.9985
14.7823
10.9772
10.1711
14.4542
13.035
14.7072
14.6289
10.4754
13.6412
7.35827
13.8204
9.17987
13.998
10.114
11.6044
11.9891
13.6609
11.5948
12.0177
7.4906
12.8456
8.79161
8.66952
5.70999
13.119
12.2215
8.65169
12.6741
10.9312
9.95803
12.6428
7.74252
8.64166
11.9017
12.329
8.49181
12.6625
10.9234
9.25648
5.77034
13.461
11.3313
14.0658
12.1798
10.981
14.2447
7.83541
10.7677
13.4291
6.96948
12.9165
9.48808
12.843
8.90674
11.141
8.43432
8.58874
14.5058
9.78843
12.1239
7.32167
13.0003
14.4806
13.6867
13.373
13.8578
12.4475
11.1759
11.5156
12.1679
10.1697
11.2326
6.52222
6.65435
11.9389
9.25876
13.4252
6.9929
10.0435
11.3267
7.32752
10.6871
13.3369
10.4588
6.13524
13.6014
12.7633
10.275
12.6042
12.928
11.2741
14.9069
11.9842
10.9021
9.4661
11.9474
14.1754
14.0137
7.34913
11.2418
