6.03187
11.371
6.94375
10.0548
10.4435
9.49508
14.4372
13.9255
13.5406
14.7078
13.5081
8.2914
7.22464
14.2054
12.8128
13.8874
10.5189
12.1922
13.3368
12.5181
9.36806
10.7734
9.13301
9.51018
10.4016
14.7249
14.8168
7.6168
12.8642
9.69498
12.623
9.85001
9.65363
8.82969
11.5127
9.86805
12.3287
11.6048
14.6018
11.769
13.327
10.2963
11.9593
11.9048
11.8102
12.6329
10.8194
13.6893
12.3696
8.86018
10.1364
8.51492
6.75481
13.3655
11.2395
10.0546
6.51765
12.5977
12.0278
11.9417
13.7383
14.6072
12.3399
9.58731
13.2707
10.4353
8.33508
12.0081
13.4076
10.2214
8.53814
10.0445
12.1727
10.0924
9.50247
6.83187
12.527
11.8781
10.3519
13.564
8.51149
5.88989
8.97863
11.4984
11.8476
11.9879
12.2668
12.9875
14.8832
14.3284
10.8555
9.14656
14.7908
5.98207
11.8671
14.9928
11.5484
14.3123
14.1024
8.97519
14.1956
14.5433
7.75066
9.81435
12.7151
10.8899
13.0253
14.519
9.04748
11.5799
8.33505
13.1401
11.037
10.8215
12.6624
10.2624
14.1622
14.0509
14.3098
5.35739
5.11408
11.7823
14.2648
14.6351
6.49958
13.5776
11.1285
13.5973
10.0689
12.2142
12.7999
13.5896
8.33
12.9762
8.517
8.32096
12.7611
8.87092
9.89779
9.83674
10.8815
10.0777
12.077
9.81622
11.9024
14.0927
12.0919
14.9137
14.8738
10.0229
10.5985
11.5594
9.02155
10.6534
13.3428
11.5269
8.90246
11.7768
7.41411
5.6815
13.1731
13.8632
8.61216
13.7393
11.6538
14.7042
10.0982
12.5093
8.06038
8.46986
10.9755
14.9315
5.59422
12.049
14.4498
14.8427
12.3293
14.6367
6.42304
8.15076
14.9737
11.2004
9.8602
11.4014
8.89279
10.1627
12.7346
13.6058
14.4221
11.9533
10.6947
6.13812
8.42884
14.708
5.415
13.9262
8.86122
14.6025
12.1541
10.9104
7.63848
12.6333
11.6198
13.0759
8.61197
14.6502
12.498
9.41318
8.67986
10.5337
13.2209
8.56303
12.2835
7.16867
9.71559
10.4192
12.2245
14.4553
10.2578
8.10636
14.6946
10.6446
13.3058
5.21021
6.82906
9.67191
9.22415
14.0147
5.29301
9.78687
12.187
6.92929
11.1811
5.05293
13.433
10.8694
13.2016
11.8842
9.29321
14.8647
5.66653
11.9675
13.4159
13.01
12.1408
12.1666
11.9538
11.2646
13.5283
14.4831
10.7147
12.3986
13.1868
12.4711
13.7945
9.38544
11.9962
11.5393
10.9715
9.75131
11.4691
10.0076
10.206
14.443
12.179
9.12312
9.73532
9.19037
8.83964
13.5327
9.79073
10.8005
10.4022
5.58764
10.3184
9.15581
13.7172
11.6483
14.6597
9.34676
10.3112
12.8394
8.9283
8.29002
12.453
10.8785
6.70776
11.1764
14.5697
6.3203
10.0355
13.6788
9.36318
9.49031
14.5958
12.4809
11.8921
9.9786
14.6419
11.2438
10.953
14.28
5.82335
9.83858
9.92913
12.3672
10.4066
9.91067
8.61326
5.92589
7.04171
7.88132
14.6668
6.20797
10.1125
14.2679
9.66893
14.4128
7.70439
14.0026
8.25207
10.4146
6.93664
10.3552
12.6144
10.0681
14.4635
10.7852
5.99651
12.3506
13.794
13.4584
8.6823
12.2667
10.7538
13.5984
10.2022
6.28554
11.877
13.3546
12.3596
10.0405
14.4992
12.7602
11.1785
12.1352
14.1693
14.5612
10.8902
8.60007
12.5947
14.0129
11.9492
5.83249
14.8269
10.6713
12.421
11.1113
14.042
12.5083
13.8324
12.5143
11.919
13.6147
14.1202
10.8746
4.99529
8.36997
13.8171
11.4581
12.3858
11.7393
11.9565
13.965
9.07319
13.0624
13.5993
14.4337
14.0619
12.8408
7.73614
12.0322
8.54994
10.6128
10.4919
12.495
11.6262
9.41085
10.3285
8.17769
12.952
10.2889
9.84306
5.18828
11.9926
12.2111
13.6566
14.3052
9.65119
8.4952
11.9785
11.049
11.9014
13.8335
11.2875
13.162
12.9435
14.8648
13.0988
12.8296
10.3721
13.026
9.07649
5.99297
14.948
10.3557
14.8997
13.2061
13.1041
5.89202
6.10793
11.0097
14.3367
10.0798
14.2022
4.91213
9.63813
13.9938
10.9833
12.0211
9.04536
11.9169
5.73124
10.046
9.83266
11.2833
9.90487
11.2381
11.3057
5.919
10.1241
6.10446
7.31721
9.24619
13.3066
8.85729
14.5177
14.142
12.5591
13.2944
12.0776
10.9882
9.01548
11.2724
12.9781
9.6861
3.65554
9.67858
14.0909
13.3335
13.5891
14.6215
14.1394
14.8645
11.2818
6.82754
11.8805
14.7925
13.3402
10.1919
13.6424
8.97472
13.9884
13.5893
4.59432
12.7917
14.978
14.1195
12.2049
7.69802
10.1993
9.00662
10.8746
10.2937
13.5638
9.07796
9.46646
6.98839
11.9769
8.41229
13.2262
14.8109
12.9266
11.6308
5.92552
12.8863
14.1263
8.63311
14.6885
10.4168
12.948
5.87387
11.7635
11.4002
6.18138
13.1895
12.7114
10.6395
11.0452
14.2031
8.02085
13.5419
10.2753
8.62065
9.69158
14.5219
14.3968
12.1378
11.5162
8.37014
10.9546
5.99161
9.40182
10.1433
9.86175
10.3474
6.12511
12.7964
13.5472
13.0912
13.7532
9.32217
8.54263
12.3996
10.3286
11.5784
10.5092
4.2184
13.3555
14.0999
13.9655
11.7137
8.72433
7.09451
8.56161
5.45536
13.8982
14.2851
11.9805
14.8119
14.2292
13.5687
9.67159
14.3188
12.8768
14.5294
12.458
9.84588
13.9992
6.4666
10.5675
14.1821
12.5153
6.02773
11.5978
11.276
14.8386
10.8391
10.3669
9.77921
5.62545
9.80154
6.18006
12.3173
14.2871
14.2963
5.19488
12.6473
6.48915
6.97339
10.0884
12.3362
14.9845
14.9713
12.122
14.4635
12.2656
14.9601
10.1785
9.64108
14.9177
10.4652
9.02212
10.9614
10.2191
14.337
9.38232
14.0981
14.4358
14.2649
11.4644
10.1392
9.88215
14.3686
13.5852
12.6078
8.52351
11.1045
4.9161
5.91559
13.912
6.82419
11.962
13.0086
8.6091
8.82754
10.0549
11.7525
13.0052
7.71812
13.4694
10.3683
11.374
14.7675
8.81781
9.80013
13.2543
8.46232
10.6456
10.518
8.6616
9.96562
7.39624
8.00015
10.103
8.95512
14.2365
8.86826
11.1712
7.86777
12.2123
10.4476
12.9899
11.3069
8.63787
4.92047
10.4069
12.3914
5.40278
12.5442
11.6656
7.90893
14.1445
14.287
9.82076
8.21603
6.19245
5.98037
9.67664
9.25972
5.30972
6.41805
14.7801
11.9055
11.6623
12.6381
13.3151
11.4905
11.2075
14.0449
11.9311
14.8153
9.91585
13.2844
14.5304
13.2401
11.9034
14.6905
13.9443
10.0044
12.7149
12.0512
14.164
13.1736
12.1538
13.9828
8.38757
10.012
10.6406
12.274
12.5543
4.50943
9.31324
11.6533
11.4434
14.3096
13.0764
10.7698
8.70491
13.7282
6.95239
10.3134
13.1852
12.8689
10.7938
12.0861
10.6711
11.1794
14.0993
8.62206
13.7971
8.73506
12.3594
10.5839
13.4218
10.9519
5.16834
14.411
14.8805
13.7283
9.60875
13.6742
14.7021
12.3011
14.8556
8.83577
13.5423
12.3998
13.6589
14.5516
13.2095
12.8523
12.9638
8.22222
12.504
6.18292
9.91049
13.8733
12.3061
13.6255
11.3148
8.11383
14.0562
10.1038
14.6305
13.5983
7.98697
11.7212
9.85212
12.4871
6.00835
9.51352
14.9388
14.8877
11.4871
12.6864
11.9574
7.99679
10.6108
12.0024
7.32419
10.7981
8.00937
13.5511
12.3774
9.21498
13.2918
11.0799
12.5412
9.13987
13.6104
14.8403
8.07353
12.0911
13.6306
4.55406
10.7011
14.4426
8.9998
6.63152
11.3274
12.4908
13.1018
13.4455
9.5749
11.2055
12.5606
13.264
12.4771
7.30198
9.07714
6.1427
10.9177
13.6747
8.48344
13.5797
10.5469
13.0038
14.4601
10.8806
11.7209
10.3252
10.2532
9.67699
14.6167
9.21246
14.3566
14.3311
13.4004
9.71888
11.9154
14.0522
6.29365
13.0786
12.5618
10.5055
11.4271
10.1741
8.62296
12.6466
7.9567
6.13082
6.30377
7.66546
8.63548
12.1082
10.3782
12.0856
14.1659
9.29615
12.5656
14.7813
11.1714
9.77974
11.9202
9.82291
11.6082
6.76169
13.1099
6.0398
8.93522
6.22787
3.99452
13.9838
14.7883
10.4658
5.27121
13.603
13.6463
9.83444
7.96654
10.0455
14.4095
10.6201
11.9374
5.92382
10.3005
6.32477
7.87752
10.3978
11.8939
12.1597
14.1814
13.2865
12.1266
9.73054
10.4819
14.0589
9.7136
6.46985
13.3487
12.0954
14.782
6.76161
11.9298
5.98925
6.67893
11.3387
8.46555
11.8002
11.0673
10.5794
9.92559
14.7421
11.0999
9.99509
14.6278
13.7699
8.48952
14.5598
8.70176
6.36746
12.633
14.1527
14.0101
11.7348
14.0326
13.1595
8.18436
13.4007
5.93854
14.6998
11.5616
9.04951
10.426
11.0484
5.48895
14.4288
8.61427
14.8076
9.42131
13.6489
14.0223
5.02894
9.3105
11.6867
9.70711
13.0247
14.9846
10.5786
14.9098
10.8156
6.46943
6.54051
10.6329
14.1664
14.2421
8.53308
7.39823
14.4207
14.8843
8.62372
14.1171
10.2296
10.728
12.8082
10.7672
7.3338
9.84636
10.6296
8.40354
5.8588
13.872
9.93642
8.58115
13.6652
10.5503
10.5626
13.7961
11.9169
5.06993
12.0131
13.7589
12.6877
7.24369
14.7653
13.1873
14.9652
6.1295
11.3453
14.967
12.7499
14.2502
14.0058
10.6683
13.5291
8.34578
12.5126
7.97198
11.3888
13.7455
14.9035
9.50598
13.091
12.5238
14.7035
12.0079
14.3331
14.1433
9.05253
9.99082
13.9135
14.6702
14.4888
7.49748
13.5432
11.7445
9.30879
11.1904
9.97016
14.3992
6.92182
10.9874
10.8852
14.1549
10.8239
11.9748
14.9309
10.3457
14.847
11.4744
10.0235
11.5419
14.225
10.3787
14.37
7.94786
14.7846
12.1594
14.3163
9.76955
13.9268
7.40093
14.4378
11.4133
11.6048
14.4998
14.9736
12.9393
14.979
4.38542
10.4197
14.1183
14.6597
5.82411
10.8772
13.9862
10.6267
14.4421
12.3154
10.4857
10.5092
9.23104
13.5995
12.7935
12.5509
14.7438
12.4292
14.2472
14.8466
10.3188
10.6681
12.2976
9.91112
8.96828
14.1171
11.899
8.51749
11.1774
8.80561
11.5469
12.2803
10.2485
11.9528
14.8794
6.83615
11.1321
5.99098
10.533
12.9461
14.3904
12.4342
14.2399
7.58064
14.651
11.6634
13.7222
12.4991
13.9015
12.9997
10.7686
11.8752
11.8083
13.9189
14.1115
5.62695
12.2334
12.3604
12.9897
12.9454
9.851
8.62932
9.03035
14.5483
9.6889
12.4538
5.87687
9.67387
11.151
9.09348
6.76294
7.79903
11.4592
12.342
13.387
9.20979
12.8986
10.7397
12.3847
12.5691
10.6999
12.718
9.81681
13.1842
12.5233
14.3535
14.5691
11.126
10.5665
14.2218
14.0523
9.5864
13.4021
10.8563
10.6739
14.2097
13.4632
11.7058
10.5963
8.59538
10.7699
10.0467
6.19895
8.44905
9.99714
13.677
13.3115
11.9541
13.1164
6.57234
6.18674
13.9552
11.7677
9.83289
12.5109
8.57879
5.99303
13.3999
9.74161
9.91962
5.48986
14.0643
8.56201
10.7423
12.9486
13.4458
14.0709
12.1888
14.5388
12.7891
9.5276
12.5772
12.27
12.8746
14.8248
10.5379
13.1898
8.15007
8.6458
11.8273
12.352
10.0549
9.24903
9.79332
13.3927
12.1591
9.44064
13.1618
12.8284
12.9456
11.1831
9.54775
7.21369
11.7959
14.5833
14.0306
9.01873
11.8569
13.1832
11.681
11.4684
10.4124
11.9954
4.57509
12.6743
11.2729
12.3853
10.8331
14.6988
10.9931
12.8788
12.6794
11.1153
12.3881
11.3394
14.226
12.7009
10.792
13.5286
7.54456
12.6073
9.0066
9.95278
8.57975
11.2449
8.76251
11.7248
13.1464
14.2459
6.31494
13.579
10.8033
14.6272
8.46481
12.284
13.7156
13.4072
8.77188
11.4915
11.382
13.7327
13.6757
12.5574
10.5435
8.41818
12.3101
8.71603
14.9293
11.3427
10.7179
13.7165
9.76646
10.641
10.5849
10.3525
13.0385
10.7811
12.3074
14.909
10.3365
9.57688
6.42016
9.58398
6.49332
5.966
6.42863
14.9646
9.61211
9.50565
10.8984
8.47959
5.72568
5.96757
10.4395
4.86245
12.2974
8.12962
6.49046
12.936
5.32609
11.8627
9.27372
13.9381
13.3322
12.2663
13.2242
6.98138
8.06763
9.69143
10.2412
12.4382
12.3478
12.046
12.2145
11.9622
11.3283
12.7611
12.5076
9.91466
12.0037
14.2167
12.8969
9.47814
11.028
7.03683
11.3862
9.03973
14.5966
8.34373
11.7442
14.1713
8.54739
9.84881
7.1621
14.728
9.22011
10.7064
10.2183
11.5891
9.71555
5.91316
12.6076
7.81859
13.8448
11.4004
12.1269
12.9903
5.04735
12.9365
14.8014
11.079
13.799
8.21362
12.9689
11.0462
13.6033
6.40173
10.4844
12.7953
13.5423
11.7441
8.54721
11.2401
10.1904
5.86178
8.64048
12.3579
12.5089
9.4682
11.5707
9.79754
8.43466
9.64568
8.94207
10.9319
10.8835
10.3015
13.3742
14.7922
8.47872
14.9346
12.5212
10.6434
13.1187
11.4386
10.993
9.23142
14.3824
11.8307
13.7234
14.8636
11.4781
13.707
14.6791
13.094
14.5462
7.69448
9.03088
13.4895
13.3553
8.06019
7.39174
11.0904
8.12827
12.0107
14.6827
14.474
8.27042
14.9395
8.43594
9.36964
11.5363
7.70229
10.0162
12.8764
11.7039
14.0158
6.76808
9.61086
10.6448
6.8787
13.5468
8.01375
13.5386
13.0364
12.0834
11.3533
12.3325
8.51903
13.1968
12.7712
11.7653
7.0531
5.76893
8.32159
9.4877
10.8915
7.37094
12.0661
7.98258
14.8114
11.4682
5.95505
14.1061
10.2851
11.5655
11.0318
9.91059
10.1444
12.2667
8.65514
9.64929
14.4163
8.26385
9.36433
13.1374
11.7249
6.06753
14.6238
7.64982
13.934
10.6745
9.28803
13.6584
13.9164
11.6476
6.0909
9.87359
12.809
13.9635
7.88081
14.5663
13.0151
9.23452
13.6701
11.695
13.7466
13.3858
12.0627
6.99389
9.18212
14.6668
14.8999
13.1317
11.946
11.1492
14.5351
14.815
12.1734
11.6249
14.7591
9.69175
7.92955
14.2449
12.7701
11.4566
8.3973
14.5166
6.32179
11.9567
13.8625
12.4631
10.1557
6.15929
10.7714
6.3371
11.885
14.7213
8.97093
14.4655
13.6837
13.3705
14.0164
11.1855
11.1374
13.4821
8.99507
13.5426
12.5422
14.4606
13.7017
6.65407
12.9401
9.65907
13.1829
12.3425
14.3205
12.0629
12.9959
8.35166
12.3421
13.6375
9.44293
8.88018
14.6648
12.5225
14.9099
10.2023
13.825
11.2527
10.1271
14.2862
11.3308
9.89832
5.80841
13.0821
14.7404
14.2826
13.2016
14.1029
10.8695
12.6258
8.57617
5.30071
14.2512
12.2872
8.63088
10.3293
8.70858
14.1407
11.9505
14.9701
7.40702
13.9248
13.5423
14.0862
14.9713
8.82369
10.9134
10.584
14.5832
6.67476
5.67164
7.29949
13.8323
14.8581
12.9991
11.466
14.5594
11.9999
9.75313
8.53347
13.2825
8.75826
10.322
7.14624
11.1955
6.43256
7.21338
7.42022
11.2174
14.8152
10.0401
12.6503
9.81622
9.31106
11.5586
14.8969
14.1927
14.3155
6.17815
11.109
9.72166
13.3981
5.16172
12.2571
8.32781
12.3633
14.5496
11.8499
9.11292
11.8226
11.9563
14.3427
11.8411
11.9943
14.1261
12.6191
11.6537
7.40709
14.0463
14.8917
9.22437
14.6698
12.6911
13.6682
11.4736
12.7831
10.2133
12.1163
10.813
13.5312
14.2945
9.44885
9.06664
14.3876
12.8205
14.8566
11.0344
9.1631
10.7028
11.8755
8.45191
11.8913
12.6023
10.5071
14.8564
9.48285
13.0188
10.7581
7.08068
11.4883
10.6431
8.39692
10.9288
10.421
12.3916
6.1042
13.181
14.8016
14.1756
10.1567
9.11843
7.71349
14.5489
11.642
6.20832
10.5721
14.9752
13.6633
13.3979
9.98284
14.1728
12.4844
9.20332
9.70382
9.27929
12.6157
12.46
9.93549
5.37356
10.8565
12.5299
10.5833
11.183
14.6154
13.6971
14.3604
13.033
12.2606
10.1594
6.67862
11.1875
10.2846
12.3424
11.795
9.65525
11.8955
12.1625
11.2634
9.94316
9.14115
10.5848
9.32208
13.7666
11.2979
10.1096
9.71875
5.37337
9.63477
11.7632
9.64902
14.5092
10.655
10.7523
8.28344
10.8697
9.51622
12.6091
7.33949
12.3009
4.76846
13.5393
9.28622
11.6796
9.97602
11.7367
14.8145
10.8765
7.97436
10.3992
7.59266
5.48819
8.85396
8.0665
10.1844
13.0118
6.70316
10.7319
10.7494
14.1359
13.3171
8.41048
11.4138
7.49062
11.9093
6.19652
13.9229
8.90098
12.722
11.8159
14.3382
11.8888
12.8825
13.7445
13.1705
6.14679
12.6984
14.3343
10.5166
9.7446
13.0733
11.4558
11.7186
13.5512
14.0552
11.4044
11.7389
6.50287
13.1609
4.57394
5.74334
11.4636
9.71466
12.6146
13.9112
11.1378
14.3696
11.8203
11.2927
13.6995
7.86754
13.7624
6.72118
11.4914
14.0471
12.7679
10.4797
11.0144
4.87459
12.6022
10.505
12.6048
8.91703
13.4894
14.7892
6.6046
8.53499
11.4951
10.5764
6.95682
14.4494
9.55057
13.7554
8.89685
10.9914
9.58704
12.4131
11.0892
9.02567
8.10378
10.6614
9.06349
5.93009
8.52003
9.53752
11.1555
6.85029
11.347
9.02726
14.1908
14.6452
12.3684
14.6247
11.6303
12.1075
11.9621
13.276
5.45544
9.09779
9.40318
5.00601
9.31838
5.63657
10.9984
14.5991
14.0622
10.8831
14.8752
13.5912
12.9481
14.6118
8.70825
9.15939
14.7902
11.4131
9.0845
13.9592
12.1652
9.70291
11.4456
6.18829
13.029
9.28548
11.9155
8.56753
9.90271
14.3732
12.6482
12.8213
10.8642
10.6284
14.2829
13.5834
14.66
10.0692
9.61836
11.9428
13.0697
11.8566
11.5695
10.4215
13.7
9.80984
13.9011
13.2228
14.3404
14.0337
8.62756
6.47023
7.99795
8.48898
12.3269
9.47573
10.0788
14.236
14.283
8.4132
14.9679
10.4678
12.1017
5.16222
14.0638
8.57282
13.2228
10.9032
9.91622
13.317
14.9029
13.8793
10.1683
14.5842
6.36631
8.78444
11.2999
13.5902
12.3381
12.2002
10.8271
13.5173
9.97839
13.2596
14.742
13.532
8.42992
13.0343
11.7372
10.2534
14.8465
10.7195
11.8272
11.7447
11.3376
6.2397
10.0216
12.6317
13.2647
12.635
8.50932
11.8762
11.1419
14.0626
14.2339
12.3651
10.7017
14.0108
10.5696
12.5078
8.86905
8.49269
10.07
11.0196
12.8638
13.9549
14.8124
14.1487
5.84536
5.24177
14.1723
9.94687
13.6872
8.82094
12.5483
14.3739
11.9443
6.22846
11.3867
13.5456
14.6622
13.4048
14.5276
14.9291
14.5431
6.9507
10.4218
12.5912
13.1581
14.9154
8.21705
10.1469
14.5801
13.3084
9.14827
12.0699
10.7307
10.9273
14.5873
10.5784
8.29669
8.67412
14.0894
5.65756
7.5544
8.78368
13.3976
14.289
8.74397
8.60607
9.08604
13.5657
14.7916
6.7208
8.0638
10.5849
14.8339
13.5465
9.74946
14.1712
9.3676
10.1672
9.06431
8.62374
10.2554
13.8248
12.3952
9.39356
6.75707
12.766
14.5331
13.7444
13.1735
13.1433
10.182
12.8951
13.7999
9.34966
5.23056
7.62958
12.9327
8.23787
10.5774
11.3059
13.8552
13.4046
8.147
11.6726
9.78967
7.78665
11.6615
11.5354
11.0692
9.12063
12.1912
13.0649
5.27233
10.5154
11.3133
10.4707
6.13649
8.95775
13.0323
12.533
12.0144
7.89653
9.90749
10.138
14.2815
11.7719
13.6788
8.66377
14.8065
8.62157
13.5963
7.19057
13.331
12.0906
13.6244
5.97716
7.61747
12.5361
9.56352
13.941
6.32698
8.50575
12.0897
10.2466
14.3585
12.4397
10.1384
13.0831
12.3209
13.3179
14.9576
9.81678
11.157
11.8503
12.9609
13.6014
9.11747
11.8545
13.8348
13.442
9.41623
8.77899
13.116
14.5015
13.6717
9.5858
13.3419
12.9991
10.9144
13.8031
14.1107
12.1659
12.2946
11.5475
11.8774
11.6828
10.3701
14.3763
10.2918
13.568
9.73588
7.91191
4.95544
9.04621
12.9078
14.7995
8.53781
10.5431
10.4203
13.3563
14.3758
8.60299
14.8006
12.2267
10.2738
10.2903
12.2106
12.1375
8.83391
7.5545
12.3641
7.28834
10.4529
9.39394
6.49345
14.3647
9.29422
8.52209
13.3141
13.8911
12.1208
14.5899
10.3038
13.2261
10.9445
10.7226
8.90152
13.2401
10.883
11.865
14.2672
13.8597
10.3977
12.5687
9.69865
14.842
13.2528
11.2645
6.36561
9.38321
13.7361
13.9772
7.50806
7.82309
13.8006
14.5921
10.7541
10.8653
14.9007
10.5758
13.5124
10.4378
14.5432
13.9934
5.93313
11.8444
8.32437
14.9961
12.4903
13.131
9.57385
8.96032
13.3329
14.3232
12.2417
9.98802
13.4008
8.56014
12.168
12.3551
14.6847
11.507
14.9981
13.832
5.53761
13.671
7.43087
10.48
11.429
12.2886
6.42836
11.0439
11.9113
7.50053
9.00879
14.8951
10.782
13.5647
11.381
11.4073
11.8152
10.6209
6.73445
11.565
10.2945
10.0043
12.4719
13.7406
13.6249
6.13361
8.69343
11.2454
8.04503
13.8427
11.5488
7.71833
14.5214
4.90065
14.4367
14.8454
14.7487
12.1763
6.00027
14.9057
10.6136
12.4866
10.7094
14.3048
13.941
10.5769
11.0972
8.48278
11.4033
12.6436
8.06075
10.0272
13.0037
13.226
13.4696
8.36604
9.96039
10.6064
13.3321
9.47744
11.8919
14.0996
14.1755
9.50331
14.0355
11.8704
10.9188
14.8362
12.528
9.58337
9.44852
12.3531
11.5507
5.94125
9.50801
13.1419
10.7373
10.1715
13.4171
11.4702
11.8189
8.99142
10.9826
13.6947
13.8642
13.9069
13.4865
8.65437
12.2307
10.5473
8.48255
12.2662
12.4515
11.7882
9.20047
11.3483
14.8774
12.1496
5.84683
13.8206
13.5785
12.9719
8.6334
12.2432
14.3657
11.2975
9.70818
11.6396
6.11288
14.4365
13.8138
14.1026
8.55474
10.6985
8.32293
12.6331
12.197
8.54745
10.3999
12.4611
8.89706
12.8142
12.2102
6.25409
9.41561
13.9869
10.5698
13.9064
9.11738
11.4343
10.1458
9.17496
14.4065
10.3412
7.86779
7.76461
7.65977
8.77927
14.8247
13.5899
5.94043
10.0502
9.24001
12.3815
10.7813
11.7839
11.067
7.45812
14.502
7.86598
9.35558
13.301
13.845
13.874
14.0684
9.65136
12.767
9.6073
9.74609
10.0345
9.44623
14.9769
13.3941
14.5827
14.3238
13.8785
9.21721
12.1368
11.1795
14.3975
14.4266
10.4855
14.049
14.8916
5.89848
10.1365
12.4684
8.43832
6.39531
12.5927
11.2005
13.8681
9.98405
11.5916
13.6871
10.1473
13.3338
12.0932
11.2039
14.4559
13.2356
8.26503
6.68272
14.3809
8.6621
11.9345
13.6425
9.70893
13.2514
12.9118
9.3783
10.8018
13.62
5.83813
7.17336
10.6923
8.66931
6.34834
13.1344
13.7394
9.85127
10.2808
9.86787
6.48729
9.91695
13.9775
13.3637
9.91306
10.9863
12.5329
11.6122
11.5576
11.6731
14.4632
12.4286
11.8999
13.3088
8.02588
5.5574
9.84862
13.9324
14.4182
14.64
11.9479
9.90045
13.9151
9.56649
6.92999
13.2923
14.6546
10.1569
9.11031
13.3763
11.1046
8.23486
14.4755
14.0871
8.25646
14.512
10.5621
9.1052
10.489
10.4913
7.03152
6.14138
10.0011
5.96354
14.2382
14.5645
14.3513
12.1806
12.8248
6.2482
14.7162
12.4956
14.4017
10.3328
11.8015
13.8942
11.4284
12.7268
9.78325
9.85443
8.75965
11.6358
12.4043
11.9811
14.1751
11.382
11.6809
12.4205
9.99821
13.4512
13.2596
10.1404
12.7909
13.4507
14.2967
13.7864
8.38722
13.274
13.1711
13.8523
14.01
10.0172
13.6047
13.2621
9.17639
6.0766
12.7745
11.4236
13.7524
11.0737
10.454
13.9196
10.6965
11.5
9.86111
11.9205
10.1061
14.4896
11.6444
8.83735
13.4411
14.8166
10.3826
14.7517
9.75942
5.39668
12.6583
14.6663
13.1376
11.4008
10.3794
14.139
7.6238
6.60363
14.9447
13.4393
13.3927
9.86561
14.6604
11.6541
11.8016
8.71335
14.4589
5.66111
12.9637
13.2866
11.8142
14.675
12.6231
10.4307
8.83778
12.2271
14.5296
10.9117
11.7699
13.9115
6.54159
9.59133
13.5528
12.2851
12.1858
14.2762
12.1204
9.75438
12.6943
13.3422
13.9053
13.5614
13.2202
14.5178
11.6294
8.0261
5.03036
9.81154
7.30285
9.54073
11.5475
13.272
12.5477
8.56173
14.9917
12.6956
14.558
12.1619
13.0128
10.6499
14.4541
6.9426
10.9079
9.86298
9.83253
9.80589
6.38011
11.4492
8.69674
8.84066
14.1403
14.1156
12.8623
14.6133
14.3637
14.4754
8.73333
11.7224
11.4105
14.0124
13.7802
12.0005
10.7683
11.0505
14.2807
13.8683
13.7148
12.5823
14.4295
8.18341
14.8261
14.6836
10.4096
10.7958
14.4346
13.3654
13.4238
9.80871
12.8387
10.4952
11.2986
13.5021
11.858
13.1558
11.9897
6.32792
12.7991
13.5248
11.4535
12.8571
12.2846
10.994
13.4885
10.3579
11.3953
7.89999
7.82755
14.9526
14.5468
11.1216
13.492
12.5117
11.0819
14.9248
8.80397
11.7598
9.01032
8.84543
9.97969
13.0024
14.7202
12.4052
10.902
13.4872
14.3029
12.6896
8.00045
14.5963
11.234
6.82772
8.87727
13.8807
8.38785
12.8186
10.5132
11.2423
13.716
13.2382
8.94848
10.4533
9.47748
10.0856
13.1831
14.0127
11.2053
13.9778
7.96047
7.37413
12.3324
11.2724
12.9606
5.8582
12.8119
10.4293
6.34988
11.3145
9.79665
10.4179
6.08973
6.29258
12.6136
8.23911
10.1541
11.2179
14.9476
13.2698
10.892
9.76882
8.69399
8.9895
12.297
7.6816
11.2257
11.9901
13.1687
6.66064
8.301
11.4195
12.325
10.8677
8.08261
13.7662
13.3192
13.5916
11.8977
12.1336
14.9123
12.994
7.83839
12.4083
11.0947
11.3998
14.2744
9.6744
13.8139
7.52643
6.51004
5.15662
10.2791
13.9735
10.4458
8.63787
12.0685
14.1287
8.24597
11.2793
11.917
14.8925
13.4243
8.61293
8.57758
12.1371
11.587
14.8798
10.9869
14.468
11.7253
13.3422
9.45716
9.19976
13.2944
9.97052
13.2865
8.01019
9.47237
9.77616
13.1429
14.9567
12.2054
8.11535
13.8748
11.0554
10.4028
8.43284
9.43112
14.1312
10.4357
8.62609
6.04389
8.43699
9.57845
13.1963
8.82634
9.54373
11.5119
14.3517
12.6985
11.3324
13.6435
10.662
11.3916
14.6684
6.71056
9.57648
5.66986
12.7583
12.6811
7.57608
13.7499
10.5114
11.4296
10.619
13.1482
14.003
8.82833
10.1636
12.8187
14.1492
14.7786
9.65384
12.9869
14.1391
10.6453
11.39
14.8319
14.0078
5.99992
13.5694
10.4391
9.44582
11.8714
13.6705
14.5678
5.26359
13.273
13.0573
8.51455
11.3239
14.8457
13.6743
13.1665
11.0359
5.68956
13.8339
14.5394
10.6354
14.886
11.039
8.76489
12.018
9.57313
13.764
10.4443
13.0824
8.7583
12.7367
14.1383
11.8701
14.6972
14.5408
10.9887
14.6606
12.7914
7.34507
8.34724
11.6047
13.3418
13.6351
13.7449
4.48085
9.84797
14.6479
6.26557
9.34288
12.8079
11.3295
13.8134
12.3396
13.0325
9.31977
14.9444
9.47041
13.0244
14.0886
14.7813
12.1743
14.4601
9.90078
9.9437
10.9628
10.1375
11.3407
14.4592
9.39638
8.49104
13.3605
5.3986
11.5258
13.3691
14.7279
6.59202
7.28526
14.1147
8.92581
9.50736
9.34602
10.0286
13.119
12.084
13.9721
12.3749
6.29214
14.3872
10.4546
9.63357
14.9633
11.1537
9.78624
7.31985
11.8286
8.37189
8.86843
12.3045
11.1243
14.0865
12.5688
10.5429
10.2353
11.0837
10.0301
9.17288
9.77499
14.918
9.94721
14.5903
11.5087
13.7423
9.41945
11.6967
8.89268
13.9882
9.7625
14.9888
14.7559
14.93
13.0119
7.82938
11.6102
9.33165
9.37374
13.5996
12.9305
11.7838
14.2625
13.2727
9.90645
11.6609
12.7464
13.5298
12.6675
12.3979
13.1007
13.776
12.737
11.162
10.1767
12.7173
10.1915
10.9755
13.1761
14.3405
10.8512
13.0886
11.6252
4.81292
8.73757
10.0624
13.0654
14.5558
14.2637
13.1159
10.6499
13.8594
9.68384
11.8373
11.1912
11.7485
9.48232
13.8904
14.1985
10.8836
9.25578
10.6865
13.0276
10.5298
10.443
14.6397
11.0501
14.04
13.5876
13.3308
11.8807
14.1618
14.771
10.1294
11.9625
9.41967
10.3752
12.9718
14.0917
12.5996
14.3419
8.41805
6.84322
11.7722
11.2793
12.1485
8.01074
7.13335
8.7839
8.61895
13.1786
9.07141
10.2364
13.9714
10.0263
10.2694
8.67892
14.6363
11.2494
12.3749
8.67717
9.97707
13.6763
11.2602
10.1462
11.6232
13.8827
13.1346
10.5422
14.955
9.67766
10.2497
12.0398
10.813
13.7436
14.5874
11.4073
12.8817
11.0061
6.51953
10.8351
10.0588
13.1858
13.1529
14.9901
12.5596
10.9223
10.9903
10.7567
14.4209
8.74077
7.19665
11.5458
9.80916
8.5991
13.9952
3.83482
14.4599
8.85975
10.3618
12.4448
14.6755
10.8998
8.82074
10.1459
10.4122
12.8088
13.2319
11.0954
11.5692
8.54121
12.1544
14.2464
11.0012
13.5137
10.1217
13.4425
11.5013
12.7694
12.6154
13.2988
13.343
11.1705
9.71223
9.60284
14.8895
11.5194
10.0494
5.58913
8.61474
7.10149
8.50088
8.53743
9.98076
10.3512
12.4297
8.55673
8.91232
12.8054
9.12611
10.8432
12.0479
8.63221
14.3117
6.11236
12.4595
14.8278
8.85159
10.6689
11.7646
10.9926
13.5336
13.9352
10.0502
11.7333
11.4857
6.08667
9.2457
9.51927
12.9857
4.33321
9.08455
9.89313
12.2735
14.5066
13.9285
4.87964
7.8711
14.8978
8.34217
13.8256
5.94487
11.7791
11.3987
12.3822
14.4303
6.1353
8.17787
10.097
10.3872
12.2219
14.6989
9.97361
10.7568
12.8134
6.03958
8.56949
12.3136
12.005
14.7199
14.2544
7.63527
11.9312
8.9719
13.9722
13.6475
12.277
14.6116
14.9096
12.1904
11.1591
13.5572
14.7049
9.32001
9.00935
12.5851
10.6573
9.56421
12.5996
13.9628
10.9
12.7773
12.0728
14.7802
13.0975
12.4111
10.1877
7.27096
10.4251
11.9153
13.5348
14.8461
13.856
10.0517
9.8541
14.7029
6.26793
11.1294
11.2478
12.5668
9.41924
10.6801
10.7041
14.5431
9.31134
11.9891
12.5173
12.726
10.308
14.891
12.4099
7.47102
10.7176
10.2555
12.1816
14.0322
14.9626
12.1877
9.91618
8.59083
10.4636
5.76962
8.57029
7.83593
6.23795
13.2356
14.3361
13.9058
10.3689
4.65208
12.4889
6.16423
12.7194
10.0224
14.1106
12.8215
11.5683
14.0525
10.7535
14.0152
12.7236
9.04224
10.166
9.81532
8.06484
11.0828
11.1591
10.7586
14.6846
14.4621
9.63768
11.1118
13.3707
11.8927
11.5949
14.8582
11.325
6.74453
14.5549
14.0741
10.1554
9.43918
10.2652
8.77851
12.022
12.5311
9.68854
14.946
8.52931
8.37023
11.3636
14.8645
13.6765
12.5539
10.2405
10.5312
9.34746
6.06094
9.63329
12.058
8.21468
13.6208
13.3377
8.75748
9.83406
14.5527
6.20094
12.0819
6.76351
11.9983
9.27344
10.7946
12.7946
9.49305
11.8388
12.1637
13.6379
14.3268
8.83765
8.59092
12.0668
11.8305
11.6693
8.15151
13.2726
8.3089
6.17541
14.1383
8.58428
14.3102
13.9101
14.0979
12.9329
12.8157
14.9119
6.38488
9.85454
10.3651
8.77414
11.0472
14.7538
12.9371
13.4716
13.4627
14.2689
14.3721
14.1455
13.6398
6.9279
13.5162
14.658
9.9614
11.5322
14.2389
12.4308
11.382
12.6804
14.3626
10.5891
11.25
11.5883
9.42917
14.9597
14.3672
13.2685
12.2465
8.49031
14.9406
10.0622
13.5616
5.84705
5.48422
10.0563
14.9773
9.25658
14.4027
14.8862
14.1609
14.0842
10.3341
11.9242
10.374
11.7007
14.1718
14.2176
11.9691
7.39653
8.43681
11.0233
12.0826
6.1505
12.9188
14.3072
10.4479
10.2062
13.3649
7.53341
9.87165
11.9049
9.82739
6.28122
10.2383
6.1778
9.74429
14.802
6.81799
14.6606
10.2518
10.6398
12.2468
12.4543
10.1999
11.0285
11.2726
13.8222
12.0453
12.8253
9.86787
12.2206
12.8855
9.52281
8.7414
10.6692
7.49669
12.3804
13.4403
14.3652
12.3359
9.96887
13.9923
6.4267
10.9414
10.2432
14.9217
11.3792
14.8935
9.91066
11.7625
14.595
6.19231
14.4376
13.1584
13.8243
9.511
11.9412
8.36309
9.76106
12.852
13.1455
5.50187
10.3098
9.47184
9.88686
5.86666
12.5923
14.5842
9.82032
8.70328
11.8656
10.1845
13.7869
10.6253
13.266
8.99993
7.14745
14.6527
14.0468
8.18821
13.7002
14.4039
14.3936
9.74304
5.93708
12.5533
5.85139
13.6151
13.9487
14.6521
14.1438
13.6771
9.82664
12.5608
5.58357
8.87681
6.5255
14.8595
8.92652
13.1209
12.622
11.6982
12.9457
13.3406
13.133
9.27703
10.0409
11.7256
11.2414
8.46183
12.6458
13.6586
12.5538
9.36922
13.4099
14.3929
5.55148
12.9932
10.9963
7.40736
12.719
12.1872
13.9382
14.688
8.69253
11.9938
13.5957
8.78905
14.1625
10.4369
12.1815
14.7738
11.3146
14.5248
12.5391
9.13521
12.9591
10.4801
14.3231
12.2188
14.2368
8.41151
10.4437
14.7505
14.796
11.4436
10.3541
14.1453
13.5154
12.7649
14.1695
10.1098
13.8422
9.91986
11.9897
11.2582
13.1223
14.8175
12.9067
6.25882
11.1359
13.3937
12.762
14.6131
13.5964
8.43809
6.01705
6.83659
11.4066
8.4949
9.90472
9.71551
10.1427
8.691
10.0257
11.8615
10.6311
8.39301
5.72949
14.4094
9.19676
7.30019
13.7257
5.94814
13.3559
10.5282
9.31144
13.8542
11.0158
13.8691
11.4058
5.76712
12.2956
14.6712
5.57246
10.2733
11.5091
11.9099
10.8559
12.3796
5.6509
7.77254
9.37663
12.2855
12.5953
13.6808
9.2163
12.3872
12.5617
14.7342
14.1302
10.5168
14.841
13.744
12.5576
14.295
12.0333
14.6305
9.68077
12.4863
9.89451
11.4054
14.7891
12.0001
13.5201
11.6569
12.1929
10.0695
12.1024
11.8314
11.6216
11.6309
10.2524
10.6963
8.50618
9.80324
11.4486
9.45722
11.9625
12.8398
5.9469
11.6895
6.40458
10.7175
12.2417
14.1754
11.2171
14.8481
14.2501
11.1122
9.71448
14.1666
8.7881
14.4583
13.133
4.18114
9.82542
12.0047
10.2856
10.2393
6.18165
14.1218
11.1102
12.2864
6.61626
11.7679
12.8546
9.74226
12.1539
12.8546
14.424
10.6922
12.3521
13.1447
14.5867
12.4407
10.9868
9.86322
6.14086
14.3327
10.3147
13.2034
14.7759
14.6886
6.45238
9.0171
13.9516
12.4457
8.5133
12.7272
12.2008
14.8621
12.8944
11.3138
14.4592
14.1287
14.0491
13.8394
12.3045
10.1808
14.5984
8.53483
6.43378
10.3845
14.4784
12.7971
9.70636
12.7114
10.4843
7.1189
14.4387
8.58172
10.8126
13.1741
9.64595
11.3807
12.4674
14.2882
11.2132
11.0977
14.3027
8.45419
8.4996
10.5113
12.4146
10.6303
14.2332
6.054
10.5136
14.2379
12.7598
8.48709
9.90223
9.81678
10.2036
12.8893
14.0821
9.83715
6.01875
6.20838
8.4692
5.8168
12.7676
10.3564
8.71016
13.2255
13.231
12.5604
5.46698
6.12042
10.7033
9.19709
11.9733
12.3113
5.94804
12.5733
10.0607
8.87269
10.5878
10.1497
9.42859
14.458
9.873
14.6282
12.6494
8.82488
12.4398
8.51737
10.1921
8.9027
12.7608
10.0355
6.50585
6.66844
13.892
13.7961
8.58618
12.0238
11.0272
13.3872
9.53686
12.5426
12.1363
10.8032
4.95976
14.5552
13.1291
8.68746
14.1074
10.2986
13.091
8.66733
10.0317
12.5687
14.1247
13.7979
8.52848
14.2635
8.75953
13.0768
13.9397
14.4372
14.1046
12.1605
8.87921
12.815
6.25703
8.99672
8.7557
11.5055
5.96258
9.757
10.0478
6.71318
11.7908
13.8152
13.5319
8.69496
13.0259
12.8271
11.5978
5.18743
14.2275
8.26541
9.02016
9.7874
11.9879
13.1239
9.94806
9.67099
10.9383
14.2471
12.4641
14.7684
11.9228
14.927
6.21923
14.4133
10.0306
14.8504
14.0295
13.2663
7.72237
10.9062
7.92935
10.4161
13.2936
12.6269
10.3706
13.4886
9.93146
10.7525
12.376
14.6819
14.8323
9.2338
4.71631
12.1408
10.5549
14.1416
8.7984
9.83065
12.8374
12.7775
13.9482
8.73923
10.6689
12.335
6.50817
12.7896
13.9863
8.7071
14.7793
10.4654
14.0042
10.7235
11.3073
8.82555
8.97607
10.8093
13.7423
14.0575
14.1126
8.6972
13.211
12.6909
13.5118
11.4632
9.43757
14.9581
14.8004
8.52981
7.92048
11.5666
8.79778
12.6348
12.3324
14.1756
7.25179
13.3627
9.62409
10.8594
8.31617
8.5687
12.5759
5.81628
14.7407
10.0727
11.5546
9.01842
14.5178
7.69345
5.94785
6.10553
14.6376
9.6916
6.15083
8.40234
10.355
14.165
12.5891
9.83782
14.6357
5.33278
12.3517
9.76826
14.1414
12.5996
10.9578
14.6027
12.3409
6.44539
11.042
14.1298
10.2197
10.3409
14.0865
9.80745
9.72128
13.1632
14.4375
9.85303
7.94558
10.4228
9.8095
12.0007
12.8024
10.8725
12.4553
10.8099
12.5109
6.48513
10.5672
4.47583
8.60149
9.9103
9.31751
13.0627
10.5551
9.53347
12.7487
10.0717
6.27047
9.46866
12.5869
9.82819
6.69761
9.83577
12.6609
14.4546
14.4956
12.6633
14.9353
12.8446
10.5736
13.2134
6.82546
13.9492
14.4275
6.68355
11.4277
7.17374
9.24037
7.81507
12.0369
10.5511
13.5277
12.3831
9.2426
12.9623
12.4603
5.96686
14.5697
14.7726
9.73603
12.7473
7.33884
14.9184
9.97328
9.56639
14.0722
14.0991
11.0732
8.44768
12.6884
10.8451
14.1665
11.7344
11.7034
14.231
14.1624
13.2262
10.7097
10.5602
8.70521
8.75558
13.1869
12.9971
13.9297
14.1439
14.1269
8.34902
12.3141
11.0982
9.3454
14.3503
9.94495
9.21481
8.93205
11.7606
5.61305
14.2165
13.6284
12.0043
12.0593
11.5074
10.9265
9.64832
14.3807
10.3914
10.8011
12.3706
13.7154
12.8663
10.1811
11.829
14.9749
6.05616
8.73763
13.5825
10.8405
10.8913
10.4433
12.5566
14.3705
12.9488
4.576
13.4315
11.4117
11.4645
10.301
14.4627
7.13849
11.0188
14.2967
8.12954
12.5049
11.5342
10.3633
6.52715
10.9731
6.36802
14.6062
12.4893
14.8224
8.26231
10.3722
11.2164
12.8957
12.6341
10.4793
8.57264
8.64997
8.70084
11.5394
8.67657
13.8536
11.9844
13.7063
13.5111
8.75359
10.0629
11.7577
6.71954
8.97886
9.02832
5.88586
9.03662
11.7319
13.6912
8.40015
5.83879
12.0592
4.49902
7.93378
9.87854
11.6728
9.18675
6.88507
11.6344
14.6877
10.4624
11.8886
12.1627
9.2305
9.16749
8.82827
10.5682
13.5671
11.6334
12.2209
9.61943
13.0371
10.8222
8.51899
12.9992
12.8482
14.8781
9.07176
11.7343
9.28565
13.6675
10.3328
12.2859
11.9598
12.127
13.7302
8.18528
10.634
9.92331
9.83809
11.7836
11.1109
8.6033
11.8968
12.1852
14.3784
9.82467
5.94504
9.87328
10.2084
7.73785
10.838
9.2545
11.0101
12.5669
9.93278
10.3973
14.0764
9.20577
13.92
10.8183
14.5498
10.7618
10.9593
6.42105
11.9894
12.7531
12.8908
12.5483
5.04767
12.1593
11.189
13.1238
11.5471
9.96723
11.7993
8.64113
14.4611
12.0404
14.2927
12.4702
13.6919
7.05855
10.3552
11.3307
10.847
6.12692
12.69
14.5204
9.67764
14.0384
10.8911
11.8114
14.0318
13.7139
14.4815
13.1138
14.2478
14.9107
9.23059
13.9793
8.57411
12.6572
13.722
9.74998
4.93589
14.7652
12.3477
14.817
12.4261
11.6631
7.98248
12.278
9.86209
6.19208
12.339
9.86223
11.2918
10.8605
9.76297
8.67554
11.5414
14.057
8.86586
10.4502
5.92406
8.76077
10.2445
12.431
11.7215
6.95555
12.4193
10.6955
14.3404
13.0186
10.6276
12.2455
13.3272
12.8982
10.6106
6.44068
8.72193
11.0319
8.7055
14.1248
11.9857
12.0742
12.8326
9.48163
8.63411
12.7819
10.4774
13.0096
8.7164
10.5228
13.9904
8.77223
13.5869
10.2828
13.1163
11.6733
12.0796
11.5406
8.66417
13.1387
11.9269
11.8344
12.7649
9.64633
11.992
12.6587
14.6937
10.9786
12.688
13.7089
8.96444
12.1626
9.5801
14.8862
9.82588
13.2599
10.3205
8.85799
10.0843
10.6626
9.50062
10.9029
10.3947
10.364
8.43905
9.98671
7.21005
11.0771
9.91503
13.7077
8.75997
14.3531
8.63256
12.0498
11.6422
10.4303
6.11297
6.07587
14.2515
10.4303
12.2104
14.1633
8.78037
6.16119
6.38621
12.8717
10.126
12.2918
13.6213
12.8305
12.7463
10.3276
12.0716
14.0911
10.5366
14.2522
12.3827
13.4674
13.5536
10.2019
8.94601
14.3425
14.7674
14.8989
13.2753
13.2136
14.0689
8.6145
12.1376
12.6948
7.76683
14.8803
12.7583
10.7296
12.1773
13.6634
9.79281
14.8396
9.82098
11.7008
14.9063
12.4314
11.8473
10.4704
6.48966
11.0852
4.70175
13.1387
10.5355
11.7626
14.4908
14.4101
9.67774
9.56117
6.01225
11.6
7.18268
11.0729
10.8371
14.1454
10.1075
14.25
10.6709
13.0697
8.90533
13.5223
8.05597
14.466
10.885
9.05069
11.3423
7.29093
11.7806
5.78896
9.94571
13.9867
12.5473
8.71512
14.1587
13.7225
12.129
8.70659
14.0085
13.9699
7.31367
14.1496
9.92711
6.44836
11.4699
12.541
14.2095
13.5882
10.2357
14.5206
7.42824
12.6195
5.26176
12.9431
14.7556
4.99623
13.4726
6.95703
12.7843
13.1855
7.25201
9.99137
10.3663
9.90303
9.19085
11.3257
9.24248
14.3158
11.0453
11.2135
11.99
13.6666
9.90024
8.76324
4.9227
8.52602
10.1156
9.64962
11.9353
14.2958
7.88757
9.79556
14.5151
13.9388
13.9259
6.23429
12.6116
14.9434
5.66921
12.803
13.3351
13.0596
13.3128
5.71108
9.74676
12.3042
10.0556
11.4816
9.11198
14.5663
10.1594
6.76284
10.6802
9.67428
11.4055
5.15956
7.42595
9.39304
10.0252
14.8503
6.25775
10.9444
6.1141
9.86444
11.9721
10.0137
6.10152
13.1373
10.0616
7.48345
13.5777
14.9127
8.67874
10.3528
14.2143
10.4731
10.4684
12.0984
10.9329
9.19978
12.1095
11.393
12.323
9.83441
4.42916
13.9388
10.224
10.3462
13.8289
13.7039
12.0789
14.0517
13.6907
11.2337
14.5516
11.3446
5.56139
11.3551
11.1559
8.9071
12.9933
10.0504
13.8552
7.83478
12.7525
14.1519
8.6272
14.2807
14.8013
14.0122
11.4602
11.8402
8.53307
10.4864
10.567
13.0137
10.4274
12.1141
10.7897
7.92392
14.9241
9.87205
14.4717
11.0356
13.0986
6.32672
8.10273
6.62197
10.9055
10.6319
12.5296
13.1833
13.201
13.3073
8.37212
11.6312
14.4189
5.43431
9.98023
14.41
13.3233
9.89843
9.64361
9.72557
10.2667
9.18544
13.3733
10.4741
14.4598
8.61321
14.39
13.6615
11.2768
10.2616
11.7369
13.3901
11.4656
13.589
9.74409
11.7732
11.7565
14.5532
12.8044
14.342
6.57416
14.9039
13.0877
10.1934
14.1012
12.6676
13.303
12.3952
11.2272
9.18465
8.48841
12.833
14.7362
10.1906
13.3157
11.3921
10.6044
9.86033
10.6622
8.09434
5.53078
8.82821
10.4864
11.9544
10.2954
13.6301
12.9463
12.2414
10.7309
10.3841
6.69863
10.7565
9.8923
8.71948
10.019
8.65049
12.9073
6.10108
8.69578
14.9622
8.13297
10.7201
9.94192
14.3182
12.3723
14.6405
13.5506
6.17766
12.225
6.3271
14.6991
8.51626
10.7945
13.9984
14.9036
9.61228
11.5288
5.8169
6.15057
6.06167
9.34919
14.613
14.8833
13.1766
13.8079
11.1646
11.6343
10.2442
5.75109
12.9983
11.6066
13.9495
11.2833
12.1339
13.9144
11.8376
12.9973
12.5345
10.8155
6.67011
12.3683
10.1499
6.76171
13.9792
9.30721
6.83307
10.7911
10.783
6.1904
12.3498
10.0156
9.83636
14.3386
11.7976
14.1306
11.8026
11.6286
14.0266
13.2602
14.1938
7.0474
13.4258
10.9939
10.2911
13.2504
9.22906
11.1001
10.7819
14.393
6.18141
10.4774
10.4466
14.3075
8.65042
6.26409
14.131
10.2764
8.54222
8.4746
10.0242
12.8182
8.70045
10.4383
8.48803
11.2766
12.846
13.1797
11.5642
14.8021
8.56694
12.2403
12.6075
14.2586
9.97786
11.1561
10.7083
12.2891
10.975
9.87854
11.7491
13.851
8.4433
9.69459
12.0498
13.2222
9.22969
11.3382
14.9959
8.39149
8.54655
14.3636
10.8011
8.22843
5.76281
10.4575
11.2362
6.17066
8.36237
12.8861
10.0523
9.19139
9.81101
5.3843
13.6807
10.8389
13.1462
11.7826
13.2686
10.0374
4.76679
11.2369
11.1629
13.4144
9.50635
14.5723
14.1683
12.3408
12.4177
12.1718
9.63121
11.5936
14.4391
12.3895
13.6686
11.9994
5.78173
6.38458
10.8121
14.4469
10.578
13.4833
11.3261
13.7807
11.7589
14.5398
13.3373
8.37915
11.6884
12.2075
14.8701
12.3375
9.96924
13.7611
11.8959
11.7367
12.9048
11.6138
8.90083
12.914
14.2682
12.186
11.7747
12.7819
11.3605
14.7992
9.85249
6.17293
12.365
8.60026
10.7948
12.5757
14.3943
10.6368
12.5327
11.2283
9.65618
6.63494
8.76394
10.3354
14.4262
9.96974
8.93175
12.6697
14.1775
6.286
13.6999
13.497
13.382
12.5883
13.2744
13.3234
13.7883
14.0722
14.5381
14.6099
12.471
13.8166
14.8861
12.0556
10.788
6.66626
9.89571
9.63414
13.1436
13.4163
9.82854
13.9361
12.9628
12.7359
11.044
9.15442
9.7329
14.4491
14.7005
11.2148
13.9023
13.4104
14.1998
14.9623
9.16383
13.3869
9.75142
12.2992
12.9864
12.7869
11.4721
13.233
10.7687
9.12799
8.53918
4.6147
12.4959
14.7076
11.6763
13.4369
12.9073
14.1339
9.61428
11.6609
14.5194
13.5097
13.5387
13.9201
10.6363
10.2481
14.8688
13.6178
11.4324
8.70089
8.49472
12.2681
9.98091
14.94
10.6975
8.32185
6.33048
11.8917
10.1225
14.4256
14.2764
9.45522
14.0918
14.4886
12.5335
8.53216
10.5006
12.5455
13.7608
11.5102
6.28763
14.7842
12.7985
12.5355
11.7663
11.5033
12.2796
14.771
9.84593
14.304
13.607
12.4792
13.9686
10.0427
5.95912
8.66409
12.412
9.0559
10.617
6.577
10.3629
9.40286
10.9708
9.51491
11.9229
13.7001
14.7436
12.4631
8.50152
12.5756
9.35321
10.7106
9.89426
14.4374
13.9675
10.6845
14.2761
10.4036
9.66937
13.1424
11.7268
13.7674
11.794
12.7002
9.9747
8.92233
12.0765
13.2679
14.1676
14.2662
13.796
11.8376
12.4302
14.2943
11.0938
12.4894
11.98
8.619
13.7783
8.53278
9.56128
11.5459
14.8103
11.1156
9.94355
12.1559
14.192
13.9005
12.8568
14.1073
12.9153
6.18283
11.774
9.33871
10.7069
10.6471
14.6064
14.0131
11.0744
12.1716
8.40884
14.764
12.1812
14.9795
8.75308
8.55155
14.1671
14.5666
13.6643
13.835
8.35067
9.70357
6.05507
12.5885
9.19608
9.93055
8.73129
9.92914
10.3781
14.1145
11.5411
12.0336
11.3889
12.926
14.1529
9.98209
14.2908
9.94275
14.0056
13.9029
10.262
14.4507
6.28197
6.02419
10.1794
8.70266
12.9939
11.0094
8.79942
14.1107
10.3463
10.6773
14.8942
11.2871
8.11221
14.1425
8.60534
12.2348
10.608
10.8403
7.17602
12.3588
14.4534
10.5758
14.3057
12.4114
10.8411
6.02638
8.47817
9.78085
10.9377
12.5798
11.5014
9.78232
9.97492
8.44746
10.0121
12.9273
14.443
10.289
7.52203
12.0082
10.7834
9.52477
14.7053
10.0159
14.1279
9.82561
6.37172
9.48792
14.4852
13.0303
13.828
6.70394
12.2832
12.2804
12.4106
14.1868
13.3828
11.6728
14.2413
12.2175
8.39375
12.0084
10.7477
12.0561
13.6574
13.8443
8.73308
6.19658
9.22815
14.2406
9.69311
13.6615
14.2131
12.8563
14.732
10.8195
13.42
12.8223
12.2989
8.47634
13.3999
10.9689
13.4033
14.2849
14.0469
6.82001
9.74701
5.62852
9.59703
9.45786
5.88288
14.2658
6.25452
9.92529
12.2777
14.0316
7.41924
8.87285
11.4619
11.5693
13.8968
12.6353
10.9119
13.9578
10.4346
6.22882
14.4015
10.0401
6.38858
11.4275
8.81436
12.149
9.65766
10.7675
9.52723
9.06796
11.0957
13.3957
13.2915
10.1907
12.2598
9.31522
12.9871
12.0853
8.48892
14.5504
13.4452
6.08301
14.2055
8.5537
8.56785
14.4144
12.2948
11.685
6.04852
11.8976
14.0374
8.69743
8.58992
11.8192
13.4426
11.6158
12.5217
11.133
11.4134
8.45759
12.2599
6.43301
10.913
12.5563
12.1748
10.2699
14.461
11.4295
14.9588
8.79945
13.8689
11.2863
6.63008
12.2806
13.4543
7.86683
6.47739
10.6
8.2837
14.4219
14.2515
11.4422
9.9107
6.20657
9.86051
13.4608
12.0327
11.4693
9.88035
14.5711
14.5639
9.72743
9.9416
11.0334
10.3311
12.0985
6.05029
8.54829
8.56843
5.8671
6.5429
10.6024
10.7964
13.514
13.1974
6.42241
14.3519
4.97708
9.5028
10.2576
7.84595
11.8102
5.88115
8.5726
12.5165
10.3696
11.8293
11.5974
9.63579
9.89274
12.0878
10.1138
11.1219
6.64286
9.36115
8.12615
9.75904
12.2905
12.9839
12.6436
11.3827
14.4033
10.6515
13.5144
12.3288
10.0267
14.3565
13.2164
10.8897
5.90661
14.082
14.5859
11.0306
9.36584
10.0216
12.8913
11.4445
7.77174
14.7445
12.2775
10.8077
14.3681
9.50835
12.1904
9.27278
5.54465
7.29369
10.5291
14.2688
14.3366
14.3263
13.7926
6.21805
13.3288
6.47694
9.43908
14.6961
12.5066
5.68703
11.1148
11.2727
10.3418
11.6102
13.8519
11.171
6.43746
12.2454
13.3163
13.0066
13.0078
13.9274
14.1301
9.71185
12.5997
14.3151
12.0451
14.17
10.2151
12.4827
14.9941
9.27958
12.1461
11.282
8.77104
13.99
8.8369
9.9011
11.7123
11.077
9.81842
12.7557
13.8679
10.4827
6.19489
12.8533
9.06494
5.8862
14.5083
6.14373
6.19339
13.6187
6.6174
10.8823
14.0785
14.8944
13.7031
14.1943
8.77958
14.1828
12.4266
9.34574
6.93119
11.6839
13.9152
8.87052
5.89093
13.9258
10.2018
9.90043
14.5097
12.6924
8.60516
10.8934
10.5551
8.65445
12.9592
12.2344
10.2719
14.2905
9.0287
13.6119
12.4461
6.08064
10.2287
12.2981
8.74948
9.5595
11.6994
11.1274
14.9465
14.9176
13.1973
11.4612
10.1728
9.90243
8.68187
13.2958
9.85885
8.67934
13.4197
14.5576
5.03694
10.0415
11.8141
12.1798
6.78146
13.4867
14.0083
14.1413
10.2637
9.61647
11.8939
9.69885
8.73421
13.7518
12.0748
10.9771
13.9844
11.3975
14.7342
12.1801
8.58211
12.0067
8.98638
12.6146
10.4206
14.2472
11.5297
10.0371
13.2698
13.4633
12.4886
13.6121
8.67232
5.04004
9.2185
10.6185
12.6649
8.66661
9.17449
7.0456
13.9154
10.2751
14.4121
10.9087
14.5176
10.3875
8.56084
14.9102
14.0862
10.9595
8.45754
9.25227
12.6905
10.6437
14.2782
10.4986
9.92318
10.2092
14.8015
7.08534
12.3471
14.9188
12.6258
11.7538
11.1603
10.6997
13.3041
12.7442
9.71967
14.5802
10.4446
5.68049
12.5623
14.3562
6.29303
13.4866
10.965
9.64724
11.6858
11.3668
9.14985
13.8883
9.3865
11.2971
9.47648
9.88668
12.2253
9.49434
14.6187
13.5049
11.6341
14.7507
10.9096
10.1324
6.60401
6.08979
10.9371
9.77068
14.7521
11.7799
8.77911
9.4145
12.1002
13.9349
8.7502
5.35722
14.9877
13.3749
14.2694
12.234
12.1052
9.38636
11.4017
8.80744
12.2618
12.5031
10.7877
14.1729
14.9418
6.00758
9.81128
12.3706
9.10639
13.5648
7.85332
14.3427
13.9148
11.2856
11.8202
10.4263
10.1958
12.7212
10.1613
13.0853
10.2517
11.5688
11.2882
8.46692
12.7843
13.1801
7.9447
9.91905
5.18861
8.75258
11.2087
13.9295
14.2201
9.63809
12.7254
10.0275
11.6242
11.9852
12.3544
9.37197
5.88562
12.6097
14.8643
11.0702
9.30835
9.99022
10.5835
11.829
10.9237
7.79918
11.0253
10.6854
9.97872
9.10379
14.4078
12.0579
5.0587
10.8063
9.55749
11.94
14.4323
11.239
12.5035
9.35267
12.8091
14.4403
14.7126
8.5128
9.89429
12.4233
6.02097
13.728
14.1331
13.2939
7.14565
14.4621
10.9158
6.19678
10.1723
11.0726
9.04795
8.58198
9.84412
12.7572
14.1548
14.6539
6.32111
14.6134
11.9595
5.55025
14.2018
12.2814
14.1786
8.96011
12.4149
10.2478
9.68913
14.1017
11.2319
14.2087
12.0419
11.1557
8.23785
8.56905
10.1148
9.57263
11.3487
8.23054
8.48658
11.206
14.4594
9.96405
12.3485
10.0107
14.5251
11.0166
12.0927
9.90338
8.6865
9.78548
7.26758
7.99777
8.59037
14.2325
10.4198
9.82634
9.27344
11.1564
6.18141
12.8496
7.1494
12.0365
8.6313
11.3522
9.87689
14.954
14.8187
4.6894
13.9642
12.2225
14.3639
13.6782
13.3228
14.0097
11.756
10.2985
14.5154
7.32413
12.3096
6.66283
10.3075
10.7406
10.1429
14.668
10.7577
9.43889
11.6031
5.50323
11.4977
9.78442
8.80667
11.0205
11.377
12.7408
8.54993
10.0687
14.0106
6.31175
10.5112
10.521
9.9056
8.67399
11.1117
13.4287
13.1813
13.3489
14.2502
10.2605
14.3939
13.45
13.1294
7.958
10.7842
10.4075
9.9654
6.14462
8.22349
13.681
11.6477
11.0953
12.0749
12.8057
10.1361
12.8426
14.9306
14.0406
14.4218
12.3616
8.45584
11.125
10.7075
12.7203
10.3604
7.25335
4.71687
11.8055
10.5588
13.7139
12.4529
9.78523
10.9982
14.3834
11.8203
9.22322
13.731
10.7115
10.2444
8.92973
11.0329
8.32321
11.4472
11.2852
10.8763
14.0644
14.7595
13.9278
13.0151
13.2997
7.33001
9.10745
13.6189
11.1628
12.3262
10.9771
10.8969
9.21585
10.9101
13.8188
5.57427
10.819
12.1252
11.4788
13.5539
14.4599
7.0842
9.8162
10.6198
13.4831
10.3361
7.59498
11.6001
6.98556
9.80553
14.7625
9.58775
12.8972
14.1242
10.4585
11.7475
13.966
5.96418
6.21031
14.4203
9.8285
8.42668
12.9063
13.5303
13.665
5.0932
10.7412
12.4978
5.73053
6.0947
7.9702
11.062
8.34774
10.4325
9.75481
8.54069
8.7984
12.8386
11.7752
11.3161
9.95975
12.5167
6.28319
12.7141
12.021
10.8818
11.7087
9.89135
10.9634
12.321
11.5481
14.1753
8.24776
14.8403
12.7295
10.3464
8.56925
9.9816
6.67476
12.8893
5.96484
10.6906
10.0178
5.56847
10.7533
9.85926
14.1705
8.55413
8.57333
12.1034
12.6567
14.556
11.1873
10.9148
8.00611
12.3508
9.44954
12.8402
12.5755
8.40268
6.12043
9.95432
9.52075
11.1694
13.1082
11.4575
12.081
8.12623
10.0899
6.85351
14.4647
10.3254
12.1465
11.7163
14.9692
12.0833
13.9487
8.879
11.7696
7.60185
11.1978
12.9248
12.3143
13.7832
14.8401
13.9956
13.6391
10.7965
10.5358
14.1575
9.93167
14.2686
13.7459
14.4073
14.6206
9.96951
12.7603
13.2226
11.112
10.8364
9.47631
10.5187
14.4272
12.0583
14.1835
8.75009
5.47979
8.73442
10.5384
8.57947
11.7415
10.529
8.67132
12.3719
8.55084
9.6204
6.25346
6.16067
6.04516
13.5862
10.9359
10.4673
14.7765
12.9275
12.253
12.0526
8.65366
12.5372
12.2243
8.53583
9.83784
12.1659
13.5916
11.5089
7.31479
14.4285
8.43162
14.3153
9.93928
8.53981
14.5252
14.3381
6.2926
10.2659
6.66869
6.97368
14.944
7.47542
5.53863
14.4662
13.7777
9.10658
14.3578
14.6715
12.6601
9.98689
5.64231
13.5726
11.9058
7.28625
13.0872
13.714
14.266
10.5257
14.9769
10.1031
13.7552
11.9942
8.89097
10.8654
10.7114
14.0134
12.4057
8.66674
12.2183
14.9304
10.898
12.6452
7.72739
14.8486
11.4666
12.2566
9.51417
13.9268
11.5971
13.59
12.7758
9.666
14.2362
11.3069
13.8725
12.5883
14.2872
8.94971
14.3721
10.4557
13.032
5.94791
9.96335
10.3666
11.4917
13.2125
13.7073
10.0781
13.7592
14.6459
13.4889
14.2622
6.27065
10.2305
10.262
11.0403
10.1168
12.6393
6.31459
12.3131
12.3095
10.0387
13.925
6.88602
12.4463
10.3731
8.19269
11.7052
14.581
10.8005
10.0972
13.0125
6.68251
10.0758
10.0739
9.88033
10.4658
14.7417
10.0902
13.6604
11.4109
13.1968
12.5513
4.15741
13.171
9.367
13.3467
11.8891
11.0668
13.6599
10.0774
13.3614
8.83026
14.3119
14.7675
12.7497
10.9432
14.0555
11.1921
14.7515
13.7909
10.8942
6.48734
11.5226
10.4591
14.974
4.60415
13.8363
12.571
11.3221
5.37111
12.2125
11.2443
14.4521
11.2744
12.2957
12.1812
13.8743
14.4246
14.5077
12.9023
13.37
9.20529
7.33372
14.123
5.90925
9.38214
11.1415
9.78451
6.08555
13.2756
10.3551
9.45596
12.4923
9.99494
11.7368
12.0248
10.2388
8.05332
10.115
9.23341
9.68925
12.1865
13.5397
11.487
12.5857
5.71214
9.00463
10.4416
11.1857
9.4805
12.56
6.20154
13.7098
13.8621
9.3454
13.9232
10.3933
7.80637
10.3086
13.103
12.8565
10.3594
14.1133
13.1083
9.19526
12.869
8.42649
14.8281
10.8767
10.7999
11.7859
7.29717
14.0189
10.4458
4.8593
6.48951
14.165
12.8707
14.2018
7.14667
9.97298
13.1568
8.68792
9.22584
6.84502
12.8015
9.66611
11.0595
10.1513
12.6024
9.45917
11.8254
12.3161
12.3893
5.97731
13.7555
6.99543
13.8126
10.1279
8.41773
9.8508
4.52801
10.5667
14.0549
8.95008
5.8475
13.4715
14.4137
11.4994
14.1468
10.4661
9.95314
6.45977
13.2995
14.7514
8.34978
12.8618
12.3294
10.9182
8.83159
11.7075
14.8596
11.3243
9.82692
12.3701
13.4853
14.0618
14.2707
12.1377
10.8341
12.0005
11.8858
10.0306
9.02235
10.2528
12.7694
12.7505
10.4299
10.4441
11.7957
13.8107
10.6893
11.9134
9.24866
10.2724
14.093
10.7959
12.5817
6.3883
14.3982
13.2298
10.7535
11.0216
13.014
6.38264
13.5272
9.814
10.667
8.06553
9.77085
12.3774
7.60043
13.3655
14.0387
9.43919
13.9609
13.0674
10.3589
9.44226
9.55822
9.93081
10.4708
13.7506
8.55863
14.3939
6.48653
13.1453
6.30933
8.79903
8.83576
6.39388
11.2168
6.80129
7.9762
12.8377
8.3231
11.9976
13.4125
8.7127
8.57897
9.212
14.7666
9.95388
13.6894
13.8283
14.8994
14.693
9.40448
10.9801
8.76608
9.40141
9.92042
13.9076
10.5854
10.0208
11.8803
10.9032
14.2495
5.95726
12.3631
8.25678
6.15733
9.77915
10.9301
6.4408
10.4316
12.8866
8.70571
8.74333
5.61273
11.3863
13.6113
12.2179
11.7724
10.4506
14.5493
14.5901
10.0545
12.025
12.682
7.24434
11.9265
12.8792
8.72293
12.4615
10.9039
13.783
13.1303
12.395
13.5916
14.7998
4.68232
5.9391
9.74962
11.6408
13.3826
8.63426
9.73615
10.3081
10.5551
6.11622
14.5424
12.2845
10.5031
14.4168
14.9978
12.7187
14.1042
9.65818
14.6884
6.35073
8.70833
12.2687
14.2099
8.72564
14.1474
13.3924
14.5985
12.1983
6.35289
9.20898
9.77193
8.71238
12.4088
11.1848
10.8057
10.4477
8.42416
10.636
11.7917
9.84178
10.0992
13.8591
13.5326
11.4337
13.3878
11.7288
11.07
11.6076
10.8169
10.6718
12.8265
9.86277
12.2365
10.8171
8.51935
6.24414
8.73257
13.1453
6.38209
13.9211
13.5647
7.56418
12.0077
14.7438
11.8683
8.95159
12.2367
11.1719
5.48673
9.26225
13.787
7.54853
12.8991
13.3395
12.9104
10.767
12.0274
11.4534
11.57
12.0312
8.62906
5.98016
6.87374
9.87034
8.52946
10.2492
9.64967
13.1778
7.97045
14.6215
6.13595
9.24035
9.25804
10.8862
13.0333
12.5812
9.20364
7.37595
8.17146
5.51997
11.0219
9.9584
6.5577
12.275
12.7328
9.61622
8.10658
9.65935
7.52512
10.3525
10.4455
13.1812
13.0383
14.7776
13.731
14.0797
3.80462
10.4004
11.2935
7.78057
12.6724
8.57136
7.88031
14.465
10.3532
7.77583
13.0352
13.7164
10.0752
13.1329
12.7694
12.2184
14.1998
8.65276
10.4618
8.5969
6.18299
6.10314
8.57126
8.9438
10.8383
5.18264
10.5065
11.0094
13.3927
11.9571
14.2006
11.5697
14.6107
12.7471
11.7545
6.20276
14.8523
5.18803
6.11009
12.1088
12.7413
6.2254
14.3462
6.57088
14.5548
14.1647
11.2002
13.6967
12.7668
7.51161
12.4017
13.6932
12.3371
14.779
11.9744
13.5618
12.3184
14.3897
9.93427
9.95964
12.2902
11.313
6.31969
12.7978
13.1024
14.2328
6.13952
5.76106
7.65762
11.5493
8.04
11.9947
11.53
11.8046
5.56911
13.4905
14.0736
13.5474
8.50634
12.7146
6.37565
14.9141
12.2445
8.04077
12.5848
8.70518
14.0819
12.5472
12.2554
6.87203
14.3046
9.69304
11.871
14.2965
12.0046
9.4107
9.00628
12.1096
10.9287
11.4476
14.6695
8.38689
9.77631
10.2748
9.75628
8.21912
9.51097
10.0185
10.6638
12.1171
12.8098
12.0836
12.6419
11.2214
13.9346
14.6642
11.1796
5.21559
10.5807
13.4203
13.1003
14.2769
5.7887
12.4724
10.3442
12.1884
14.9183
11.104
10.6808
8.91254
14.4966
9.8969
14.046
14.2128
10.7724
9.73794
8.89304
14.5046
14.6226
8.48293
12.5817
10.1114
14.5327
10.8135
14.798
10.2635
9.81569
13.1029
11.5684
9.26526
8.99928
12.6897
12.9392
11.9449
13.4617
8.80315
6.23717
10.2654
13.6836
13.1571
6.20639
9.94405
9.29447
13.3214
8.78974
14.4993
11.4909
13.1694
10.8252
5.46361
14.5237
13.7948
8.73696
12.1455
12.3676
14.7904
8.79477
14.8351
11.7568
5.12706
10.941
10.7945
12.1807
13.2769
12.3339
13.5895
6.26483
9.56331
5.20343
10.1105
10.4024
8.52006
12.6857
10.5921
11.9948
12.1117
9.57409
14.2549
12.3547
10.6854
12.2164
12.3237
13.7381
14.1912
8.82003
12.3551
14.3728
13.1764
6.11928
8.74524
13.3303
12.3598
14.5862
13.7823
12.8233
12.9627
8.35962
6.06896
8.59862
12.3657
14.7683
8.40199
12.8667
9.75278
12.5132
13.4968
10.9207
9.74931
12.2347
12.0747
14.8134
8.61755
7.74813
5.42336
12.5089
14.2323
13.9364
11.3855
11.4398
8.75411
7.24405
9.77975
8.53629
6.45866
10.8117
8.71252
14.1792
9.80084
10.6849
11.8544
10.3298
12.4227
11.1905
10.8579
13.8386
8.30777
9.93272
10.4161
14.6647
10.2767
12.8315
13.9673
11.2157
12.5638
5.95272
6.37977
10.5481
11.5654
12.9294
8.82564
9.82962
11.5706
6.23608
6.48393
10.4145
9.94084
10.8392
9.79207
6.50599
14.2596
10.389
11.6281
10.5408
10.3162
12.872
14.7022
13.053
12.803
14.2286
9.94971
10.8202
14.5608
12.709
6.4262
8.68493
7.69987
12.9845
13.1319
8.60855
10.3083
8.44435
11.701
14.2168
10.9224
12.5123
14.2804
9.50547
10.1374
10.4355
12.7016
12.5996
8.722
9.32438
11.1421
14.8595
10.0496
14.3884
12.5734
12.2105
14.1688
11.6771
12.4366
12.5033
14.0396
9.38212
10.6403
14.3849
11.4038
9.88499
10.288
10.0988
6.3327
8.86725
13.5824
12.6035
12.7898
12.5438
8.71819
10.6957
5.40029
8.42997
10.8011
13.0445
14.8395
13.0343
13.9791
8.64448
13.3502
12.3963
13.8561
13.9271
12.9369
11.9074
10.8259
8.42574
5.4224
10.6293
8.59042
4.76064
11.298
12.5767
12.8276
12.7322
13.1246
8.84849
10.4182
14.6223
13.2216
13.2809
9.97442
14.4946
7.47324
9.98736
14.6932
13.6914
10.7363
12.8967
12.4323
8.59815
12.7732
14.368
5.13682
8.33451
7.92155
13.0523
13.2048
9.80194
14.2461
12.3449
13.8487
4.65992
9.28973
11.4811
5.38709
14.3905
14.6428
10.1917
8.68314
9.86044
14.4031
8.68553
10.3695
10.146
5.86076
12.7026
12.0286
12.4957
10.2743
12.8014
10.7924
10.2791
14.5531
10.0812
12.3436
14.0972
7.72479
11.9623
12.4787
8.25107
13.1502
14.1968
14.9121
14.9304
11.6148
10.0393
10.4065
10.2522
7.81665
7.85752
10.9729
7.74473
8.42844
14.0922
9.60105
11.0814
8.51565
13.4176
10.851
14.335
13.74
9.8935
14.6257
14.9279
13.0439
8.66053
14.5938
4.87325
10.1768
5.36136
6.24079
13.8172
12.1154
8.73987
11.0652
14.3377
6.17179
9.99131
9.27356
13.6544
10.7317
13.8749
13.7893
13.8151
11.1009
13.5617
12.2479
7.34402
9.86915
10.6258
13.8976
10.0652
8.95559
9.52362
14.5099
10.2075
13.001
7.70235
10.71
14.031
10.5649
5.5189
13.6788
14.2572
14.3937
7.68961
5.29676
10.3278
9.96387
10.6987
12.06
14.4385
5.8306
14.3015
6.07427
13.2326
7.69436
10.0616
14.1669
12.2621
6.51893
10.2639
14.8755
11.5701
7.91369
11.482
11.9104
7.57224
9.90144
12.2735
12.3472
8.56086
6.06296
6.29605
9.50746
7.84036
10.12
11.8701
12.9603
9.25679
9.08144
6.29536
13.6968
12.6894
13.0478
14.8393
14.1713
13.2213
9.36768
10.3648
7.40592
14.7132
8.22866
8.4979
5.56593
13.2488
8.56047
10.2233
11.3844
8.89225
10.8249
6.85173
12.2928
12.8251
14.2865
10.367
12.2584
10.544
11.9543
8.45886
8.31638
6.52699
12.8495
6.71639
11.1157
12.4736
11.461
13.151
13.3919
14.4016
14.2781
12.3221
8.97749
13.5371
13.9353
6.87109
12.5111
12.4133
10.4966
9.55463
12.9466
11.8447
10.4216
12.8133
12.2939
11.6755
14.2519
12.501
14.8557
13.9275
11.9158
9.93431
10.8263
14.632
11.4171
14.0451
12.2819
12.235
8.77907
11.5024
9.77983
12.3361
12.4982
14.2606
14.7418
10.9501
11.0364
13.2685
10.9202
10.511
13.0634
14.1508
9.82995
14.9224
10.1339
12.5681
9.87174
13.1839
12.4649
11.9019
10.2975
11.1691
7.88802
12.3728
8.78129
9.8138
12.8584
8.29836
12.8839
9.30805
12.576
14.7906
9.65626
8.79264
14.7655
12.4088
14.3637
14.524
10.134
13.668
8.08378
11.3742
10.6075
10.1222
13.9075
11.8421
11.9429
10.404
7.67737
8.48543
13.8078
11.1733
11.2313
9.67987
11.7869
11.9664
13.0461
10.1017
9.94817
8.72477
8.64761
12.3445
