12.8553
11.3047
9.39439
14.9974
12.389
10.6315
13.1619
13.2299
12.6467
14.5692
6.34184
14.1959
14.8736
7.37273
14.6633
8.01159
11.909
10.1022
12.9231
11.6733
11.2282
10.7537
14.6015
13.2785
11.154
12.4896
11.7252
10.6653
14.8218
14.168
14.7305
13.1394
11.5421
14.5267
13.7892
13.2256
9.14936
7.42317
6.43737
13.8797
14.8613
12.2644
13.6085
6.99032
9.61571
12.4317
13.9897
11.346
6.01499
4.57342
4.34933
8.87802
14.9322
10.5056
13.8688
10.3195
10.2725
14.4396
7.22575
11.5379
14.3073
14.0174
8.2116
8.95601
12.8123
14.5852
11.0541
12.9873
10.5602
12.7545
9.14856
9.92032
12.1266
13.8465
12.4392
6.12296
11.8856
9.548
8.63738
10.5899
12.9531
8.78832
11.1321
12.0353
9.38914
11.6944
14.3109
12.7443
14.4998
11.5152
12.2148
8.79369
10.0707
11.0562
12.4168
12.6528
13.4379
12.8405
10.3977
10.2683
10.1383
5.55785
10.8187
10.0009
12.4083
13.5581
14.5207
10.5571
12.0856
12.1671
9.42515
11.6478
11.6319
11.5036
14.8092
11.3811
14.0066
11.0556
10.2485
14.2795
8.71579
12.0101
9.86158
12.6241
11.1451
13.2153
11.0385
14.6629
6.83887
12.1605
14.722
11.8052
14.2884
12.8702
12.8453
14.7932
14.085
13.9093
12.6008
11.1858
9.2517
11.6867
12.6789
7.59846
11.6037
14.516
12.3413
14.5424
12.9139
13.4041
5.8466
13.4206
14.5302
11.6764
12.7561
10.9308
14.3041
14.8958
11.5595
5.79834
9.65313
10.2495
11.9837
11.5811
8.20888
11.6693
13.843
13.841
10.7715
10.0868
10.9083
8.32456
11.6588
14.4737
13.459
12.6058
12.5968
14.4085
14.3914
11.9171
9.88412
12.9623
10.0848
14.4455
10.5094
13.2282
7.97741
10.6117
12.9816
8.22091
10.0257
13.1199
11.6806
10.6737
5.72184
13.6852
13.4976
14.6145
13.0192
13.4289
12.0252
11.4543
6.08056
13.2727
8.81393
13.776
12.4547
10.1921
5.24747
10.0832
11.3779
8.06774
13.0265
6.19261
14.7738
12.4224
11.5109
14.8767
7.79399
10.9491
10.5391
11.4558
8.68936
12.3058
12.6379
13.6599
9.34688
9.00598
9.92107
7.64191
13.8907
10.3631
14.4092
12.9525
10.7608
14.0444
11.8383
10.6433
5.9379
11.967
12.3802
12.7616
6.46122
12.7196
13.0063
13.8639
10.1972
9.55156
9.59225
12.6356
14.8003
5.77851
8.6541
12.1891
11.1563
12.7901
14.5161
14.0952
6.15756
8.72242
10.5358
13.9069
9.87026
12.3305
14.538
9.03651
12.8283
10.6844
10.444
8.92119
13.8997
9.35122
6.8536
12.3154
8.89994
9.18461
14.5512
13.8665
8.09751
9.58038
6.8476
7.8492
9.54641
13.0684
6.63214
11.9146
12.6806
13.6098
11.4726
8.27871
12.8509
12.6616
10.1142
13.9391
12.7132
13.5055
13.3228
9.25419
13.9607
13.4855
10.2382
14.1165
11.6154
8.52643
13.9336
11.0789
13.0507
11.9674
12.1851
13.6117
9.83562
14.7439
12.558
9.30911
5.46242
14.8234
14.7367
13.7498
10.5687
11.6915
7.02065
10.897
12.8568
9.80156
10.6374
13.4066
10.1292
13.3759
11.3611
12.6639
10.4413
7.23139
14.3066
10.5779
11.6297
11.8039
8.88781
12.2635
4.29644
12.3054
7.08941
13.6169
14.1128
10.2335
9.62645
10.3179
10.4108
6.36347
10.8568
8.96502
13.1684
11.8101
8.64863
11.4406
6.10077
13.3145
7.818
14.9033
14.4342
13.987
13.7768
8.44907
12.2658
9.79057
14.2468
8.66036
10.9976
13.2019
9.97552
6.18583
12.9668
8.16599
14.3244
10.6905
10.4439
12.4542
14.9061
13.4045
10.4534
10.7243
8.68728
9.54615
11.8271
13.4195
11.6285
12.4627
12.5948
14.1024
9.95085
13.6117
11.1957
13.5848
9.57891
10.5457
11.5634
14.8953
12.1531
12.6968
10.9234
14.9298
9.64281
12.3905
14.126
10.9254
11.0601
12.7896
11.3572
13.2043
13.222
14.482
10.634
12.3419
9.44462
14.7251
12.5018
8.7242
12.9524
11.4037
12.9124
10.1422
12.349
12.5885
8.58855
13.5645
14.7403
11.6507
8.78218
12.7732
11.8906
8.24589
5.30835
13.2381
10.1738
5.96796
13.1601
13.1144
9.92196
8.28244
10.1585
11.2421
12.2404
10.1158
12.0537
5.48752
8.35048
8.64438
8.37991
10.2022
9.74384
12.1029
10.3912
12.539
9.37663
12.3491
14.6638
12.8179
13.869
12.9549
10.7673
9.34223
10.5685
10.2001
14.9372
13.7916
14.2615
10.8928
12.1256
14.1279
11.907
13.5956
10.0652
14.1147
5.87839
5.93481
9.82096
5.90662
14.7166
12.0248
10.1634
9.48342
14.2395
11.3993
10.4458
5.24424
8.75835
14.0658
12.6353
14.7369
12.7641
14.2727
10.6525
14.9164
12.692
13.6076
7.17725
13.0296
14.4038
11.4985
6.20513
4.14302
11.9704
11.7785
9.634
7.74807
11.7001
14.3508
13.3021
13.9636
11.3412
13.8279
9.5048
8.18575
13.2236
10.0783
9.49293
10.8337
12.0223
12.876
13.6484
11.1668
9.79088
10.653
10.4462
12.3566
7.64226
12.8837
9.93214
6.70126
14.3212
8.56232
14.9482
9.78189
14.9324
13.1751
10.2522
10.2506
10.467
13.9954
6.37698
8.67487
13.178
9.22897
14.1232
10.192
6.55975
12.5793
5.34383
11.1082
11.5081
10.2338
13.8908
12.3498
4.40903
12.9903
14.2527
14.2239
10.3387
14.5628
14.6877
13.5912
6.64963
9.63983
13.2737
10.7825
13.4548
10.3355
13.0628
6.63172
11.7518
12.3043
12.0563
12.0019
11.7209
7.93875
11.1014
12.7113
8.95211
12.835
13.8963
12.5583
14.0009
14.484
14.9782
14.7019
11.615
14.4264
14.3428
12.5422
9.12536
11.6713
13.6427
14.0928
14.942
13.7887
6.54353
13.1312
8.27556
12.1672
13.5506
13.1037
13.2091
11.3546
6.31807
10.5011
9.90199
13.3656
7.42651
10.8021
12.3182
10.9988
10.0254
14.3474
14.9528
7.39982
12.8581
11.2189
13.3644
10.615
11.0321
6.31427
12.4683
8.46729
12.1157
9.75596
12.3399
5.96981
11.6854
8.93383
12.4419
14.5739
8.25481
12.8366
10.7286
14.4071
6.30185
12.3345
8.28696
13.5564
14.3994
8.56679
13.2193
9.85315
13.3828
14.7944
9.44501
12.9409
12.6992
12.5225
9.35399
12.9122
10.9481
11.8697
14.4283
10.6175
9.47702
14.0691
13.8504
14.5347
14.2385
9.55484
13.1824
6.75243
10.5017
14.0393
10.6938
13.8885
9.69321
8.79973
7.52665
5.6218
12.9073
8.87644
14.4079
14.3522
14.8042
14.4146
13.5206
12.7783
10.4833
11.0068
12.2729
13.3819
14.2951
10.3019
12.5924
12.7271
13.5389
11.8391
14.6823
9.92546
10.7421
6.29237
12.3851
13.7216
9.36467
12.9851
11.1672
14.5476
14.8571
13.8016
12.3427
10.0907
6.115
11.5546
5.75622
14.4865
13.8593
11.6133
8.38924
6.20392
10.1841
9.87282
8.10981
6.58733
8.62901
8.26667
9.42762
14.4786
13.5559
6.66895
11.8375
5.45351
14.1848
13.9124
9.42297
8.17277
9.90824
14.5961
14.4981
10.5445
10.8178
13.8798
14.2239
10.452
6.9717
13.9146
7.70163
13.8828
14.1859
11.8804
12.4677
10.4849
12.081
9.55394
10.667
10.4369
8.6698
12.1582
11.2011
9.29823
8.33984
14.6541
10.2243
7.5628
10.6157
13.854
10.1538
10.866
9.88925
6.94061
13.1789
14.9158
9.21325
8.57053
12.3383
14.8505
14.0273
13.9165
9.93451
12.1357
9.47195
9.9237
8.98737
11.8759
14.1964
11.1528
11.7216
9.46948
10.3838
10.1715
6.06102
8.62008
14.2491
14.0242
11.3843
14.9509
12.9243
6.77571
8.46906
6.9326
14.2532
12.126
9.57077
8.01854
9.10067
5.60542
11.2986
11.0035
11.8102
14.7741
5.2538
12.8198
10.526
13.1151
12.6771
6.61305
9.24643
13.2653
13.7022
11.3782
5.84162
10.0117
10.2987
4.50657
9.43126
11.3648
12.1393
4.36261
5.28729
12.2895
9.88878
14.6941
14.4142
14.0956
10.6607
10.4697
12.1622
9.12016
14.3851
8.42227
13.6127
8.82309
6.97927
9.04641
13.5565
11.1662
11.1867
13.3906
14.5013
9.43444
12.1384
9.17644
12.5022
12.7421
12.3835
14.2794
14.9175
6.42295
11.1793
12.3174
10.3256
14.71
10.9726
11.1776
9.64005
14.8484
6.86381
12.4072
10.0758
6.46078
13.0988
9.94837
12.5842
12.6308
9.67708
14.3765
7.91587
14.4933
9.49931
10.1134
5.69042
14.9562
11.9157
10.3518
10.2762
7.78242
10.7912
14.2906
11.1442
8.71892
12.0138
8.82769
11.895
10.8531
11.012
7.73798
9.31391
10.9602
13.2369
10.8636
9.24611
6.17739
8.55526
6.56292
13.837
12.631
14.9149
14.319
10.2753
12.4769
13.1046
11.918
10.8596
9.90281
14.3483
13.9952
13.4921
9.41324
10.9653
10.801
11.5003
8.64549
10.7842
8.63845
8.53598
9.89935
10.9339
8.87052
13.7947
5.90615
8.39683
7.8897
14.4739
10.6765
13.0788
11.4981
8.86325
9.1608
14.9655
8.87438
13.5576
6.13495
14.3043
12.928
11.3845
10.4207
8.82668
13.0339
14.345
11.4058
14.18
6.08707
12.2052
6.30012
6.28941
9.88373
11.7161
13.1585
6.43092
10.0451
11.8086
13.3903
12.0223
10.8167
13.6923
8.09079
11.7293
11.6226
14.2341
14.5583
7.44962
6.53913
14.2135
13.7631
13.5316
13.4494
12.1905
8.74382
6.5593
10.2651
10.0665
12.9592
4.8692
12.5464
14.0176
9.6829
11.2484
11.3401
12.5737
14.3991
9.89289
10.3134
11.7808
14.8553
11.2831
10.6919
6.68964
12.6814
13.1907
11.733
13.0729
14.9901
8.59264
12.2573
10.9417
6.21188
9.85391
11.1681
5.9793
5.38434
8.64829
14.1811
12.21
14.5873
9.50654
11.9275
13.2489
14.9295
13.0345
9.69148
13.8187
14.9203
14.8313
14.286
10.9638
6.08142
9.81821
10.5466
12.3364
10.7579
10.0036
5.61994
13.5812
9.19528
4.92962
13.9673
11.659
10.3492
11.9554
13.668
13.8313
5.85782
10.9606
12.2084
7.45948
10.0279
9.26322
11.5337
12.144
8.54029
11.0565
8.84112
14.4261
4.90076
10.2709
14.4913
6.9318
10.1722
7.71087
13.8598
11.0384
13.4619
5.86695
8.70952
10.3374
14.6912
7.58046
5.5979
10.7935
11.0237
8.12118
12.0659
10.2496
10.6885
10.6438
11.7705
11.1824
13.1193
11.8314
12.8711
13.0975
11.1449
13.4221
8.63698
14.2724
6.21073
8.75973
7.25461
13.799
11.4586
11.0967
14.5912
11.7542
11.0091
4.93253
9.5553
12.3017
12.6929
8.41271
6.59018
11.3207
13.8245
10.7135
13.1379
14.9224
13.4229
10.2587
8.68818
9.44914
11.7972
14.1393
14.8508
14.737
6.37753
5.89244
10.4244
13.1652
14.1938
7.85942
13.4502
13.8701
5.99685
8.35733
11.1758
6.26765
5.29045
6.83412
10.5073
14.755
14.7657
14.5843
11.4519
7.18138
13.4546
11.8035
10.7963
14.5626
11.692
11.7358
12.6001
9.75032
4.99459
14.3884
14.7582
11.1182
13.5071
12.8822
13.1811
11.1622
11.8503
10.4037
14.5121
6.8302
12.688
13.5411
12.448
9.8976
12.444
10.2211
8.58115
9.71153
13.3495
14.4412
10.3354
8.44765
8.41641
11.1319
12.8491
10.7663
6.22626
12.3035
10.7298
7.04643
13.7943
11.2485
14.4706
8.27203
10.8763
12.0401
9.47054
6.11156
11.7284
14.4371
11.3721
8.40078
12.2315
10.1934
14.5392
14.6616
6.67048
13.6121
12.4156
14.231
12.3
9.7924
8.71459
14.0545
13.9161
14.0152
11.2427
14.0638
12.3564
5.3866
8.95409
14.6171
6.21634
4.60348
9.51022
6.98342
10.3441
12.7676
12.4254
14.283
14.2077
9.76159
11.0017
11.9615
13.4646
13.377
12.3577
7.89476
7.79686
9.86746
10.0453
11.7381
10.7322
10.1486
12.3447
14.796
14.4488
12.142
9.18996
10.6265
14.4233
10.3489
9.78422
6.64558
13.5355
13.2918
13.5241
11.1407
13.9943
8.66669
10.1822
10.9655
9.01432
6.77585
14.2435
6.13042
10.748
13.6413
13.0467
8.44763
11.8785
7.55269
13.4378
10.9319
13.6465
5.4735
14.0382
7.36209
7.8175
11.9188
8.94312
10.0129
8.64997
14.7324
12.0593
13.6471
11.5782
10.7364
12.6358
11.6865
9.46208
10.5633
4.612
13.5643
9.76778
11.0399
10.1935
14.6487
8.84534
14.3173
9.94273
14.2802
14.6829
13.791
6.19506
12.9157
9.91953
9.38694
13.106
14.4008
12.1754
10.8191
8.6871
8.7019
5.78609
14.7224
14.7154
13.7833
9.53347
8.50347
12.2025
13.3213
11.5108
14.6916
4.85676
12.9122
12.1123
9.73631
13.7834
14.3057
8.41591
12.1918
13.3083
13.83
8.97653
10.8005
11.6407
14.1899
14.898
14.7461
10.7967
11.3528
12.3308
10.6482
11.4116
6.05397
9.45894
14.8495
10.1185
6.51148
13.4009
11.2344
5.85121
11.234
12.174
8.50003
10.6928
13.3869
13.9243
6.17505
8.60276
14.9252
13.7909
11.2853
11.754
12.5248
10.6284
12.1601
14.8124
12.7396
6.66203
11.294
13.3018
6.18953
10.0428
14.9439
13.673
12.94
14.0019
11.0742
8.46968
12.4809
11.7526
11.9365
8.83744
10.8404
10.7543
13.8548
12.7993
12.639
14.7181
14.7713
13.6827
14.1126
14.799
11.4401
11.5525
14.3618
5.33973
10.8266
9.0892
11.5625
9.69463
10.6249
9.32743
11.879
10.2925
12.7055
13.177
14.6572
12.3243
10.0731
12.2145
13.9157
12.1094
12.4185
8.78239
13.4946
10.6176
13.4007
11.4635
8.61822
6.93424
10.3742
9.82557
13.1254
13.1141
11
13.4736
6.64808
13.6909
14.7177
8.13317
14.4976
13.8628
10.2397
11.8788
11.1665
10.6753
7.90268
12.0124
11.185
10.48
11.6625
13.6511
9.23982
14.0388
11.1132
6.16114
10.9151
13.1586
13.912
11.6988
14.4757
12.6067
9.77997
9.83103
14.6081
8.57677
14.7617
11.1301
9.454
13.4235
7.92791
11.1328
12.4291
4.55772
11.7494
11.7231
9.91342
12.2024
7.81843
11.0343
13.7975
9.77726
14.4303
5.95004
6.07895
9.85401
6.09686
10.7097
10.6615
14.9028
13.0607
14.5888
13.2913
11.3051
13.0248
6.59138
13.1417
13.4417
8.14227
11.9344
8.13255
9.40993
8.76735
11.9431
8.95505
10.8875
13.1231
11.4241
14.3362
12.1507
10.7361
10.832
10.6377
13.8368
14.4999
8.88024
13.3248
10.5983
13.2904
10.1807
8.48859
5.39418
14.0653
13.5617
9.34936
12.784
10.364
12.1297
11.0601
12.8434
8.65765
14.9111
9.19188
11.5103
11.3209
11.1077
11.4805
7.23764
11.8579
10.2239
9.14003
10.7414
5.03456
11.4857
13.1943
13.3536
14.033
9.21537
8.70201
13.7974
12.0396
10.9234
12.6615
8.98611
7.69721
12.3854
14.1262
14.328
5.18851
8.57662
14.5581
9.24116
10.8398
5.84788
14.5828
13.2382
13.5838
13.5184
6.49111
14.4547
12.1606
13.7152
13.8216
14.7413
10.7504
12.2034
12.0299
11.5945
12.6621
12.2292
11.1885
12.8798
13.511
10.5952
9.37507
13.6994
6.26623
9.91124
12.2488
10.6333
10.6931
12.2789
9.01546
11.0657
13.2833
4.92255
7.22327
9.21473
11.8396
8.82704
5.0508
6.32828
9.88963
9.71452
12.2017
10.5764
6.29008
9.93249
8.02887
7.81691
6.20741
14.1844
11.1814
13.7323
9.35395
11.8143
13.4979
11.937
10.6035
14.7339
11.5709
13.6419
10.9102
13.9998
4.89495
11.7431
8.43304
13.8179
11.6048
13.7235
14.5273
10.8391
10.1251
9.89049
13.1937
10.0255
7.95279
11.3534
6.92813
10.0761
10.7036
11.0026
11.2477
10.5115
12.4726
6.18781
9.8341
13.9164
11.2073
12.1856
13.0232
13.9079
6.08879
12.8427
14.3487
12.2379
10.8803
7.32291
11.5338
11.2076
13.4011
9.32018
14.1771
8.60444
14.9204
10.0793
14.2584
13.7504
14.3024
10.8366
12.6089
14.3919
12.7532
14.3967
13.287
13.582
11.6152
12.9025
10.2049
11.2476
12.5293
11.671
13.2504
9.77696
9.88408
13.3867
9.81661
8.11569
14.6721
8.20746
8.50314
12.2784
6.71015
8.81138
10.7059
13.0073
12.3797
14.1306
12.9889
12.5
10.2769
12.2635
9.89348
10.3924
14.4855
12.4384
12.2485
10.5121
14.053
11.3242
9.84571
10.3879
14.8058
13.3196
10.6795
9.93925
9.24517
13.3894
6.80844
13.4447
12.2908
5.60876
14.2372
5.87706
5.70649
9.76009
14.8863
5.9634
10.6487
9.74555
12.6347
7.51826
11.4516
10.871
11.5874
9.82307
12.3894
11.9689
12.1328
12.7116
12.4505
12.6112
9.91332
10.6213
13.2758
12.9688
14.5164
13.118
9.51375
10.2872
7.74567
9.81372
13.242
8.59014
12.7801
9.22753
9.98693
14.3402
13.4484
11.8202
13.1468
13.1222
10.5255
14.2764
8.35913
5.97775
14.3521
11.7094
13.8485
5.66835
14.7946
10.9517
11.465
12.3746
7.19932
14.5679
6.11156
4.54077
8.57717
14.9651
10.5418
13.9503
11.6296
14.5573
13.6786
11.8275
11.5588
12.5003
10.4102
12.8239
12.4144
14.6723
8.45912
11.7264
10.3846
12.784
12.0085
12.9195
13.3255
12.5202
13.2099
14.9133
13.2345
13.087
10.7676
11.6836
10.8313
11.8797
14.9885
12.3298
14.155
10.4482
10.8355
14.8787
14.6858
13.1999
11.8729
10.9275
6.15793
12.4485
8.30676
14.2415
14.986
12.6686
14.5797
8.80114
10.2624
10.2828
8.41435
12.8231
4.56511
12.9576
5.26777
13.9317
13.9837
14.8621
11.6208
6.28066
9.45845
9.53686
12.4077
13.9977
13.8802
3.97412
10.2774
11.0209
8.75672
10.4489
11.0435
12.8141
6.97986
12.8671
8.66016
8.66228
14.9831
11.3299
14.5905
8.82092
12.1064
12.281
13.1582
8.67477
14.3543
14.4175
6.16303
12.489
12.3021
14.0538
8.59484
8.45175
5.28837
13.9598
14.5867
11.7911
7.47007
13.2247
14.6499
11.3827
10.5958
13.3849
14.8903
12.546
6.45168
8.82135
13.439
14.1283
12.5077
8.23912
9.18779
13.0784
12.9364
12.7434
10.4632
13.3491
8.29675
10.7782
14.1347
8.62322
14.3664
9.34785
9.27708
13.7181
11.3382
14.5831
14.7512
11.2889
8.28881
5.59477
11.0505
10.9398
11.8617
8.91383
13.2635
8.84539
12.821
10.0128
11.3551
13.194
14.7131
9.7608
11.5928
10.1715
14.1253
12.8574
4.28162
8.90196
5.8412
12.4628
10.4468
8.44403
13.2315
14.4826
13.4004
13.1968
9.06161
7.48793
11.7187
14.8286
12.6552
14.8096
9.15619
14.1549
13.9397
8.60683
6.96762
13.9096
13.7496
11.9839
12.7233
10.2563
12.527
11.7569
11.9193
11.1869
14.1892
6.08297
12.9493
11.5758
13.4575
12.056
11.4942
12.6857
9.71026
12.9471
11.8524
11.688
11.9762
14.2953
5.44551
10.8991
11.8971
14.1486
11.0472
5.9469
14.6842
12.1419
8.63845
13.828
13.8974
6.14922
11.2813
8.53703
9.78526
11.4308
11.3119
9.62282
8.52589
14.309
12.4018
10.1776
10.1833
11.4581
5.73191
11.5294
12.9862
13.0071
9.12858
14.1169
14.0753
10.4979
9.58598
14.5376
8.50632
7.63323
11.0305
10.9423
12.7383
13.213
12.6063
13.7733
12.4166
10.2296
12.3857
12.8082
11.6925
11.7637
9.21408
12.5377
10.8753
13.6212
10.2725
10.3023
11.9429
12.6118
14.1414
12.4859
8.74466
12.8117
14.9084
14.7143
10.056
12.818
13.0769
10.5832
8.33877
9.76094
9.54478
11.1479
14.8227
14.9897
12.8764
14.2247
5.49826
10.2465
11.7819
13.7175
10.1716
10.3626
13.4963
11.6355
11.9384
10.3175
9.56267
10.4691
7.86407
9.13422
14.586
13.8867
11.6459
9.33048
12.5153
12.0016
14.6447
10.7518
8.95004
13.5917
8.19925
12.2007
12.7365
14.7223
5.8148
12.8095
14.7884
9.47077
10.2401
13.408
8.70918
10.9898
10.4886
8.41076
5.81039
11.4156
10.4877
14.4404
5.79335
12.5834
12.1713
14.2312
12.508
14.352
13.8571
9.98308
7.77238
9.06664
10.1641
13.2329
13.1504
13.3246
12.4304
9.18801
8.6655
10.9748
12.6944
12.5493
11.6445
8.74745
11.3616
14.498
12.5509
9.36439
13.2897
11.2669
11.897
12.8962
14.5392
13.9799
13.6379
9.8496
13.1396
13.6664
10.6702
10.8237
5.62547
11.5131
14.4544
6.62353
10.6494
14.9222
9.04914
10.9214
14.2263
9.73828
7.67729
9.19465
12.1526
9.22903
14.1741
14.926
13.3027
8.42783
8.25907
9.68818
11.131
10.7402
9.26877
8.4684
9.62955
10.849
10.4158
14.1441
11.7598
10.699
9.05164
11.8695
10.2088
8.26729
11.427
12.2794
12.5386
11.6511
10.2978
11.9663
10.7478
14.9138
13.1528
6.33524
13.4782
13.8267
9.61894
13.4551
14.0484
14.5457
8.82998
14.9972
14.5826
10.7531
8.66048
11.7847
11.2642
9.9424
13.0794
12.8324
10.5186
10.9755
10.6892
14.0438
8.44125
8.4386
14.6077
8.61936
11.4296
13.3808
11.3924
8.58826
13.233
11.6653
14.4703
11.3557
9.38684
14.9582
11.8348
8.95491
13.4193
12.5351
9.05603
14.4473
8.7664
14.9911
5.64471
13.4192
10.6999
12.4211
14.3346
13.9516
14.0038
9.93526
9.84979
14.8565
9.11428
7.55508
8.13572
7.00731
12.1426
12.5541
8.5866
9.76395
12.5809
12.5344
12.2735
14.3088
12.9953
9.50074
14.0856
6.30378
13.8233
11.3803
6.17271
14.8974
13.7094
13.5534
10.8635
11.8833
11.5283
11.0746
13.9938
11.5637
10.3008
10.8852
13.1463
11.7664
14.3382
5.4876
10.4197
9.1344
7.64879
6.8331
8.60013
5.25634
9.86657
12.1656
9.83399
10.5877
5.66842
5.8088
12.6675
14.9586
11.6223
14.1904
11.1581
13.0358
9.12538
9.87637
14.6256
14.7409
10.4632
12.5089
5.58325
12.6474
9.89501
13.4145
12.0933
13.2097
13.6204
12.4916
11.3148
11.6619
12.969
13.0857
5.8425
12.5919
14.3804
14.91
13.8256
5.78984
13.1423
11.9499
9.43645
14.1314
14.4588
10.9465
9.13325
5.16262
13.0073
13.0938
9.07176
12.9858
9.24507
11.064
6.96959
12.6206
12.4984
14.7464
12.5455
8.44039
14.0856
14.359
13.8915
11.3124
12.763
14.8557
9.5701
12.077
14.3101
8.54765
12.9524
14.5161
11.1871
11.6403
13.7723
14.9529
8.64565
9.54235
13.5709
10.1252
13.146
8.62302
13.1501
11.7847
14.0349
13.628
6.34949
7.66668
5.50068
11.9687
11.0154
13.5575
5.36433
5.14243
8.45838
10.9832
13.7409
9.06246
10.1305
13.0001
9.68145
11.8383
12.4249
7.86
5.78568
14.3725
11.3829
12.649
13.3532
13.421
11.7597
14.5128
7.7236
14.8331
13.9994
13.0709
13.4417
9.65804
14.1918
4.09657
8.54483
10.0992
11.6413
13.0711
9.16683
14.7941
12.0117
6.29644
11.3127
5.62829
14.7617
13.3541
13.3467
12.2987
11.929
14.6492
7.27727
10.9543
13.5227
12.7318
14.3962
8.56533
13.2841
13.7342
9.57607
10.3984
10.8004
14.2011
10.6267
10.0958
11.4148
14.6563
13.6719
12.9566
9.85055
12.6962
14.9
9.41686
9.31187
12.2866
14.3475
13.437
14.5668
13.6706
13.363
10.4471
14.5274
6.74714
10.7441
11.2695
14.0798
6.88473
11.3708
13.3832
11.8179
8.66537
11.2023
11.3254
12.7559
12.7255
7.65273
12.934
10.2909
6.40799
7.60714
14.5746
6.20476
8.46082
9.82909
9.22762
8.52247
5.36271
12.3321
14.8283
13.4238
7.36319
14.3692
8.38656
10.09
9.07217
12.9775
10.9813
11.5295
9.10122
13.0337
13.0913
5.8719
14.7163
6.31098
8.61858
14.1992
10.0522
10.4901
11.5777
10.8313
10.0001
11.3476
12.3938
8.51515
10.5071
11.3878
8.71611
10.073
12.4232
8.58613
10.4392
9.36275
14.4295
8.28014
8.03446
10.6364
14.3427
14.7527
14.2291
13.3535
12.9971
14.6964
11.7393
12.3722
7.90801
13.4065
12.9648
11.0581
6.89718
6.92921
9.85826
12.0044
11.5297
6.18377
13.1821
13.8608
11.4757
9.5811
6.23926
12.9374
9.34551
13.5798
11.6337
6.51397
10.3295
9.37896
11.05
11.7102
10.3465
10.5571
7.94772
14.2551
13.6646
6.12371
6.30977
9.87607
12.3002
8.58972
9.60361
14.8456
10.7162
14.9847
14.8861
13.2855
5.73072
10.5187
13.8251
12.8822
9.90349
13.4745
6.14762
11.0519
10.4155
13.0997
13.1986
12.4414
4.69362
13.7524
14.4037
12.6646
10.7282
11.4523
14.782
10.4372
10.1012
8.41847
14.7604
5.41055
11.5673
5.09034
14.0002
14.8015
11.5706
7.78805
11.4173
14.4583
13.4871
13.3117
10.6644
12.5219
12.884
13.0335
9.42816
13.028
14.741
11.5425
11.4251
14.446
4.8114
6.65079
9.2072
6.75977
11.0235
13.234
11.4249
11.0944
9.79923
4.66552
13.282
10.6444
11.6848
10.7094
10.9964
11.7418
11.5232
12.8134
14.1268
5.77153
13.8204
14.6289
10.1866
8.9153
14.2736
9.8168
6.20962
14.3774
10.8482
8.51935
14.1666
13.5473
13.1129
12.3645
11.6073
8.51223
8.86924
6.35765
8.59733
8.92845
11.9247
8.98194
9.30537
12.5669
12.7583
10.2614
12.3646
13.4868
14.2209
12.1176
12.7229
10.8085
10.6004
11.9247
11.8476
13.787
13.108
12.0412
14.4628
14.4376
13.5171
7.53218
12.1145
9.24307
7.96662
14.6757
12.9846
7.68133
10.968
9.95639
12.8668
5.44012
6.1252
14.1218
10.865
14.4395
14.2851
14.9025
14.2097
10.7114
13.0146
13.5216
14.7447
7.32901
12.6947
6.75115
10.3097
7.29401
11.6821
14.2982
13.9531
14.9966
14.9283
12.2125
11.6043
11.2494
13.2252
8.84309
13.175
12.0325
8.69179
12.4701
12.8488
7.96048
11.1192
6.2615
6.30294
13.947
13.7519
14.7083
14.742
8.75099
12.7461
10.7782
10.1622
11.5697
11.5147
8.92341
11.6401
11.181
14.3534
13.2827
10.0218
9.40825
10.5902
14.911
9.43596
14.0015
14.5534
5.79759
14.9226
13.1694
8.7241
10.6068
12.8475
14.3603
14.3407
12.3632
12.1637
14.5069
11.5632
9.49153
12.6589
9.89428
8.80891
11.796
10.3702
8.91002
11.9082
10.0138
13.1086
10.6988
11.4825
13.3893
12.7948
11.8643
12.8934
14.1849
9.56967
11.0432
13.9374
10.3308
12.2441
8.04287
11.347
13.916
14.5358
14.9218
11.8547
9.04434
14.9144
12.1471
8.21874
14.1334
9.85278
14.0639
14.0337
9.04116
13.6798
10.902
10.7439
13.9441
12.576
14.542
8.60591
13.4918
11.7616
9.75502
5.70369
11.4302
11.6243
12.7692
11.2278
13.9478
13.4992
12.7412
9.49302
14.3584
9.23824
11.3451
10.9312
9.94137
8.15275
13.0261
10.227
14.321
14.6407
14.0332
9.72343
12.0746
10.7378
11.0869
7.26724
9.41306
12.0318
13.9724
10.9488
10.7173
9.04487
8.93477
13.8561
14.7791
11.5599
10.452
11.8033
14.9916
14.3029
14.0073
10.1902
8.98646
11.6654
11.7393
11.3003
14.9996
13.6987
13.6287
12.6673
12.4013
14.7146
11.4318
12.7017
12.249
11.5041
5.90308
8.00732
5.90901
13.0329
9.12561
7.06154
12.2534
12.2162
10.975
8.94657
14.0088
14.2698
9.6758
11.7191
13.9748
6.83568
6.50266
14.8488
12.7402
12.7268
10.4265
14.6781
12.1681
14.3694
14.4901
13.3805
12.3789
13.3733
10.6493
8.4529
8.64571
12.8317
6.44293
12.3948
7.98696
11.7958
13.8972
12.1267
9.96771
12.1816
13.0774
10.3004
13.0912
12.8477
13.9932
12.8206
9.4516
10.103
10.8244
10.5173
12.73
6.44824
9.21201
12.4133
12.8912
11.107
14.1453
13.9008
12.8511
14.6181
11.6414
11.9535
14.7151
14.2117
13.7912
7.56614
9.22981
10.2155
10.398
13.1327
11.4748
13.3111
13.1679
13.6668
9.63211
14.6789
13.0193
6.99275
11.8418
11.998
14.8342
14.9698
14.7815
10.4923
14.0757
14.8263
9.89191
5.53834
12.6478
13.4488
9.79454
14.2612
6.20825
14.0416
14.434
12.0254
13.7606
12.3563
11.7163
8.75358
11.4647
9.52546
14.2841
14.2732
14.6547
6.10667
14.197
14.3047
10.4607
8.52394
11.894
9.79998
10.9532
6.04872
10.5965
5.55824
11.6175
14.5098
14.9888
5.22579
5.93549
14.2134
12.8955
13.6602
10.9572
10.8095
13.7794
11.999
13.2048
9.91272
10.7209
13.649
14.8027
9.77795
11.7101
9.83128
11.9273
9.50459
14.0689
12.1076
9.65034
10.534
8.5234
12.6194
12.4805
12.6855
14.1715
14.7527
14.9563
14.932
11.1918
12.8524
13.4526
14.5715
13.3388
8.9089
6.1127
13.2936
14.4245
9.25034
12.6768
14.5094
11.2937
11.0594
13.6228
12.3135
9.17362
10.5898
10.086
7.89112
6.46563
8.01843
11.9857
13.4298
14.5365
13.9876
11.0502
12.6284
10.417
9.94416
11.9219
12.2
13.2461
6.12166
10.4847
14.2031
9.04482
4.39721
10.826
8.83923
13.2788
10.1066
8.62647
9.97594
9.42936
5.91625
6.22776
13.1999
9.69996
11.8814
13.7371
8.96266
11.7193
10.2805
5.52929
12.1852
9.8474
11.0326
11.2232
8.82111
11.0441
8.94029
11.252
7.65152
10.6149
10.7603
9.57979
13.5516
10.4586
4.64078
5.69986
10.0254
13.5552
5.98576
14.159
14.279
10.2525
6.74677
11.7808
11.6718
13.3659
14.8532
10.8019
11.0034
13.854
14.8011
9.16265
9.34481
12.6668
5.55933
10.0342
5.89662
8.29924
10.2343
14.0706
13.5762
9.60392
12.6007
13.0021
13.4352
13.7395
14.0838
12.8046
6.32779
9.98896
11.3313
7.14684
12.0254
9.24695
12.4784
11.7353
12.0594
11.239
11.742
14.4681
10.4128
14.9544
14.5632
8.63029
11.0077
14.089
12.4234
9.95652
12.2947
7.37796
6.35644
8.3109
12.393
12.0476
13.3616
12.1514
8.37304
14.658
6.94229
9.24514
12.8018
14.6636
11.5255
13.2794
12.2163
14.7915
9.6442
12.1991
11.5338
13.5451
9.59707
11.9111
7.18936
12.3614
12.8751
11.8546
14.1592
10.1768
10.7197
9.48631
14.5919
13.5137
11.5085
13.4666
6.09133
14.4949
10.4775
13.7531
10.8259
10.2375
8.4252
10.5211
11.1029
9.04664
14.0493
11.013
9.95736
14.7329
14.7067
11.0837
8.87012
8.80076
11.5153
9.9132
13.0927
10.9318
13.0199
14.8732
14.9461
9.66077
5.04223
8.8218
12.6171
14.7388
10.8721
14.7974
10.4415
13.3515
10.3666
11.5477
13.9072
9.92247
8.855
10.0028
14.1861
10.5899
9.30015
13.394
9.83559
12.9708
13.7762
9.26977
7.57671
14.9895
14.9675
14.5785
12.5681
10.4797
14.9324
10.876
13.034
13.4647
13.1649
9.11081
8.76562
12.7353
8.4717
10.6922
11.744
8.55082
8.33135
11.5837
6.24009
13.3764
5.44775
13.4225
13.8052
13.5821
9.74103
12.6163
7.50537
11.7602
10.4021
4.9811
12.559
12.0926
13.6826
12.273
6.21029
13.8399
10.2247
9.13711
14.7522
7.5407
14.6347
11.0809
13.1036
10.5107
8.38089
7.9506
14.3927
11.4138
8.74844
13.7298
12.1673
14.2213
14.0239
13.4375
12.6451
5.68497
14.0382
10.7841
14.1033
9.03335
11.805
10.952
13.551
12.724
14.3185
12.1748
12.5116
14.2096
8.53647
9.94652
12.4327
11.0904
8.28849
14.5044
11.9116
12.6733
5.89857
8.86072
13.2271
8.62482
10.837
11.7766
5.86489
7.10438
11.5473
11.5271
9.60283
11.9848
13.2364
14.2169
14.9429
14.0368
14.0354
14.9237
11.8169
12.5304
9.75808
14.8186
14.3669
14.6713
10.0933
10.6036
13.8642
13.6878
13.9546
14.2123
13.8735
7.81829
6.60035
8.98498
11.5875
6.93118
14.9001
13.6394
11.3621
8.17024
10.0699
11.8391
9.57833
8.82151
9.39119
10.5046
14.0022
10.4685
4.58084
10.2168
9.81711
14.5776
11.1473
10.0943
11.8102
11.8193
6.29621
14.8554
10.1731
11.8918
12.411
11.045
8.07137
13.3507
8.55164
11.7669
9.76938
14.426
10.9515
14.5091
12.0211
8.4384
12.6447
10.981
12.2098
12.424
5.05564
7.91158
11.6481
8.02071
13.471
14.4548
13.5623
10.5301
8.8117
14.755
9.77712
6.94783
5.03741
13.3794
8.16906
6.38546
8.95571
10.4647
13.7435
12.2386
12.2359
13.0618
12.3587
9.26374
11.7757
6.04719
8.05519
12.9831
9.98401
12.6638
7.12025
10.1
12.6408
13.3905
8.25069
14.8885
14.1284
8.72637
8.63111
10.6979
11.9816
13.406
14.2443
12.5945
13.4762
13.0353
10.3846
13.3673
14.4757
11.6565
11.0096
11.5875
10.35
10.1192
14.0065
10.448
6.46043
10.8351
11.6813
8.12606
13.668
6.09124
13.0345
13.2124
14.1513
12.44
8.86412
11.6852
9.74754
12.9353
11.054
13.7967
11.4292
14.9631
11.5163
14.6886
8.55014
13.9024
12.9946
6.19063
7.99231
10.8192
8.85712
14.3656
13.2935
14.5466
13.3043
14.1055
8.8844
12.4398
9.67659
11.0092
12.7194
11.0009
7.06432
5.96498
4.96034
10.4868
11.4336
12.2673
13.1621
14.8333
12.2733
10.9723
9.45435
12.1128
14.0799
11.6566
12.7147
12.5622
9.67184
13.3865
10.0328
12.7971
11.7817
10.7026
14.4452
9.91117
7.84822
10.9658
14.9275
12.7579
14.9939
12.4309
13.4846
10.9039
13.0132
11.6611
14.8361
7.89467
12.7053
14.9747
13.055
12.821
10.2932
10.1223
6.0597
8.10664
4.97302
11.8334
10.3169
13.7874
11.1113
14.2224
14.2783
9.80369
12.2449
11.0927
12.3566
10.3814
12.2365
12.76
14.6082
8.44999
9.39008
9.18242
11.2747
9.40809
9.18514
13.2944
8.94342
9.51873
12.6969
14.8425
12.2449
8.78662
9.27998
13.2376
12.0108
9.88891
12.9241
14.0897
8.87783
14.7712
10.4544
12.4794
11.3323
14.4812
11.4948
10.3427
10.6562
7.53175
10.9963
12.7379
9.71935
13.5819
5.06273
14.8376
14.6206
8.45167
12.6896
9.49504
10.8806
7.98748
9.06262
13.7708
11.2989
9.39371
7.42269
12.048
9.55079
13.2374
7.09263
13.7302
14.5446
14.525
14.9225
12.2537
5.96749
10.6644
12.5855
12.6612
6.47327
8.63938
10.0238
6.45418
12.6632
12.387
14.6931
13.8841
4.05178
11.5328
12.3193
9.30878
10.7666
10.7933
10.9672
9.30044
14.4623
9.91382
8.49249
9.06744
14.8349
10.5362
6.86327
6.58709
10.2239
9.88162
14.7519
9.51341
7.64663
6.19002
11.8549
13.2806
12.7397
11.9907
13.1195
10.2871
12.5664
9.51228
9.13966
10.8841
9.05674
7.95501
14.0103
6.01084
12.4932
8.64983
11.5505
8.5322
10.1623
13.0407
9.29324
7.5091
14.2885
11.9181
14.3661
11.8726
14.8224
14.6804
14.0304
9.44771
11.9486
14.1573
12.9447
12.7025
6.23108
14.3777
9.02864
13.3766
14.8587
14.0024
7.32036
11.7943
14.5566
8.93984
7.89023
5.84361
13.5216
9.38416
10.5071
14.7131
14.3413
9.05238
14.1694
13.4276
11.8224
12.8062
10.5209
9.56417
7.62526
14.4012
7.16194
14.5857
13.0727
14.8816
13.751
13.2752
12.6452
8.58838
14.4412
12.4657
9.8244
7.80505
8.85913
11.9316
9.29165
8.51146
7.20599
10.4263
10.6181
10.6808
7.82708
9.91423
12.5839
7.57063
5.31605
12.75
12.2037
14.3324
7.34137
12.7908
14.4885
13.3008
6.03551
11.0337
8.06867
12.4754
8.95283
13.3776
12.7162
14.9217
13.3878
8.99891
14.3216
13.5838
13.6888
5.68181
8.37785
11.8104
13.1961
9.47302
10.0497
12.3891
12.8461
12.2809
12.7153
6.73527
14.2749
12.6775
10.7784
11.2621
10.9596
6.17716
9.13874
13.4949
12.9891
9.80048
11.7377
14.651
11.3361
9.18385
14.0447
9.52904
9.98515
7.61151
13.5882
12.3196
14.9458
6.17463
10.6548
10.2661
6.66546
11.1576
10.6851
13.8161
9.94518
6.19634
9.9632
9.24804
13.6796
12.9057
12.1425
4.43872
13.9698
13.9767
12.2705
14.3293
12.9537
14.1199
8.69819
10.5615
5.83618
7.02311
13.2407
12.9476
13.375
5.98886
8.42179
10.3703
11.6688
9.8248
11.6937
6.8619
14.9931
13.4635
10.5653
6.87352
11.7997
12.7518
13.9323
10.4572
11.5883
13.8407
11.0227
14.995
12.2264
7.23939
14.7364
9.24269
10.4118
4.68475
4.85332
12.1853
13.9672
14.0353
14.6881
14.3004
12.9058
9.04061
11.6651
13.4298
5.99259
13.2924
5.90574
14.9241
13.74
13.7734
9.52108
12.4684
12.0097
9.83109
6.17042
11.479
12.2004
10.9714
11.3666
12.0328
6.49393
10.257
12.7578
12.2121
6.0051
14.1334
11.299
10.2478
10.1852
6.51491
12.0937
14.3447
14.4932
14.451
10.4706
14.4
11.8571
13.0888
10.3787
14.6325
14.6145
13.2097
14.5259
10.8452
13.0659
6.38424
14.305
11.7565
8.92963
8.43369
11.0949
12.0792
11.7584
6.55984
11.5643
12.6422
14.811
8.76418
8.97297
9.4808
7.40904
14.5845
14.2267
11.089
13.7321
14.377
4.23413
10.3497
14.4686
8.91876
9.05664
14.9707
9.77279
10.3998
6.57573
10.7785
13.6155
8.33941
9.85281
14.1361
13.4131
9.92597
9.94142
11.7349
9.81282
12.6109
7.79718
14.786
10.7652
12.273
14.8697
13.8267
11.766
10.8868
13.2834
11.1178
9.31377
12.6896
7.45867
6.98015
9.91756
6.35557
13.5741
10.4194
14.4676
13.5045
14.8025
9.69823
12.9665
13.2532
10.6578
9.71414
8.11784
8.14282
10.4511
9.53214
10.8659
9.4283
6.29238
9.95028
14.3433
9.90792
13.8097
6.82048
14.8955
9.12584
14.7347
13.8085
11.5295
9.57701
12.2867
12.7029
13.1716
14.5523
7.23374
10.0591
14.7573
13.2331
13.7356
11.3013
9.22202
8.12864
11.2758
10.6735
14.0543
6.38076
14.2265
6.18684
14.7207
13.8968
9.27473
11.7924
9.16545
14.7711
7.72159
8.46486
10.9176
14.1303
12.2802
10.5239
11.8759
14.5196
10.0116
9.99863
8.89788
7.17889
9.6154
12.5047
14.8402
10.4132
13.4234
9.32401
10.6057
8.77572
14.2967
10.941
13.5779
10.2051
13.4419
5.85724
9.3384
14.1433
8.06573
4.74546
9.79559
13.0654
8.78687
12.7043
9.7324
14.1423
12.9377
8.6571
14.0206
11.452
12.3405
9.22303
13.1014
10.435
12.9798
14.8189
8.62079
10.9682
12.6601
13.1202
14.5075
7.75088
13.7759
14.0754
10.5631
7.27757
10.7918
11.3631
12.1128
10.3126
9.80866
13.8839
13.9328
14.2639
10.022
10.151
12.7875
14.1444
14.9421
11.3011
14.0452
14.6085
13.3173
7.41111
11.0026
13.677
7.92398
9.21903
14.6004
12.6086
6.87318
11.0712
13.6611
10.1533
9.88182
10.2971
6.42846
9.11976
10.9877
13.9724
12.0722
10.9169
11.2141
8.61112
7.51282
7.03923
10.2533
13.112
10.7774
14.7013
14.619
9.45127
14.7607
12.382
11.85
8.74117
10.0862
11.9258
14.3056
6.44412
8.84422
9.87653
10.3672
11.2823
8.73203
12.5434
8.93785
11.8265
13.4451
11.4018
13.0866
11.7991
12.0559
12.1642
11.5312
10.1549
10.6306
11.4788
5.98933
8.6845
14.7763
9.12769
14.4072
10.065
13.0676
10.674
14.2708
13.6405
12.9047
13.3688
7.64093
14.4081
13.2027
8.31699
14.3238
11.0646
10.4665
9.6156
12.7955
6.37355
12.5992
10.0435
13.729
6.12265
10.8787
10.0228
11.7267
12.3469
14.8996
8.51058
11.0235
11.6602
14.129
14.4413
8.81127
12.7686
14.2167
13.2617
9.81973
4.88832
11.743
10.5492
5.25218
12.4392
14.5835
6.45267
12.1141
11.9576
8.44957
9.79046
10.0981
11.1008
9.70228
12.6174
10.0453
8.88484
9.4301
12.7352
11.4894
11.9288
13.3009
6.19943
14.3188
12.7233
5.01748
8.48975
11.9367
5.77178
9.60208
14.9195
9.8651
14.2465
13.446
9.8338
14.1499
14.1834
12.2906
12.5527
11.8633
11.7252
14.221
11.3989
8.53994
8.79696
6.3273
8.56107
10.6016
6.25419
14.7963
13.8257
12.8105
13.4748
7.92069
14.1656
9.73193
9.05408
14.2547
9.09581
11.1936
13.4856
11.0976
14.4989
8.89315
12.3816
8.94442
13.9164
12.1366
13.9114
13.3094
8.91257
10.802
11.9757
8.64551
10.3521
13.0138
8.88735
14.7082
14.7832
9.28008
6.34778
10.5768
9.86956
11.4022
5.10293
12.469
8.62393
9.94635
6.23109
10.6927
8.8315
12.2667
12.9425
8.81255
10.7154
14.4418
8.40145
8.66794
10.6438
14.4106
8.66858
12.969
10.0179
11.0868
13.0925
10.7811
7.21583
11.9317
8.62519
12.6316
13.1635
11.0725
9.89083
7.25271
13.1565
13.1996
9.14781
8.82168
10.6199
12.3949
9.07261
14.7491
13.9857
11.5803
10.9517
10.2702
10.0874
13.759
9.31679
13.4458
7.47634
14.4549
14.7348
13.9106
9.88336
7.60814
10.6449
12.3331
14.5325
13.3253
13.4062
12.4202
11.2125
11.8411
10.6741
14.5071
14.6814
13.2856
8.85362
13.8499
13.5663
13.7015
11.6785
13.0833
8.60576
9.23879
12.5483
5.05853
12.5252
9.45218
10.6488
14.7621
12.649
13.1873
14.7255
10.9625
12.29
10.8907
11.2803
11.8188
5.09614
13.5303
13.9222
12.2993
6.78472
4.28545
9.83531
14.5893
14.4262
9.48628
8.63685
5.37828
13.8703
8.76605
10.1543
13.2376
13.0843
14.0862
14.2043
13.1189
10.2925
10.6768
12.2391
7.56248
11.6457
12.7405
12.4406
7.51388
10.3173
6.23101
12.2194
9.27388
10.9273
13.765
14.4413
9.3042
12.2273
12.1793
14.27
9.0008
13.678
12.3306
8.7632
9.57375
11.5378
9.73498
14.9649
14.7222
10.8007
10.1379
13.9231
9.76833
14.7909
10.6339
10.4407
11.8664
10.1896
10.5038
7.08854
11.2965
9.47897
8.21357
6.24944
14.0457
10.1441
14.3565
9.95306
14.2946
10.9511
13.8638
11.5322
7.4878
14.2568
9.93104
6.35363
10.619
10.5875
11.8043
6.78529
13.1589
11.2811
11.738
13.9225
8.92313
10.4682
11.2905
12.2462
10.7057
9.50812
5.92199
8.79392
12.8469
6.12211
10.8199
12.1605
11.2042
12.9301
14.286
13.4344
12.3135
12.2898
13.6994
6.55659
12.6981
8.68004
10.707
13.4253
13.3197
10.7779
12.9649
4.71293
11.2358
9.4849
8.98984
7.84994
4.87844
10.1286
9.45466
13.9047
14.3525
12.4878
9.90581
13.3863
14.052
13.762
10.3985
14.123
13.4584
4.23546
8.55008
4.54389
9.09175
10.6052
9.8745
10.4814
14.3966
9.71685
10.6444
10.0292
11.2107
14.6517
12.6913
10.743
12.9861
10.866
8.55667
10.1033
14.8619
6.55042
12.9454
10.1204
12.1507
11.004
10.6077
14.6423
9.71043
12.1306
7.99927
12.1773
12.6179
6.69703
10.5595
9.79143
7.95598
11.995
11.0872
13.9658
9.71912
12.8008
13.9851
6.17881
13.7826
13.1179
4.02768
14.3969
14.7547
8.94036
5.77855
14.5785
8.31668
8.65198
10.707
13.3133
8.46686
12.9614
6.71186
9.12565
11.3429
8.79036
13.3449
14.5597
13.5389
9.47747
10.2905
14.1717
12.0886
6.72595
5.75955
5.56
10.5309
12.482
13.1489
11.2984
6.98627
10.1138
14.4162
12.5879
10.832
11.9573
10.5478
14.099
13.9075
8.63805
8.80947
14.4146
10.4442
14.6618
10.5605
11.0375
11.4898
14.2426
9.2535
11.5744
8.59576
14.3074
11.8343
13.344
10.4023
8.8244
13.1184
9.4465
12.1722
9.59529
7.86121
10.4221
12.4014
11.9722
13.5142
5.85939
10.9808
12.7626
12.4448
14.6421
10.2577
6.36282
8.72506
13.1597
6.41562
14.4629
8.86899
5.31541
12.2401
6.23769
12.5211
9.81927
14.9378
14.0303
10.5573
13.7901
14.8168
9.68713
8.65799
8.31394
10.2797
6.31461
10.2475
12.0305
12.9436
6.2313
14.1523
14.5573
11.2966
8.81194
14.3779
12.0249
11.8444
14.7068
11.867
9.98723
12.0402
9.84142
5.99952
8.79889
10.7536
14.4274
8.55941
12.4971
6.46956
11.7374
13.9684
5.29427
9.56004
6.42073
8.4745
12.0438
8.88705
5.84756
14.06
8.18607
6.60124
8.23883
13.8782
14.6085
14.7624
13.1441
12.5891
12.4646
14.8145
13.991
9.36817
12.0943
5.9772
10.5778
11.0045
10.2191
8.48045
13.017
12.4391
12.2926
12.6589
7.83893
9.95087
13.4371
8.70891
9.50264
14.0346
14.106
9.97922
9.04888
11.9008
13.3151
14.7274
10.4514
6.42453
9.92812
11.1394
9.60923
14.9275
6.02951
14.081
8.76304
8.23509
11.008
9.82821
6.65237
12.8352
14.9545
11.262
10.4977
14.769
10.8856
6.54315
11.5273
8.58273
11.3181
11.9162
8.59395
14.1701
10.7578
10.7216
12.5866
14.6343
14.3443
8.74445
8.78095
9.94211
12.3318
9.7085
6.09166
6.31134
12.7866
11.8574
14.7527
14.5935
14.8917
9.41414
5.26041
13.2893
14.3112
13.6732
13.3545
11.2703
12.1547
10.391
14.3654
12.7268
8.69766
9.79936
10.9116
12.4085
14.6172
12.8881
12.6464
12.6257
10.5091
13.5907
14.6634
13.288
13.6478
13.7124
12.1798
10.383
10.3747
13.2093
10.5608
9.84366
9.85052
8.51503
14.6659
12.8677
12.824
10.3627
11.16
9.0363
9.86882
14.5421
9.08173
14.1672
12.5572
6.1537
12.8285
10.1196
13.0721
13.1796
11.2615
14.7021
4.7707
12.8801
13.2488
6.57767
8.97908
14.9239
12.6748
12.1438
11.2476
13.0406
4.57382
10.4528
9.79981
7.05349
12.8879
13.213
5.34605
12.7734
7.556
14.7015
12.3826
6.08131
10.5318
11.5187
9.77901
8.33233
11.0844
11.6293
11.6334
6.29735
14.8315
12.769
7.12065
8.95218
5.12278
9.42912
8.45245
11.0535
11.3112
5.49049
14.3219
12.3373
11.0975
13.4714
10.3929
14.933
14.0068
8.67975
14.6386
10.2429
10.6752
8.78319
5.89976
12.6976
10.2029
10.3727
12.0807
8.57658
13.2677
11.0229
14.399
6.04516
13.8026
12.081
6.05287
13.2184
14.6508
6.13015
9.83233
14.3238
13.4901
13.4438
10.6513
13.881
12.5534
14.2695
9.6046
10.3917
8.81521
9.74662
14.4109
6.31974
14.8175
10.8051
6.44156
13.6814
6.60331
13.6628
9.57766
10.0757
8.2468
10.8343
14.484
12.0993
11.177
12.9539
13.3161
14.5665
8.81265
13.7834
8.55057
13.0398
11.765
12.6387
8.74937
14.5166
9.836
9.99919
9.3229
10.5517
11.2518
9.35841
5.34564
12.606
10.471
10.8326
11.3877
14.7626
5.37578
14.1983
5.43265
11.2294
10.2754
10.2164
8.68085
10.7532
9.16671
4.73592
13.0269
13.687
12.484
12.3536
10.5086
9.60556
8.69931
6.33823
9.60218
14.7351
11.0938
9.30532
14.1416
10.466
4.69776
10.6593
9.82388
12.5666
10.2012
9.32234
11.5358
9.28811
10.4475
14.2545
8.70714
6.26544
13.1206
11.2101
11.363
9.13744
11.83
13.9759
14.4336
14.3434
10.227
14.4097
12.1897
10.1703
9.45966
7.8363
12.1079
12.869
11.1587
10.8795
14.0479
10.5112
9.47308
9.66522
9.12923
10.2209
14.6837
14.3191
10.4187
13.5186
8.30482
9.08493
11.057
13.3752
8.61096
6.19845
10.3905
12.3406
9.8505
10.2618
10.5213
11.5817
10.7782
10.3638
9.931
14.8744
12.2727
14.5327
14.2951
14.861
14.1607
13.001
12.0422
14.1455
11.4183
12.2478
10.2185
14.2753
9.21833
10.2615
12.2457
9.836
10.5083
12.5765
9.39545
14.6818
7.62404
14.1589
6.21296
13.5577
9.55457
8.79532
6.9358
12.7534
14.7497
13.3046
8.60166
9.485
10.3826
13.9926
13.8721
12.3606
14.6907
12.0494
10.6305
11.7639
11.5252
13.3084
10.7925
14.1587
11.7808
12.0244
14.4147
10.856
10.6542
14.9799
14.344
12.615
8.75067
5.7212
11.2241
13.7571
13.7387
8.90852
11.5589
12.9627
11.9395
12.0145
14.3548
12.3369
6.18673
10.5704
14.2345
8.27407
10.3608
5.81323
9.72998
6.19577
9.98879
9.206
5.03026
13.397
8.40727
8.62551
6.34426
8.98453
14.2039
11.867
13.2338
12.4038
12.834
10.007
10.8778
8.49176
14.7608
12.6137
9.91547
4.786
7.97333
9.26934
11.7373
13.8874
11.786
12.3134
12.2374
8.73156
13.5382
12.7683
9.05499
14.3025
10.9034
11.4187
8.1219
10.6456
13.4284
13.4726
10.5262
6.79777
13.6233
13.6312
12.4221
7.64657
8.60966
6.67352
10.5502
12.5757
9.46395
14.7001
12.9153
13.4192
14.2948
12.6539
13.5737
12.8528
14.216
14.5272
8.9219
8.62491
12.009
14.673
14.2935
13.6395
11.631
9.69993
10.7325
14.0348
13.6816
12.9356
14.4895
14.3882
9.85753
13.2582
10.4993
14.1555
12.5288
8.24546
10.6772
8.73853
8.0979
9.92058
8.65632
6.20733
11.9959
11.7056
5.92442
9.60443
14.1618
14.609
10.1771
12.0178
13.1367
10.1093
5.77114
12.8824
14.0977
11.6053
9.70561
14.476
9.87702
14.3058
10.4002
12.8483
8.09048
12.4998
6.26299
14.4044
14.8965
9.09202
11.9017
14.0571
8.07176
13.8563
14.0845
13.5153
13.0223
13.3235
14.8622
10.67
14.6151
11.5597
12.7061
12.7634
13.7256
11.7266
10.9495
8.51675
14.3393
12.8291
11.627
5.66973
7.58407
11.8618
13.9366
9.71966
9.09128
8.44502
5.96185
12.1851
13.7219
10.1841
10.8355
10.9626
14.2625
10.0156
14.7503
10.1588
9.66684
11.6084
9.48303
13.9021
11.8788
11.6992
13.4943
13.4708
10.7238
10.3116
14.1633
6.39302
8.29025
14.9959
11.3517
13.5771
9.99007
6.61885
14.9173
9.71826
8.61228
6.26298
12.4094
14.6903
8.62474
10.4731
8.88074
14.1719
10.0505
9.48633
12.5528
14.8749
10.1814
9.37765
11.5118
12.5102
14.0888
8.27446
8.09961
6.01737
11.3298
12.407
14.1751
6.27112
6.39757
6.38133
6.3241
9.29906
9.81484
14.0396
7.16209
8.52824
11.2389
12.6951
8.46954
10.9677
9.2127
12.6322
11.2625
9.81585
14.8146
14.8068
11.0664
9.48592
10.1417
12.2289
11.0245
14.3771
14.3888
11.2794
13.8142
11.229
14.4682
13.0669
9.99025
9.64245
14.5795
13.6224
14.6361
14.317
12.4788
8.70327
14.0718
12.5799
14.4521
8.83596
14.2298
14.7187
14.3534
8.96683
12.139
8.58732
11.5331
11.4719
9.3038
7.80242
11.9982
9.15156
10.283
13.6262
12.3837
10.0603
13.6401
5.34374
12.3092
14.46
12.1266
10.925
4.53723
9.22643
9.73011
13.3094
12.1857
14.1625
12.479
12.0713
13.98
12.2788
10.6781
11.376
14.5726
12.3542
8.636
14.1652
5.96542
12.7754
13.4925
9.99541
6.99295
13.6298
6.08996
9.22975
9.83862
8.97899
12.8818
4.43448
7.86517
14.8598
9.1698
9.90606
8.81983
11.6713
12.3654
10.3727
8.11589
12.8383
10.1405
13.7332
9.94578
13.9325
12.8947
9.66177
8.11691
6.33776
14.2281
10.2055
13.3322
9.22498
11.9222
10.1524
10.1097
14.6585
13.3812
13.5192
11.5427
13.8547
12.503
14.366
12.3431
11.6351
6.07643
11.6403
9.52423
6.02831
10.5127
9.77928
8.59334
12.3528
14.0742
13.5557
14.3055
10.0371
8.06729
12.3868
5.63595
8.73481
12.1262
5.03047
10.7366
13.4135
5.36889
5.43462
9.07202
9.51013
5.92088
14.3803
7.29161
14.7095
11.0224
14.4554
6.2783
14.3316
10.0759
14.395
6.16096
8.53891
12.3491
12.7986
12.5959
8.256
13.0592
12.4887
13.3613
13.0478
9.83524
9.48382
12.2299
10.0882
8.69372
10.7148
8.61124
14.0637
12.3785
10.5909
14.6173
6.64288
8.74368
9.75211
9.80283
14.1605
14.9044
13.9754
10.1923
8.91626
5.96537
12.5368
10.1363
13.7665
14.9697
10.5897
12.6536
8.65161
11.7391
13.773
6.17972
11.9591
6.24495
13.9418
12.2423
10.9739
11.2264
14.1685
14.2114
7.92412
8.23236
11.0351
12.2799
10.7935
11.9133
14.6921
14.3228
8.56315
12.3725
6.30759
13.7942
10.5503
8.85015
9.51637
10.2612
12.9706
9.94753
11.4363
13.7355
6.70274
10.6478
6.16518
11.2718
10.5158
13.3264
11.9886
9.36001
11.6307
9.56315
11.4411
10.3336
9.95651
12.9587
13.5648
11.2386
5.22346
9.34918
9.71629
13.5614
6.10187
13.4022
11.3137
5.81236
12.0425
12.7185
12.5588
12.317
11.1417
11.1243
10.8884
9.59581
8.72929
13.6174
9.82009
14.0613
10.5735
10.1229
14.1432
10.661
12.7058
12.1637
14.0211
5.49394
9.6766
11.4071
11.4823
9.80735
13.817
9.70128
13.205
8.08112
13.2485
13.4691
9.30981
11.6791
9.64707
12.3485
11.4036
13.9906
12.7701
12.4696
5.959
6.6879
7.1537
14.6363
8.68698
7.71894
11.4728
14.4007
14.862
14.2257
13.2912
8.53416
10.352
6.09762
9.35366
11.1048
14.9168
14.7772
9.45878
12.7381
14.7787
7.50054
9.78545
8.92315
12.4356
13.6601
14.845
8.64448
13.3568
12.5888
13.4264
8.1377
10.1033
10.7502
13.8395
7.29505
11.9415
14.0995
10.4929
6.13037
14.4929
6.68471
14.5448
14.0726
10.2048
9.48541
14.2403
13.7372
12.4727
12.7703
12.9983
6.51711
5.15816
14.4294
13.9797
14.204
13.6982
13.3993
11.6704
10.2358
14.3302
10.2485
10.6547
12.4729
10.4207
5.97871
12.2783
11.9134
11.9721
12.2923
14.6083
14.7234
10.7623
14.25
12.2641
10.7198
8.72904
14.9662
13.4614
11.588
8.56124
5.62334
7.54846
14.4664
12.6914
10.7637
14.1314
12.2237
9.48826
14.9214
7.01
12.8493
9.85695
10.7764
14.4845
6.46024
8.17961
11.1846
9.62088
14.3634
9.56653
13.828
7.0866
12.5178
14.4453
13.6127
13.926
14.4418
11.4532
8.83798
14.435
9.04395
10.1306
10.2346
11.623
5.66274
13.6599
8.50292
8.14356
14.0349
11.3425
13.4399
10.5573
12.0832
10.6869
12.6981
13.0636
7.02508
13.6741
5.64613
11.7176
11.2638
9.12386
14.961
11.8109
9.05433
8.44537
6.07811
13.419
9.70485
11.0021
13.238
12.5142
11.8707
12.6434
9.06531
14.5627
8.69336
9.84844
7.02552
9.76393
12.6456
11.2071
12.6057
8.16509
10.0609
8.36897
10.795
13.0177
13.6428
8.67359
6.25973
10.9386
12.8631
9.82273
14.3799
9.96691
10.6401
10.1124
12.1677
14.6447
6.49491
10.1745
12.3378
13.3997
13.0365
5.76597
6.10484
11.2238
14.7746
14.149
12.3219
10.1658
14.178
14.9897
10.3127
8.76596
5.85661
11.1317
5.96608
10.0303
8.42173
14.9695
13.5721
14.3994
6.06921
12.555
9.7828
12.6744
14.0087
11.658
11.441
11.438
12.1818
12.2521
12.0397
14.7047
14.2426
8.74479
6.14062
9.78861
14.8693
11.9919
13.0725
10.3884
12.0816
9.89339
13.9976
10.3552
12.8578
8.07958
9.63682
13.4036
12.4145
6.17824
6.33725
14.5459
6.19814
14.2415
14.7772
13.2571
13.5032
14.7747
14.2175
14.9162
14.5817
6.89363
14.3095
13.8192
12.5188
9.8008
14.3302
13.1153
11.2109
13.5027
6.87904
11.1716
14.2244
13.219
14.8303
13.6409
10.8694
6.42617
7.05085
11.1889
10.0243
9.82836
6.22834
6.24201
14.5231
11.7492
11.6583
10.9222
10.3744
9.41161
10.0611
8.86687
6.08451
13.4485
13.1867
12.6282
4.82801
8.78551
6.26473
14.8631
10.0518
6.95196
11.9196
9.71673
11.7618
10.7558
6.2062
9.44996
6.9038
7.99923
12.3942
11.6104
10.2231
9.35592
12.8628
14.8996
13.3582
12.8284
10.1956
13.8843
9.75223
14.9247
10.391
8.26157
12.3783
13.2764
12.704
13.6448
12.3612
10.4184
11.5397
12.9909
8.62509
5.07104
8.49207
12.8914
10.3248
8.96185
6.50785
7.91667
10.3473
12.0091
11.6771
11.9485
10.1792
14.0689
14.3401
12.3761
10.5942
14.027
6.00217
10.4263
7.61441
9.7641
12.4444
14.7914
10.8409
12.8514
13.6328
10.826
10.2002
13.1857
11.5723
10.7143
9.80921
14.5055
10.6331
14.7916
5.70691
14.8117
10.4337
14.4171
12.1843
11.8409
12.5591
14.1801
12.6473
13.5647
9.77622
10.7841
13.8545
12.6264
7.91224
12.7554
5.14471
9.73495
14.3956
11.3002
6.15193
6.32142
12.9506
14.0167
13.8287
10.4276
8.54863
10.3171
11.1109
7.41318
11.4334
14.9974
13.0875
12.5052
8.63966
14.8176
6.51596
14.4403
10.0517
6.16323
14.5035
8.63658
10.4699
11.572
14.4572
10.6939
13.3547
12.5572
5.8687
9.61161
9.65845
12.8282
11.3913
10.8914
9.23111
11.4777
10.1691
13.2048
7.2726
14.3586
13.3813
14.3549
14.4009
13.9745
5.95532
12.0697
10.4649
14.0342
8.28146
12.0177
6.36475
5.97718
14.5741
12.0524
11.9259
13.5662
12.4039
8.41258
6.58873
9.96105
13.216
12.323
13.9047
13.2798
13.7045
14.1198
10.2053
12.2595
13.6163
7.25708
11.6069
13.5087
11.5877
8.3631
9.71242
12.3472
9.6461
11.9926
12.8772
14.624
11.2007
6.06827
11.9856
11.6198
12.7119
13.8086
5.7859
7.13178
6.47743
14.5279
8.75038
9.67989
9.91892
11.6967
12.5774
10.0116
9.74213
10.331
6.21931
14.9008
12.4974
8.68225
13.2668
12.7445
10.3522
9.99568
12.3859
8.82862
9.65841
10.1968
12.6828
10.5159
12.8209
10.4331
14.3015
12.7521
10.1976
12.1891
12.5159
11.9912
8.57735
14.4801
9.97346
8.87047
12.9316
11.6628
14.2016
6.32572
9.98014
9.97081
14.6656
5.96436
5.60365
7.48542
13.5673
10.799
9.33155
14.1396
10.0457
10.7716
12.6434
13.911
10.602
9.10828
12.9113
13.448
14.9609
10.3229
12.2579
10.47
13.8183
7.98989
9.06941
14.5684
10.5507
13.5898
6.30571
12.3443
9.93606
8.58568
10.701
6.93134
7.92406
9.94466
12.4906
12.654
13.3953
8.827
10.7408
12.1411
14.6311
11.12
12.518
6.45649
12.8246
12.4198
14.4519
12.6141
13.4636
10.1874
13.373
13.9804
5.65661
12.1816
7.40793
13.6653
9.34504
14.3422
7.273
10.9299
9.42613
14.6829
14.9844
12.7263
6.24918
10.4885
6.08599
12.2273
12.952
9.60673
10.9011
8.51591
11.4229
12.2162
10.3374
9.18482
14.5281
10.6937
8.98746
13.3689
8.57637
5.99952
6.8047
7.54788
8.28229
11.9905
14.4949
11.5692
11.3077
9.80495
13.6643
12.9331
9.70632
11.0317
12.7754
13.803
13.6549
10.0338
10.2749
12.4082
13.1925
14.8868
13.8098
12.9998
8.25954
7.94315
10.8143
10.8186
12.9969
11.6377
13.3734
10.1752
11.6901
10.4712
12.809
9.33452
13.08
14.2277
11.5702
14.6811
14.0173
10.5548
8.12506
14.3343
14.6983
13.6691
8.7648
13.605
12.592
11.4961
11.1357
11.4186
8.75692
13.0241
14.9889
5.27852
11.7831
12.0032
13.0339
13.2964
5.74587
11.5437
10.5889
11.5777
9.54059
6.53876
12.2153
11.109
14.0924
10.2747
11.136
11.3273
10.0608
10.2788
13.1885
13.7366
6.25222
10.8022
13.9367
13.5932
8.62968
6.87229
14.8135
11.1007
10.7417
13.1625
9.36462
8.73874
13.2488
11.3621
14.4049
10.2489
13.1995
13.8325
11.5647
5.96284
11.151
11.9655
13.65
6.67203
9.41686
9.03239
13.9066
14.4737
13.4165
14.8515
9.24135
7.37395
12.5967
12.5229
10.3467
14.6479
13.0723
14.0337
11.7761
5.5493
9.32025
11.6687
5.05251
12.924
5.99822
8.64999
11.7005
5.39968
14.7436
12.9958
13.826
14.9304
5.393
12.8692
11.9518
12.7033
12.5695
10.8487
12.6618
12.6827
13.3554
14.118
8.29395
10.7483
11.2643
9.14167
14.7071
12.3526
6.8197
5.36517
10.6118
12.3461
12.9222
12.2665
9.63632
9.66157
12.9084
8.71617
11.5472
9.94918
10.5035
12.6938
6.23847
4.83467
14.4895
10.1664
12.3085
10.5887
14.8083
14.7541
11.7149
14.654
14.7785
11.6844
14.9402
10.702
13.8213
11.5058
6.23408
5.91437
9.38337
12.818
13.0968
12.2941
14.1467
14.0708
10.8428
9.46227
12.3224
11.9909
8.91607
14.4635
5.92225
12.6687
10.4268
9.69646
13.0769
13.0956
11.9502
9.64207
11.1394
11.8959
11.9127
10.9921
12.7593
7.96173
6.31069
9.77621
8.50146
5.92152
12.3471
10.3002
11.7309
13.0647
8.74234
5.20534
8.32248
11.6109
13.3131
10.2875
13.4847
14.0172
7.66616
14.429
14.2284
13.9628
11.1716
11.5167
13.8697
14.0918
9.74676
11.2944
9.34086
5.14473
5.12543
14.3222
9.98096
13.811
12.0171
14.5159
10.7553
6.77424
3.82622
14.4277
9.17461
5.75412
14.2545
11.9364
11.1205
11.1942
13.0462
6.59054
9.60605
5.88967
10.4126
10.1748
11.1724
10.391
14.122
6.56404
6.91326
8.85234
13.3601
8.24731
11.7219
13.7536
11.0924
13.9391
11.9082
8.26076
7.14767
14.2269
10.51
12.3602
7.31401
10.3895
10.8047
12.8453
8.18994
14.3092
14.7109
10.5494
14.6049
12.6612
8.53509
6.26875
10.9365
8.41257
10.1993
10.166
10.7523
14.0661
10.7541
7.27691
12.4512
5.88735
11.9237
9.67944
13.3556
12.7478
12.0997
10.8268
10.0156
12.0533
11.8327
11.6079
13.6976
14.6425
9.46663
12.5384
14.1811
9.205
12.4208
14.2663
6.01147
9.81358
12.9542
9.74472
6.1488
10.5861
9.03908
11.703
6.33501
10.6447
12.3389
12.7772
9.51343
10.0984
5.95299
14.6275
10.1499
14.4932
6.12943
8.49434
13.7818
12.1328
10.8944
12.2711
13.2558
13.6479
10.0896
9.10957
10.0574
7.21279
9.0655
13.8257
13.7472
10.0507
8.63767
12.4339
12.4297
13.7792
12.6178
13.4204
13.5127
13.6233
12.3827
12.4305
11.5347
12.1785
11.5216
8.31344
10.9181
13.7579
9.16115
12.1987
12.4438
12.7452
11.3457
11.7985
11.9485
11.8121
11.6098
10.6735
13.4385
11.2906
8.43981
14.1308
5.40858
8.85688
12.5425
10.4651
14.8802
13.9265
11.2149
12.6236
11.4018
14.3528
12.541
7.92066
8.05294
13.585
6.31613
13.9585
13.2446
9.34964
11.2539
13.423
6.09092
9.86493
12.3826
14.7879
14.0767
14.5925
11.7706
9.46056
6.83749
10.2264
12.5558
10.2422
12.0055
8.55942
9.71289
6.3114
10.8609
10.7324
14.1876
12.0415
7.88744
10.4958
9.94415
9.74891
9.92401
13.5874
14.1995
9.64669
13.1791
9.894
12.3684
8.82281
12.2647
12.3831
6.0499
6.21628
5.53478
8.70869
10.6185
5.61008
10.3099
10.2931
9.85919
12.1751
10.6999
6.23912
12.0312
10.7016
12.8248
8.74203
10.2999
11.0344
13.8937
12.2111
14.4169
12.7056
12.4618
10.302
12.9806
14.9185
13.4422
13.367
14.7133
10.0664
5.17835
8.61836
13.0224
4.79577
10.4955
14.1463
14.1624
13.3092
12.5841
10.6
11.7623
11.2807
9.96309
10.537
8.51288
7.10758
12.112
9.66933
14.3199
14.2028
12.827
13.5538
7.26235
6.11111
11.9705
12.281
12.4187
13.636
8.50221
11.078
9.78794
10.462
14.4968
12.5615
12.4593
6.46108
14.9204
14.3184
13.9209
9.39412
5.73918
12.157
13.072
9.93478
10.2001
13.5701
11.3631
13.3724
6.20976
10.7219
8.64393
11.1624
5.06054
13.4098
12.1059
13.4389
9.36257
14.3785
10.9745
8.74286
6.5304
10.5448
11.6374
10.4861
9.83865
14.3769
5.08365
11.1084
14.2441
10.6693
9.84444
14.2178
13.4909
10.8996
9.09349
13.9491
6.38768
8.37803
10.3264
11.5101
12.0237
14.8993
14.2747
6.07669
9.81605
14.8311
12.2514
14.0738
5.92808
11.2076
8.77485
9.06483
8.72303
10.9349
13.386
12.3107
14.4937
12.2846
11.9996
13.4055
9.73875
10.9321
12.9347
12.6549
12.7276
14.6533
11.4615
14.7368
14.9264
8.49589
11.4673
12.4449
13.7454
10.1067
13.2171
14.9387
10.1863
10.4796
12.6885
12.6691
7.80166
10.7742
10.4999
10.3077
13.9629
11.8392
8.1456
14.1731
12.2681
9.6107
8.01753
13.7588
9.87908
9.79771
12.2771
8.16912
8.40155
6.23732
11.0669
11.3692
14.4835
14.2718
13.6109
10.6918
11.763
14.6782
8.79631
14.3774
12.1368
11.8824
12.5626
10.633
14.9505
13.7323
14.6149
6.44917
9.32317
12.8594
12.9089
8.71584
8.17693
14.303
12.844
9.78777
10.2631
6.7924
8.66613
8.63974
7.5622
11.3244
13.0602
6.2517
14.4559
10.4533
12.5392
13.7626
13.4674
8.55109
9.24195
8.80264
6.61202
8.81438
9.53572
12.4604
14.8366
9.7074
12.5406
12.6726
13.1267
14.2481
14.7849
14.6776
12.6192
6.30359
6.28931
12.567
8.22188
11.7879
11.6498
13.463
9.37641
12.7655
11.9792
10.8062
14.359
14.3276
8.65843
14.5936
6.49693
9.74207
13.3949
13.5581
11.4793
12.6111
13.4089
10.1318
8.13333
11.6076
13.8981
9.21963
14.5361
10.3066
13.3977
5.40878
9.67298
14.609
12.5322
13.892
5.68201
8.83435
11.1605
9.05815
9.5547
14.7016
13.3465
14.1599
12.8825
8.69433
9.88499
13.9034
10.1374
7.17887
12.636
11.1176
14.4729
5.78836
8.79025
10.1917
8.67382
14.5551
10.5527
9.25153
5.91031
11.7437
6.5903
9.63308
14.4855
6.20981
11.0331
12.6448
14.5164
6.53066
10.8253
12.0789
10.93
9.59081
11.653
9.82499
8.71854
14.6862
11.7625
11.983
11.3221
14.4359
11.8431
10.7604
11.3227
8.09762
12.6885
13.2101
12.4482
12.043
14.1275
12.673
12.6539
11.268
14.4918
9.16202
13.0979
14.8611
10.8895
6.75485
9.41011
12.1799
14.3023
10.6394
7.43555
7.53802
13.8573
11.7111
12.84
12.5775
9.91963
8.53308
13.1901
11.3413
6.73157
9.29212
10.3603
14.8099
12.1735
9.05674
11.5623
13.9616
13.0499
10.6465
11.8321
12.5335
13.5526
10.6708
14.1637
14.0783
10.6473
9.11315
8.31595
14.561
10.8612
11.9621
11.0261
12.9833
9.3476
9.51066
14.6799
13.277
14.9709
13.5197
9.71182
12.1081
14.1212
12.6534
12.2191
9.95143
8.61221
9.80445
12.3086
8.51511
10.3765
12.3173
6.34074
13.6695
10.4751
9.90584
8.53254
14.5583
13.8102
11.1246
11.3128
13.4885
13.5691
13.7677
11.3207
12.8288
14.7062
14.3658
13.4158
14.7105
14.251
9.45116
14.5666
10.9091
12.9449
8.68126
10.7791
12.4586
9.89574
11.6428
10.0594
9.19218
12.0642
6.74521
8.04836
11.1925
12.5561
14.0593
9.09949
10.9238
14.2431
7.14073
8.41969
13.5418
8.65036
10.6614
12.4987
12.1091
14.3751
12.4606
11.796
14.2285
12.1541
6.24761
11.8333
8.36846
10.4566
13.0274
14.356
13.9802
11.6256
14.5399
12.1945
11.9655
5.6003
11.0836
8.66559
10.403
14.7299
10.2302
9.92966
12.787
12.8066
11.4302
6.26087
10.7605
13.1598
12.6089
13.7894
10.3497
6.0738
9.84397
12.3872
14.2929
9.75585
13.374
10.6621
12.6808
13.1777
10.5147
12.5069
11.5061
9.81543
8.55426
8.54142
11.8729
11.8607
9.16171
9.15452
8.66888
13.2448
12.181
14.5815
14.2814
9.93355
10.936
6.2043
8.87705
8.65611
6.08181
12.1359
9.83439
10.7878
9.67583
14.2974
11.485
11.5038
11.6725
12.237
14.122
8.78474
13.0976
6.43965
8.09119
7.74873
13.7344
13.0747
9.85454
14.2611
9.74458
11.1372
10.6435
12.5612
13.8368
9.83762
11.7622
12.5255
10.7005
14.4755
6.63916
12.4245
14.8801
9.99875
14.5805
13.0146
11.0579
13.9952
12.844
10.5525
13.2427
12.2379
14.2762
6.76513
11.981
11.0516
10.1395
9.64177
9.46893
12.5997
13.4021
14.9649
10.6329
12.9096
9.90271
12.0564
9.49656
9.80589
7.77095
10.1161
11.7453
14.4606
8.39319
14.1598
13.6722
14.1479
10.6387
9.33359
14.5357
6.04371
9.99953
9.92004
10.9051
12.1445
11.0744
10.3883
12.9443
14.6446
6.49939
5.38564
7.54279
12.5937
14.2463
11.5312
8.10643
14.6372
14.7594
6.6549
8.83851
12.0492
11.9385
14.797
14.3908
10.4104
12.6077
12.6504
7.98216
10.8774
14.6764
11.3563
13.0002
13.2581
14.5011
9.8393
11.9832
14.1124
10.724
6.21568
13.4889
13.5365
14.6537
11.5786
14.236
12.6138
14.2866
13.0163
12.9692
13.5598
12.9966
13.464
5.84253
10.6399
11.555
13.2612
14.3982
8.98665
11.884
13.7632
10.9105
11.8578
13.3648
6.06244
9.28976
14.3935
13.8541
14.6354
14.4067
13.9458
8.9024
8.91195
14.332
14.4092
14.6147
13.7603
9.73479
12.6694
11.3956
13.8315
14.8055
11.8443
12.554
10.0555
11.5479
9.85785
11.7001
9.84129
14.3601
12.8826
13.4481
13.0099
9.92525
14.3399
12.1081
12.5374
9.57038
11.7298
10.062
8.28607
13.852
10.538
10.3854
10.3891
8.67632
13.5183
11.1085
10.6086
10.1594
12.597
13.2346
12.5488
9.93903
14.4835
10.5648
12.4595
13.6144
11.3781
13.9775
14.0534
13.9734
13.4527
8.21065
13.0141
11.5702
6.22313
9.79068
9.81355
14.6418
14.4397
6.00847
10.4174
14.6185
11.3602
9.44283
14.8274
6.56159
14.8247
14.5114
6.22649
8.53327
9.25685
14.7802
14.5669
13.8884
10.4701
11.4758
5.24758
10.2821
9.81775
13.5317
6.50168
9.78026
13.9945
9.14519
10.138
14.4503
13.1447
12.0371
14.873
12.4897
13.6117
5.64776
14.7159
13.5813
14.6757
14.6391
13.8431
5.93249
13.1287
12.5953
13.3675
14.8123
10.2182
12.6446
9.40675
13.836
14.3101
10.5678
4.95075
7.04061
6.26032
8.14036
11.4289
9.68806
14.7294
13.6689
11.006
14.701
14.9504
9.50074
13.608
13.7636
11.3596
13.4866
13.3454
8.81216
10.3486
13.0601
13.4696
6.1566
14.5722
9.99087
12.7844
6.38496
12.0023
11.6737
9.7331
9.0453
10.8371
8.63904
11.6277
11.3571
8.31335
14.0782
11.3454
12.0201
8.80003
13.1118
6.19445
9.07409
9.55797
14.2595
12.4768
10.8844
14.3954
14.5248
14.2352
14.7091
13.2748
11.5104
9.96111
14.6031
11.9639
11.9981
14.5763
12.9262
6.17586
6.6319
8.7601
12.2208
14.4734
10.4057
11.6378
13.3756
6.19732
6.00129
11.9584
10.027
14.1968
14.1574
12.1687
5.92316
10.2275
9.84912
10.0773
12.2493
6.82442
10.2516
12.9682
6.86242
12.856
11.0288
13.8502
9.72563
13.3795
10.9005
9.73794
14.3778
13.2343
14.6829
13.5817
10.0611
12.2709
10.369
8.61969
14.2381
8.54753
13.072
14.9986
12.3639
9.6253
8.66693
11.4043
10.5648
11.4863
5.35088
13.3018
12.8664
13.4402
13.6699
10.1892
6.49272
8.40409
5.94051
11.2894
6.32877
9.85423
6.19116
14.9062
14.0642
13.4938
12.4129
11.1259
14.4863
8.5809
6.65362
10.3628
5.45804
10.6139
11.6018
10.6577
12.2284
8.2829
9.22882
10.9656
6.92128
14.4466
8.65906
8.64853
10.1443
13.238
9.01052
13.7571
14.6951
12.8407
8.37305
12.0292
10.4493
11.1783
5.71762
14.9913
11.0902
13.7007
11.7375
12.7414
6.52093
14.6376
10.7382
9.5033
10.1221
14.4094
11.9318
11.2223
11.3551
14.3115
13.0564
10.9147
13.9865
11.3503
14.4295
10.5932
11.5919
7.18534
9.38655
13.25
5.40448
4.94124
6.87209
14.5953
11.0805
10.0634
11.5326
10.5808
8.68479
8.56982
9.26215
12.044
12.3265
14.6519
11.9967
13.2453
10.5511
9.41903
12.6797
9.77248
11.4873
10.5959
12.622
10.1063
14.3559
11.7404
6.09723
8.48022
9.96738
12.5638
10.3155
8.81698
6.52681
14.9347
11.0508
9.13601
4.86698
11.8053
12.9402
11.3114
14.0933
11.2561
11.4858
6.1735
8.60734
14.9845
13.2952
9.94541
14.614
13.8166
14.9243
14.4573
13.8997
7.10141
12.9062
9.45193
11.1773
13.8286
8.50822
11.2563
11.6116
11.7782
13.8538
7.69667
13.3593
14.6509
11.616
13.815
11.6041
14.2995
14.8352
12.3626
8.9902
12.2401
5.13087
10.4433
10.9807
14.704
10.8112
8.64978
10.3726
11.6457
11.9016
10.0127
13.1862
13.7437
12.0183
12.3934
13.7091
14.5145
14.5429
14.8413
11.2287
13.1874
9.05028
11.2686
11.6115
14.0371
12.9251
8.90761
14.7984
8.56724
13.5894
9.53348
6.4213
10.9085
9.74257
13.7773
10.8703
11.0761
13.1106
9.05586
10.412
8.34062
9.74716
10.3899
9.74414
14.5917
14.2026
9.79466
12.3598
11.2021
8.93118
9.8826
6.34384
8.78651
6.38345
11.5227
14.3499
12.7526
14.0007
14.8317
13.271
13.2286
12.6614
8.11996
13.9133
13.0116
6.11541
10.6917
8.6282
6.25376
6.45262
14.7136
9.35128
13.1218
10.4534
8.56738
9.8459
14.269
13.3872
13.8096
14.0892
8.40799
11.1773
5.817
10.4547
6.38443
8.9227
6.47409
14.3656
12.4431
11.5033
9.24109
14.2392
7.4236
14.6561
14.3627
12.8472
11.8451
9.80932
9.68371
13.2898
9.90736
10.0776
9.65622
10.2725
12.6786
6.08956
13.6581
10.0729
7.03939
4.19875
13.0807
8.80706
12.6232
11.2537
13.8141
10.228
13.6297
9.14407
10.6454
8.74008
8.54882
11.6995
11.3231
9.24781
14.3069
11.4998
8.59711
10.9072
10.0891
12.907
5.43051
11.698
6.28619
14.3012
13.3244
8.66542
12.8716
13.9314
6.45973
14.0287
11.5117
10.0036
7.53861
7.69949
12.7017
11.6437
12.3813
12.149
10.7233
8.43724
14.0702
11.3045
13.6143
8.54868
6.0982
11.3321
11.3466
8.50443
13.1442
8.15952
7.97247
8.49929
13.7374
10.9136
10.6643
13.1778
11.6972
13.1472
8.44813
6.14363
14.0548
14.406
14.255
9.80749
12.1066
9.90863
9.15082
7.33506
5.7916
14.5597
14.3577
12.3605
9.75192
11.898
5.99193
13.6357
13.9689
11.582
13.8756
10.3986
13.998
10.7076
14.9574
6.31985
10.678
14.7694
10.2239
11.8633
13.3447
11.7391
11.9278
9.78537
6.44578
10.4431
14.7215
12.4817
12.3985
13.8627
8.70219
9.99624
12.5902
13.3241
10.7691
11.4947
13.6186
14.4902
8.59968
7.84956
13.3842
9.9986
12.9192
10.7379
14.5132
14.7808
8.73721
8.8661
9.10508
14.6333
12.1644
5.41004
12.1537
14.4042
8.70315
14.5936
8.80592
9.88215
14.7711
11.9732
10.0345
12.2728
12.1888
14.1114
14.0027
10.835
9.99926
11.5608
12.0237
12.8596
13.6933
9.6091
13.7422
10.7049
12.3783
11.9467
9.51227
10.1544
14.5231
11.2266
8.29618
14.1383
6.31481
9.63663
14.2914
14.4957
13.9001
10.3989
11.2759
6.56117
13.8333
14.1046
11.3664
8.94603
8.61227
8.69479
14.521
12.0051
6.08153
13.8396
11.3482
12.0002
8.325
14.9423
12.3765
12.5186
14.2405
11.771
10.1341
10.551
13.9411
11.0483
13.6471
9.85363
13.1465
11.1575
11.453
12.6339
14.0134
10.2283
9.93113
13.9216
14.7701
8.33112
10.6187
12.1239
10.8351
8.68201
6.35966
9.62164
12.4731
12.0948
12.5388
8.64514
8.62245
12.2542
14.1944
13.4753
12.8606
12.3179
12.9774
10.1081
10.5714
6.65161
8.582
10.7117
10.7124
8.69223
11.8953
14.2729
7.74023
12.4242
14.759
5.52117
10.336
6.52214
12.3692
6.0441
14.2432
12.4335
13.9508
6.34879
9.68123
14.8821
8.62822
12.5534
7.83616
9.85425
12.8149
14.5656
6.33274
11.3887
10.9564
13.431
12.3127
13.7841
13.9498
11.972
14.7229
13.5088
7.04438
9.64313
12.7415
6.67008
12.8696
13.4282
14.8154
6.23972
8.69215
14.6345
13.609
14.0251
13.6455
12.3276
10.385
12.5165
9.27335
6.12698
10.5438
12.4756
13.4134
10.2791
11.9874
6.01851
10.5795
8.67667
11.4783
14.2132
14.9144
12.2784
10.8002
10.3054
14.3243
6.41718
9.82055
10.7524
12.9454
6.89507
10.4821
6.25667
13.3323
13.6885
12.6855
10.0242
7.28699
8.40169
14.2597
11.2781
10.6302
14.4713
12.5586
8.67661
14.9783
7.01893
10.4313
6.25901
12.6384
6.41588
7.86252
11.7138
6.15352
14.9804
12.3942
13.4723
14.4247
8.76382
10.8794
8.35044
10.9997
12.1256
11.9105
11.1674
12.1484
6.82205
13.2137
5.89718
12.4764
12.5091
11.0391
10.4318
10.4038
14.378
8.54791
12.7491
13.4634
9.15102
10.8055
9.39689
10.1435
11.7462
14.2778
14.0636
11.6307
9.63157
9.67809
14.3323
8.51251
14.3549
10.0737
12.5056
6.39077
14.611
7.99889
6.04844
9.71291
11.3214
14.7204
7.82642
13.2792
11.6975
13.7557
8.3912
9.41574
11.9551
14.5196
13.2754
8.8461
14.4385
10.1261
10.5556
6.96072
13.5899
14.3465
14.4375
7.67864
12.8265
13.3743
11.0247
12.7268
10.1312
12.3282
13.3155
12.1515
12.9786
6.82178
14.529
12.5667
10.8105
14.8132
13.2674
11.2435
10.8189
10.3925
13.7558
14.3098
11.7368
13.6778
8.90197
10.0029
12.1181
14.8546
12.2902
13.3663
13.8709
7.89872
7.92015
11.8597
9.11942
9.4139
11.4423
10.3643
13.9885
14.8589
14.9113
9.90575
13.8524
11.2048
13.2569
13.6782
14.0069
11.9618
10.389
14.8794
11.7019
14.2242
10.2842
12.5574
14.8898
6.24167
8.23623
14.2236
12.368
10.2085
11.752
13.8369
10.5326
12.3716
14.7767
8.9068
8.32158
12.0869
14.2553
9.92723
10.5106
11.4748
14.5116
12.6311
9.95188
9.94826
11.2983
10.8156
11.9341
14.4024
14.9918
10.9681
12.1083
12.6391
5.29098
6.60264
11.8688
13.753
6.08156
7.21048
12.5096
7.77301
9.58202
9.80523
7.87843
7.57907
8.38568
9.05933
14.246
7.26046
13.0878
14.0127
11.1978
10.6516
8.04651
12.4261
13.3531
14.1386
9.83575
8.31664
12.6637
9.94099
12.8592
14.9274
8.93101
7.12254
9.84884
10.7807
13.4736
12.4841
11.3541
11.3161
12.3235
8.62238
14.8334
6.40117
13.4166
9.92133
12.0975
8.58429
14.1881
14.9937
12.7053
11.7107
9.60726
12.234
9.61327
10.5861
14.5446
12.2566
8.66578
14.2134
11.524
11.3329
10.3988
11.422
14.5129
13.8457
14.3044
9.98498
14.6756
14.7115
6.80418
5.47379
8.54751
10.0893
6.93433
10.2552
11.1777
4.5624
10.7594
12.4382
12.581
14.3302
9.64091
13.2562
14.6889
10.0922
5.68996
11.4443
11.6496
10.3191
13.8514
7.2111
10.6673
9.47093
8.39819
13.2038
14.1345
11.5379
6.75202
8.30553
14.9617
12.2178
9.94364
10.6584
9.31482
12.6977
9.88367
10.4208
10.0431
14.6466
6.36967
9.76133
14.2259
14.172
9.41291
12.2566
14.2737
11.9241
8.73216
13.1047
6.36959
8.75802
5.60756
13.294
11.1298
13.2011
14.4663
11.0731
5.57836
5.27084
14.4225
12.2947
9.56808
13.9134
14.1702
11.7404
13.9233
9.68051
6.34353
9.68251
10.0603
10.8708
10.6484
6.69747
8.75478
14.4277
14.7339
10.9692
11.1665
11.2201
3.99438
13.6094
12.2935
13.951
12.4648
14.9306
12.9428
11.4219
10.4872
8.47321
9.45983
11.5614
11.7919
6.78007
10.3863
7.26555
9.17444
10.1904
14.1322
14.3843
12.387
10.6724
14.0607
9.1062
10.1715
11.8957
14.0909
12.2346
10.0084
12.3356
13.526
9.83593
12.464
12.2958
10.1254
12.6932
12.6427
10.4271
9.84686
8.64315
12.7799
13.3843
10.0094
6.11041
14.2733
12.6768
12.3856
14.262
14.8169
6.23496
8.45405
10.44
9.945
13.486
12.9962
6.3227
11.1158
10.1706
10.8396
8.65007
14.179
12.3847
8.58517
13.6411
11.5195
14.0398
7.41832
13.6552
10.9767
14.5765
12.5769
12.3545
8.35403
8.25048
9.13708
9.82042
12.7308
14.7772
7.76651
11.9829
11.4471
6.35376
13.4052
10.0008
10.4691
8.26476
13.3221
11.4665
10.4356
5.36483
11.7774
13.4331
9.8771
8.82417
13.1402
9.94931
11.9888
11.8313
11.8096
10.3961
14.9039
14.2421
8.89195
9.03019
12.8836
11.1002
13.4784
14.9111
14.1143
9.89819
14.8281
13.6653
12.5525
14.1205
10.3803
14.2856
10.3661
10.1445
11.2075
12.9454
8.5796
7.69309
14.4326
11.7043
9.60231
12.4001
11.935
10.2861
6.53161
8.80119
13.6487
12.376
9.87901
12.0742
13.6186
9.11571
11.7182
13.1402
14.0773
8.18496
8.10647
13.9104
13.7398
14.6299
12.7352
9.03627
12.4579
11.8231
9.84664
9.75834
6.1689
9.74116
5.94306
9.01459
10.879
12.7523
9.74023
11.9301
13.5715
6.17287
8.79077
12.9379
12.3772
8.63049
11.2085
12.3
10.2886
5.85151
12.9931
8.51242
8.93366
14.784
10.5312
14.5294
13.2135
11.7002
8.11074
14.1731
11.5975
12.4894
13.4512
13.8545
8.66332
12.4946
9.9445
14.4295
10.604
11.5863
11.4002
10.764
10.1017
14.6946
10.8238
9.08978
12.4652
12.3288
14.1898
13.5376
8.77838
13.8346
14.2689
5.81443
9.91755
12.3635
13.0841
14.1774
12.8832
10.1861
8.80839
6.11974
9.85946
10.5634
14.2248
12.4172
9.85261
8.58606
12.5042
6.39823
10.9337
8.84651
9.61154
10.7323
8.62312
14.7708
13.8105
10.0919
6.27122
8.67978
10.7778
14.3451
10.7327
8.43502
8.83096
14.9333
9.63009
13.7998
14.9206
12.7699
10.723
13.1453
6.76931
14.9708
4.72692
7.13301
12.5645
11.9762
5.52168
12.656
9.08823
9.89921
11.6907
9.75694
11.3681
14.5734
12.9786
13.6668
11.4939
9.30804
11.5767
10.45
13.6252
14.0088
12.4424
6.78673
14.9686
13.7347
9.11665
8.58776
6.18741
9.44049
11.4382
10.6836
13.8435
14.8813
9.9443
8.82159
13.1038
14.7409
10.4124
5.28851
9.64538
11.0606
14.9927
13.8686
6.25212
11.6978
12.0148
12.6121
9.77558
11.0058
8.66835
8.05116
11.0723
13.8587
14.887
14.2086
13.2369
10.0138
14.3315
13.5557
12.9516
12.741
10.5886
11.0479
10.1572
12.4807
14.1894
12.5164
14.0944
11.9786
12.6275
11.7667
8.47989
14.7057
9.0051
10.963
10.9046
14.0121
9.89045
14.2875
8.70943
9.66581
5.26405
6.60314
14.0239
11.7208
9.46533
14.6676
13.5119
12.9266
5.2631
10.7404
9.11066
6.59473
11.0688
11.0211
9.8042
13.0072
12.7702
10.9938
12.8548
14.3366
5.99103
9.22705
13.798
10.0035
12.8126
12.5523
14.2264
14.9773
12.176
13.4732
10.7122
14.0901
6.67648
11.0577
12.8323
8.71351
13.9685
11.1862
5.29895
14.6464
12.6861
10.6374
6.34306
13.5803
10.7235
9.29262
11.9018
9.71229
9.60631
14.2796
10.1704
13.8146
12.8998
7.51576
14.2961
13.6034
6.06019
6.32702
14.1497
8.58044
13.4479
7.93936
11.0474
10.3441
13.7985
8.7211
9.60962
10.7052
13.8536
14.6458
12.7456
13.5831
10.8
8.5129
6.70455
10.8311
13.1885
14.0311
10.8284
14.9421
8.97124
6.8783
10.5841
12.6877
11.1136
14.3531
13.6433
6.71327
10.9048
12.7939
13.2257
10.747
6.27644
11.8997
13.2885
10.8971
9.15856
12.5603
12.4412
12.546
12.6538
13.101
14.5755
9.27684
11.8272
14.2999
8.61228
12.6889
7.04174
14.753
13.8036
10.7151
14.5641
14.9969
12.949
11.5383
13.8568
14.7459
10.3874
14.6928
5.5598
12.3647
9.456
12.544
5.32576
14.6527
7.87209
11.7597
14.1324
6.38779
13.8868
11.1691
11.1197
9.43347
8.41934
12.1844
13.6615
10.3483
11.4289
12.5087
12.7954
7.81048
7.59579
11.1799
13.5157
14.3595
11.0168
8.32324
10.5767
13.9265
11.2586
7.47828
13.1253
10.7947
12.8725
14.1316
12.5739
10.5032
13.987
13.0288
13.4648
12.7302
13.1776
8.3505
8.53886
8.59829
11.3267
14.9095
6.88659
10.3218
8.52566
14.9571
6.32483
8.79798
12.4973
11.8174
11.7328
6.0981
8.5759
10.5514
14.0531
13.2349
10.9284
8.161
11.2597
9.77175
13.8394
11.8725
13.9311
13.7652
12.6073
10.9531
11.1462
14.4099
8.61249
11.9679
7.22962
10.4891
7.68584
13.956
4.54824
11.0914
10.9445
5.29142
12.0281
11.3501
13.917
5.9682
12.8743
12.5448
13.2747
14.1998
11.5324
9.79155
12.2391
8.42298
8.62031
7.16538
6.06882
11.2065
14.1669
14.0537
5.57112
12.4089
9.26684
12.4188
12.0061
14.1843
12.1986
10.0112
12.985
10.9759
6.49322
9.50922
13.3701
11.6656
11.0169
9.56578
6.45266
8.2913
8.78135
9.47924
10.4895
10.4771
12.3567
11.6482
13.4581
8.33179
14.0378
13.911
8.33181
13.9407
12.5333
14.6237
10.0529
11.3414
12.3465
8.1616
10.313
14.0954
14.7558
10.2473
13.9921
12.2352
9.45556
13.2393
10.7099
9.42832
12.8634
14.6326
10.6999
8.79027
10.1317
13.1303
8.98736
9.90739
12.5117
10.5003
12.4747
14.5411
8.33766
14.4305
5.90337
10.7463
8.62963
14.3685
12.289
13.3105
9.97799
13.9568
12.9572
11.2295
14.4744
13.7069
8.36576
7.84015
12.8431
13.6096
12.7188
9.76457
12.6771
8.56136
12.3781
14.8646
9.85473
11.1403
13.2794
12.6427
12.9206
6.74059
9.25456
11.1532
11.9906
4.68645
14.8822
14.2798
8.73639
6.3036
6.52827
9.82436
13.7674
12.3544
11.0163
12.3322
11.0833
14.1856
14.8645
11.6475
11.108
14.4419
10.6577
11.1818
12.5503
11.2278
12.585
14.217
14.6929
6.03106
5.53362
9.03739
12.3236
12.2506
14.3018
14.5369
14.5794
12.7129
13.5546
12.8448
8.8172
12.5894
13.7409
12.1525
7.75451
7.09775
12.7918
12.3076
14.2022
14.5706
11.4887
9.89745
8.79117
10.5185
8.55071
12.4572
11.7029
10.6438
13.443
11.7687
13.0561
12.9535
9.69928
14.4208
12.6471
9.95811
14.3729
8.13897
12.4991
13.6159
5.53701
13.9347
14.472
10.8253
10.615
9.88961
6.10073
14.1738
14.2766
12.1221
8.07369
14.2732
14.1613
13.808
7.82823
10.9969
10.0929
5.89195
14.2337
9.71684
13.8767
9.9813
10.3588
9.29394
14.7458
13.001
5.42728
11.6891
14.8163
11.3556
14.1762
11.2921
9.4313
9.54308
12.2878
11.9228
9.57632
14.6357
11.1386
12.0348
8.48944
14.6888
13.938
13.1758
9.68903
10.6058
14.2197
13.9197
9.37243
12.8726
6.95302
6.74282
8.71836
12.4615
4.33456
13.5432
11.4809
10.3311
8.18296
10.347
13.9335
14.8724
12.6977
13.5224
13.4118
14.8979
8.08864
10.831
12.2099
12.6599
13.1168
14.0714
11.7642
12.8261
11.5128
14.789
10.4286
11.5216
7.89632
10.0621
9.1184
13.7733
14.6611
14.014
10.7207
14.2122
8.22138
6.64445
14.3767
7.97818
14.9334
9.63836
7.0001
14.19
14.1742
14.3647
11.4136
6.6821
5.5863
9.79715
8.30099
8.90007
14.3038
10.6709
9.39743
6.34539
11.3726
9.30736
12.2161
8.18403
10.8373
10.1682
8.41275
9.34001
12.2316
12.6182
4.62346
12.1399
10.5665
13.8386
12.2096
13.8453
13.5773
6.28598
14.3617
6.23626
11.9089
11.0829
13.6378
10.3991
6.0323
8.59985
9.94495
6.1963
9.72991
12.3346
9.8428
6.21918
8.64685
9.795
14.3817
13.4022
11.6128
8.61178
10.9236
11.8675
8.04244
9.42413
8.42135
14.7531
11.8116
13.4046
14.275
14.2696
7.38659
14.8139
13.4346
14.3182
10.1759
6.57121
13.6546
14.0236
5.4375
4.40404
14.1527
12.8022
12.8448
5.11817
14.5159
6.68821
13.7751
13.5847
9.63222
6.04363
13.1186
9.0389
8.73833
6.12791
13.5302
14.8384
11.866
12.5338
9.78912
8.75616
9.31601
10.6781
9.89659
10.519
8.80303
12.5217
14.4117
12.7925
5.86203
7.06246
13.5144
12.1419
11.8952
10.0629
10.8749
12.6546
9.26122
9.50777
14.8165
8.61682
14.642
6.34163
12.7281
6.44052
12.7359
12.3591
13.2651
10.6042
7.93917
10.0621
9.11338
6.1118
8.26824
11.9752
10.9749
14.9181
9.99139
6.2846
8.47108
11.8942
12.8362
13.6982
9.23071
12.8385
13.111
13.283
12.0157
12.8908
11.1246
10.8345
11.186
8.71173
9.86205
12.1824
6.10502
13.4377
8.50614
14.3306
8.70785
14.1238
9.22982
10.9736
10.5388
12.2378
7.34626
10.7268
14.2981
10.4238
14.0892
14.7104
6.27419
10.6498
6.12206
12.9917
13.1525
12.68
10.7457
13.6182
11.5769
7.11283
13.0518
12.8894
6.60231
14.0825
14.0861
13.4785
14.6754
7.32253
14.6882
5.43453
4.37892
13.7422
11.4935
10.0916
12.2999
10.1491
13.7408
13.1044
8.98542
10.8413
13.2034
10.5088
10.1382
14.3438
9.9504
4.89909
14.6223
14.4647
9.05809
4.84195
14.946
10.6249
7.74726
12.53
10.7171
11.4462
10.5905
8.57254
12.1051
13.0069
6.01174
5.31497
11.5569
10.791
8.32316
11.9526
9.96767
14.2326
14.8678
12.4887
6.85814
14.9248
12.224
8.93545
9.39031
9.84113
13.3933
8.17937
14.0675
11.7324
14.4162
10.1047
12.5473
14.7605
10.092
6.526
13.9641
14.8552
13.3053
10.1829
5.27862
6.09657
10.8204
13.9555
9.37849
13.2943
13.3928
11.3722
7.12631
11.2571
10.5127
14.1202
10.759
10.1551
14.6454
9.44676
7.7307
13.9349
14.7321
4.44337
8.21974
10.4383
8.50909
5.59124
9.09332
9.75201
13.1201
14.5513
11.3836
10.7827
5.89183
13.2876
14.3466
7.43642
10.4756
14.817
7.56299
5.19586
14.4938
13.1305
9.833
12.8093
9.76337
7.90602
6.27241
13.2821
12.1229
12.7811
12.8158
9.4606
14.6285
8.67663
9.92239
14.2738
12.1376
