8.54214
13.8723
11.3341
14.1872
11.5817
14.5736
9.56445
10.2734
6.51663
11.2611
11.234
12.5108
10.5734
8.77712
14.9737
14.6092
11.5718
11.2178
12.2027
9.87772
11.8524
10.418
11.4913
10.5447
14.6552
13.6209
11.0687
8.61864
5.73822
13.0128
14.8933
11.2234
14.2479
13.945
11.9045
13.6285
4.90802
6.33565
11.2973
12.1837
12.6001
13.5197
12.8947
14.3687
8.89759
12.7033
11.8609
7.28084
14.2588
11.4879
6.26875
12.6756
9.17055
8.3882
11.553
11.8672
3.96657
11.6634
9.75841
10.8402
12.578
14.7294
8.37963
8.96163
13.2481
14.2879
14.493
10.4248
14.216
12.3616
6.76951
12.8318
12.3426
12.1586
13.592
8.88946
10.2282
8.68447
12.7786
11.5227
13.7281
14.0537
10.9711
11.4791
11.9004
10.9046
7.40137
12.1751
10.4645
9.82844
9.48098
8.85746
12.0495
13.8476
11.0195
9.55078
10.2745
12.5507
9.81106
9.94539
14.4059
5.39888
14.3203
14.4529
14.2721
10.7701
6.07876
14.3848
13.2351
9.49616
13.9356
10.8999
11.2693
12.1421
8.14137
9.73449
9.71172
13.0128
13.7174
4.96304
14.7399
12.5055
11.8145
7.38069
14.6171
9.68065
13.4431
14.6052
8.68574
14.002
11.3582
11.6087
13.3527
8.23772
8.26934
12.1082
14.4224
12.8444
10.0595
14.1281
13.2262
12.647
13.1419
11.8646
11.5045
14.4873
7.21782
9.01674
10.0214
5.44857
11.6537
12.8386
13.2777
6.35687
9.99063
10.0283
12.3086
8.17184
12.4956
7.28748
10.6809
6.17652
11.5647
10.9654
11.76
13.2022
9.20571
11.4332
5.6462
9.1089
13.6326
11.0053
12.049
12.2423
4.80873
8.35304
13.3953
10.5274
10.5843
11.7009
13.5274
14.3553
10.774
9.32806
13.3106
13.4817
8.39421
8.63385
10.1617
13.3851
12.0036
10.2358
14.8642
9.50031
11.4049
9.83821
13.7746
11.4072
13.6471
13.0381
10.5404
6.07017
12.7686
8.51819
13.4246
9.77475
7.01232
13.7452
6.12342
9.88304
10.6357
12.0582
5.84973
10.3166
10.3886
11.033
8.97001
6.92546
6.12794
8.96043
14.0995
6.2597
14.3566
12.2196
10.4381
14.4523
12.7579
11.8567
12.669
11.6601
9.95119
13.3862
12.9721
9.66923
9.38623
12.4738
14.145
12.1018
13.7589
8.9948
11.6284
13.7499
8.46209
8.50512
13.934
12.1703
13.5979
14.7596
13.3706
11.9571
14.2137
13.2689
10.5379
13.9972
6.30493
12.8143
10.087
10.8112
7.31842
11.9723
9.81134
13.1734
11.8159
7.61529
12.9428
4.74687
12.4366
10.0555
7.6042
12.6695
13.5791
12.1154
9.15738
12.781
11.6603
13.8624
13.2024
7.56324
8.46104
7.26136
9.66108
9.44412
12.9928
9.42289
8.81793
10.3876
14.3396
12.7119
6.65169
9.33089
9.00733
9.86225
13.1044
14.0999
13.0088
13.6921
10.8535
9.10792
9.13352
12.6489
9.525
14.9817
9.01943
6.57936
5.78069
11.8744
13.3047
13.8911
13.4167
12.717
6.48497
12.3545
11.9237
14.331
8.47681
14.6856
6.84336
12.6358
11.7539
9.66398
10.6694
13.4355
10.0705
13.7212
13.5166
8.43501
14.7163
13.7202
11.6615
14.4564
6.90249
6.79723
8.61639
8.32365
10.4888
10.7676
5.91354
8.45494
9.75988
8.23541
7.17388
13.1453
10.5976
13.7691
11.4789
12.3569
9.4073
11.4456
10.8087
14.9593
11.2858
4.42614
8.0091
12.0452
14.7766
14.8276
11.423
14.537
10.3231
7.52382
9.72503
13.9557
9.2578
14.0736
12.4785
10.6752
10.0299
13.9128
13.85
8.84891
9.80839
14.4305
7.86421
9.28111
12.0384
14.9241
11.5416
8.59844
14.5748
7.52231
13.5902
13.8088
9.80658
10.9029
14.3006
10.7239
9.05481
12.2492
12.2609
13.6756
5.07669
13.1611
13.0296
5.74972
4.64502
8.53836
13.0759
9.58838
13.9851
11.3025
14.0904
13.2362
12.0204
12.2064
11.0183
14.5597
10.442
8.29803
11.8386
14.3681
10.2519
14.6093
10.8914
14.4362
12.7353
8.87473
6.51803
11.3061
9.03423
10.2534
9.7943
7.52701
11.5637
4.41022
12.7687
9.6447
8.75344
10.39
5.66042
10.6708
12.6712
10.3061
13.616
12.9424
9.06363
12.784
6.16171
13.7926
13.2353
14.9674
14.5571
14.3637
14.0354
8.96323
9.72362
11.5811
10.0144
14.4038
10.3178
14.3271
8.09644
9.89477
9.74394
8.45471
12.9345
10.1366
9.82237
10.8393
12.7765
12.8105
12.7331
12.3157
4.71602
8.61227
12.4007
12.2438
11.3717
13.71
14.3451
8.76377
14.2687
12.4188
11.2347
9.90056
5.71657
11.7293
11.0735
8.4155
12.307
12.8529
12.7293
13.8659
13.1297
8.44912
5.99599
11.3124
4.18532
9.07701
14.6595
11.8676
12.09
14.3656
14.251
14.4841
12.9444
14.2063
14.5518
13.7015
8.17246
12.9238
11.2146
7.76173
7.24517
13.3304
7.89288
14.5234
7.20972
12.5228
12.9997
7.38887
9.35576
8.81474
13.9532
13.6902
11.3587
12.8438
12.8276
13.8543
11.1277
10.0889
13.1204
12.7824
6.45395
9.67982
9.90545
12.4192
9.24405
10.6371
13.4755
7.25382
13.7221
9.78065
14.8919
11.1486
11.4759
13.3569
10.6657
10.7646
14.3851
10.6907
12.4128
12.8342
14.1097
14.9194
9.99669
4.28895
9.8471
10.0129
8.31762
9.10915
14.9588
13.9939
8.60559
5.93443
9.16464
5.13958
14.8888
10.624
11.1865
12.3778
11.6026
4.6228
5.11015
13.0688
12.0407
14.854
13.2303
13.4599
11.6396
14.9663
10.7586
12.9295
7.85136
13.0056
10.147
13.094
12.6431
8.8426
11.0574
12.2377
9.65938
10.1846
12.4815
14.5321
7.59133
8.01467
8.77082
10.6902
13.6678
9.7801
13.5703
13.7138
11.8601
13.774
14.7388
14.154
13.8508
13.8762
14.7845
13.3942
14.3536
8.05222
13.8277
12.442
6.28968
10.4077
14.7139
10.8921
8.51275
14.8905
11.0811
10.4567
13.1945
8.8686
8.38076
14.7823
7.46195
13.5358
9.77071
11.3173
8.27802
13.2591
10.7353
14.7317
14.0262
5.2344
6.24397
12.8471
10.0837
12.2938
12.6795
14.2468
14.0159
11.1113
12.1967
14.4759
13.4023
11.4872
11.5168
14.1442
11.8773
12.0877
12.2445
12.5385
8.96857
8.14266
14.4139
12.7428
14.0437
12.657
12.2424
13.5264
13.7469
14.6753
9.27237
5.97431
13.6677
9.22188
7.79316
11.123
13.1703
11.7923
7.06358
11.7281
12.655
14.4547
13.9612
9.72647
11.2137
10.887
10.6796
14.6506
5.67738
13.1373
9.94372
5.04784
14.1851
14.2908
10.9176
8.54749
14.8805
5.72852
9.03762
12.2016
10.1523
10.6395
8.80162
14.7864
8.07919
6.77733
10.6568
12.6933
14.9959
9.87574
13.7558
13.9957
13.9717
8.88652
10.8754
11.0293
8.31563
10.6829
11.5049
12.8366
11.1513
4.91053
8.56023
10.592
14.5419
12.7461
4.45264
5.55267
11.9385
13.2919
14.1301
14.7626
14.4056
8.49612
10.5808
13.3913
14.2218
14.223
6.06568
13.7886
9.11245
13.7979
14.4193
13.4852
6.98269
4.48691
6.03509
11.9209
9.22499
7.95723
11.459
11.2358
8.57453
8.42392
13.6364
13.3578
12.0596
13.5412
12.6813
11.9892
5.39755
14.9226
14.0257
11.8465
11.0235
9.9877
12.1555
14.1932
10.6269
13.4329
11.5943
11.0443
10.6782
10.7884
13.7639
9.62819
6.23769
13.7667
4.68333
6.46832
13.3197
8.17934
13.8198
14.0654
11.3134
13.4377
13.2861
10.1683
4.49413
11.4662
8.97729
14.3441
14.3295
11.8992
6.84489
10.0213
10.5131
13.8962
9.86289
12.9558
4.88507
10.6424
8.11517
11.6119
11.0236
14.2926
11.3979
13.6062
10.1151
10.8423
8.68874
9.00271
9.93675
13.0282
8.98771
5.39587
13.286
11.3468
10.772
11.4264
11.794
11.2353
13.1809
9.75188
8.5352
11.8725
9.46911
10.7398
5.26278
11.3721
11.9493
5.76403
12.4178
11.5893
14.5668
13.5964
11.1237
14.0578
14.835
11.0641
9.11448
14.2643
6.01024
14.4971
11.0568
7.56794
10.5299
11.0615
12.3603
10.1701
13.2696
11.497
9.79304
12.4097
6.22448
6.31243
9.8912
12.0265
8.21195
8.18826
10.3898
11.6629
14.4919
8.7556
12.4026
13.5804
12.1299
12.9042
12.664
11.6044
14.055
9.12471
10.1249
11.8544
9.73571
10.2845
14.956
14.9705
7.17034
8.61236
7.39127
12.2085
4.83009
12.5718
12.6102
14.3545
10.1968
10.0924
12.7963
8.59511
12.8249
11.1461
8.70677
6.54382
14.4231
8.36282
10.7251
13.3717
13.1757
12.577
11.3191
9.14313
9.15402
13.6185
11.3545
13.3165
14.8294
8.5996
11.0234
10.9014
6.47226
7.07919
14.1884
14.0402
9.84306
10.9223
14.9064
7.72186
10.2174
6.54073
9.73245
9.23816
12.1902
6.95466
5.93648
11.6554
8.24195
10.758
5.18022
10.9952
14.6805
10.5143
6.68536
11.5883
5.63131
10.8248
12.111
8.80317
8.48045
13.0774
13.8864
6.30339
10.4776
10.0216
12.0901
13.6807
13.1385
10.1265
13.4545
14.7991
13.6984
13.8456
14.1843
14.87
8.95638
12.6075
11.0997
6.15917
10.8723
11.7492
13.4371
11.8213
12.0366
10.159
10.2151
10.7476
8.93628
8.15568
10.0161
12.2395
14.4864
11.9352
7.18677
14.3843
8.34104
8.69479
14.2686
6.6583
11.2175
12.8546
14.1119
14.7704
11.7235
14.6988
14.07
9.88788
13.4164
13.9425
12.5627
9.86447
13.2925
5.72758
9.62699
11.1773
7.87613
4.78577
13.6841
11.0978
13.8099
7.95846
13.6763
12.4762
11.9233
11.6763
14.4988
12.1772
14.6402
9.22413
8.07484
14.1108
12.2279
8.4845
9.58652
14.9803
9.87052
5.43559
7.97541
11.8062
13.9067
11.3054
14.0654
12.4464
14.7983
9.62197
7.89536
13.885
12.6206
5.89464
12.1933
10.1154
7.68049
12.8756
8.96502
13.1194
13.4844
13.944
6.37842
9.65449
12.684
13.6644
13.1392
8.29436
12.4232
12.9135
5.96231
14.0557
13.7202
5.58
9.77227
14.512
13.4119
9.527
12.0977
14.268
13.1131
10.1688
11.4954
14.4524
10.7006
12.7485
14.7451
14.9874
6.68317
10.1494
13.9261
6.69494
6.63674
14.1728
11.182
9.27147
14.3016
10.753
10.0074
8.60356
6.07475
14.4356
12.4173
13.0128
8.74001
14.4602
10.7617
8.20625
9.19011
7.56924
12.4622
14.8152
12.0518
14.4318
10.7829
8.0125
13.6004
14.2372
10.198
13.0323
10.9973
9.31095
5.98373
10.9251
10.9619
8.46151
9.9007
14.1751
11.532
11.4614
10.3431
12.0185
13.6554
14.5059
5.43535
11.2058
12.9981
11.1441
8.2878
8.12318
10.701
12.8583
11.1114
8.70005
14.2327
6.54846
12.4186
14.7144
10.2809
8.75395
7.89292
12.9724
11.0484
5.67736
14.6121
11.2548
12.04
8.87347
10.8284
7.34008
10.426
5.66437
9.28462
6.84894
11.6413
14.2565
14.5832
11.9017
11.1129
13.209
8.71531
13.9811
13.1712
14.8782
6.86977
11.7499
11.8296
11.5138
10.219
10.1078
11.2106
14.4454
11.591
12.1227
11.4732
12.5683
6.10428
5.5855
14.2109
9.96111
14.3065
14.4115
7.37304
14.7859
10.2831
9.88072
14.407
6.37379
10.3705
12.2304
11.5108
14.3685
9.35287
11.7041
7.60548
13.5958
13.6463
13.9538
12.8406
13.9188
12.2319
14.511
10.4719
14.3055
12.8896
12.1034
5.90024
12.0037
13.9521
6.32557
13.6487
8.6796
9.01895
6.07939
13.774
9.19811
14.4605
14.3005
10.1658
8.71488
7.83385
7.87186
14.5845
11.3808
14.3321
6.12674
12.641
12.9073
12.9188
10.7943
14.7193
6.52003
11.8784
14.9103
13.6212
14.8939
10.6346
9.8223
12.9755
12.197
12.4448
12.7945
12.1634
13.901
10.0963
9.44114
11.3379
10.7602
13.9539
11.3664
11.7582
7.19919
9.97289
9.84083
10.5398
11.3581
7.55995
10.0939
9.98304
13.3545
13.2282
8.73798
9.50109
14.6338
13.3642
12.4989
13.043
13.9006
14.0217
13.91
7.92243
13.932
10.9937
14.804
8.34374
10.648
13.6886
14.9539
6.01123
7.96879
8.94909
9.64346
14.8482
14.4375
7.66811
14.2635
12.4843
14.8233
10.7797
13.5181
6.21299
11.9956
8.97041
11.6942
11.9348
13.6277
14.1884
9.95442
11.9119
14.7433
9.61385
14.2058
8.96199
11.8642
14.2623
9.50682
14.3425
14.9524
6.8351
9.16198
11.6476
14.4538
12.2687
13.9002
10.7587
13.559
14.2793
13.8162
12.1452
14.3647
9.98602
10.27
14.4135
12.9443
10.5811
6.27821
5.95216
12.2778
13.9986
13.2804
7.589
12.2806
12.9769
8.63987
10.5402
12.6065
10.1491
11.2853
7.84109
8.43985
9.19378
10.6442
13.2912
9.92531
10.3658
10.6245
10.5756
11.7624
11.1883
13.4763
14.2546
13.2766
14.7812
13.8957
14.7872
14.0537
9.09974
8.51923
14.1901
11.3904
12.3172
9.39473
14.4546
10.1588
12.327
8.73458
10.4647
12.4577
14.4214
9.8084
10.5381
14.7519
9.64476
13.2875
12.7115
10.6466
10.1273
13.6304
11.5404
14.2381
13.4961
11.865
14.3122
12.9235
10.3146
14.2758
6.5919
14.4351
9.06525
5.41062
14.2614
13.8944
10.5171
14.4825
12.9314
7.63884
9.62335
12.9725
13.5789
8.03464
10.6461
11.288
11.4062
13.0795
5.43485
13.533
12.2072
9.2957
9.78549
13.7364
12.5795
10.9489
14.5424
12.8171
13.7753
13.8386
6.52013
13.8395
11.8865
14.3157
14.361
10.3818
12.6801
12.8387
14.4774
12.5367
14.1843
9.19191
13.3859
9.93099
10.7633
12.7741
14.9457
9.55108
13.1301
13.8066
11.7995
14.7311
13.7416
14.7289
9.81503
9.41864
13.0202
9.5568
11.9578
7.46497
8.04902
13.9361
11.4933
13.3403
13.8371
13.338
12.7488
12.9053
11.1226
13.0148
5.84551
9.64634
10.6835
13.8296
5.56706
9.05711
10.4451
12.8132
11.6725
13.1706
10.7203
11.1064
10.3268
13.65
13.1466
13.56
9.80991
12.1629
12.412
12.7456
10.7288
8.87461
3.82808
10.2021
14.7435
12.1792
6.13647
13.6082
10.3152
11.3004
14.5086
13.6769
8.48774
13.275
14.1467
10.0642
12.7231
9.15147
13.9661
14.7014
13.774
14.6592
7.58418
14.822
13.3537
10.081
13.2157
10.9192
13.4288
12.796
14.3973
12.4347
10.9893
8.69369
13.8791
12.4268
8.8418
12.8166
14.5615
13.2945
14.4085
5.68192
12.9908
8.83082
10.1808
12.8569
11.5688
12.4076
11.9028
5.81701
14.0161
13.7752
9.72633
11.3767
14.4104
9.21729
7.24993
14.1937
11.5196
11.0637
14.7762
12.8451
12.3998
12.1485
12.557
13.2714
9.83669
9.8335
7.98478
8.53144
13.8411
9.99643
11.3389
7.99481
6.12432
5.12452
6.81283
11.4278
14.903
14.8514
11.123
10.017
12.0749
8.82887
13.8671
9.41072
7.31289
9.10536
13.7747
8.36567
9.17988
12.4466
9.40016
9.4628
11.6335
11.2713
11.346
14.2141
9.49776
8.15773
14.1142
14.7905
13.6694
9.75437
14.8765
11.5265
8.29849
10.2905
14.2022
8.60021
9.36813
10.6155
13.0927
13.8792
12.2812
10.3124
12.3128
14.041
14.6134
9.03252
13.9992
11.8067
12.2521
13.8564
12.4332
12.4484
14.9795
11.1641
9.67231
8.67287
10.3407
14.3049
13.6576
12.5713
11.9219
13.6178
9.50708
8.96978
10.2984
13.1971
12.2371
11.7482
9.90785
6.20945
5.62331
4.04357
14.4428
11.8618
8.75228
10.9704
8.87916
12.9754
13.9785
13.5445
12.0952
11.5521
13.8137
14.0244
9.56823
14.3037
11.1505
8.60181
6.39079
10.8529
7.92387
9.63248
8.36703
10.4716
7.36499
11.8682
8.43493
13.8672
12.116
10.1147
13.7978
11.295
11.7704
9.66087
12.5616
13.467
11.6921
6.86346
10.9872
10.1592
6.9778
10.0524
13.9916
14.6238
12.8303
14.0091
14.4884
13.0328
11.1227
9.95862
8.87078
10.6824
12.8537
9.83367
11.12
11.6609
14.7462
14.7857
13.3146
14.7628
4.01715
11.5324
11.3395
11.9665
14.497
12.1062
14.4092
14.4743
10.5432
9.80437
6.48315
7.08067
14.6399
11.717
10.8308
10.9716
11.8168
14.6173
7.14425
9.19286
13.2492
14.4339
10.2489
14.0654
12.2412
12.1118
11.9898
14.2688
14.3866
12.2557
13.004
14.4247
13.7735
11.8238
11.9998
12.1722
9.23702
14.3282
8.40586
9.04929
14.4711
13.5843
11.7056
8.61461
14.5018
13.3049
8.24711
9.4221
14.0955
10.0591
11.4579
11.1941
8.01853
7.74849
9.6912
14.5843
12.2951
11.6592
9.72133
12.8399
11.0809
11.9481
14.9212
13.0098
9.53524
14.2414
13.1177
14.3158
10.1639
10.4449
12.7495
14.7967
12.8935
13.1588
11.7047
8.87868
11.293
12.6729
10.0625
12.8126
13.5804
9.59412
10.2329
13.2296
14.1928
13.6848
10.8061
8.11638
9.54343
9.48136
13.7233
6.33169
11.1655
14.4418
12.0581
14.5583
14.6197
14.4983
12.1118
11.753
12.4126
13.8782
8.90875
10.5146
9.58279
14.5266
12.9446
7.0631
10.5273
14.3547
14.5483
14.6016
14.5274
11.4799
13.1943
5.6853
6.53442
11.8504
13.2883
12.6666
14.7754
11.6966
14.8476
10.0695
11.7294
13.8388
13.8893
12.1871
7.59925
13.2646
11.337
10.4294
11.128
10.8833
7.19518
11.6197
11.0065
8.93757
13.2083
7.65339
14.6391
13.8496
14.7819
11.8999
10.2162
9.57449
13.1055
13.9426
14.5349
9.64029
9.59795
14.9777
12.0333
11.1397
12.4639
10.0699
10.1854
9.86242
13.2027
9.22886
14.2004
9.59047
9.96423
10.7813
5.05152
13.4422
14.3055
8.95324
14.5007
12.7878
11.5144
8.33743
6.22971
8.48266
9.45307
12.7673
12.4055
9.41274
12.014
10.8906
10.4358
14.7589
9.93125
10.9631
13.3512
12.2972
12.1146
14.8583
10.9164
13.0707
13.8815
11.3888
11.1486
13.5217
10.8841
14.0575
12.4767
14.9952
10.6499
12.6716
5.0257
10.2436
10.0096
4.68
8.29716
13.8492
6.95754
14.0316
10.2
9.45153
9.53935
14.2738
8.57814
13.5824
13.9349
6.30102
13.0639
14.1452
14.0758
14.3889
6.17917
12.6876
7.1967
8.417
10.9656
12.016
8.61918
12.2487
4.82725
10.9315
7.52997
9.68937
5.22645
11.5054
7.3887
9.79505
9.85414
13.905
14.6765
13.4131
11.129
13.4421
12.4849
11.9314
4.19489
13.2917
9.58198
12.4578
11.7693
11.6711
10.5875
13.1789
10.0678
10.0689
13.3267
7.12942
12.7713
7.87987
10.7847
7.81753
4.8772
14.7353
9.97135
7.03226
13.8702
9.4544
13.6119
14.7096
14.4396
10.0296
14.4841
12.8614
12.3097
13.8978
14.2868
12.2476
10.8175
6.31828
14.4515
9.5545
9.74178
14.9835
13.7927
12.9182
12.8389
14.4267
9.55827
13.5368
13.1172
10.261
12.782
12.0547
5.1015
8.40362
12.7391
13.4445
10.322
14.2198
11.4539
12.8313
13.507
13.1713
10.9071
9.95467
11.9025
12.8161
13.6613
9.90812
13.6311
14.444
11.1659
11.4299
12.8161
13.2156
13.4786
14.9441
8.36245
11.9216
14.8529
14.8332
13.2682
14.6659
13.9132
14.2098
12.1414
10.7564
12.203
12.9564
6.32277
13.4096
6.09358
14.0613
13.1432
11.7082
11.476
10.8313
14.083
13.5954
13.1302
14.1489
8.60497
6.13375
12.2827
5.93303
6.49229
12.0208
13.2909
5.76834
12.2633
14.7648
13.7794
8.26559
9.6142
8.04761
12.7303
10.9016
9.4385
11.7213
14.7069
10.7847
6.90659
14.9859
13.3761
8.46678
6.99646
10.1393
13.0395
13.5889
8.34488
11.5597
12.538
14.609
11.8622
13.1118
11.592
6.1401
5.72949
14.1107
14.8256
11.9059
9.4725
14.9586
10.6451
7.04008
11.804
11.2069
11.8053
12.9814
13.8477
14.3041
8.309
8.49253
11.094
14.7628
13.0687
13.9557
11.255
8.60063
9.87179
12.9748
13.6581
13.7965
14.818
12.4685
14.8216
13.7332
11.9234
12.6213
14.9569
11.5025
9.0988
13.1852
10.7884
8.75646
6.31815
6.28339
10.1148
10.9131
12.4614
13.217
14.0947
13.3583
14.1694
14.043
8.3448
8.87515
6.34688
13.3676
9.28649
9.40489
12.9322
12.723
11.5259
6.21408
12.7135
11.1314
9.89741
10.2794
11.8952
11.1458
12.887
5.01126
14.573
13.354
13.3839
7.54842
11.8791
6.6751
9.7933
13.2933
8.25054
5.02423
12.0968
12.7348
9.68802
12.2886
14.9083
11.3019
7.47258
9.17923
10.9458
6.1588
8.93405
9.5121
7.41327
12.2017
13.8781
11.728
11.9908
10.3211
8.94815
12.1639
13.9504
14.371
13.2559
14.3856
14.5795
7.25287
14.9688
14.2476
12.5278
14.5286
13.5432
12.6565
12.0839
12.1657
12.6432
9.34103
12.197
10.9703
9.02593
11.4518
11.1963
10.9111
12.5578
13.2049
14.8603
13.498
10.433
13.3025
14.135
13.5482
12.4908
13.548
8.05761
13.6493
11.4334
11.7427
13.546
14.4528
10.3959
8.64652
13.5893
8.07908
12.1409
11.9506
10.2819
10.3441
13.9753
12.7348
6.81445
9.83305
10.162
9.65982
12.6043
11.2084
13.5404
6.79215
14.2052
12.3631
12.4692
9.72965
14.2941
12.8805
14.7967
14.3316
12.3481
14.8811
12.5605
12.6002
8.63809
12.4011
12.3734
9.97903
14.3907
13.4408
10.1364
8.63002
14.7623
11.9776
11.5748
14.3446
14.9583
8.7151
9.69792
14.1161
10.3408
14.8479
13.0275
11.4074
9.85649
14.884
14.3766
12.1674
8.90784
10.6898
5.21293
11.5332
14.2505
12.5584
11.0021
12.2434
9.71358
14.1377
14.8759
13.9943
14.1086
12.0234
12.7497
13.4823
5.59776
10.8921
11.3257
6.21439
14.9997
8.7768
6.33378
10.3352
13.2822
7.83936
12.1379
6.09149
9.77027
13.8059
12.5676
12.2747
14.5096
9.48056
14.3183
14.9867
11.3907
9.47924
10.1057
11.8424
9.91353
14.6294
12.9766
11.0845
10.0798
14.6438
14.2519
12.0654
11.3561
13.8062
10.817
12.2148
11.7444
5.97026
13.9226
14.9518
13.4746
13.2058
5.19508
11.9963
11.5682
12.0429
14.9751
11.154
13.1821
14.1834
9.7926
13.6335
10.5306
11.6346
9.84522
14.0889
14.7562
6.87634
14.3971
11.1092
13.9229
14.9205
14.6821
13.1419
14.4918
13.8984
14.9335
9.98155
13.2023
12.8011
11.964
12.4391
14.6289
6.62625
7.58102
10.0111
13.9251
13.4698
14.221
8.08868
5.90881
14.4168
5.11803
10.5931
13.9253
11.2535
14.5842
14.3339
13.8381
12.4731
5.48288
13.1166
14.009
10.3162
6.33145
10.3453
6.62195
8.85739
13.6745
13.31
11.9306
13.8864
8.57901
12.9761
8.43831
9.88682
13.4275
14.878
7.34845
14.3725
9.82754
12.8155
13.3765
5.61981
9.13012
6.68656
13.3979
11.0862
9.42288
7.32307
14.6459
14.4909
9.63688
13.9239
5.4337
14.8401
13.8114
10.4444
13.8813
13.1046
13.0357
12.7256
9.44545
9.27501
12.2954
12.909
12.7893
14.2155
14.8628
13.9449
9.33956
13.867
14.8049
14.5924
11.198
14.494
12.3906
13.2918
10.2785
14.4175
8.88998
9.77923
13.6356
12.1637
10.7911
11.7191
14.0533
14.9679
12.4691
14.2594
13.2781
9.64561
10.8262
14.9618
12.5198
12.5353
10.9915
14.3837
11.1443
14.1766
13.5907
10.4495
14.7056
13.2635
8.64233
10.9168
12.8785
13.4506
13.1981
10.6717
8.00882
14.8725
10.2083
13.5721
12.3493
14.0064
6.32332
13.7596
10.5709
13.5498
14.4429
10.4174
10.2065
11.7355
5.59747
11.5527
11.6086
9.01236
13.3929
14.2668
12.4833
8.53609
10.2004
12.5165
12.6315
11.394
14.9682
14.1245
10.2305
11.2023
6.06649
14.6875
14.9704
14.1793
12.5078
12.5509
8.6543
14.8486
7.52204
11.4525
14.4357
13.6298
11.7732
14.7139
13.3349
9.81505
9.76445
14.7536
10.9665
9.08835
13.3646
9.19071
8.04968
14.3836
14.6021
13.5442
11.2799
6.85316
11.1445
12.1973
11.3401
14.991
13.8806
5.92733
11.5765
11.8658
8.79547
10.6641
13.3985
14.4564
10.5067
8.57072
12.3903
9.74899
12.2402
14.1289
13.4389
12.5832
13.0338
12.4463
12.6714
8.31746
5.85494
14.909
8.88954
14.4918
9.51693
10.1153
10.3605
10.2712
13.722
14.3136
13.5389
11.7921
10.5779
14.7147
14.2879
14.7148
14.6804
12.1172
14.6035
11.2323
13.9928
14.0797
14.6846
10.2764
9.06575
12.7474
10.5885
14.5115
13.4114
13.9015
9.77106
13.8893
10.3453
9.76
11.7542
13.8627
11.778
6.40459
13.0739
6.30669
13.2365
13.0007
6.26611
14.1448
12.4257
14.4578
9.93871
11.4551
10.3207
12.2273
7.67896
9.67457
10.9409
8.0304
9.75257
11.8574
8.66837
13.5337
11.9395
14.876
10.633
11.2898
9.65008
14.1381
6.07782
13.9634
14.0037
9.56182
14.7699
8.81673
14.029
13.3887
9.00972
14.178
10.4897
14.4133
10.6285
13.4456
10.8139
10.0939
13.1438
13.6714
14.8611
9.87031
13.2972
12.4716
11.0528
14.8946
8.54576
14.489
14.8671
4.00174
10.9328
9.85989
11.4574
11.1702
9.69394
7.90824
14.9773
7.66643
6.01558
13.9977
10.5812
6.79962
11.3071
13.6613
14.9461
8.82853
8.77277
13.8489
12.4369
14.1007
11.3991
13.8684
5.88169
13.4771
14.4473
13.0553
14.0033
14.9807
12.5346
9.8995
11.6396
5.96093
11.2165
13.0978
6.39829
9.46854
13.3585
14.5337
12.3313
11.7346
13.5599
8.99786
12.3695
12.999
13.5522
11.4172
8.05701
13.2371
9.54688
5.05913
8.20471
14.571
10.3899
12.9777
12.9153
9.04755
12.4895
12.4658
12.9749
12.3451
11.8923
7.87334
14.7969
11.0766
10.6671
8.33817
4.98726
8.86587
12.911
8.34355
12.4874
10.3028
12.9896
13.0432
8.56907
14.2195
11.4429
6.17123
9.68648
9.74562
14.3764
5.18433
7.95891
9.6694
14.9988
9.54557
14.3832
13.7105
10.065
13.4359
7.02674
11.6423
12.4804
11.045
12.5104
11.2026
12.0272
12.5336
9.61153
10.7508
8.42133
14.5071
10.8764
12.1133
9.5829
12.1776
12.6016
13.2958
12.55
5.51705
14.8389
11.1482
10.2388
5.66291
8.71262
13.4245
11.0909
13.1319
6.98828
13.4316
12.1061
11.6003
11.2824
10.7887
9.58846
14.8598
7.34013
7.28142
7.75472
5.95991
12.7906
12.2299
11.1712
13.5469
12.8848
10.3805
14.9771
14.1047
13.3728
9.32863
14.7656
13.1917
6.65077
14.704
12.8619
12.3174
7.30607
13.5853
12.1996
14.2675
10.5518
12.6438
11.781
13.2308
9.05431
12.4593
9.35762
8.71121
11.3604
14.1513
13.146
13.1614
11.2019
13.6941
12.4459
13.4651
10.894
14.5416
14.2046
8.51274
8.32219
7.97645
9.09108
7.0278
9.92366
10.4259
14.3989
14.4588
11.3175
10.7163
13.1288
10.5948
14.3836
9.54098
10.7789
12.2157
14.1062
12.5935
14.9982
14.8065
11.9666
12.9331
12.7609
11.6658
11.6
10.1955
14.3994
9.5089
11.1062
14.4945
6.32282
13.8715
12.7164
13.1917
9.85008
8.19325
7.96145
12.2933
14.6615
10.8456
14.5536
12.4123
13.4753
12.8562
14.6273
5.49843
14.6418
13.1358
9.88992
14.6929
7.22596
5.14385
11.9388
13.7682
9.66267
10.8426
10.509
11.7368
14.8091
12.8239
14.7652
14.2094
6.30823
10.186
14.8052
13.8037
8.63229
14.152
13.5431
10.8901
13.076
13.9834
14.4082
11.3588
14.0496
6.93812
14.8357
8.77518
11.3649
6.47796
9.79428
12.7843
14.4478
9.84118
14.9982
11.0753
10.5066
14.5061
13.8239
13.441
12.3205
8.37246
10.1697
13.834
12.5862
12.3148
12.1498
10.624
11.18
12.9045
12.3295
13.5171
14.9218
12.4623
13.0605
8.0655
10.5822
8.7098
9.86579
10.3375
12.685
8.63061
12.4356
12.2723
14.9429
13.6686
13.1751
7.25217
9.6216
10.3646
10.0756
14.4598
10.9183
5.65767
6.07136
12.0905
7.50755
12.6473
14.9903
14.3571
14.7003
12.4634
8.22328
13.1768
13.2874
10.5893
7.29722
13.7661
13.5913
9.79014
12.0692
11.1013
13.1739
13.4839
9.97221
13.5538
9.31323
8.60434
13.5532
9.40552
6.38631
10.571
14.6392
5.04139
11.3337
5.6894
12.319
8.87061
9.95696
11.6858
12.8048
10.1593
10.0195
13.2044
11.8578
10.6775
8.75268
10.8784
13.24
12.5527
5.15509
14.4547
9.63378
6.87957
12.1684
10.5464
5.10159
13.1265
13.5676
14.501
6.1122
14.5481
14.721
11.0184
14.8032
6.79041
14.9418
14.786
11.9481
8.81013
11.5477
14.0125
10.2011
5.0686
10.7561
10.7023
8.5869
14.788
6.1235
12.3934
12.4203
12.0067
8.64545
9.09528
8.26614
10.4754
7.18552
12.7135
5.98902
14.7593
12.0429
14.5902
10.4397
13.8893
10.3536
7.319
12.3164
12.4387
14.6488
6.437
10.8204
13.7662
13.8046
13.5127
13.8379
13.7138
11.5175
14.716
14.8428
11.8117
14.6462
14.2354
9.53115
11.5525
12.0024
5.37141
14.5369
12.6823
12.5003
10.246
9.88765
13.5629
6.05864
14.822
14.3913
13.2903
11.4945
11.7986
4.90502
9.98886
13.4835
13.7133
10.8294
11.2443
11.6156
14.0475
10.4658
10.6246
6.2658
11.3139
12.3313
7.30863
13.5132
9.83433
11.5552
8.213
5.76599
9.61274
11.4135
12.1731
6.70075
10.6391
12.5214
13.0274
11.2221
13.6754
10.6279
14.4537
8.20394
13.2989
12.4688
13.7106
13.8987
12.8589
10.8746
14.3134
14.7817
6.45301
11.2384
13.5003
9.80646
11.3254
14.4999
11.8444
14.8508
14.137
11.0541
14.3292
9.25842
11.824
8.63381
5.84007
10.5164
10.0514
14.9726
14.2154
13.6335
12.883
10.3734
6.36322
9.93033
11.5317
13.6237
14.1754
13.5875
12.4958
11.3995
5.46166
11.6666
12.8703
13.4589
12.2538
10.4468
5.59699
13.1232
6.0818
11.0212
9.02175
12.9788
14.7371
11.4507
10.8951
12.1944
9.90162
10.4334
12.491
4.96434
7.46705
14.8456
10.2045
14.6076
14.3162
14.7472
13.416
10.8684
10.1614
14.0049
11.5001
14.4362
11.6571
13.7915
10.9406
14.1027
8.73917
11.2072
12.7439
8.84978
14.8094
14.1951
13.7676
13.4796
10.1732
10.4908
11.8727
10.8886
12.9917
13.6064
5.08124
8.49881
12.8517
9.64002
13.8841
13.5569
11.8972
14.7916
9.4407
12.9109
13.0409
13.0327
8.84108
5.95866
10.0461
11.8569
14.0944
13.3649
14.0943
11.5744
14.1881
7.38515
11.4704
7.56114
12.5907
11.2011
11.3216
14.6568
5.97255
5.98346
4.95531
14.177
13.4534
11.4069
12.0581
10.3795
9.09105
11.0534
8.35399
11.2735
10.7684
13.9519
14.6384
11.4951
10.4901
9.97445
11.3722
14.8446
6.31788
6.00149
9.38685
12.5861
13.8035
14.5223
11.8844
8.97962
14.2111
11.9823
12.4254
11.608
11.8696
10.645
7.20085
10.4245
11.3101
13.7792
11.0033
8.97136
9.20627
11.1934
10.3483
9.27474
11.0935
13.6957
12.9156
12.1778
13.3799
12.2843
14.7979
13.8706
12.2332
14.9993
11.4889
11.1023
12.0018
13.2391
13.7943
13.6102
9.961
10.2887
8.33466
9.60861
5.94046
8.25959
6.73262
13.4506
10.7282
11.3212
14.8864
14.8702
13.7798
13.1861
10.8027
8.9272
9.22553
6.6171
9.52558
8.39395
12.778
4.83412
12.3055
12.0745
5.65977
11.8517
10.1473
10.5453
8.87887
14.7776
12.4812
10.8193
12.3366
13.2527
10.569
13.339
13.8721
11.2032
10.0356
13.8153
14.5007
10.8611
12.439
12.2078
14.3318
14.5933
10.0671
14.8047
14.2828
10.3318
11.6112
13.1901
12.4466
13.5366
11.495
12.9728
6.42833
14.4685
13.7832
8.7294
13.074
8.15061
5.52489
13.1469
5.95894
10.0323
8.42471
10.8172
10.7201
8.17646
11.2374
10.2384
12.3708
13.7063
13.2472
12.3008
12.6752
7.98762
13.4267
8.71132
8.96674
8.42051
11.1109
12.7194
11.9982
12.8906
14.6608
8.23443
12.1898
11.7093
14.5258
14.1414
14.5643
9.21463
6.8364
8.67078
8.27696
13.2809
8.38989
13.0016
6.07309
11.4617
11.5642
8.88637
14.6576
9.91003
12.3025
14.3039
12.8411
12.347
10.9546
12.8344
13.5953
14.0305
12.3975
13.2066
10.313
12.6909
8.46261
10.3394
10.0655
6.02381
8.70611
9.78615
10.9217
14.4182
12.0298
10.4898
10.2471
13.1631
11.6113
11.3303
13.2775
13.0085
13.7461
13.1764
11.978
13.353
10.1734
10.1083
11.6046
14.5107
13.8288
13.2782
8.22088
11.5346
14.976
10.0128
12.4656
9.20142
13.6737
10.1731
8.01964
12.7615
12.8497
9.84476
11.0221
14.332
8.6833
9.20947
11.047
13.6666
8.53457
11.8496
13.9381
12.1626
14.9658
13.901
14.883
8.98345
11.8484
11.1175
9.9125
14.4001
12.5501
9.13274
13.8303
14.3795
14.2291
12.2299
13.2863
13.3463
10.8962
7.63573
9.27562
11.1407
13.675
12.9455
11.6285
12.4788
9.09542
10.1423
10.2594
10.0538
13.4994
11.7549
9.50048
11.9646
6.32052
12.1465
11.5245
4.22744
11.2315
9.48734
14.4348
7.44346
9.5657
11.4226
9.678
8.96911
14.1373
8.19473
10.9341
14.3062
7.61943
10.772
8.89437
8.73967
14.025
12.1749
5.72521
8.85322
12.046
8.07635
13.2577
9.92413
9.23613
10.3487
9.99546
12.9711
14.986
9.33123
6.44367
9.38723
14.6328
6.53176
13.9334
13.9159
9.97203
12.8565
14.879
12.5062
7.19369
8.29724
8.85552
11.0527
8.26894
9.70623
14.7925
11.0031
9.62677
10.569
13.6942
14.384
8.56839
10.6299
13.5651
12.6633
8.54725
14.4893
11.5276
11.6623
14.1729
11.5139
14.9325
10.9034
13.3771
8.57487
9.0099
13.0306
14.0849
12.0278
12.3354
12.4602
11.9624
12.8042
12.8574
12.4396
7.76967
14.3838
8.59484
7.40014
9.42568
11.2573
11.9429
13.5505
14.398
9.90412
12.0347
9.99551
5.84468
5.55455
8.21383
11.6245
8.64793
13.6547
14.8541
12.2067
14.1418
6.34212
8.53098
13.7481
13.5034
8.15069
14.6997
13.2956
14.1701
10.0011
13.0611
14.8378
9.80201
13.7011
14.6353
13.855
14.3796
10.3372
7.43498
12.2978
11.6106
11.042
14.9334
12.4122
9.34116
13.468
9.7582
9.55505
13.6536
12.777
13.8421
10.6537
14.7463
13.4421
7.27098
9.02552
10.4789
14.2629
10.6635
14.4902
9.18925
9.89603
9.88324
10.1128
11.3406
11.1706
10.0161
14.5281
10.8847
13.3925
7.22912
12.5994
11.0461
9.13346
6.72003
6.82157
12.4247
14.0458
7.26423
5.67043
10.2014
13.784
10.6653
7.29623
9.71666
13.5658
10.268
14.6525
12.5231
8.97213
5.82996
12.0114
8.35569
11.8787
14.3522
13.7561
13.9569
14.4661
10.3867
13.8213
13.5796
10.5174
14.0084
9.10412
11.8246
5.67879
10.346
11.9485
14.5936
13.6004
6.32532
14.357
8.588
13.0116
13.686
10.2354
12.5258
9.92251
12.0219
13.4407
10.5693
12.8063
13.6283
14.2827
13.1911
13.5785
14.6683
14.05
8.17109
12.5801
13.5672
7.79648
12.5193
14.9334
13.2697
13.286
7.27792
3.79732
13.2067
9.76108
7.31242
11.7431
7.07407
14.7729
14.6571
14.6457
10.2087
12.7109
14.3392
6.88545
9.87143
7.72369
7.94166
14.229
13.3583
12.7614
10.5853
13.3137
8.43281
5.09855
9.93478
9.24609
12.9667
6.53712
13.9264
14.1713
13.8851
14.7578
14.1747
13.3473
9.31264
10.1949
5.54914
10.9628
10.9714
12.0351
12.9055
11.3534
8.07975
5.69042
11.6861
9.97794
6.33438
14.2361
13.1386
9.68034
9.3715
3.81399
14.6057
7.44068
9.23021
12.9176
6.18284
13.7564
13.354
12.14
10.1293
14.3703
11.1545
12.4206
9.93402
8.74323
11.903
9.94057
6.17185
7.80023
10.7773
12.6656
6.32443
8.048
11.2632
14.1961
6.01729
13.0106
12.8777
12.3784
7.76031
11.7708
10.6648
14.9952
11.4164
12.8253
7.77796
12.0539
9.43403
12.9773
8.78482
13.9546
12.9128
6.16954
13.0394
13.1207
12.4749
13.6769
10.7589
14.1603
9.55207
14.2505
14.301
12.5304
8.88076
8.21688
9.73428
13.9767
14.8431
12.0992
11.675
14.5961
14.0714
14.2955
10.2637
14.4907
11.2368
9.85672
9.08458
4.20051
12.7105
6.70429
9.06593
10.9947
13.3444
13.5218
5.10899
7.33862
14.2417
5.93692
14.0739
11.698
5.53647
14.8821
9.78738
14.8966
8.09318
7.83773
10.9662
14.6688
10.7104
12.5729
12.0368
13.1644
10.4278
12.1269
13.5646
13.1724
11.0739
14.156
12.9532
13.8674
13.4982
10.6138
14.1651
11.6362
6.538
10.3652
11.9357
10.417
10.5987
8.9419
14.8888
10.9072
11.4372
14.3049
8.54445
11.9348
11.2829
13.3159
13.0386
13.0035
14.6897
12.1718
10.8823
14.2594
10.8795
10.0608
13.0389
6.70965
13.8723
9.03329
10.6104
13.0225
8.89591
11.1889
5.34935
13.7569
10.7925
8.36167
12.4793
10.4716
8.83321
14.8375
11.5449
11.5008
4.90246
4.02174
7.41533
12.7775
8.91442
13.354
8.42228
11.125
12.5953
14.3752
10.551
9.02384
7.78089
14.4902
13.1999
14.3573
14.1795
12.723
14.347
11.1103
3.38683
9.33755
12.7186
6.90027
11.3498
12.0068
6.32163
12.5984
12.4374
14.2199
14.1013
8.50962
14.7681
11.7144
11.2403
8.91831
7.52629
5.31854
13.4115
7.45938
12.309
6.18084
10.1827
14.536
13.3792
14.0148
14.2179
14.4775
14.8786
9.43927
12.7355
12.098
6.0391
9.45647
14.4454
12.3659
12.2582
5.11556
9.69153
13.0938
12.4363
12.9258
9.42432
12.8493
10.4335
11.5726
8.67919
11.2942
13.7589
12.7859
8.56498
13.0449
8.67249
11.8893
10.7958
13.5342
4.03583
10.2108
13.0082
9.9327
13.6645
7.61154
13.8059
12.407
8.06282
14.6258
6.58184
9.88015
8.53926
5.75774
5.136
13.2822
9.11917
12.0719
10.6437
11.3414
8.24062
9.67906
12.9897
10.9602
14.7056
13.0961
12.4026
6.94916
12.7431
6.3878
12.7371
10.5619
11.7914
11.4089
14.4627
13.8819
13.5064
14.0004
9.92558
12.353
11.6901
9.48831
14.7337
11.5077
13.1038
10.4335
9.22508
13.6862
10.34
10.8369
13.5282
14.6425
14.4941
14.8226
12.5945
11.6064
11.3407
14.9836
13.0427
10.854
8.94969
13.5726
13.3599
9.31234
11.8737
6.17247
13.7797
11.513
12.4313
10.894
11.1256
10.4521
7.61518
8.52201
6.82577
9.42343
14.1999
8.78107
8.45996
14.3702
10.4828
9.73622
8.72023
13.4514
14.04
8.08438
13.6298
8.08567
8.37019
14.0441
14.6915
8.69719
13.8845
10.3504
14.3618
12.1215
4.16254
10.0984
12.1893
14.2361
8.35665
10.7465
6.1314
10.3865
9.21812
13.9598
6.22644
9.1759
9.63397
7.7154
10.35
10.1386
14.5756
8.4847
13.0269
9.38757
12.5389
13.1374
6.72145
8.43879
13.8306
11.1256
9.37118
13.6399
11.4426
13.8488
12.8544
12.525
13.9757
14.7288
14.8274
5.82508
7.95598
10.5758
6.03036
10.3967
9.56944
8.26522
13.7744
13.6716
14.4513
12.0296
14.799
11.2104
13.3211
9.33874
13.8195
12.5825
13.4105
13.5635
10.0109
13.8069
8.13719
10.817
14.1855
5.1939
9.47961
13.0298
11.9731
10.9251
6.30651
14.7193
12.5489
14.5377
14.2767
13.2997
12.6173
12.7131
9.48664
10.8172
9.20483
9.83602
7.19474
14.0687
10.5571
9.26955
11.5096
6.72706
8.79821
9.08628
14.8893
12.6692
10.1088
12.3779
9.73334
13.5329
11.1907
13.7113
8.48673
6.56639
8.37796
10.711
11.5616
13.1815
10.1988
12.7883
13.7513
11.9957
12.5581
9.89184
9.3487
14.0993
12.8759
11.3454
5.52331
8.95395
11.005
9.0124
9.52697
13.7781
11.2908
10.569
6.45611
12.9792
14.1207
9.68892
14.2397
10.072
8.35629
8.84445
5.74746
7.19938
9.95375
6.17506
11.4299
8.16872
12.1746
10.1651
9.71439
9.96992
6.21241
10.3903
9.78667
12.2306
8.56449
13.5187
14.8318
14.1505
10.5705
13.877
9.13752
5.20631
12.8591
11.3406
12.0267
9.23477
12.7759
7.42681
9.83569
9.21809
13.773
13.5757
14.9934
12.1169
13.6804
14.6507
11.2379
13.1012
10.1267
13.5947
12.9041
13.841
14.3529
14.8504
8.75553
14.2822
11.1409
8.43954
10.3775
9.83461
8.75861
12.4213
12.1208
13.2275
8.29732
13.2408
14.4908
10.6786
12.6447
14.5902
13.7043
12.7063
14.0557
12.3253
11.5775
9.77726
8.39733
10.2341
14.6498
14.9466
11.5735
13.6588
9.43247
11.8096
11.5883
11.7186
13.2011
8.94361
10.8234
11.1699
12.3261
12.3291
10.9537
12.207
10.9929
10.0303
12.3708
6.36843
13.0377
8.20303
9.44963
7.61521
11.8404
14.446
6.07847
14.4277
11.4621
13.6474
13.9141
13.3399
11.1097
13.7672
7.2863
10.8304
10.3496
11.6348
10.021
13.9184
12.8274
11.9867
12.7534
12.4426
11.8349
13.4649
9.90065
6.19074
7.80688
13.8944
10.3422
13.4123
14.8509
7.76902
10.4597
14.942
14.4236
5.97199
11.4108
13.8103
9.66479
14.288
14.3221
14.2526
4.58806
5.0543
5.03596
12.1053
10.5281
13.0684
11.9893
13.1594
13.162
13.2218
10.6147
12.442
13.9974
12.7822
10.9004
13.9966
11.6859
14.6472
14.5113
9.58495
8.68456
12.2043
13.2426
9.51792
12.1458
11.0283
5.51497
10.4752
10.8359
10.1287
10.4267
14.9475
12.0861
8.44731
14.2535
6.60724
8.7949
12.6832
10.8613
10.6147
11.5316
7.83647
10.9495
14.6109
12.7292
12.7423
13.3564
14.929
14.6614
8.80885
14.0456
12.2939
14.195
13.6811
6.97351
14.9579
8.48797
9.78954
13.6668
14.0626
11.636
13.7631
8.47733
6.20095
10.7537
10.5966
6.4504
10.4148
12.4376
7.36918
11.5915
12.0922
9.91711
14.341
10.7202
10.1018
9.64893
12.0671
14.351
10.2032
9.29875
8.50867
13.053
5.43758
7.54313
11.5831
13.4277
11.4098
14.4042
12.4136
9.3792
13.0845
9.36761
13.6041
9.46403
13.9714
10.2008
8.94384
10.6653
6.08019
9.49824
8.01917
14.6066
14.2917
6.28963
14.8221
11.9601
12.6581
12.8777
6.5182
13.1012
12.3106
7.71147
11.9075
11.6727
12.9543
10.8508
13.7248
14.5206
11.3883
12.0858
11.2755
11.6056
13.5562
8.93664
9.56144
6.68954
12.2694
9.87249
5.35824
5.06066
7.10499
7.23912
10.3896
13.8451
13.9664
5.98862
11.0412
11.0153
6.67319
11.3249
12.9773
13.5008
14.1054
14.3573
10.8285
14.7696
6.65998
10.7665
8.46751
6.99711
13.2909
11.1903
13.3629
11.2526
10.1859
9.22967
14.3057
14.8798
14.4503
9.47855
11.265
9.86203
6.87679
9.97787
11.4257
14.5912
13.5683
14.4377
8.56709
11.9288
7.24028
9.89969
13.0805
8.62613
12.7242
9.80354
6.20571
13.4887
14.9942
13.6323
8.68403
11.8725
11.6587
14.7412
10.0681
14.9106
11.7631
7.59783
12.6169
6.78376
11.867
7.88528
11.314
9.32604
9.26928
13.5776
11.6814
11.2164
7.55062
14.155
11.0341
14.9219
13.2416
14.3123
10.462
11.31
13.6682
12.3268
14.2266
14.1585
14.9168
14.1118
12.9763
8.53352
13.0838
14.602
10.8417
11.6344
9.41298
12.1555
13.8989
14.817
13.629
5.0998
12.8255
14.8876
13.0026
10.0922
12.6433
8.82701
11.5383
14.5357
12.837
9.60665
8.34681
13.9554
14.4714
12.5351
11.3215
12.4128
12.9498
6.33823
11.7945
11.8203
8.82677
9.31302
9.49807
9.73839
8.29106
8.24231
10.3624
12.2051
9.91274
6.31867
12.5571
14.8523
14.1511
12.2104
6.05501
8.58832
10.3447
10.5154
8.6394
14.573
14.126
13.0833
11.7747
10.1163
8.70313
14.9221
6.37206
12.9575
13.0889
13.89
13.5764
9.68315
12.4707
10.6026
14.9593
12.5734
12.7064
14.108
14.1127
10.8552
9.44133
6.38728
14.739
13.4294
9.85523
9.9292
10.0985
7.56859
11.0389
11.2486
6.93858
6.49257
10.6201
10.6053
12.9054
9.83434
6.04693
9.18772
6.97934
9.40059
9.35715
8.38076
7.26077
9.14025
8.13469
10.3533
14.0341
13.2611
10.0031
6.68737
12.603
10.6406
9.16987
12.4533
13.3889
13.7193
8.29398
9.76137
8.35641
9.33902
9.01791
12.6732
14.2413
7.78766
8.14246
10.4069
12.9104
14.8319
13.1906
5.93422
8.17461
10.6694
9.95924
10.9049
12.8963
9.67367
11.2333
14.1345
13.2523
10.9778
12.7153
13.9398
10.4204
9.04973
10.5816
10.7799
9.94644
11.9464
10.6949
11.0404
12.368
10.6653
14.8699
9.73991
9.48094
9.52485
9.34306
10.0273
13.5722
13.8912
10.8995
7.31301
14.5793
13.3062
12.0063
6.02424
8.44234
14.0424
14.2845
14.6012
8.58147
12.337
10.8478
10.7924
13.3087
9.53307
5.66062
14.7147
10.4187
9.10995
9.79318
12.1655
10.596
11.5592
14.9256
8.96575
10.5135
10.356
9.46817
8.42367
10.3772
8.41843
8.7271
8.65071
11.2566
11.513
11.7589
13.6533
8.60261
5.50679
9.68666
14.9382
13.3112
12.3782
10.2725
10.4765
12.0538
8.91172
14.4524
10.6924
7.6947
12.9744
14.9648
9.06143
10.3766
13.3738
11.5253
14.6771
8.02231
9.01498
14.0605
5.89524
12.9693
10.5029
13.9682
12.3031
12.1249
13.4099
14.0076
5.6889
10.0701
12.8891
13.7618
6.80425
9.28254
13.2521
12.9285
8.43328
8.95438
13.8948
13.6238
8.41322
5.05591
13.6003
14.715
12.4177
14.1307
11.185
12.7062
7.71464
12.2717
14.7936
12.4974
8.41136
11.3052
12.3975
8.58703
9.99833
13.0273
9.00736
12.3015
12.2972
12.0398
14.1146
13.3118
12.2826
11.1272
14.6836
11.7494
14.663
6.64987
10.8553
11.4518
8.57018
14.159
14.5929
12.1857
6.08928
9.82571
12.7436
8.60319
7.65475
6.19713
11.9984
6.16664
8.80409
10.4059
9.65687
10.0629
13.2696
10.7455
8.38465
9.66829
14.5555
6.06943
6.14829
8.73989
6.97812
9.10045
12.6242
12.1093
13.7563
5.83647
11.4431
10.4922
9.48526
13.4221
13.5958
10.992
9.93099
12.4675
11.9064
14.6785
14.2634
8.53221
6.09387
12.8061
8.77955
13.5571
14.3796
14.8393
9.20439
12.3758
8.47176
14.4216
12.7929
9.68675
13.5459
11.3257
14.9122
11.8296
9.58859
7.59688
11.4004
13.5231
12.1662
13.2946
9.47887
13.999
12.5089
12.505
10.6551
9.96034
11.9779
12.4415
12.9339
14.8744
14.9318
12.5066
11.5116
11.2745
12.9754
10.1871
9.79891
13.4551
14.3884
13.437
10.589
12.195
11.5973
10.5094
12.9338
11.5944
5.95014
10.2354
13.6479
12.1571
8.77159
12.6358
14.0851
13.4227
10.2477
9.34808
8.93881
10.7233
14.6735
13.7452
14.6738
10.9628
7.01188
10.7104
14.7007
14.7487
9.55709
14.3739
14.4686
14.2683
9.77709
10.4974
10.7966
9.99604
9.04846
10.6082
10.7975
11.1606
11.7512
11.8443
5.27024
9.02483
6.50746
10.3555
9.95207
14.5081
10.8908
14.1999
6.17413
9.30421
14.628
11.9304
14.2047
9.45433
10.305
12.9155
13.5838
14.7274
13.1606
8.95401
8.18252
12.8043
8.73408
11.8286
12.5924
8.31476
6.29918
13.7361
13.4796
10.7053
7.7082
11.1556
13.6267
13.8901
8.25571
10.2324
14.4515
14.1157
11.1568
14.179
9.72751
10.8448
8.38498
13.306
8.74518
11.3351
12.1787
9.78242
12.4631
6.1833
14.2241
14.6435
12.1534
14.403
12.9443
13.5741
12.1233
12.9893
8.69172
13.9577
9.72908
8.68057
9.9319
14.6106
11.8693
8.15695
12.4141
14.3171
14.4003
10.9461
12.7954
11.1459
6.20838
11.6816
6.26153
8.45011
9.7602
9.853
11.0956
7.84946
11.5326
12.4022
14.721
13.5201
14.701
14.4087
7.18653
4.5744
13.4858
13.5127
14.2644
8.65064
8.35948
12.6816
10.3173
10.8399
5.18928
13.5105
8.79355
9.46477
5.03093
11.4492
11.1036
5.96506
12.5129
12.5761
10.5588
5.40684
9.56743
14.1548
10.6022
6.11178
12.3129
13.7938
14.1442
11.0408
13.3594
12.8087
13.7626
12.3805
10.6262
11.7097
12.3443
11.8704
6.94276
13.2983
10.9775
10.492
10.4367
11.137
10.9834
14.2592
13.1503
8.67382
14.1662
6.19286
11.9957
11.1541
11.6507
7.62689
9.77079
13.7828
5.61691
6.31751
14.1074
13.579
6.22329
10.5813
14.9803
9.61953
9.13386
13.2046
9.61748
9.2939
8.89017
11.2715
10.8691
9.83294
14.2345
12.7362
14.022
9.93213
9.85372
4.85855
11.6217
12.0111
14.3148
13.732
12.7316
14.3334
13.5386
10.7799
13.9605
6.12617
14.0735
11.2396
13.2551
5.28765
11.9135
8.7667
12.4907
14.2379
10.659
9.17976
11.107
4.9543
6.2514
10.7997
12.2389
14.5235
14.768
5.58408
10.2533
14.5599
14.132
9.66409
12.0524
13.9703
12.6668
13.6645
6.76945
14.4986
11.3632
13.2015
12.446
14.9264
11.1545
14.1846
11.747
6.21423
6.93075
9.52936
14.4474
11.6377
13.9663
6.38728
10.4628
14.5326
10.3352
12.195
13.87
11.814
14.4917
14.0124
10.6488
9.58159
13.9834
7.09621
13.4296
12.3009
13.3461
12.1926
13.7054
12.5033
9.49044
8.43932
11.0439
12.9727
7.57339
10.4558
14.3207
14.1694
8.76223
12.327
6.49064
10.8175
6.96226
13.2883
12.01
9.48587
13.1556
10.8819
12.0396
6.64361
10.2299
12.8053
14.1427
11.0054
9.92985
6.56056
14.1741
12.1201
14.1167
14.6114
14.5763
14.7023
9.20566
13.0087
9.31588
13.3223
9.67869
14.3198
14.5137
13.7998
9.81858
13.9876
8.72921
10.7028
13.1716
11.0104
13.497
4.51495
12.0393
9.94639
11.3561
10.5455
6.42963
12.7525
11.0244
14.1445
14.6635
9.99861
12.6888
12.4461
11.3783
9.67877
13.3618
9.67813
10.91
9.14806
9.41682
8.46312
14.3377
14.5937
12.5586
14.4352
13.0082
10.8285
13.7188
14.4441
9.75999
11.8605
11.554
14.9589
11.2972
10.4902
12.5803
9.145
6.06037
10.5701
8.47426
9.7831
9.82719
7.87785
10.3856
9.27349
14.1055
14.4136
8.65877
12.2953
14.2134
10.0004
11.4172
10.0321
9.18249
14.0654
5.93528
10.9585
11.4187
14.3871
10.5308
10.2178
7.62358
12.5152
10.8107
13.7981
10.7499
9.16041
6.36565
13.6637
10.9099
9.55476
14.41
12.6702
12.6283
9.80347
8.26745
9.87912
10.0395
13.466
14.7878
5.64042
13.5884
11.9672
11.4856
12.4062
11.7409
14.0018
10.5009
10.4557
13.9614
14.536
6.33624
11.6237
7.88458
7.86007
11.8475
7.07108
5.80928
7.13269
6.39722
9.16547
9.6102
13.6649
14.1543
11.6472
10.6325
8.377
7.1037
13.8509
11.3851
11.6876
14.2614
14.326
13.1434
14.3486
12.3959
12.6368
10.469
8.73703
6.32278
14.1323
14.6508
6.0016
11.0081
13.0681
11.9519
14.1063
10.8573
11.5239
9.61457
10.929
10.2658
8.57006
12.9776
12.4729
12.8557
14.1715
11.8471
13.0723
13.243
14.2331
13.9702
12.0885
9.65342
14.2082
12.7013
9.29201
6.66203
10.7417
9.59157
11.8514
11.8067
13.5829
12.724
9.66915
14.0397
6.75382
14.7227
7.33166
5.55492
8.99849
11.788
13.087
5.67126
12.8948
14.39
10.7405
14.1419
14.765
11.8689
8.18292
13.4413
7.57746
13.3605
13.8857
12.3577
8.11336
5.80997
10.2365
14.6483
8.39266
10.3521
8.64309
10.0116
13.8051
9.86797
12.5257
10.5648
5.69844
9.27523
11.8733
11.5994
11.132
14.2683
13.2795
10.3414
6.84292
9.41421
13.7935
12.713
14.5547
14.6356
14.9527
8.77129
11.5277
13.7981
13.5
14.4913
11.2802
7.19677
10.5056
7.42296
10.639
13.5786
14.815
12.4259
10.2672
10.799
11.6695
10.9273
11.2969
12.2741
13.2162
13.0785
13.6186
11.1527
4.57626
11.1519
12.1767
14.3604
14.4549
6.29408
13.9476
10.2393
12.469
9.64392
11.111
12.3374
14.7162
9.19554
8.1962
5.61345
12.2133
13.4839
14.0758
9.77084
10.9682
8.88019
13.8945
13.6758
13.0092
14.5746
10.9601
10.5729
6.46241
9.20906
13.9313
12.1526
14.5854
12.2072
10.8863
10.8511
14.4894
14.8206
11.2336
11.8263
14.4696
11.3789
12.3233
13.8155
10.6693
8.55967
14.3762
8.66823
14.1174
10.9581
13.4469
13.6711
13.8864
8.43157
5.34489
4.9503
9.70053
10.554
10.1429
11.5802
9.95792
7.07963
10.6486
10.0417
11.5395
6.50358
13.1358
9.43956
12.7544
10.016
6.04529
9.69581
7.1607
13.0723
14.1883
12.9673
6.17672
10.1324
11.7358
7.57903
9.62929
14.0919
11.7988
8.74488
10.2323
14.0599
13.8962
14.4717
9.38752
13.0679
10.9259
8.72237
14.824
12.1902
14.8929
14.4437
11.5807
13.8711
5.64167
11.5738
10.1372
10.8693
10.6465
9.98841
8.87965
14.9129
11.8067
11.9132
14.5076
14.3782
12.6348
7.67999
11.9471
7.78509
12.3011
14.4908
13.8544
11.5175
14.2731
13.819
13.5538
12.9218
10.1265
10.2195
14.9472
11.7806
7.45647
9.67366
12.7569
13.8795
12.8794
13.921
9.77285
10.0378
14.1082
11.9556
14.1804
9.77293
12.4947
10.6261
9.78941
14.015
10.7809
10.1262
10.1427
11.4976
9.57803
8.1206
11.7298
11.8449
14.4934
14.3111
10.8445
14.2651
14.5938
10.023
12.8871
14.0402
6.33147
10.2516
8.54742
12.5465
6.00624
12.8438
10.9141
11.5589
13.8051
9.76127
12.6753
14.4745
10.2369
11.1697
12.0106
10.5838
14.8549
10.3838
11.0259
11.6132
14.2329
9.69505
9.84325
9.83134
7.86635
11.4747
8.68238
6.10667
13.38
14.8851
14.389
8.74197
10.0799
13.8855
8.81858
10.5993
9.17224
13.9796
12.7017
12.608
9.26631
8.78141
11.7192
14.7768
11.0561
5.52827
13.6193
7.27971
7.97519
12.8277
8.08903
13.7946
12.4883
13.3266
14.8256
9.3047
13.5402
11.1697
6.10787
12.2978
14.3875
13.8565
9.28392
5.81725
14.9245
12.4937
6.66201
8.77372
10.7218
14.9169
14.2958
8.67375
8.50702
9.80274
11.9374
12.6077
14.0126
12.2984
14.5057
8.0037
6.62021
8.50972
10.1856
9.62206
14.6134
11.7452
13.6282
14.6725
14.55
12.104
5.81308
14.671
11.2237
12.0649
6.76842
10.8144
6.14667
13.3301
14.351
10.0306
11.2357
8.73668
6.93061
9.12675
12.6646
8.40744
5.97471
14.4515
12.4206
12.2812
10.5351
9.77232
12.0909
14.1563
6.52177
13.9372
8.11479
13.2497
14.9592
14.5103
11.8583
6.13874
14.6997
11.0529
11.1168
8.6907
13.6133
13.0471
13.8555
12.5058
14.6374
12.8956
12.8589
10.4586
7.39624
12.4778
8.19817
13.7533
11.2081
13.1764
14.5419
14.8979
14.4271
10.7343
13.1349
10.832
10.0688
8.72389
9.91271
11.3099
14.3369
11.1991
10.7176
8.34674
8.41816
12.8253
10.213
14.308
12.4237
6.44253
13.7339
8.87866
9.12668
11.9412
10.8621
14.4645
12.6022
14.7992
10.6987
14.0565
10.1325
10.4646
12.5053
14.4199
12.6281
14.7684
5.29826
5.97505
3.85815
14.5027
13.2127
14.4465
10.693
8.98974
11.4809
11.637
5.82471
10.2084
8.41631
12.1078
11.1814
14.6173
8.79404
8.55133
12.0834
5.32585
13.7432
12.1125
13.2808
11.5582
14.4506
13.5516
10.0653
12.0223
14.322
12.236
9.33135
13.3782
6.61134
12.0622
9.79631
14.6003
14.2409
8.9719
14.0315
12.98
14.0338
13.9343
14.4167
14.3184
9.99428
12.4551
12.4233
10.8996
5.83181
9.16855
13.7333
14.8609
9.92042
5.95383
5.38298
12.96
12.4346
8.52509
14.2551
14.9727
11.8539
12.2385
7.1276
13.2218
6.43654
10.6397
10.3062
5.70375
14.052
12.5208
11.3959
14.5539
11.5448
10.7629
10.5722
14.6155
13.3639
10.1234
6.33013
14.6138
11.3254
10.7314
14.7723
14.555
12.1559
13.1802
10.5647
5.84313
12.9767
14.2995
13.5486
12.1876
14.3848
14.6639
12.959
14.4009
14.4525
11.1652
14.7483
13.6177
11.203
10.0964
11.4982
6.86949
9.55414
8.72004
11.3606
13.2869
12.4305
10.4287
14.7181
13.568
11.4228
7.93121
14.2548
9.8017
11.3174
14.117
10.7882
8.77483
11.3568
8.69775
10.9933
14.9302
13.2276
13.1559
14.723
9.78148
9.18754
8.69885
6.41915
10.9094
14.3358
12.2805
12.0513
10.896
14.2424
12.6981
6.63705
14.6809
6.49229
12.0397
14.7695
11.9867
9.67078
9.02264
9.83859
14.6404
10.2187
5.56796
4.02136
8.37369
10.806
12.3894
12.5216
14.1146
14.15
10.2137
12.8064
7.87576
14.163
10.8722
10.0174
12.7173
12.3024
11.9225
11.9539
12.8754
13.1041
12.0656
12.9317
7.46761
14.352
8.37416
8.6806
5.77977
9.65779
9.02433
13.089
8.54651
13.6608
13.6998
12.5623
6.37746
14.5812
5.17464
12.2732
13.0546
9.83489
8.96789
11.8175
9.20192
13.9405
10.2937
13.1376
13.3185
13.6613
12.0117
9.4698
14.1557
13.2705
14.9352
8.76648
12.4195
9.1319
10.1445
12.494
9.48761
9.94724
14.3954
14.4483
12.1182
12.228
14.1727
14.378
12.1489
11.4881
10.2659
8.98133
10.8865
12.1886
13.1719
4.90214
12.3441
5.78859
11.3463
12.8459
14.149
10.5141
14.5974
14.6942
8.96986
7.14997
10.7261
14.7404
11.5826
14.2415
12.6332
14.6125
9.96991
10.8155
8.75989
6.2761
5.7116
13.3606
14.3249
9.99388
9.14222
13.3468
5.50481
6.40795
14.4712
14.8878
8.3762
9.99806
12.5694
13.3058
11.1332
5.40749
14.8514
13.7894
12.7499
8.88248
14.3627
12.5154
13.3872
7.5743
10.4014
12.527
11.2094
12.7302
8.46625
10.7304
11.376
11.2619
12.7913
8.70231
11.3127
6.69814
10.1323
9.78589
9.80569
13.2796
10.7594
9.59903
5.77111
12.4179
12.7739
7.64094
11.62
11.1052
12.7808
14.5452
11.9121
12.2558
12.2479
9.89711
14.6322
8.57132
10.0397
12.095
12.5479
8.2543
14.4327
10.5543
6.0809
5.70753
10.3319
13.9019
11.6804
12.9997
11.7792
10.5926
10.8597
14.8391
13.3967
14.1298
13.2315
13.6707
11.0918
8.20496
7.16362
6.77287
4.19479
13.1617
14.5411
6.16873
14.2768
10.2573
6.45717
14.489
9.78544
9.37907
12.0134
8.50105
13.8886
13.4924
14.9953
6.17187
14.2572
6.13881
13.3847
9.03405
9.91996
5.66487
14.8467
10.6456
6.16982
10.2527
13.0745
12.4568
9.26114
13.7908
10.9946
14.1318
10.5521
12.7
13.0691
13.3685
10.9817
12.171
9.42173
12.5569
14.5774
11.8465
6.42895
12.6371
8.95921
11.5438
11.8146
14
11.0799
10.0578
13.5106
14.8344
12.5806
8.81715
14.2839
12.8286
11.5953
12.7953
9.06797
12.3712
13.3227
14.8492
10.4243
14.4496
8.89147
10.1569
7.78508
9.27132
12.4529
14.9324
5.96303
11.8566
9.97541
8.68944
12.5033
11.7592
14.835
5.7531
10.1839
9.47579
11.453
14.966
13.1172
11.2047
12.5228
8.6631
10.7858
13.8943
14.9524
8.86477
11.4039
14.9214
13.533
14.6812
12.0634
10.0152
10.2517
13.8951
10.2109
14.1245
13.0745
10.5863
11.2976
10.3134
11.9692
10.5971
14.657
8.71491
12.2733
14.8868
14.6265
11.5745
12.1439
14.4446
10.7606
10.532
12.7794
14.5889
10.8625
11.6319
6.40643
9.87104
12.2497
12.7266
13.7622
9.94325
12.2933
14.8319
6.09222
12.7731
5.89201
11.1233
13.8289
13.6169
14.398
10.1108
10.9034
14.9113
6.36096
11.0927
12.2039
14.9811
12.9404
10.0978
8.50505
6.00329
10.0732
12.8079
10.5729
8.00875
11.6322
11.9525
13.956
12.9413
11.2322
9.53363
11.4866
12.7071
6.48589
9.53999
13.6695
12.8292
6.52483
14.6294
6.872
10.8707
7.35706
13.4231
10.6355
14.3254
14.4924
14.9008
14.5645
9.64525
14.8384
11.9588
8.62291
12.6406
10.0425
7.67785
12.8058
14.2259
9.00612
9.1958
10.4553
10.7169
10.8194
12.1723
5.7745
11.8038
12.9025
9.96321
8.80153
5.95697
14.5518
14.14
11.3921
14.1907
10.3752
10.6415
12.7784
14.5842
14.6323
12.5327
11.9522
13.9313
10.2513
12.9706
13.7976
11.9163
14.3702
7.63408
14.4367
10.1299
9.73748
8.27996
10.1189
14.7656
9.38166
14.3301
14.4547
13.2039
8.20201
14.1745
13.0413
7.08875
7.96513
5.56945
14.8497
13.5611
8.47006
11.2535
14.2256
11.4509
8.79982
12.8179
9.60668
9.18639
6.33137
9.18227
11.5879
14.8933
8.2838
8.78515
6.41651
11.038
6.50306
8.31663
11.4032
12.7673
14.615
11.3963
14.8175
12.6197
11.7465
13.0629
10.8906
13.9031
12.4465
10.7892
12.0973
9.53929
9.07042
13.5247
14.3126
13.4951
10.6121
8.0773
12.2076
13.287
14.7052
9.57431
10.262
12.3783
7.79862
6.95639
9.76602
10.7866
13.9975
11.4557
9.95975
12.0105
11.9057
8.34624
12.9569
10.6442
14.4723
11.6006
14.6533
14.3236
11.0078
12.4834
12.4213
14.1061
14.1682
12.417
14.3761
11.1882
13.1916
4.55152
13.2817
11.9941
10.2316
14.5389
10.4496
13.1052
13.6559
12.9628
5.01118
10.8242
5.83758
13.0162
6.86007
9.80717
9.82544
5.93601
11.7487
14.9545
13.5139
9.7805
13.6674
11.1567
7.35736
10.4875
9.84665
13.7324
12.5359
7.60375
11.6944
14.2948
12.2771
8.99527
11.6759
12.7468
13.7996
13.5535
8.42007
10.5465
14.1161
5.53205
12.6072
12.1919
10.651
10.6129
11.9609
10.2952
13.8567
9.54458
11.0718
11.7779
14.7375
12.0099
11.8336
11.4897
12.7917
11.6125
7.42293
6.10787
12.5126
11.5169
7.37786
12.5976
10.4159
13.3431
13.8586
13.1889
14.1982
12.5335
8.24899
7.96014
11.2539
6.27391
8.67175
14.7215
12.3143
10.5426
8.95671
9.29458
13.2545
10.5115
11.7503
13.7916
8.06323
7.99807
12.3581
12.7415
13.1133
12.7244
14.3626
14.9735
11.7184
11.1457
10.9487
13.1689
8.36152
11.3072
12.8929
10.8395
10.387
10.7425
11.5034
12.0968
6.99034
9.75159
9.77973
9.66725
14.7467
8.82216
11.5211
14.3408
13.5277
13.8634
8.65169
10.5818
10.9352
8.14083
12.892
10.4703
12.7873
11.271
12.3255
9.2324
14.0725
8.30704
10.7877
8.94595
12.9073
13.3231
8.58016
11.9806
6.30568
14.3281
14.3681
8.3167
9.79644
13.8048
13.426
13.8115
11.007
9.81718
10.3369
6.99588
9.09914
11.2449
14.0654
6.48208
13.3621
9.68987
14.3877
6.55312
10.501
13.9944
12.1802
10.6119
9.39863
12.7868
8.64578
9.91296
10.7529
14.4739
10.0831
13.479
12.7555
9.13081
10.7636
4.19474
13.7718
10.6335
9.31024
13.5008
9.80925
6.0179
14.2403
12.5104
6.47545
9.56318
10.0354
11.038
14.0825
9.93696
13.1646
12.3993
11.5273
11.5867
9.07286
11.2874
11.6651
14.8476
11.1986
5.69296
7.23992
14.1672
14.2842
13.4896
11.9573
6.64669
10.0182
10.2235
9.34678
14.5103
5.7167
13.5166
14.3592
9.201
9.94843
13.9454
13.379
10.0862
11.3347
9.44813
14.9872
5.75805
10.2543
9.46544
14.5408
9.68832
13.9703
10.1372
14.2375
11.6589
14.852
8.70957
6.01091
12.5304
12.2069
10.2766
13.6399
12.4927
10.0791
9.72525
11.2414
14.9678
8.77221
11.1182
7.59068
14.836
13.8212
13.426
14.8491
14.012
13.101
9.77947
11.6283
11.2554
14.5117
9.51001
10.7896
10.4257
11.5564
12.0668
12.5406
10.1296
9.37557
14.9408
8.45902
10.0716
8.76663
11.993
12.2374
12.3066
13.1939
10.3801
9.36906
13.5898
10.2872
13.9119
10.0082
9.17907
13.7086
6.85225
13.6068
10.1914
13.0508
12.592
8.98823
12.8369
10.1214
14.493
8.9434
11.4495
6.19892
10.1876
8.66255
6.17167
10.5895
9.92503
8.66728
11.4823
12.3999
14.3357
7.46395
12.9646
12.0547
10.5729
14.878
11.6491
13.5059
12.4039
14.0211
11.2058
9.86705
14.3406
12.196
9.89293
14.8062
13.2386
13.9731
10.8936
13.8883
14.5409
14.5045
9.06254
6.23444
12.0962
14.3823
10.6948
12.9347
14.8018
14.3851
6.385
9.9561
10.8194
14.0719
11.6252
12.7906
9.23511
14.1388
10.6075
9.37224
11.0738
9.8623
12.3198
14.175
10.3112
12.1507
12.4304
10.6583
6.04156
14.5866
10.9581
8.52256
6.69328
14.8239
13.2923
13.0037
13.1179
10.1884
14.1532
12.8396
9.40316
9.49136
11.901
12.5647
8.82855
10.8797
14.6943
12.0484
6.58061
13.6399
13.5648
8.98907
13.0687
13.6625
10.1107
14.7753
10.987
14.2324
5.53042
14.0459
12.3204
7.76134
13.692
13.8436
10.5685
12.5035
8.34131
10.9467
13.6653
13.4695
12.3317
10.3201
14.6799
5.39952
10.1354
9.35436
8.27711
13.2541
12.9079
13.3102
11.5304
10.8203
14.2795
14.3343
11.1516
9.56543
10.0187
10.1376
8.66426
11.3998
10.0812
11.7073
12.2653
13.4064
14.4336
6.53019
8.93737
14.6415
9.76002
13.1368
8.37855
13.5217
9.69479
8.3356
12.7488
9.82173
14.089
5.97951
13.9569
12.6105
14.6895
14.7607
9.40278
13.1449
8.58143
10.0473
14.3309
11.4557
14.9562
11.3146
12.0331
11.4184
13.8152
8.6847
10.1603
11.3084
11.4953
12.5492
12.958
10.7483
11.7438
11.9058
12.13
13.9271
10.8659
6.26342
14.1899
9.96161
14.5824
7.81566
12.7874
12.4463
14.86
13.7749
13.1381
14.7033
9.80677
12.4447
13.7548
11.8112
10.7239
10.7432
12.8851
9.366
9.76196
5.99867
9.53158
9.4847
5.27711
8.93649
11.8974
12.5366
11.845
8.95877
11.1901
14.0345
9.0688
9.85532
11.5699
9.94315
8.5805
5.96747
10.3022
10.2921
7.42384
12.8894
13.5834
13.3666
14.8183
14.2026
13.2202
6.98067
10.3983
12.4044
14.2592
9.89818
12.8728
8.6792
5.60324
10.6004
6.36474
10.723
10.4619
10.889
13.4224
14.3052
9.80919
10.7355
12.7871
12.8835
6.80327
14.0497
7.93187
9.77099
13.5336
14.0456
9.90669
14.6562
12.4602
13.0367
9.35527
11.289
12.6744
11.2187
6.18431
12.8207
14.9871
10.4567
13.8336
14.485
10.0562
7.85549
12.373
9.47457
11.5884
8.04452
12.7967
12.9658
11.7345
9.02651
9.95309
11.9347
10.1218
12.4001
8.90398
12.3364
14.5537
10.2887
9.35297
9.17002
12.3858
8.81465
11.558
10.9885
11.5709
12.0285
10.4359
14.518
10.6429
11.2343
13.4143
13.4565
14.5264
9.99648
8.73496
6.202
9.36417
14.4576
12.196
14.2677
12.4809
13.3279
13.7449
12.8472
11.9671
14.7313
14.0355
12.6879
7.5202
14.1407
12.5615
12.1882
10.9729
11.659
13.3002
12.2832
10.6345
12.3172
6.77924
11.9218
14.5517
11.3986
6.50147
10.0146
10.383
12.2813
8.65305
12.3756
13.9292
13.4921
9.18666
10.0866
9.25871
10.1211
11.42
10.8906
14.5586
6.98236
14.1405
8.64543
14.8169
12.6498
5.54314
4.85356
6.94507
14.9366
8.36968
8.74588
6.19628
11.8312
14.8779
11.1438
12.054
8.9429
14.4739
11.9446
7.85792
14.306
10.7287
5.57017
12.007
13.6826
10.8482
13.8191
10.096
9.181
14.953
8.32734
11.7958
11.8789
11.0999
8.16865
13.7254
8.92481
11.5766
10.2997
14.841
14.3259
12.0245
14.8046
6.69732
12.694
13.5648
10.7755
11.779
11.3325
8.61821
11.7498
8.48507
8.76386
10.9724
14.4322
13.173
14.8944
10.1781
12.4586
11.7298
10.7313
12.3846
12.0067
14.1737
10.6193
9.61969
14.0965
8.70581
14.2947
9.5995
14.5248
4.47789
10.6292
13.9074
6.06148
7.41972
12.7338
12.6097
14.384
11.5348
11.0328
11.8366
14.4955
14.4906
11.6986
11.2774
11.4601
8.72816
11.0303
8.91112
14.5763
12.8904
9.7603
8.596
8.23431
10.4482
12.5623
10.3725
14.0289
10.5
10.327
11.3208
12.8979
10.3258
9.51364
9.64957
9.07304
13.1823
12.0075
14.0046
11.1593
12.6641
14.9244
12.3047
12.9237
11.4589
13.4328
13.2992
13.3513
11.7717
14.1983
10.8724
14.5236
8.56976
14.7054
10.6958
6.22074
9.68736
6.11618
8.82068
12.4925
12.5446
9.88013
11.1611
12.4526
9.50024
11.5365
5.6078
13.8421
14.9002
12.1495
10.5592
14.9527
6.43482
14.7224
11.9599
12.3857
11.9861
8.9206
9.69432
10.8285
14.5748
10.6402
10.4386
13.1602
12.9871
8.92378
7.44116
12.0819
13.7977
14.3187
5.65391
14.0001
12.9545
11.1024
14.5578
14.2367
11.0609
11.9769
10.8686
9.6496
13.3879
5.01159
10.2435
14.1487
12.6218
13.4571
12.6732
14.7786
10.9973
14.381
9.30262
14.4957
14.382
13.3923
14.4638
7.8649
13.6513
13.391
4.3395
9.97446
14.8697
4.52711
13.0801
14.4941
12.4332
8.73239
14.6627
6.17471
14.5247
9.17436
12.5021
11.4596
10.6776
9.07228
12.2645
13.8632
13.2677
11.4578
12.5557
14.2029
13.0607
14.4252
13.0193
8.3815
10.1669
14.1476
10.7711
13.3173
6.11583
11.6295
11.7957
10.9254
13.3804
5.32049
9.93172
12.8399
8.70671
12.7917
13.9374
6.57965
9.53403
10.8538
5.81286
9.7188
13.92
13.6773
13.0167
14.6098
14.0235
10.4446
14.9128
13.8527
14.4354
4.00214
13.6473
12.5728
14.563
12.9523
14.139
8.71708
8.16816
13.5376
13.8166
10.4963
6.67425
14.8288
9.19033
12.8213
12.8886
12.985
11.3122
9.49771
14.1411
14.6144
13.0162
8.52436
11.0411
6.25663
8.72571
12.9526
12.4043
14.7599
9.2612
9.97987
14.0304
10.6395
14.2391
10.3595
10.079
12.5123
5.41956
10.7183
14.1676
13.1934
10.4024
13.2065
9.70202
9.00055
8.65027
13.3806
11.7605
14.7232
9.94979
13.9743
7.7836
13.1989
6.10288
14.2137
12.7379
13.8586
11.4624
11.2195
13.2976
5.92516
14.8087
11.0813
8.53235
12.3846
14.4005
10.0428
12.5951
6.17164
10.1603
11.5557
8.2694
9.97034
8.77431
12.6006
13.393
12.2315
13.5992
13.5612
13.0325
11.7571
7.15444
7.09793
11.0736
12.5759
12.5511
6.98242
10.1428
14.5237
8.96646
13.8958
6.33283
10.1724
11.7976
11.0104
14.8821
14.6922
12.9516
6.09336
14.5856
9.3755
4.86324
8.47217
11.1094
10.6839
14.6425
13.6874
11.3409
14.4456
12.8337
13.3759
14.3483
10.401
13.3882
14.5852
12.8302
12.2744
14.9507
13.2632
8.73257
12.7631
13.8465
10.0584
14.8757
14.1421
10.6532
12.601
8.26403
12.8593
10.0963
14.9098
11.8407
9.95782
9.6335
13.1367
9.8072
11.2179
8.52562
9.83638
12.2094
11.8423
13.2887
13.5374
13.592
8.45454
12.9213
14.2898
10.4147
8.99014
10.5605
11.2718
13.2742
10.1102
6.25186
13.703
14.9978
12.3162
10.7663
4.63348
8.27805
14.0638
12.1502
8.75226
14.4189
6.14406
12.425
10.7345
9.46072
9.80042
9.33642
12.2948
11.3378
11.4731
14.3034
12.734
14.8804
13.1353
13.7245
6.25658
8.55034
8.34586
11.9533
9.67327
6.32139
11.9427
13.2784
10.3706
13.8743
5.44494
5.42241
8.50877
9.58063
11.6742
12.473
7.62774
6.90065
14.7566
12.0721
11.8025
11.2745
12.7632
11.9948
14.8923
14.6345
10.1837
12.0716
13.1909
8.10918
12.7028
13.6761
14.3252
12.6973
12.8007
14.5407
9.5163
9.78858
6.22488
5.98918
9.71043
14.6162
13.9217
10.0145
10.5781
13.5546
14.1707
14.9978
13.3166
9.99272
6.17778
12.159
10.0374
11.3641
13.6114
13.671
11.3157
10.4186
11.0897
9.45701
9.87356
12.4516
14.2556
10.4325
11.4613
12.664
10.2136
7.96129
9.98938
10.8176
12.1851
12.1146
7.02161
6.49108
10.585
12.3243
9.33472
9.80524
12.0545
11.7935
9.82389
10.6905
10.0705
11.8085
10.8138
13.9344
10.3442
11.56
9.54882
11.38
11.3636
13.8233
5.57544
9.72922
9.47498
10.4658
7.91719
12.5053
14.8449
13.5134
14.3167
14.7024
13.3024
9.6551
11.1734
14.7986
10.6227
12.7994
12.1141
10.9729
14.8744
11.9863
13.7633
11.6568
10.425
14.2471
11.4193
14.7279
13.2675
13.9086
6.017
13.0324
13.912
13.1961
5.90726
11.5936
11.6814
11.4363
11.331
9.79308
9.04023
9.88986
12.4811
8.5193
12.9269
10.1213
11.3523
12.9556
13.9618
8.7102
11.1609
11.8698
11.9854
13.1532
13.6637
10.2624
11.4089
12.2061
13.3762
11.476
9.4692
11.6722
11.9753
6.98417
7.78282
13.2853
9.88065
13.4621
10.5877
12.2811
9.86589
9.89944
8.35831
10.3282
13.9195
12.1129
11.9309
10.1048
12.8013
12.0279
14.5033
5.54749
10.1992
10.1348
9.67747
10.8849
8.61566
10.0868
10.6338
14.3652
11.1839
10.859
10.6156
5.88058
11.9235
9.53323
10.6062
9.16212
6.58898
8.97949
13.3662
10.1425
12.6724
14.988
14.4304
12.7844
14.4077
10.5506
13.8622
10.1913
11.2611
14.8529
10.3744
10.3578
9.76859
12.5891
5.071
6.33673
13.4849
10.7338
11.634
13.6847
11.2949
5.35669
11.2953
11.2544
7.85331
11.6708
13.4625
11.3424
6.4745
8.12421
11.6651
10.3223
7.79167
11.0032
6.46934
10.8292
10.3394
13.4058
10.2575
8.65084
9.15754
7.09644
4.13749
13.4198
9.89657
8.31586
9.65423
6.28623
11.2797
9.66717
10.6451
12.4997
14.4495
9.63509
10.2381
11.0694
13.376
14.8245
6.81626
7.79951
10.4497
10.9676
12.4043
5.47
14.1256
12.5915
13.6366
12.5777
13.5493
11.4792
14.1339
7.1274
10.2645
14.0872
13.6764
9.13058
14.6123
10.3137
11.9098
10.7729
14.7906
10.0131
10.8518
8.54218
13.4854
9.92012
14.1244
7.86442
8.66851
13.9302
11.1253
5.67203
14.1814
13.6124
12.2828
5.73244
13.5339
5.98596
8.66816
7.57561
12.6974
9.9179
11.1065
8.90576
12.5357
10.7614
11.7267
10.4236
8.45688
12.4964
11.4993
12.5263
10.3913
13.2872
9.84685
9.76992
11.4224
12.191
10.7182
10.2475
14.567
11.3093
8.96313
14.0432
11.4324
13.9493
13.3955
8.92324
11.5295
10.4925
12.3909
8.94457
7.71702
10.3101
7.71132
11.8759
9.79391
10.4322
12.9688
14.6844
14.1599
13.9065
12.537
11.8389
11.9852
12.9472
14.7789
10.8803
10.0727
11.028
6.90059
9.64071
13.6094
14.768
14.3064
13.9766
12.3816
13.2618
8.61951
9.89922
14.6718
8.9028
5.60957
12.8487
13.0498
14.2498
10.2847
11.0965
13.2115
8.92352
5.73247
14.1346
8.63395
8.58373
9.21533
14.7032
14.8176
11.1927
9.99494
12.648
14.218
10.8848
10.2882
5.53291
9.84681
8.63624
14.311
13.2668
6.34505
13.4856
14.1617
10.5947
14.642
12.5036
9.42477
13.5855
9.73387
14.2318
12.6756
8.47787
9.60536
14.9287
14.3081
12.2891
6.12122
10.6489
11.8549
12.4162
14.1435
10.621
14.7086
8.18558
14.6594
11.3631
7.03368
10.2865
8.57552
11.3798
14.1236
9.89937
12.5673
11.1946
14.9274
13.967
14.6464
10.4025
14.6426
12.3463
9.22773
7.24818
12.6113
6.07293
11.531
13.5873
10.9584
14.3139
14.2856
12.3761
8.08813
11.2491
13.9165
8.58812
6.4072
6.50427
8.5617
12.7499
14.4488
5.88534
12.8542
13.8763
13.8667
14.8303
7.12267
10.9716
4.65195
7.54697
14.3599
12.5362
9.65563
14.2365
10.0056
12.8258
13.7447
13.6831
14.3103
14.0008
11.8193
7.60467
12.0149
14.859
7.27066
12.0622
9.21884
12.953
13.5179
6.12459
10.1902
13.1848
10.4781
6.38494
9.70788
13.6757
14.4319
14.9282
13.6617
14.8613
14.5488
9.6007
14.5829
13.0743
8.1173
4.57548
7.45925
11.2304
13.7064
7.64198
14.4422
12.6099
10.2849
12.8769
11.8358
11.8602
10.1959
14.8748
6.1075
14.7642
14.1652
9.98714
14.0606
7.28712
11.7401
10.0746
6.90519
10.3877
10.0928
9.43721
13.868
13.198
14.9481
14.409
9.14946
8.87036
9.17281
14.0564
14.026
11.0776
11.8629
10.7198
13.4283
5.78945
9.31216
9.71388
13.1616
13.8887
11.671
14.7118
11.9217
13.3772
5.59056
10.501
13.2992
9.80297
14.5373
12.1444
13.2934
10.0874
13.1609
14.832
12.1577
9.52913
11.5528
14.5817
13.83
10.7885
12.1627
14.3696
9.89014
11.5716
9.2494
13.0037
14.6167
10.2281
12.6717
12.8302
11.1055
14.7824
11.2106
11.8417
11.3858
14.3364
6.30137
14.6334
10.0261
13.0641
12.6878
14.2798
8.72405
13.5432
12.4485
14.9872
11.6605
10.9861
10.5354
11.8745
10.1542
10.3521
12.0168
14.1322
11.9633
7.90744
6.18818
9.82516
9.94052
14.8674
14.8927
14.2868
14.2416
11.8665
11.7446
6.47198
8.91762
6.48216
14.462
13.9109
8.32711
6.78752
12.2916
11.8035
12.3612
10.0414
10.5849
12.8375
9.37737
14.6039
11.9585
13.5344
12.6928
13.1515
14.5347
5.47273
14.1063
8.43486
9.98531
13.3989
13.5333
12.3148
8.65456
10.6405
10.4328
9.38088
14.0922
6.00225
10.5777
4.94959
6.98133
13.8886
12.0198
8.36742
14.6442
13.8888
6.02393
9.95532
6.03332
9.21755
9.36518
11.6268
10.1157
11.3386
12.5032
11.8585
13.9767
10.594
10.5396
9.32594
10.7566
8.59345
14.0121
7.14679
12.6487
12.1105
9.29291
12.3432
7.30038
12.3764
5.25036
13.0834
14.7488
6.3037
10.4819
14.2116
9.89075
10.357
11.022
8.50262
7.09078
5.34102
5.87751
11.2915
9.64361
11.2059
8.26805
14.0607
14.2763
10.1225
8.57339
7.45537
10.9672
9.57145
9.23098
13.5367
12.1217
14.7247
13.8133
10.2522
13.6757
13.3509
14.481
5.97857
9.91011
13.9549
13.4558
6.90543
8.92494
13.2776
9.07228
10.6437
9.65091
13.8323
13.1991
11.4182
10.8266
6.40531
9.45228
12.4471
12.6311
11.6416
14.8153
8.90745
5.61769
8.64892
14.38
14.0223
11.5836
14.8392
11.7647
10.359
13.728
9.77003
11.6295
12.8064
10.1704
10.877
14.878
8.69269
10.8777
6.63787
13.6291
5.54791
8.72239
12.8473
13.0332
8.66959
10.5743
7.87916
13.0281
12.4022
14.8997
6.24952
14.3196
13.5467
6.10251
10.962
12.6255
14.7766
8.58442
4.38827
14.3205
13.7013
12.8916
6.51415
14.5765
5.24627
5.61806
6.37743
14.3806
13.2987
13.0348
10.4811
10.874
14.0462
11.3639
6.48343
10.201
14.1617
14.959
8.64227
13.6959
9.29182
10.778
8.83616
12.6942
13.6272
8.14108
13.8869
9.82606
10.2183
9.99793
9.44242
11.7663
5.8402
8.11458
9.04725
11.4712
4.14525
13.8841
9.0643
11.98
10.7623
10.1921
9.96797
8.56564
4.51283
12.0443
10.2086
11.2866
11.2084
8.71555
13.6866
12.1518
9.74449
14.0946
14.8368
9.81262
14.3631
14.4491
9.262
13.592
12.6825
6.59566
13.466
9.37831
7.70133
10.859
13.9354
12.1987
10.6494
10.1867
14.1192
14.7018
7.46658
10.7477
5.52716
9.2256
14.9122
10.0318
12.3324
12.5111
14.3584
11.4664
10.1519
14.8704
13.8974
11.8582
10.7136
8.60437
14.3117
14.3524
10.4486
8.56148
12.6804
12.5166
12.3652
11.6182
11.1397
13.8408
9.76188
14.1771
14.3314
7.06129
12.1881
6.82606
6.02655
8.32103
11.5517
6.13095
10.5239
10.7354
8.45804
12.5844
10.7725
12.8289
9.86656
12.2593
11.3481
11.1292
12.7732
6.30216
9.17574
11.0339
12.8232
13.1094
14.7035
12.1133
10.6371
14.5148
8.72763
8.77769
13.0825
9.68221
11.4643
13.0611
5.3214
6.82024
10.9818
13.755
9.9135
14.0477
12.5499
9.88083
14.2026
14.4179
14.0918
10.5397
9.79688
8.61829
14.8875
12.6413
12.2972
14.6232
10.1208
10.6812
13.9608
11.7815
7.40311
6.17791
11.0966
13.1208
7.90052
13.7955
14.6542
14.527
10.4474
12.4451
12.95
6.04577
12.4348
10.6544
7.68979
9.64792
12.1948
7.74959
11.564
14.2604
14.778
6.61601
14.884
5.04776
13.2932
11.415
9.96484
11.9261
13.3038
14.74
6.53984
12.3599
10.4968
11.4957
13.8817
8.44194
14.4884
12.0647
14.3099
9.77032
10.7232
7.09799
12.1622
12.1077
11.5505
11.9407
11.923
11.4162
11.8152
11.7847
14.4633
9.43849
6.31246
14.8877
12.2502
13.9097
12.2614
10.1824
9.95148
10.0071
13.067
11.0179
8.51039
12.6548
12.8404
8.58735
11.0617
8.65086
13.1499
14.6338
14.0275
10.1564
12.812
14.5208
8.44783
13.0802
14.8796
9.79699
8.47837
11.5026
8.248
9.19515
12.0655
14.4105
12.3849
11.9185
10.2671
13.7683
13.1193
10.309
12.733
7.47921
11.1293
11.7147
10.2208
8.95436
8.68365
7.79307
13.9383
14.9375
10.9338
13.5626
9.13482
14.2623
8.83995
14.9628
6.78491
10.4348
14.7663
11.8767
12.8533
10.9821
13.4902
10.5384
10.8508
13.7027
13.8678
11.0684
14.2126
9.3005
6.79602
5.77131
8.54614
9.28641
14.7938
9.39171
13.3238
11.1856
13.0428
13.8165
13.7332
11.0821
8.46653
8.29533
12.1704
14.0636
5.50195
10.2525
12.6898
8.62776
14.1415
9.93508
10.0719
11.1
13.9558
14.9983
12.2995
13.6015
12.7569
11.6196
9.53426
10.3426
10.0048
11.2237
14.2202
14.6407
14.6917
12.3515
13.1854
12.837
8.74177
10.0367
9.23612
8.24116
8.5878
14.0113
12.042
12.0692
14.2217
13.9251
9.86619
8.24512
13.4893
7.4131
9.91543
8.67116
13.3377
7.31968
14.6983
8.72044
8.15346
11.2333
11.2421
9.99436
13.651
9.29593
10.2006
10.2478
10.6387
10.0589
14.4435
10.7646
11.6504
14.4286
11.9668
12.2681
10.0836
8.95435
13.2831
10.3136
5.97979
7.87772
8.00177
14.4147
12.7623
9.35071
9.9535
12.0864
14.472
11.5276
14.8192
14.4561
11.0074
9.72306
12.5896
12.8112
14.4028
5.3009
12.6418
14.1823
13.4784
13.879
12.3002
13.3976
8.59874
11.856
14.6506
14.3541
12.8772
12.894
14.5172
11.9907
8.64942
10.8022
14.8541
7.97956
14.5825
14.5862
12.5897
13.9441
14.8268
12.8817
8.71752
14.3735
9.94154
9.78193
9.71889
11.9404
10.147
10.4286
11.4157
9.69524
13.9718
10.035
13.9443
6.39007
14.2699
13.0583
9.75493
10.2113
14.5342
13.9794
13.3629
13.4747
14.5005
10.1881
11.9525
14.2779
12.3762
13.0031
12.7314
9.81535
12.0988
9.3694
13.0321
12.1965
12.8986
9.14533
14.2837
14.7958
12.4232
10.7179
11.0757
13.9817
9.03765
12.1823
9.4185
10.9568
10.4248
14.5183
11.5707
13.9014
12.9394
14.5356
14.3053
9.51725
6.45949
10.0934
12.4443
12.7819
13.6466
14.3105
8.72543
10.2769
14.0363
11.6101
12.3665
11.2529
14.7179
8.94221
14.128
13.7054
13.9518
13.1086
9.64118
6.14891
10.8621
9.91421
4.572
8.57871
12.8036
13.2092
12.6642
12.5476
8.3875
11.4047
14.0617
12.8167
6.005
8.40955
11.5274
14.1428
7.25586
9.47386
13.7318
14.0759
8.895
10.561
8.03475
6.0574
6.30315
12.279
8.42597
11.1248
7.30634
13.9791
11.1581
10.8988
12.7847
7.48066
14.3707
11.8245
13.2267
11.0396
10.2108
12.0581
14.0207
10.2611
11.6815
14.4749
12.3563
7.6453
12.8542
9.40593
14.2706
14.4057
14.9491
11.2394
12.3909
10.3507
12.1545
11.0787
10.3749
9.90301
14.1493
12.1418
14.2181
9.69232
13.6872
11.5995
12.7275
8.32834
12.2176
11.1487
13.3716
12.6495
12.9647
6.07207
12.2118
12.6593
9.85932
8.57267
10.0742
12.955
11.9972
14.3607
14.5145
12.078
12.363
13.154
12.1217
8.40827
12.9464
14.3108
10.7509
12.6787
9.03391
12.8401
9.78266
14.9284
10.7208
11.5882
10.5031
12.1439
10.7685
14.6894
6.59986
14.1551
11.0852
8.49438
13.2995
12.2918
9.77459
14.1395
12.5314
4.57929
12.8858
9.19381
13.4054
14.2586
13.1026
14.1
14.6563
10.3387
14.0114
12.3579
13.8904
11.9525
4.31233
12.9874
12.4158
13.3064
8.40595
11.3344
8.3291
10.7446
11.4936
14.5741
9.57478
12.9586
11.4886
8.15139
12.864
12.5013
14.4866
11.4292
11.7116
13.1923
6.92346
12.3048
14.8572
10.1525
8.91339
8.4877
10.2292
10.0828
8.47983
11.5001
10.2883
10.8422
13.0912
14.8846
14.6895
14.9795
11.4178
10.5842
13.1117
13.955
10.3638
5.77336
13.235
12.1112
11.7267
14.5513
14.9301
13.5358
13.1953
11.0939
12.3747
9.13397
10.7451
10.796
14.7273
14.5266
13.5125
11.7928
5.69949
9.78173
14.8318
9.97549
11.0579
14.4044
13.7411
10.3872
12.908
11.6862
12.5024
10.1405
14.1995
9.42918
8.27693
12.8244
8.46126
14.642
11.7557
14.797
13.394
11.7287
14.5577
14.2237
8.22723
9.45553
5.27753
14.7004
9.54032
11.8998
9.93381
7.77654
8.0914
5.59232
8.63347
12.1742
14.0787
14.0515
13.8683
14.0647
8.91047
5.68267
7.14602
13.5727
10.4451
14.7904
12.8885
10.1363
5.55555
12.5382
10.0958
13.8423
14.1669
10.3455
14.9626
13.3906
13.6941
14.9905
11.2337
9.90265
11.2729
8.64072
14.0662
11.361
5.85438
9.2686
14.7546
10.6684
13.1456
10.03
11.7821
9.6785
13.4294
10.6901
11.6511
14.6706
13.9739
14.4511
6.14884
10.5948
11.8483
8.21132
7.99065
6.78606
12.5948
6.31011
12.2813
12.156
11.4371
14.5488
13.0893
12.5597
14.1712
8.35672
9.50263
7.40843
14.3497
13.8473
14.7119
6.93761
10.8633
13.0544
14.2366
8.94908
10.6531
10.5742
7.74161
14.2922
7.61536
12.6611
14.5306
14.2258
12.3659
10.581
8.57457
10.5586
12.7166
11.9718
13.7024
10.5684
12.6338
11.0286
9.16968
14.2466
12.506
9.86812
6.36461
10.1987
11.1171
7.15127
9.95183
10.4776
6.38107
8.52687
14.0937
11.5404
9.71877
13.8349
14.4499
8.48461
11.6261
9.20328
13.5529
12.8242
5.49012
9.04604
13.1075
8.3864
6.43861
9.26695
8.73293
13.8347
10.8939
13.8682
6.97726
6.08819
14.367
7.64199
11.7598
9.93375
13.2844
10.0056
10.6659
6.4215
10.5769
5.45659
10.0374
14.982
11.1106
10.9951
14.5851
11.5293
8.99277
14.789
12.5608
9.88844
9.79579
6.50192
9.90821
9.32287
13.2938
14.1164
8.67327
13.1716
14.673
12.054
14.7234
8.32952
9.23369
8.23878
10.9161
8.20609
13.4701
14.244
10.97
9.94531
11.5973
9.00883
8.2296
14.4255
5.16562
12.0475
10.7421
7.89314
11.765
13.3561
12.4102
13.4646
14.0239
13.5675
11.0739
12.8256
11.1056
10.2535
9.63082
9.86186
9.16865
12.9541
6.11069
13.5737
9.7489
13.9523
9.68404
12.0386
8.33477
4.52849
6.29038
10.939
12.1611
6.18613
10.3303
13.2743
9.71871
14.295
13.568
9.64241
9.92365
12.7237
7.21671
12.752
13.921
12.4791
10.9592
13.7565
5.66113
6.5408
11.1399
8.46345
12.3963
8.72913
9.20282
9.95525
13.8284
13.0681
11.7278
10.6132
14.9217
10.8581
13.2969
7.05761
11.1782
11.6667
14.2536
6.37708
9.08879
11.2096
9.30085
14.6576
9.31898
11.837
13.1897
10.2108
11.1336
9.49857
11.1842
9.89286
10.4802
8.65481
13.0197
13.0337
14.3036
13.9639
9.84176
11.2169
13.7632
11.7786
11.3511
8.97229
10.6289
12.4591
5.63516
12.2955
5.63423
10.4357
13.4053
12.6697
11.683
9.18836
14.2837
14.624
14.8474
11.2558
