10.6887
12.5127
12.8006
9.88433
12.7404
8.00193
11.9969
6.02146
10.3757
13.8181
14.0689
11.8663
12.4552
9.68841
11.8357
13.7927
13.766
13.8116
6.8936
13.0196
14.9068
12.6756
10.8614
12.2855
10.207
9.99254
13.8637
10.8111
4.87446
14.5268
13.0492
8.32959
5.01075
14.8541
14.2135
11.3704
9.19183
13.0646
13.3786
13.468
12.1453
10.7817
13.5582
11.0447
14.7085
12.016
11.6092
14.4237
14.266
6.94118
8.09236
14.981
13.1933
6.59739
6.11572
5.41174
12.0708
8.69883
14.5331
10.8515
10.3381
6.83671
14.7366
14.827
8.56954
12.7991
11.4958
6.22222
8.74139
14.2417
11.0307
13.578
11.5782
10.5547
6.04555
13.9896
8.3715
9.69554
11.662
6.11138
12.7435
11.4232
9.02683
12.1017
12.6185
12.8949
9.86383
8.46135
12.9543
14.2082
10.1214
13.5294
5.80634
7.62926
6.69058
8.41461
12.8152
9.82983
11.2115
13.7476
11.5055
9.82604
10.5721
9.70564
12.2478
7.38155
11.9462
5.55768
10.716
10.0564
12.2656
13.0509
10.7718
14.4512
10.772
11.257
12.2695
14.599
13.2063
10.8835
12.0024
10.9055
9.10266
14.0451
13.0829
14.303
12.1431
10.1095
7.86777
10.7708
11.9093
9.65533
14.6491
6.6208
12.1809
14.1102
14.0541
12.4567
8.3065
13.3695
13.8477
13.7214
7.89184
14.5261
9.40005
13.9915
8.2368
12.5608
14.0699
14.0874
12.4379
11.0264
13.0677
9.73887
12.388
13.1763
5.87253
14.5491
13.5523
9.12858
5.51321
8.01549
14.8596
10.8322
10.5258
13.6992
12.4031
12.7391
4.31823
11.0954
13.3237
8.79162
13.3345
13.1515
13.1847
9.10852
10.9422
10.8907
11.2176
9.6064
8.24076
11.5026
9.18637
9.77239
6.58976
13.7475
14.0158
8.6216
13.215
13.4292
12.1103
9.79338
8.24669
10.8977
10.6096
10.5926
7.83314
12.5141
13.2277
14.3623
9.83265
14.401
14.8716
8.11414
14.8949
9.64258
8.7248
5.46434
12.3332
13.364
14.8364
13.9306
13.6549
6.99867
9.11054
11.3772
13.1065
14.07
6.49152
13.8675
11.3454
9.83679
10.4921
11.2373
5.36255
13.066
12.5194
12.0208
7.82435
5.76236
8.78505
8.8597
11.0134
14.481
6.22006
10.2155
13.8092
9.92993
13.1509
4.28566
12.5294
14.6181
8.72651
9.39553
9.93128
8.46547
5.66585
9.38703
11.6375
12.5241
9.52951
11.3437
9.75994
9.94729
12.8583
12.2772
6.76209
12.7072
8.74666
14.6058
9.96083
13.9131
9.20764
11.3694
8.54088
9.98705
12.7526
10.3923
13.4928
12.9949
10.3161
4.59428
14.5657
10.8897
5.08004
10.7832
10.0506
11.4276
12.3668
14.5649
12.9107
14.3785
13.7759
14.8865
11.5342
14.6359
14.6224
14.3142
6.15583
8.05467
11.8219
8.30315
14.2437
13.8754
14.2372
10.5427
10.6739
11.4626
13.2988
14.0605
14.2371
14.4036
12.6604
12.743
12.1802
10.6766
10.6099
11.8805
8.45099
10.2674
5.55697
14.3093
11.7064
14.9849
10.7446
8.45486
10.0637
12.1068
12.4369
12.0272
14.9757
9.28295
12.0472
9.68576
13.7281
11.3283
13.8825
10.6928
13.18
7.98074
10.9294
8.33445
14.1125
5.32565
4.39432
8.18252
9.83308
11.6968
14.8014
6.99118
12.1852
12.2889
14.9144
14.1737
10.0787
11.0885
9.01642
14.033
14.9373
12.843
5.64144
14.7358
11.5003
6.07232
12.7763
14.5054
13.5199
9.59468
11.2853
10.3338
14.5744
11.8658
6.50376
14.9072
13.554
11.0763
14.5656
13.0526
4.07409
13.4373
11.3025
12.4024
11.3191
6.83798
8.13687
9.84302
9.83043
13.1962
10.9763
10.66
7.24032
14.771
9.41998
13.2702
12.1161
12.8158
12.525
5.92225
8.48808
11.5213
9.64264
12.7729
12.5159
9.52483
12.9653
10.0832
9.53753
10.8836
14.3379
5.1656
13.3961
6.85907
13.8615
10.3156
11.794
7.76741
14.7328
13.2951
12.2687
9.32148
10.7037
12.5225
13.5946
9.53254
11.3992
10.9895
5.69171
13.4869
13.7193
6.75242
6.24105
10.975
10.2678
12.1438
8.75852
8.7448
14.796
12.3211
13.5991
13.2986
11.7176
13.6019
13.7744
14.2546
11.4514
11.7395
10.7716
9.07818
11.8091
13.6812
11.0561
8.48905
9.05838
14.69
12.1969
10.0934
13.9874
13.8284
12.4507
11.6238
8.419
5.96629
7.47357
11.7057
13.5236
8.14927
8.01251
12.5584
14.9118
11.5471
12.2594
9.87447
14.7709
5.61898
12.1916
12.0389
13.0472
9.90581
9.31144
13.1201
6.18062
7.93419
14.1455
7.98457
10.2786
13.8899
14.468
6.14237
6.68561
9.27264
7.78697
13.7754
10.4813
10.4238
11.3381
12.6512
10.1864
6.72416
11.4554
10.3649
11.1744
4.77011
5.06133
8.74375
11.5452
7.91713
9.7244
12.2042
14.6734
13.5066
11.3258
11.5752
10.3822
8.17821
11.8711
11.2517
8.32275
11.8392
12.5841
10.0717
8.84337
8.07212
14.8645
10.476
13.5237
11.078
14.8383
5.25619
13.3948
13.2395
9.51149
6.09603
6.06551
9.95507
14.5127
11.3053
8.87108
14.3072
11.9673
10.5606
10.4688
11.496
6.29686
13.6474
6.41562
11.9548
10.0629
14.1626
10.4903
13.7308
10.9504
5.81085
11.1654
13.6346
14.8453
14.5397
12.7497
13.8022
12.4695
10.4906
8.60279
8.71254
12.7071
5.60531
14.5686
14.4941
11.7655
11.5138
12.372
13.395
10.1708
11.6954
7.21631
5.97067
11.7186
13.0989
11.5518
14.3233
12.0638
8.47002
13.6405
4.34371
12.2679
12.1906
9.20936
10.9403
9.84535
10.0183
14.3324
9.68832
8.30333
14.7489
8.23692
10.4636
13.0305
13.2107
9.31048
13.5325
14.1643
9.23032
13.8236
13.6518
13.8221
11.1546
12.586
13.33
10.944
10.1028
13.603
12.6247
11.9544
14.0569
10.973
6.38148
12.5808
13.4773
10.0667
11.9926
10.1066
10.7634
10.1884
8.07663
8.97886
14.4901
10.6486
12.4298
11.3412
9.19509
14.8959
7.57872
10.6259
8.68422
10.0466
14.0079
13.0445
11.8194
12.0311
5.45696
5.93725
11.0187
6.88518
11.2919
14.7321
13.7022
13.462
10.6797
9.53892
9.5658
8.86311
11.7157
10.1053
12.4218
11.7846
14.7744
11.7345
5.61261
12.6254
9.14979
13.6184
5.49244
10.829
10.1904
10.0128
8.61544
9.08938
10.375
5.96633
11.7579
11.8961
9.72552
12.7513
13.3183
10.8424
4.41321
7.8303
12.1151
10.1031
11.7815
10.1939
8.78682
10.4966
13.3724
12.9509
13.6246
11.6901
14.735
13.4498
12.4327
9.02039
4.43434
10.6461
6.32895
13.7697
12.2384
9.32814
12.6386
11.8059
12.047
11.3295
11.8982
8.9969
13.894
9.27127
10.0431
12.7896
13.2819
13.3592
14.7334
13.5407
14.8472
11.3689
12.2841
12.6086
12.806
13.9986
12.6967
12.6646
6.05263
13.9567
14.6072
8.25271
13.6774
13.4081
11.6308
9.05236
9.77362
14.0806
13.7636
10.0507
13.8004
13.8726
14.9497
8.08656
11.7426
9.25371
13.7041
10.8908
12.0052
13.3701
12.9066
12.7084
14.6211
14.9373
13.7461
12.4177
12.6705
6.97331
12.1693
11.3501
11.2792
8.83707
11.4089
13.0778
12.5177
9.69137
10.9284
8.95862
4.8779
10.3056
11.7488
11.8109
14.5102
12.2082
9.7259
10.1566
6.51982
13.0745
8.95658
10.0093
14.2649
6.18941
12.14
14.8511
10.3438
8.71747
5.6551
6.38766
14.222
7.42274
11.9464
7.66406
10.2086
6.36036
12.2787
14.1857
12.5254
13.1394
13.8273
13.1145
9.06857
14.654
13.9058
14.4106
8.12237
6.04682
11.2187
12.9873
10.0199
13.4895
6.16005
10.8543
11.0719
9.68683
12.5774
14.1078
10.5509
5.1678
13.1235
10.021
11.0279
7.34143
12.5929
11.8409
12.0995
9.3733
14.5449
6.10306
13.9182
13.5727
12.419
5.34703
13.4237
10.5228
11.6883
12.1726
9.65866
14.2889
14.5883
11.6612
12.4396
13.0241
12.1502
8.38367
10.7549
9.35779
9.83854
10.7806
9.36383
5.89859
13.6501
9.58758
13.2534
13.1208
11.6505
13.3218
14.084
8.07842
10.5147
6.3913
12.9284
12.3989
13.9366
7.99096
12.6691
14.1429
10.5983
14.8974
12.1743
13.594
12.7644
11.8535
10.6273
10.2189
13.2162
13.2898
11.8343
14.3818
13.4383
13.8987
12.3907
11.0892
12.8122
13.3559
13.8069
12.0921
12.2481
12.1044
10.3518
7.60328
11.6574
11.3652
13.7203
12.7656
10.4661
10.3942
10.0327
13.8157
13.7423
14.657
13.2651
13.2859
11.6881
13.8216
10.1573
14.0914
13.3372
11.8496
8.58436
12.4401
7.27875
14.8199
14.616
12.0055
10.1578
13.4097
6.97279
11.9895
10.7369
6.14882
13.3816
9.94948
11.2093
7.87521
14.9328
11.6692
9.93132
10.791
11.1928
6.10908
14.2443
8.72787
14.1276
14.6607
7.41604
8.98718
12.3029
8.46182
12.5896
9.57179
10.0165
12.9529
10.7385
14.7765
11.4535
11.7183
12.2018
12.908
13.7991
9.59247
10.1205
14.9376
10.5727
12.4611
13.5228
11.7651
13.976
6.45954
12.3571
6.40995
14.6201
10.823
8.14372
12.9156
11.097
10.8701
8.38921
12.6503
11.1307
8.49599
11.7831
8.156
14.7631
14.6202
9.34383
8.31429
8.39283
12.3959
12.2883
7.99036
14.42
5.14466
12.9322
11.1003
13.1995
13.2905
13.638
14.1414
5.03327
12.1362
13.1784
11.6437
12.5752
13.1964
11.3182
12.4609
11.7842
14.9748
12.8513
14.0491
9.07607
12.9594
10.0425
13.7233
10.3394
13.7664
5.53801
9.92126
12.0848
14.7184
13.8466
9.52588
13.1888
10.6281
12.1294
5.51255
13.6443
12.3335
9.63821
12.2515
11.7555
8.18315
14.6673
6.98481
13.8718
12.2339
6.52804
12.9049
11.4208
13.2546
5.37018
9.44094
11.8962
14.8235
12.7713
11.0865
13.0414
14.7304
9.07563
10.5831
14.267
11.6598
12.2182
11.2818
9.66424
14.9152
13.3727
6.81422
14.9167
13.3822
14.6976
11.2425
12.0368
11.8732
14.5248
6.42807
9.29007
6.24487
13.8784
12.3311
10.7685
6.47289
6.11416
12.464
11.6855
12.0687
10.8831
12.8019
8.31095
13.3293
11.8832
13.0701
7.52272
14.9226
11.0724
13.8671
14.4684
12.8604
8.20638
8.83593
13.8905
9.70237
10.2627
10.1101
5.71787
13.7898
9.74928
9.44607
14.9552
14.153
13.7205
14.2351
5.88271
8.99233
14.0044
6.43607
6.68363
14.0576
14.3725
7.66727
11.7378
5.39732
13.8491
14.4363
4.88524
14.0533
10.4147
6.42991
10.5925
13.9675
14.6942
14.0277
8.91928
12.7738
10.0963
13.8826
8.76886
8.74723
13.8082
13.4388
6.70331
9.15446
10.8206
12.1325
13.5467
9.83847
7.40462
9.62024
12.9891
14.409
14.8443
11.7821
14.0095
9.71548
5.81345
13.9005
13.0695
11.0189
11.0085
12.0983
13.8934
14.3152
13.4385
5.07004
12.0414
13.4198
11.7036
11.2187
13.3443
13.0525
8.21452
6.87859
5.45305
9.38755
13.7398
5.82723
11.7422
9.67438
10.3627
14.9305
11.249
9.81084
10.1478
11.1693
12.5993
14.9969
13.7216
13.5105
10.1011
6.22378
9.74624
11.9174
11.6617
14.4164
13.0644
12.6891
9.75601
10.6083
9.81699
11.6341
14.2371
7.52055
12.301
14.9642
11.6485
14.7543
11.6589
11.8335
14.8937
12.3225
12.9599
4.87458
13.047
12.6581
13.9655
6.03017
12.0368
11.087
9.90946
7.77718
11.346
9.29864
11.6553
13.6146
7.66214
14.3883
8.59507
13.6289
12.6062
11.3063
12.6854
9.13041
8.61633
6.11864
5.92301
10.525
14.259
12.7298
14.4269
13.938
10.9081
10.2027
6.01153
13.774
11.1009
10.6744
9.20491
11.1941
11.0479
12.7063
14.7823
14.0612
11.6615
9.98987
12.5138
9.88767
8.71851
14.3113
8.31364
12.2334
11.4688
12.2881
9.89255
14.6586
11.3037
13.2181
9.72848
7.14636
9.19742
13.7381
7.41327
13.0792
9.93098
4.53511
14.4368
14.7148
14.1762
14.5653
13.3194
9.32586
14.7353
9.89358
13.8115
11.1857
11.0932
10.4688
13.2867
14.2492
14.6258
14.23
12.4956
11.1873
13.7363
14.1118
4.80564
10.7967
11.119
10.3043
13.9866
11.5356
10.4803
14.2312
10.5453
11.6404
10.3488
8.50673
14.1931
12.9774
10.0285
13.9636
6.29117
13.7113
13.9501
8.56167
13.7422
12.684
13.3728
10.8067
12.2714
14.6937
12.2287
14.4529
6.35065
13.5602
12.533
9.65409
11.41
10.3999
13.2273
11.1705
14.8614
13.1876
12.5813
6.15179
14.6555
11.1696
5.08508
13.7044
12.2061
10.6429
8.71134
12.3114
13.3984
12.2365
8.07013
12.2093
14.9945
14.6178
7.13712
10.7408
10.0006
10.8156
12.7147
10.4194
14.3889
13.5068
13.2346
14.9051
9.77451
13.9979
14.9923
9.44396
13.9361
13.1737
10.4664
8.73783
13.6777
5.98574
6.07753
8.37087
13.752
14.4866
14.3529
13.7682
9.81266
13.9037
14.3986
12.0788
11.8249
14.2605
12.9588
12.8587
6.20163
4.93469
14.2378
5.19599
9.31185
12.1692
7.16407
14.5533
10.7481
9.65125
6.2633
14.5088
14.5998
13.8597
10.4701
10.9622
13.2358
10.8729
9.43526
11.3237
13.8159
14.5276
13.44
13.0143
14.1121
7.15456
13.6436
10.9642
14.6668
12.1364
13.706
12.9404
8.21081
12.712
12.4094
6.19798
13.1615
9.5118
6.65071
4.81188
7.44191
14.7021
12.5475
11.3342
7.02279
14.5638
9.87285
4.78016
14.1731
8.37921
14.8368
11.5986
9.48382
9.29547
12.7309
8.66555
11.8477
11.6189
10.1062
8.78465
11.9505
9.85321
7.55854
12.1506
13.0472
12.8037
10.4467
7.352
14.8132
12.6183
12.4982
13.5795
12.4546
14.346
9.50323
13.0737
3.74815
14.3611
13.1728
9.03391
14.2778
13.9482
14.1396
14.9213
13.6573
12.7514
11.7199
9.12203
10.7525
12.5904
7.71739
14.7176
12.2804
10.2398
11.0386
14.9115
13.5674
10.1894
11.3874
5.76306
6.37096
6.91496
13.0215
13.5445
13.8869
12.9221
9.31868
13.8942
10.8885
10.8806
10.449
4.89508
6.62841
12.8814
11.4857
9.12144
9.60814
11.6806
14.3764
14.713
12.4114
10.4752
9.7364
11.6533
13.5887
12.5925
9.1619
12.6497
13.0625
14.3652
9.56605
9.48232
14.1765
14.5866
5.3934
7.22331
12.5834
12.456
14.202
14.6121
14.9216
14.8894
12.6665
12.2867
13.7636
10.0567
8.51948
13.596
14.0598
11.194
13.1746
13.4124
6.02675
11.1463
9.86515
14.2366
13.8881
14.0347
9.47495
14.8323
12.1654
9.17298
14.5871
9.50069
14.3097
11.7086
8.93247
9.74466
10.7535
10.1263
7.0002
8.7366
13.0315
13.9097
12.9251
5.18187
14.4504
14.3914
11.4725
9.34134
13.8303
10.6753
8.3222
12.2283
9.5532
13.521
10.521
13.1989
10.0035
10.9823
9.98274
9.17229
10.1986
9.92519
6.7455
9.49479
5.9443
8.20188
13.2245
13.016
10.426
11.2253
14.6875
6.04843
5.88924
8.78386
14.6398
12.7224
11.6341
6.03136
11.8015
14.2979
13.867
14.4429
14.1996
8.53693
13.9862
12.9214
9.84634
5.66026
14.3065
6.36647
8.59881
12.5319
10.4889
9.21487
8.71083
11.1402
11.7362
6.35372
14.9919
10.3857
9.35963
5.85898
10.9052
12.5351
8.52654
13.7198
6.8025
13.9996
10.3684
13.0046
9.89202
12.0214
7.71888
11.4565
14.2869
13.9395
8.79091
6.35445
5.95526
7.93395
5.61372
10.2035
14.2475
14.2168
10.4275
12.9263
9.92113
8.65401
10.8116
10.0547
10.8861
13.3641
12.9777
14.7854
7.00156
9.76199
14.9758
10.4738
14.0254
13.8349
11.568
10.0568
6.51909
9.57269
8.45353
5.66151
14.0566
13.7703
12.0062
13.3824
12.236
9.51982
14.262
12.2969
9.87609
10.8705
9.43626
11.4026
14.821
9.93655
11.0488
12.9269
14.8059
10.0345
8.8211
9.98477
5.32203
10.849
11.8561
13.5469
11.173
6.39364
9.14752
9.15024
12.4326
14.6786
12.1016
11.8384
12.5355
6.65539
12.6075
11.0783
12.4018
12.4837
12.4291
10.5283
12.0249
11.163
12.9623
6.16402
10.0215
10.0047
12.3058
14.5735
14.8847
14.2296
6.33361
6.86189
11.9697
10.8268
14.4626
10.8091
14.1548
9.1362
12.3263
9.78781
13.8189
14.5087
8.24906
10.8653
12.8192
13.1057
13.7894
13.5135
14.8204
11.7488
13.1821
5.99627
14.1402
14.5046
5.78841
14.9539
8.55024
12.5693
13.5442
12.5745
11.5165
11.9344
10.5043
13.0301
9.59132
12.7075
6.03422
13.9317
13.366
10.1045
8.45928
8.00859
12.6619
12.7584
8.39871
11.0298
9.44722
8.68102
14.5117
11.4974
11.541
13.3251
9.77497
11.5308
13.5446
11.2832
11.3609
13.1705
13.7701
8.51197
11.4297
12.7095
13.8469
9.85731
12.6191
10.1023
13.5013
12.9482
10.5255
7.8324
14.8596
4.94192
8.75702
10.4033
11.251
6.3838
13.2803
14.567
13.5562
6.26838
8.98376
11.3483
13.0355
5.16734
14.5552
13.5485
13.1542
14.1784
6.18957
14.6855
14.3238
10.6064
11.3581
14.1911
12.359
7.42382
6.49344
6.36094
14.1989
8.61776
10.2016
13.1153
12.1973
9.09277
10.6514
9.96784
13.2039
9.97301
14.9283
10.6001
12.4701
10.6364
9.80084
13.3723
9.4883
10.1556
12.9227
13.409
8.34936
12.3188
8.35618
13.2116
10.604
9.2385
11.8256
13.9578
9.70893
9.12695
9.79911
5.67195
9.993
12.5294
12.9143
10.1461
11.7402
9.42597
11.409
11.2414
6.25735
10.1389
13.7865
13.436
11.689
10.9929
13.9261
10.0721
14.1733
13.6951
5.76106
6.23711
14.9261
8.83486
12.7599
4.5086
8.63926
10.4443
9.69671
7.0556
13.9482
11.4397
14.985
13.3758
14.4889
10.9892
10.5954
14.4585
11.9505
10.2373
11.5731
9.24124
9.61816
8.98106
6.18252
13.7633
10.7021
13.1257
10.9765
10.0732
12.4281
13.2687
14.1214
4.28309
12.3942
6.4488
12.4576
14.5482
14.7001
10.5366
5.85254
8.1297
9.76327
13.3463
14.2502
12.3722
8.83557
13.3866
14.6835
14.3113
14.9856
14.0893
11.4824
12.4107
11.6197
10.3401
13.1748
10.8913
8.83867
11.6933
11.8908
12.9804
10.4757
13.2976
7.78491
11.1877
11.9735
14.23
5.58237
8.57014
6.48242
10.3308
13.6357
13.5363
13.3975
14.7892
11.0503
12.0647
10.7462
9.93264
14.8247
10.5499
10.9676
10.2453
12.6167
14.8913
14.7697
5.5053
12.9975
7.5762
10.5345
12.8375
10.0047
13.3931
8.62634
14.7816
10.1169
13.4383
9.47637
14.065
10.0731
9.3481
12.9249
14.7955
14.1184
12.1818
12.7306
14.2394
14.7747
13.311
13.575
11.5534
12.1149
9.27109
8.51126
10.5441
7.07411
13.5408
10.4657
8.57986
10.3805
12.9973
11.1336
13.9752
10.4663
9.24187
10.6274
12.9842
10.6995
5.73413
14.0857
11.95
10.4185
11.2535
12.5692
6.37128
13.3686
12.6373
8.63778
10.9224
10.2017
9.96335
13.4388
10.0617
14.1219
11.1287
14.4244
8.79627
8.58371
11.9156
14.8957
10.4482
13.5716
9.26974
14.7743
14.5134
11.4171
13.5815
6.33872
11.4237
11.7369
9.82444
12.2288
10.4999
10.7877
12.4741
14.241
12.1197
13.6466
13.0457
9.7148
13.3038
5.09309
11.6324
9.83226
10.304
10.4297
12.8254
9.46746
10.524
5.33897
14.3305
13.5411
3.98039
10.311
12.4367
9.0803
8.82178
10.098
11.9984
10.9818
9.39151
13.0503
12.8348
11.9747
6.29101
14.614
10.9647
10.4491
6.68201
14.7298
11.2311
11.6451
12.4282
13.308
13.4114
13.0379
8.80429
14.573
6.35107
12.6258
10.884
12.6547
11.7227
9.3225
8.25323
7.43369
13.6255
13.9173
10.4236
14.143
10.6806
12.9335
9.18373
5.24282
14.8686
11.1541
13.5539
9.22271
9.49274
10.1355
14.1354
13.695
13.3753
4.94545
13.5411
14.984
9.3828
9.65496
6.1668
9.90252
12.0667
6.60649
10.6021
12.7309
9.30986
12.0543
8.61391
14.298
8.91893
9.11534
11.9898
10.361
5.0752
9.91355
10.3734
6.26789
14.9388
13.5244
6.61777
12.3639
12.7405
11.5662
9.88369
11.1188
12.032
9.43494
12.7273
11.6551
10.3044
14.4794
6.17234
9.93561
14.1423
9.45403
13.592
8.35206
9.66358
12.5323
11.3959
14.1551
6.62838
14.3198
12.9982
9.38708
10.6492
10.9613
11.9791
10.4483
9.1706
12.9972
8.01938
9.96696
14.873
10.4281
9.44666
5.90436
10.6558
8.67909
14.868
12.1237
9.64445
14.6629
10.5714
13.1373
10.0247
14.4522
5.5538
8.74111
9.40682
9.34994
14.397
10.5829
4.87444
10.1978
10.5374
9.81214
14.539
13.7112
10.1312
12.7832
10.1622
14.3585
8.28659
12.0595
11.8828
9.95928
10.5182
10.3924
11.6582
12.4319
10.1559
9.83212
9.82365
7.55765
13.8778
13.242
14.2358
13.5656
8.98836
12.2302
13.5013
12.3752
10.2492
13.218
6.2892
11.6541
11.1756
12.8242
11.0117
13.4425
13.3986
14.2269
12.5011
7.28577
11.1992
8.41377
11.6376
10.8867
10.668
12.2614
11.123
9.33425
11.024
11.9215
12.6628
13.7279
14.5987
12.394
8.56558
13.4767
14.3245
12.7054
11.8468
10.0839
12.9034
13.0257
10.4434
13.8424
8.41307
11.9904
13.4497
7.68605
12.1401
13.079
8.2882
13.5356
11.0853
14.6178
11.9043
12.8441
10.1675
10.5223
14.6487
11.9935
14.1684
9.5948
13.0168
9.69199
13.6582
13.3198
12.1944
11.692
9.40787
5.96301
14.6525
9.87216
10.2351
7.31875
11.6528
10.765
9.71856
10.1604
12.0871
10.6758
9.58925
12.4424
14.9085
9.09508
9.58004
8.34983
10.3436
10.5331
11.8434
10.2781
10.8537
14.8611
10.0691
12.1024
8.39808
7.93027
14.2039
9.10795
12.8561
14.4174
8.24242
13.6521
12.1995
9.43655
7.72694
5.78869
10.3357
10.35
12.8275
9.81176
6.39254
11.0583
12.4904
8.75095
10.4546
10.85
14.945
11.4982
5.50289
13.4967
8.51596
12.8628
10.1868
13.1259
12.2236
13.8229
12.441
6.48838
10.4777
12.5192
10.1473
9.59104
10.9066
14.6829
9.1052
6.21303
13.1289
7.77377
11.8868
7.1779
12.7316
14.7063
10.6025
8.50614
10.4974
11.2538
13.5015
10.225
12.9216
12.9068
12.8657
10.3129
13.1579
14.1911
11.387
4.14634
13.2901
6.33941
13.5401
8.10457
11.6114
11.8971
13.3411
8.62247
9.77061
12.9241
13.8531
10.728
12.5086
13.0613
10.8568
13.7375
13.5942
14.3649
10.3557
12.2459
14.6391
8.64099
10.3109
11.4367
11.2377
9.91046
13.0912
14.9769
14.5849
12.059
11.9455
5.72368
10.0789
13.296
11.7975
9.65902
10.8071
14.7794
8.79638
10.1565
8.72565
10.1406
14.1857
12.9479
6.49492
9.53754
13.0312
10.0486
10.6821
13.0477
14.2718
6.10669
4.97968
10.7403
11.2599
8.23795
13.0454
14.8331
9.9331
6.67754
9.83052
13.2807
13.8236
7.14143
11.4977
10.3755
14.7739
5.60534
9.9348
10.7045
6.83684
13.4494
14.8624
8.58799
8.3106
8.08943
13.608
12.3614
14.2691
9.12465
7.45706
10.4117
12.336
12.8821
9.23693
8.49729
13.0424
14.8256
9.94513
13.3036
12.8653
10.9141
12.2212
9.90885
12.6178
13.058
12.281
12.7808
9.08457
8.53728
10.631
9.31385
7.03674
11.7548
11.6618
14.939
11.0522
14.2406
12.5536
14.2602
14.4922
14.1761
11.8938
11.6801
14.8213
13.7481
5.52602
6.30248
11.6715
14.665
11.7143
13.8264
9.768
8.71755
9.19715
9.40409
14.8484
13.7905
13.8918
14.0216
12.5521
14.0674
8.34066
13.9205
13.6725
11.2368
14.1569
9.73701
9.52284
6.547
14.1593
9.42445
12.0964
14.8272
7.27046
12.5729
10.1976
10.7558
9.77127
7.99349
8.31599
12.575
9.42799
9.39795
11.5279
12.9587
14.9618
14.3998
14.9626
11.0304
12.0058
13.7586
13.4697
5.83075
12.1756
7.0232
5.01273
13.1686
9.67615
13.4341
13.0386
12.9511
8.43753
11.6402
12.3526
14.8022
12.2292
12.759
10.8401
13.6085
11.4363
14.279
10.0605
13.2035
10.1921
4.99145
13.2338
13.109
11.7188
12.7736
10.011
14.5884
12.0889
14.9655
11.3402
14.1773
14.3477
7.79891
12.9714
13.2865
7.29329
12.8585
9.57304
6.20088
12.8039
12.206
14.9945
14.6083
12.413
10.91
10.528
10.7466
14.6762
9.77051
12.9445
14.6886
11.8971
11.4444
10.4148
5.57512
11.8118
7.86039
9.65322
12.2189
10.3163
12.1604
9.41159
9.96437
14.196
12.7463
9.55761
12.5382
14.0212
13.3145
12.3404
9.68719
12.6124
9.8612
9.69657
12.4839
14.3623
11.817
10.8951
13.1358
12.9814
9.7071
14.7865
11.0362
13.5605
9.39951
10.1036
8.68623
8.76619
10.0917
12.9104
9.86515
13.6187
14.534
14.0365
8.67572
10.6503
11.3005
10.5412
10.7247
14.4123
11.0375
4.50283
7.61018
11.8991
12.0079
10.4736
12.5666
8.03394
11.0108
10.9675
8.12301
8.77214
13.25
13.3042
9.08083
8.62289
11.3354
13.5793
14.0622
14.4164
14.2091
10.4904
11.7117
14.9556
12.1223
12.2067
11.2715
5.82313
10.1993
9.84422
13.9808
9.37732
13.8142
12.4501
11.8475
13.0476
13.2918
10.3595
10.8432
12.9459
12.6783
13.3909
10.7573
14.5021
12.4875
11.0933
14.3796
13.8347
14.6385
9.91523
13.0973
14.4737
7.70129
13.2212
8.65224
12.4296
8.74414
10.9973
13.6815
11.7326
12.9893
9.82252
13.4435
4.78995
13.2087
14.3454
13.8844
13.6573
14.6789
11.1417
9.78482
10.7508
9.68251
13.8813
12.1854
14.614
6.7842
11.987
8.48788
12.9358
14.0427
11.5313
11.8221
11.2023
7.80416
12.4143
9.82113
14.4971
12.3343
12.5074
10.442
9.92181
13.4817
13.6961
13.381
11.5461
12.5007
9.52569
13.6373
12.6774
8.9328
12.9103
12.9314
13.6707
13.5762
12.869
11.1057
12.0528
14.705
9.42554
12.1441
13.2921
14.0342
10.3882
12.4729
10.4278
13.3538
12.2189
12.4377
12.4179
11.6987
9.86364
10.2181
6.75277
11.9047
12.2485
9.45995
7.13882
7.19895
12.7689
10.5639
14.1109
8.68297
14.8019
11.4272
14.0557
9.96523
8.42461
14.4559
11.801
9.42578
10.5253
11.6753
9.55541
10.7483
11.9102
11.051
12.0283
9.41089
12.4534
14.2284
11.869
14.8072
12.9253
12.6078
12.0146
9.16857
10.7182
9.87868
8.16412
13.2878
12.9369
11.0642
14.606
11.827
9.87763
13.1196
8.68495
10.9407
8.30068
13.2148
13.1647
11.2224
12.4922
11.7487
12.9722
14.1992
14.3282
11.0335
14.5429
12.088
10.9193
12.8161
13.5338
5.03217
7.78319
14.1798
5.76534
12.931
14.1183
14.7966
12.0347
13.1694
13.1118
10.2317
12.5005
11.8759
13.6546
14.8604
14.5241
11.5138
8.79066
9.7963
11.9627
14.623
10.9505
14.7136
10.565
7.70719
12.1574
8.6776
13.3518
13.7906
10.4711
10.1831
14.9441
9.67999
7.18247
13.7942
11.3805
7.64816
11.3878
14.3662
10.0152
9.63251
13.9545
10.607
12.7017
8.62922
14.4091
11.9892
11.5345
10.4456
7.97938
13.7357
12.9407
11.208
10.6704
7.07147
13.6239
11.1846
6.28437
6.31988
12.0965
13.9505
12.5092
11.984
11.1657
11.0679
13.9359
10.7716
10.1143
13.5798
9.87822
5.81966
13.1579
12.7123
14.2194
4.39653
12.0548
12.9997
9.08225
9.45561
9.63939
9.74331
12.382
11.0991
11.337
12.4661
10.8745
13.3314
13.7888
12.1411
14.1028
13.0868
10.9654
6.21217
14.9684
7.38496
7.47048
12.6465
14.8322
5.98225
14.6064
13.4968
6.12194
7.74159
11.5747
6.2205
10.9064
5.8608
11.216
10.6682
14.5334
14.2498
13.1017
13.917
10.8016
12.3261
10.4626
10.1286
14.3145
9.90915
9.79291
12.927
9.28824
12.7853
14.3258
5.93376
12.8858
10.7134
12.8568
10.6046
8.60242
10.5041
8.73945
14.6597
12.5635
6.85422
12.984
8.52737
14.6619
11.2137
7.63288
5.94305
9.47806
12.0593
13.2531
12.1233
9.342
13.1711
11.6933
8.19276
9.26508
13.5634
14.6648
13.7582
10.8792
9.76236
11.7915
14.4051
11.0794
12.0353
14.1805
13.5849
12.2919
6.32558
8.29571
7.40623
13.0083
13.2202
14.0979
11.1258
14.0045
13.1409
11.7595
9.96938
11.8462
14.8236
10.379
12.5002
12.1573
12.1098
12.1671
11.6403
10.7834
14.9448
13.1056
12.4839
14.8541
13.0266
9.07092
14.4669
7.76119
8.11614
5.5728
11.4992
11.0591
14.4788
12.7309
5.4773
12.3572
10.3368
10.9566
13.6995
13.0335
9.54919
14.0154
11.6738
11.7071
9.43358
12.0415
9.52537
14.8367
7.24538
13.6085
5.64155
11.5347
14.108
12.3449
9.69328
8.02631
10.0803
14.1462
14.0845
13.691
13.7059
10.3385
9.82796
5.07832
10.6439
14.2752
13.9653
14.6789
12.8352
13.162
12.8856
11.4147
14.9647
7.80846
12.9866
5.43564
14.8064
5.33725
13.7151
13.8113
14.8266
11.9118
11.9132
11.1611
9.35143
12.1787
7.44107
8.71286
9.50793
13.986
14.2386
11.319
13.1558
9.78397
14.1215
9.1618
9.80818
14.9325
8.60897
13.6963
11.423
9.54588
11.1937
13.2118
11.2707
11.4962
14.5319
14.3528
13.9033
9.0637
11.877
12.179
10.3184
10.1114
12.0719
11.7416
12.4348
12.5159
5.75836
10.5349
14.697
13.7212
13.3057
6.61386
10.5357
12.4019
14.2944
14.84
9.95462
10.8087
14.3195
14.874
11.5971
13.0764
13.0986
10.7132
9.85828
13.1076
14.3692
9.76724
10.3987
9.48047
11.7899
11.223
6.25847
7.66714
13.1112
9.86816
10.5561
8.8175
13.3248
13.0645
5.70083
10.4389
14.5716
6.13693
10.1559
11.3179
8.48301
6.00976
8.39912
14.6967
14.7228
10.7903
14.4563
13.9085
12.3474
10.9935
11.6101
10.635
14.8253
5.55051
11.428
11.4422
6.38134
11.9338
9.93681
12.1114
13.1113
9.99643
10.6954
12.6891
6.49803
13.4732
9.65943
11.6514
11.6913
11.3566
14.1269
13.7421
11.5101
9.21808
12.6101
14.4043
12.2207
14.6195
12.3064
13.8274
14.5986
11.1904
5.93079
8.5728
14.2363
13.7161
11.0349
7.03331
5.9514
12.1806
13.843
13.265
7.38061
6.10021
8.2476
10.1861
11.5383
11.967
7.77315
13.4519
10.5642
14.0119
13.7267
12.6789
9.625
10.6778
7.96667
7.66938
12.3953
9.70761
13.6965
10.0368
14.048
14.0146
12.7379
13.3798
13.6599
9.51745
12.8563
13.7325
14.1875
12.8047
5.97917
13.7654
11.527
11.0155
14.2683
9.58186
14.1747
5.77945
7.21811
6.89916
9.68238
9.13133
11.5478
10.2529
8.56601
14.5019
8.28447
5.79368
7.62786
10.4335
10.6784
8.39707
8.90788
12.9612
13.7806
10.1472
10.8846
4.57532
12.8747
11.0035
11.6381
12.9847
14.268
11.1944
12.5616
13.304
8.35934
14.8296
13.6928
12.6818
10.5035
12.0165
12.951
6.08665
14.2826
11.2053
10.8895
5.87659
12.0051
13.8847
8.75847
14.7563
12.0522
13.5721
6.8868
9.99704
14.3694
4.24809
14.5913
14.3951
14.4402
13.4223
5.8031
10.7588
12.5157
14.3709
12.7142
8.76873
10.71
13.4371
5.77615
14.534
12.4384
13.8263
11.7639
13.4048
10.1733
14.8687
12.6583
12.0576
12.8774
10.2677
13.9328
12.9727
14.991
13.5907
13.2726
11.8358
8.71533
13.4316
14.681
10.2643
4.51663
11.8289
13.7443
8.86093
14.3144
13.5852
13.2368
14.0728
12.1547
9.62562
13.9228
12.7685
10.0953
6.96876
14.1835
5.77526
10.642
8.65873
4.78786
9.33788
13.2357
10.5047
13.4783
11.0648
12.0595
8.09653
11.1003
10.8224
14.5984
12.1192
12.6293
7.05721
11.3748
6.44443
9.28612
13.56
14.5725
14.6751
10.13
13.4798
13.2161
9.50994
13.9899
12.3025
12.1097
13.3912
11.994
10.0395
14.8406
14.1959
9.13668
12.2976
12.2667
7.9304
11.3228
12.2264
14.9392
11.2827
13.7262
13.4379
14.1541
10.3913
10.1255
13.2761
13.5364
12.164
10.6542
10.838
9.77437
10.8886
9.49179
11.2256
7.21513
9.55591
5.76569
10.5552
9.42709
11.087
12.8284
13.1007
10.7484
11.2664
10.713
11.267
12.0376
8.62208
12.9679
5.91562
12.8133
10.0434
8.2935
10.6259
6.55523
13.3867
6.12658
14.0095
11.6766
12.0446
9.92049
9.21886
13.0657
10.2516
12.1456
12.6622
12.1927
7.4126
7.31427
9.25202
8.6346
14.6448
13.5955
12.0494
9.4258
10.9875
8.29534
12.6884
14.1269
10.7682
6.22224
11.9564
10.9932
10.7678
9.00496
13.3309
6.42993
10.5716
7.79639
11.1228
9.79646
13.5902
13.6263
8.04433
13.921
10.9363
13.4798
9.58462
8.91939
10.3604
13.6405
10.3751
12.8611
4.71444
13.0434
5.80665
8.39466
12.8803
12.9766
13.6968
13.9235
10.4594
9.07797
6.55083
9.03792
7.75768
14.1794
9.19481
14.8902
12.9734
12.9658
11.8254
12.6461
14.6627
9.0421
10.2462
9.50744
10.973
5.97815
12.5908
11.7308
8.71393
14.5507
8.64905
11.5743
14.9637
11.1956
14.1133
11.4758
10.8703
8.34845
13.0789
12.6504
11.0973
8.70535
11.7699
14.4321
10.735
13.0174
12.6061
10.2804
9.44902
14.3128
14.5188
8.42281
12.3852
10.6007
11.6044
9.60953
11.3245
11.6105
7.86473
6.40529
10.2226
11.8247
14.2093
10.7315
9.3941
13.0253
13.2349
9.10101
12.7955
6.43937
12.3787
6.36419
12.1506
13.3375
6.22732
11.3037
9.98448
14.4682
11.9587
11.405
9.63929
13.8383
14.1136
11.9292
12.9211
12.5326
8.7616
11.4193
5.45953
9.61856
11.4777
14.2008
10.2827
13.0042
13.8958
9.78204
14.5893
13.746
10.3582
8.84228
10.8621
13.5766
13.4351
9.66235
14.56
13.7426
9.44626
9.25563
13.0328
5.54296
10.8718
14.1591
6.48333
12.685
13.8973
14.0931
11.5915
11.3557
12.3265
13.9319
12.3057
12.1321
11.741
12.5706
8.33422
12.0649
12.8775
10.3487
13.8048
13.8002
12.6938
10.1215
11.7052
13.0165
9.76996
9.05443
13.398
11.4716
11.8794
10.4251
6.01369
6.22241
12.5355
7.94508
14.6676
4.24983
10.3764
8.96358
10.7947
6.73643
8.54576
14.243
12.5368
14.4691
11.8435
8.38997
10.7648
13.6229
14.9916
6.22637
14.6527
6.8037
14.577
13.8416
12.4637
14.157
11.6308
14.3535
9.53293
10.9174
5.68059
12.2924
10.1633
10.0516
14.9558
14.1387
8.73602
10.2669
5.65224
12.2992
6.60478
13.9883
8.60417
12.0246
10.5962
13.9602
14.1406
14.4469
8.63558
13.5322
10.3465
10.0194
14.9125
7.32298
11.1155
9.96477
13.3089
8.0573
13.2385
12.8243
10.9962
14.4061
11.5606
7.62805
10.0155
12.7527
13.9286
14.8618
9.76709
9.18469
12.5468
10.7157
11.2672
14.0601
11.7037
12.6682
5.40605
8.43617
14.8095
14.97
12.712
13.2674
14.8278
9.91159
12.8368
14.7161
12.5809
12.3021
8.81793
10.5456
13.0383
9.87267
14.1625
14.8462
12.7095
11.4748
12.7795
14.8433
10.3108
11.7549
10.9884
9.41518
9.94039
10.8452
12.0614
6.68612
12.2011
5.25275
8.69755
13.511
10.6904
14.1181
13.0776
5.26147
5.55522
14.7714
9.87644
12.2803
12.0945
10.0052
9.66424
13.5721
12.4714
14.7088
9.27945
13.2468
9.02435
7.40647
11.0675
10.3541
10.6348
12.4087
13.6205
5.67913
14.1626
10.587
10.8147
12.472
10.7787
12.1187
13.7439
13.0673
12.9075
12.8842
10.1891
12.0335
14.6679
13.2752
7.97544
13.5811
12.9086
7.19911
14.6251
5.33322
11.6484
10.4382
14.3088
13.5099
10.419
5.49399
9.67589
12.898
13.2596
11.6297
13.5729
5.5334
11.733
13.8382
9.73052
14.0488
8.52097
8.39165
11.7545
14.876
13.006
6.13987
14.2523
14.4174
12.3465
14.298
8.47045
14.7673
12.4419
10.783
12.7296
10.2843
11.6397
13.5403
8.72554
13.7795
11.5082
14.1279
12.143
10.8253
14.6762
12.7646
13.397
14.9544
10.2007
10.6437
14.5558
12.5403
5.87042
5.09939
14.4753
13.2385
6.73358
5.78636
14.233
13.851
9.93567
11.8605
9.96306
11.6039
12.6577
7.37102
14.144
8.43295
11.2805
5.33287
13.4388
13.5719
5.23316
9.60306
14.8688
12.7095
14.8583
14.1306
10.2653
13.0822
14.8838
14.034
13.8116
12.5279
10.2375
11.3826
11.5536
13.9666
8.28543
9.79176
14.0129
11.0398
12.3206
12.8257
14.5637
12.6801
11.7235
13.2153
14.3604
8.52955
9.93752
14.8477
12.6414
11.6719
8.57549
14.1855
14.956
10.3849
10.5655
5.76906
9.25473
13.8875
5.54847
9.56091
12.4545
10.6325
11.095
14.0576
10.8976
11.3925
9.30339
13.9144
9.37111
14.7314
7.85985
11.1099
11.4319
14.2191
13.5244
11.358
11.3752
13.3827
11.0127
6.01746
11.0187
6.14936
9.23822
10.8338
13.4015
8.32489
11.0613
11.4565
13.8788
9.58385
12.5462
12.236
5.60109
10.2462
11.1091
13.9936
10.8292
12.0705
14.2174
10.9687
12.7476
14.0914
11.5712
12.1997
11.6846
8.84305
14.5684
14.5032
10.0625
13.7906
12.8996
10.6111
13.8191
5.95974
12.511
8.42407
14.4563
14.4303
10.2856
9.70593
8.53029
13.8486
7.03656
12.2012
10.2431
13.5692
6.76052
7.68633
12.2537
13.3413
9.11808
7.18792
14.5653
11.7931
10.0395
12.4506
10.1374
13.7367
10.4996
13.9048
11.8863
7.54783
10.9324
13.365
13.3811
6.09107
14.5637
13.7553
8.67685
10.4056
10.973
12.0043
14.986
10.3138
5.61847
14.3333
13.976
11.4265
9.62374
14.3983
13.4591
10.6655
13.3295
8.61712
9.0961
14.3048
12.9686
10.0779
9.9598
11.545
13.0873
14.2746
14.0895
11.1098
14.3011
11.7485
12.1634
11.8898
10.0418
9.86935
8.59063
10.0865
9.93775
10.8552
13.1908
14.2197
12.5829
7.25018
5.82723
14.984
14.0265
14.4331
10.6112
6.65907
13.3212
6.54604
11.2696
14.5679
8.76671
6.51726
10.9216
7.54468
4.38375
11.7001
7.31314
10.3995
13.7202
6.31053
8.0317
6.12105
14.2969
5.70212
14.9435
10.1888
9.67283
7.9841
10.8832
8.93049
13.8352
11.598
11.2331
12.9802
10.558
14.0358
11.6486
10.8544
10.6361
10.4071
8.64065
10.6881
10.2874
13.9918
11.5619
9.85915
12.3349
9.83514
14.1997
13.8396
13.1922
11.0262
13.3877
12.4385
12.4525
13.0106
13.8117
12.6021
13.8053
5.65873
13.7863
10.3273
9.61252
11.8108
5.48121
9.95513
12.2933
11.3985
10.7529
14.1826
10.2594
14.3042
13.1226
14.6437
12.1234
14.6366
14.9553
6.75493
12.7733
9.74934
8.99328
11.9448
9.46356
12.3478
12.1322
13.0343
12.1313
8.58487
14.2645
10.9028
7.28559
8.67324
14.8958
11.2771
14.2591
11.2263
11.418
8.40707
12.501
10.0331
13.9862
12.5449
13.6317
7.82218
11.7694
14.844
6.91574
4.30178
13.9261
13.9318
13.2996
12.2681
14.7174
10.4419
12.6961
12.3119
12.7104
13.4325
10.9028
12.4209
9.79677
10.2593
5.72438
8.91926
9.62083
9.88089
13.6486
13.1127
11.573
13.9832
13.2217
7.11103
10.8809
12.235
7.44962
11.3984
14.4364
10.5546
5.66529
13.2305
14.2207
12.7238
10.0399
9.50761
10.7297
11.0911
13.0587
13.9183
5.62
13.7275
5.75271
13.8527
11.2267
9.72004
9.79025
14.2235
14.7519
10.3433
12.6678
9.28213
14.6128
14.5634
13.9707
6.12715
5.96661
9.8142
9.88069
5.88041
14.3658
11.0555
5.95267
8.17943
14.9331
14.5874
13.7485
13.1023
14.2335
14.6711
6.32189
8.73383
12.0662
8.93674
5.49793
12.6561
9.02606
10.0305
14.5942
12.6306
10.5009
12.907
8.57402
7.39143
12.7303
11.42
14.6818
4.91892
11.8267
6.31548
14.7599
4.82686
14.298
14.0837
10.4403
9.77874
13.868
12.9732
6.64358
10.1258
13.9247
12.8189
12.5753
11.8633
10.8898
8.53284
10.05
14.8359
10.171
12.9727
13.0802
7.82404
13.6992
11.6835
8.43848
14.1163
11.2551
8.26792
12.6461
8.90695
14.1731
14.9582
11.7702
9.31651
12.0787
11.2499
13.3093
10.871
8.10214
12.6329
13.3513
8.01704
13.4846
10.676
9.86565
8.18547
5.4128
11.0337
9.68691
14.1909
13.9015
13.2514
8.44808
11.0365
9.69232
12.9494
14.3805
14.904
14.8686
10.5895
9.72775
13.0072
9.25343
12.2254
12.7468
5.98671
14.9026
14.6462
13.9722
13.3268
13.7018
6.91737
11.0241
8.50882
10.8748
10.6283
14.9677
14.3284
11.587
11.0009
12.4793
14.4027
11.3351
13.3033
11.218
9.96842
11.6788
14.1778
13.444
10.4726
9.35414
12.3891
11.6851
9.42643
10.5065
6.47663
10.9759
9.79913
13.5173
13.64
11.1703
14.366
14.3492
10.7106
6.33489
11.0675
12.0827
9.99049
14.0688
8.52667
14.6418
9.72379
14.1578
11.5848
12.8299
10.8251
3.84019
14.9667
9.92779
10.3711
13.3536
8.7615
12.2467
7.98493
8.41386
11.2695
9.77634
13.2866
13.874
11.7097
11.6051
11.8238
13.6207
9.79071
8.78517
13.9401
10.1354
10.2015
9.92326
14.8187
12.1818
11.9244
13.4869
14.3183
10.3063
11.676
12.1241
12.6901
10.8912
13.1243
6.65108
9.8028
10.0538
5.20914
11.251
11.1165
13.2952
6.18855
11.7308
10.9475
10.7949
8.91638
9.33652
13.6756
10.1051
12.4641
11.1971
11.6103
13.648
6.6295
6.5133
9.80019
10.1941
13.2867
12.6879
14.1029
14.7437
12.2106
8.8363
7.48619
12.731
6.61716
12.5514
8.86684
8.67389
9.80162
14.083
11.0998
8.74441
13.7109
11.4048
9.15147
8.87123
10.488
9.64885
6.90625
12.7827
13.4744
12.101
14.8832
5.40429
11.7374
11.3763
8.68852
13.2262
14.5786
12.3097
4.60489
12.1157
12.945
14.7729
13.9797
14.4777
7.20397
13.5191
14.1467
5.33934
7.49859
7.91369
9.4946
11.8984
10.5428
8.88859
12.6015
12.6908
13.72
13.8016
14.3751
9.15673
10.3168
8.99479
8.23396
13.6363
9.76512
10.5727
9.35474
12.7255
11.8331
10.4697
12.2301
11.9515
13.6133
9.34616
14.8279
13.7439
14.961
10.2634
12.931
12.3576
9.52845
14.7875
8.59656
13.5637
10.1282
9.81349
13.7835
14.5071
12.2467
6.86238
11.89
9.19126
6.24947
11.6843
11.8005
5.99726
14.5276
9.13782
7.48202
10.6925
10.2006
14.1644
12.263
8.58183
5.666
13.4982
12.0555
13.4613
13.019
6.80151
11.046
7.48558
7.9776
9.8728
8.90191
7.63514
7.89211
11.6842
14.6032
10.072
10.5284
9.72717
10.2815
11.9004
14.218
14.4407
10.9034
13.2017
12.1628
14.9515
9.91647
12.5889
10.3716
12.6115
12.8229
11.7559
9.60546
14.2203
13.9284
10.7045
5.37283
10.558
13.0363
11.9689
10.8905
13.7319
13.1449
13.466
14.5427
5.18536
10.478
14.2915
12.1363
6.49752
12.5366
10.3729
5.88133
12.2756
14.3618
13.3679
9.02849
11.2531
11.3511
8.82142
13.1158
13.3732
10.4281
11.5317
11.0441
10.2394
14.8186
9.65497
14.2719
9.40905
8.82515
12.9678
11.505
11.2617
13.8709
13.5917
10.3285
6.90157
9.64095
9.1801
12.7645
8.91139
9.87166
10.4255
13.5691
12.4249
8.44014
11.7852
9.75711
10.6111
10.8673
9.77361
5.9608
13.2285
12.6816
8.26244
13.491
9.91559
6.59582
6.01529
11.8679
10.0848
14.0735
13.1786
14.8581
11.389
11.2597
8.70327
11.4135
14.9059
6.10667
14.7176
11.9703
6.53691
13.8147
8.33879
11.4569
9.66807
10.7268
11.9276
14.9076
9.02087
6.09747
10.4124
12.1443
13.4634
11.7736
10.864
8.4556
14.3208
12.6158
13.1287
9.22709
13.9867
13.4872
9.66868
10.8871
9.84625
13.3411
11.7747
5.76337
11.9956
8.89522
10.0366
10.5922
13.6175
9.34389
8.40842
13.8377
14.4672
9.53
10.0287
11.6167
14.1398
10.9049
13.6461
12.5315
13.9497
14.8209
9.52334
13.3593
9.00265
12.6336
12.8069
10.1609
10.2065
12.3381
13.1263
10.1456
13.8926
10.4851
7.43304
11.8913
9.63442
10.2489
9.9936
12.758
13.5007
11.6905
5.91259
11.3912
11.1555
11.8022
10.6269
5.98654
14.2281
7.61041
13.0606
14.0556
9.35258
14.9778
14.5197
10.4473
8.66786
10.4824
14.5428
14.7804
11.8699
14.6372
14.6624
14.2001
13.1159
9.02797
6.13818
12.7984
10.6592
11.413
8.6624
14.4604
12.7549
8.17936
8.94272
12.6517
5.93764
13.816
9.7863
14.4965
14.4977
6.825
7.74516
6.41218
14.4052
14.8963
12.4589
8.05331
11.491
14.9278
12.9795
14.1743
8.48175
7.31513
8.74752
8.78542
12.1584
12.2618
11.814
12.2943
6.84403
6.56947
12.7071
6.19029
4.60694
10.4679
10.2324
14.3701
12.2795
5.44321
14.7347
10.2995
12.4358
12.5802
11.3813
5.35656
13.6942
14.7428
10.765
11.6121
11.8788
11.4766
8.53841
14.4161
8.03189
10.7301
8.6821
8.94081
10.6508
7.22352
14.8027
4.60245
6.95955
9.14742
10.68
7.00868
7.24293
12.4219
13.153
5.54919
6.95606
10.2143
11.3471
13.4118
11.2727
14.975
6.34029
14.7024
9.52663
9.82307
10.1969
8.58442
5.88975
12.4127
10.3276
10.6143
12.2238
10.5672
11.2343
13.5068
8.63717
14.5544
13.6611
12.8633
12.0346
7.59613
12.1507
13.8532
12.7355
10.408
10.121
13.3419
14.4165
10.1254
14.5565
14.7841
13.525
11.1928
9.17207
8.94611
10.7403
9.73308
11.5531
14.3446
13.2283
14.1845
14.1147
6.21185
9.49899
6.28944
8.86556
13.3319
13.5687
9.17987
12.1771
13.1717
13.1847
12.3103
14.3684
14.2909
10.0605
10.0511
13.6909
7.50094
10.4835
6.33028
6.53084
14.4723
13.8222
11.1236
14.7216
10.7789
12.898
6.84785
13.8758
10.6762
12.4017
11.4617
7.7415
13.2077
14.0136
11.1366
13.7587
13.8327
6.17093
8.60226
9.81736
10.3566
14.5425
9.43941
12.5884
7.35887
10.9023
13.959
13.3729
13.7545
8.10769
13.5326
13.314
9.2673
14.4463
11.6562
14.3058
13.0301
11.9632
8.17102
13.7853
13.1253
9.50115
7.37523
9.97015
11.1218
10.999
13.2322
7.66434
8.67208
14.4108
13.9034
11.5503
14.8254
14.6697
10.2091
10.7482
6.15268
14.8906
7.94705
13.6305
14.1636
13.4688
13.3664
9.51753
10.1986
6.15142
14.544
12.8168
13.1008
7.26456
5.69033
10.6966
14.1589
14.582
14.2336
9.77751
6.23571
6.62378
14.4353
11.0906
9.49643
11.5204
13.1696
9.18395
6.16048
14.3572
14.5035
14.2632
8.70306
9.1343
13.8625
14.8705
14.8099
13.3685
9.9962
8.03167
14.721
6.33261
7.99749
10.2809
13.632
10.5954
8.80855
9.17893
5.83085
14.1963
12.2126
8.50686
6.33693
14.2328
14.3146
12.6957
8.82454
12.1161
5.42966
12.6619
14.7334
9.29323
9.11054
10.1229
9.85339
12.0159
4.46413
10.02
13.4498
5.63343
12.5068
13.8924
9.09424
9.95062
9.78053
14.25
10.8741
11.0048
8.97289
8.39281
10.8239
11.1491
12.6882
10.4709
10.1901
12.263
8.28781
14.4488
14.7999
10.8152
13.1391
13.9349
9.15848
6.36967
10.7465
10.4274
13.9269
11.1306
12.8525
9.59727
14.6564
12.862
10.6529
10.5924
14.7609
13.6481
14.551
13.2716
12.9216
10.0698
14.9856
10.432
14.8325
12.4315
8.80943
14.9247
8.59859
8.81392
14.8033
10.6742
14.7579
7.28803
9.42573
13.1836
13.0146
9.02801
13.4229
11.2971
14.1931
9.57696
6.25675
13.4858
12.5537
12.6639
11.0222
13.7068
13.6267
10.9462
5.59935
12.209
4.74221
11.3263
12.3894
13.4192
7.62293
8.45428
12.107
8.59954
14.5936
8.12123
14.9638
5.14274
10.0218
12.1898
9.27777
4.94676
6.558
13.169
5.62551
4.9472
10.137
10.2444
11.9198
14.9797
5.69203
9.46621
12.718
14.1334
11.0125
8.01859
10.6576
8.63992
10.889
13.5997
5.08022
14.0846
11.0417
6.39727
10.2585
11.2705
6.27081
14.3157
11.6479
11.6734
13.2811
13.3113
7.09258
8.16033
12.7008
12.3346
14.0478
5.8274
8.63134
12.2167
9.86988
5.57806
12.2324
14.6495
13.9163
10.2113
14.1704
11.3046
13.3061
10.4775
9.05075
12.7692
11.0636
7.89249
10.1883
13.2669
13.3898
10.5639
9.75786
14.7584
8.5834
6.43611
12.0019
14.9759
12.5602
14.7015
9.77482
8.67045
12.8203
10.4962
9.70551
14.5609
9.56786
11.8542
14.9221
12.8409
13.8334
8.83319
6.21327
5.57798
12.2364
10.3707
11.3409
10.6179
12.5602
14.3488
10.6855
12.4342
6.2774
8.70922
14.7427
10.7606
9.55111
10.6844
9.58831
12.7476
10.4398
8.08841
8.75742
10.2504
10.1365
12.494
13.8112
6.99462
10.7771
14.5602
14.0792
13.9073
12.0701
9.98021
14.227
6.30913
8.571
9.88048
13.4758
11.912
11.8652
12.6242
10.9483
13.7945
11.8663
10.5936
8.63504
10.8939
11.334
12.8007
14.8332
9.47609
10.9022
10.3972
9.0167
10.1113
14.9428
6.91699
7.60913
12.4082
12.3022
5.87733
14.0952
10.3889
13.4144
5.43808
8.52271
12.802
12.9807
13.7336
11.1585
11.4099
11.4079
11.4332
11.8235
9.3312
8.91003
11.6219
14.0041
9.84215
13.0753
9.94364
10.7455
11.2438
14.3608
13.135
10.4187
12.0702
8.57493
10.4942
12.211
6.43232
9.9862
14.9319
11.9433
7.83106
13.6212
13.5706
13.2461
14.7559
8.97503
8.57888
11.8743
14.5581
14.965
13.5722
12.6671
14.2534
13.4012
12.4281
6.19361
8.81409
8.35681
10.8133
8.72262
13.4663
14.7596
14.7032
12.6023
12.5294
14.5637
10.7677
12.0758
10.9767
14.0388
13.2824
5.33901
12.6722
8.68592
10.3023
11.2395
9.66972
7.66883
12.2149
14.2629
14.925
9.52518
6.13287
14.2307
10.5096
8.39628
10.7256
6.17471
11.4628
11.9989
12.3871
12.2991
8.2809
12.8722
9.21321
11.7755
8.63628
14.0947
14.3255
13.8341
10.8394
12.9731
12.8117
7.5427
14.0557
9.70779
13.9869
14.1425
5.73612
9.48699
14.4566
13.9867
11.1223
10.7138
8.27958
13.7129
12.2142
12.2591
6.02356
6.46633
14.4566
11.2869
9.55807
9.94095
12.9655
13.1689
14.0014
14.4448
4.54885
13.7232
14.0166
13.255
5.8305
11.4212
7.70685
14.6753
14.1812
14.9459
9.78575
5.64983
6.21534
14.1545
13.1135
14.4577
12.6674
14.4655
10.5233
13.0966
12.133
8.049
12.956
14.4864
14.3736
14.494
13.2179
13.1359
11.3991
6.30371
10.9928
8.45363
11.3427
10.9772
5.36591
12.3241
9.69159
12.171
12.0766
8.65261
9.19665
12.4836
10.244
14.0787
8.24897
8.13771
11.3989
7.93611
13.2072
11.7054
9.61538
11.4654
12.1568
11.4684
14.0073
10.2265
11.3554
10.1786
5.61337
10.347
5.7098
11.6658
13.4568
13.4847
6.75694
14.3726
12.5409
13.1436
9.95058
9.22454
14.3744
6.10962
9.87484
10.7081
11.0136
10.8128
12.5267
10.9041
10.3074
11.4358
14.2318
13.0686
14.2408
14.2237
14.7407
6.11933
12.4742
13.238
6.05486
9.27382
11.723
9.45912
9.69424
12.5713
12.7882
13.1577
13.7621
14.2262
5.78726
6.51291
10.5034
13.4159
13.053
13.1698
14.7479
12.035
14.7347
14.5995
9.17165
11.9217
11.5306
11.1791
6.33074
5.47147
10.7715
14.3177
14.3128
12.9319
14.7135
10.8218
9.27331
14.2149
11.5163
14.5545
11.2359
12.7731
9.68158
5.21181
11.1129
13.5555
11.3731
10.1136
10.5396
9.79087
12.1172
12.1143
14.2676
13.8654
8.88743
13.161
10.7045
6.25668
5.85319
14.7564
11.9507
13.7827
13.0954
12.7452
9.48328
8.95713
14.0567
13.5432
14.4136
9.64548
6.97244
14.9513
12.0173
12.6331
13.8119
10.3394
14.7627
10.9771
14.5474
7.8873
12.8817
13.3041
14.9838
13.334
11.9527
14.1305
6.90232
11.63
10.6763
10.562
6.63457
10.8558
7.0715
12.0963
12.3445
13.2923
14.1225
13.8457
6.3944
13.0676
12.306
13.5679
8.18605
11.5182
9.92571
12.9459
8.63317
6.27641
6.82683
8.84426
12.1096
13.4845
13.8539
14.9497
10.7332
12.7214
14.156
12.2146
13.4366
11.6991
10.8366
7.84654
10.0572
14.3363
13.9508
8.49048
9.97391
10.5119
8.36906
13.1132
12.4772
11.0147
14.4155
6.48281
13.2199
12.0875
10.1098
14.2643
12.8991
10.3797
11.1074
8.59853
14.1203
12.2732
13.9819
4.51768
12.5771
8.96197
12.1573
13.0182
6.3454
13.8387
13.6768
14.9505
14.8529
13.3662
11.4588
13.389
13.9297
10.4298
12.896
9.77018
9.63245
9.79918
8.7458
10.801
13.8446
8.24134
14.8967
8.71205
8.90946
9.63632
13.3432
11.8913
9.97613
13.695
14.6772
12.6833
11.3306
14.4404
12.2346
11.4564
10.5122
14.3768
14.457
11.884
11.5735
14.6599
9.13422
5.47408
9.83574
11.5918
9.37144
13.0039
14.6055
11.4961
10.8657
8.83632
13.4506
11.5558
10.7662
8.74502
8.41482
6.66493
12.324
9.98251
12.9638
14.302
14.6608
12.7598
14.1993
7.91711
11.7896
13.978
13.952
8.92698
5.92939
12.7581
8.45445
13.3712
13.2195
10.3994
9.75253
12.764
13.7336
13.7945
13.7244
14.7498
14.061
9.09605
14.5322
13.9248
14.7452
12.2593
12.5077
13.8288
14.1251
13.8732
12.951
10.3387
10.2127
11.5294
8.3534
7.95038
12.9088
9.93783
11.8543
14.3827
9.70616
13.8958
9.84288
9.84115
14.7371
7.43871
9.78575
5.8844
9.70005
13.6132
14.0378
14.4886
13.0871
13.4195
5.90265
9.7673
9.79568
14.7794
12.8961
13.0023
12.3863
14.7103
5.87177
13.5238
12.2818
12.5341
12.1955
14.7041
6.15587
13.9141
11.226
6.25667
5.98152
10.3629
14.2053
8.491
12.1674
12.203
14.3433
9.95664
9.64776
13.985
9.14106
6.17294
6.22903
14.7348
11.2991
14.6485
5.93637
14.4733
9.09892
8.63904
12.0997
5.9289
5.51272
8.32091
13.4867
11.8202
12.0849
10.8257
6.45386
9.70601
10.2438
11.2934
12.3098
14.9786
12.0573
9.31972
10.6155
13.6538
5.88983
11.7047
13.5118
13.8304
10.0228
8.34775
6.12363
10.7995
12.2694
8.35228
9.04772
12.8575
8.95504
9.33976
13.932
10.732
10.7162
13.3349
10.6925
9.78845
12.5338
14.0663
14.06
12.9016
14.731
14.0376
14.3469
8.81925
12.6943
13.9315
10.0133
5.45513
13.9733
11.1177
12.5534
6.10073
9.98646
10.5259
9.90144
14.3247
13.2745
12.8399
9.65975
10.2716
14.4578
11.3693
13.9032
12.4482
9.59391
12.7827
8.57016
12.6249
12.7202
11.5362
12.7477
12.3983
10.4325
10.877
14.0574
7.53679
10.9927
11.1269
12.7639
8.40003
11.5786
9.77776
13.5278
14.4291
11.7705
13.3299
14.9489
8.62137
10.7545
13.8376
9.79517
11.2823
11.3175
7.91013
12.5049
12.4082
11.3085
14.5181
10.2127
8.6238
7.31385
6.06408
11.1258
14.4035
9.36668
13.5833
10.9879
13.6289
14.3164
14.63
14.3917
6.05627
13.8612
11.8722
13.2927
10.5702
10.2561
13.9086
12.8661
14.303
12.3465
10.6295
10.5455
6.46629
8.9302
11.9766
5.49733
11.4926
10.2792
11.4043
9.95534
13.9383
12.5436
14.6866
12.5698
12.6471
8.93475
9.27844
12.3593
7.73416
13.1973
14.8596
10.4531
7.38376
7.12135
13.4781
14.8697
6.07331
11.7743
14.6772
10.6477
8.56244
8.10534
14.2211
9.30501
9.26076
11.7779
11.7108
12.6429
10.0681
12.648
13.0068
13.1103
11.3047
10.2877
12.005
12.9351
12.3246
12.441
13.5848
7.81229
9.71031
9.33348
14.1072
9.05209
13.4106
6.26208
12.2443
6.04141
6.30545
10.1871
10.532
8.59152
14.2519
6.34877
10.7791
6.81234
14.4776
13.6596
10.0805
10.0563
11.3192
14.4653
12.0216
12.7518
14.1306
10.0384
6.27602
10.5046
7.98991
13.4048
5.32335
11.6529
13.95
8.57609
13.3478
11.0497
14.9495
13.4079
12.9327
4.96114
5.19085
13.7515
6.15121
14.2903
12.3401
8.52507
14.2478
6.29463
12.3256
10.5471
9.64616
7.14018
8.85185
10.0044
9.95076
14.3161
12.3843
10.7984
12.9189
12.2016
12.4425
14.486
9.71593
6.19039
12.1518
10.6388
8.85461
12.3318
14.9269
12.1624
12.1876
13.6408
10.7624
9.89995
14.8883
12.256
13.9426
10.2937
7.6844
11.3553
7.34355
13.0903
10.6655
12.4573
13.2384
14.3805
9.01535
6.16912
10.901
11.0516
8.65141
14.2041
10.2511
12.8309
11.408
11.9169
11.3566
8.21086
12.9691
6.46257
10.13
11.4698
11.712
12.2495
9.06735
12.5588
11.2691
11.2859
13.5264
10.9622
14.2729
14.6845
7.26509
13.7198
14.2855
9.72429
11.9572
12.9525
14.9223
13.353
11.8954
11.8001
9.53117
13.3076
9.9417
12.9742
8.59276
9.89244
10.3236
10.0702
9.82373
14.2163
13.2673
14.467
8.22793
14.4366
12.3771
13.2071
9.62759
8.44226
14.0223
14.1217
8.0904
10.0286
6.79888
9.13123
10.7666
14.7674
14.9608
14.0864
11.971
13.9959
10.2296
11.8248
9.84149
14.4117
10.4456
5.55974
11.6173
10.7251
11.6719
11.6659
11.0632
12.6988
12.9195
14.144
11.5581
10.5975
9.90549
8.72558
9.96459
9.91129
12.8252
9.94196
7.44596
14.1942
12.1542
13.0104
13.0867
10.6141
9.96298
5.80744
13.1939
8.94304
7.71684
14.4024
6.3829
6.69999
12.9412
14.0489
12.654
6.29932
14.6465
11.64
11.3462
13.5706
6.03188
11.821
6.08394
14.4061
4.54186
14.3907
9.35224
12.1055
14.876
11.9433
14.7297
12.6949
8.90259
12.6568
12.4473
6.26193
12.6539
10.537
13.5999
13.5172
9.90263
13.9792
5.86
11.8314
9.63756
12.2307
8.01637
10.7997
14.3406
14.0085
8.86217
9.82297
10.6848
11.1482
12.8399
11.6089
11
10.531
12.0976
12.8113
7.30556
9.4631
6.71586
10.4267
14.0945
12.2464
13.2043
8.70517
13.3583
12.2397
5.26351
8.99069
13.8821
14.8988
7.95813
11.5589
12.1697
5.8647
11.9267
8.86364
12.407
5.29335
13.2955
8.36762
14.7016
9.31904
10.8905
12.3547
10.2806
12.2448
10.5036
14.6584
10.7563
13.8624
8.68096
9.09661
14.9347
9.91146
12.3588
13.9807
13.9187
13.0997
14.1637
13.1256
13.9452
14.8343
8.34041
13.8069
14.4303
12.9426
9.05809
14.9304
13.0998
8.15131
8.64145
8.02184
12.1322
13.7024
14.8971
10.6477
8.83213
11.0522
8.12374
10.038
13.6558
10.7576
12.2087
6.31195
14.0478
10.2412
11.3464
7.37909
7.18238
8.15334
10.0501
10.9349
11.8486
12.9553
6.4016
10.8375
13.339
14.6697
6.65529
14.5602
12.5916
11.8332
6.97371
10.6762
11.9558
12.6779
10.684
14.0026
9.31044
10.3464
6.42814
12.5591
10.7026
14.7005
12.8198
14.5521
14.9653
8.14245
7.14614
13.8999
8.05453
12.82
14.2848
8.61381
13.1091
10.3847
10.3212
13.9071
14.1276
8.96673
10.2224
6.26803
12.9738
14.3136
10.1687
7.441
12.9713
11.3108
11.6433
11.4216
12.8557
12.1993
10.0792
12.9952
12.1071
14.4964
6.3848
13.0001
11.5128
10.3548
14.4684
9.22818
14.7448
12.6168
12.6874
13.0195
12.3447
13.4118
12.841
11.2664
12.371
13.4117
13.3926
4.95504
6.5662
8.81115
13.7662
12.2934
14.3207
14.7547
10.5511
13.8989
13.0325
8.77617
14.5329
12.5371
9.90396
12.8314
14.3997
13.2893
7.10637
9.96052
10.4676
14.4444
8.86227
14.8198
14.2192
14.3462
11.7273
14.4727
12.699
13.8683
12.8669
13.0535
11.6839
11.9683
12.4305
11.3062
10.5786
9.61365
11.7062
11.5441
13.8823
5.45762
11.8033
14.6763
8.6293
12.9382
11.6069
12.0598
6.96292
7.5957
12.5491
13.6587
9.20784
11.0986
14.961
9.59694
12.3078
13.4929
14.3043
10.4945
9.87158
12.0826
13.894
5.43978
7.25122
6.51489
14.7889
13.4694
13.1645
9.83698
13.0827
12.5398
9.44701
9.75304
12.3013
14.3808
14.6343
11.1051
9.83405
11.3212
14.943
8.45101
14.0354
14.7968
12.5834
10.9622
10.816
12.9266
12.5204
11.6927
9.64507
13.7177
12.014
10.2678
13.432
10.8639
7.71556
9.53877
12.9208
10.6346
12.8259
9.39282
14.4817
11.7004
7.41017
14.6367
14.1283
11.4828
12.3173
10.8162
6.72077
5.28172
11.3803
13.6087
13.3471
14.777
10.7654
14.5943
14.9004
10.6847
13.7848
12.2481
13.4995
8.40711
12.8503
12.2284
10.7447
10.0566
12.9194
13.2123
10.5833
13.5535
13.991
13.2565
12.3857
12.3338
14.8441
14.6876
10.1131
12.0024
6.14715
10.5849
10.8324
10.0016
10.2199
7.43491
10.805
8.56321
9.59496
11.776
8.67794
7.94182
14.0905
14.0683
10.6246
10.8035
9.86016
14.3394
5.44229
14.7643
13.8391
8.9596
8.27211
6.82855
13.3422
10.6416
13.6665
14.8051
9.63289
11.4613
11.2515
6.16385
9.24622
14.8659
6.70598
9.49511
8.62534
12.8688
12.7315
12.7044
12.151
13.0276
13.4639
12.8385
7.42553
6.02569
14.0688
9.88634
11.1444
9.41483
6.25774
12.6287
9.17456
12.3983
13.255
13.0992
11.7774
5.62095
5.91318
13.4114
14.6371
11.1929
8.48578
10.2128
12.0022
12.3852
14.2096
13.3802
8.66431
14.7727
11.8321
13.0756
10.5955
11.8988
5.95759
10.4841
14.6862
9.85402
6.04509
12.4206
8.68659
13.8366
14.1666
8.61193
12.7619
6.37165
13.0481
14.4642
10.8677
13.8505
6.34252
8.5754
8.45131
13.1599
6.97304
13.5322
10.1522
13.9007
10.1928
8.2506
9.44615
13.4117
6.8733
12.6452
13.5077
10.0492
13.0799
11.6954
5.20168
7.06587
13.7357
14.2409
7.2323
13.371
9.70416
12.3554
13.36
14.851
6.3233
6.92058
11.1313
11.3667
10.4196
14.0959
12.1566
14.1016
12.6473
6.29681
8.76592
12.1166
13.1822
9.71561
13.7105
7.61993
9.79307
14.2712
12.6267
13.8053
13.4196
13.3236
10.081
11.1807
4.39577
5.36416
6.10928
10.4752
13.7068
14.0759
12.7969
6.75309
12.8528
12.571
14.0427
8.44229
11.1814
13.3813
14.3971
7.04301
10.4926
13.4594
9.36946
5.86718
12.2007
5.90347
10.6614
12.8347
14.5915
11.9714
10.4629
12.9707
11.3724
13.5629
13.6868
10.1479
9.27712
9.35323
12.6451
6.9382
12.5711
13.35
13.4725
10.4304
6.32046
14.4845
5.428
13.7333
5.09034
5.47462
13.0419
14.2996
10.3659
12.881
11.3017
7.33676
9.4653
14.785
14.4795
11.7072
13.7644
9.72846
10.7879
12.6037
13.6507
10.6339
6.20733
9.75061
12.4621
14.276
13.4545
9.6994
10.0844
10.2992
12.5321
13.9087
10.3769
13.6642
13.3201
14.2788
14.9382
14.9401
13.1815
8.84485
9.16902
10.833
12.2789
5.392
9.50422
13.2985
13.3582
9.81814
13.5752
10.3466
10.6833
14.5234
11.707
13.9921
10.3176
10.9304
9.88374
12.1739
13.1511
9.92115
9.35056
6.12184
14.5936
8.38651
13.8958
10.8335
10.708
8.30774
5.68524
6.42335
14.9974
9.92625
8.2941
13.2045
9.5555
9.92648
10.8765
10.9792
13.1607
12.6083
4.52652
8.80396
13.4391
5.52667
9.47995
12.1259
12.5434
8.76399
10.6218
10.6311
13.8376
14.1625
6.45801
8.92509
12.5601
9.06599
9.19084
14.9016
10.5183
11.6914
10.3475
10.2986
7.81042
12.7909
6.30819
11.9793
14.9657
14.1037
7.67849
14.2977
12.7407
8.24241
12.6371
13.6647
9.26777
9.03835
14.3295
7.88045
14.1088
12.8629
14.3343
12.3517
8.50274
14.9203
10.2068
6.31958
7.24001
13.1101
9.9483
4.57384
9.00346
4.89106
11.7362
10.8798
11.5906
14.2186
8.64871
13.1102
12.3502
12.5194
10.6425
13.8362
11.5978
13.9189
13.8466
14.8249
10.3945
12.1168
10.5348
8.94797
10.256
14.809
10.9226
14.899
14.5661
12.4339
13.6758
12.8143
11.4491
13.5824
11.7065
8.50258
13.1981
13.3031
9.99827
14.7497
6.48306
7.04588
8.53257
12.2501
13.4434
10.5503
13.1664
14.229
13.6792
6.55693
11.0469
11.6192
8.42769
12.1477
8.86252
10.8604
13.9247
10.5249
13.7363
13.274
12.5545
12.7115
9.81001
10.6458
9.9035
8.21794
5.91528
14.14
13.2978
14.4251
11.7088
12.8751
10.8168
14.4344
6.6624
12.9843
8.58605
10.1148
8.59151
7.50575
10.0847
14.3631
8.69117
11.5913
13.0276
14.9491
13.9722
11.2165
11.4283
14.0354
5.65924
9.87355
11.8743
14.801
12.254
14.2246
6.34806
13.4619
11.2969
4.45688
8.81972
13.418
11.1442
13.5214
7.49986
11.1166
12.9506
9.94788
12.0314
13.0017
8.50938
10.381
5.79022
13.2978
13.8657
11.7693
10.8121
14.7841
8.37912
5.91009
11.4757
9.96689
9.12194
13.7263
12.2959
11.0713
5.44337
7.64581
12.7868
12.2895
6.71174
13.0363
11.6036
9.24396
14.007
14.3158
8.47666
7.80925
10.5175
5.64395
9.92521
10.1164
13.6683
13.238
9.06281
10.2668
13.7091
10.7804
6.23385
9.85049
10.3828
8.18912
13.9087
11.8092
6.16685
12.3336
14.7123
8.89026
6.26198
12.6975
9.54167
11.0175
6.16109
9.38239
14.8768
12.4427
7.94557
5.33953
14.3075
11.9485
10.8335
14.0298
12.798
13.1464
13.5411
14.9408
11.1694
10.5579
12.2036
12.8665
6.80855
11.3164
6.44828
10.2528
6.15024
14.4368
10.3476
7.55127
12.5376
13.6017
10.5868
14.7116
9.83907
8.71369
5.58607
10.3401
13.0542
14.4366
12.4233
14.1197
11.4756
14.6769
9.39028
5.56872
13.4264
6.46413
9.19146
10.5167
6.80607
9.97907
6.80466
13.3196
11.7957
8.69228
5.27921
14.8425
10.6463
13.0162
6.10908
8.13309
11.2455
10.479
12.1139
11.2748
14.3838
9.59664
9.44197
14.2653
14.2683
6.84777
13.6221
13.0629
11.1997
13.204
12.0533
11.2817
13.8607
10.497
11.6357
11.473
13.2042
6.8572
14.3031
11.4114
10.8839
14.3773
11.7294
13.7925
8.74393
11.4177
14.9747
8.79578
6.69257
14.5981
7.457
10.0711
12.5708
14.7788
11.4026
14.8209
14.7448
10.179
14.1004
10.3403
12.4635
9.11769
12.343
11.7023
14.1151
9.65579
14.3843
14.8492
6.66934
13.5968
13.8047
13.3619
13.0482
14.8567
13.7406
13.4782
14.7929
6.78624
11.2651
14.7817
4.90852
10.202
13.1724
7.70145
10.2646
14.2889
10.3007
14.9586
10.8905
10.7935
13.1424
9.94407
8.48427
7.84637
5.5652
13.9399
8.79023
9.7871
13.0815
9.22691
14.81
10.7993
12.0348
11.8018
12.698
10.0486
13.4885
14.9315
9.97307
10.1111
6.00938
13.107
13.304
13.9192
14.6102
14.3616
13.9597
11.9826
12.7202
14.6535
8.2313
10.8621
10.9106
14.0803
14.6336
14.7542
12.0621
10.1052
13.5755
8.66466
14.2394
12.404
12.4262
8.57205
10.3217
8.1557
11.6172
10.1274
9.81852
14.8513
12.9196
6.90383
13.5115
9.25924
13.6307
10.3982
11.2639
10.5535
8.82671
12.8124
13.7866
5.71591
10.7846
10.9365
12.0167
6.52581
10.3933
11.8294
14.8816
14.3117
12.556
13.9771
9.87054
12.3203
11.6247
14.4877
14.4153
10.2837
5.20847
13.1876
10.4777
14.7581
4.76242
10.2658
14.612
12.2921
14.9561
13.1756
7.82172
12.6229
6.09719
10.9419
13.8297
10.839
11.9078
13.1907
12.0125
14.1358
8.59033
6.76643
12.0531
13.3177
9.26385
11.1229
10.3774
12.2062
11.9949
12.8031
10.1242
9.34992
7.17114
6.83809
14.2741
10.2124
9.2637
6.03876
12.2698
10.607
5.24614
7.28276
6.77875
14.6759
12.563
10.6625
11.9636
8.64027
9.16768
13.254
13.9486
14.9339
13.5361
14.2424
13.5999
13.972
11.4433
8.69836
10.6363
9.85287
12.06
7.74672
12.6435
7.61538
13.4736
14.2806
7.14275
13.5326
5.27543
10.1656
8.48464
6.54255
9.42927
11.6152
13.5955
13.1047
13.3871
10.4404
14.0987
11.9749
13.4051
9.9015
13.3343
9.8239
8.64659
11.6001
10.686
10.881
9.5065
11.8197
8.70887
13.5599
14.9208
13.0474
14.7638
12.8283
14.6745
13.1156
8.60297
12.0638
10.4871
12.8421
10.1616
13.3483
6.38901
12.0509
14.2461
13.3194
13.0167
14.4032
8.59932
5.40544
9.16792
11.3665
12.3031
8.29478
14.5197
13.6974
13.7674
13.4981
12.4074
11.5964
13.1595
13.9882
11.477
14.0842
10.2403
8.44076
11.2655
12.663
6.05654
12.2086
13.6712
5.70221
7.7274
10.6007
7.60657
12.2547
7.30433
6.13312
10.3128
9.7817
9.97282
6.48959
8.97746
14.4156
10.5215
13.4312
8.99862
14.5064
10.1316
10.3014
7.62698
7.65891
12.0233
5.42387
6.1158
10.2147
10.0725
5.36284
14.928
9.90572
9.29523
7.06589
10.9569
11.0871
9.46545
14.1316
10.3421
9.84191
13.7086
9.73478
7.44997
9.59443
9.47096
10.5542
6.10904
6.72563
6.36827
14.9426
14.8539
9.56047
10.8773
14.9034
10.8768
14.9078
14.6241
12.2134
9.63955
4.71887
6.05167
14.1182
11.7203
14.884
11.3591
13.6392
12.0838
11.6778
4.52194
9.41684
9.66433
11.2113
13.216
14.778
9.34142
7.58684
11.6106
12.2701
8.37337
12.0028
13.4972
14.4295
12.2092
11.9181
14.3538
13.7054
13.8433
13.6949
8.89913
4.0487
13.5123
13.7917
11.9624
10.7507
8.89073
12.9885
5.72117
9.95898
11.7994
9.04786
10.5624
13.8768
12.4884
12.2014
12.2487
14.0917
11.3228
14.5006
9.75169
10.4907
10.1952
11.5226
13.9462
11.6516
10.0302
12.4813
9.29668
11.5893
14.0552
11.1058
9.46274
10.6976
8.97291
14.1844
6.32864
6.31126
9.73171
9.98588
13.1887
13.5007
9.79206
13.242
14.4358
11.6287
13.5305
10.7983
13.9437
12.8135
8.33022
6.21706
13.5894
11.4716
13.7619
8.65073
12.7148
10.9299
5.47122
11.4233
7.61445
7.95953
9.52418
14.0316
9.94744
14.9491
11.8599
10.5606
14.8168
9.9654
14.4697
10.3873
14.0073
11.5949
10.3573
12.5475
10.3206
14.1508
8.07023
10.4881
12.977
10.5588
10.0704
10.3244
12.537
9.78281
11.1822
11.9651
6.46661
10.8519
12.8445
12.5393
10.4867
10.7675
12.0732
14.9439
14.8837
8.39042
7.5516
11.4802
13.9903
11.9294
14.9753
11.4436
13.5979
10.8464
10.407
11.0746
11.2185
14.8316
13.899
9.99782
8.41278
7.7087
8.8657
13.2836
9.39071
5.53096
12.2565
6.16689
6.10262
13.1421
14.0926
12.4665
14.3708
9.60103
10.2617
14.6116
8.27212
8.52696
9.52525
9.00929
13.4432
9.93051
11.604
10.679
11.3941
6.55942
10.2243
12.5848
9.59565
9.90559
12.817
8.3229
13.7474
11.1669
14.8417
12.8204
8.80003
11.8132
7.25017
14.9288
14.5216
10.0279
10.8802
13.8027
9.47571
14.778
12.7194
14.3375
11.8411
11.92
8.3641
4.84889
11.8085
9.24287
12.285
13.8761
8.8223
14.3934
14.857
8.62393
11.8772
10.9613
4.36122
10.0666
14.5978
13.6775
14.4421
8.72084
14.3168
10.1521
10.3658
9.15834
12.9218
6.89295
13.1131
10.0119
14.9531
12.1229
5.53256
9.91551
8.08363
14.1183
12.2006
12.9659
14.838
12.4175
8.66064
8.22762
9.9325
10.2387
12.9203
11.8321
11.1872
14.2274
14.7707
8.29616
14.0284
12.8798
13.7343
13.0526
13.9116
12.0502
12.7281
14.2817
12.2759
12.7113
13.2822
7.61223
14.8369
13.8652
14.3956
14.4968
5.9879
12.7738
13.7281
8.73076
12.3599
11.7105
12.7873
13.8078
12.9639
11.7835
14.2388
11.8175
10.9788
10.4977
13.2484
14.9376
10.6025
13.8271
5.48169
12.6738
7.14068
10.1257
13.0213
10.4085
8.33038
12.8049
5.098
8.89123
10.5179
9.46419
7.03868
12.758
13.6038
6.13891
7.50102
6.33112
8.76827
6.12483
12.5635
14.622
9.42785
13.6048
12.7415
9.00049
14.1629
12.0132
8.50118
12.7979
9.95141
8.86375
10.8141
12.0782
11.907
9.75315
8.57524
8.10889
6.29942
11.0814
10.5542
14.558
11.4104
14.5569
12.4461
11.6217
14.6197
12.2935
8.59675
9.69708
14.9116
14.4914
9.9126
12.073
12.4823
8.53829
10.9107
8.42385
10.2156
14.4938
8.59532
14.3761
9.88939
10.4456
6.35308
10.0766
12.8964
13.3192
10.7753
10.9994
14.7647
11.1351
9.7262
10.1958
13.8943
14.7273
14.2589
12.352
11.3336
8.20622
11.3748
12.9017
13.2068
9.65851
13.1869
7.76203
8.61918
9.67265
9.71267
10.5779
12.6114
10.0078
13.6195
12.9591
13.6544
14.3971
14.7098
13.7194
10.2911
6.57052
13.5143
12.6873
14.8136
14.6088
12.3008
13.9437
5.90253
8.85356
12.2489
14.497
8.24549
11.1828
8.39001
9.7286
9.29152
10.7554
13.1111
9.82519
9.22118
10.8175
14.5714
8.23669
11.4816
14.2327
12.4994
10.4229
11.9057
8.40773
10.0351
7.98931
11.0906
13.4189
10.269
6.15427
12.1226
8.36822
10.6761
11.9242
11.0302
14.4313
6.23264
9.44399
13.1892
11.5641
11.9108
7.23094
12.523
14.947
8.6042
14.5328
12.0991
14.7043
14.7553
8.0033
12.1856
10.2814
9.77606
12.0807
6.40421
6.64307
13.0892
12.2375
14.0704
13.0216
6.34057
10.1213
9.51866
5.93818
14.5299
12.1699
9.97248
6.26023
11.494
13.6329
8.63952
5.59232
9.83072
12.6317
13.249
14.047
13.9925
14.5008
5.23292
13.9973
11.2365
12.3346
10.1305
7.54797
8.6737
11.0907
13.9638
9.99124
10.4875
10.483
13.4244
8.72985
14.4181
13.412
9.92282
13.8106
9.66086
13.095
13.8869
5.70425
14.7605
12.366
8.17811
8.5632
14.3555
13.8028
8.17394
14.1313
14.8823
10.4773
9.72645
13.5996
9.42063
14.5126
5.6749
10.6819
14.6771
13.1905
8.60078
13.9283
14.2287
12.6468
10.685
11.2742
11.2676
12.0462
6.383
5.66233
8.95748
11.1243
9.43871
14.0084
6.44007
9.51478
9.76729
13.9959
9.55917
13.7923
12.4807
13.7384
7.00783
10.5158
11.2177
14.4571
13.1908
13.6242
10.5644
8.64749
14.0251
12.9185
5.006
9.30063
13.5229
11.2782
13.2842
11.1013
14.2044
6.03392
12.873
14.9999
13.0086
10.5194
8.49903
5.37404
9.21478
14.6972
13.5158
12.8136
11.2101
12.4452
10.6285
8.43567
11.3991
10.838
14.128
11.4487
13.5767
10.8557
6.09782
10.9693
8.48375
12.8788
10.1857
8.76255
14.148
8.38895
11.7484
12.9645
9.3095
9.67308
14.1262
12.2169
9.4784
9.44084
14.3925
9.49963
13.6787
5.0058
11.1703
13.7305
12.2258
14.797
13.0192
12.92
10.1441
10.4142
8.60251
14.3164
11.2591
13.9431
13.6014
13.7227
9.97385
9.20262
14.7174
8.0471
6.66011
6.43868
11.548
9.32127
12.7513
9.33147
12.1039
14.4569
14.5444
10.5281
10.8081
11.1411
9.67061
11.2221
13.5265
12.3921
7.51492
14.75
14.8608
11.5967
14.6505
10.2577
12.1647
12.3585
13.0196
14.3184
11.495
6.93146
10.2992
8.61161
6.98397
8.90789
10.7275
13.5863
13.9064
14.1772
9.98416
6.10037
14.6861
10.9658
9.49937
13.576
9.4608
8.57683
12.059
13.2328
11.1231
11.8466
11.1958
12.9476
11.9632
10.146
6.00314
12.2267
12.9185
9.34776
10.0053
6.70835
11.5525
14.9091
7.86245
12.5313
14.4562
13.1515
11.2713
12.9371
11.6982
13.1162
4.88872
9.51439
12.0399
12.6525
11.6836
7.73959
11.3396
11.6448
12.3173
12.8724
10.1462
14.1522
13.6857
13.9628
10.4078
10.3255
11.2684
13.0116
12.5197
12.042
9.96649
12.3651
12.5063
9.79273
9.60267
11.999
12.7164
14.3827
11.3622
12.2118
12.3671
11.4733
11.1911
12.2953
12.6826
9.59215
11.0553
9.32094
8.56688
10.4227
10.7267
13.8549
13.5397
10.8917
10.9438
11.4282
10.1996
12.963
13.281
11.0368
13.7528
14.643
14.7366
14.4578
11.9928
13.1798
5.70394
13.7784
13.4092
12.9212
14.6881
14.9333
11.4006
14.9768
10.289
12.5836
7.61785
10.858
5.85588
11.3618
13.6497
10.1073
13.818
11.9954
9.17389
8.62698
14.9743
11.9614
7.87751
10.5254
10.7175
10.7248
14.5033
9.30625
13.4954
12.0674
9.87302
8.69623
10.4736
5.93943
14.9553
13.8374
6.10347
12.4381
14.9381
11.2927
13.9927
13.1497
10.2096
9.71831
13.6694
12.0392
6.94053
10.4833
9.39657
11.5042
13.0049
13.7381
11.3242
13.7111
6.02918
10.363
9.14894
10.9446
11.9805
12.0679
13.5008
10.8872
11.8059
12.4513
9.68251
10.7695
13.975
6.02817
13.6747
10.804
10.5244
13.7642
9.18284
12.0401
9.98625
13.0643
9.54356
8.84741
9.50856
7.64121
10.499
12.6321
12.7404
10.6359
10.8942
8.73964
9.61448
13.4273
13.107
8.46819
6.18339
7.20545
13.1601
6.90469
14.3568
13.0822
11.099
6.69524
14.9898
12.4009
13.2629
9.12367
13.7991
9.38235
11.3812
10.1331
6.50807
11.8801
6.02819
11.6138
5.87782
10.8699
10.8466
10.932
10.1101
9.88867
11.0948
14.9249
13.817
10.1622
5.61299
12.0542
6.74404
13.3747
14.6358
7.4612
12.0282
13.1409
13.6772
14.3836
10.4745
13.5821
14.0198
12.0621
9.85345
11.4501
13.1842
9.16332
7.06026
6.16646
12.1984
11.0044
8.69554
9.23953
13.5793
10.2816
12.6699
13.695
11.0382
14.5807
13.4436
13.6657
11.1642
14.063
11.7715
11.3993
12.9198
9.8681
10.149
