13.6873
14.2126
13.3792
6.84609
9.20917
8.33914
12.4325
14.4704
12.6792
10.0455
10.5355
13.1177
7.47737
9.21578
12.5976
6.17712
11.5156
10.6598
6.08149
4.9355
14.8446
11.125
13.7359
9.34412
5.78737
8.33006
14.1482
10.6605
4.87177
9.42312
13.5638
14.2974
10.616
8.86504
6.08307
12.3739
13.5437
9.15002
13.7207
7.62763
14.6286
11.9202
8.06916
14.587
14.8788
9.26687
13.8293
10.3087
14.4842
10.8758
13.3739
9.11542
9.6765
5.76892
9.4436
11.1294
7.85802
11.866
13.4868
5.82486
9.82948
8.21071
10.7439
11.52
14.7319
11.6806
13.052
13.907
10.1259
12.4278
12.5544
11.2135
12.498
14.8969
10.3659
6.49645
8.67034
14.5776
12.0439
8.57542
10.6498
11.8858
12.5618
14.4851
9.7226
14.7812
10.1049
13.6917
11.691
13.9491
13.5934
10.4612
13.2883
14.8695
13.1637
7.95191
7.89752
10.5326
13.8432
8.26134
11.5324
10.4909
12.5466
10.4686
13.2606
12.4648
14.2062
14.5798
11.4864
9.92877
14.1462
10.7536
7.12327
14.6262
7.22708
12.0532
11.1113
7.08107
5.01172
10.3044
14.5275
10.222
11.7932
14.3897
13.1258
6.33608
10.9156
14.3007
9.15585
14.3586
11.8105
11.0326
13.8921
13.5545
12.02
14.7322
10.2042
6.38046
8.42499
9.41322
13.6945
8.96199
13.536
12.7067
12.8436
6.33412
12.6696
5.86465
9.97992
7.92453
10.6762
13.5358
8.84587
10.0491
12.2282
8.25486
12.3898
10.5902
14.311
13.7026
14.2799
11.1794
5.95375
10.0313
12.1678
10.4657
6.89483
13.4426
7.24641
10.0114
8.64042
6.17208
14.1278
8.3802
10.6827
11.893
14.2892
7.37387
6.4401
13.3452
12.0708
9.46438
9.21072
10.2365
8.36744
10.8288
6.15855
5.88675
13.1659
11.0784
14.5341
10.3341
14.2868
11.675
7.00546
14.5995
11.3724
13.8495
11.0136
13.6449
13.8726
11.2152
8.15555
10.6282
14.0823
11.4281
12.999
12.5388
8.21529
5.05091
14.2356
5.46273
5.31048
14.3097
11.3741
14.8774
7.72179
11.2738
12.812
11.2093
10.3541
8.68288
11.8104
14.4797
11.7147
7.79779
14.2998
13.7357
8.85431
13.7172
14.9846
5.98909
12.777
11.7086
14.774
9.56674
6.22453
11.821
9.44509
10.7991
9.61542
13.6447
10.1512
11.9953
13.953
10.5438
12.306
11.5593
14.0153
11.5899
14.3214
14.4928
11.8588
6.13516
9.56093
8.81922
9.39996
12.0214
5.35866
14.6435
8.02362
12.7939
10.0984
5.2686
5.39064
8.69786
8.32129
7.02059
11.1093
9.25767
14.0015
14.117
11.9655
9.08584
6.11649
12.4536
9.05329
9.79741
8.83129
6.59717
12.654
9.64019
5.65388
13.5254
10.7839
5.95039
13.4624
12.3061
11.7345
9.5005
13.2658
5.55922
4.153
9.92654
13.6586
7.8052
13.3489
11.3669
11.7743
8.42376
12.596
13.9896
8.75674
10.0417
6.51091
9.04847
10.3245
9.95778
14.5656
12.1988
12.8095
13.3194
14.2229
12.7621
6.89853
9.88634
8.48174
14.8277
13.953
8.61401
12.0707
13.8201
13.0117
12.6372
14.7145
11.6226
10.6167
12.2784
14.4438
9.15162
13.4509
8.4136
14.6342
9.90453
9.97765
14.267
8.38989
7.93938
9.0261
11.8
10.4627
8.43949
5.58772
10.2604
11.8928
12.4466
12.677
14.7308
10.4063
9.79749
6.47471
13.7523
14.2147
10.9497
14.4887
11.079
12.9423
9.83608
10.0388
11.5263
8.73824
10.4979
12.931
14.8457
12.2478
9.05284
11.7329
10.5291
9.25076
7.60929
5.97062
12.4283
9.16033
12.3798
11.5547
12.6302
6.64778
6.80156
8.51434
5.91259
13.6461
13.5879
5.7819
8.69779
8.44633
8.838
9.90085
9.47624
10.8567
10.5224
13.0415
10.5626
14.2757
11.6862
9.699
5.30649
9.5659
12.4361
13.1748
10.6704
9.59259
12.376
8.84764
9.61662
14.5054
14.3089
13.5275
12.3183
5.83339
14.5438
12.466
8.74228
14.1234
12.8068
5.99543
11.6402
10.2943
9.83056
7.71364
12.446
13.6305
10.9747
7.29239
13.6425
14.9942
14.2334
14.351
8.30075
9.33926
10.7543
8.6448
13.9265
13.5027
14.7787
14.937
11.048
14.3929
13.6096
14.2622
7.91276
7.96491
12.7462
10.9758
6.75946
11.3175
7.32941
14.6141
12.3104
12.7272
12.7162
13.0332
6.17063
13.6849
14.0122
5.27375
8.48589
14.2046
13.1581
6.34511
14.855
5.5317
7.96863
10.5907
5.69628
12.4065
13.2946
9.19472
13.2171
12.2664
11.8431
5.50805
11.9675
13.7652
6.60807
9.2456
10.5713
12.7913
14.7346
4.25748
8.46561
14.7427
6.51257
7.09667
11.5041
11.1958
9.30596
7.09301
9.50889
10.3898
13.8278
11.8666
6.86224
14.0596
10.7202
9.19002
12.105
14.1825
12.5921
13.9173
7.96606
14.9139
8.62506
13.7983
9.7939
9.60929
12.4556
13.448
12.7767
10.0281
14.1346
9.58704
12.3855
13.5899
8.69688
13.6096
9.42834
13.9101
13.4347
13.3721
9.42826
11.4941
12.4092
14.6979
12.1002
4.36706
8.72954
11.8118
13.0058
12.4731
9.32501
6.24768
13.6495
10.8758
8.8405
14.2153
14.2068
7.2922
10.5912
9.23551
11.9484
10.7405
13.127
11.8354
14.9059
12.4402
5.46134
9.20261
11.1003
13.8021
10.0079
8.83769
9.84167
12.6625
13.2449
13.2131
7.70787
3.29892
12.587
10.0001
10.4986
9.84651
14.2047
8.86067
13.4294
13.4971
11.8437
12.2209
13.395
12.8783
9.81458
12.2227
4.95462
9.62374
5.17687
13.9109
5.96408
8.36877
12.7769
13.9123
12.0159
10.5505
14.6601
11.8606
12.2838
14.5206
9.98664
7.15165
6.29641
9.74547
10.862
7.07768
6.30731
10.9488
8.1007
10.7168
10.382
8.29059
14.6863
12.403
11.767
12.1606
14.5248
10.2233
11.7909
13.3109
13.4953
9.50311
7.63281
9.85369
9.01605
14.1353
12.854
12.3366
5.37782
10.9333
14.3754
9.98157
11.2744
12.3175
13.5063
10.9368
13.3931
13.6314
8.81255
14.5866
10.6119
10.858
14.8907
10.9729
12.2334
14.1563
12.3778
11.4713
7.00229
10.0376
13.8108
10.5922
10.2071
12.5765
11.9219
9.70528
11.3267
12.2156
12.5936
11.0892
9.73764
12.5162
7.73318
6.81481
11.0035
12.143
10.9278
12.7536
14.3501
14.8581
13.4471
10.9696
11.023
10.1052
9.35902
11.4742
9.30595
9.87045
11.8699
12.1146
14.8261
9.33778
8.25584
12.942
14.0889
14.2457
12.0367
11.7183
10.9178
13.0169
11.0922
11.9448
11.7754
10.6857
8.62582
5.59588
11.6562
14.3785
6.0093
14.7921
6.50529
12.5174
9.46803
10.5209
13.9049
12.1225
12.9244
11.2724
13.9324
14.0467
11.2185
10.469
13.1074
10.4447
12.3316
8.52864
13.1827
12.0554
14.8183
13.9366
12.9216
12.7856
13.406
10.1082
6.96914
6.1042
9.14066
12.3965
10.911
11.152
6.79716
8.93617
8.42451
7.83865
10.726
8.45178
11.7238
14.4141
10.6156
12.5899
13.5497
11.1218
14.6281
14.99
11.8742
6.33222
8.92148
10.3629
7.26627
6.68878
13.822
7.44815
12.2904
10.6393
14.7895
8.74076
9.37328
11.9027
12.7388
14.878
14.8041
11.4911
11.7091
13.2311
10.367
13.4848
13.1194
8.15929
10.8848
8.41657
8.28403
10.2772
9.62781
6.14689
13.9608
12.3018
13.9735
9.14438
11.5442
13.5821
12.6179
14.2305
13.7514
11.8179
12.0664
12.7768
10.4718
10.7503
8.67152
10.6436
6.24192
8.97993
11.8229
10.0773
8.85365
5.92039
13.5579
10.1655
9.71854
9.28526
13.8576
14.257
11.1353
10.0605
11.4297
11.6538
6.73551
9.50171
14.7424
10.1644
13.1942
10.0019
10.2465
14.6606
13.035
6.40731
9.33423
6.81245
14.5202
13.3989
6.0519
11.3431
13.6867
9.82814
5.88726
11.2897
13.5894
9.63102
13.3247
11.2289
6.28895
13.8976
9.02146
9.87885
11.9435
8.65765
13.7918
12.215
14.0333
11.5472
14.6632
9.95347
14.0846
13.2103
14.8485
12.2918
14.1509
6.84949
7.34579
14.6283
11.702
13.8446
10.3639
9.00163
10.3898
12.1374
8.5954
10.5337
14.9713
10.8601
7.19577
8.16192
12.995
11.6252
10.0155
11.7958
9.99056
10.2892
8.14153
5.76248
6.25299
12.1908
8.44461
11.7339
10.997
10.7559
6.2032
14.1634
12.4037
14.6893
6.91409
9.95799
11.98
10.4415
4.77243
11.3541
9.08039
12.9636
8.97001
11.6562
9.09513
5.55148
14.0587
11.3918
6.89906
9.63589
12.5054
10.6814
12.3762
9.96129
12.3467
9.68989
14.6154
14.3528
8.87624
11.6685
10.1084
5.64758
8.30695
12.0827
9.30855
14.5671
10.5435
14.475
10.3406
11.103
13.5
12.2188
13.8282
12.5795
9.81733
14.2861
8.82911
14.1055
13.2638
14.2502
7.37576
9.86673
12.5889
12.8015
12.4938
9.79678
12.95
5.39969
10.9715
14.6345
9.84873
14.1077
13.8501
11.1096
12.5712
12.403
7.86298
8.80003
9.97396
9.4952
14.8002
6.15422
9.94251
6.94214
9.45698
11.5005
6.05849
12.0202
13.1196
9.77651
13.9562
6.99709
13.9307
10.3046
10.2095
14.0554
8.63067
12.9058
11.8049
9.17313
10.0073
10.3845
11.1371
14.6299
14.5126
9.17461
9.67096
13.8729
8.32985
5.33273
14.8319
12.361
12.0669
11.7517
11.664
10.0036
11.7029
8.29869
6.15044
10.6567
4.01725
13.298
8.26783
8.99552
14.4027
13.3799
6.40278
7.50531
10.8618
9.99789
11.4109
14.9208
11.6611
12.431
12.463
12.9282
7.59832
8.75117
14.5096
13.9034
6.54473
6.27463
11.4238
11.3292
6.79642
12.8495
10.2232
4.00584
10.9683
14.3155
10.0382
6.34681
7.01286
10.7441
11.0826
14.1584
8.90363
14.8502
7.16141
12.8089
10.5734
12.4257
10.0201
10.9256
8.31601
8.39592
14.0296
13.584
12.609
9.54206
8.71745
8.3154
10.9969
12.7253
13.0156
9.15834
14.6539
13.3336
13.9907
6.76284
13.2868
9.48861
14.2083
11.1213
14.9679
8.0606
12.0385
12.6694
9.41078
12.0605
11.497
10.5858
11.2758
11.7037
4.62198
5.23836
5.37782
5.8261
10.7131
7.7316
10.3565
7.49752
12.2726
8.15266
5.32463
9.47559
9.04246
14.9199
6.36721
8.71877
8.7539
14.324
7.34927
9.74481
9.98668
12.0294
10.0655
8.52519
11.5517
10.0426
12.2992
10.9976
13.4358
8.68992
14.3042
10.4619
14.1925
11.5737
8.54953
12.3298
13.207
11.6917
5.80852
9.30431
10.0618
11.3825
14.4056
13.5638
14.7842
14.0295
13.2823
13.3669
7.42023
14.5967
13.5768
12.5954
13.0433
14.0894
12.3054
9.78376
11.1709
13.3524
12.9269
14.0413
8.16918
12.7391
10.4688
9.16617
12.5682
12.684
9.55139
6.50735
12.4229
12.6892
5.94463
14.3873
11.9469
10.301
6.26536
10.1209
12.9577
9.93275
12.1564
12.9972
13.4573
10.699
5.1871
11.0753
14.5694
10.7964
11.7407
13.3823
9.73544
6.5606
4.40435
13.3933
13.6455
13.5015
10.8305
7.1167
12.4767
9.65431
11.4399
10.657
9.33535
14.0008
14.7362
11.3777
13.3924
14.2215
14.0717
6.16013
10.4284
5.99726
5.98733
10.1209
10.1323
14.5438
11.6335
10.1497
8.77062
12.3955
14.5239
6.6344
9.50054
13.0668
9.47854
13.9496
10.2498
8.40795
14.528
14.8447
9.60041
11.1751
12.2855
7.08548
12.1012
12.6917
8.61117
12.27
12.4495
10.3455
10.6016
7.03179
12.9324
13.0435
11.046
14.5015
9.54953
13.8392
10.2436
6.32969
6.25778
12.5767
5.9732
5.1202
12.1452
13.0232
14.9629
11.8151
11.0952
11.1457
5.74322
4.4786
6.66757
11.8524
13.1569
10.4089
12.2525
13.8163
6.2294
8.66141
10.1439
6.28158
14.9317
11.1576
10.4745
10.5928
5.5352
9.81963
9.84796
12.8701
12.9883
12.7858
4.60278
9.04758
7.21905
12.7928
13.1678
9.68287
6.18595
7.27914
13.5732
9.67086
9.25322
12.8571
12.7482
11.0566
14.1
13.2495
13.2906
5.43901
14.9968
6.56539
12.8585
12.9923
13.0728
13.7166
8.18138
10.9651
12.6539
11.8237
7.17686
12.5103
3.42443
9.6227
6.90375
9.62957
6.71808
12.9292
11.2226
10.2032
12.2738
9.9396
4.77741
8.28116
4.93273
9.59526
13.4379
6.31673
9.3852
6.50926
9.03851
9.98874
7.50528
12.4664
9.26487
14.7744
8.04616
6.83031
12.9562
8.9015
14.7671
8.58592
11.3227
12.1568
5.68646
9.66256
11.4248
9.07096
11.9314
13.3197
13.8231
12.4958
12.1226
8.91247
13.4697
12.5942
14.14
8.41039
13.4893
14.1437
4.0858
12.9235
14.4791
14.6905
8.11094
7.17842
13.0224
10.499
14.7612
13.9009
11.7832
14.5769
8.56502
5.88408
11.8729
11.7074
13.1902
11.511
12.1567
14.0409
5.89826
14.2718
13.046
10.7334
11.8385
13.2406
5.72514
12.4016
12.5873
7.44755
13.8777
11.9741
10.9846
13.0156
11.5953
8.59349
14.9171
9.7938
14.3296
12.5319
11.1948
13.3372
10.483
5.84783
14.8308
10.8161
8.44557
14.2684
14.7662
7.51775
9.73379
8.14869
11.049
14.733
14.0122
12.5258
14.4695
6.03788
10.3906
6.7816
8.62556
12.1386
8.39732
6.26713
14.3325
12.974
13.77
9.50531
6.26007
10.7435
11.8833
13.9886
13.6185
14.5686
4.93793
14.6804
13.4368
8.72307
8.09959
10.4592
13.2545
10.2954
10.9333
8.73365
13.6081
11.6095
14.3157
11.2766
13.8089
12.635
14.4537
12.0731
8.78179
14.2627
12.3732
10.7717
11.7045
10.9835
7.2694
14.3655
9.65664
6.52077
10.4721
14.8506
11.203
9.55807
12.1016
12.3836
11.695
8.43088
10.5483
14.3054
9.30934
14.0273
13.625
14.6076
13.7857
11.9219
14.5396
13.6655
14.1555
5.76599
5.98454
12.7263
12.804
10.2832
9.34939
5.99651
13.9861
12.9707
9.64221
12.9706
12.0071
10.4346
10.1422
11.3152
10.9777
12.0923
6.02764
12.4448
9.4047
9.54426
14.4489
6.82335
12.2897
11.7634
13.2683
9.33863
5.9778
10.0667
11.7919
10.0401
12.856
14.2175
10.0297
10.5367
6.1068
10.8556
11.8282
7.71676
13.7415
12.4621
10.5174
14.1342
9.28399
6.25868
12.9597
10.8891
14.907
12.3863
11.9274
9.95099
11.691
6.12028
9.08007
13.2386
14.5343
12.7989
14.9845
11.9014
8.59738
10.1052
11.0212
10.2647
7.73411
9.40193
11.5649
9.41924
12.8601
14.3711
11.3109
9.84393
12.7455
14.2183
8.59466
14.7526
6.16192
14.3079
9.77955
7.36601
12.6165
5.19525
12.9112
11.2444
9.52186
10.2926
11.181
14.9075
10.7907
5.61714
11.3223
4.98094
4.74595
4.76161
11.3944
10.6106
6.64982
8.627
10.6284
13.8096
6.83734
10.2517
10.7552
10.0287
7.69536
14.0778
6.82008
14.0745
7.70242
11.4901
6.80345
10.5243
14.5474
14.7262
8.82852
13.2484
13.3613
12.0415
10.826
10.1481
14.9517
11.7386
10.6386
14.5177
9.6424
14.9544
13.0389
11.8592
14.4212
7.98777
11.7699
13.5697
7.52734
13.2989
13.1018
5.66525
14.0436
13.0423
8.14678
10.6696
11.0031
12.4288
12.1076
10.5313
11.7431
10.5763
10.8929
10.312
12.4757
9.89119
7.4972
12.9522
9.8693
6.29004
10.9096
12.117
6.45135
10.995
7.72447
11.6153
12.1536
12.2092
9.09095
11.6006
13.5559
14.8267
7.31386
11.3755
12.1034
8.79563
10.8022
13.4399
14.2178
11.5571
14.9848
12.1175
9.04206
14.6345
14.219
8.53299
6.48662
13.9197
11.5579
14.7704
13.6191
14.6548
8.68129
11.6408
8.317
12.1507
10.2001
11.7445
9.00412
11.8962
5.20473
11.586
9.43308
12.3556
11.5353
11.2957
13.4387
12.1291
9.6676
11.8251
11.3683
9.21414
10.3358
10.7485
12.4123
7.18452
13.3209
5.91179
11.6271
10.3841
7.27107
13.2134
14.6746
9.55021
12.5529
12.8736
13.3315
12.6819
12.9096
14.1633
8.79567
12.0797
9.73169
8.07425
10.4951
9.82722
13.0911
12.4688
12.0482
5.61035
9.66661
9.05684
8.34868
12.2532
11.6244
11.1035
14.8972
6.05084
10.157
10.0712
12.3188
10.9264
13.3644
8.57378
14.2117
10.3887
14.0729
11.4459
10.7296
13.3497
12.3914
14.3057
12.072
12.4156
13.1428
11.3722
9.91248
14.6268
13.8008
12.068
10.0226
11.8657
14.9244
13.0256
9.32979
9.40617
6.91612
13.3713
11.2575
9.61052
10.2492
10.5986
10.2269
14.1071
8.68382
6.67461
6.70368
7.29813
14.1503
5.29472
9.17132
12.8467
10.6072
11.0815
10.4992
10.4292
5.42726
14.8666
6.41624
13.1386
5.461
13.2063
11.4619
12.1715
12.6692
13.3068
9.97885
14.4413
6.61744
7.3858
11.3913
6.12039
7.0268
10.489
12.8249
12.0191
13.6466
13.7306
10.3665
14.4166
12.204
11.3153
10.0178
9.60037
8.89267
6.02297
7.11607
12.5579
13.8829
11.3946
12.4336
10.4702
7.68009
8.48196
10.0995
10.1814
11.4723
14.9095
11.1508
9.85993
7.38417
8.2044
9.71491
5.73354
10.5518
9.89273
11.988
14.7308
9.63402
10.8676
6.68232
8.37024
9.84317
6.18903
11.8966
10.2577
10.025
5.10774
14.8261
5.15686
11.0182
12.9637
12.41
13.4885
10.6439
9.59073
8.7481
10.2848
13.9516
11.0261
9.56327
11.7252
11.242
9.71569
12.8992
13.8377
10.8627
10.2558
8.63419
10.9352
12.7333
8.84228
7.28078
7.64702
13.9939
12.6654
7.32757
13.7336
9.53853
11.3837
8.7429
13.5252
12.1959
8.44368
13.9474
10.3774
8.8785
13.2134
9.21818
9.94196
13.8412
6.34946
11.239
10.704
9.70979
13.587
10.897
13.6583
13.1
14.2055
6.76105
13.2517
11.4129
14.0033
10.9773
14.2416
14.9066
12.7454
12.6388
14.2151
10.8266
12.7695
12.3222
9.57946
8.58936
12.6733
12.6368
13.9535
11.5659
10.7324
9.26182
7.06104
11.4139
8.92089
13.7738
10.2919
5.66207
14.3429
8.18043
11.0583
12.9397
7.5225
10.2491
10.591
13.4073
5.81975
13.6989
11.0152
10.5505
9.14917
11.0767
13.9304
11.1667
9.39621
10.2963
10.962
10.2618
6.67326
5.54001
8.72453
14.09
13.9329
11.9923
12.2814
11.522
8.71486
10.6413
8.10406
12.285
14.0264
12.5796
9.12956
13.5499
14.549
14.7748
9.28744
7.6963
8.67613
9.31671
14.1303
9.73334
14.7112
13.7907
12.7172
13.7482
10.4287
13.4058
10.9075
9.31543
9.67688
12.8938
4.58391
8.42211
14.2588
9.98708
13.8847
10.7943
14.8009
13.386
14.1495
11.9768
10.7125
10.2119
13.7342
13.9154
11.6397
13.3884
9.16675
13.3673
12.1923
14.8419
9.28422
13.3009
11.1663
13.6512
13.746
10.1477
13.615
9.06905
7.10555
6.26139
5.75158
11.5961
7.7154
10.0242
11.2637
13.6864
14.7961
9.1967
6.19378
9.79439
12.0794
14.7275
14.0071
14.8515
11.0862
9.59338
12.9094
13.6952
13.2615
14.8266
13.8088
13.4165
11.5275
10.6423
7.19352
7.49739
9.18479
14.6633
14.1036
13.9055
9.84947
14.8511
14.3973
9.95823
9.53328
11.5288
10.7027
14.2441
9.10113
10.0631
12.6854
9.83133
5.94651
10.5834
5.53632
9.34208
13.3898
13.4355
9.73886
12.6131
9.32416
12.0123
14.9685
14.4883
13.0327
13.8086
7.82359
9.67328
12.9015
10.1533
12.8747
10.2269
14.2556
11.9327
6.58706
6.01618
10.2942
8.52847
6.09548
14.0197
12.3216
14.2919
14.1996
9.80499
9.16946
11.0008
14.9324
9.05888
10.556
10.2959
12.8589
12.4492
13.8007
8.01174
13.5405
4.86383
10.5425
13.3479
14.9513
8.76021
9.33582
11.0208
10.1777
11.7269
13.9966
13.506
10.1206
10.8499
10.9588
13.7058
12.1249
5.81853
5.56255
7.08487
13.6448
8.67613
10.8419
13.5909
13.8095
13.4463
9.99544
5.46802
5.36474
14.2882
14.6888
10.9249
13.5276
14.0552
7.35937
11.5187
10.3069
9.76685
12.5857
11.3463
11.0444
7.31645
9.53285
13.1769
13.8313
5.6279
13.0321
14.3018
6.28121
13.6804
11.8243
10.6323
11.0602
8.44965
14.6338
14.412
12.5456
11.9329
9.28121
7.5787
9.64626
11.2025
9.10799
14.821
10.3828
8.84074
10.8848
12.6321
11.7144
8.53961
8.79404
11.5598
8.84996
12.3851
11.1538
12.6052
7.57661
14.256
14.342
7.08401
13.8396
6.63216
12.2053
10.563
9.31268
6.76052
11.9381
10.8125
14.5678
11.4263
9.05776
9.31652
12.2555
12.0891
13.8655
14.0945
13.2014
6.11317
8.29447
14.5346
9.09232
14.9734
9.71599
13.2495
11.3293
14.66
14.4901
14.1742
7.97221
9.88465
6.03466
9.75941
14.6359
6.60586
6.0754
11.4218
9.57849
10.9381
11.0775
4.94636
13.6151
14.4339
11.3572
13.7144
12.9094
12.9187
13.8877
6.15482
4.13519
6.94274
5.82845
4.95292
13.2124
11.0562
12.7284
9.25
11.3757
7.33376
5.21441
14.6879
13.3291
13.5171
12.677
9.20189
12.2864
12.8727
12.1393
11.8509
8.26202
12.1956
13.6664
12.5535
10.8729
9.83213
13.1463
9.96442
11.4573
14.3318
10.5289
10.9725
12.5234
7.80242
14.1266
13.0702
8.437
13.2875
13.467
10.5337
11.6757
9.35472
9.44028
12.9623
9.28237
10.7937
14.4867
6.40372
12.1796
14.0271
6.09731
10.229
10.3801
8.80455
10.8305
9.01285
8.9929
10.8664
5.68597
10.3906
6.46959
13.9208
14.6966
9.39285
11.9551
14.635
10.5245
14.3467
12.8131
13.0691
9.77853
10.8017
10.1944
7.24334
13.0178
11.3283
6.27575
5.66099
11.5367
9.08998
10.46
11.237
12.2463
7.22563
11.7898
8.16371
11.9618
14.5977
12.4452
11.4884
9.98926
12.0044
13.617
10.5249
13.3836
11.2688
12.0749
13.9368
9.41824
11.3099
14.4814
10.3814
13.5164
5.3527
11.7884
9.47586
11.1371
14.7004
10.6184
12.0575
6.35518
10.6686
12.5251
13.8918
9.59725
5.98404
11.2302
9.90197
12.1747
9.64215
9.80529
11.7017
10.1336
11.6671
9.13167
6.18513
14.0543
13.5733
10.2701
14.3854
9.64937
8.63205
13.9316
14.6944
9.2701
7.1416
13.0229
10.5494
9.75433
12.5517
8.73364
7.24687
10.9934
5.89576
12.9143
9.98273
7.96613
9.66279
8.84542
10.9679
5.88707
10.5813
12.4431
11.952
7.84524
11.2659
13.3471
10.5273
5.77114
12.0342
10.6017
12.8289
12.6256
12.2731
8.52509
9.97822
10.7441
14.6185
14.8654
6.96367
12.3447
5.53795
10.2526
13.6964
7.24253
11.0414
10.0463
13.1408
11.5318
11.3986
9.15
11.2439
12.0182
13.4406
9.70133
8.07563
9.3972
10.853
14.6975
14.1819
9.64287
12.8462
11.5301
9.92096
12.0193
14.4445
14.3466
12.7436
14.4174
11.095
11.285
9.99879
9.04027
10.9202
13.7453
11.4364
12.4584
11.0639
13.8116
12.544
12.6094
11.9865
12.7782
6.22085
10.4865
12.426
13.4127
12.653
12.1854
14.264
13.9403
8.63166
12.6753
12.2473
14.6997
12.6674
14.5971
10.7012
11.1715
12.8422
14.3663
12.9141
12.7268
14.909
6.05969
7.01552
6.5075
10.25
9.51072
10.2098
11.0171
10.0838
13.211
5.57016
7.05536
13.0976
9.10235
14.5581
14.9521
13.9297
6.10436
13.2802
12.0957
14.3456
8.35891
11.5047
13.5351
7.45797
11.0714
7.54491
4.43896
11.3272
13.365
10.3016
5.81354
6.49256
8.88009
9.01233
14.5886
14.133
14.1385
13.899
8.76594
12.0883
13.1909
14.6317
12.9172
10.636
11.7835
6.17155
13.9724
13.897
9.51815
12.0337
13.5615
4.68294
9.2131
5.8099
4.30313
11.7613
6.0597
12.5818
12.0711
11.0085
12.3096
7.88104
9.3918
11.4964
11.6898
12.0442
13.9709
7.98665
12.5664
9.0207
9.79935
6.49181
4.39567
13.5034
7.33186
11.3019
9.23226
8.82936
12.1908
13.6723
10.644
8.55441
10.2687
10.9514
13.0485
5.68827
14.5991
13.448
9.25011
11.2123
14.4482
9.90759
11.1096
9.8042
5.23493
11.7634
6.55163
10.3874
14.9949
9.64312
8.18309
14.3268
11.0781
11.4713
10.0967
11.674
12.5156
12.1055
14.8274
9.39444
14.8519
11.2141
12.7645
12.8108
10.56
9.12572
5.81004
14.3084
14.3921
11.2602
6.18537
13.0384
10.3066
11.8034
5.43286
9.7365
11.1432
8.22573
10.0683
14.2101
11.4313
13.125
11.2691
14.5115
11.4846
14.5328
12.3091
12.522
6.95956
10.7711
9.87371
12.9346
14.8451
12.3546
8.5358
14.2795
10.4016
12.7388
11.5604
12.264
10.3029
14.6558
14.3546
11.5306
6.98981
14.6087
10.7411
14.444
10.5142
14.7927
9.13568
6.24548
11.2834
14.4659
7.18334
9.40165
13.5871
10.9166
10.8502
12.6812
7.14996
8.6231
12.3747
14.5053
7.69319
8.50774
14.7008
6.66942
10.5599
12.6209
13.8644
13.6597
14.0582
14.5752
14.6716
7.07354
13.9995
12.1652
6.08061
14.0724
14.1036
11.9966
6.06765
12.5003
13.8646
10.3263
14.0589
6.58431
6.73825
4.31247
7.86365
13.1948
13.9917
14.82
6.94525
8.8759
10.8591
8.43938
7.2601
11.7589
14.9885
10.1654
14.9207
13.4349
11.2147
3.72532
8.70863
12.5029
8.31394
14.4305
14.1671
12.8076
8.32887
12.8334
11.5025
9.57016
13.257
11.544
10.0889
11.6048
14.1893
14.8269
12.3116
8.02199
11.1868
13.0065
14.6774
9.43095
8.63677
10.8363
14.08
14.1908
10.2156
8.60935
11.9474
12.7955
12.9441
14.3516
9.98317
10.9478
8.35926
12.9596
11.8111
12.6303
14.8531
14.2638
12.9939
6.23417
9.7462
13.3773
12.4335
12.675
8.89218
6.78085
10.2391
14.3653
13.7316
10.841
14.2331
11.078
10.6863
14.5793
13.7363
14.525
11.6005
13.9689
5.95343
14.2253
11.6679
12.5102
7.97564
8.23208
10.952
7.7512
14.2532
14.1853
13.0873
8.81512
13.8166
7.71169
11.1462
12.2915
6.11388
14.5607
10.447
9.89055
10.1973
9.37024
6.18206
7.67247
14.9223
14.8592
10.8817
10.5166
14.0524
6.3041
12.0449
11.67
9.50427
8.67569
13.3414
14.2051
12.1518
9.7623
11.7378
10.5936
11.4782
7.02329
8.69274
13.2967
9.73192
5.35134
9.7821
13.266
14.6147
12.883
11.8672
6.92464
8.63842
10.5762
12.3963
11.7607
7.78633
6.26332
4.9065
9.2094
7.18345
12.0717
9.72042
12.4398
7.71748
5.68849
13.8281
11.0005
12.5801
9.52259
10.4925
14.3621
12.3637
10.1093
12.1923
12.4006
14.6182
11.5222
13.9606
9.81355
13.7906
5.52192
10.0176
14.6732
5.83918
7.04304
8.45357
11.63
12.1473
11.1526
9.87386
12.6905
10.2749
12.4096
13.6036
11.0768
9.1059
14.8165
11.1367
14.8413
8.30311
10.1878
11.4866
11.5135
9.41449
13.0125
14.7159
9.73
12.7441
12.7371
6.71053
11.9378
12.0024
5.85288
6.57239
12.5022
10.3994
10.2239
6.87369
6.07905
12.9363
7.11487
9.23321
11.2423
10.8339
13.1874
8.56453
14.2148
12.3348
7.24286
5.16387
10.865
11.3195
14.5829
10.7994
12.446
11.4308
8.40347
8.94367
12.211
12.6087
5.82066
14.2159
5.10023
14.2002
13.1643
9.31955
12.6929
8.18589
4.87305
13.8379
11.3832
13.5185
11.9508
14.7391
14.8293
13.842
13.0809
9.2866
13.3112
13.2287
10.1826
10.8998
10.5189
13.4855
9.61892
9.74776
8.07434
12.8666
12.131
11.9003
4.98103
14.5852
10.8987
7.40381
13.2033
9.80754
7.5044
11.0958
8.51556
12.8133
11.1739
9.56742
14.514
14.335
14.787
14.7703
14.3688
13.0481
10.4486
10.3217
10.4066
7.82878
9.61519
14.9051
8.8856
7.24246
9.94894
13.8552
13.2223
14.6253
12.9671
11.7668
8.83533
13.9079
12.4753
7.4147
10.5923
14.1337
14.6576
11.9024
12.5548
13.8818
10.7747
14.1868
14.6352
13.7944
14.7687
10.6936
12.4736
13.5455
14.2341
8.12706
10.1784
13.1108
12.9877
12.1153
11.3664
11.9761
14.4386
8.14341
13.1651
12.116
12.4973
9.9841
13.4384
10.2894
8.36394
13.6379
4.51357
9.91838
9.99796
12.4127
14.2239
11.8299
6.46412
10.9535
6.47324
11.227
9.36704
7.78564
8.995
10.4266
10.5413
11.7629
10.8129
8.67687
13.217
10.063
8.97064
6.3338
9.4918
12.958
6.9103
10.0897
6.44064
13.7743
10.1452
9.76301
6.02255
13.6853
12.1038
7.80789
14.2428
6.40121
11.2302
13.3807
10.5976
9.59415
6.13173
11.4799
13.387
11.4776
8.43947
11.251
12.9819
14.4368
10.424
9.37327
7.07355
12.3766
10.8974
7.23014
12.4176
4.71139
8.84131
10.7452
12.6077
14.7494
10.599
14.7388
14.5978
12.1662
8.77753
12.5623
12.8416
12.6277
10.0541
9.20456
14.2865
8.3265
12.6406
12.4511
8.32888
6.48895
10.0903
11.9276
14.6172
10.6657
14.9918
6.28214
8.84233
8.22533
7.24298
9.64132
11.9682
11.6914
12.1965
11.6147
14.1452
10.0967
13.4867
11.3864
11.6666
7.14056
14.8604
10.7293
10.5463
10.0413
14.3255
14.427
11.3885
8.22411
13.9976
11.403
13.3073
12.1641
13.8009
13.5028
8.99452
6.05909
10.3379
14.9271
14.6953
13.1686
11.0779
14.5011
14.627
11.5217
9.90979
14.2929
14.3167
14.5959
12.2577
10.6696
12.6866
13.3555
7.01323
12.4672
12.7704
14.7426
10.3115
13.2123
10.3116
6.64622
14.1086
13.6096
9.67239
12.8592
10.3704
7.15271
12.8122
14.3342
13.2468
14.3515
14.182
8.91859
8.32962
8.94772
9.8533
8.26183
4.88114
13.3017
5.00488
14.6155
9.8995
5.33377
6.85356
9.28852
14.2455
14.9763
12.3559
14.3552
14.6312
7.44303
11.4418
13.6404
14.3573
14.1373
9.62488
4.9476
6.40077
10.3672
8.38063
13.4452
5.23125
5.20098
14.6432
13.1617
12.0279
14.578
13.4911
11.4081
12.1655
11.9425
10.4352
12.9707
14.9795
11.4111
11.5858
10.1919
7.23838
8.00173
10.5735
13.3079
7.1288
13.4363
5.20063
12.7978
11.427
14.19
10.6139
9.95808
8.20092
9.44371
6.00212
13.7239
13.8266
11.3818
13.946
13.6258
14.5918
5.94721
9.35825
6.03023
8.57435
12.4606
11.8382
12.4012
12.7518
10.797
8.57192
12.7617
14.6572
12.746
8.26517
7.35043
4.57129
7.74584
11.2263
11.3812
6.69725
9.88494
13.9052
8.29704
9.36761
14.2249
11.9914
12.2113
14.1326
7.49977
11.1168
12.0812
14.6507
10.7857
6.6853
9.04168
12.4446
12.8038
13.6657
8.45209
6.41359
8.28433
9.76047
14.9566
12.175
7.91995
9.08985
12.2179
10.0007
13.7983
4.29585
9.19338
11.6029
7.41683
8.30801
13.8291
10.0275
13.3825
13.3512
9.63615
13.5101
12.4627
10.0758
5.51636
12.3614
12.6412
6.63973
9.16409
11.5845
10.9429
12.3837
7.8587
10.5476
10.2296
9.86531
12.5287
8.40425
7.26896
10.0483
14.9587
13.2462
8.69723
6.04515
14.8801
14.3069
14.3119
10.0623
10.2544
14.3678
11.765
14.5591
11.9698
13.0958
13.4871
9.82144
12.5885
6.70767
13.9252
8.84756
14.5693
9.04044
12.0301
9.18251
14.148
12.3164
7.11568
10.4328
12.2842
13.9975
14.2721
10.3314
5.54839
13.3957
11.1248
14.0609
13.6352
10.9945
14.7984
13.7994
6.67928
12.3222
13.3445
9.80204
10.2668
13.6304
9.29118
9.77259
14.327
8.26853
9.7465
10.3821
12.5479
10.3415
9.24052
12.7066
11.9988
12.4876
9.67293
8.96048
8.48078
5.73992
5.9664
13.7115
9.98647
5.61521
5.51896
7.36326
10.4887
12.4907
9.41903
14.4862
11.0953
9.95128
9.39925
12.7688
9.05141
12.1612
4.08907
8.84588
6.82031
13.2704
11.5261
12.1959
10.0127
9.36833
12.5527
9.73099
13.9916
13.1342
13.3293
9.01585
6.23263
9.7308
12.1458
10.6118
11.2538
12.7057
8.92074
14.1424
13.5444
7.3458
10.7365
12.8042
8.93893
12.6073
11.0397
13.7273
13.7883
9.04371
13.7978
9.3143
9.85
12.1409
5.39754
6.95984
6.23542
11.1673
12.0969
12.8077
12.5837
14.8759
11.7312
9.25443
14.1895
14.5412
13.349
14.3785
4.38602
8.42101
9.06182
10.154
9.63817
12.8941
5.22995
13.4515
13.96
9.27186
11.543
4.12607
10.2871
13.7439
9.5666
9.12662
11.0481
5.33196
14.5279
9.88603
9.2234
14.2776
11.8088
5.83462
14.2787
10.3812
8.36231
10.5733
13.0027
14.4452
10.0568
9.0656
10.7697
10.198
10.1068
12.1173
13.1304
10.6496
14.9834
11.8571
9.36091
11.0878
14.1725
14.4869
12.519
12.3951
14.6173
5.88713
11.4908
14.3065
6.10426
11.0052
5.32213
7.93291
12.9181
6.34762
11.1426
6.08182
12.6472
10.3114
13.7843
14.0551
10.0741
10.9239
14.6203
14.6611
11.1835
8.61063
9.62652
14.2231
9.43292
14.0315
8.8406
12.9347
12.3886
6.8699
10.5605
6.53246
13.5467
6.84216
9.49921
10.2587
11.7407
13.0476
10.8718
14.6989
10.7342
12.4131
10.8254
4.75311
10.9527
13.8743
12.0471
10.5501
12.4539
9.29622
12.9737
12.3188
12.3249
6.08905
14.9959
10.5024
13.7064
14.7202
14.3883
10.5048
12.8965
10.4262
8.08191
10.6039
11.2282
13.6043
10.5922
12.1654
9.95915
14.3943
13.0854
12.8427
12.0717
8.7725
10.026
14.3106
8.17804
13.7006
13.958
8.90042
14.9414
10.4527
9.94886
9.15572
10.7241
10.8028
8.72747
6.41359
11.7955
13.0053
13.0164
6.4336
9.41348
14.4973
8.20505
10.7721
14.9716
8.8262
10.7118
14.3693
14.086
13.3961
10.8018
11.6857
14.883
9.68056
9.37872
5.04574
13.2911
8.25494
8.78964
10.7492
14.1951
12.1846
13.3306
12.918
3.69979
5.1324
13.4589
4.58519
6.04958
7.88316
10.634
14.9482
9.79315
12.8627
8.60524
14.8213
8.19254
10.4693
14.9738
13.0718
12.9
12.2931
6.71574
6.30909
9.97834
7.13657
8.18171
12.7855
9.91456
5.67344
10.51
13.0405
14.971
5.74106
9.28422
11.6701
10.6391
9.8408
8.41613
8.24836
14.9141
10.7594
8.33461
7.65081
12.752
13.8115
10.8651
7.98636
10.9489
11.8157
12.4498
8.70387
12.0448
12.9452
5.94772
5.18815
11.6803
11.98
13.4657
12.7263
14.9797
12.8459
8.35526
8.58722
10.718
11.4809
13.5876
10.5363
13.7405
13.9333
12.2768
14.6762
11.3694
11.1358
6.17883
8.91592
14.5189
11.0022
5.01292
14.0106
11.8658
13.012
9.27891
6.85803
11.3765
9.02997
9.14588
11.8191
9.45316
13.3553
13.9466
10.0312
11.3494
12.1824
9.28245
14.4104
6.30172
13.6307
10.4625
14.8704
12.6167
10.8991
14.4457
11.3516
8.63109
13.2958
11.0912
14.981
13.6556
12.963
5.32796
7.93429
10.345
12.8435
10.38
9.93729
11.3393
9.62736
9.70623
5.63203
11.5526
10.956
9.48606
6.0843
10.7009
13.4293
11.2771
9.33788
10.0946
11.2503
13.7136
14.7972
9.86008
11.4665
9.9602
10.3369
12.2079
12.0873
14.0778
13.5826
13.3594
9.39331
8.20163
14.3103
6.49794
12.9756
6.14414
4.59839
13.4592
10.082
14.431
8.7522
12.2964
14.621
11.741
14.6117
7.82477
11.2996
12.3064
8.44088
14.3882
12.6231
8.97873
11.8827
8.60363
11.5419
8.37925
9.55755
11.878
9.61498
7.88884
8.56301
7.8218
5.06973
7.03778
14.905
5.58205
14.4867
10.1934
10.1575
14.0831
9.11107
10.9358
13.9095
14.0026
12.5456
13.2029
14.6008
11.2242
11.8759
11.7441
10.1641
12.5075
8.62757
12.3807
11.7478
5.38083
10.5517
13.7851
9.36189
12.3021
10.1143
10.3119
6.39279
8.508
8.76544
9.60294
11.7366
14.0919
10.8644
10.6671
11.2952
11.6248
9.53371
8.90206
14.8239
11.6983
14.4274
11.8126
12.9994
10.5444
10.0852
9.50303
6.39873
10.8638
12.156
12.1405
14.0389
13.6634
10.3335
14.7017
12.3694
13.6743
5.64067
9.62648
9.88418
11.6852
5.75595
8.31202
12.7096
12.9918
8.25296
11.2456
14.5454
13.9503
14.7095
13.6327
11.5617
9.54252
14.6899
10.4845
10.7103
14.9338
14.967
11.2901
14.8703
14.0088
7.86243
13.1383
8.82844
13.7084
10.4738
10.9053
13.6448
5.06106
9.06824
11.0615
12.6714
11.0935
4.73968
13.4609
8.58405
9.10933
14.2565
9.92706
13.4741
13.1335
9.00528
11.2843
12.0477
11.9461
11.7481
13.8343
7.09445
6.18634
13.39
10.8387
8.30097
12.8061
13.2971
14.9961
9.65805
8.75467
9.49506
14.5928
14.957
12.7405
10.9166
14.1557
13.2117
9.61069
10.1259
11.1889
14.384
11.2555
11.9034
8.90268
13.5992
10.616
6.22487
10.4205
12.9004
10.5329
13.9167
6.05625
9.8648
10.0207
9.41269
12.1561
14.7603
8.1026
12.2471
10.5237
8.6151
11.9955
10.034
13.9836
6.73507
4.33634
9.85518
8.34336
10.2352
10.1618
4.51871
9.15794
14.2646
11.8188
14.5498
10.4809
14.3906
13.3152
10.2235
7.6073
10.8647
14.6523
10.1044
7.31115
10.7113
12.9865
13.2431
13.5001
5.37638
13.9581
12.9719
11.6788
12.7426
8.46197
9.68106
7.15279
10.33
14.2099
9.36399
13.1355
5.16023
12.9762
8.6573
7.06534
10.9358
13.3706
14.4994
5.42077
9.07204
11.0436
14.855
14.9672
12.0765
10.6548
9.39876
14.6117
8.41444
13.3561
13.8241
9.16347
11.1914
12.0331
11.4934
7.14375
9.44728
13.714
9.8637
13.9595
9.99483
12.5178
12.4744
14.6924
10.4938
14.8466
11.4315
10.9606
12.2061
14.3934
11.3337
13.1255
11.3951
14.9239
14.3719
13.3727
12.4645
9.56779
14.3156
10.6832
13.5951
11.2549
12.0225
11.7322
11.4175
13.6577
9.52566
12.4643
9.12505
9.83163
11.8771
10.5383
9.52988
12.507
10.4828
11.6147
13.2431
6.71206
10.4621
8.89356
11.2845
11.466
7.75514
9.81396
5.83278
10.5824
13.8998
11.8669
9.47781
13.9426
11.9244
6.05248
10.4943
12.5355
14.4013
8.95638
9.53865
8.10865
11.0389
5.5974
13.4892
12.3263
11.4256
11.3751
14.0243
9.1418
6.22279
11.1259
11.2091
9.92817
14.9764
12.3828
9.76536
13.5082
8.43843
13.5726
13.5539
12.1443
12.0089
10.5
10.5824
9.67062
12.3186
8.91587
11.5857
14.9643
5.92824
12.8619
9.05653
13.107
7.86427
11.3409
10.4159
11.7502
11.3986
11.457
12.3867
13.0321
14.3758
11.7446
11.4121
14.7884
9.1069
13.548
9.64877
12.5775
11.3416
14.1501
13.461
13.583
12.6142
9.74884
6.37182
9.31964
7.67422
13.607
12.9057
11.266
3.99383
11.0971
9.38243
13.2166
12.8153
9.82736
10.0374
5.51198
10.2851
7.75633
11.2906
13.9022
9.1713
13.1883
13.3807
7.86474
14.968
5.58033
9.65203
9.74499
14.8127
13.6415
9.38862
11.9828
12.235
6.48683
11.6138
14.7093
11.5567
12.9719
8.42213
5.83009
8.48513
10.8822
13.5735
13.0223
14.5996
13.3899
12.6307
13.5694
5.33556
11.9188
12.1381
9.14842
9.75233
11.219
11.3146
13.5349
13.9276
12.9896
13.983
10.0672
14.8221
7.36642
14.9271
8.32968
9.87341
10.7252
13.0763
8.70497
13.6956
13.6973
7.29956
12.3553
11.5682
10.4286
10.0185
10.263
13.3529
13.0115
12.1495
11.5852
12.4487
13.8494
14.7164
11.8753
7.08925
13.6523
6.88985
5.7807
6.39364
7.64541
11.1974
12.1936
14.4823
11.2007
11.8334
10.3521
14.2293
10.6066
14.8668
11.8729
9.75386
13.0281
14
8.56964
9.57104
14.6393
11.5731
5.33161
14.4374
11.4968
10.0638
7.35517
14.6397
13.6814
7.03982
6.5832
9.83211
4.79221
7.78067
12.8916
8.69034
14.4121
6.36871
12.0747
13.1595
13.8624
13.0662
12.535
10.1623
9.7364
8.12744
11.2461
12.1552
11.7526
13.742
13.1852
10.0648
8.99779
10.6926
8.28845
14.6474
10.5456
10.5839
14.9647
12.1416
10.4211
14.6122
8.60557
8.51863
14.2325
13.9428
11.3323
8.5346
13.4606
12.7423
10.6098
11.1977
6.24283
10.3405
12.5345
12.5123
13.4179
13.2681
13.3175
11.9077
9.53802
10.576
6.75201
12.6254
11.8662
13.6931
7.24024
10.8801
8.13539
9.37142
11.3541
8.2936
13.1321
14.1298
13.4049
11.2066
12.6755
10.8441
6.26703
13.1856
5.85681
13.8454
9.62595
13.7242
8.7546
11.8505
14.0572
11.7662
11.1939
13.6244
11.0378
11.4635
14.0402
9.36732
11.4753
5.77661
10.3504
9.99735
13.2379
8.44349
13.4976
13.7209
6.76165
7.00767
12.5909
12.5647
12.8294
9.07297
10.4644
7.1403
6.70503
8.47469
14.6983
11.8035
9.91385
12.5785
13.9323
7.35943
12.7389
10.669
11.8098
11.7595
11.0758
10.338
14.4949
10.8707
12.7885
6.00124
14.3166
11.0926
14.6536
10.0964
10.6604
7.38469
7.16292
9.0468
10.7172
14.6173
5.84045
5.78574
6.16347
5.85648
12.9921
8.48466
13.8231
9.46243
5.96415
14.7826
13.1667
5.93059
14.7258
13.2402
11.6235
12.8679
9.82886
7.01503
10.8909
12.6362
10.7794
10.0503
14.3364
10.8426
8.75217
13.6236
9.41752
10.3512
10.2785
14.08
14.8734
12.2647
6.62894
6.34949
11.5777
9.16855
10.7776
14.1507
12.8833
12.6171
10.5689
13.8209
10.4152
10.8991
9.9832
13.7681
10.5416
9.93013
11.5829
9.9424
7.83446
7.86973
5.02089
11.8821
14.0513
13.6564
5.24414
6.3361
9.96515
10.2024
10.7101
14.3405
14.266
10.8106
10.878
12.5457
11.2886
12.2353
6.07835
12.2011
6.53662
14.9745
13.2055
7.02292
5.82016
14.9097
14.6451
8.77705
14.1851
12.8365
8.34587
7.49913
11.2381
10.7522
10.6065
12.2563
8.46141
5.22993
13.0543
4.72121
12.8845
11.0348
14.7964
12.3174
14.2616
11.7473
6.34087
12.6803
13.4586
10.0116
13.8077
13.6118
13.7188
12.385
10.0886
14.9175
11.9516
9.07553
11.5628
9.37051
9.26576
14.1003
13.5624
14.8372
8.19824
14.2273
10.958
12.8627
10.0463
13.6126
6.11275
10.5586
7.50643
9.17078
10.8044
9.34412
8.98741
10.3011
11.3583
9.13358
14.1904
11.6065
13.5211
14.7224
8.63466
13.6598
10.2626
8.79492
6.99798
5.60808
12.9075
10.0801
12.2441
13.2323
10.3234
14.8011
14.8669
8.08103
12.3088
6.05148
8.71502
11.8673
12.2586
8.36682
10.495
10.7616
6.29688
14.5703
9.6946
13.8318
7.64053
11.3894
10.3721
10.2615
12.3559
8.89588
4.92251
12.6685
12.6335
13.0567
11.511
12.8098
14.6907
13.4493
12.0444
11.3379
7.04361
8.8434
13.8839
14.3531
12.7134
10.9956
11.5593
13.0254
9.91908
9.54931
13.2394
6.33572
9.42339
10.047
11.725
12.4358
11.824
13.9618
14.1191
14.8386
13.2691
14.2242
10.7638
14.3544
5.78606
8.70825
12.0946
9.18754
6.45039
9.81232
13.8432
12.2982
12.8726
8.54425
6.59262
12.1319
14.8361
14.4336
10.7986
9.97961
9.0239
14.7054
14.1389
10.8299
8.82643
13.3068
10.2257
12.8046
14.7496
13.5981
10.0185
11.7253
11.185
11.9103
14.7846
14.1792
12.336
11.4348
10.5285
9.93816
5.77063
10.9465
12.6113
14.9103
10.9997
9.93239
7.7335
8.785
11.8823
14.6342
11.2746
5.91262
8.32348
9.48776
9.61785
13.594
12.5137
12.3107
13.8003
14.7175
11.4047
12.4343
11.5712
10.0148
13.2536
12.8684
5.58399
13.9661
14.4696
11.6684
5.71754
9.53903
9.81579
9.45717
11.5881
14.6403
14.6965
12.3141
6.43797
14.5148
14.3137
6.05291
8.28758
5.63406
5.83131
13.1804
14.0905
14.6226
13.5537
14.0937
10.4796
5.96335
10.8867
7.41015
13.7999
8.89218
7.04909
9.06452
12.6388
9.58968
13.8384
7.15756
14.954
12.4439
9.05466
14.3424
12.43
14.4065
5.40022
12.042
8.1328
12.8909
10.676
6.08641
7.88043
13.0983
11.6252
10.609
11.0821
9.69707
14.5906
11.6193
14.6966
6.36487
14.2093
10.3704
7.53468
13.5607
12.6105
10.8768
10.3872
12.2703
14.7906
12.4143
10.4178
14.1453
6.74177
9.68428
12.7973
9.34534
9.55463
13.2784
14.9958
10.3801
10.575
6.70957
10.6327
14.0345
13.0895
13.3462
12.9632
7.43339
9.93881
9.49478
8.31308
14.7692
7.12787
10.5544
8.17269
14.2497
9.10598
7.06336
10.4248
6.20529
8.42278
14.0913
10.3464
8.22144
6.51944
5.63364
14.08
14.5692
10.1302
6.24141
5.98099
11.7052
8.91039
11.7564
11.8655
7.7143
5.92
11.8332
13.8089
5.2203
10.441
13.3107
6.11269
13.5257
14.3468
13.4404
10.4355
12.4823
8.46449
14.384
6.32021
6.99213
11.7071
9.32677
13.0563
8.90404
10.0394
6.1392
12.4039
13.9312
14.9197
6.47172
10.1545
10.3665
10.4919
14.1802
10.9304
13.6358
14.4088
11.1877
12.4994
9.04276
9.23748
14.7799
13.9906
11.0098
7.75451
14.0153
11.8692
10.2331
12.5231
10.3582
8.34684
14.8113
13.7106
9.20088
12.3549
13.8691
13.5156
10.7633
13.7809
14.3495
11.5487
6.02865
13.5268
11.5831
10.7228
14.8984
13.0896
14.7758
14.0959
12.8364
11.4342
13.8482
14.736
5.96912
11.596
9.71959
9.61853
12.7
13.5199
14.06
10.9447
9.80311
7.99936
14.589
14.7943
5.80667
5.98208
8.98898
12.1104
12.4813
12.6003
10.012
14.428
13.2231
8.66785
9.47815
11.9939
9.71593
7.87229
10.8961
13.9556
12.0836
12.982
7.06333
11.6448
12.7821
13.4205
9.25493
5.51773
12.0716
11.872
11.9753
8.26722
14.7779
11.5012
13.496
14.0634
12.7049
14.9512
12.8385
8.43947
11.7983
7.25285
12.8168
12.0983
11.1478
13.7013
11.5733
12.9379
8.27798
10.7333
12.0789
5.47884
14.3864
9.87418
13.2137
12.8384
8.51859
13.4286
14.1762
10.6838
9.21249
10.3896
12.7517
13.166
9.796
8.33847
11.0728
7.46465
12.0474
14.4057
13.3053
13.5426
6.73512
13.5975
9.07986
12.3183
11.9923
6.18069
8.91029
5.11666
9.63372
7.88708
12.3374
9.85324
14.4266
14.537
10.5885
14.8301
10.9305
12.39
9.75479
9.69292
12.3812
13.1902
11.6911
14.2033
12.7139
6.04262
11.6902
11.8653
13.0693
13.2982
11.7213
6.46186
8.70563
14.2364
10.103
14.1513
14.2438
11.108
7.80028
8.34381
4.01132
9.5205
5.95275
11.2884
13.1533
13.5448
11.6586
13.5747
9.43254
10.2187
6.43708
11.5852
14.0831
11.3643
11.6492
8.45441
7.10157
10.4299
8.83154
10.2378
13.1962
11.0804
9.74735
14.6692
4.3047
13.1817
8.0583
9.17347
7.10649
10.7957
13.591
8.91539
12.9528
13.9198
13.0764
14.0053
11.3882
13.6397
12.0507
8.4375
13.3232
12.232
10.4427
12.3421
10.2588
13.9571
12.5679
12.463
10.0053
13.4427
10.5053
9.76716
4.2887
10.9444
5.552
11.2785
12.7695
10.4591
13.8141
10.5331
8.59532
12.5421
10.3469
13.3586
13.9699
9.55394
13.5115
12.4182
13.38
13.4506
12.1855
9.9586
8.12121
5.69065
11.5413
14.8322
13.6375
10.0518
12.5226
12.9003
9.54478
6.63758
4.34494
10.6127
4.86458
9.13467
14.6048
8.52307
6.41607
12.6473
10.9753
13.2001
8.28912
11.3365
14.1184
12.0805
10.4211
9.98978
10.0444
12.713
11.6048
11.1137
14.9122
10.2627
9.6124
5.02459
14.8704
9.01129
13.7391
8.08413
10.3404
4.66167
12.1486
14.3417
6.17057
12.804
12.3689
14.5043
7.71415
8.91181
11.536
11.221
13.2715
8.5449
12.5889
8.01194
5.95279
10.3739
6.33404
9.81321
13.7737
4.88706
11.2828
14.0772
11.5316
11.5796
9.92163
11.2025
10.395
13.1944
13.678
7.60623
12.0971
10.0208
13.0142
9.13503
11.1024
13.4712
13.3994
11.6761
12.9089
8.62571
11.2034
10.9001
11.9292
14.414
12.6472
13.4247
5.75582
12.1229
7.86899
14.9946
9.96516
10.1629
9.86197
10.5501
6.97642
9.54499
11.2401
8.8216
10.9774
10.1685
8.91598
10.9793
11.5072
13.8044
9.74383
8.98536
10.2008
13.4149
6.12584
14.5886
14.7601
10.5901
10.3878
12.0706
10.8401
13.2499
12.3672
12.7804
7.54368
6.94226
14.7564
12.6064
12.9754
12.2085
12.7911
12.3262
9.30112
11.0436
8.43278
14.5581
10.6369
13.3118
5.96783
9.23685
13.1831
13.2489
10.8564
10.9774
6.05567
7.41863
13.0502
12.0896
9.79829
10.2513
5.64949
10.6805
11.8314
14.1573
11.0897
11.8993
14.6176
7.55264
11.9184
7.61133
10.9072
7.13495
11.1613
10.5171
9.55977
12.0847
6.97566
12.6728
11.3556
9.23956
12.544
11.1375
9.6345
13.7358
9.01448
12.8323
10.0795
7.71517
6.94451
9.88904
7.6049
14.4801
9.30413
9.51221
6.17182
9.71124
6.50923
8.007
10.9365
11.3254
7.24463
6.22452
5.2315
14.7926
5.75659
10.4245
9.8985
9.36632
10.3805
9.96375
13.3251
10.8682
14.1845
12.0374
11.9243
6.23769
9.48677
9.58244
13.7218
9.71613
13.5984
4.38108
11.4261
13.928
11.8846
11.4781
11.9165
14.1767
10.6817
9.64038
12.5943
14.1357
13.3298
11.5622
13.9452
12.3246
13.867
13.5979
13.5946
11.9199
12.0784
11.4823
12.8503
12.2367
5.10225
9.75114
6.3601
10.1156
10.2467
12.2749
9.10742
13.6426
12.6747
13.9892
11.9741
4.98483
14.4103
14.6472
12.2767
6.20741
11.6637
13.4571
12.8987
10.7753
9.91081
13.3432
14.4509
9.655
10.3448
7.66977
12.4451
10.1188
11.2414
13.7053
13.4641
8.97727
12.5407
5.85705
9.16831
9.4299
11.7539
10.8741
14.4916
12.5517
9.88489
4.85452
14.9985
14.8661
13.4136
10.97
10.7833
14.9775
8.94439
10.1265
8.93592
9.8174
14.6379
14.8783
8.31434
10.9034
12.054
14.2492
12.4194
14.2127
12.8225
7.31303
12.4084
14.7483
6.10463
6.02964
12.7995
9.74016
5.07949
12.2091
11.3786
13.7811
13.6853
13.5539
12.4902
11.9403
5.66295
13.3172
11.0922
12.5046
7.29108
10.5357
6.91279
11.7805
11.0794
14.6045
13.8938
11.9379
8.66341
13.684
10.7163
13.0243
8.77681
10.8005
12.1287
11.5463
13.6326
14.2532
8.63117
10.1895
9.24394
10.3629
8.68703
7.09811
6.16957
10.1799
13.397
6.78111
13.316
10.9282
7.24567
10.1326
10.5673
12.1971
10.1373
13.5941
10.4438
13.2107
6.82203
12.2655
14.5346
10.1412
10.2584
11.3067
13.8351
6.38184
10.4458
13.1556
9.31616
6.72079
14.6894
13.698
10.6355
13.0537
6.80059
11.7713
14.8681
14.6268
7.65658
10.0761
9.18332
13.0889
13.1437
6.70088
10.1218
13.0538
10.2938
6.16015
13.0964
14.0692
9.1966
12.7685
6.49463
6.44092
5.68224
10.5379
12.3753
7.96517
12.2256
10.3024
12.926
5.56063
14.3845
9.88022
10.8558
13.7869
13.7901
10.3336
12.8952
13.4763
12.8829
12.6355
13.5235
11.4166
10.5456
10.5581
5.87665
13.9879
13.8923
10.2435
10.9695
6.56486
11.6073
10.0318
10.8671
6.6388
12.0854
13.8869
14.2848
11.7504
12.9993
12.9713
4.84096
8.05934
11.1298
12.6301
13.6091
8.79098
12.0901
14.703
12.5734
14.6188
13.1386
12.6641
7.59158
14.0771
12.987
10.1397
14.7681
14.1129
8.4302
9.98461
11.6791
12.6766
12.1782
12.6345
12.1463
10.7519
7.11802
14.3039
11.8001
11.4335
10.2794
14.1042
12.5035
6.82081
13.3711
13.1705
14.722
8.7753
14.9543
12.5948
8.20882
10.1221
10.0929
8.76655
14.1165
11.7208
13.0459
10.7043
13.8124
5.64321
13.4033
11.0938
10.203
10.6194
12.163
6.07229
8.60096
8.69476
13.3291
14.3002
10.8974
8.18222
10.8542
9.80154
7.05206
9.97351
5.18271
8.20941
13.2929
14.7168
10.2457
8.99022
11.9893
14.2067
9.93649
14.6436
14.8519
9.73819
7.84196
11.1879
12.8457
13.5791
14.6538
13.1589
5.5875
12.1951
14.0861
8.85681
14.775
12.9913
9.28788
10.7224
8.00415
14.5346
14.5424
6.96529
14.3225
13.4243
13.4169
5.22658
8.68333
10.713
12.6046
10.2775
14.9515
10.5985
7.10598
9.92897
10.4357
6.38132
14.3961
13.147
13.1684
6.67531
9.08619
10.3065
6.1625
9.06712
11.9345
10.384
12.2473
11.1661
10.131
12.5238
11.2701
11.1784
10.9439
12.4633
13.6229
10.1132
11.0602
10.437
13.0138
11.4764
9.90875
6.35112
8.21764
8.60329
8.82511
5.63205
8.77762
13.8408
12.2108
12.3007
12.0839
11.6193
11.9068
13.3047
11.634
10.5985
13.2331
14.6415
9.01737
13.1459
13.0985
9.97274
7.39758
9.75455
11.7899
12.5361
6.15974
12.1678
10.4605
8.5468
14.6869
8.62616
11.1495
9.3166
6.24969
6.75209
6.72802
13.0845
13.1275
10.8912
11.3282
10.1049
14.7229
11.5113
10.8879
5.40402
11.0465
14.3231
6.28638
8.28073
13.3144
13.6237
5.66092
12.3142
10.7135
12.9921
9.58034
12.9369
9.63875
8.61258
11.5506
7.21232
8.34708
10.7685
7.65944
9.41668
7.84486
12.2913
8.83359
8.71393
11.9399
11.6887
10.6552
13.3113
8.06344
14.071
8.51709
12.8294
11.831
10.7456
8.00602
9.90487
12.6252
5.99921
6.16513
8.33759
13.005
14.3404
14.5937
10.2622
10.1764
12.751
10.5672
6.8091
4.2235
12.3557
14.42
6.42519
6.39171
12.1449
14.4396
9.78209
8.60459
13.2245
12.472
9.88306
8.21858
14.0236
14.7705
13.8249
6.51909
10.8678
11.105
8.92646
13.5612
10.5929
4.28491
10.7659
14.1672
14.1971
12.6993
12.6775
14.1083
12.8926
12.3717
7.766
9.85824
13.5611
12.3735
13.4486
9.99104
8.03167
7.19894
5.86104
8.58192
9.5252
6.36476
8.75505
10.7428
6.12732
9.81656
10.3486
13.3233
5.80472
10.2301
9.62783
13.2721
7.79053
7.65774
11.0686
11.6856
11.2412
13.4357
14.2921
12.019
14.3862
10.4495
10.9498
13.1131
7.43594
9.76085
13.6733
12.2431
10.891
13.0356
12.9614
13.6159
12.6997
11.5217
14.3844
11.3416
8.96468
14.6302
10.3429
13.8235
12.7615
13.3157
13.264
4.45624
10.9461
13.5172
12.7489
5.37383
11.8838
10.4537
6.04962
9.72164
10.2782
12.7886
14.3601
10.6115
9.49217
13.6472
10.855
12.7747
13.8672
14.3722
11.1535
14.5402
14.5851
8.27128
11.2886
8.21778
8.37714
6.44688
10.4582
14.5752
10.6893
8.23238
8.37979
14.2678
11.0516
10.0388
12.7019
13.1403
11.3934
10.1961
6.37512
12.103
6.36378
13.8766
8.79428
10.7283
11.4433
10.4287
11.6338
9.97675
12.7883
11.1494
9.53164
11.2011
12.2353
5.87847
12.2785
13.6215
10.102
7.25744
10.9056
11.3279
13.4902
12.8671
10.6035
14.7711
10.1578
12.8635
5.8699
8.79122
6.4025
14.4319
7.49714
13.7136
11.6531
12.5057
10.7237
8.41335
13.9522
5.17261
7.91239
14.3612
11.969
11.2395
12.0949
7.67494
10.7967
13.5045
9.75931
5.1678
6.00578
12.6187
11.8711
9.28183
11.6519
7.76948
4.97552
6.13198
14.8275
14.1098
11.7176
14.6915
5.76532
6.1963
6.15545
11.597
10.031
12.8187
12.0156
14.1535
14.5996
8.45575
13.4667
10.9887
10.9153
10.4663
10.1985
10.5954
14.0219
6.76611
9.73624
10.9114
11.2919
9.19935
12.4917
12.6578
8.81639
9.41769
14.6334
6.69951
14.9721
12.7681
6.49581
13.6363
9.69866
11.7618
12.0926
13.4938
14.5018
14.198
10.0419
4.83487
9.82151
6.09741
10.6739
12.7894
5.41183
10.4876
13.6259
13.5243
9.83601
10.6318
12.4207
13.8457
11.6604
11.9755
12.4409
14.3158
9.80614
13.2392
8.4764
10.082
13.8778
9.51275
14.5795
7.9581
13.5553
11.7912
13.1551
14.0612
5.54065
12.3477
11.1858
7.73402
12.2539
10.092
12.8271
9.76569
9.98459
9.92804
5.70612
8.44933
5.25398
11.5717
8.53983
6.99002
11.5714
14.8782
11.4104
14.8575
6.54564
5.36158
12.9777
10.5062
10.6233
9.71461
7.84957
13.2973
8.32779
9.83285
4.73452
13.1225
9.12317
11.5104
14.8809
13.4028
14.6855
10.5584
9.12893
12.8085
5.48064
14.3076
11.6303
12.9124
6.15198
8.7464
9.92025
13.8559
10.3065
10.8777
8.02524
14.1994
11.2436
12.2394
11.1231
11.8357
10.0398
12.6162
9.74752
5.6573
6.10587
8.28786
8.78369
13.5083
14.9708
7.05721
10.3164
9.72059
11.3815
13.1435
6.02757
7.05805
9.48214
10.9635
10.665
12.5452
9.62508
10.9153
14.7785
10.9317
13.3806
6.18654
14.8631
13.4751
9.55794
11.3957
9.59629
12.6051
12.366
13.151
10.5929
10.4801
12.5276
12.6424
5.58191
9.22582
8.08323
14.5245
13.0567
14.2419
10.0995
13.9153
4.3606
14.7218
6.03537
12.9641
9.79993
12.5336
14.3202
11.9863
14.2107
14.2002
12.5474
11.6246
9.90031
13.162
9.92566
13.285
8.06185
6.20285
13.9748
11.4553
13.0398
11.0328
9.12353
5.84104
9.76283
12.6632
14.2463
10.7326
11.5405
7.80624
9.8729
13.5361
9.42401
8.5345
9.28526
6.06033
14.2308
5.40334
8.79418
11.377
13.5615
6.41789
11.0579
14.9238
9.43882
12.1879
11.9275
12.6532
10.8089
7.24496
7.73338
10.2564
9.98696
6.65126
7.06484
4.53261
10.9675
9.98641
11.2503
11.2232
12.4159
10.6289
10.7646
11.9135
9.97443
13.4528
12.4456
14.3155
14.318
13.607
13.1716
11.4517
10.2742
8.73416
7.43942
12.5185
10.8418
9.54395
14.6512
14.462
8.92862
11.9164
14.9764
10.8921
10.9477
13.5552
5.06695
5.90483
9.40273
8.29121
12.6293
12.2614
10.6456
7.69765
14.0046
14.4672
9.17926
12.234
13.9008
10.7669
10.4065
11.9646
9.4586
9.95755
12.9032
10.2905
14.3544
12.7712
8.68016
13.7378
12.7996
11.2463
12.0203
11.4916
12.4432
12.6662
14.6598
14.3722
12.226
10.3995
10.6575
13.3195
13.9104
10.6679
8.3161
9.13975
5.88111
5.06888
14.7499
5.43108
12.6286
10.699
10.9845
8.66431
10.3715
14.0445
14.4614
7.19291
14.1217
12.5682
11.3774
11.3135
6.00093
13.6274
8.44874
11.5545
9.01079
12.7842
6.54317
10.2988
13.3809
14.7848
12.0306
5.01884
11.0944
14.7081
9.11188
11.8072
11.916
13.5833
9.10836
13.0153
8.72663
6.61009
5.78396
10.8118
13.8699
12.3128
11.332
7.60356
14.2993
14.9066
13.0428
10.5019
11.5843
14.3312
10.511
11.735
14.6817
7.29369
5.56679
10.3834
6.89659
10.348
10.6593
14.4297
11.8889
11.5832
9.8652
6.28061
7.10129
13.1528
9.83022
11.4318
9.60784
6.51953
12.1484
14.7888
12.0213
13.2116
8.57802
14.0691
11.014
7.87264
6.02785
13.954
14.3527
10.6287
14.0381
7.48062
11.7913
10.8154
9.03204
8.34516
13.4802
14.6979
14.01
10.7284
11.857
10.0324
13.9696
11.595
11.8928
13.4156
13.4702
12.7452
5.98719
9.18986
12.4769
13.9865
12.0398
11.4801
11.3247
10.1329
8.58731
12.0812
12.3149
6.09894
12.4058
13.7206
12.7721
13.6432
10.5416
11.9471
11.6136
9.93012
14.3273
13.0522
12.4553
13.3796
4.70413
9.22291
10.1554
13.8121
12.0368
13.9864
11.7539
12.9147
8.49133
9.29994
8.60231
7.06075
6.32991
10.0477
6.21873
9.94866
10.6314
13.2523
11.9821
10.0925
14.799
14.6442
13.9259
12.0049
8.16482
12.3598
5.65908
9.44606
9.36331
8.61672
13.156
14.8499
11.9704
5.97324
6.73757
7.27812
9.83134
6.86761
6.27731
10.2788
9.7005
13.12
11.3347
12.3559
10.8012
13.8669
7.36834
13.5227
11.6265
12.4617
12.7195
13.978
8.97167
12.7794
13.2637
9.29916
12.6641
11.6248
10.8478
12.6494
14.5739
13.4287
13.3814
8.56164
9.37363
11.6835
9.68238
11.8784
6.63584
10.0956
12.8216
11.868
9.35345
13.6008
9.64325
14.7868
14.7513
11.6771
10.7015
14.9925
5.53216
6.20504
10.3702
9.68945
10.4294
13.8859
6.40595
9.86373
8.84761
11.013
11.4486
5.71973
14.7834
9.73798
13.1626
13.083
9.52222
12.5701
8.07258
10.9713
8.73358
12.6487
10.0162
13.8664
10.4386
5.84398
12.8042
10.2208
13.497
13.2474
8.23746
9.62056
10.0816
10.5559
13.7319
10.1268
13.0299
5.83517
12.3883
8.29883
10.0316
12.1187
14.7317
11.6275
10.6254
13.9806
13.7129
10.9144
9.50502
11.0062
12.0324
14.3436
6.14526
13.6191
9.36108
13.5554
10.7727
5.26962
14.1618
6.04059
9.63265
11.213
11.1361
6.95834
12.1929
13.2749
11.616
14.1503
13.8468
10.4846
10.1324
8.06955
13.4409
14.6923
12.9851
12.4723
10.0025
10.5019
11.9995
13.3105
12.5906
10.9151
12.2344
12.1365
9.59968
10.4309
14.0724
4.43408
13.269
8.32653
6.06475
10.0308
14.7641
12.1752
6.74474
14.7921
13.5711
14.1331
12.7569
11.9014
11.9208
12.2783
10.1758
10.2069
6.04063
6.1991
14.4848
10.5184
9.74343
10.4329
13.6294
8.57483
8.36813
10.1682
11.2855
10.7496
14.8015
12.8754
11.533
8.71221
13.9176
7.88015
6.92899
7.62701
14.4281
10.9454
13.1146
12.5363
7.47087
4.77237
14.4393
9.67744
14.419
11.296
13.9531
12.3539
10.9631
11.6526
14.9618
10.5586
14.1074
10.7341
12.1968
5.57229
10.1092
9.4164
12.4613
8.70974
8.91971
11.4564
13.4831
14.6794
14.6119
11.4996
9.69542
11.5109
8.57297
10.6785
14.3303
8.14585
13.7353
6.48653
10.9959
8.71149
10.7345
10.2087
10.7165
14.1999
14.082
12.7039
11.3332
14.6148
11.5402
13.7984
7.81292
12.5408
10.8501
11.3736
8.7929
13.8563
12.2081
13.7411
5.48059
12.0534
9.40472
8.98808
13.7259
11.6824
14.4492
12.1432
12.2852
14.8603
13.5883
10.6246
5.32378
7.48295
12.9486
8.02125
14.5363
13.1463
13.7075
5.88841
10.1066
10.4844
12.3696
13.3406
14.8769
11.3281
5.95439
13.8055
10.5959
13.1535
5.0665
8.28373
6.26097
13.2117
8.25335
12.1557
10.9952
12.453
13.1254
9.3307
9.23198
12.8614
11.2806
12.8199
12.3683
13.2577
13.1208
9.99695
13.6697
10.4484
10.9485
6.12455
13.8255
9.46738
11.5453
9.45912
10.2785
10.21
11.6342
13.37
14.7342
6.53467
5.64988
10.0481
14.4617
8.61411
13.7325
6.8323
11.8838
12.9176
13.5742
4.40142
6.37075
10.0014
10.0415
13.6279
14.4677
6.27316
6.28749
9.72508
9.06001
9.65262
14.1008
14.7385
11.1365
9.11909
9.19707
10.7333
7.35157
11.8018
11.5115
6.06344
14.033
13.0019
8.44438
13.3718
14.6257
12.0455
11.3932
13.4299
8.27002
10.0962
6.37337
7.42476
5.56729
12.2241
14.3388
6.79153
14.4098
10.7671
8.75004
11.8662
5.88678
14.9546
5.67076
13.6063
12.7827
7.01443
8.36882
11.4922
14.3575
13.3457
14.6935
12.9555
13.0487
12.2059
10.3072
11.831
11.792
5.1109
9.26319
8.38124
4.82752
14.7212
14.9486
10.7842
8.76823
10.4654
10.3507
9.2452
9.78041
12.249
12.5875
13.7115
11.6484
12.1557
13.6784
14.3007
8.57855
6.34881
11.3456
6.9255
6.04257
14.886
10.2443
14.5538
6.14211
14.5731
10.1966
11.3734
6.02278
12.1984
12.8968
10.4657
8.47496
7.38794
11.8617
9.10404
13.663
8.39408
10.6693
13.3667
11.2725
12.6502
10.5956
10.5217
12.2859
7.04304
14.7267
7.9693
14.5096
13.0047
12.2881
12.1533
11.5903
9.5141
12.3125
13.1759
10.6136
13.932
13.3731
14.8261
9.68686
12.4752
13.2521
14.2735
11.2707
13.9664
5.70903
11.7957
13.7832
9.3899
9.57434
6.19463
12.8786
14.4257
12.0796
14.3728
14.6197
11.9332
14.7993
9.88872
13.3624
6.5141
14.9991
14.1333
11.814
14.2921
13.2928
9.1274
9.84486
14.9165
14.8219
12.5829
11.6649
12.1165
12.1729
12.1959
11.029
9.32168
12.726
13.7919
6.58443
11.8583
8.94458
9.7474
7.3446
13.0094
11.0945
12.0792
13.1333
13.6934
10.4971
13.8684
9.7191
11.178
14.0312
9.53143
5.47875
8.11311
14.1122
12.2082
14.953
12.4433
11.8266
11.912
13.3558
14.4971
13.2443
6.46325
12.0575
14.1363
11.8136
13.6734
11.5013
13.6552
11.5365
10.5498
12.8539
14.0402
11.6645
13.7063
13.5567
12.4866
13.0283
13.2139
9.91487
8.80525
10.388
7.00673
7.78989
14.9797
9.81551
10.3698
10.5386
6.24786
6.09314
10.122
10.05
8.77791
11.9049
8.65988
11.3648
11.1284
14.0434
6.36386
11.4433
13.1869
14.9545
14.9371
8.90033
14.1668
12.0654
9.7324
13.9742
14.4821
9.80554
13.0612
12.2042
5.37585
9.34468
6.98394
11.8363
14.2465
12.5961
9.79015
12.1617
10.435
8.73409
12.3375
9.86534
6.24868
9.60883
9.8597
13.1538
11.3127
6.38036
9.57834
11.0113
10.5955
5.71679
13.5982
11.1307
6.714
14.1024
9.7251
6.09072
7.02262
12.7554
13.189
8.5742
12.0243
13.1549
12.0523
6.16114
11.8203
9.26945
11.6942
13.8128
14.8703
10.4913
12.4013
11.5907
13.3965
6.69369
12.3067
11.3976
12.3513
10.9792
13.991
14.2701
14.8698
7.13876
13.8056
8.59528
6.25677
13.9004
13.4006
13.7969
11.2999
11.9725
10.4309
13.1819
11.9462
8.10441
7.33565
10.7857
14.9963
13.1662
13.5951
5.68678
5.62166
13.1605
12.224
10.7869
13.1114
14.5668
7.28561
4.77501
13.1391
7.68039
8.97653
12.1374
14.722
13.9692
12.1664
13.0966
14.8846
9.93843
12.4768
12.4298
11.5853
9.05438
11.9774
12.5916
8.85842
10.9308
12.3129
6.17734
8.7413
14.3816
9.70111
9.89833
5.79901
9.92699
9.25333
9.78593
14.7264
12.9563
11.9494
13.3917
14.2435
12.2241
12.5407
6.67441
6.34938
11.4319
5.17838
11.5902
13.2803
14.6343
8.9886
10.533
10.587
12.7326
14.8574
5.63388
14.0503
10.5585
12.9813
8.64905
8.73995
13.4939
11.1408
13.02
14.2051
14.3263
14.631
11.3763
5.04461
14.0244
11.2905
7.08607
13.062
11.7113
10.6089
8.97259
12.924
13.4582
8.97591
12.8021
9.83247
14.7891
13.0762
8.63832
13.3649
14.1335
14.6063
11.7543
5.58316
13.9132
11.4273
14.7851
13.1651
10.8427
14.4411
9.06798
12.8823
11.1297
12.8552
11.9954
12.5831
12.07
9.64342
10.0848
10.9524
11.7514
5.11935
11.5633
12.3089
14.288
13.9476
11.4885
11.7108
12.0962
10.8504
11.6316
12.8003
14.8917
13.9526
8.38574
10.0765
11.3007
7.60428
8.27467
10.28
14.3977
10.8792
10.3136
9.4501
11.0686
9.4475
9.29134
10.5297
13.2701
11.3753
13.3754
5.74365
10.546
9.12103
7.86693
11.8786
14.1921
13.6212
10.577
12.9067
14.506
6.71783
10.4174
8.84265
14.284
12.3494
9.96352
5.81147
12.9744
8.93107
14.2147
5.99817
10.0663
14.9829
10.3649
6.35238
14.8101
10.1266
5.69003
12.0088
9.74022
13.4427
12.5971
9.17729
4.66164
14.5063
13.147
6.86064
6.32589
9.48151
10.5986
14.169
8.81501
13.7457
12.2898
10.0891
9.50616
11.5929
13.361
10.8518
10.0649
14.2463
13.2231
8.48326
10.9531
9.64027
10.3888
7.80057
12.7906
9.83728
13.9491
8.41475
10.1055
12.6961
10.745
11.3634
9.9852
6.5898
13.7315
9.09182
9.81993
9.04635
9.40855
10.6432
13.1938
14.3844
11.3801
14.9476
11.8227
12.7426
12.0552
14.8623
11.6788
10.0511
8.52826
10.5656
11.6034
10.8112
14.6561
14.9698
11.936
13.8664
7.88598
7.99248
11.5616
8.40285
14.9601
13.3008
11.4317
11.2104
5.66188
14.1848
14.9459
10.0218
12.9918
12.2221
10.521
13.16
13.4287
9.81463
13.1127
14.5109
13.2972
5.42486
13.8606
8.75444
10.7038
9.89804
11.5195
14.8588
13.1028
8.62273
5.80721
5.62133
11.6318
12.4515
4.57382
9.43637
12.4793
13.5989
12.0796
14.8789
6.4063
13.7987
12.3716
6.19011
14.1836
8.3668
10.195
14.6166
12.3789
13.7529
12.4756
12.1922
11.0441
14.5389
12.1386
5.95477
8.71118
6.96431
8.39321
14.3187
8.3188
11.6069
13.8591
10.437
9.31153
12.2894
12.4096
9.32537
11.4168
9.30992
10.7439
13.3027
7.9173
12.0295
11.9206
14.8662
10.201
12.9971
13.6946
9.19266
13.0093
11.0789
10.4079
10.3262
13.7491
14.3537
5.30842
4.74359
13.6233
10.9066
11.8683
5.11767
12.7749
13.4742
4.41781
13.2365
7.26168
10.4493
14.9637
13.6604
9.68489
6.32954
12.0176
13.1538
9.85569
10.712
12.5813
9.90111
13.5668
5.71627
10.0579
9.39102
10.4465
12.3152
11.2576
14.5422
12.1345
14.9868
4.48469
11.8892
8.96362
13.3679
13.1086
10.818
5.56149
5.65449
6.45309
12.9428
9.69955
5.90079
8.8621
14.5469
12.8454
14.7443
12.1961
7.86981
13.8404
14.5371
8.9506
10.627
12.8463
13.026
13.3876
14.924
8.42712
13.6914
10.3289
13.0993
13.8534
12.439
14.8679
12.1478
10.7677
13.7691
9.36985
13.1531
10.068
11.1932
11.9152
12.0923
11.95
8.19591
5.5039
13.023
10.5509
13.8939
13.3409
12.4431
10.5581
6.14506
8.19803
14.2673
13.2418
14.5157
5.82045
11.6391
11.9257
9.86578
11.7131
13.3341
10.0497
10.2162
10.5173
6.54241
14.0367
11.3956
14.54
14.7901
13.3722
13.1086
8.52969
14.547
11.2869
14.5199
14.7858
13.523
13.2085
8.71993
4.45161
9.82504
14.7898
11.962
12.3469
6.35343
11.8176
6.12448
14.0896
4.93163
9.38421
13.7546
6.46132
14.4948
7.65557
13.8658
7.79792
6.61046
12.6548
8.80056
13.1889
12.8381
14.7376
10.0176
11.1393
12.7818
4.11403
9.89314
12.3529
14.1506
10.6797
14.8931
13.016
8.21268
9.0313
10.8343
14.7608
12.7519
6.27178
8.37869
14.2282
14.3209
13.6623
10.7925
10.5024
10.3859
14.4991
7.03222
9.04401
14.1787
14.1204
12.9359
9.44446
9.81701
10.6862
14.1656
14.5749
11.5718
11.9845
6.7957
8.41873
14.7279
14.6984
7.60418
9.84073
6.33991
14.3842
12.5016
10.3566
11.7296
11.7639
12.5637
9.79906
4.99025
4.99685
13.328
5.39261
14.9894
14.4588
13.7375
14.6614
8.7075
11.6913
5.25751
14.6983
11.6035
13.4389
11.9479
8.73259
5.06971
5.28289
6.6185
14.7563
8.8129
10.0666
13.0888
13.5416
7.89609
7.56857
12.4815
14.35
14.4032
7.79963
11.3325
9.69003
7.82162
14.822
14.7864
8.61296
13.0079
10.0713
11.2934
10.425
12.748
9.50829
12.0397
12.3539
10.3528
7.72
10.1609
10.6746
6.45786
10.2636
6.25692
11.8018
6.90238
10.4291
5.99045
11.1779
14.9201
6.19022
8.80455
7.53864
8.49314
14.5814
13.1964
12.336
14.1099
10.1766
13.3931
13.5047
12.6425
9.66459
8.41139
10.994
11.268
5.92679
10.6424
6.05115
12.5796
8.06812
6.04383
12.9739
14.3723
10.3822
10.6938
7.55523
12.2943
10.8
10.0366
13.0028
10.3886
8.29666
5.80997
11.6482
12.5555
10.7343
10.7787
14.4016
9.92775
7.96626
13.6113
13.8046
9.93691
13.2355
12.5534
8.4988
6.69995
10.0826
12.8761
12.7071
12.1435
8.76005
12.8825
12.6212
10.3672
9.8094
5.96402
9.77113
14.3038
8.7643
13.6504
14.2802
8.78763
13.9946
12.8005
11.7201
12.7271
5.62679
9.96053
6.20741
9.5914
8.57606
11.0575
13.7488
11.4903
10.4916
8.59037
12.1725
12.0837
9.18172
14.2293
9.9042
8.4952
11.8606
5.8349
13.7948
5.31827
13.4033
12.5106
7.76624
9.59148
14.712
14.7688
13.8844
10.8159
11.6793
12.6514
11.0684
13.7204
6.47893
13.2909
14.3922
9.66697
11.5837
12.4953
10.7547
10.0358
12.1355
14.0225
5.80956
14.4899
12.4075
14.4233
8.78415
12.2833
14.0817
12.9962
11.5648
7.7884
10.0823
14.5699
11.2666
5.25002
6.58031
11.2863
8.86365
11.8006
13.9314
12.0342
9.07924
11.4303
12.6346
8.50914
13.5959
5.63975
10.205
5.01513
7.90755
11.5615
14.3911
9.85144
10.2729
8.69883
9.88062
11.2573
14.6721
5.60677
12.0524
14.5882
9.48051
7.34179
13.4327
12.0793
5.98152
12.472
6.33801
12.5534
12.9845
6.59036
14.3527
13.0427
9.42499
10.5615
9.94705
6.083
13.8794
13.6422
11.4296
12.241
14.2928
14.4038
11.5456
6.66046
12.5594
11.8456
7.67366
13.137
5.77254
10.3432
6.40529
5.6669
9.91748
13.0699
6.1658
10.688
14.1921
14.868
9.30447
9.79634
12.231
10.4717
9.1518
9.73266
13.816
14.0463
12.3532
11.6527
11.1627
10.4362
8.2476
12.6694
6.08503
10.27
11.5106
13.8442
11.3839
12.8936
8.49163
12.2355
6.64455
8.33238
10.5534
13.4849
6.17776
5.63742
11.2175
12.5538
10.8715
13.2489
13.1872
13.6865
8.66002
12.0808
12.3735
11.8638
12.8053
8.71319
14.2147
6.25676
11.263
5.52704
10.4754
10.5787
10.6086
9.96988
13.062
12.7495
10.5479
9.91232
12.7648
9.32569
9.48868
12.1457
12.656
10.0265
5.43301
12.7067
11.0496
8.97699
12.4977
6.63315
9.52281
11.3451
7.11856
12.9492
8.68427
10.8433
10.785
8.34068
9.84061
9.52584
9.27531
11.6783
8.04092
10.8572
5.84718
10.211
12.0242
12.2358
10.7525
14.6904
8.53381
14.2284
14.3888
11.3716
10.9869
9.44278
12.0358
7.17161
8.63656
6.28132
14.2529
8.09412
13.0834
5.46736
8.56162
13.271
6.13046
10.6461
7.45974
12.5252
6.29892
12.1129
12.7523
11.793
10.4475
11.2938
5.5715
8.82936
12.2997
9.71219
12.4224
10.0795
6.13964
13.0153
14.5932
11.2368
11.4907
10.572
11.1981
14.7772
5.65089
10.7858
10.6975
13.7568
13.064
14.9102
13.8543
12.2566
11.9903
14.3878
7.83841
12.0583
11.1607
14.8752
14.5885
14.9307
14.7113
12.4202
12.887
10.614
11.978
10.709
10.7045
10.214
8.47408
6.06876
13.4011
8.74069
14.6364
12.438
14.9474
14.789
8.34613
7.89823
14.193
9.81331
11.5269
13.9482
12.0837
10.7826
13.2676
10.9427
6.1242
5.39092
6.39955
12.048
11.3514
10.1486
9.27202
9.86037
14.6991
13.7074
14.2659
10.4905
10.3453
10.8183
8.30206
7.00646
4.78203
7.6988
11.9583
11.878
14.7964
14.9328
10.1971
6.51332
10.5682
14.128
9.94502
7.833
14.4983
13.9517
12.0394
10.8773
11.8697
13.0026
8.80965
8.70665
8.29666
10.7924
13.3685
6.57916
13.4317
8.4049
7.67919
5.507
6.65888
13.2466
5.70887
9.90295
13.8099
14.4655
12.8754
13.0836
10.5631
8.63587
13.3379
13.9088
7.82071
14.3932
11.2018
6.3431
10.3264
6.15749
10.1897
7.32117
9.27876
14.1194
11.8356
13.7882
4.96367
11.7096
12.2352
10.9493
13.4502
10.4146
8.58019
13.5021
13.0734
13.6916
11.8702
12.2741
14.1845
6.95365
10.4593
13.5883
10.0024
13.8701
11.3167
9.87518
14.3139
11.5552
4.93768
6.16973
14.2159
9.18396
11.2193
9.72762
9.95577
9.23851
12.5745
13.1977
9.49792
8.99896
12.9378
12.5317
5.18766
14.2309
14.859
10.363
12.3016
12.1038
6.31605
9.97605
9.97972
9.30882
11.2736
4.69853
7.61801
9.15734
4.60733
9.59541
9.79449
11.5678
9.26397
13.6671
11.7903
9.86046
10.5099
8.70009
9.23686
10.7961
5.84629
12.0527
9.76713
14.1772
9.55409
14.9625
6.70395
11.5831
8.63056
13.3996
11.5788
14.5744
12.6667
14.0109
10.5274
14.2958
10.0449
10.3696
10.3588
14.8209
10.3123
6.44355
12.5258
11.0476
11.952
13.4474
14.5028
8.55128
10.2722
13.3742
12.5083
9.91201
8.28236
13.0008
13.1268
9.88745
14.4003
4.87557
10.8684
12.8643
13.5054
9.96719
10.8125
8.27595
13.3576
13.6535
5.62116
6.31849
10.3596
11.3484
13.9816
13.2005
11.4817
14.0906
9.52824
13.1957
10.4582
8.42271
6.98523
4.76593
14.982
13.1901
11.66
9.35918
14.3529
7.85322
8.76846
7.87703
11.3419
9.8283
13.0444
14.5466
12.5576
10.4142
7.19091
9.19082
11.2501
12.3303
12.7368
13.9547
9.97221
5.96981
12.0736
13.6957
8.7631
5.89407
7.40043
8.87553
8.63267
10.174
6.56626
11.8969
13.8623
12.7
12.7112
11.1454
10.8925
7.07553
9.52404
10.8018
14.5451
12.0703
13.8443
13.5865
12.4489
6.23827
6.25161
14.1782
9.86411
12.5085
10.1407
4.73397
6.09772
7.84667
10.6572
13.6692
11.1867
12.6232
14.4115
13.3872
5.95515
9.68242
10.3164
10.5626
11.4553
9.06321
14.3887
12.1763
14.6135
11.9814
14.0593
11.6781
14.9215
7.99822
13.3434
10.4765
5.86346
10.8975
11.2273
10.6438
5.60932
5.6034
6.9406
9.63996
13.9572
10.8744
11.365
11.0215
13.7206
8.6466
5.57807
8.08293
10.7931
14.2641
14.3354
12.1492
14.6387
14.2877
9.51842
10.4959
14.7343
11.4057
13.2798
10.3638
10.6295
13.9992
14.2393
12.2233
8.65929
10.0676
10.0197
11.9413
8.38572
10.9574
11.4267
14.612
12.5575
8.38068
11.2492
10.6163
9.66938
9.77985
10.7526
11.8893
11.8088
10.7574
10.4573
14.4834
12.9793
14.3335
9.95489
13.938
13.2384
4.95531
6.84547
14.9846
10.8307
12.6242
12.13
9.88058
11.8644
14.5801
11.2901
7.96521
5.15555
12.0355
14.1514
14.9234
13.2806
14.2149
10.4021
11.0253
14.9939
14.6156
10.1266
10.0805
12.4272
13.064
14.5574
7.01993
10.0114
6.60155
14.2414
13.0175
9.2472
13.5456
6.98011
10.9678
11.0677
11.2654
10.1001
10.2223
6.01464
11.5971
8.49839
12.0737
9.627
10.1688
12.6803
12.4157
10.3867
10.4635
9.92868
10.5344
14.9573
12.9328
6.62772
9.41428
10.6438
10.3233
4.91417
6.03598
4.79506
10.5434
12.8303
14.4911
9.76054
5.54463
9.7101
9.15821
13.2536
9.02443
11.7956
9.29829
11.2207
8.79474
6.836
12.1658
14.4117
14.7746
12.9929
14.7892
9.68563
13.1361
13.7939
12.6599
10.3076
6.0416
8.87891
10.9782
12.2636
12.0484
10.7887
10.0409
9.53284
14.5607
12.5027
10.6386
8.61624
8.70484
14.0112
13.4786
10.0129
12.8891
11.8721
12.1134
11.9809
14.4796
13.5823
5.65761
11.0229
11.5767
8.96763
9.73001
12.7982
13.3165
13.9783
14.3856
11.5639
10.206
12.8968
11.7961
11.8854
11.7139
14.5302
12.9216
6.56859
11.6216
12.4666
11.377
12.0197
13.8532
14.2049
10.4332
12.6273
11.3242
7.41879
8.43891
11.1107
10.5168
9.39374
13.4436
12.7321
10.9471
13.1913
11.108
14.1313
10.6662
11.4057
10.7317
8.68432
13.7636
13.5248
8.60826
8.91596
13.3418
13.6321
9.69988
4.47615
8.76652
14.6862
13.1145
10.3031
6.90218
14.7988
6.72517
6.81486
6.58384
11.5454
14.9799
10.0163
12.7452
12.1384
13.9452
14.369
10.6543
10.2495
9.07041
5.81326
14.2683
11.7081
11.4362
8.3527
7.27107
14.5963
8.69417
12.1614
9.57284
14.1606
9.84347
12.8364
5.6649
10.3404
11.512
9.90403
12.5124
9.85879
5.87206
11.7757
11.8538
10.5603
8.30781
10.8327
6.23875
7.33122
10.0073
14.1088
9.22192
10.8314
6.03942
14.9122
11.7751
13.9948
14.1609
10.8735
9.89298
6.28888
8.19594
14.5682
13.8563
10.7814
9.02947
9.69281
10.2766
8.64058
11.827
7.16836
6.15504
14.8664
10.3566
8.90982
6.37461
14.9308
12.9725
14.1899
9.89365
11.406
6.44983
13.7578
9.23377
13.0165
13.2176
14.3172
8.71513
10.1054
13.758
12.0105
9.90151
7.12372
12.4039
7.68903
12.6505
14.716
6.28721
14.5696
13.6228
14.0031
14.4233
10.9653
14.9905
12.7599
12.7891
4.48534
13.3309
9.89895
14.0412
14.9773
6.0814
6.41063
12.9925
4.73373
7.56208
13.4066
14.1957
12.0235
14.8216
4.52463
5.90202
5.38885
14.5418
11.6093
12.6142
9.33584
8.49007
14.0088
6.90494
10.7618
7.89042
9.95686
12.5867
13.084
11.7228
11.7431
13.7442
10.3475
5.18504
6.12175
11.9121
10.4932
14.954
6.16667
13.778
8.9025
9.65723
13.0668
14.8697
12.1346
12.1684
10.73
14.1946
13.4266
9.67186
12.5822
13.3388
10.868
10.711
12.7709
8.93695
12.9753
10.6066
11.3163
12.8646
14.7036
14.1788
10.4919
8.674
12.2025
14.4217
10.4166
9.12594
10.4087
10.5957
14.566
12.4873
9.62873
11.5985
10.9036
12.3865
12.1657
7.52414
7.60067
13.7294
11.0685
13.7694
8.8109
14.7292
11.1124
14.8421
7.03973
9.55606
10.4102
6.64906
13.6598
8.66453
8.71648
14.3641
9.05149
10.4268
8.34509
11.7407
11.7091
5.41829
5.19268
13.7334
7.05242
10.6249
12.1551
5.81461
14.239
8.89049
13.173
12.5379
14.8969
10.1763
13.4558
13.5687
11.3619
13.0418
14.1573
10.9681
13.6218
13.8469
12.4195
14.6583
11.7266
5.45879
13.4589
9.04798
10.6271
12.9593
14.4007
6.03509
14.8478
5.69229
7.70978
13.3018
11.4827
11.8623
10.9674
12.6378
13.8983
12.1564
9.7146
9.22495
7.13834
11.1019
8.45857
10.0084
9.85755
5.40198
9.8896
12.2712
10.2875
11.4564
12.0266
6.83798
14.9031
9.92998
12.887
14.9474
12.5118
12.1991
10.109
13.2872
14.3603
14.6545
10.2451
11.5971
13.4636
9.59455
14.4623
10.0708
10.7151
12.977
14.3681
13.4082
14.2274
12.1747
5.42698
13.6972
7.1824
8.46686
14.6812
5.87542
10.7643
9.47391
13.4196
14.4004
14.5593
12.4182
12.8628
10.3275
13.8653
10.8755
8.51873
6.22831
11.6084
9.46941
13.5559
6.37442
12.0668
14.5342
13.4289
6.25058
12.1618
9.31877
11.6722
9.49199
8.97949
11.1317
13.7756
6.34155
12.8587
5.87209
9.57493
12.4358
10.3434
6.11654
10.5501
5.85904
12.8878
11.5908
11.1686
8.3683
12.6072
10.3194
9.64305
11.6638
11.3715
12.374
14.3971
14.5779
13.228
11.8235
13.9025
11.3727
13.9601
10.7639
13.7121
14.2535
10.6103
13.4034
14.6312
11.7745
13.8538
9.42471
8.08888
8.29009
10.9732
12.1868
12.6164
10.4519
14.4972
14.5891
13.6102
14.9838
14.5558
11.0227
11.7147
9.76802
10.3189
13.2235
12.2327
13.5221
14.6193
8.67015
14.6574
10.0931
11.3723
14.1138
11.8336
12.9874
11.8469
14.7416
13.3823
9.18683
14.5863
9.83039
10.3552
13.4293
13.8669
11.9892
10.3652
10.8584
11.1778
9.57183
11.5052
5.31299
6.68141
13.1256
13.9443
9.1169
13.7303
6.13365
13.1548
8.57999
5.92551
9.56855
11.536
8.1544
9.07924
13.5108
14.8057
14.427
8.15773
10.1212
9.40389
11.8209
6.96909
9.2419
12.363
12.056
14.3435
9.26438
8.73025
10.1853
9.94853
14.3685
13.9333
7.93385
13.2919
10.5694
5.85219
13.9257
10.442
9.76145
14.2021
6.78022
4.63041
5.96343
12.2847
12.1346
10.3219
11.2355
13.783
11.2535
13.0381
5.91914
13.1686
9.77275
11.5201
7.66059
10.0324
8.66524
10.9855
8.67659
10.514
12.1112
5.48937
12.4341
8.86243
12.7108
13.0818
11.6814
13.1722
13.4384
12.9273
6.93097
14.6502
14.1939
12.1338
12.2517
10.3494
10.1764
11.9601
9.83482
9.86886
8.57479
10.4077
12.8807
11.9179
12.3998
8.9031
14.4215
12.1385
10.9832
8.08642
13.0338
6.16358
11.577
14.0244
11.5033
12.5541
12.9435
9.10687
10.6867
12.5066
11.6317
12.9569
8.71327
12.5377
9.27776
10.886
6.81058
4.95412
13.0313
10.3254
11.0108
10.8909
13.709
12.5865
6.34043
12.8549
12.1169
10.7167
13.3327
12.1336
13.3632
11.4762
9.13057
6.48146
10.5388
14.4689
6.49097
14.3354
5.13927
9.9424
9.86561
8.85277
12.6533
10.8975
14.271
13.1047
13.5266
10.3701
9.69882
7.19527
14.4715
9.86451
8.34799
5.40789
7.87446
13.9345
9.35232
12.9739
11.8904
13.0056
13.505
12.2763
12.0467
9.77235
8.4482
12.3081
11.6988
8.16171
13.0082
10.6679
13.4168
12.2427
14.0798
12.916
7.77726
9.1084
14.6471
6.05945
10.6837
14.1742
13.0285
4.60867
4.96178
8.84869
9.03388
10.4201
12.5396
10.3888
14.531
13.6087
14.3832
14.0988
14.8389
10.8153
10.3388
12.0202
11.9751
13.2718
11.1715
11.1777
10.335
6.59431
14.037
8.68718
14.7791
13.7488
9.97954
12.8229
13.8264
4.15663
12.128
6.88978
11.1398
11.1741
10.22
12.4639
10.1859
12.0813
10.3557
6.13045
9.55395
14.2664
10.5257
13.1137
10.0293
9.81952
6.40379
11.2901
13.6437
4.92896
9.56049
13.7522
14.0636
8.70916
10.8267
10.4361
12.8317
5.44519
10.1568
13.2042
8.63268
14.3781
13.1284
10.9624
12.9048
14.2388
14.7435
10.1785
11.8832
14.1555
6.3187
12.8806
14.0319
9.47411
13.9617
10.8712
6.63218
9.85071
10.4567
9.59987
13.8095
6.59007
9.01245
13.356
11.3809
13.3306
10.4804
14.2186
6.31027
14.425
11.9492
10.6881
8.56899
10.4951
12.6834
8.90703
7.18671
12.7542
6.61334
8.76596
8.26206
14.7236
13.7828
6.25729
13.6593
12.6479
14.4695
6.79794
7.14613
10.903
14.4233
6.71346
8.54312
8.99898
12.5385
14.1544
10.4222
11.375
13.1767
13.6171
12.3581
13.0537
9.77136
13.4668
6.82863
14.6448
13.7345
8.31979
12.7009
14.005
14.6525
9.37785
7.32776
11.2816
10.481
12.7694
13.9603
12.4982
11.23
13.2073
13.7428
10.3371
6.31309
9.02935
14.0356
10.185
13.671
6.81582
12.2055
11.5016
10.1813
5.59109
12.6913
13.7655
13.4238
13.2756
11.1586
14.094
9.10049
10.1402
10.2042
10.9375
12.1009
11.4457
8.53603
5.9922
13.8799
11.8758
13.2041
14.2026
9.95849
12.4495
10.9508
6.74069
13.5636
6.01078
11.3813
14.6091
12.0432
13.9796
10.6551
10.2189
13.6761
10.1173
13.8772
14.4066
13.3058
13.7251
14.618
9.07096
13.2507
11.4975
9.17026
10.3284
14.7962
12.5237
8.45948
10.4895
6.15194
14.3489
9.78089
9.85847
4.43347
8.57843
14.357
9.07274
9.34171
11.2038
14.8849
9.93891
9.95709
10.0958
6.53398
4.49149
13.5504
9.35931
9.52116
13.4132
5.66167
13.2805
9.92246
11.8209
14.9222
9.80501
8.39032
12.148
10.7858
11.7664
9.02664
6.82398
7.13435
8.28992
12.1785
11.1898
11.233
13.9855
14.9788
6.30719
14.1124
5.38219
8.63961
12.1076
14.5344
13.3767
9.75236
13.732
14.453
10.8609
13.6571
14.124
13.2244
9.95676
6.17611
9.92585
14.1537
13.3451
10.8751
10.9876
11.1706
9.67977
6.33825
12.633
12.2047
13.1059
12.3914
6.51686
13.7307
13.2953
10.3598
14.9325
13.5431
10.5707
14.7117
14.4196
5.65317
8.82366
13.2409
10.0481
9.75242
13.3162
13.5247
10.6058
13.0045
14.9198
11.8173
11.1429
11.1526
5.78418
4.49499
6.67108
8.73548
10.266
6.15015
12.1855
10.4967
11.4647
10.1004
7.95494
14.3377
14.7149
8.25768
9.1169
12.5193
9.88126
9.20292
8.02066
7.63415
12.284
11.6499
10.648
6.31684
10.5465
9.90205
13.1257
12.4266
14.8663
9.82378
10.5942
12.2802
6.92206
7.53485
6.37208
12.1602
14.2466
6.14425
7.38507
13.427
5.44448
6.36536
12.2396
13.5057
8.45983
12.6981
14.7369
13.7501
13.4519
12.1221
10.8106
9.59677
5.67032
10.5087
14.4842
12.3479
13.6109
12.0519
6.8017
11.5395
9.82234
13.3155
11.2975
10.7136
14.5341
13.1216
8.72168
6.60557
11.6563
14.9625
14.2251
11.8877
9.89642
9.78187
9.63072
13.4247
9.99322
10.681
12.4096
14.0766
10.3811
11.2692
9.66201
5.8196
13.7602
12.5093
12.092
10.5528
10.4673
11.5515
10.7837
11.3694
9.85787
11.6207
14.9652
11.6726
9.24821
5.11211
11.5459
6.92598
9.3624
12.608
7.0539
10.6539
13.9488
6.48002
12.2211
10.8461
11.324
8.78572
13.5854
9.29159
13.702
11.1718
5.86115
14.6373
9.64531
11.7552
5.14555
10.1288
6.14304
11.2617
11.7488
10.513
8.55162
10.7076
6.59948
10.8324
8.82517
13.3899
5.73498
12.3949
6.44136
13.077
14.0552
13.5977
12.7835
11.9642
9.81628
10.0592
5.62495
6.66858
12.9955
9.18209
9.56836
13.6453
7.33493
11.1507
14.7076
9.32058
7.84788
13.5906
8.41938
6.40289
10.9935
5.46956
12.4268
9.15003
5.52951
11.2381
11.604
13.4944
7.87303
12.7379
12.3019
13.1487
11.825
10.6396
10.8713
9.02273
9.65798
5.44721
6.06482
7.26578
9.36126
13.1932
10.4096
12.8312
12.6269
13.8281
5.38215
11.9935
10.6922
14.2456
9.75075
14.7745
7.70717
14.0288
7.28541
13.5052
12.3257
7.1583
6.45472
14.9334
12.3919
14.1736
8.93842
13.8307
10.3786
10.3092
14.446
9.52378
14.5552
10.1116
10.3319
12.5677
8.95686
14.4506
14.2318
12.8318
13.6145
8.7011
9.28467
8.63495
12.877
10.7632
7.85872
5.95271
11.3029
8.06736
5.58052
11.0921
11.5511
9.99637
12.0981
11.5584
9.68144
14.0969
11.2709
10.4991
6.36865
9.94978
11.3902
12.9382
10.4737
12.6376
11.1615
14.7009
12.2308
13.716
14.4322
14.1763
8.42555
10.7524
6.456
8.81758
13.7088
14.6767
10.4859
13.2758
11.5473
7.8709
6.85506
14.3037
14.9884
9.77518
10.3935
11.4591
12.564
11.8539
9.60278
14.3537
12.9471
10.3299
14.7764
11.7724
13.7593
10.9531
11.4512
6.25894
14.3174
6.8682
9.69932
10.5901
7.9243
10.9584
13.8942
11.5712
13.8056
14.423
8.31104
10.6207
9.17039
10.5441
11.7122
13.3146
10.5194
13.4529
11.2259
9.38821
14.7696
14.9318
12.0596
14.0136
11.7399
14.9819
11.5099
14.1311
9.13281
11.7777
11.7263
12.6794
10.9176
5.68332
11.2468
14.14
10.659
10.9711
8.67057
14.5487
8.68369
14.8508
10.1233
10.7146
10.4284
9.70778
12.209
7.16508
14.1696
12.9395
6.05865
10.435
8.70319
14.3462
14.4155
6.17544
14.7419
12.823
12.7708
14.5651
14.2585
10.5584
12.4961
13.1228
14.7904
14.6387
11.6723
13.9597
6.13422
9.88653
14.6306
9.68139
11.0835
12.956
9.31637
10.443
5.20389
11.7303
9.52335
14.8894
10.533
9.14551
8.54712
14.2366
6.37026
10.6773
10.4039
6.37225
5.88368
14.9494
14.1708
13.2326
10.4956
10.4042
10.6922
13.2562
12.7067
8.87476
12.8733
13.6872
6.36995
14.4206
11.8261
9.84629
10.3363
13.6981
11.756
14.0299
6.78664
10.348
8.89923
12.8901
14.2004
14.5632
10.3218
11.3883
14.0406
9.62413
6.52139
9.13343
8.45136
14.507
10.5018
14.3029
6.09479
9.44823
11.0003
8.21089
11.4968
9.78257
6.03135
8.28735
8.75879
9.49896
8.047
6.23921
11.3775
5.29828
8.29338
12.0066
12.1558
7.88476
7.84929
9.52697
12.2901
6.72748
13.3669
10.95
10.3171
14.4451
6.08413
14.0704
12.4775
7.54745
10.9749
13.7289
7.16617
12.0736
13.9664
9.10909
11.3244
9.97186
6.25302
9.42727
14.6698
13.6482
12.6372
10.9603
12.9229
10.6274
10.365
14.1871
13.0642
9.20521
11.6169
5.88197
10.1834
11.4202
8.48716
13.1223
14.3589
7.37935
12.615
12.3203
10.0381
12.5972
8.82198
10.2354
5.88875
11.4691
14.3845
9.81388
9.52928
13.1051
12.2348
8.62125
10.9628
10.7312
14.5212
12.6708
12.9144
14.5361
14.1112
6.23905
10.0104
13.2334
14.8612
11.4628
13.0822
11.0774
11.3918
12.8318
8.14585
11.9121
10.1187
8.78059
6.37741
13.2023
14.3783
6.24924
11.537
9.05224
7.21026
11.5204
9.99719
7.36905
8.6779
12.6046
13.2971
8.75389
11.1898
6.10232
6.29972
14.0761
11.0856
11.0674
14.9099
8.35113
14.0618
14.8
5.74938
9.52623
11.5665
11.4934
10.381
13.8164
14.6075
8.31235
12.2878
10.8548
10.6655
7.4332
12.17
11.4895
12.3983
8.32266
11.0679
14.6918
9.74348
13.11
14.4405
14.8452
9.17104
12.8589
8.71053
14.8641
9.97501
11.0978
13.615
6.53821
8.1672
13.0441
13.125
13.9195
11.7556
7.39578
6.42238
9.97215
11.7239
10.3856
10.3662
12.559
12.2196
12.1418
13.8278
8.90094
10.9317
5.64186
9.95531
10.0633
12.9787
14.2957
14.6978
6.95341
14.1903
12.3834
9.40518
10.0946
10.1149
11.1843
13.3691
12.565
11.1048
10.1198
11.6598
11.9429
10.4492
9.95869
11.3661
12.0998
12.2562
14.2494
10.2341
10.4552
9.43257
9.71476
10.3469
10.4169
5.77996
12.4544
13.4984
10.2911
11.5349
12.3786
9.78288
12.4338
10.2593
5.67301
6.65756
10.7118
10.7569
9.13851
6.05188
10.3536
11.4546
9.0173
10.6281
8.00456
12.5488
11.5016
14.0467
13.8281
9.63503
13.9166
12.854
13.8601
10.4312
11.3011
11.6135
11.9656
12.9255
14.3104
12.8937
14.1322
14.3843
11.8192
13.7886
8.95192
12.1911
10.0949
11.1
7.21599
13.942
9.55727
8.24737
13.9291
14.1447
10.9354
8.54529
14.4601
5.44721
13.307
13.4364
10.9947
6.83223
14.2782
9.47062
9.87147
14.0913
10.0488
14.5844
11.7778
9.99084
13.1529
12.6709
14.1282
8.26794
14.5227
5.15401
6.37596
10.8926
12.6333
12.8523
9.0396
13.5259
12.9768
12.346
12.3308
10.2904
12.7157
14.8719
8.91736
13.8452
6.31815
10.007
11.1122
10.787
10.1154
6.68197
12.9638
10.558
14.9832
13.6213
11.9869
13.4876
14.9878
14.0603
9.52
13.1925
11.8166
12.4484
5.14647
14.7277
13.8628
11.2685
10.8344
13.3628
13.5711
9.40305
13.8662
12.9821
9.12995
10.1959
14.91
6.34836
6.44908
13.0518
13.4287
5.82139
7.66969
14.2035
14.2797
7.25941
12.0145
10.8735
9.7866
10.6173
12.3832
8.48399
4.77099
14.4749
12.7259
10.4334
5.55285
9.34279
12.4569
12.7717
9.87942
9.90208
12.5614
14.8591
6.87004
14.0954
9.59622
8.77574
12.0712
6.8536
12.0441
13.9093
13.0701
12.7312
10.7572
11.904
11.0477
10.4503
13.5852
9.87472
11.4367
11.0051
5.32285
6.16233
10.3463
14.1134
9.48112
7.61739
13.5179
14.2548
14.411
14.6914
10.1774
12.6785
10.0318
14.4943
13.2652
8.37802
13.9187
11.4029
7.06304
13.6774
8.27047
10.2529
13.3881
14.2248
14.9415
5.68767
9.62724
8.3372
13.5256
5.28131
6.37579
10.7956
5.9451
10.1025
13.0659
9.36915
9.74823
10.6781
14.2941
11.3472
5.13712
11.4665
14.3771
14.413
12.8791
11.1107
12.0516
14.4264
14.8486
10.8072
10.3687
9.63868
11.6962
11.4593
10.7421
7.99828
14.081
13.4949
10.2761
5.9534
9.86736
9.06448
12.7787
9.22863
13.4327
14.8284
11.607
11.1691
12.0713
14.4787
14.175
12.3264
6.21436
8.31654
11.2607
13.1752
9.01638
7.14666
11.2319
14.9338
14.3688
12.8874
11.0823
8.61734
12.6188
12.311
11.274
9.77084
9.72911
13.6603
11.2137
11.0225
5.08203
14.8683
12.804
14.1909
12.7603
10.2221
12.5842
14.7955
10.1935
14.1837
13.0562
11.5592
9.68871
9.95951
14.8727
9.80625
13.6435
14.6013
13.5258
7.76485
6.36597
14.3938
13.7951
5.99263
12.8255
4.4206
6.42067
13.7681
10.0831
10.317
10.3775
12.8574
14.9177
14.9812
13.365
7.19299
13.6262
10.7908
13.8124
12.3541
10.2255
12.7237
5.48501
4.58102
10.9246
10.4245
6.01968
5.92134
10.0881
9.31309
12.3033
10.3843
6.46315
8.16665
7.63733
10.1652
8.41412
11.609
12.8071
11.4826
12.2813
12.5113
7.98622
13.5153
9.88587
12.5809
13.1081
14.026
14.4708
10.2117
13.4463
9.14311
9.03208
9.88473
11.9167
12.9681
12.1892
10.8198
12.8344
10.7558
8.61061
10.7336
10.7728
12.3239
10.7506
14.0804
13.8536
14.9858
13.5958
14.8593
11.4053
13.8524
10.4165
12.645
11.3507
13.8031
12.3006
11.9608
13.6683
14.5114
10.1771
11.4015
13.5989
14.7606
6.11971
14.1635
11.4597
14.1462
14.9125
5.95155
8.54036
5.48194
12.2764
8.81008
11.0863
7.86064
8.13973
6.85542
13.3264
9.81845
10.2745
9.88814
6.88022
14.2322
8.19524
13.567
8.34149
11.5029
14.8632
14.1343
12.2712
11.9454
7.15261
9.90316
14.4248
12.3266
11.7929
5.89187
14.7493
9.46258
9.5466
14.2013
13.0161
14.3904
12.9734
14.8796
6.8369
5.34389
5.26276
11.6962
5.90893
8.63972
12.0433
14.1802
12.9826
13.3982
12.3784
14.4749
9.92408
11.1602
12.1712
14.6926
10.5628
10.2769
12.1336
11.9505
9.52431
6.17788
7.00671
8.00366
11.562
8.31043
5.74998
10.0831
8.93304
11.934
9.33476
11.2606
9.96504
13.2288
13.2638
9.16228
12.1602
10.8249
12.8515
14.0933
12.9983
6.54379
13.3258
11.6108
11.6032
14.1182
13.3022
9.73647
5.48436
9.69431
8.333
7.28673
11.8894
11.8053
11.1493
6.80047
10.424
12.718
9.6419
8.60305
8.80222
12.5125
14.5693
14.1692
9.82249
11.3379
9.13534
5.89209
10.9426
7.27088
5.91298
9.88564
10.0636
11.6286
9.88835
7.86845
14.6164
14.5505
8.72408
14.216
9.20902
13.1564
12.109
10.2227
11.3456
12.4852
13.6083
9.73565
5.46261
9.20426
11.4362
6.85283
11.1995
10.9972
11.5374
14.3004
12.1431
10.7855
12.3428
12.0962
10.6367
7.55978
6.921
9.45794
14.8501
12.255
13.2687
5.97961
10.0581
12.6223
12.6617
11.9692
10.8352
10.5666
14.933
6.00528
6.41859
11.8525
10.0411
13.5232
14.0125
11.5331
14.8358
14.9526
8.38103
10.858
11.397
14.9899
6.76128
6.2586
11.1741
6.30563
12.4263
12.8759
13.2337
11.2853
14.9673
9.96542
12.4314
7.88523
7.91045
9.55909
8.77906
5.73381
9.31979
11.9597
14.4459
10.602
11.6771
7.69421
13.263
14.2549
9.23873
10.4502
8.00906
5.70612
13.7272
12.7005
13.7945
10.2361
12.6041
10.2591
13.1301
13.7928
10.4566
14.8764
10.2513
10.7003
14.2137
8.21786
12.5725
11.1779
10.4245
12.3789
8.89303
8.69214
14.0087
14.795
7.44582
8.28764
7.64283
6.49153
12.0681
8.91034
14.1183
12.8081
11.4837
12.2148
7.94614
13.6986
8.44045
8.83469
10.3423
6.81855
12.6416
13.7611
7.20433
6.50117
13.1637
9.73163
10.7887
10.9522
13.5165
5.66425
6.79679
11.8287
12.0811
12.5666
11.322
13.7734
14.1595
13.1757
11.3695
13.0024
5.63876
11.2171
9.59486
7.83486
9.08997
14.8
11.33
14.6401
10.6995
13.4537
12.9407
9.44671
14.9408
12.4415
7.29563
14.9902
12.1519
8.69635
13.0211
13.4532
10.1945
11.2206
5.404
11.5235
14.4466
10.3217
6.89948
11.7098
8.75177
7.51407
6.77161
10.3874
13.6807
10.6791
10.768
11.0812
12.9704
13.745
11.2475
7.52313
10.4402
7.39486
5.5097
8.75798
11.7504
13.7105
10.5426
14.9972
14.072
10.0249
12.6582
10.7728
12.0482
13.0815
14.3109
10.2464
12.7435
10.4043
10.9775
13.1238
10.4512
10.544
6.08563
13.4535
5.53579
9.026
12.6718
11.7341
12.393
6.71499
6.43057
9.11671
12.5617
14.9597
11.5487
8.57205
13.2736
14.0182
14.0868
14.2558
11.2536
12.7118
6.32297
6.07835
7.6263
12.6328
11.7328
11.4631
14.4997
13.0982
14.006
10.3941
11.045
10.0052
12.4077
6.9272
11.4115
10.1795
14.1816
5.88307
9.21278
14.6666
13.2098
6.99061
6.02162
8.80218
9.88147
13.1004
6.52593
13.7655
9.51337
11.2903
10.8215
10.6648
6.4668
14.701
9.77239
9.48125
11.1523
10.9401
9.58617
11.8985
10.6143
9.55891
12.4248
12.9446
9.18262
9.45524
14.615
12.5681
8.34961
11.705
12.5245
8.18064
12.9104
13.6166
14.6829
14.5876
13.981
10.6584
6.93698
13.3086
8.88261
10.4027
14.8292
12.6333
10.0708
12.9617
12.1875
13.1383
14.9842
7.53796
7.97594
13.2811
11.6746
13.3
14.9057
9.49908
8.60046
6.33549
10.0236
12.1976
8.63213
12.0186
8.69201
8.69636
8.71298
8.60593
9.94485
11.9
8.55922
6.06142
14.6768
12.7246
9.51002
12.768
14.0258
5.83238
7.91104
14.5306
11.4782
13.7732
10.4558
8.86758
12.3852
14.7164
10.4259
8.33086
14.2425
12.8464
9.38258
9.83808
14.7047
8.76164
10.0748
10.4452
13.7289
13.6372
12.6698
14.4418
12.3585
12.5526
9.15473
8.76595
11.9849
12.688
13.3738
12.8413
13.0568
12.8634
11.9178
12.9423
14.5535
13.8835
13.9981
13.8348
8.31858
11.6553
14.9326
13.5887
13.7947
10.5474
13.8982
8.94148
13.3923
12.1378
14.3864
13.9716
9.84926
8.30564
8.91984
9.54694
9.89186
9.83203
12.9072
13.0198
11.2727
8.70789
6.29293
6.11378
9.16883
14.2929
9.81509
11.8882
11.1413
12.8301
11.1645
11.9774
13.0954
9.49838
10.6299
8.24337
6.67605
14.0332
9.89653
11.9632
13.3558
11.8578
14.9723
12.0681
10.8455
13.7682
12.8839
14.9611
14.2463
9.55579
11.9044
14.9576
8.42677
13.261
11.8534
14.6795
9.82618
10.3652
6.13949
9.57843
5.12749
9.53926
13.0384
12.658
12.1231
13.7228
14.9422
10.4923
11.3148
13.7856
13.8959
9.08399
9.20667
14.5495
13.7651
13.9179
13.8798
10.191
11.0137
10.028
12.3737
14.1155
14.8715
10.6303
13.9967
8.01497
10.1522
13.8464
6.51818
6.25849
11.5094
13.9113
14.1665
11.078
14.0011
11.3193
9.63138
8.79719
6.45034
9.29852
9.991
8.77918
10.5717
8.57555
11.2256
6.23511
14.615
8.8616
8.63147
9.25027
5.79675
10.6127
11.7605
13.2616
12.6454
9.14077
13.0809
11.2459
13.6814
11.5126
9.75118
13.6888
7.62131
14.2016
13.8271
12.9022
11.4375
12.499
4.17637
11.9453
13.5604
10.7491
14.5886
11.2244
14.8234
12.9409
14.1909
12.885
13.9123
11.9652
6.59152
12.3261
11.7323
11.036
10.0108
11.4835
8.58002
9.64125
10.7975
6.84003
12.2728
14.1836
8.76778
14.5232
14.0952
11.3948
12.6346
11.8023
11.4923
10.849
11.2299
9.70008
12.9019
5.91605
13.977
10.5166
6.5269
12.378
12.7813
10.3019
8.46278
11.1571
9.56866
6.14675
10.4878
14.7916
14.2552
9.73087
14.4154
8.73784
4.50809
14.437
8.54679
10.7751
13.9888
13.3524
11.8623
14.1676
10.3269
11.3978
12.1612
13.8128
8.99968
13.9061
10.4499
13.4055
13.3184
9.78262
13.1181
13.0004
10.2988
6.86547
11.2058
5.32597
14.46
12.5753
8.66811
14.6569
10.194
13.9568
14.7685
7.85347
14.1776
13.448
10.75
6.49376
7.98625
9.64398
9.40409
12.1724
12.9048
9.79436
14.331
10.073
12.022
13.1744
7.57096
11.6665
11.3915
12.5359
13.4404
12.0276
8.02766
10.5407
8.25605
11.6894
9.57575
9.38451
9.98028
13.4689
10.9554
11.2748
10.825
13.3727
8.1062
5.20962
13.1444
11.8814
11.707
10.3419
12.5547
5.97855
5.77046
6.21326
10.8161
13.7705
5.4675
7.54575
11.0466
14.3976
12.0659
13.9261
10.2341
9.18484
8.6043
13.6579
14.15
10.7523
7.58055
11.4647
14.2523
11.5958
12.975
11.3664
11.2919
10.314
14.3147
8.71448
10.3302
14.6445
9.15051
12.5501
5.74498
9.4178
13.0193
13.8998
11.8269
9.55407
10.1855
14.9136
13.4148
4.6491
14.9286
14.9677
12.8553
6.40661
11.5828
10.3081
10.4977
13.8847
14.1687
11.415
12.53
10.1007
12.2707
9.6276
10.9918
11.5535
9.82653
7.9257
12.9399
8.91067
6.31197
10.8154
12.7872
10.2742
13.9015
13.5863
11.3036
11.8795
14.2306
14.9208
9.44995
6.52535
13.5744
13.4385
13.1375
10.837
14.6101
10.8248
8.84268
11.5735
11.9458
7.01575
8.86679
9.08836
9.63775
11.6325
11.7265
10.0573
11.9242
6.89628
6.62088
11.6901
12.0011
11.5039
10.243
13.7458
6.72593
12.5876
9.23219
8.98378
10.444
12.3312
11.1234
8.47657
10.6707
13.8825
8.08264
6.8131
6.07326
11.5086
9.64232
9.8433
13.1998
14.6154
11.6706
12.313
8.1588
10.1706
11.0871
12.0089
7.63791
13.4133
11.8746
10.6069
7.95669
11.9569
13.5105
13.6209
7.78725
8.21979
11.3103
14.9859
14.4143
10.799
9.28716
11.6157
9.2394
11.0824
6.95099
12.4696
10.3179
12.8266
4.5717
14.3196
12.7306
6.84824
10.6348
9.87673
12.3112
11.7723
12.7112
7.69053
12.7338
6.35676
14.6227
7.04421
13.3009
14.7109
14.4058
11.9819
10.3432
10.9455
8.7918
11.9058
7.17279
13.8991
11.8315
9.47728
14.7417
11.7715
10.1781
10.2109
7.40972
12.2073
14.7933
14.3531
9.07289
10.1902
13.9624
13.5378
11.1515
10.2824
13.7859
8.88968
9.95294
10.677
12.4155
10.8859
7.48593
10.198
12.8311
8.9812
7.14715
12.0653
11.7756
14.1491
8.51385
14.1639
8.24487
12.4947
9.8829
14.7479
14.9575
13.4902
12.3841
11.8396
14.4955
10.8922
8.88562
7.60329
5.95612
12.0245
8.10097
11.4593
9.01111
12.0019
14.9285
10.3548
5.96046
6.07565
10.1075
13.6911
12.0204
5.13548
12.8073
11.4562
14.3584
13.1379
9.2638
13.8245
14.32
13.7345
10.5085
13.5709
7.63073
11.3663
13.1301
11.4839
10.8083
11.9952
10.2074
10.9919
14.6321
12.1384
11.8336
11.8847
11.3924
11.6482
14.1825
14.474
6.5219
12.7565
14.5762
10.484
13.5886
13.0446
13.6954
14.6293
10.4988
9.88037
7.20771
6.29719
7.80832
13.8421
14.2029
8.19052
10.4104
11.3107
8.8879
9.59859
12.0448
12.7798
14.7048
11.4021
13.5201
9.8857
7.74107
8.05742
14.2922
12.5343
13.0129
13.3203
11.6028
13.1534
13.7836
13.5632
14.7467
13.9845
10.0262
12.8918
10.9278
9.84064
10.6188
14.308
8.72701
4.72036
11.2582
14.8698
6.47666
11.8195
8.4116
6.03792
10.9828
13.0817
8.72977
14.5115
13.3534
10.3258
12.7393
12.3113
6.41907
12.6515
6.32325
6.39711
13.6233
9.76804
11.4594
5.59277
6.81897
11.0785
14.4635
14.366
11.0484
10.8467
11.0388
10.5394
8.79618
12.1782
13.8199
14.5542
11.7126
11.4614
13.7134
13.5147
9.69526
10.2826
7.04156
10.4673
9.78776
11.0548
10.811
9.37911
14.9709
14.6615
9.74369
9.65524
9.82859
9.04821
10.5551
11.8689
5.51691
4.60526
5.43622
5.74238
11.254
9.31326
9.90128
10.0365
14.4833
9.99366
5.67452
6.74129
10.5897
9.87826
12.8343
10.9048
10.9249
8.22637
7.66138
8.70561
11.2054
12.5235
11.0974
6.00319
13.3095
14.1663
11.5748
11.6222
12.6277
12.9411
6.83228
11.6267
12.9571
9.1475
8.60183
12.0848
11.2525
9.83672
10.4561
9.94985
6.83162
9.14472
7.00182
9.18505
5.92181
13.8907
5.2443
12.7121
5.89883
9.94847
11.1815
9.34744
8.6245
14.4456
14.5835
10.5303
7.36342
14.3418
9.99888
8.72667
7.3413
14.3158
6.33013
12.6961
11.4694
10.4095
14.1641
14.6929
10.4514
12.2802
9.46222
9.9516
10.5702
14.0864
12.4074
11.4588
8.58807
11.9056
12.4296
9.28133
10.3271
14.6715
8.9141
8.84708
11.5433
11.9094
9.90724
14.481
13.9772
5.53257
11.9924
14.7963
7.41255
12.6849
14.0639
12.8198
6.26574
10.0546
13.4025
11.255
14.3419
13.692
10.4806
11.5064
6.14102
8.08101
8.74368
10.4507
12.358
12.4821
11.605
7.13935
9.78593
8.58202
14.1325
10.624
11.1655
11.6699
8.67786
11.1093
12.6407
13.8351
9.9866
14.9433
6.14072
11.289
8.70131
13.8785
12.4791
12.0909
11.5189
8.61531
12.971
12.4982
14.1537
12.9121
7.23125
11.95
14.7453
13.2989
11.321
6.76371
10.4041
12.7743
6.07018
14.3422
6.91826
14.3016
10.5315
10.5181
13.1575
14.748
12.1456
9.88903
8.49085
6.28707
10.6391
9.50095
9.10895
9.97454
9.26182
11.124
13.952
10.7616
7.57722
11.6663
6.76662
7.27661
11.393
14.0232
6.40902
8.58322
8.39332
11.2323
8.58455
10.9856
14.8595
9.15272
11.3936
6.7026
9.45663
13.7032
12.7595
10.6935
14.323
9.45987
8.80389
11.6923
8.44795
13.9108
10.2984
14.6053
13.3219
5.3738
13.4551
9.71108
11.2574
14.1958
6.98042
10.4087
5.39582
8.35386
13.6674
6.85656
8.45184
11.2408
13.4241
14.3572
10.9086
13.6815
7.63248
13.9482
13.0735
12.4443
7.02837
6.26581
14.1838
9.98211
13.2161
14.2247
9.97153
11.8605
13.0678
11.5874
9.07322
7.10703
11.5421
12.6979
8.00662
9.58211
9.94616
9.83148
13.2183
14.9356
12.9412
11.8443
13.917
6.52376
12.2764
10.3725
13.5131
6.34359
8.49851
13.6763
10.6778
12.5416
9.22427
12.113
13.7101
10.3366
13.3481
13.0488
12.7214
14.0376
13.2507
12.3675
12.908
8.00468
8.31158
7.15185
14.3902
11.3785
7.35324
11.5816
14.6017
10.8921
7.52068
6.06643
7.57858
12.1305
14.2395
11.8639
6.37483
10.0849
10.7173
10.3765
10.1335
12.8892
13.2944
6.18006
14.614
10.7887
13.8776
9.6678
12.541
14.0617
13.4387
11.691
5.45845
9.86404
7.94107
11.742
6.69597
13.4134
7.33464
7.48326
11.0894
10.4143
8.48422
11.6492
10.2704
11.5925
9.57337
10.9759
10.9565
9.77417
8.02135
13.0795
14.5607
7.06193
14.2208
13.1082
6.83731
9.27028
9.18266
9.30996
9.50022
13.551
11.4195
7.4392
10.4233
12.8283
6.73769
14.6927
6.59259
11.8694
11.757
14.0009
13.7883
8.67008
11.2938
9.32263
14.1152
9.96023
9.3354
6.01326
8.78564
12.3029
12.3367
9.94838
14.0956
5.23484
6.63376
8.86565
14.3087
14.9256
9.91793
13.6313
11.9404
11.8795
13.9716
14.1761
6.73397
13.2328
11.6112
14.4754
10.773
13.095
7.19781
9.99008
11.3197
6.97497
10.9501
14.3054
9.95499
13.2819
5.9977
11.904
14.0043
8.70516
6.13873
14.9034
14.6357
12.0695
8.7816
13.3258
11.3312
12.009
10.0382
5.67149
11.4838
9.72594
12.8368
10.6925
12.2225
11.1607
14.5499
12.3826
9.78989
11.2937
10.8841
13.7911
7.18977
6.41611
11.7973
11.0773
12.4079
14.509
14.1978
12.6488
10.9144
10.7978
9.44814
14.2573
14.7776
10.6326
12.7753
10.9559
11.7228
8.81788
6.51687
10.3898
12.7603
12.486
7.85417
8.27123
13.3648
12.9293
6.35626
10.26
12.9902
8.26059
10.5632
10.7023
12.7549
5.96524
14.7729
13.7913
12.7227
11.9486
13.667
9.22488
12.1246
7.33411
10.8207
14.9853
13.9594
6.58507
10.204
13.4363
11.0322
9.35121
12.4256
8.82296
6.17488
12.5639
10.096
6.26307
11.4681
9.36843
14.1105
14.6477
6.39029
14.4979
14.4262
7.51558
7.99456
13.7239
8.53259
6.28123
8.51087
13.8017
12.8039
9.94675
13.7508
13.8899
10.2435
9.74116
12.4932
14.0144
14.2282
9.90214
6.33709
12.2968
13.9061
8.02477
8.27804
9.6965
10.3255
8.2514
9.58965
11.4149
12.9972
12.3661
6.4646
13.9019
13.9024
14.1982
13.9541
10.7896
14.4316
10.4041
12.4043
6.38121
14.0629
6.24367
8.5074
10.898
8.91455
11.6798
8.81031
14.7856
10.0926
6.43162
10.1224
11.4659
10.1619
10.3924
14.5025
13.0804
14.7631
10.0269
10.1041
9.88649
5.02113
9.81984
12.6767
9.52151
10.3789
13.0862
9.78023
10.3129
8.78809
13.6904
6.3799
10.0651
12.676
6.22409
10.6882
11.281
6.86185
9.00076
14.3953
9.85871
9.04811
12.5019
6.67342
9.09822
7.33711
11.4413
13.8566
10.0012
10.3559
10.0198
10.332
12.2678
10.8754
11.0867
8.41331
6.01372
8.84492
7.77267
12.0676
8.25202
14.3139
10.8787
11.7238
14.5166
14.5288
14.3069
8.96085
13.479
12.8059
9.79932
10.0238
9.62461
4.91298
13.7231
9.15905
13.7886
4.64144
6.29887
12.4142
11.2706
10.4297
10.5079
10.7469
14.7272
12.5036
10.5153
10.6904
10.7013
12.2878
13.389
9.81369
13.8609
12.4916
11.7506
10.9773
12.5419
6.3135
10.7367
6.84214
9.99805
10.0934
6.10644
7.5267
12.7241
13.5513
10.4384
13.8463
12.1932
6.08891
8.659
10.028
9.18786
13.812
13.2727
12.7749
6.19942
6.60157
6.33685
5.0273
5.6982
12.6187
11.8957
5.0332
8.73271
11.976
12.8316
9.5243
8.44329
14.8153
13.3612
13.5049
14.4602
14.3835
10.6498
13.6506
8.67681
10.8162
14.3057
14.0121
14.4434
10.854
14.0198
13.0165
8.58035
9.86178
5.42974
13.957
13.2668
12.1787
11.7742
13.4731
11.3431
13.8341
10.7781
14.8952
12.4268
14.2743
9.789
9.02742
14.8638
11.4574
13.8612
14.3692
12.7599
14.9675
8.02302
12.9238
13.6833
6.02458
8.41741
8.57125
9.51656
11.2752
14.1567
10.2025
14.8557
13.5477
10.4024
7.86271
9.64522
10.8139
10.4
10.8548
10.9168
14.2049
9.37994
14.7472
12.0552
11.829
9.04853
5.65718
8.39361
13.0089
8.47299
12.7289
8.22835
13.7441
14.7204
8.7858
10.163
7.25366
6.26701
14.6321
9.4993
13.5357
11.1202
7.30828
11.5992
6.12848
8.66166
6.09028
10.7086
12.4562
10.691
9.80683
14.18
8.5394
10.0333
10.8513
14.3415
10.003
13.0863
13.9824
13.7169
12.2094
12.7034
13.5329
10.0822
8.67933
10.8219
12.254
10.8757
11.5697
11.7253
10.7472
9.24082
12.9808
10.0654
12.1291
14.3402
11.1372
8.9744
10.2078
14.1066
8.49963
8.70624
14.5296
11.666
7.80362
10.8606
14.9984
12.9379
12.8654
5.89687
9.29447
11.2015
14.6669
12.1794
10.2724
6.32707
9.54979
10.4048
11.3354
9.12072
12.9717
12.7401
14.9225
13.0238
9.49717
12.4323
4.10813
13.2511
14.3588
14.9902
12.0382
12.8279
14.9048
12.4259
13.0923
9.26105
12.9731
13.2599
14.116
14.1254
14.7664
14.6621
8.21804
10.6613
11.4323
9.24411
12.4347
8.58189
12.041
11.5484
6.21295
9.8659
12.2077
8.45082
14.015
10.5239
12.485
11.6825
10.855
14.6753
14.3954
7.75768
13.6963
9.82671
12.7469
7.06642
5.46582
6.84251
12.8943
5.89949
11.9172
8.01362
5.88876
10.008
10.7697
14.8155
9.88264
11.875
10.2309
7.67489
6.91114
12.6648
5.9129
11.8601
10.1351
8.72554
5.84722
8.85954
12.9721
12.0852
12.6307
14.0988
5.9667
10.2171
9.59441
13.5472
12.7286
9.7514
9.57342
10.1498
10.9226
7.15079
10.0358
10.3098
10.4902
14.0595
10.0001
7.56325
14.5147
5.48024
9.13537
12.1996
6.3504
13.1178
8.4682
6.78233
10.4129
12.6367
12.7648
8.84221
10.2803
9.77187
6.41428
11.6628
6.44165
10.1165
14.9698
14.1691
9.69713
12.7348
11.4502
12.1522
10.2613
10.5362
8.75306
6.20867
10.8015
11.0119
9.59747
14.5181
12.7066
5.38901
7.20549
12.4766
13.6642
10.6872
6.0929
7.21025
9.88064
11.6131
9.25841
10.1282
11.8562
5.56439
11.5977
6.41739
8.69973
10.6264
5.94219
13.3273
14.7496
9.71845
8.68811
10.7504
11.6048
5.99406
11.5894
13.7282
5.38752
10.832
11.8359
11.8782
8.97793
12.2363
8.62056
12.6954
8.5796
5.57015
6.45716
13.575
13.8641
14.0525
10.611
10.7872
12.6299
12.3313
14.5397
13.4991
8.20775
9.28526
8.19473
8.20607
9.19988
9.81368
12.2664
13.5427
12.3373
8.50373
14.7978
11.8793
9.22047
13.5603
7.3641
14.3493
14.4996
12.2217
12.7034
14.5817
8.49951
9.43604
12.9863
13.636
10.492
11.7477
14.2134
12.4905
6.07896
9.988
14.9519
11.1431
8.49631
14.4115
13.6187
8.37477
14.0465
6.35285
14.8393
14.0179
6.85186
8.28941
8.09337
9.23063
10.964
4.8029
14.6111
12.3807
11.8634
8.23361
10.2073
12.4344
8.1119
13.6222
12.6167
13.9336
12.0682
5.7754
14.8597
12.4881
7.10658
11.7649
14.8947
12.3139
10.7455
13.903
12.7162
12.2633
6.35576
13.5549
14.9495
14.5258
13.5569
11.6692
13.6803
10.5794
12.1794
6.57899
10.0564
14.5439
9.43518
7.71153
14.4796
8.89179
11.1755
14.3608
5.67212
3.80297
12.0633
6.51863
13.845
10.281
14.3435
12.3678
14.8112
12.7071
9.67756
10.8002
9.43426
10.7299
10.4549
10.6189
14.9179
10.6561
9.92106
6.2823
5.28487
10.263
11.1917
14.3276
13.5197
9.33028
14.0218
12.5163
12.7598
13.6034
14.7624
8.66309
8.71472
10.6179
12.5128
13.0624
14.6995
8.62834
10.6168
13.1548
12.4804
9.39863
8.97647
7.67727
9.12995
10.912
14.6987
12.2093
8.8036
13.4323
9.16751
9.98063
12.2206
6.10052
11.6565
5.3909
9.07538
12.1007
8.58193
11.7322
9.51225
4.63307
13.5551
10.5522
7.92218
8.3217
12.5471
13.7509
9.82461
6.85992
8.6333
10.3529
13.9071
11.5927
12.3276
6.09584
12.1887
14.7432
13.6656
10.4162
5.94083
11.7918
9.149
11.6806
14.9991
14.8947
9.42824
5.60747
10.283
9.23291
9.29349
8.21537
5.30538
5.95239
14.1485
7.15594
11.9512
13.1844
6.0242
9.60018
13.8057
6.56223
7.36937
11.5355
10.2379
8.89766
9.0326
14.3488
11.7963
10.9388
10.8121
14.9973
12.9465
6.99959
10.9666
6.56221
8.8398
14.4257
11.0223
9.25277
13.2516
9.93238
14.1784
8.26314
10.9434
5.14478
11.0745
10.1943
12.915
13.8061
11.0773
12.2955
11.0663
12.7998
8.96204
14.1195
6.70351
14.8515
14.0598
11.3724
11.6447
13.1966
13.177
6.62786
12.7057
14.0749
8.3839
7.32071
10.9965
6.16214
14.234
8.26581
7.75429
12.0323
4.32102
11.7917
8.23646
11.8304
5.35599
9.73972
10.3142
14.8204
14.786
11.8928
6.46378
8.43868
10.2356
9.15268
10.4484
6.37036
6.13892
10.1078
12.5364
10.6556
11.8241
13.7459
10.9989
9.35783
13.9803
13.1029
11.56
11.4293
12.0733
13.8921
12.5466
8.98888
11.7235
11.8527
9.10029
10.1742
14.1476
8.95172
11.4424
6.00999
12.9554
14.1987
13.8447
10.1664
12.2804
6.23719
6.54357
10.425
10.9221
10.4654
13.7927
12.3644
6.42369
5.93791
8.33812
12.0472
10.8814
10.3724
12.2641
12.0609
12.0796
14.4242
8.65024
14.4241
7.00728
6.93696
9.14215
7.94951
9.29633
8.57956
9.77537
14.3273
12.5649
11.1326
9.00639
14.1736
5.38284
11.0756
10.6164
11.6241
8.07039
4.09254
6.22868
13.3053
8.47073
13.422
13.622
13.111
9.82853
5.46359
12.3163
12.4647
9.7682
13.4281
8.32494
14.1355
8.71649
10.8948
9.82036
14.4205
9.57974
14.015
9.46652
9.93206
14.8325
13.926
13.2163
13.3597
10.0568
8.90303
12.186
6.94941
14.5697
6.41348
9.38054
7.17114
9.75007
10.9167
11.7292
6.84132
10.106
14.183
10.555
14.9221
8.19908
14.8997
9.40343
10.3937
12.6685
9.28868
12.262
10.5872
9.92335
9.31283
12.9984
14.4673
9.79996
8.83328
11.9874
13.0911
8.22405
12.9318
5.10057
13.4547
14.4697
9.16197
10.41
6.61367
12.4408
10.505
14.2602
5.72562
6.46052
13.6784
12.5405
6.71376
9.2085
8.60915
9.5117
14.3516
14.2027
12.8135
9.19806
10.7751
9.65075
13.1629
12.643
7.56842
14.5091
8.62427
8.45526
7.13249
9.59135
10.8356
8.59069
11.7946
6.15831
12.3598
11.8752
10.3806
12.2581
9.28744
14.0456
7.12332
10.9564
12.0146
5.63524
11.3803
13.0028
12.6606
11.8843
7.50383
11.1232
8.20805
14.4295
14.9162
14.5527
10.7593
13.8984
6.19018
8.56296
8.52082
14.861
10.7782
12.1937
12.8233
10.7191
14.6636
5.96477
9.18954
12.862
9.695
9.28583
12.5844
10.6757
7.06453
14.085
10.8673
10.1221
5.29483
14.313
10.168
12.1892
11.1104
13.9676
4.80755
14.8714
11.8096
9.41094
9.80761
14.6701
10.613
6.1246
14.5388
11.087
12.304
13.8074
6.10079
10.5737
11.0286
12.1879
9.86459
13.4721
13.5656
13.4315
12.2008
13.7873
10.0368
10.4994
5.37279
14.0351
8.74226
14.9428
12.1631
10.0049
10.2765
11.6033
12.3192
9.31127
6.90335
11.1071
10.8152
6.40068
13.2864
13.2402
5.74724
12.2698
8.66687
11.2541
14.4992
12.4218
13.9635
11.8383
10.5946
11.6646
12.957
14.8694
13.5386
13.9967
6.15141
5.60294
9.20766
12.1751
14.6087
14.9895
14.5098
9.96639
10.3168
11.4565
9.42095
11.7784
12.7795
12.4765
6.10033
10.1762
14.5987
11.7308
5.58607
11.3676
10.2508
10.6262
5.92507
8.46631
11.5314
14.6628
12.0212
10.2932
11.7699
13.9321
11.2401
10.9997
8.3233
12.0824
12.9429
9.7386
8.43661
10.7584
10.0373
