9.73645
11.8591
11.9233
9.7934
9.11131
11.2662
14.25
13.0024
14.0762
8.79558
8.62708
14.6327
12.9071
10.722
10.6811
13.1292
13.4898
10.9781
9.13186
12.2959
8.77301
9.22966
14.5491
7.90654
13.3352
9.99191
5.34996
5.94514
6.11458
12.9133
14.9293
13.5937
9.37719
9.60441
12.0503
14.1575
12.0675
13.1458
13.239
10.6119
14.0015
8.53644
9.3986
8.31329
13.9872
11.4923
8.17563
4.65722
12.2647
9.44441
11.0693
14.9925
14.9259
10.467
13.7568
9.74042
11.6821
12.9376
4.0642
9.22448
9.9539
11.5199
12.974
13.64
11.5891
11.217
5.16385
11.304
9.77095
14.7208
9.90489
6.93768
10.575
12.9934
3.8194
12.3748
12.6443
9.50666
5.67246
11.4063
12.4483
5.51292
12.7332
10.8479
6.37184
6.42676
7.61702
10.6339
14.1947
10.1066
13.908
9.38126
7.38301
9.37127
10.3878
6.97588
10.1348
12.7703
14.7556
9.07253
6.5426
11.9891
10.2249
8.63493
13.4485
12.0756
13.5837
11.0807
13.48
12.5587
14.9098
9.49581
13.086
9.8914
9.63329
7.64429
9.95561
11.5684
9.84323
9.3208
14.366
14.6609
7.79276
14.492
12.6029
11.5711
8.09271
13.4307
10.4165
12.7528
11.9626
13.2768
5.02136
11.2772
14.3467
11.8064
14.7485
5.1579
6.3693
14.0272
9.67841
13.6891
8.51546
12.4039
7.50889
9.69529
10.935
14.8387
13.3687
9.14163
14.8018
8.4663
12.1879
12.7844
5.81694
14.1909
12.2342
13.1121
10.6427
8.15094
14.0452
12.7031
10.9041
14.3106
10.346
10.8541
11.9087
14.3431
5.27034
6.54634
9.56951
13.6477
13.6904
9.08509
10.6377
7.07034
12.6796
11.0016
8.84661
14.585
10.4764
14.1022
10.1588
10.717
14.0507
11.1049
9.67516
12.4253
11.9603
11.8552
8.09657
10.6243
9.33785
9.21745
10.2223
12.2463
5.70009
6.69707
10.4725
13.1554
9.25477
8.02801
12.5563
13.0159
10.0003
5.78668
11.7788
14.0166
10.5856
10.9979
12.0577
12.8968
14.8274
11.9855
8.48411
8.4932
11.8872
12.1144
14.8246
13.0851
13.1276
11.3228
9.48281
5.97139
7.31948
4.67173
12.9531
10.9235
14.1573
13.8567
5.87603
9.68861
9.08537
13.5187
10.6214
13.0666
7.98866
6.05141
9.71631
11.7292
11.9405
5.6488
11.0876
14.5182
13.7
10.0171
12.9755
12.0512
12.7873
7.91531
5.94281
10.5288
10.1253
9.74241
14.1956
12.934
5.45933
8.60498
5.41811
14.2388
6.652
13.1694
10.1053
14.2168
9.69672
10.4846
12.9686
7.32688
14.4924
9.72983
13.2699
14.3679
9.33199
9.84636
11.5303
8.04396
11.3315
11.9101
7.02566
8.27096
10.133
10.3992
13.709
9.74682
11.2518
9.56138
5.67123
12.8647
13.9257
9.98525
14.8585
8.6075
13.4425
11.9807
13.2595
9.76116
9.85629
9.18412
7.65034
8.90851
8.84293
14.0266
8.2698
11.1935
14.4895
13.9257
10.1051
6.75474
11.8824
10.3127
11.1046
13.5871
10.0714
9.8299
13.2349
12.5753
12.7288
12.3433
10.1357
11.442
13.7853
9.66728
10.7009
8.19765
10.0016
5.97407
8.87303
6.99221
9.08824
10.929
14.4474
11.0933
12.0671
9.02135
4.65478
10.8517
11.6141
14.7518
13.44
14.226
9.7292
14.1089
9.48022
14.4429
14.2726
9.75884
8.61493
6.13039
12.0207
12.362
14.8088
7.88022
12.529
9.96956
10.9401
13.198
14.4722
7.74028
13.5685
14.7454
8.5042
14.3799
12.2637
6.67853
9.511
12.4084
14.0993
13.0223
13.7875
13.7196
12.5568
5.13957
5.60882
11.1639
9.59209
9.34531
10.6115
10.5446
14.5721
11.857
13.1686
11.0482
7.31837
9.46661
5.90233
5.30065
9.64721
14.5667
11.2883
11.1139
6.06774
10.1993
14.3377
12.3342
11.5481
5.76129
13.6987
10.5239
13.6799
11.5385
8.54261
10.947
14.5704
14.2278
8.82909
12.758
11.8842
12.4183
10.3467
9.81244
10.5366
12.054
8.87001
14.6046
8.54879
14.6966
8.03777
14.6066
11.3665
5.65625
6.44264
10.9876
13.0385
12.7357
5.87429
6.93252
11.7178
4.34536
10.4452
5.93683
9.15509
8.46172
5.32887
11.4714
8.4721
11.2211
14.8969
12.9701
7.69802
12.1294
5.60724
14.6219
11.5253
13.2155
14.2856
11.9221
13.8907
10.3342
8.78128
14.3024
13.7383
7.9594
7.58167
10.7907
12.4332
11.004
10.412
14.308
11.6301
9.24984
12.1074
5.97367
11.6408
13.365
10.6268
7.68195
9.51498
8.35629
11.7398
11.1503
14.2885
8.99423
13.8269
10.9313
10.2947
13.7126
11.5934
14.147
9.65846
10.7373
13.4696
12.4388
11.7543
12.6464
8.71697
14.108
8.49876
8.85599
9.67725
11.8697
14.6294
9.68026
10.3634
13.7778
13.4648
13.2554
6.78845
14.3692
12.142
12.0062
9.26766
7.93142
12.4878
10.708
14.5798
12.0377
12.1006
5.47971
7.61321
10.2349
12.2064
9.59622
6.52583
11.4527
5.90288
14.8093
13.028
14.666
14.5786
9.14742
11.4732
8.84743
12.7261
14.0404
11.8906
13.5477
14.339
5.74909
11.2068
13.9915
14.7836
10.7805
6.40351
12.0047
9.81929
11.3001
12.6364
9.90734
12.552
13.8186
9.2242
14.0311
12.6394
5.60514
12.2161
9.21898
13.4317
11.8941
9.89579
13.1095
14.1479
11.7381
14.5118
14.4798
10.9727
14.4505
14.0359
14.3898
10.9997
11.6398
8.00689
10.0493
13.6423
10.3624
12.8011
11.7399
14.7052
11.2472
11.8484
6.56419
9.77037
13.1872
11.0874
11.7675
11.3467
12.5359
14.9088
4.21587
10.5638
13.8876
11.2029
14.2688
13.3581
9.56459
10.8041
11.1466
7.30962
9.64299
14.3617
10.9857
13.9709
5.60516
9.19109
10.406
12.4369
10.0273
12.47
12.8185
11.1045
12.9676
14.6886
8.63347
14.4206
6.04404
14.005
12.36
12.7407
9.16992
14.6726
10.5298
4.87387
10.8683
11.0393
14.6661
11.061
12.6821
12.5821
11.2701
5.93424
13.032
10.6436
13.6278
8.86101
12.006
14.0649
6.2816
12.564
13.3698
10.0619
8.42593
13.2641
14.9616
10.469
6.74877
14.1257
5.70742
13.9165
10.7896
13.7487
10.892
11.0708
11.4647
10.5094
14.8508
14.3095
7.35678
7.37176
7.61424
12.1441
5.08226
6.12934
12.0992
12.2809
13.4196
6.88646
14.8344
14.4006
11.3102
11.201
6.84029
10.9954
13.88
10.2334
9.80028
11.525
5.82203
9.92822
13.2154
14.4179
13.2872
6.99045
11.3291
12.6842
8.81127
11.9915
9.80772
14.8263
13.0287
11.0698
11.5127
10.5006
10.4821
9.07486
10.5998
14.1591
10.4467
10.6442
5.91717
11.1449
14.1105
10.1642
14.5381
13.1291
5.25394
11.7278
11.1164
12.7204
8.27222
11.9372
8.24154
9.50188
10.8621
12.748
4.73822
12.6697
7.63189
6.64996
9.10436
14.1712
14.6543
10.9795
14.7382
6.15125
13.2447
9.3946
13.5447
12
10.9431
14.6372
13.3301
10.0858
13.221
10.9673
9.42832
12.6352
10.9141
9.75362
14.0207
8.44308
12.9262
14.3405
7.55734
11.9294
6.4293
11.6247
13.7477
9.92759
11.5395
7.32731
8.24357
13.4862
12.3603
13.8539
11.2159
12.4121
11.3592
12.3049
11.9158
13.2368
13.7919
14.6631
13.5474
10.1101
12.784
9.95423
13.6294
6.09112
12.5497
5.91387
10.3924
9.95482
14.8894
12.6423
12.443
10.1111
6.3107
5.69607
9.78528
9.78416
11.2415
9.30374
13.693
14.5595
11.2855
9.27329
6.12795
5.75666
12.5604
7.40946
13.5906
12.811
9.15031
9.00287
6.26448
11.2235
12.3828
13.406
8.59822
10.6409
9.5975
11.5849
8.34016
8.47579
10.9602
13.1301
12.9907
9.65613
11.4773
10.2418
8.29416
11.1251
12.0034
14.0388
11.7566
13.3621
11.1733
14.6211
9.85427
10.5735
13.7436
9.63441
12.1015
9.98035
11.4537
13.4679
10.3585
13.3006
14.0638
14.0962
14.6363
13.0368
11.5256
9.94615
10.0398
6.75913
12.9373
14.098
12.7876
10.3265
13.2126
8.83394
14.2869
11.9804
12.7037
12.021
9.08084
12.9
12.3484
13.8945
4.92906
13.5112
11.9387
12.6362
12.8689
6.35178
5.66299
7.0772
14.1434
10.0053
14.7982
5.55081
4.80358
13.8488
13.6352
11.775
7.51837
14.4094
12.2488
11.5139
14.2398
12.8433
14.5785
10.8539
13.9653
14.8343
9.03381
13.8375
6.85156
9.03317
8.82886
14.7099
11.4108
12.1745
10.3217
14.8359
13.7955
5.78407
11.1806
14.0321
13.7939
11.0629
12.8596
7.84575
9.09576
10.7759
14.383
13.0005
13.6843
11.404
14.9616
13.141
6.58443
8.43332
12.3547
7.74645
14.5334
13.5733
14.9157
11.6163
14.2775
12.9383
10.4945
14.6069
14.0967
12.8166
14.466
14.7614
11.0873
7.77024
14.014
6.023
9.75617
11.3871
11.1331
12.5553
8.60812
12.9057
13.9441
6.02366
10.7997
11.9298
11.6831
9.78848
14.0699
14.8476
12.4168
7.74978
10.2568
14.5328
12.0026
13.7515
14.3206
7.66344
14.4773
11.0441
12.975
12.5134
8.65652
7.41333
11.6762
5.69037
11.398
11.8377
11.2159
10.4933
10.535
10.1476
10.5195
9.34371
4.99134
13.97
8.65772
12.7745
4.33407
6.11014
14.2209
14.8858
9.67852
14.3699
14.4279
10.5103
13.6134
6.74312
10.958
12.1112
11.5041
9.44518
5.95616
9.21247
5.41703
11.4532
4.42688
5.24838
5.07294
9.24212
7.96778
10.3815
11.2996
7.6127
7.52929
13.3623
11.8434
9.34304
5.52175
14.0356
13.001
14.9292
14.9709
14.1388
12.3205
12.3946
10.7956
11.2936
14.6379
12.5563
9.04005
12.915
8.13951
10.9798
11.2314
10.2348
14.7603
13.3185
10.6336
6.88804
14.3052
8.78195
12.3707
10.1338
12.9237
9.73876
7.83236
14.4815
9.87182
14.4799
11.1448
10.5008
8.14377
11.7381
11.2658
6.49981
6.94011
11.1868
14.1197
12.8571
10.3835
9.84903
10.2189
11.2449
12.8795
8.51797
10.174
7.61136
14.2638
11.0838
9.00369
13.7135
13.574
12.9343
10.6568
6.48447
11.9421
9.37569
9.9646
12.6778
8.82428
9.64037
9.67528
8.45318
8.58013
14.3907
12.5815
9.10993
9.96041
14.2873
14.3078
14.9539
13.6796
10.339
14.6352
10.4374
13.5608
13.7243
9.25173
8.7235
8.92592
13.9119
8.66737
9.854
6.94248
12.9706
8.94817
13.1006
10.8304
13.5145
11.6072
12.2471
10.4823
9.84231
13.0453
9.5858
13.3685
8.76881
8.79423
13.1525
12.4744
11.9593
5.92707
11.1715
14.5399
11.021
9.87452
10.7308
12.4108
10.551
8.69084
14.0458
8.3723
8.16373
11.7583
11.1466
9.92583
9.74009
12.3713
5.17002
5.39478
6.04415
14.7849
8.71361
9.67605
9.57997
8.63446
14.7773
11.8589
11.012
6.10667
7.63571
5.52566
9.45148
8.64466
8.45792
14.402
8.68098
12.9954
9.17895
4.95666
12.2721
11.0939
8.14303
12.2256
10.9263
10.9839
8.98624
13.6709
9.51675
13.7421
4.97137
6.00507
14.5696
14.5714
10.2363
14.884
11.2749
12.8635
9.58731
14.8237
7.7408
11.4727
13.3047
10.5998
11.8432
8.24481
13.9586
12.2404
9.44681
12.2485
8.5288
14.2331
8.63629
10.8068
13.1242
10.3625
8.70917
14.211
12.1384
14.3982
9.88503
13.1043
7.97136
14.8732
13.6812
13.0181
12.7887
5.15759
5.67898
10.8362
13.8797
11.8523
8.08078
12.9702
12.7068
5.83563
9.5355
9.70478
12.9163
11.465
10.5808
6.58036
12.6054
14.6713
14.9602
5.68818
13.7713
13.8413
9.67177
8.86318
9.39885
11.2235
11.5211
9.42382
14.7155
13.578
14.9565
12.8277
12.1289
10.9794
9.72155
10.1368
11.7942
12.6252
11.4133
12.5765
11.0081
11.0319
13.7562
12.122
13.395
13.0012
12.591
9.59871
12.7638
9.4158
10.0653
14.1052
13.5197
12.895
14.0316
10.0585
7.78645
13.0509
8.37971
7.53283
13.799
10.3215
11.5927
8.71595
9.7987
6.44212
6.02229
9.79958
14.8597
10.4478
5.82658
13.1752
11.0064
11.7136
10.2142
11.5379
10.1876
9.90532
10.5884
10.3361
13.5573
11.4928
12.3998
8.47285
14.9809
10.9271
13.2531
12.986
14.773
12.1328
14.6341
10.3067
11.3793
14.2799
10.3856
12.1128
13.8182
11.7307
10.4866
14.0462
5.76342
10.4849
14.3443
9.83836
14.7442
11.6372
14.9523
11.9477
13.3293
7.21325
6.73616
8.31663
10.9334
9.28007
14.1445
10.5597
4.36296
5.79099
7.50561
14.6917
12.2968
13.8556
13.41
9.22228
8.88245
11.5514
14.8173
14.5887
13.9354
8.42909
14.4411
12.735
9.96988
13.5322
10.0189
10.7977
8.85176
10.231
10.2528
9.64065
10.374
10.8173
5.31052
12.5291
9.59741
10.7974
13.0894
10.3262
10.504
9.49028
6.29911
12.2743
14.639
8.66753
10.4514
8.88341
12.2965
10.981
14.4122
12.5891
10.8405
8.45508
11.1663
8.36477
8.48262
12.5008
12.0564
14.2735
11.2903
8.90202
10.7631
7.13124
11.8536
11.9402
13.6502
10.2906
10.9482
11.5501
10.6522
9.29841
12.3734
11.925
10.5548
7.07249
10.3339
10.6464
9.5914
13.1951
11.2109
9.55923
11.4523
12.182
11.4672
8.01766
6.16065
14.8912
14.303
10.7728
9.24034
7.3663
11.8223
9.55834
12.0319
13.5757
11.7045
12.9773
9.79396
11.2452
14.7842
14.2835
10.0367
11.7065
6.32754
8.09259
11.012
10.124
11.5776
10.4764
11.4289
11.1163
14.5134
14.4366
9.71437
9.39958
13.4781
12.2038
9.18513
10.7978
13.5703
10.7793
14.4618
13.8016
7.85414
10.558
7.45522
11.167
12.1249
9.62564
9.2418
13.4948
12.345
14.8385
6.03501
12.7789
13.0208
10.4959
10.5552
11.8214
11.9076
12.2502
8.18717
10.4818
7.04748
11.8342
14.0909
12.3413
7.31148
14.4177
10.6046
6.02938
14.1363
11.5074
11.7562
5.50109
13.5298
10.6584
12.5099
11.054
11.4323
10.5462
5.63826
10.8977
14.8899
8.49164
4.5131
11.6892
12.9866
10.4893
12.315
9.55233
11.7926
10.5814
7.93342
6.95382
9.19256
9.63826
11.3074
10.195
11.9559
13.4909
10.0076
13.7813
11.4614
12.7863
6.15239
14.5569
10.9731
4.07931
12.641
11.5152
12.7856
9.04274
12.0069
14.4778
7.58823
13.3311
13.5238
10.8492
12.4226
13.3898
13.7024
13.1161
10.7635
9.00509
11.7993
12.923
11.3772
9.69386
12.0372
10.8123
9.62213
10.2906
11.2412
13.0847
6.81303
8.74624
9.82207
12.4463
13.121
10.9357
9.81098
10.9166
13.823
9.36788
9.20843
7.76717
9.47714
10.5515
14.1261
6.29703
10.4278
12.3214
6.90196
13.2467
13.4727
14.7376
6.5126
12.3456
14.889
10.1675
12.1713
7.31685
13.2785
10.0314
6.61904
12.9301
12.3886
7.33481
12.6716
10.5505
11.7449
13.6298
10.6114
9.90701
12.3442
6.81532
14.748
9.52963
7.62827
11.3581
9.67528
14.1452
8.11123
6.36052
12.6626
12.6049
14.8207
12.7626
13.3454
7.3131
11.5295
8.77139
12.8314
8.70227
6.27162
9.53111
6.59888
13.6617
13.4394
10.94
13.408
5.41515
12.5343
10.5989
10.8607
8.38854
11.3326
13.0651
12.5512
6.863
12.8239
14.1863
10.5599
10.575
12.1219
11.9941
7.05299
5.95785
8.266
11.0356
14.8377
12.8197
12.6037
12.5591
14.1333
14.839
10.2957
12.4104
9.9703
9.66294
12.3469
12.3517
14.3521
12.6695
8.21993
11.508
12.913
5.98881
9.73376
13.9171
10.6197
10.6385
10.6285
10.3606
14.3179
12.6594
13.4731
8.77784
12.1044
10.1742
13.2125
11.3412
10.1563
13.4512
10.5358
10.577
11.0945
9.99417
10.3059
9.82594
11.7889
5.95165
14.7631
9.84365
10.9318
12.7978
9.78173
9.92671
10.7115
13.9642
11.6262
12.7469
12.8523
8.89527
7.52448
6.14717
11.6875
12.1918
6.08679
10.8407
13.2123
12.1977
11.3704
9.7781
12.3679
6.64869
6.05287
13.7807
14.8082
6.01334
12.9708
14.1851
6.29785
9.28918
14.5827
9.60544
13.7336
13.3518
10.5449
14.3954
9.89601
7.28066
10.164
13.8361
8.34442
9.48726
6.06234
7.87561
11.4792
10.8881
8.81642
10.4033
11.8276
12.211
7.26506
14.7138
8.01447
14.1441
10.515
13.4002
14.3569
6.59282
12.727
12.7275
10.9896
4.99418
9.99749
14.1125
11.0701
14.8704
8.52019
9.85317
6.14515
8.71022
13.3537
9.68865
9.10561
6.09673
10.8204
10.41
12.9684
13.941
11.0015
9.87861
8.21288
13.8893
12.273
9.04109
11.092
6.95236
14.5466
4.56471
11.6946
11.1383
13.9001
14.0745
9.19718
11.3208
8.19528
12.7881
7.86843
6.67264
5.48973
9.3663
13.763
11.5311
13.1021
11.4506
10.697
13.1732
14.7138
14.886
14.9769
14.8203
7.81652
6.83236
6.22358
9.44998
10.3914
9.57957
14.1335
11.5574
6.66997
14.3012
13.6643
14.3316
14.755
12.5354
13.2535
8.62406
9.05195
11.056
14.579
7.58461
9.28942
13.5882
10.53
14.8309
8.60799
12.2311
11.6612
12.7294
12.2379
10.4441
11.1187
10.7425
13.6285
9.69135
14.7236
14.1393
10.3867
11.2927
11.7223
13.4027
4.59809
9.01564
10.2758
11.0985
8.92935
6.83664
6.10988
13.9119
12.6487
14.5059
6.67288
8.7295
13.1233
8.31038
13.9408
11.289
12.9083
8.63438
12.3764
9.91525
14.1974
5.81312
9.68268
13.2164
10.0467
13.9222
10.7822
11.843
11.2727
10.4324
8.81863
6.62955
8.74291
12.7483
14.1347
5.68152
10.765
14.4099
13.4786
7.94926
9.32294
9.42311
13.0874
8.87109
9.55951
10.5839
13.7864
10.6556
9.26263
13.7153
8.61168
6.04662
6.2127
5.55779
13.7946
7.22151
8.85381
5.10289
12.2726
12.7453
12.1398
10.5463
10.0624
11.7295
7.05057
13.3081
10.4576
11.3647
11.6441
12.5655
10.7321
6.02015
14.5368
11.3487
12.5853
8.8632
11.1332
14.1821
11.5209
13.9194
9.45539
13.2831
8.68104
7.01024
9.87869
8.50925
12.5888
8.29659
12.4343
10.3572
8.37434
7.27069
11.2871
9.62945
11.1806
11.7043
8.31998
11.7077
14.9303
10.5135
14.2767
11.7421
9.99247
14.2887
13.013
11.9666
9.95395
12.8113
9.516
7.2791
12.5608
13.137
8.51007
14.3478
13.3224
5.41662
12.0541
11.0283
10.3283
14.8492
11.6349
8.23339
10.4439
12.0711
12.5416
9.71218
7.72367
11.6027
5.64041
8.27759
13.0572
13.9882
11.9011
12.9593
14.7996
13.5967
7.216
13.6861
14.9781
14.1426
10.4553
9.8123
9.71305
13.2264
13.795
13.8999
13.0122
10.5162
14.1044
10.5843
11.8669
7.5131
11.2182
9.09575
13.7817
10.5655
13.6871
7.7843
9.73323
13.3238
12.7509
11.7283
10.8517
11.091
10.5265
10.6029
13.6153
13.73
12.7281
11.6862
9.48907
11.9891
7.43606
10.3692
14.4048
9.02498
6.31662
6.26838
14.5324
8.79275
13.1157
13.4527
9.71967
13.2799
9.06484
11.5109
5.05664
10.3568
14.6447
11.1246
13.5444
8.86032
10.8584
8.91131
11.4578
6.15956
12.0695
5.62843
10.5842
5.94641
8.05395
8.74455
6.1025
8.64254
10.0257
9.71346
7.65115
5.62996
8.48281
12.4681
10.5632
12.2213
6.11087
12.4609
12.0119
10.5521
12.123
13.4157
13.4609
6.08404
12.7542
13.8925
13.7338
11.4785
10.125
10.8257
8.13233
8.36837
14.9406
14.6038
8.50417
10.5737
8.83269
11.1563
9.79615
12.6655
9.14281
12.8003
11.5166
14.0897
12.3642
14.5724
14.5975
10.0294
10.5907
14.3252
9.97401
9.3309
13.7189
14.9891
11.5035
9.53364
11.538
9.22628
14.2087
8.49629
10.6328
11.6335
14.4732
11.0891
6.30922
8.67473
13.1891
12.9677
6.16068
12.6362
12.9772
10.7199
12.3394
14.6339
6.15781
10.4268
8.47645
9.18111
12.6856
5.73749
9.48773
5.44962
6.4844
14.2539
12.711
10.4246
9.90851
10.3032
10.143
8.47113
10.6925
13.2146
14.4233
13.7288
10.0304
5.37815
6.36578
9.9832
11.7373
10.368
10.8091
9.06562
11.0296
11.058
14.8642
13.1265
13.0927
11.4242
11.4407
14.4174
11.3392
5.36318
9.36173
12.6325
10.3345
10.7096
14.3388
11.0697
13.7096
10.7991
10.4067
10.9169
10.7571
14.9434
8.84732
11.2731
11.9208
10.4235
5.8315
9.63913
6.54711
13.472
8.46233
11.1938
12.059
12.014
13.9332
10.495
11.855
14.5829
11.03
9.04488
12.3173
12.4852
10.5677
8.95526
5.7367
12.4129
13.7181
7.38633
6.1091
12.2015
13.513
12.4401
10.761
14.9486
8.90295
12.7277
6.90969
13.4664
13.5792
10.4858
12.3694
8.12556
10.4139
13.4561
12.1966
5.28797
6.13239
14.8035
11.0657
12.3989
9.80804
10.9139
8.63954
13.9163
9.45333
13.9915
8.91239
8.6297
13.3327
14.9492
6.02051
14.6241
6.23146
14.9584
11.9059
9.25163
14.7883
14.3239
12.772
14.5193
9.25976
7.75901
13.2843
8.00648
9.70433
12.3005
11.3709
10.3595
4.78086
13.2083
11.2468
12.4099
5.68611
12.7085
14.0285
9.87364
11.3065
9.3836
11.6992
9.48276
10.6215
6.44573
12.6746
11.4799
8.62736
9.61038
10.5486
12.0207
6.5571
12.1922
13.0962
14.104
9.54358
13.9038
10.2872
6.7045
11.8164
6.40332
9.53501
11.6293
10.0242
13.3183
10.7127
10.4757
7.57664
9.91828
13.7981
12.6887
13.2788
6.1844
10.8281
7.74088
14.2022
10.9485
11.2705
14.9925
10.8634
14.6851
12.2374
6.10695
13.5915
10.8639
14.2969
14.5679
14.3447
6.4872
9.75644
14.9688
6.76926
5.20146
8.36044
9.4772
9.25808
9.93521
8.35753
8.55678
11.9016
14.3344
8.79873
8.7995
10.8224
14.8988
13.4788
14.4293
13.4509
10.1786
10.7354
9.98982
11.6403
10.4035
4.42306
10.0934
13.2713
7.9887
6.26939
9.89702
14.2301
10.8466
14.2085
6.0022
7.20699
5.65806
11.3307
12.2228
9.74716
6.03483
6.13843
6.15313
14.1939
9.57872
14.0819
9.04643
5.10492
8.9173
13.3826
10.494
10.5865
11.1499
9.51822
14.4263
10.7515
9.55266
12.4648
11.5275
11.2713
13.3571
7.23386
13.0528
10.1208
5.57671
12.2859
13.2941
12.0332
11.4213
8.88765
12.8092
11.5692
11.0779
9.13873
11.7267
14.6524
13.8808
14.6712
8.64905
8.62731
13.1228
9.86186
14.4615
9.80679
10.9399
14.4811
10.9987
14.441
14.4944
12.209
12.8447
6.96807
8.49865
14.9784
13.28
10.4899
8.03539
10.3802
8.10401
12.8733
14.97
14.6465
12.0972
8.92805
11.1731
6.43413
12.1765
11.7385
12.2629
14.1152
9.37548
4.6312
14.7864
10.2097
5.78444
6.37399
11.9015
9.59011
9.76348
10.5144
