7.9485
7.27325
4.89635
6.21171
11.2657
13.6716
5.9538
9.16182
9.95673
10.9305
13.0997
9.36176
10.1467
11.518
11.3653
11.5472
12.8709
14.8381
10.0617
6.98662
6.51466
7.46053
7.45204
10.7808
10.4789
11.3614
14.239
9.97573
9.12158
8.769
14.2197
12.2465
13.7468
11.3852
14.5255
5.50406
11.3694
12.1104
12.1764
12.222
10.5412
13.923
12.0861
13.8537
13.4617
13.4821
14.4331
5.81499
12.9356
12.0196
13.713
13.9385
10.8643
14.9826
8.46625
14.3845
10.1323
13.6839
5.89969
13.5427
11.4247
10.274
10.8054
12.0075
10.2314
12.7452
10.4133
9.63726
13.4029
11.0404
9.59366
14.3504
12.3272
12.1069
9.62442
13.5864
13.1677
10.4307
9.64689
8.64382
9.77244
11.2909
12.5451
10.9324
6.54295
8.40606
10.6847
13.7108
12.1109
9.55617
10.3517
5.60279
7.78187
14.2151
13.0893
13.4746
7.72351
11.4597
11.7123
13.7495
9.82306
10.5421
14.833
14.6158
10.3484
11.6821
8.90439
9.39216
14.8384
8.74939
10.5793
12.2232
13.1082
9.61345
14.1338
11.1308
11.9657
6.61871
9.71591
14.5698
13.266
12.5433
10.2494
14.3373
5.79774
8.09867
14.2368
8.28371
10.9669
11.0303
9.10374
12.2732
4.86188
5.97601
8.63748
5.67437
13.7274
12.0782
12.6513
8.63219
13.471
4.95225
8.62569
8.80093
11.0802
8.25257
11.0086
7.35638
10.2952
11.706
13.2813
12.3347
9.3193
8.87856
10.4385
11.154
5.83963
11.6483
14.993
14.0445
12.0301
10.4063
8.2167
12.4094
11.2987
11.2307
10.874
8.6344
12.11
14.6955
12.3637
7.92312
13.0355
9.49172
8.33989
9.42378
12.7835
9.69578
6.83446
12.394
10.0903
13.9213
11.5804
14.6531
13.8507
12.3202
14.3511
9.17309
13.8175
14.6668
12.691
12.127
13.6112
13.6967
9.07059
10.0761
9.00823
12.715
12.9054
11.3628
6.29442
12.2656
9.37943
6.04353
9.05731
10.0508
7.58563
14.2744
9.62932
9.53319
9.5996
11.4794
11.2323
12.3815
6.03539
14.045
13.5514
10.0457
11.663
13.4486
8.69586
13.4606
14.7949
14.0995
11.128
9.68532
14.8342
14.905
12.1412
10.3821
14.2473
11.0315
10.7073
5.24535
5.96038
13.4748
10.3718
7.95292
9.3255
7.74007
12.5296
6.46225
14.7043
14.245
8.95879
8.49594
14.2239
12.48
14.0337
14.175
12.2982
11.0974
9.74156
14.1914
13.2792
12.2442
14.7264
12.886
6.38545
13.4213
11.0424
10.0418
14.9998
12.6642
10.3172
13.9241
4.6269
14.4329
11.7563
11.8792
10.2751
13.8796
10.4821
12.1168
14.4112
14.6234
10.7551
7.78885
9.41943
13.1983
9.03333
14.5646
6.19709
11.7334
14.7499
9.56965
10.0972
9.53884
14.821
7.78369
9.88808
12.0255
10.0864
11.8136
8.92356
13.5105
5.89337
9.37696
9.4679
4.83982
13.5824
9.80455
10.4775
14.7019
11.1092
8.68819
13.5804
11.9606
13.2956
4.94156
7.01339
5.46944
10.2394
13.1173
13.3473
14.4818
14.0573
10.8355
12.7849
14.9694
6.79445
13.7129
5.09991
8.24875
10.0775
7.90238
8.16725
12.9857
13.1544
7.7054
9.13996
13.3017
8.72467
13.2417
14.837
13.1453
9.40632
11.0268
8.8324
12.0048
12.5778
10.3876
14.0265
14.3328
6.27533
8.06499
14.258
10.698
7.23318
9.59988
13.7265
9.18047
13.5529
8.95079
14.6239
9.39157
12.041
12.2183
11.031
10.4266
6.86749
13.5621
8.10516
14.8699
8.36482
7.57248
5.80184
9.61881
4.63257
11.7179
14.8586
10.0995
11.3329
5.39784
12.9462
9.75651
11.3373
12.5409
9.68184
13.4498
6.10609
14.5693
11.3016
12.3412
12.1147
13.7585
9.53538
12.5701
9.37819
13.9164
12.2871
11.7272
12.2612
10.41
6.13509
14.2307
10.2893
14.6222
5.95124
12.8987
10.9244
10.6945
8.66329
9.44035
14.9756
8.06243
11.7335
10.03
12.4287
13.0094
9.51522
12.0052
5.84521
12.9388
12.4207
11.8364
9.56943
5.66665
9.29356
11.6421
11.6878
10.8669
5.43338
5.70451
10.06
11.9612
12.1711
14.5393
10.707
10.9229
14.6251
6.35659
12.2727
13.5712
5.17942
14.5919
6.46397
9.59076
5.80913
12.6725
14.5104
11.198
13.2553
6.08205
13.3446
9.81371
14.0572
14.5954
14.8658
7.9447
14.056
13.495
13.2381
13.7611
9.72199
8.88422
14.9909
11.2651
11.6542
12.7051
8.16207
13.0437
12.6896
12.0261
10.8757
14.8284
9.71944
5.44625
13.4518
11.7623
14.3987
13.4725
12.7143
12.8606
12.6112
14.328
6.04596
10.0776
14.7976
5.58202
10.4921
9.86866
12.409
8.33246
12.8179
12.0301
12.0045
10.4075
12.7197
12.1217
8.7041
11.6279
12.0411
9.90707
4.74514
10.9077
11.8609
11.0728
12.1102
10.4664
13.6778
12.5002
9.12986
13.344
11.5872
9.614
11.1189
9.16071
12.9987
11.9734
13.9197
14.7994
12.78
13.8565
11.1232
14.637
10.8898
8.60742
10.5173
12.2555
10.4697
12.5297
9.64306
10.3327
8.40536
6.87167
8.4268
12.9265
12.6267
14.5777
11.5172
7.47505
11.7183
7.9688
12.927
14.7162
8.8019
12.4669
8.86738
14.7667
12.6526
13.9966
5.91287
14.1293
14.0516
9.75891
14.0518
11.5457
14.3355
4.79263
7.50401
11.8463
7.73988
8.32229
11.1607
14.6027
8.11975
6.98166
10.8482
12.7585
6.34985
9.69584
9.0207
12.6157
7.44158
14.3368
10.6285
14.0903
13.0994
10.4589
13.864
13.871
12.2555
7.33573
7.96403
12.606
13.4198
13.2996
14.2589
14.1167
11.9162
8.50434
10.4073
10.5769
10.0206
5.83628
13.6783
14.8467
11.2753
9.95369
12.7458
9.16111
12.9089
10.4098
6.41458
12.9524
9.42096
9.94703
11.2887
13.6079
7.97681
11.5415
14.0696
6.47454
8.59377
13.7193
10.4926
8.44152
13.2498
5.85861
6.12991
8.9756
11.3321
10.0363
14.9235
11.0151
11.3376
13.2264
13.3781
14.1987
5.23262
14.892
12.1291
14.7677
7.72779
11.2237
12.9713
10.4142
14.702
11.4811
12.6503
4.42063
8.68134
10.7452
10.7566
9.68396
10.4982
14.5262
13.3178
9.53218
14.5073
10.9852
12.3732
10.8547
11.2213
12.0657
12.0692
7.55465
12.1736
6.75299
13.7728
10.9392
10.2565
13.3666
8.85295
14.5316
13.2956
11.0332
13.9184
9.70363
7.75079
11.2609
11.5513
9.955
13.394
14.6205
8.91791
12.4023
8.58092
14.1678
12.4936
10.4581
9.23704
8.9066
12.9716
10.4688
10.3662
14.2934
9.56243
6.22533
9.82643
12.0154
14.4703
8.50181
13.825
12.9948
9.34586
14.411
14.8541
10.5327
14.8789
10.1339
11.2934
10.4857
13.0664
9.63045
10.3786
11.7734
9.57018
12.344
11.6282
13.0259
6.62402
9.97196
9.6789
9.67876
6.24454
5.59065
11.6627
13.0489
9.32909
13.99
10.3527
11.9537
5.38928
7.91977
9.31059
11.0548
9.80688
11.5254
6.90495
11.4763
14.0158
14.6921
9.53674
7.19852
9.47994
9.23816
12.6701
11.6154
12.2475
12.6605
9.36864
8.95511
8.48468
11.9657
12.2938
10.0261
14.7373
12.3014
4.45717
13.6116
9.89985
8.45365
14.5655
6.26554
13.6163
10.87
12.6465
14.4994
7.11266
8.62831
9.16079
9.41447
9.83768
13.9463
9.75114
10.7509
11.4845
13.9454
14.4683
9.17953
9.52026
11.3021
9.411
11.74
13.6537
10.4686
12.6814
11.724
6.89461
13.0252
11.0861
14.551
14.2058
6.44517
14.1774
9.71637
11.5857
11.6451
12.7886
12.3883
12.4158
10.2444
11.3561
8.40405
5.68134
12.4077
12.4251
14.5291
14.5797
14.3939
9.20438
10.4163
14.4301
8.01169
5.22716
9.80132
7.89102
5.34614
9.83899
9.74872
13.777
10.9528
12.8892
6.03755
13.6613
14.1943
4.2958
5.46521
13.6919
11.657
12.9211
14.1222
6.16091
13.4853
9.70072
13.9529
10.9927
13.8281
5.56345
14.202
4.38477
13.6947
13.9079
7.47514
13.4408
8.62472
10.89
14.5148
10.4221
6.45972
11.295
14.9391
12.7592
8.2451
6.2974
11.7041
13.0613
11.4895
7.98448
11.8172
9.50857
13.4804
12.0884
7.02732
12.98
12.1083
14.4298
8.9378
10.5659
13.0374
7.18883
6.66699
5.87561
6.37961
9.55129
11.1823
9.67092
11.6393
12.8358
11.4548
14.6767
12.6226
6.70687
14.3146
6.12852
14.7564
14.0588
14.8326
10.9648
11.1154
12.9216
12.6274
9.32585
14.3436
14.0462
14.3649
10.3778
12.5734
7.768
12.2879
13.7195
11.8181
13.5262
8.90425
12.7246
8.47892
9.56219
10.6095
14.0188
14.9902
13.9668
14.2568
10.1992
8.60145
10.6582
10.2124
11.6217
10.2337
10.1287
9.79344
14.01
10.2082
12.1817
12.591
12.562
10.6645
7.70822
13.2025
13.5867
9.13671
8.77353
7.96475
8.38514
13.234
10.0672
9.8726
10.6468
13.5446
14.4317
11.083
9.88736
13.2735
11.753
12.7431
5.47975
7.15471
13.6782
9.89021
13.2485
11.7536
6.52237
14.5794
12.8524
12.0192
9.19312
13.5235
13.692
10.5935
10.7033
14.8491
10.8218
13.8721
9.89684
6.98357
10.5797
14.0572
13.4751
7.93968
14.0083
14.6216
5.8539
9.77172
6.91001
5.65341
8.70135
8.73957
10.278
13.899
10.8595
11.1191
10.614
11.2708
14.5429
12.2084
12.3067
14.2353
9.83829
10.7751
12.2913
12.3314
11.3219
10.149
11.9249
10.2063
9.94963
6.13767
14.5084
12.8058
10.493
6.00239
12.3848
10.1665
12.8628
13.4224
6.80606
10.7869
10.1467
13.8194
13.275
9.79884
14.3606
13.1499
11.1455
13.5764
8.37423
10.8561
14.0869
9.95145
14.6472
11.4369
10.201
7.90118
10.3497
12.6782
11.2786
14.0744
7.76069
11.5125
12.474
7.87811
11.0212
11.2855
12.9677
12.0344
13.3596
12.0177
5.72984
14.5776
10.2817
9.59749
10.0286
9.814
13.9979
10.018
11.9017
9.70171
5.72716
13.3354
10.2457
5.73489
9.66541
5.04013
9.74849
8.54359
13.828
9.84934
11.1249
11.9061
5.23059
10.1136
8.62138
9.76169
11.8623
9.76729
14.4572
14.0747
14.7224
11.0507
12.8175
14.9914
13.8911
14.6641
13.7064
10.0185
12.5625
12.1871
11.6212
9.30131
13.1107
9.35797
8.26077
9.7601
12.8171
14.5028
12.8449
7.21857
9.6525
13.9485
14.89
8.44534
5.38098
11.6447
12.278
4.55513
9.29225
9.76198
10.8288
6.28749
12.8617
11.7343
11.3626
13.1625
8.68365
10.0345
14.5216
5.38061
13.5444
13.6355
12.7196
14.8163
9.50941
13.9127
10.3492
13.849
14.8387
12.2522
11.2244
12.3698
12.9985
12.567
11.9507
5.94219
6.6501
14.5684
6.19175
7.887
9.56446
13.7733
11.8622
14.0378
10.8733
9.47666
7.33199
14.8817
13.4825
13.0062
14.6028
6.4139
13.8122
13.0621
12.9418
12.8021
13.9559
14.9477
8.76628
10.7488
10.6707
6.93484
11.7881
7.9889
5.24342
10.5648
13.3018
9.6845
10.4254
9.84066
13.9732
8.01346
14.0797
8.50818
11.3163
12.7557
6.16624
8.58597
11.2838
14.6221
12.359
9.13471
14.9841
13.8785
12.1137
14.0026
14.9927
11.4802
13.5502
11.4077
5.86576
14.7193
8.2085
6.99024
13.1681
10.5311
8.42854
12.1739
4.8982
9.18133
4.46434
10.5055
7.642
13.9707
14.2891
8.44861
11.181
10.6111
8.27577
10.0019
12.4022
5.46862
6.05371
12.7942
10.1634
9.08671
12.2268
8.93226
4.78989
13.4488
12.8685
7.17504
7.33975
12.4711
11.1386
14.379
12.5653
11.5027
7.14153
10.1605
14.5574
14.9872
9.05124
8.65837
13.1634
14.9663
14.6161
8.43955
11.3315
13.114
10.1544
8.21731
9.63068
14.1078
12.5354
11.6754
14.7488
13.4386
11.1512
11.3257
10.1677
6.43532
10.9792
7.17793
10.0827
14.4007
10.7774
6.93316
10.0408
5.42793
12.3162
14.8547
13.676
13.214
10.9308
11.0948
10.302
11.0988
5.50916
7.47803
14.2436
13.451
14.4917
9.05963
13.1377
7.15401
7.29491
9.85081
14.0224
13.6318
14.6283
10.6589
6.42907
8.83399
10.37
13.2969
11.2644
9.80619
12.0794
11.3753
10.2327
9.40822
13.6728
10.7865
8.31803
12.3715
13.8869
13.2146
12.0403
13.7201
5.67913
14.4637
9.20356
9.36198
8.48361
14.3666
9.45815
12.0387
12.4021
13.3065
10.5989
10.1502
14.8921
10.676
10.8355
12.0934
11.5439
11.2155
11.7142
8.00041
11.6114
9.2004
6.67803
13.4039
14.9057
13.2475
9.62695
12.1154
12.5432
14.8634
13.4992
13.3464
6.47317
8.3011
12.3461
9.17083
12.0164
11.5356
13.2974
7.19197
14.6302
12.5348
12.9564
13.4306
11.1464
11.9119
11.8499
10.649
11.9305
13.7354
10.4179
7.20565
10.8541
6.32329
10.8424
8.05826
8.91722
9.60339
14.4131
9.88197
9.56794
5.8941
13.436
8.65347
12.4003
9.0353
8.26984
5.93302
9.00593
10.6311
6.93111
8.58957
7.42992
11.6319
14.4762
8.2637
5.19379
14.8405
12.5244
10.2191
14.9419
5.97959
13.5349
9.41443
14.6275
13.8332
14.8977
12.4807
14.2058
5.37175
8.79153
12.2844
11.2689
7.14811
9.8428
13.4325
13.8743
9.94205
10.8939
11.1457
12.4371
6.34462
13.0025
10.8638
7.58249
12.8766
10.5251
12.3423
8.81992
10.9313
14.89
13.1326
13.8325
12.9506
14.7421
11.0544
13.8439
13.39
9.18787
12.0198
11.3009
5.44259
13.5604
9.48087
10.9292
13.705
10.6044
10.4384
11.4959
14.1843
9.54047
8.31127
4.43077
6.97565
14.4019
9.09318
10.4382
10.1381
12.3185
14.6833
14.4265
12.2282
13.0212
10.333
10.0778
13.6752
14.4104
14.7481
10.8358
9.08488
9.6569
5.80802
14.5214
5.89852
13.9761
11.9203
10.427
14.1531
8.32061
14.067
5.96893
12.6106
9.87317
14.9054
9.51511
14.3647
6.32357
12.3696
13.3479
12.1297
6.21992
9.54831
13.8876
12.5109
14.7061
10.3862
9.92855
10.2475
14.527
9.04925
14.6002
13.931
12.3244
9.8093
11.9175
12.1182
10.0769
12.097
14.7815
12.5159
14.828
12.0891
14.1644
12.5787
13.1405
14.3358
10.5693
4.40802
10.0451
11.4854
12.1824
11.4541
13.4923
10.6278
7.17904
8.70166
4.7265
11.4846
14.0492
10.6364
14.1841
14.5727
4.25179
11.7692
14.1341
11.437
10.9584
13.441
10.3969
13.6992
10.2748
12.8213
5.87178
13.8838
6.09497
8.2689
11.5833
9.82576
14.861
11.9518
13.7821
12.2888
12.3357
7.13368
14.1136
12.4482
12.814
9.17847
4.87735
10.3819
11.8792
13.1505
8.63167
9.13756
13.708
14.351
14.4057
12.4783
10.5246
14.8876
11.1394
12.4235
14.0472
12.0658
9.98791
14.4227
11.7878
5.64801
8.71968
9.31985
14.7263
6.40528
8.48346
5.65249
11.4567
9.85821
13.439
12.0854
11.2406
8.66136
14.1917
11.1788
14.612
13.9514
12.618
10.1925
13.6857
4.98902
14.7535
14.7664
11.2484
5.64164
13.048
12.7109
6.14702
11.9988
9.98575
12.9501
9.72593
9.70435
8.45728
10.1606
9.13075
9.91743
13.3167
13.9669
7.31738
10.5825
6.06759
10.4886
8.99563
11.5791
5.87431
12.4579
12.6912
13.9178
12.1394
13.5903
8.4663
10.7922
10.2049
11.4196
11.7376
6.28319
13.1184
11.8989
14.4434
11.5739
13.1249
9.68481
10.3748
14.0507
13.5645
9.65415
12.9703
13.7102
9.40046
8.67031
14.411
13.2172
12.1874
4.9692
10.0701
14.0869
11.7125
11.698
13.0702
13.1307
11.2112
13.4231
8.90451
6.31484
12.6891
13.9035
7.23345
13.902
14.4655
6.69269
6.41046
13.03
13.2584
10.3562
12.0516
7.60348
9.59423
11.9067
6.73226
9.46634
11.2092
12.6044
9.8515
14.7717
14.6859
11.9436
9.73432
9.70539
6.64391
6.71223
8.87758
13.8023
11.676
13.3432
14.6137
12.9142
9.03596
9.04698
11.3346
11.5956
9.46073
7.3197
11.1546
14.1871
11.6791
11.8914
13.0572
13.3417
11.2288
14.3447
9.64599
4.597
10.6454
8.71269
8.49282
9.43144
6.09987
9.70092
14.9486
11.0343
13.5417
11.2837
11.0805
9.13843
8.45286
13.2921
11.1802
9.24264
6.45739
6.41034
12.3373
10.2292
9.0249
14.3704
12.5349
10.5018
12.6678
9.46302
14.598
5.39681
13.8509
14.061
6.68
13.9625
10.6699
10.864
11.5139
11.8291
9.96916
14.148
5.99967
8.09395
12.7008
10.0093
11.0059
13.2441
12.813
11.2651
12.8084
10.9021
8.54363
6.43185
13.9547
5.65934
9.32677
10.3827
10.8853
11.3661
12.6815
10.4211
14.8367
12.1779
4.70305
9.83805
11.5111
13.7706
9.8676
10.6523
9.01775
5.69111
10.9468
13.1849
12.7516
14.9043
10.2337
14.1162
11.8826
14.0611
13.1103
13.5232
10.4537
12.5176
8.66898
14.5706
10.7355
8.66356
14.482
4.82945
12.3062
7.05628
8.43441
14.4441
9.37285
8.53368
12.6683
11.7502
9.32876
11.511
8.85335
10.3226
14.0272
8.76976
13.8006
11.1985
14.0511
11.097
12.5557
14.8661
6.36196
7.84941
13.0527
13.5383
10.451
10.9363
12.8846
14.0455
9.62628
8.66271
10.4585
10.1265
12.7033
13.7754
9.27036
10.8639
11.5471
13.4985
6.82286
6.85639
6.66641
7.55664
12.5458
9.60009
5.78489
13.1118
12.6233
12.6957
12.7014
8.32052
10.4026
11.4843
8.01913
10.9392
10.5442
12.1762
13.4823
12.3287
12.9251
11.9082
13.8799
13.8638
12.8666
7.41711
11.7566
9.25023
7.56224
10.62
11.5871
11.2821
14.8477
13.0405
7.62896
13.7785
11.0911
10.5903
11.5331
5.74019
9.59476
9.33748
10.5123
9.53072
10.3943
6.3898
11.5
13.8004
14.2555
13.9191
10.055
11.4077
14.3341
14.2589
6.66055
10.4785
12.6828
10.5113
12.0508
13.2843
11.0327
10.474
14.9257
11.5898
5.65039
7.07024
14.557
9.88564
14.9024
12.8523
14.1809
13.5143
9.64384
13.6911
6.64566
14.8321
14.2497
8.70667
12.0257
7.87514
9.74922
11.0108
11.8926
8.16421
9.57012
10.0149
5.40499
7.54359
12.0908
10.1774
9.95953
8.55223
12.8772
12.6244
11.3196
10.7394
9.83083
12.1578
13.9955
11.3461
10.425
9.6088
13.5214
13.9334
12.703
8.13373
10.391
13.7034
9.54612
10.1686
9.88846
12.968
13.885
11.1903
12.7936
4.78342
12.9903
14.4786
12.1824
11.0286
14.3742
11.7831
13.0269
9.00619
11.9647
10.4359
11.0219
8.94647
7.24338
11.3686
9.37998
12.7615
14.4606
14.3367
14.7265
13.4796
14.7522
9.52041
10.7249
9.65111
5.91149
14.1827
9.18124
7.2641
8.43287
10.678
6.3886
13.4696
7.27516
5.64031
9.6108
10.4431
14.4002
8.64147
12.2713
12.8417
11.0666
4.75331
5.59452
5.73856
10.7552
14.6148
12.0122
9.70103
9.40225
11.5792
14.429
9.26962
11.6819
14.7399
7.82561
8.0274
5.70468
9.98813
13.3772
7.26766
7.30914
10.6012
10.3086
13.2494
11.1272
10.958
10.6584
11.8964
14.2516
13.2011
14.9674
13.4761
10.2618
9.0367
14.1736
7.1509
14.0408
12.955
9.20174
12.8312
12.5671
11.3104
8.77877
13.194
9.44241
8.0278
14.9757
12.4557
9.64892
13.1749
8.35186
8.1806
10.9696
11.522
11.7037
12.6835
13.8157
11.1584
9.38592
13.6116
5.91781
10.1794
6.40249
13.8955
13.8384
10.9196
5.83549
5.50233
12.0141
9.75887
12.1845
10.0841
11.0969
7.78724
14.4472
10.873
8.92692
14.1438
11.6038
10.0161
8.21957
13.8075
11.8251
6.37056
10.924
12.162
12.5024
11.9577
13.2233
14.4622
12.9331
8.47876
5.75564
6.2931
8.37438
8.74562
13.0007
13.7509
12.6396
6.25637
5.9145
8.23142
11.6703
12.3931
10.6723
14.6453
13.0253
14.5497
10.1761
7.94244
12.233
13.9547
13.0791
10.1527
9.8026
13.9324
9.9565
10.4346
9.68506
8.1974
5.21346
9.85449
10.5937
8.82916
9.81829
10.4931
13.48
14.6696
14.7838
6.04777
10.6403
12.8781
13.4903
5.72116
6.57163
12.4789
6.34826
13.8777
13.0945
10.3498
11.1758
12.3388
9.85449
7.16712
13.7144
10.7375
10.9905
13.3383
11.1458
13.1597
9.71513
14.0589
9.56329
12.0384
8.44361
11.7758
5.95481
13.7613
10.1204
9.27832
10.75
13.1567
14.6795
14.0422
4.24421
13.8642
10.5156
12.6714
14.3941
6.55248
11.628
7.32221
12.3864
13.4631
13.2971
12.5402
13.3437
11.4293
14.9374
13.316
14.0276
9.73458
14.7674
12.0705
12.0801
4.97857
10.4319
10.0988
12.2953
8.60604
13.9661
11.19
13.2714
12.041
10.2495
14.9085
14.0597
9.88224
5.96906
9.68087
12.4856
8.7305
5.14346
11.7
10.2111
9.69192
14.2097
14.161
13.1813
12.6598
13.3985
9.11773
11.2448
14.8684
13.8711
12.6668
13.1446
9.20125
11.3918
8.60915
9.74616
5.94241
14.2908
9.46056
14.7634
11.279
12.3439
10.1289
11.5653
11.7138
12.9549
12.1243
12.8688
6.8162
13.0886
11.6053
12.5619
11.8714
12.4403
13.4421
13.8535
14.4443
14.8378
14.5258
13.5727
10.5581
11.8035
14.1974
12.3329
6.32618
14.0659
12.4834
8.01929
14.3146
12.9366
10.0862
12.7222
14.3889
14.4418
7.52208
9.66237
8.46823
11.6593
10.3289
8.83886
13.0495
13.4791
11.1578
5.97759
10.1129
10.9354
10.1975
4.83713
5.36598
14.7613
9.78271
11.2494
12.752
12.5887
13.1051
13.8781
9.89695
10.4111
11.6528
12.4896
12.3608
14.9138
11.2681
11.6625
14.8542
14.5153
13.1441
11.0292
9.27105
12.482
5.02249
12.3884
12.1365
10.9286
13.3784
13.6948
12.4455
9.57135
14.951
13.7602
9.18783
11.8986
14.2353
10.1983
12.7271
11.6089
12.5277
8.02257
9.73388
9.96776
14.7001
14.3096
5.46403
13.1449
8.46952
14.8916
11.7133
8.12771
14.7466
8.56937
5.49782
10.7006
12.6369
10.8679
9.94404
7.09914
10.1698
8.94766
13.4458
13.9959
14.5797
11.6268
10.0029
10.3843
12.0361
7.59715
13.0571
11.9815
14.9105
13.1497
12.3464
14.5237
10.5499
10.1886
10.0991
11.2812
12.3623
11.7034
9.20829
10.8818
14.0097
7.28222
10.2026
12.5212
14.318
9.78852
11.7686
6.61625
13.8028
13.5702
14.7018
9.2496
10.8966
12.9911
13.9563
12.4635
10.6969
14.1285
9.12414
9.61139
5.75378
11.5167
12.3561
12.6708
10.6917
12.6331
7.89245
11.2428
14.3789
11.8408
10.9087
12.5524
14.4391
11.8687
14.7083
11.6392
13.9975
13.7634
9.96336
8.26111
13.0041
14.8867
14.2091
12.4228
14.18
8.00146
13.9082
13.0695
13.5414
13.4903
5.53132
9.81119
14.0475
10.9777
10.9579
14.0556
7.28129
9.59174
13.7481
14.2267
10.2648
12.276
12.4703
10.3458
9.68007
9.88972
7.22568
10.6466
8.54495
11.4769
13.1195
8.52461
6.06921
7.46493
11.7518
13.9955
10.0847
14.4139
12.7799
13.3366
9.79999
13.5957
14.6157
12.7863
14.7147
13.8772
14.0926
12.2572
8.30753
14.1222
9.15492
12.3577
14.2963
11.7859
13.0743
11.7063
11.1873
14.1336
7.55902
13.2084
8.17287
7.06109
14.0455
6.80922
10.1816
5.82533
5.89728
13.8679
12.9549
13.2671
11.424
5.45754
8.58117
10.8861
14.5073
13.9912
14.4903
14.4831
10.9078
13.3219
12.1191
14.9544
14.0645
9.51182
11.406
13.3092
14.2362
14.0562
8.50731
13.924
10.422
12.2271
13.286
10.621
12.4317
8.00971
8.63193
8.56221
5.86865
11.8064
10.5541
12.3057
5.69826
10.9331
14.3067
12.2677
10.169
7.06664
12.0383
13.1365
12.5852
12.6743
13.3341
9.38622
13.7492
9.70944
12.7258
9.66009
9.64257
13.5924
7.58579
12.6686
11.8943
8.57371
14.5594
14.3094
6.1868
7.57951
10.5013
12.6173
12.9236
13.834
13.8678
10.226
13.6764
6.32488
14.6876
10.1964
6.72243
10.045
9.37261
9.48709
7.51705
10.7456
11.8733
13.673
7.39797
7.38437
8.70316
13.0994
11.5753
10.5846
9.1747
11.9292
14.5052
10.7261
6.22061
10.98
12.9118
12.6697
6.05084
10.7008
9.73255
13.1548
12.3659
14.9059
14.7909
13.8907
13.3909
11.0462
11.0599
14.512
13.6517
8.39072
14.475
8.96695
11.7796
13.2283
12.8978
13.0267
10.7229
8.37995
10.6349
6.15993
11.8092
11.8201
14.9527
8.70893
6.47773
14.4547
8.67394
13.7625
13.5575
13.2452
13.7929
14.9484
6.09331
13.6942
12.7556
11.0931
14.9052
10.6704
14.5441
11.7995
12.9931
12.1781
10.2218
14.5414
10.0383
9.79435
14.8185
8.40431
6.18008
6.44628
14.4275
12.5977
14.5642
4.39657
13.6844
6.31679
6.41159
8.26019
11.7089
13.6181
6.26388
11.8901
14.357
14.0582
11.6725
5.97729
6.62924
9.77119
12.7726
10.4082
11.7174
13.2823
11.5171
8.84538
8.14175
12.4779
8.24511
10.7084
9.14583
11.0392
7.35271
12.9573
11.9755
8.58884
14.9605
4.86316
11.849
12.3
9.28674
9.88062
11.6698
10.6105
12.5794
11.0282
12.8343
5.50782
12.4797
12.7486
9.58107
10.7943
10.5582
13.772
6.32629
13.9874
13.1585
9.71928
7.92637
14.5628
12.2361
11.1198
9.93738
13.5498
14.6502
12.3963
8.44894
14.8357
9.36001
11.7373
10.7107
5.99298
10.3335
11.4146
12.2422
12.138
10.6122
9.68633
6.07187
8.24561
12.3542
10.1627
10.2241
10.7904
6.53565
10.5443
12.6023
11.4088
8.29208
10.6761
8.98951
12.6505
8.30812
7.52558
14.4875
6.67606
12.7409
13.5966
14.2661
6.48443
11.8596
12.8874
12.3613
10.0589
6.08987
10.5564
8.92546
11.9993
13.9156
10.4439
7.03073
6.25143
9.73806
13.2531
10.444
13.9721
13.5715
14.3909
8.84446
14.5626
12.3786
9.61171
7.2345
12.2455
11.5211
13.6625
13.5198
12.8252
10.8067
13.8971
9.0957
5.92567
13.8934
9.05956
9.47174
11.8829
14.1673
12.2975
11.7017
11.2777
13.6439
9.8887
12.3946
11.214
14.4433
10.5279
10.0909
14.2845
12.3666
5.51759
14.0019
13.0679
8.42945
13.5878
13.8397
14.1671
12.9916
14.48
6.09222
13.6339
11.8801
11.5004
9.62118
13.4293
8.24774
11.751
10.4958
12.5268
8.23565
10.2222
4.90991
13.721
13.0171
4.49684
6.14691
12.2015
9.53405
12.7414
13.6692
11.6012
13.5895
5.71259
14.6003
11.5072
11.2768
6.23781
8.67941
8.29575
5.31447
6.30185
11.1192
13.2374
7.6256
10.6347
9.37684
10.3825
10.9111
6.33223
5.42208
9.83523
11.5734
13.5444
14.009
6.0817
10.6997
9.77249
9.62989
6.26386
13.5926
5.99422
6.50518
11.1781
10.0823
12.0899
8.77598
7.35271
14.6948
12.1171
11.7507
9.25297
14.1103
12.2075
8.28318
7.79441
7.61208
12.2825
14.8333
14.1632
9.16103
9.92373
5.00919
13.5657
10.9005
6.19886
9.82746
14.0017
14.0906
9.75324
9.49877
14.6906
12.4123
13.7363
10.2017
14.971
13.6918
9.67273
9.2475
11.8926
10.0468
14.6679
14.3506
8.8692
14.4317
11.823
9.79521
8.98107
12.8122
10.4729
10.3706
8.6428
6.20341
11.8036
13.4821
13.3706
14.457
8.64439
11.9947
13.8796
14.2013
12.2415
10.4676
6.38078
13.5617
8.71259
9.89185
9.8861
8.85668
11.8425
14.081
10.5575
14.7349
6.5536
10.2266
5.80393
7.34574
14.297
9.58609
10.3736
13.4581
14.5636
13.4288
14.257
10.499
8.73425
13.1434
14.7577
14.6443
9.17278
12.5638
8.70857
9.46096
9.35677
10.5079
12.1434
11.6638
14.4337
8.68431
4.3025
13.5272
14.413
7.54751
14.2198
13.2172
8.98353
14.9577
10.3134
9.45108
11.768
6.1596
14.9417
9.50554
6.00925
7.08277
12.7196
9.89891
10.0414
9.66264
14.7118
14.2598
7.15908
11.481
5.60431
11.4253
13.401
9.62175
6.13251
7.84581
7.57879
10.7171
12.1671
12.6283
8.09044
6.15474
10.9542
8.96528
11.3064
12.8469
10.6366
11.7429
6.18956
6.60359
14.8463
13.1631
8.87227
13.4361
14.4205
14.9112
11.9765
13.5709
9.70451
13.7433
14.6267
14.6909
10.4882
12.3611
10.6529
5.07076
11.6592
8.94875
12.9648
12.7651
12.3172
7.0263
6.2106
4.41174
12.0538
14.1467
12.7096
6.97153
5.78137
13.8612
12.6
12.9017
10.4606
13.389
13.6809
11.2064
11.2081
14.4654
12.4771
14.2142
9.22861
9.84615
14.1058
9.35856
6.39316
8.954
12.6861
6.1422
14.0272
9.97097
8.77138
9.44471
4.56086
10.92
14.3253
10.1867
6.19379
8.50452
12.4299
14.5898
11.3471
5.81417
11.5729
6.40322
9.26769
10.4261
10.2237
9.23739
6.73223
9.65658
10.379
12.5176
13.708
9.5049
8.29721
11.7711
8.98682
12.0007
9.64768
14.2576
14.0842
6.21356
10.1737
12.9581
12.4826
11.909
13.9692
12.644
14.2295
13.5657
7.14827
13.3803
11.9332
12.6771
12.6443
12.329
5.54046
13.2222
14.6983
9.44318
10.4632
7.18694
11.6508
12.1128
13.3262
14.1725
13.423
11.7055
13.874
14.6932
9.51709
8.16271
9.85837
11.9661
7.44037
9.10864
11.3296
12.306
9.65761
5.87329
12.0336
4.56023
12.8524
8.73176
11.4134
12.2114
4.53795
12.1247
9.52578
10.0383
11.8913
12.8817
10.6556
10.6024
11.2624
9.39659
13.5472
13.0824
11.2067
8.30039
9.24435
5.04959
10.9844
14.0318
12.9335
9.9813
7.75337
10.9409
12.773
14.0597
13.9025
5.29672
14.9861
13.4523
12.0287
7.03609
8.45624
9.6333
9.73957
10.0685
11.8538
14.3054
14.4067
14.2745
6.22257
11.082
10.8863
13.0648
10.1141
10.7056
11.1051
8.07063
13.7732
13.8569
13.8464
6.06972
6.74654
13.8872
7.84908
10.7552
10.1354
8.40337
9.89033
9.42156
9.48741
7.37467
9.05032
8.4521
12.4023
13.226
13.2528
14.546
13.155
11.3478
11.3665
14.5071
13.6099
14.5202
9.69015
7.9803
5.2755
14.3686
12.2572
9.98348
11.0694
7.3276
10.7912
8.6738
14.0698
6.12938
13.4376
6.43289
9.31506
12.1812
7.61122
11.287
12.1808
14.728
13.0085
9.61952
13.3103
11.5504
10.5077
13.6676
12.5711
9.60284
8.69703
8.4884
13.4444
13.0788
8.56882
12.7506
11.949
9.62218
13.9513
12.3098
8.91438
12.0231
5.63991
12.9127
14.7913
12.5655
12.5761
10.0268
5.46953
6.40868
12.8171
10.8193
12.0133
13.1178
10.608
8.89253
14.3466
14.4377
7.87903
13.8943
13.602
13.7648
7.68271
12.2612
12.857
12.6858
10.9437
11.5405
11.2181
12.7588
14.7162
11.4631
10.7805
13.451
7.80654
12.7767
8.55933
6.29213
10.4582
13.5023
8.05931
14.893
9.69675
13.586
10.8914
5.80841
11.3774
10.0818
14.0356
10.7066
11.252
12.7755
5.70715
12.5427
14.5309
11.6711
8.7823
10.4097
11.1077
9.22289
9.42461
14.7785
10.0868
8.72209
8.14056
11.1712
9.22219
8.14133
5.61398
12.9585
12.5623
8.75509
14.0845
11.6709
9.98457
9.14147
13.8585
10.4827
11.5587
8.75706
8.01134
6.16729
12.3563
12.2126
11.7667
14.7956
11.4048
13.3529
11.4099
13.6256
14.2873
13.9474
11.0253
12.5205
9.44067
10.4497
11.0728
13.6646
13.337
9.71251
8.9896
5.72138
6.55014
10.939
14.421
11.8302
9.4691
11.9139
5.7962
9.16544
6.1743
12.5148
14.1622
6.2064
14.3362
13.8725
10.525
12.0867
4.16003
14.6066
11.4136
11.5909
8.83555
12.8834
4.9487
9.68923
12.7024
14.1434
10.1773
12.9003
9.84378
14.2463
10.7396
6.28693
12.6721
11.4655
10.3976
14.7421
13.4274
12.4841
13.0528
8.84028
9.63653
9.34881
13.0412
11.1287
12.0305
12.2665
12.9392
7.47018
10.8092
12.7103
9.74525
11.2375
12.5736
6.24981
7.16625
10.3607
6.57546
7.2157
8.64997
9.07602
10.3687
6.39478
9.87158
11.6778
10.485
9.91714
14.2196
6.87999
11.0134
10.3709
12.0628
12.4412
13.7644
12.5112
10.3774
7.97998
7.84772
9.96946
13.1562
5.82422
12.0472
6.4813
7.29192
11.6072
14.3737
7.62239
14.2706
10.49
10.6153
11.6005
10.2446
13.72
12.56
10.3867
13.0139
10.6933
13.9402
9.65042
14.308
8.10517
6.33342
6.51263
13.7219
13.4779
7.19462
11.55
6.18351
13.6458
10.1374
8.42883
6.23989
10.9096
11.3585
8.41089
11.1919
11.3554
10.1889
6.52707
10.2645
14.3076
8.02605
12.1279
13.2653
5.8437
5.36535
8.75953
10.2307
6.15268
8.74026
13.0128
4.99788
9.33551
7.24311
14.3519
11.5505
13.8655
9.69504
12.442
13.3791
8.60491
12.7535
11.5082
14.1478
14.1102
9.61551
9.49377
11.1862
9.49729
11.771
13.3577
10.2797
13.7833
7.70182
13.4632
8.52518
8.51735
6.08092
9.04507
5.00345
9.0362
11.4073
7.846
5.37478
8.01856
9.86374
8.9446
6.5383
8.38214
6.94256
12.8645
13.652
14.854
13.3243
10.4539
6.07055
13.2599
13.5516
12.2545
13.0166
11.9983
14.5129
11.3523
10.3804
12.7154
9.62961
8.69018
11.4402
11.3703
11.3756
6.26955
11.1785
7.07916
10.06
13.9503
9.64319
4.58343
12.0287
6.46325
10.0662
9.92031
10.4105
7.03998
5.73417
9.56795
13.5761
11.0574
7.9882
9.07374
13.7751
10.5832
14.5257
5.90239
13.9598
13.6378
9.76841
13.0466
9.93628
12.6202
10.4065
9.77941
8.08179
14.1898
9.0407
8.79809
13.4654
8.4791
11.6036
9.85426
9.70434
11.951
11.4641
10.2632
10.5325
13.2763
9.85333
10.4138
8.72933
10.0075
6.83303
12.8281
13.7767
11.1568
12.293
13.1644
12.9363
14.6935
9.92576
10.6376
8.87985
14.9681
6.49169
9.8834
14.9004
7.33644
14.9305
4.67061
10.5967
12.7603
14.2526
13.9431
14.6837
14.2946
10.6271
12.3824
13.8967
8.25997
14.6626
6.18194
9.63761
13.4176
6.34623
14.647
12.0757
10.2159
5.93982
14.5411
11.2912
10.9469
14.153
14.1505
10.8472
9.92791
10.2494
10.4268
14.6793
10.9118
8.34363
14.0254
14.0322
12.2602
10.4162
13.6206
10.8119
11.7039
10.9379
14.3008
6.16657
7.64246
10.8521
12.5016
8.79302
11.5043
13.8107
10.229
11.8848
10.9221
14.3745
12.9882
11.7221
13.2436
9.86535
6.48231
10.2744
10.102
8.49952
9.45666
10.6447
7.72876
10.0751
13.446
9.08421
9.94494
13.5606
12.0363
14.2085
8.65371
14.0608
13.3432
11.0388
10.964
14.1131
13.8626
11.4062
12.3594
10.2927
11.4965
11.5545
14.2358
6.45331
11.8332
10.6245
14.2781
12.4141
9.31362
12.5918
9.98002
14.0625
10.4995
9.70893
10.5226
14.9418
14.8764
14.5489
11.9002
9.20831
12.0385
7.15376
8.53365
6.35762
14.4126
14.9865
12.7762
9.79435
10.8722
11.5333
12.3977
8.39766
6.15973
6.14548
12.7365
8.83453
10.5482
10.2809
11.1439
8.53021
11.381
14.6483
9.72188
13.153
13.8862
14.6728
13.2051
11.6018
6.20709
13.6741
12.8045
9.54095
9.76868
8.71949
12.3634
12.4512
8.87802
12.8933
9.91892
9.73021
6.07179
5.82321
13.5652
13.7627
13.5756
10.6666
13.3061
11.0931
14.8019
9.8766
10.8737
6.76266
10.0308
6.27352
6.1186
7.31627
11.817
9.85441
14.3806
7.14904
10.8716
14.7027
10.6398
13.4204
9.04152
14.5461
12.1308
14.0697
10.5794
11.3153
14.4649
10.7553
14.6221
14.6702
14.9861
11.4817
14.2683
12.3221
12.4952
8.675
9.99011
14.4657
10.4959
9.80726
14.9773
11.7555
13.0664
13.6602
13.7759
13.9354
13.3886
10.1731
13.4781
6.70557
11.6189
5.04244
13.839
11.1093
13.2735
8.6619
10.5599
11.1256
13.9318
6.42777
10.5631
9.50564
5.96141
11.1582
9.1891
10.2092
10.6426
11.0526
13.0024
12.965
9.97958
6.17719
9.31736
12.9709
11.8856
14.1687
10.3878
10.8769
12.6531
11.5764
12.1877
14.3647
9.95004
9.77155
6.33062
10.0125
6.02689
13.9861
14.484
11.3282
10.7318
6.79375
10.3302
9.94242
7.11025
14.1678
8.94711
11.3751
14.4365
5.19554
9.18458
14.5321
9.35662
6.54842
9.71868
13.2669
10.5338
14.045
13.5024
5.82784
12.2359
12.46
14.4977
12.9802
9.43345
10.6622
9.69265
8.6957
13.392
11.5299
9.60811
11.3367
14.2932
8.01353
9.54743
12.2835
5.71796
11.7253
8.94924
12.9055
10.0288
11.4356
11.745
11.1808
10.0242
14.586
4.94561
9.52323
6.46796
9.58326
9.90151
11.472
12.9809
4.92906
11.1921
11.6464
12.1655
12.6123
8.92935
13.1839
13.6337
13.8968
11.1521
10.1892
6.99804
13.6789
8.33506
10.9316
13.0629
11.5859
10.7299
12.6814
14.1285
11.2578
9.77769
13.9146
6.05807
10.3542
14.9879
4.31764
5.95413
10.6025
10.7722
10.8647
8.4819
13.9202
7.35724
10.1825
11.9401
10.3992
9.24528
12.0152
12.8231
8.02736
12.5775
5.88195
5.20096
11.6685
4.02938
14.1883
11.0349
6.14645
14.2463
14.5015
12.7835
6.28943
11.4796
10.4983
14.7451
14.5814
7.79384
14.8386
8.69663
9.38869
12.8768
12.5668
13.6676
14.8898
11.2373
4.9856
6.37812
13.7655
11.4386
14.7527
8.51631
13.583
12.9538
6.08527
9.02497
11.6122
11.1348
14.9741
10.5894
8.7444
13.7668
10.5828
12.834
11.9195
11.5074
9.4668
10.5171
6.01814
11.2971
12.7333
8.4706
10.4148
9.16339
6.46436
13.9709
9.74589
6.02128
12.084
8.27155
9.32287
11.2846
6.27213
11.2458
10.1973
6.13828
10.6487
14.1488
9.29078
9.38372
12.3552
13.0535
12.1504
8.88711
13.8458
9.84562
12.2018
12.7463
12.4005
12.4376
10.3548
11.4252
9.6781
9.4756
9.47759
14.5093
13.9746
10.5818
9.00696
8.53464
12.8723
10.5572
8.39763
13.9217
10.2743
13.974
11.0704
6.07096
8.46115
14.5607
10.7416
11.3001
10.7698
12.7117
14.9332
10.8318
14.9391
5.57069
11.7782
8.27585
9.37454
14.5336
9.62213
13.2076
10.4933
12.1713
9.97689
11.7339
11.2048
6.23216
13.1322
7.52552
10.0337
8.8377
5.49445
12.495
14.8851
14.0992
12.285
10.5968
8.77069
10.8988
13.9649
13.8935
9.62631
11.6899
14.0915
13.7909
8.43929
11.1819
10.7649
9.44087
13.93
14.9397
10.4254
14.9378
12.7978
10.7501
10.0525
10.7369
8.94731
10.8187
8.93967
10.5125
13.6924
14.8681
11.5156
10.8523
6.03917
10.4151
14.3755
10.7562
12.1823
6.11444
6.16645
6.75349
13.5267
7.37012
10.4706
11.454
6.03105
10.9662
5.54205
14.6497
13.526
14.9386
13.1425
13.0772
11.542
13.3234
11.5558
14.3173
4.80248
12.2671
12.7321
8.92658
8.29849
10.8281
10.6466
8.5513
10.0288
11.6685
10.138
7.86213
14.9192
9.15104
7.99004
12.6701
13.0453
6.89015
14.9903
14.7313
12.1923
11.2536
14.9034
8.80742
6.95759
8.51047
14.8323
6.99012
12.2768
9.96053
13.9114
13.5095
9.04515
8.9409
12.8621
11.7614
12.7242
8.73303
12.9798
10.8323
9.69184
5.71133
10.3374
13.8857
10.044
7.06818
14.4151
11.8192
12.02
11.6573
14.5344
13.6921
13.9905
11.3892
6.18397
14.0078
11.4907
11.9957
9.28595
12.537
12.1261
14.1244
14.6476
5.15226
11.6181
5.79424
9.91673
9.49856
12.3668
14.6346
8.39257
10.7455
7.84435
7.24956
8.69268
12.6791
14.6039
12.8136
8.57022
6.35556
13.1007
6.31374
7.71078
7.54974
10.4404
12.1498
11.9608
8.73707
14.2635
14.46
14.1824
7.43269
10.8754
12.7482
14.2301
8.65268
13.916
13.7645
12.0282
7.23422
14.1253
10.1802
12.9659
9.60123
12.5787
10.7545
9.04644
11.5994
13.6979
8.96921
13.7937
14.8375
12.3718
12.3136
13.438
12.7846
8.91151
14.5278
8.59307
12.9538
13.5169
9.91496
11.0989
10.2989
11.35
11.6308
9.3507
5.85822
10.4286
11.2555
12.7207
11.4926
8.71912
12.9002
6.06712
6.85034
11.8875
14.8564
10.4336
13.6628
8.50763
6.15064
10.5394
11.759
11.4856
14.6373
14.98
11.482
14.4956
12.7751
12.1221
13.5671
8.37409
14.6723
13.7523
7.68943
5.75211
11.687
6.81661
12.9266
13.1546
6.20229
8.90459
7.13151
10.63
9.31068
8.13308
14.8991
10.0747
14.2972
13.7798
10.2172
11.5368
11.9507
13.7653
14.2525
8.48759
14.3754
14.5151
12.5805
9.63716
9.01315
12.337
6.21742
8.94253
10.9227
14.3879
10.7157
9.05378
10.8411
12.5744
6.02727
11.8946
13.4533
13.4359
13.486
9.3487
13.2743
8.69907
11.5998
7.14595
13.943
14.9152
11.101
6.09487
9.94396
11.8105
12.3087
9.51427
11.1009
11.8966
4.97697
14.6349
14.3283
9.17798
5.72422
8.10729
11.9404
6.08639
7.16724
11.5601
5.96218
8.88689
13.4914
12.9478
13.2681
10.1846
14.0811
11.0449
6.23514
7.8439
13.3459
14.825
9.96499
8.37113
8.49065
14.3971
10.5566
11.1422
12.6357
9.79872
9.80863
11.8762
11.6013
8.60693
14.9112
10.6842
12.9575
7.3191
8.26493
10.9293
8.59383
13.9571
10.7888
14.7896
10.6332
13.3726
13.6571
6.74884
14.3689
10.3291
10.2838
14.5275
13.6195
11.4146
13.5809
12.7127
7.43261
8.67932
10.171
11.1159
13.6619
14.6471
12.7885
11.4734
9.04048
10.0982
9.28185
13.5724
7.39584
13.8993
6.86614
8.46339
9.73957
11.3017
10.1942
11.8963
12.9668
14.3198
14.0295
12.9425
14.1323
13.8927
13.8531
9.49267
4.95924
14.0214
6.1382
13.233
12.0454
8.41989
10.843
14.1715
11.6041
14.0489
14.7935
10.4998
11.3768
12.8269
8.94501
14.8931
7.61191
11.7208
12.3752
14.4422
6.12078
12.6865
10.2162
10.3567
13.9546
12.4788
11.1994
10.9548
14.8318
9.51896
11.5239
12.5352
12.5774
14.1804
5.14586
13.1924
10.857
9.71692
5.444
10.225
10.0096
8.36201
9.77582
12.9961
10.4513
6.32216
10.1077
14.9009
13.3644
10.0095
14.8034
14.7924
14.633
9.02518
8.22275
13.4353
11.5544
14.6722
11.9222
5.90877
13.7963
11.5362
10.1121
8.52121
12.3633
13.8763
10.7722
8.08485
12.664
11.5933
6.25143
11.7153
14.5532
14.1717
7.16276
11.1182
10.8566
10.8802
9.74685
8.48919
12.29
9.73988
8.05861
13.6302
12.0887
5.61843
12.3258
9.57515
11.8746
12.0362
9.68581
10.0035
13.0739
12.4579
13.2386
11.327
13.5476
14.8071
7.92446
13.7225
12.4031
6.45219
6.72759
5.74934
10.1655
14.5184
12.0632
8.56829
13.5847
14.1231
6.37783
5.25386
7.70798
11.579
12.7708
7.22054
10.076
10.4466
13.2059
10.8541
10.3897
11.7036
12.0403
11.4487
12.8145
9.91915
12.629
13.8208
5.21579
12.2867
6.27797
13.8742
9.53818
9.73908
10.6181
13.1568
14.0476
7.53822
10.0264
12.8766
14.5464
8.77733
14.1485
13.3713
5.58551
14.091
12.7666
14.9545
6.85804
6.6599
13.7183
10.3246
10.0238
12.4857
7.79998
14.5311
10.1447
11.0636
13.935
8.35897
12.8571
6.22168
12.6995
7.57861
14.712
13.6129
4.45964
12.9279
13.7396
12.2756
10.2726
9.36135
10.7879
13.024
13.0195
12.1728
13.002
10.1768
10.9204
6.47993
9.77248
10.9118
10.0356
14.1063
14.4205
9.99918
13.5428
13.938
13.4681
6.46562
12.7098
9.89573
13.1475
10.2102
8.64364
11.3809
12.475
14.6108
14.8017
12.7675
6.65825
6.48871
11.8444
11.6057
14.2043
6.10826
7.73173
10.9136
11.8423
13.8426
11.2424
6.40286
13.9229
11.1684
14.4869
5.71039
10.0505
14.8812
14.4606
8.46439
8.51542
8.90667
14.0394
5.52937
10.4806
12.8304
12.4093
13.8105
12.9217
10.1958
10.9901
4.68467
12.5596
14.8592
12.1951
12.9458
8.5233
14.3853
11.766
8.9779
11.6682
8.93502
11.171
9.77925
14.7872
9.546
14.3898
12.3886
13.4569
10.2317
6.05119
6.15907
8.7749
9.5209
5.6489
8.59251
10.0194
10.9909
10.5107
12.6707
13.5692
14.2803
10.4554
9.87964
8.42442
11.5187
11.1148
9.63566
12.2284
5.83508
8.44444
14.5044
12.2216
6.537
11.9106
13.4274
8.39305
13.6182
12.9704
11.4378
8.52915
13.5047
11.8564
14.2719
12.3908
9.81594
11.2173
5.44086
7.96901
10.8035
12.7843
10.8241
8.94945
8.61049
14.2799
10.0961
12.0566
9.80297
10.4443
14.0398
13.879
12.3509
10.1755
7.51047
11.3663
10.6221
10.0805
12.9817
6.09357
8.38361
9.18351
14.8452
13.4502
9.44082
14.1863
11.8394
5.16771
8.75001
10.4084
8.59776
12.4845
7.29329
6.65033
9.9254
8.47953
10.5429
14.8511
5.92989
10.5157
9.74915
9.47598
14.3045
12.6327
10.2264
14.8912
8.61953
11.5424
9.96246
10.5066
13.2558
10.3252
12.7477
9.74769
11.3202
13.6213
13.6794
10.1596
9.92766
10.0588
12.5604
14.3982
11.8388
13.94
13.1498
7.71909
11.846
13.4917
10.2637
12.6979
13.8609
13.0196
6.4
7.29254
10.1692
11.4831
12.9662
10.1618
11.3592
12.9995
4.78189
6.66748
14.3082
12.9156
13.9038
13.6623
9.6289
13.4205
10.8043
9.32393
6.78675
13.7291
13.9021
14.4556
6.76984
11.7523
9.48701
11.9112
12.9351
9.34318
11.986
13.7904
14.1076
10.5189
13.1255
9.08092
8.98322
12.0399
10.8801
12.5911
11.5989
7.1038
7.95326
11.1681
13.8846
14.3078
11.9351
14.7472
14.7615
7.05917
14.2752
8.77038
14.0862
12.1616
14.3726
11.5912
6.04666
13.8137
11.4625
14.3126
10.3562
9.6242
8.21195
12.589
12.1744
12.4156
14.2971
6.22452
5.37272
13.0626
6.79863
6.94236
10.9074
13.8117
12.3468
11.3059
8.87818
6.19916
8.35817
13.3718
10.1045
13.5221
14.2266
13.6034
10.548
6.97128
12.6935
13.9078
9.85011
8.47831
11.0953
9.63379
14.9514
12.3743
12.8196
14.8686
14.2568
5.31126
14.6945
13.728
11.4113
10.1135
8.46745
10.6514
10.3766
10.397
13.9014
13.4473
14.3216
8.21739
13.993
13.5673
10.587
13.3337
14.7667
12.3439
11.339
13.3644
11.7299
10.852
12.6211
9.02294
10.4915
5.59485
8.04923
10.8015
6.942
10.5583
14.3221
9.4668
9.78042
12.4284
14.4268
6.2473
10.9734
8.14876
4.35611
14.4558
13.9966
9.71361
11.3718
14.014
6.72323
5.25126
11.9568
10.445
14.3851
10.9527
8.00271
14.2742
6.59078
7.57707
7.67049
14.1689
9.6313
10.5783
11.8932
9.67485
6.12596
8.73975
10.3666
13.9804
8.90893
8.30108
11.4667
9.66749
9.73418
6.30608
11.4864
12.6809
11.3398
11.7275
13.6705
10.5868
9.38908
10.8219
9.79475
12.2627
6.48598
14.3848
8.45302
13.8214
12.5128
7.07601
6.4536
14.431
5.87279
4.09538
8.76034
10.8321
10.9649
12.3921
9.61366
14.9271
14.7021
8.30088
11.7459
10.8549
11.3547
6.40585
9.67431
5.91531
11.4746
12.8956
14.6955
14.7436
11.265
10.8692
6.00647
10.6661
6.90692
12.4131
8.22083
13.5586
6.24772
11.3129
6.04778
14.4571
8.88355
14.0049
8.65023
6.08202
7.41793
13.9033
12.807
12.3652
12.3266
6.18313
7.81051
10.3792
13.8485
14.0174
9.98351
10.1032
7.24794
8.61049
8.83989
5.81677
13.1782
14.8486
14.8372
8.91347
14.7485
14.1202
9.45514
12.7312
6.53365
8.61312
10.754
14.3241
11.9442
12.307
10.07
14.0262
5.43733
7.54204
6.33657
12.9396
13.145
14.318
10.7235
12.8714
9.47814
13.7531
8.87625
13.3081
13.0285
7.25175
13.1225
11.3093
9.44879
5.998
11.099
14.0396
10.6933
14.7367
13.8331
9.92232
13.6671
12.6861
11.1125
10.8863
12.8733
14.6394
14.6751
9.66742
10.5692
8.64
10.9688
9.8061
10.0566
8.61225
10.3709
6.08298
6.17353
8.38098
8.65857
11.6915
11.1778
8.24337
13.3396
12.4826
9.6502
11.9161
10.7699
12.3666
13.7898
11.9046
11.8548
12.3353
12.817
7.48156
14.9502
11.8803
8.82064
10.1484
11.9653
12.532
9.83186
14.6516
14.9247
10.1265
14.9698
11.7152
5.59489
5.69728
11.1394
12.4307
10.2537
11.3224
11.9354
10.8452
10.338
7.40981
12.6646
10.0509
10.4178
9.49842
9.34185
9.76524
13.8678
13.2914
6.73329
10.6952
9.56272
12.5605
10.1125
9.35533
8.74322
14.3164
9.63376
12.5923
10.2594
8.06549
10.9604
10.634
7.90137
12.1941
6.49376
10.352
10.757
5.07687
6.81182
13.3141
13.424
12.9415
12.6297
11.484
12.2527
14.1059
7.6276
10.8528
11.5911
11.799
11.4182
11.655
9.90173
7.64921
10.3569
8.39726
8.85466
12.1065
11.5273
9.49201
11.7147
10.7991
14.1495
10.4668
6.11761
14.1942
14.3655
11.5042
14.1505
10.1079
14.9698
9.93139
14.1704
10.765
9.64177
8.28944
6.19359
9.67034
6.43543
6.26307
13.0018
12.0644
6.37938
9.60371
8.26432
12.2916
11.9922
13.1091
9
9.62156
9.09291
11.3083
6.03215
8.09112
11.3044
8.76027
14.183
9.89863
14.0871
11.7541
13.7176
14.4622
14.7694
13.4615
14.1651
12.8936
8.93811
14.4495
12.6874
13.4962
13.2421
6.50281
13.9099
10.201
13.3135
5.93856
14.2785
11.7527
13.1925
14.5761
13.6128
12.7153
13.5796
12.5725
9.02526
9.40226
9.09175
12.5321
10.1528
11.9956
8.72006
14.0093
6.78746
9.95413
6.01507
12.4533
8.06572
12.8331
5.81767
8.83562
6.62729
9.21196
12.2219
10.3494
12.3746
7.80111
11.2823
13.3694
10.2838
13.2138
11.978
9.07043
14.1354
13.658
12.4531
9.6767
6.035
8.69792
9.7063
6.27582
9.75126
8.16179
9.94431
10.6112
5.87812
10.6913
14.7348
8.3542
12.9471
14.9616
10.4055
11.2445
9.53811
8.54893
14.9428
10.5168
10.642
14.0639
6.54467
13.4201
8.70187
14.7062
12.885
14.1494
12.8166
10.2598
12.4041
10.0756
14.2444
13.3539
8.99736
14.7349
9.85242
11.9595
11.5801
11.7495
9.98225
10.9724
9.21731
9.7486
13.7455
14.6405
10.9883
14.9313
8.36924
7.57354
14.7029
9.74829
11.9202
10.9112
9.80154
10.927
10.6581
7.64166
7.27854
14.1478
13.7192
13.8775
10.6083
13.8492
11.9981
13.7925
12.5556
6.75535
13.3057
14.729
6.14814
10.7461
6.67854
10.9943
6.17465
12.2827
13.7633
11.5494
13.8962
14.8792
11.9378
14.5574
10.4252
10.7646
12.2649
12.571
4.92771
13.7819
13.6737
13.8876
9.7813
10.1588
9.90336
10.0754
13.0381
12.468
13.459
11.9901
14.2315
13.7572
9.14321
13.9333
11.3194
5.56172
13.5674
11.3863
11.2639
10.0559
4.54733
11.5461
6.25025
11.9268
5.34849
13.3343
11.0586
6.0826
6.12517
11.6227
9.1205
14.1896
8.05857
14.0497
6.5558
10.957
8.52431
10.4524
10.8857
10.0972
11.6832
11.9409
11.8107
12.1323
14.453
12.3186
12.19
13.7081
12.9972
6.16763
13.6878
11.5556
6.29229
9.96347
14.6301
13.8376
14.2163
13.2209
8.50657
12.9939
9.30655
12.9097
12.8713
7.66135
8.61895
14.5212
14.3985
13.9425
13.4484
14.768
11.0347
6.00551
4.548
13.4329
7.66392
8.77572
10.7002
5.81212
6.19163
8.67154
14.6391
12.9767
11.4537
9.16204
13.6773
9.6256
5.70163
6.26236
8.7484
9.83252
12.5686
4.70391
9.24932
10.0152
5.5888
10.8853
10.0322
13.9383
6.7178
9.20861
5.7098
14.0414
8.91413
12.325
13.903
14.9061
8.65076
10.5137
5.51066
13.5916
11.1591
10.134
13.3588
5.09856
9.64227
12.9872
10.3923
9.51365
13.259
13.0064
9.23047
11.7317
13.9342
11.8636
12.5032
14.048
13.0561
9.14209
9.47472
14.1856
14.483
8.68109
6.2078
10.2982
12.3548
13.6904
10.7102
14.4564
11.1232
10.5892
14.5422
12.1665
11.6365
11.3908
11.6639
10.7467
5.76083
12.6012
12.076
13.0374
13.8598
11.4085
8.86383
13.4047
8.50019
12.0304
8.5624
10.1048
14.445
13.7355
13.8045
9.78383
13.3665
11.0927
10.0145
5.37646
14.0178
14.3667
14.553
14.2267
12.1875
8.45576
14.6363
8.31297
12.7683
12.5964
5.42692
5.96328
13.8759
8.63023
9.55946
10.3607
8.23586
12.9526
14.9926
13.2385
9.56373
14.7304
13.3198
14.9239
6.10085
10.8893
8.76471
8.72845
6.58611
13.0048
10.6481
9.73509
10.5425
9.62849
14.0045
9.76642
10.6763
14.8107
13.6714
9.98857
14.003
10.0868
13.0191
10.7671
13.4082
14.4515
10.7185
12.5068
5.40532
10.4442
9.97959
9.47152
10.6799
13.1083
10.3077
14.9584
7.32072
5.93209
14.6891
7.63635
13.9641
9.81183
12.0075
6.2398
10.8634
8.7361
8.97902
9.58873
13.1425
5.10977
5.83589
8.40528
14.2659
10.2646
14.1804
6.81291
13.686
10.4333
13.7551
11.947
11.2367
11.3268
12.1351
10.9963
13.0801
13.0802
10.5779
9.45818
14.9766
9.7598
6.2768
8.66648
10.5476
14.2577
11.9319
12.1269
9.81198
9.4851
12.7886
9.12473
8.55599
12.2228
13.1483
8.26478
9.74741
14.1834
14.4294
11.4877
5.68057
9.60547
13.3154
13.6939
11.1091
9.82524
12.0638
7.45489
10.5451
13.5112
6.65577
12.6496
6.68281
11.6475
13.8418
14.5696
9.88568
9.02613
11.6799
8.13562
11.3133
9.09403
11.086
5.57853
10.218
6.32141
13.9707
11.2445
11.0925
12.7608
9.95718
13.7486
13.5528
14.4294
13.9125
