14.9609
13.2959
14.1587
10.2053
11.8705
12.3579
14.2439
11.3937
13.5331
8.93087
10.6284
14.3285
11.4776
13.8847
12.6426
13.1113
8.75937
10.3635
13.4818
11.3534
5.14775
10.487
11.395
13.1792
9.15968
14.3533
8.94691
7.1363
13.4608
9.55949
10.4736
12.091
8.2971
13.5839
14.9219
13.574
14.6983
14.4791
6.13347
5.84529
11.1782
13.4927
6.73253
13.7796
14.2973
10.9899
10.1466
11.3087
12.3878
14.9142
12.7869
9.9884
13.5708
14.2636
14.6124
11.5934
14.839
9.19047
7.6263
14.2348
11.3983
8.89266
13.9747
14.9306
5.60544
13.5647
13.1764
14.4916
13.7509
12.4609
14.0975
11.2206
14.7836
11.5022
10.1943
9.50619
13.1837
12.4843
11.6472
11.5731
11.2383
14.7792
13.7865
8.35573
11.6208
7.89729
12.7967
14.3083
10.4798
10.4878
9.95444
5.91075
10.0459
14.3011
12.1742
10.4995
12.7311
11.8033
11.3771
10.8547
13.1046
10.809
13.5968
9.22932
12.1266
12.9657
7.17533
12.9289
13.498
10.9434
13.6258
8.94115
13.177
13.0412
13.5602
10.2454
14.8245
6.67338
14.9969
13.0196
13.3396
13.9336
14.6842
9.97968
14.7455
14.3452
10.3802
10.8268
12.9789
6.14813
9.00879
14.1607
9.46132
11.9588
12.7115
12.5651
7.33675
7.95053
5.20798
10.6429
13.3427
8.63453
9.35453
12.6349
4.401
14.5377
9.88171
10.2433
14.3796
13.5652
6.12844
14.4959
11.4986
13.4485
10.0351
14.8159
11.904
14.9166
10.8675
9.71348
12.4881
14.6819
14.9821
11.9998
11.161
10.3378
9.82946
7.97422
12.8037
13.0287
12.3109
14.0972
7.88008
12.6844
6.66364
12.9288
9.66424
9.12783
13.2212
10.7768
8.62583
13.1629
5.96275
14.0193
13.6049
9.71576
5.91266
12.9422
9.51442
8.54798
10.859
9.7242
9.38084
10.5744
12.609
11.2047
13.1826
14.2828
14.571
11.5826
7.43352
13.5738
12.2507
8.54223
3.92169
12.6629
10.0752
12.659
11.7896
11.8658
14.7443
7.57394
11.9183
6.05528
13.8469
13.1079
8.54702
12.0381
10.5414
14.8669
9.43468
8.48925
9.8727
10.2107
10.3442
5.22464
13.9007
14.2122
11.2677
11.2376
14.8211
8.65971
14.5965
9.0637
10.5484
9.91389
11.3572
14.2595
11.3242
9.7575
13.4335
11.5106
6.58276
12.8694
7.90417
8.40377
10.3431
11.1378
9.69837
10.2049
13.1114
10.0365
11.1291
6.96651
13.1952
8.30574
10.8817
10.665
14.8239
9.9115
11.5369
6.14977
6.60223
10.7591
9.61093
12.2151
14.3827
13.7341
13.1915
10.988
11.092
14.3346
11.1157
8.62555
8.42571
13.7602
9.0516
12.8732
12.5504
13.8195
10.7835
9.65665
10.6048
10.6117
7.55168
10.3199
13.382
10.5314
13.8016
14.8413
10.2239
11.8808
14.1806
9.30813
9.01253
14.3468
10.7888
13.4533
11.7576
9.17573
14.2285
11.5129
9.53318
11.6298
14.1012
11.0951
13.8431
11.2056
7.95974
11.3265
8.88228
12.5822
13.2302
14.8608
12.958
10.16
5.98042
11.1716
9.16917
12.9563
13.8613
8.58355
9.85818
11.143
8.66451
8.00792
11.4705
7.54651
10.913
6.09129
9.44894
8.25091
6.8695
12.754
8.67656
14.3661
9.01178
14.3212
7.64121
12.872
6.40756
10.9504
14.4042
9.82032
7.27253
7.16939
9.58375
10.9769
8.52913
12.7509
12.6247
10.1844
14.0801
12.3503
10.2979
8.55489
13.1149
9.09838
13.761
7.9236
11.6663
6.10414
13.175
14.5371
8.29953
10.6147
8.04509
12.1874
14.1738
7.9482
9.00911
14.6495
8.63713
9.68129
5.41003
10.1495
6.29419
7.10905
13.2723
11.788
13.853
13.18
12.7114
7.37068
9.24477
13.0653
13.6861
7.72006
5.46304
12.1521
8.07752
12.3356
12.4994
8.9028
10.6102
5.2496
9.70822
7.03041
11.913
12.6087
9.99186
4.90886
11.8953
14.3879
8.73432
8.60087
11.8881
6.90808
10.7856
8.52542
6.36373
10.0862
12.4994
6.29969
14.3029
11.8301
11.297
12.8493
5.83416
11.6442
14.6792
12.481
10.6957
5.81675
13.0494
14.2766
13.5205
14.0668
13.0844
11.0481
12.7253
10.5207
11.8234
9.2516
9.24266
14.7465
14.9314
14.062
5.91327
13.6932
11.0274
14.576
11.9308
14.6409
6.46457
11.9188
5.96538
9.80505
7.82557
11.0777
10.8336
14.5458
12.9507
11.4927
10.6989
12.2176
12.238
13.9605
14.7709
7.6838
11.3558
11.4451
6.13607
11.8557
12.032
11.1562
12.6006
12.1335
7.18033
13.0746
11.1167
13.691
11.8212
9.33382
9.00716
9.94718
14.4235
9.64826
11.9686
5.91724
12.9553
12.0637
10.9215
12.478
12.3954
12.5291
10.7507
13.8613
11.7276
14.6321
10.3026
14.1807
8.35942
11.3942
14.1842
6.86738
13.9392
11.8804
8.58729
9.78319
11.3972
9.56983
10.1264
4.40251
13.3222
14.2673
13.0483
9.61952
12.9888
6.96071
13.2546
14.881
13.7054
8.45633
12.5213
12.9874
13.649
12.7764
5.78821
10.3506
9.43872
5.37872
6.04417
8.62903
14.7596
10.0775
13.1532
9.98918
12.3856
9.96834
9.1856
12.0337
12.4019
13.6321
10.5334
12.5539
6.00475
11.2423
11.7773
10.3112
11.5638
14.0463
5.18673
10.7261
10.6694
10.5952
13.4752
7.96435
13.678
13.0775
14.1576
14.7207
10.737
10.9063
9.85325
8.97737
8.05159
14.3399
11.8197
14.1298
11.5716
11.9821
8.49877
12.8066
9.72707
8.17818
14.2191
12.6848
13.8427
13.377
14.2236
10.6421
9.39871
10.8903
13.9609
14.4954
7.59349
12.7582
12.1519
10.8337
8.85273
7.81868
8.82176
12.7078
13.3832
11.2642
13.6607
10.2724
12.8646
12.1626
8.81519
7.88819
11.7552
10.3547
8.87814
8.73051
11.4932
12.4016
9.76537
12.2056
8.04672
14.0326
13.5642
14.7085
14.4216
6.13358
5.95135
6.89921
12.3459
12.0561
12.1577
14.5456
12.4894
11.1089
10.6027
14.3435
10.5003
11.047
8.73629
10.5992
14.4166
14.361
13.232
4.8578
13.1713
14.1026
14.803
6.06162
9.56785
13.196
9.98068
9.78098
13.9858
12.2916
12.1471
5.89063
13.9477
8.53282
14.9612
10.9978
13.6044
5.4389
14.0385
12.0288
6.6702
14.498
7.51804
10.7136
7.67111
10.5775
6.42429
9.91103
9.49578
6.48248
6.34346
11.5876
14.8202
14.2569
10.9835
13.6302
13.535
7.55141
8.79165
8.427
5.21011
12.0281
9.18364
13.7691
11.6589
12.6514
13.3743
13.0486
10.2227
13.9605
10.9499
9.75598
13.4845
9.37517
10.0709
14.5823
10.6436
5.72527
9.12156
11.2916
9.99017
13.6582
8.953
14.3738
8.68013
11.531
14.8859
11.3876
14.5337
8.23594
5.64782
14.8389
10.5485
14.8374
12.4516
7.78831
14.0246
13.9144
14.8237
14.7
6.30134
6.19044
11.5443
14.0742
12.8344
10.84
13.7847
14.6607
9.84774
9.88717
5.45336
13.539
9.39747
13.297
14.4227
10.9537
12.4155
14.84
13.3956
8.53462
9.82259
10.67
13.5583
11.9421
11.7479
10.4227
14.4298
13.4922
7.73233
10.6143
13.3299
14.2685
10.3033
14.6094
14.4173
12.6521
11.8599
10.6053
14.8192
13.3968
7.87113
11.1117
13.0446
10.3277
14.6354
11.5556
13.4666
11.4827
14.7109
11.6072
12.6481
8.76468
13.6091
12.1795
8.66365
14.1999
14.6716
8.57928
14.8245
11.6651
8.38311
12.0358
5.3979
6.30787
13.7672
14.624
14.8216
14.5002
10.0055
14.6484
9.47821
11.1087
4.85579
7.32723
13.5916
11.6356
11.5151
14.3256
14.0041
12.3209
13.3867
13.6426
10.726
11.6657
12.0448
10.8934
14.6954
4.23449
10.1749
9.07732
7.12556
9.21509
14.0449
8.60247
11.9876
8.85403
8.06049
14.8842
6.37847
10.1137
6.82128
13.041
8.8157
8.04051
14.9871
12.0857
11.786
13.3503
11.5863
7.69101
13.8603
9.43366
14.6303
14.3211
6.25032
14.4474
14.2592
13.4157
12.6688
14.1371
9.84789
12.7136
9.83522
14.8182
8.61072
6.47758
9.43049
7.80498
5.09457
13.688
8.77259
6.48864
13.6469
14.9547
10.2272
12.9327
6.03556
8.61996
12.2204
14.8393
10.9592
13.6412
8.25155
12.9633
12.0564
12.7813
8.97905
11.4456
13.3344
14.1911
13.9652
13.7623
10.9532
14.4047
13.837
12.127
12.3265
14.792
14.5929
14.4004
8.37909
8.6177
12.5548
12.084
9.70434
9.63046
10.0999
14.5701
14.4834
13.168
13.7913
11.2533
11.5937
12.9562
11.909
12.0224
12.1516
13.1727
13.9212
12.2309
12.5856
11.7346
7.65439
9.94674
11.3179
13.7219
4.92518
8.93454
11.6988
5.64863
11.3369
7.73911
4.88273
14.3466
13.0389
14.9154
14.5028
8.81153
14.9694
12.9514
8.74032
14.1911
13.583
12.1958
13.9941
11.5057
5.94598
14.5011
10.099
14.5138
14.4699
11.1927
14.9373
12.517
14.9715
10.5788
10.2756
10.3102
6.27617
11.3175
11.914
11.3341
13.1853
14.2292
10.6459
11.7172
11.9456
11.3179
13.571
9.32411
12.2389
8.33962
11.8264
14.8228
7.89621
13.2115
13.9208
12.3921
7.24881
10.9943
12.2841
14.0604
10.6473
12.6589
9.46234
12.3944
8.59339
12.8505
9.01246
13.7156
13.4488
8.52891
13.796
8.70382
8.27111
12.8761
11.5608
12.21
11.1145
13.9972
11.5837
11.8656
10.8747
14.3203
8.91442
9.1694
8.86603
8.75559
12.5674
10.611
4.58466
9.00689
13.6858
11.2513
7.62757
9.29768
7.09489
9.68842
13.1698
13.6923
10.3404
9.67711
11.5279
5.73094
11.5985
8.161
14.2719
12.4863
14.4698
14.1319
12.0442
8.72347
14.7011
6.26112
11.2218
7.90577
5.58354
12.4732
12.1128
9.14869
13.6856
7.82055
13.455
10.1626
13.7601
13.7031
14.655
11.8355
14.2138
14.274
14.4557
8.55928
6.55275
13.3023
12.0271
13.3994
13.1388
13.788
12.5083
9.40167
13.5696
8.96013
12.8675
12.6747
8.99648
13.0205
10.2287
12.883
9.72857
10.8667
14.4017
12.4143
13.8079
14.5126
9.58834
12.6483
7.19748
10.3911
5.77115
11.9949
13.7806
11.8867
11.8734
11.7469
13.2044
5.11694
12.0666
9.52477
13.6623
13.0805
14.358
14.9656
12.706
14.3214
11.2872
12.6051
13.8132
11.2299
14.4459
13.4625
13.7732
13.632
14.1116
13.3426
13.4706
13.9037
12.5191
12.8383
10.9619
12.3759
6.54137
12.9385
13.1277
12.4688
6.58416
13.9922
14.3038
9.73623
10.5715
10.5453
14.1597
10.4592
9.9649
14.0996
14.6594
6.92706
14.1891
11.8857
10.7345
9.96689
11.4734
14.1984
13.8251
14.5112
11.6249
12.2106
7.97041
8.83867
12.3551
10.2903
11.977
13.6848
8.57572
11.29
14.9303
13.8941
14.0377
13.4546
5.25002
9.32435
5.88142
10.4739
10.8599
10.4672
14.8407
9.03201
13.1016
9.70424
8.55143
13.5177
12.7474
14.7366
13.0267
12.7718
12.9943
8.79826
10.1344
6.15063
10.1312
11.4231
11.0756
11.5166
6.15862
13.0141
13.2864
14.4871
14.0307
12.3022
11.9726
14.127
10.5289
7.07558
13.7818
11.01
14.9322
14.2696
12.5618
6.01849
11.1427
14.964
6.51216
13.3565
11.0703
13.5185
8.98074
14.0701
12.7837
9.0994
14.3567
9.92563
14.7244
12.8649
13.0678
10.407
13.4325
11.9794
14.0965
13.9165
9.75518
12.9811
13.3294
8.48237
13.2838
12.5265
14.8367
7.23744
11.8217
12.6239
14.9053
14.4773
14.8212
14.7021
13.7524
14.243
6.76017
10.592
11.1042
9.89519
13.3007
4.90451
5.73205
12.1499
8.43737
10.1286
11.6514
13.505
9.51504
14.3629
9.75305
12.6591
9.82188
9.66639
13.9584
11.8671
13.5434
13.9047
8.61683
9.54377
8.21427
14.5594
8.39601
12.7064
14.074
11.4602
11.7021
13.1284
8.76136
9.82852
8.46414
10.2961
6.96231
11.7164
14.3654
10.3713
9.95492
12.2706
13.5638
12.4368
6.75583
10.6981
10.0458
10.4846
10.7046
8.77368
12.7865
7.69763
14.4288
14.9275
13.8553
11.0849
12.077
8.68935
14.7256
6.06971
14.1299
12.0928
11.4749
14.934
14.6408
9.70627
12.2955
8.62496
12.2898
12.5476
10.942
13.5419
10.7226
7.46306
14.4381
10.3817
12.5763
12.5263
13.1269
12.1713
13.6916
12.3101
12.8866
14.3644
8.2973
9.39866
14.007
8.65193
13.4156
14.4206
14.3839
14.9122
8.62369
8.61438
7.57984
6.23968
7.14999
14.3935
12.8478
14.5036
11.8039
4.63432
13.353
14.6631
10.5859
11.9333
13.0783
5.3242
13.4687
9.79921
10.2984
5.89335
13.3918
13.6288
6.59594
9.09321
10.1278
11.1211
8.56649
13.7819
9.35386
8.97763
11.0037
11.2084
14.0122
14.3865
13.4772
14.7507
10.1407
9.20512
11.621
10.9622
14.6536
4.28611
8.20593
9.21023
12.9917
13.7629
13.3357
14.3433
8.51451
9.87324
9.24316
13.3559
8.61019
14.6064
8.77886
10.5976
10.1264
14.6516
10.3947
8.46926
10.5424
11.6451
14.0463
8.35286
11.2807
7.75606
11.1404
14.5519
13.9125
14.5236
10.4035
7.15579
8.77851
14.3761
8.66312
10.6849
14.3721
14.2454
13.869
13.5753
12.3931
11.5685
14.4455
11.9553
9.95384
7.33604
12.7749
8.51682
11.7836
11.2429
12.5003
8.71861
11.8953
9.90033
5.72477
10.3312
10.5032
12.2308
9.87922
14.3576
11.7592
11.6565
7.53882
10.2868
11.9707
12.2414
14.211
8.24317
14.1856
11.6338
14.3224
10.4402
14.2077
7.89369
10.5012
10.5638
9.18502
7.5374
13.6051
14.3863
14.4279
11.2336
13.9
8.46868
11.9702
12.1576
5.85327
13.1897
13.2905
9.91373
14.1533
10.8262
10.049
4.42693
8.56509
13.4061
11.8425
11.9369
10.4117
9.80463
13.9076
11.6212
10.1418
9.39047
8.65354
6.18858
5.21473
9.35878
5.12777
6.05411
11.6697
10.3939
8.59236
8.78682
11.9684
13.4561
12.0673
10.2199
11.164
13.424
14.7241
4.87027
12.7666
8.87558
8.87902
12.6841
4.70521
11.8919
12.9258
9.90523
12.3549
6.13912
13.1317
14.4471
5.69789
6.11426
14.832
10.147
9.50262
11.6607
7.11703
14.202
14.7991
14.9793
10.5935
9.80703
10.0873
11.7562
12.4809
11.9813
14.3742
10.215
12.2005
13.5952
14.3245
13.8371
9.48956
12.7346
9.95603
9.3214
12.2898
14.3931
11.6288
8.44721
11.8629
11.736
13.8792
14.4998
11.0357
5.50874
9.00411
11.6603
5.32252
7.85381
14.1892
14.1524
13.2075
14.1358
13.7099
14.4884
14.211
12.5736
12.2035
8.69751
9.842
14.177
12.7975
11.651
14.5679
9.3176
13.532
11.278
12.53
14.2068
14.1959
13.5635
14.4622
13.6755
13.8399
11.2674
11.6334
13.8125
10.7417
12.7861
8.54454
9.16061
10.8942
14.4281
10.2915
13.2169
8.07656
8.69713
12.4
9.81674
12.8467
11.4231
11.5841
7.68395
13.3214
10.7675
12.7844
13.9143
9.9202
8.28605
14.5853
14.8872
11.7977
13.6926
9.99671
12.8413
8.48361
12.7107
13.1532
14.8359
13.1506
14.3809
13.2919
9.40104
10.262
5.80801
11.5493
6.25062
7.33409
5.96015
13.1591
11.1751
11.841
10.6838
12.2731
12.7489
10.2319
7.50042
13.4239
6.33147
12.4404
14.3513
11.5277
8.62694
13.8311
8.67144
11.1571
12.3889
7.82135
10.9683
12.7852
6.76725
11.429
13.3785
7.46992
14.9559
14.5028
11.3096
14.7457
9.96007
11.8556
8.29846
13.6403
6.30189
11.1489
14.2263
14.04
12.3369
13.4365
9.99198
12.0296
11.223
12.3863
9.59763
9.60584
9.75546
12.7704
13.7705
14.8443
10.9016
11.1471
9.4738
12.7906
9.13763
14.8644
13.2561
9.02548
14.5462
13.0613
12.4671
12.5936
12.2531
8.9507
12.6757
14.4444
12.0018
13.3341
10.3604
10.0369
9.22194
14.4143
11.8445
8.98437
7.88941
13.2124
13.8066
11.3249
14.7206
13.574
6.36965
13.2042
11.8387
12.9155
8.91788
14.1465
10.8467
12.3244
14.7087
14.7171
12.5566
14.9686
13.4161
13.4897
13.3178
13.8724
13.2131
7.96851
14.1658
10.7197
6.71477
7.96589
9.52511
12.8831
14.9755
12.8352
10.589
13.0258
10.7977
6.54602
5.87539
14.0157
13.632
12.9363
11.3365
14.9703
11.1197
11.8973
10.4269
12.274
11.6358
9.70513
8.57621
14.5998
9.43876
11.3357
6.16601
11.0858
13.6281
8.36877
8.6296
8.88501
14.4025
14.3227
8.23633
13.5906
14.6527
6.00467
14.4251
9.95127
4.80802
8.54562
14.3673
13.3969
9.64822
12.4146
12.1805
12.6294
11.087
14.5684
8.66246
10.377
10.8723
6.824
14.239
13.0829
11.2596
13.0955
10.175
10.0107
13.9623
11.1455
11.0718
13.8161
11.8587
12.7144
13.7945
12.3006
11.1479
12.7127
14.2308
12.6843
11.5301
13.6914
13.4493
10.8144
12.4466
12.3025
11.3288
12.9934
8.48862
10.2591
14.1509
6.04991
14.2187
10.1395
6.04449
13.9828
12.1057
7.15534
14.659
12.5842
7.10769
13.4576
9.25024
9.3869
14.4443
12.663
12.9908
6.17151
10.3699
14.1237
8.71256
7.39394
13.0925
11.6883
9.81697
13.9248
10.1858
13.8706
5.5162
13.5927
12.6408
12.2937
9.67192
12.402
12.5272
8.0971
9.33832
12.3679
13.3549
13.6035
8.59358
13.8364
13.2652
6.22924
9.81393
14.944
13.9399
11.1964
5.87497
10.6315
12.3289
14.1132
13.5801
11.0469
8.63748
11.3342
14.1832
11.9329
14.2248
14.2229
13.6263
10.4602
11.1401
12.4923
14.7082
8.79819
14.6699
13.2224
14.7352
13.0295
12.323
7.43973
8.69015
11.1364
12.5356
13.0568
11.6454
9.67506
11.7318
14.724
6.0375
13.7964
8.06293
10.6795
6.89381
11.8448
13.4659
12.4643
11.9897
8.97523
12.2128
13.5822
14.2963
13.64
10.6684
12.2833
11.5426
11.1035
11.7872
7.38398
5.88796
9.16098
10.1927
13.8613
9.96659
5.94766
12.8942
14.6908
12.5438
13.2674
11.209
9.86473
11.6722
9.45515
12.7553
14.6084
10.5274
11.8185
13.9842
11.6594
14.6182
5.95106
9.41923
9.24876
13.7204
9.01116
5.02483
9.03705
12.7563
8.62418
13.1193
13.1839
14.7842
6.67999
9.14925
14.8952
13.1616
9.42224
14.6631
13.8752
9.71189
4.92662
8.94575
10.8184
11.7115
12.0935
12.1063
13.8007
14.4262
12.7613
12.1931
10.4842
10.9739
7.45669
10.4185
12.0362
12.5482
3.63203
12.8837
10.3314
4.67594
13.9246
9.4346
9.59212
12.653
11.4036
8.04668
9.351
11.9985
9.09838
14.6986
7.46244
9.92174
13.967
12.531
12.7035
5.52406
12.564
8.17852
11.6699
13.7918
12.0118
10.8765
11.1004
14.7039
14.6511
13.9305
9.21117
10.235
10.0975
10.4999
10.513
6.22984
10.26
10.0331
9.88455
9.6794
13.5239
14.6078
10.486
9.53544
11.9581
14.8844
14.8437
12.4808
5.9028
12.9824
5.52622
11.779
10.8115
9.74611
11.8051
12.8136
5.93185
6.09717
14.8012
5.43209
14.4356
11.1071
11.7188
13.4243
10.9038
9.54382
13.7773
7.528
10.8878
10.6964
12.1194
8.23549
12.292
6.23541
14.9359
11.3834
9.85845
9.41302
10.8062
13.1615
11.8163
11.8061
14.3332
14.647
14.1646
10.5376
9.7884
12.2195
11.8033
8.66571
14.8933
13.4191
12.0318
12.1169
11.4788
14.7075
13.7933
11.438
12.3504
11.5189
10.0896
5.52739
9.79222
11.5852
6.27836
13.8317
14.765
11.9166
12.9559
14.0947
12.6126
14.2459
13.4627
12.6087
14.5579
9.10795
13.5503
14.8037
13.9276
5.98155
10.2679
9.02523
14.9316
10.7388
14.0813
12.4383
14.3962
5.44442
8.5825
14.7654
11.5407
9.69745
13.7291
12.3066
14.202
14.3371
5.71074
12.2541
9.28241
11.2445
5.88821
12.748
14.2959
13.6124
14.2629
13.5419
14.2147
13.9664
11.6284
12.2864
6.54113
14.8125
8.85879
9.38034
12.4643
10.7583
11.2273
14.123
11.7111
10.4208
8.59589
11.9634
13.4079
14.7671
14.0473
14.0256
8.36448
11.994
9.99871
11.531
10.906
9.17396
14.9453
10.4982
13.7826
10.7671
10.0361
14.9897
12.5842
14.743
14.4026
13.6854
10.4954
13.9655
11.5964
9.88996
13.7225
10.9147
8.43608
14.0837
12.3053
10.1386
9.4244
13.9385
10.9137
12.4001
4.34177
10.8743
9.77168
8.43487
10.0586
9.284
12.7342
12.9874
14.6582
13.52
12.5069
9.98469
9.54032
13.6902
5.81946
14.2203
10.5094
11.8752
13.7762
12.367
14.3305
13.9687
10.0566
13.5701
11.1036
12.6494
6.60399
8.99272
14.6687
13.2659
8.87742
8.98939
4.57099
7.82046
12.0993
4.72387
9.15638
9.68347
14.2541
13.845
12.6487
7.71536
14.0943
8.72992
13.7709
9.15914
9.78326
11.6195
10.607
9.42845
11.351
11.5008
8.67799
14.3267
9.08399
8.70218
8.4482
14.3413
11.8781
8.65058
11.606
14.875
11.7682
13.9293
10.2758
12.7453
14.5147
8.6458
14.3749
11.5939
13.8187
14.0781
14.7541
8.93179
12.6544
14.8436
13.9737
4.81296
8.93115
11.0669
14.6105
10.1813
13.846
14.6017
14.129
11.6787
10.627
14.9241
8.80565
11.5344
7.89351
12.619
9.11707
13.5703
8.62838
12.4243
13.1075
14.2536
13.1862
11.264
14.0027
11.9882
13.1923
10.5563
14.4173
11.2772
8.39939
12.2761
10.3886
8.88246
10.5671
14.503
7.98762
14.8968
12.3528
10.6118
13.2913
10.1456
12.8751
10.2176
10.1828
9.42203
12.8082
7.35977
13.1726
6.05045
8.21193
12.731
8.80936
8.71863
14.7101
12.7069
9.52897
14.3658
5.23843
12.414
9.06439
12.8196
13.9694
13.6549
9.10048
14.9872
13.1893
12.3803
12.7867
7.22234
14.5786
14.0113
13.2053
13.2277
13.0961
7.24978
11.1123
8.92618
12.6064
6.8588
14.8089
13.9283
14.7989
10.3528
10.4062
6.10693
5.98995
10.4951
11.8928
5.92863
11.9469
8.31673
6.04174
12.005
7.39839
14.3301
9.23003
9.8554
11.6902
9.09044
9.35405
12.947
13.9801
11.003
12.9829
11.5225
10.0978
13.2402
12.5197
9.84502
8.39857
10.5189
13.2378
10.936
4.76736
14.8029
14.1829
10.8701
14.8478
12.8693
13.5654
9.92582
8.82598
9.81285
10.229
6.52448
13.6133
10.6096
12.9235
14.3827
9.85508
8.71051
11.7304
9.67292
14.4848
7.94044
12.4431
13.9359
5.8735
14.2618
5.8854
14.0707
13.6493
14.0091
11.9682
14.0899
11.4503
14.3911
6.48296
11.9997
10.7792
13.0869
9.82868
12.0821
11.0247
7.45111
8.18166
13.1443
8.5049
11.0735
14.9699
14.0261
5.9842
14.3168
13.4942
11.2808
5.54226
10.4779
11.292
9.21354
14.5111
13.3571
13.0111
9.73947
14.4294
5.87243
10.3569
10.2908
12.6686
14.7669
14.1407
10.358
12.0368
10.8106
11.9442
9.42368
12.0036
9.25321
14.6559
5.29908
5.31925
5.88143
12.8659
14.4616
9.75166
10.9031
13.853
11.8973
9.27546
12.5056
12.0437
12.8414
13.9334
6.13904
9.50545
6.21032
8.339
14.9331
14.4279
6.77159
14.0931
10.0663
11.5062
14.9987
10.8303
8.73532
11.8124
11.8822
12.658
11.1571
9.15185
10.2337
10.1507
14.2299
10.7625
13.7665
13.553
12.789
13.585
11.6462
13.2309
13.0679
8.47329
9.82743
8.03523
12.353
11.3133
9.10534
13.4619
7.78863
10.1095
12.332
11.1478
7.92942
9.72987
13.081
14.4838
8.75569
12.7185
6.88371
10.7967
12.1681
12.9478
9.75186
14.4405
14.0874
11.492
14.6168
13.2716
6.73964
14.5121
9.35162
11.9801
12.8809
8.6905
8.61182
12.288
4.75964
9.38155
9.04231
12.3485
13.9336
11.2694
3.8985
10.0023
14.2208
8.72813
11.857
4.30307
9.74659
5.90187
11.9311
13.4056
13.0376
12.9122
5.65911
10.4353
11.9886
6.48952
14.4344
11.4852
9.45512
12.5926
14.5936
9.22044
14.7769
14.2068
14.3992
11.0703
8.50406
14.8167
9.37494
11.084
13.185
8.00935
14.5564
14.3168
11.3694
14.8376
8.13934
10.9345
12.2864
10.4788
14.3472
11.9396
12.7354
12.1075
12.8639
11.0344
14.9209
10.1407
7.17407
11.0952
11.6273
13.8332
9.33747
13.8836
9.57559
8.64182
13.0602
10.6121
14.8315
14.2889
6.57912
13.5029
10.8298
14.324
14.4366
10.9354
9.64329
14.4171
9.78505
8.95052
11.4074
13.7753
12.5115
14.5626
13.4082
9.66199
10.1728
12.0289
8.3497
14.1959
10.9908
10.94
13.4719
9.14441
11.7841
10.8708
14.2136
14.9672
10.444
14.125
7.91769
11.0028
5.40792
11.4817
13.7155
14.4765
8.81162
10.9505
5.89652
3.89334
9.53835
13.6307
10.9412
14.6387
9.16369
10.4584
4.80798
14.5821
10.8385
13.2198
5.67961
12.0138
14.7368
11.7764
10.2718
14.0458
12.453
14.5122
13.7439
11.6503
14.1255
11.3676
14.4992
11.1386
10.6128
6.07185
12.7325
11.6002
12.0047
14.088
8.61247
11.9439
11.8106
14.6523
12.6751
13.6101
13.8136
7.00341
9.66487
10.8918
13.8539
11.4378
11.261
9.16809
7.64403
13.1813
11.7548
14.444
14.4722
8.43171
14.3202
7.3013
9.44296
9.54661
12.4213
5.49503
12.7646
9.08198
8.8557
11.5478
11.5377
6.85483
11.6401
10.4322
5.36032
11.9468
10.8868
11.5328
11.8302
10.7984
13.8406
12.7566
13.5936
13.7514
6.78226
12.021
10.0702
8.74627
11.8897
11.9243
12.6322
7.92582
11.4778
8.88124
12.6682
12.9729
9.48999
10.2562
12.2253
4.54312
14.4059
14.218
9.21704
5.11598
6.47955
10.0944
10.78
9.07796
12.5698
9.87252
12.3816
13.1588
9.76018
14.8608
9.68786
13.026
12.5544
7.48509
14.8828
9.68754
7.36562
14.9533
11.8305
14.543
9.08414
13.1846
12.9645
14.396
10.8359
14.4573
14.8433
9.89828
7.08214
9.19098
11.6122
10.8177
13.7625
11.5168
8.43886
4.55836
7.738
9.32034
10.7255
6.80477
13.4719
14.9916
8.13105
14.7457
12.4581
11.2079
10.5021
5.64784
10.6252
12.2501
10.251
6.4894
12.658
11.384
13.2577
14.0749
13.8356
7.89316
10.1347
11.2424
10.3221
9.90561
11.8431
9.66517
13.7487
6.70488
12.0355
7.50646
8.72134
10.1693
11.9219
12.4726
10.3427
10.7412
12.6613
7.73013
12.2859
14.7731
8.72024
11.0819
10.2506
13.0001
14.9404
9.57808
13.1567
9.31758
10.3518
12.2264
11.5893
12.4889
13.4086
8.47697
13.5927
12.9148
10.8994
14.8125
12.3569
9.58686
14.9121
13.5362
13.9307
8.83668
10.5175
8.06059
14.6299
13.2988
11.294
8.72871
7.8709
8.55908
11.8658
9.33559
9.69962
9.75135
14.6573
9.18365
13.1576
9.84831
13.9673
14.2934
14.97
13.8612
8.60403
9.46552
12.5624
10.2412
12.8632
12.5023
13.0581
11.8326
10.0043
10.7174
6.24903
8.72703
7.02066
13.1053
9.31595
12.1124
13.6307
14.3821
8.21619
8.80384
9.50086
14.3262
12.2202
6.95301
8.93629
7.20966
8.73707
12.2583
14.3971
14.8707
9.72159
12.9407
10.677
14.441
9.00164
14.857
6.17697
13.4983
11.4745
12.6154
8.46763
12.5486
10.0147
8.27553
7.51536
10.1649
9.76172
7.33303
12.1936
13.7371
11.5691
10.0229
8.88546
11.0505
14.4257
14.6572
14.2683
14.6549
11.7067
10.9211
9.6062
13.256
10.7939
12.1034
12.9418
10.5552
12.284
13.7507
10.3153
7.16423
7.30753
11.3509
13.661
12.3108
13.3005
11.753
12.421
10.5494
11.9784
11.0779
14.0491
13.7889
13.6455
12.0815
11.7033
14.8096
5.50084
13.9937
14.2162
14.8582
11.5467
13.959
9.82205
13.4625
14.5598
5.73344
10.8143
9.43371
11.8766
13.2829
14.8393
14.9083
10.3927
9.5404
10.4274
4.6396
7.01091
14.9289
12.2943
8.06787
9.22305
11.6872
13.4761
5.43264
9.73512
6.31403
12.4682
7.62325
14.0384
11.3748
11.9662
10.7673
13.8156
12.9125
6.1989
8.62144
13.7022
6.89547
10.8973
11.4527
8.58767
9.97307
8.35021
8.22698
12.7234
13.4467
11.415
12.2771
14.7497
14.6592
8.40415
13.7703
12.0492
13.2459
10.8325
12.5712
9.82039
14.0649
6.00621
11.4457
10.1305
12.7449
14.8247
11.3859
12.4159
12.4655
12.125
13.0943
10.7299
13.2229
12.903
11.5452
10.6806
10.4499
12.3554
11.4498
14.7172
13.5457
12.9233
5.08469
5.41605
10.2877
7.81253
8.03171
10.45
13.6604
14.3747
10.0027
10.9813
5.96262
14.9603
9.6525
10.4533
13.789
13.1762
7.95547
9.55993
14.247
13.5698
9.98368
14.466
14.5596
9.34729
14.2355
13.9358
12.1139
14.7199
5.06724
10.6476
7.8307
9.99599
14.224
13.9008
9.74133
5.17074
14.0895
6.46429
12.3653
11.9756
6.76372
11.6278
14.5217
7.04548
11.8015
10.4497
9.253
9.95854
12.1517
13.8052
10.1207
10.8595
6.90158
14.928
14.6847
12.7661
8.75123
13.2044
6.84442
14.4782
7.88529
14.0171
11.9215
12.9641
12.3882
12.4071
13.0306
13.7579
11.6072
14.9205
11.0068
10.7442
7.39892
10.0613
11.0784
11.1541
5.46903
11.0802
6.26859
11.0548
14.3783
12.2574
10.0089
14.273
13.1143
10.8529
10.2284
14.6508
9.30919
10.611
12.1769
5.09558
9.05606
9.83287
8.60296
8.95443
5.70328
13.534
9.36852
13.3574
10.4902
10.5124
10.5792
12.2488
10.5176
14.008
13.6527
7.86889
13.6841
14.529
10.5612
13.5082
14.7359
9.37037
10.4284
14.3547
8.38441
10.2529
8.61753
14.3498
10.2883
8.58706
9.7802
10.4137
13.9676
8.16493
13.8202
7.35028
12.8304
12.6137
11.9881
11.7877
13.2246
8.62421
13.8896
13.8349
13.114
14.5444
11.0741
13.5912
10.238
7.30637
7.42253
7.13335
11.6984
9.54372
10.6017
13.223
8.93317
14.4648
10.5069
13.9545
13.143
14.1769
14.6647
5.236
4.3967
13.9847
12.6295
7.48312
11.3213
12.9612
11.4916
12.8972
9.73528
6.43696
5.83742
11.3231
14.4584
6.16481
12.8883
10.3454
11.1184
13.7795
9.91831
5.60915
12.4885
10.4654
10.5982
10.3198
12.8206
9.23644
7.73795
6.17083
8.81348
14.4797
12.7169
11.632
5.43804
8.77877
12.1078
10.3599
11.575
11.7624
9.06588
9.09764
8.91819
14.8889
9.32695
9.80039
14.4014
12.2624
10.6222
14.328
9.19285
13.7334
13.7881
11.9561
14.131
9.12688
14.6742
12.4034
13.4476
12.4667
8.11937
10.2065
10.7837
11.2836
13.5922
8.30135
13.4441
10.4634
11.5769
9.58567
4.79219
7.74849
14.0546
10.8093
13.2976
12.1367
12.3348
14.221
10.1422
6.51206
13.9198
12.2507
4.42118
14.8252
10.5575
8.64328
14.9763
11.9633
8.62439
14.8255
11.6635
11.6985
14.5178
14.1407
14.8606
13.4617
10.4444
13.9079
14.2855
14.39
8.42377
11.316
12.6961
9.82295
10.5893
8.65346
6.2483
12.1447
14.2404
6.3526
10.0142
11.9083
9.11464
10.0128
8.69942
14.7772
10.781
14.1134
12.2351
14.0191
10.3488
12.6498
13.6151
10.738
11.0721
9.10053
7.51044
14.9685
5.66367
6.73975
13.7773
12.0589
12.3555
6.50393
11.0077
9.56262
9.07398
12.6123
8.97864
12.883
10.7666
13.0301
5.06403
10.4283
5.14469
10.5241
13.0207
14.7282
13.7736
13.2265
14.7311
8.63291
13.9311
14.5731
14.5679
14.2447
9.99019
8.50232
14.6786
6.58642
14.3068
8.74481
6.00506
12.8415
8.58492
13.5261
13.9824
10.0917
13.6831
7.55399
12.4124
13.2647
14.5309
13.8892
10.8955
14.0137
13.6842
10.7028
12.6725
7.89651
14.7167
8.62602
14.5934
13.9099
12.1187
7.52329
13.8148
11.9306
11.9207
14.2659
10.365
13.5206
5.7864
8.23671
10.4267
13.889
8.70986
8.97268
9.91227
10.3771
14.6135
13.9605
6.64887
9.85786
13.6616
14.0513
11.3465
14.0288
10.7261
6.28487
9.87088
8.66465
10.7636
13.5154
10.2822
12.7981
12.6339
8.4862
6.07935
9.89837
10.9665
12.4111
14.1733
11.6495
14.8446
14.945
12.4408
12.0742
5.98747
8.54464
13.714
12.408
11.168
9.30421
8.01215
11.529
11.2318
11.6742
14.2781
14.4872
11.8166
8.5069
5.6292
14.7996
10.3282
11.8812
10.8088
11.9467
9.90459
11.3435
11.5554
14.6026
12.5138
10.8769
13.2273
11.8054
8.8131
13.2948
8.06029
10.1417
13.1269
6.34153
8.15297
10.6847
12.2692
6.06698
12.2267
13.415
12.1214
6.19123
9.87172
9.46977
14.0701
14.3654
8.62683
8.58063
9.11945
10.9639
12.0724
6.54533
14.4102
10.6709
14.0097
9.34246
11.7511
14.0388
8.62914
8.8552
14.4913
9.09328
11.6915
10.3876
14.5781
6.17418
10.2122
10.8158
13.1006
12.1975
12.2758
13.5442
14.3295
8.72606
10.6907
14.3322
6.30113
14.1283
10.5737
10.6628
11.0987
14.2968
8.44602
10.614
10.6234
14.2085
14.2432
10.3843
14.3224
10.7195
10.1043
13.367
14.0117
13.4546
4.56868
13.407
14.2405
11.2587
10.5228
11.8277
11.0525
10.6364
10.2489
10.682
10.7144
10.1077
10.6651
11.0578
10.4767
10.0921
10.6905
10.3462
11.3361
12.462
12.5396
10.5101
12.7464
12.6804
6.38663
10.4087
10.169
10.4649
14.011
6.20965
11.7361
13.9328
14.9979
14.8346
12.5312
14.5934
14.8825
12.3323
14.9148
8.6462
14.9225
13.0202
13.8015
14.0676
9.08149
14.3353
13.4318
12.6496
9.73675
9.85179
14.0208
12.6343
4.37706
13.6623
14.7261
12.0126
12.4314
13.1909
7.70805
4.89427
11.2432
12.3471
11.2464
9.55306
9.62931
8.52089
6.19012
10.7562
14.4646
11.7298
13.735
13.1316
8.22893
14.9681
9.4216
6.40011
14.307
8.50346
10.0821
11.0036
7.6083
10.0895
11.6575
13.4043
4.87951
7.33471
9.37501
9.54094
14.8541
8.71378
6.147
10.6411
10.6037
6.25148
9.84091
14.0382
10.9543
7.64098
14.8425
11.7499
7.10985
14.6515
6.35877
8.94168
7.19424
11.5591
5.40324
13.2144
13.1937
14.0664
14.6842
11.288
14.818
4.10133
9.779
12.2063
10.4294
14.6168
13.4178
8.77702
13.5079
9.03873
5.04934
14.5749
9.93516
7.28897
13.8322
10.0966
14.6489
13.2855
11.9408
11.2289
11.2554
13.6412
14.834
14.6537
8.37177
12.3604
9.70276
9.62653
8.22951
5.88355
8.34292
13.7619
12.6998
13.1399
14.483
13.2141
8.93698
11.0154
11.8943
13.4458
10.5831
13.9021
5.7531
13.1244
9.39999
12.2298
14.3302
14.5681
11.6974
14.4233
14.001
13.6129
14.3502
13.5627
12.6173
4.89235
12.0191
14.768
12.7095
14.7222
10.7103
8.63786
10.4368
10.7435
13.5334
9.60499
9.88427
8.7281
8.68559
12.3798
7.54768
12.1962
14.5091
10.024
12.4894
12.8269
13.7654
14.0895
14.1123
13.1445
5.74919
10.7778
5.79298
13.7389
13.0917
14.8866
13.8059
8.64103
12.2802
14.39
14.6224
6.59955
9.94195
13.63
8.40331
14.3716
12.7783
11.4839
9.90743
12.7908
14.9816
7.30901
13.3702
6.94365
8.65717
12.1891
13.0705
8.24084
11.9054
12.5774
13.5864
5.13107
11.5667
14.3513
14.6614
12.4241
8.79768
9.95112
9.86
13.4584
14.2905
12.4678
9.84424
13.2324
14.5071
10.7567
14.1389
10.4826
14.4611
11.1517
12.6835
10.6947
13.6992
6.47441
9.12
12.8056
5.00078
9.20782
12.3144
14.9296
9.12251
12.6882
8.97051
6.18087
14.777
12.1207
10.5818
11.0924
12.6077
11.69
11.9963
10.7465
8.79197
9.01195
12.7726
13.6866
13.3208
13.315
14.198
12.5755
12.9259
14.6699
10.5812
9.78342
10.3286
7.02259
4.75157
8.55128
9.51369
11.8037
13.7047
14.399
13.9193
10.1621
12.4628
14.9007
8.47893
6.21656
5.26339
14.8261
13.2258
12.1855
10.2591
6.71584
7.91071
11.6955
10.1208
10.2919
10.7883
12.1314
14.1893
14.0073
12.5023
13.451
13.3221
8.78969
7.11265
13.7515
13.3501
9.65398
12.8303
11.513
13.2955
14.5909
4.71664
9.75863
13.9653
10.7648
14.205
6.05721
10.5217
12.0182
12.1982
7.2795
9.38938
12.7106
10.3088
10.6274
14.3427
10.8476
14.979
12.972
6.25352
8.82508
12.6258
4.69168
6.02907
12.2537
11.446
7.37801
12.8018
10.5126
9.83141
8.82304
11.7972
8.30181
13.1656
11.0893
14.3648
14.2283
14.5634
10.2089
10.5086
7.86701
8.7033
10.1539
12.6353
9.26698
8.55397
10.885
13.2681
11.0641
11.3959
9.2224
8.66694
14.239
5.95718
11.3469
13.3633
13.8827
12.8747
13.5867
8.89143
8.62003
13.9405
5.76567
6.05018
10.1512
6.78363
7.77977
11.5258
10.4117
10.6284
10.7341
12.056
14.2497
10.8643
14.3554
9.76734
9.9947
13.9922
12.6727
11.8072
7.93314
6.67006
7.6706
9.81195
10.1946
8.60628
11.4424
14.7442
10.6825
12.9545
14.0007
14.7872
9.75141
9.73517
10.5074
12.2838
6.12335
14.268
8.18895
13.3233
13.0718
14.0149
5.12197
13.5275
12.2372
6.0798
8.56433
6.10795
9.22674
13.0228
11.7469
10.8423
10.8572
12.5181
5.11879
8.36464
10.9679
14.4931
5.10006
9.25517
11.0689
13.7278
6.19322
9.2127
11.0181
10.9016
8.20792
10.8926
13.3002
13.1143
9.59539
11.9933
11.4523
14.9842
9.15115
13.8516
9.4148
14.3803
11.9951
12.8288
7.87323
10.6908
12.0581
12.1385
12.6389
14.2419
9.76922
12.6681
14.6135
6.41444
9.24281
13.9512
12.4976
12.1651
9.25913
14.6711
9.16804
9.18295
13.5888
10.8005
14.363
8.9251
12.0854
12.9129
14.0109
14.0666
4.99681
9.00688
10.8384
13.6158
12.4446
13.3259
6.12888
8.98393
10.7168
12.3055
12.8169
9.93501
11.7411
14.7683
10.5664
13.6658
10.3283
14.6342
12.6558
10.6919
8.68856
13.3849
9.13382
9.89996
14.2964
11.7722
8.69724
11.1416
13.2734
8.05666
14.2251
14.0443
14.9811
6.88943
11.8019
10.4993
14.4336
10.5403
13.5771
11.2475
6.37358
13.1936
13.1806
14.1348
10.2136
9.52785
10.5492
6.02565
8.54232
10.4242
12.3065
13.2667
13.1729
11.1354
14.6304
11.383
14.2927
12.8673
11.0607
8.07382
11.4774
13.8166
9.28614
11.0821
9.59431
7.65519
12.5333
14.6586
12.8283
10.213
9.05785
12.5456
13.5325
14.5698
14.1949
13.6465
10.4813
11.9896
10.5126
14.5017
8.8628
5.6482
8.99326
13.9812
13.9439
11.23
14.3612
6.35631
12.2389
13.7169
13.9535
13.6014
10.4359
12.8318
14.793
6.09132
14.3128
14.6401
12.6742
13.5866
13.5328
13.509
11.8216
14.9537
6.06947
12.1301
14.8724
13.767
13.4081
12.2182
6.22022
8.89255
10.9195
14.2857
12.4778
6.60764
14.5574
12.1255
14.4911
12.5325
9.55376
14.9926
11.5734
6.18165
4.55992
10.1976
10.5484
8.42871
11.0241
5.88902
8.518
14.8332
13.5648
13.3869
4.29041
14.1077
14.2474
13.7617
14.1303
14.7746
9.50778
9.96678
9.05584
9.7137
10.9385
11.2084
14.3499
8.3242
6.06644
12.4404
6.38496
13.8773
13.5722
14.202
11.1208
14.9694
14.6646
13.9707
11.357
14.1049
9.75599
13.7482
5.5594
13.6386
13.5364
12.4724
12.927
11.6546
7.48132
10.8324
6.10933
10.3654
13.7767
11.3804
14.6572
9.69988
14.4035
10.3042
13.0232
14.7328
14.2442
10.0215
6.86641
10.5605
12.8615
13.8155
12.6986
14.8452
11.9652
14.1611
9.77109
10.0042
6.39966
13.6698
10.083
14.3744
6.58461
12.6773
12.8901
10.2787
14.164
11.2746
8.7372
12.6647
9.95176
13.08
12.9424
13.7015
13.4856
14.7833
13.1161
13.1696
14.5536
11.4637
10.0111
8.81917
14.6157
8.93045
6.39693
10.9766
9.90346
14.2493
14.4265
14.775
14.7259
14.1525
14.9152
13.9408
11.659
14.1401
10.9697
13.6182
12.1362
11.4945
6.24851
10.7625
6.23866
12.2494
10.8257
6.07032
11.3131
12.1986
13.0667
12.3515
12.1477
12.5572
5.47097
14.3581
13.9895
9.86686
12.904
12.9404
14.3861
13.1847
14.8704
13.6105
10.2639
14.2234
9.83079
12.0427
5.92278
9.33704
12.1056
14.8296
6.2807
9.8508
6.12565
14.6531
10.7472
12.8528
10.5864
14.1196
14.9201
5.39298
11.2121
10.7515
4.97208
11.6761
11.1239
10.5647
12.5316
13.9641
8.30574
14.5167
9.84369
5.84386
14.3457
12.1567
6.08819
14.3127
14.2061
14.5039
10.184
13.6586
12.1741
12.8829
4.85771
11.6057
14.0108
9.85338
8.93007
14.2736
12.4739
14.0476
13.7993
6.11543
10.5867
10.5472
12.5232
13.9819
10.6092
13.4805
14.0568
9.00558
10.7918
13.1379
11.3998
12.3319
10.8001
11.3078
13.489
12.8696
10.7035
12.1215
5.00305
8.05145
13.1578
14.038
7.33622
7.70492
12.2941
13.1222
9.4482
10.8469
8.97554
14.1463
14.199
9.1166
13.5807
6.05126
10.4025
9.97762
13.2352
14.0605
8.50903
9.86547
12.1926
14.35
12.65
14.7839
8.81632
11.2228
11.1348
7.64877
7.68885
8.86813
11.7758
10.1259
10.7479
10.691
10.762
9.31847
7.2349
14.2772
14.8607
9.95605
13.971
13.3984
10.2152
9.7037
13.9441
9.28964
10.0211
11.9903
7.93
10.3243
14.5428
12.3072
8.40376
9.57303
12.5372
13.0092
10.0998
14.355
9.57534
11.6537
9.62561
11.5837
11.317
8.69253
10.8718
10.0085
12.2179
11.4469
11.5389
12.7599
11.7124
12.6031
9.84185
14.4504
10.7221
14.612
8.10264
12.5383
12.7806
12.454
13.4343
11.6808
10.5808
11.0056
8.05147
13.851
9.18715
8.56513
9.68667
11.693
14.4256
10.3888
10.0997
13.8886
11.7716
13.3085
10.0865
6.79046
4.64723
13.5456
12.2415
13.4679
13.1492
12.2353
7.10066
14.6958
11.349
10.471
13.2318
10.3546
10.3536
14.5263
14.9626
10.7641
7.03106
13.9616
10.3617
12.4027
13.9394
13.349
11.0882
12.1169
5.92697
11.2684
7.97218
13.6417
11.0507
12.0233
10.9124
13.2553
13.5334
8.20084
12.0165
14.6121
14.456
14.0506
10.3194
10.7361
13.7787
8.95924
9.81013
11.2141
9.79651
13.1819
10.5665
8.52183
12.4367
7.84473
10.5073
11.6795
14.9029
13.4134
14.32
14.4905
13.2439
13.8377
8.82719
11.1236
11.3339
9.2382
12.6347
8.68145
10.572
9.84927
12.3441
6.93854
12.4254
10.1889
10.4627
12.1668
13.1747
13.7149
11.9792
13.1476
13.1617
10.5417
12.2395
6.07169
12.1754
6.14347
14.625
8.0735
12.9147
13.1694
13.9305
12.2544
11.3173
11.7369
14.4885
6.01794
8.77502
7.91503
9.33371
11.5883
11.084
4.38021
12.777
11.2482
14.672
11.0579
14.9243
14.8933
13.0029
8.1728
9.28061
13.2524
7.67477
11.1783
14.7529
9.46578
12.2686
14.2207
8.21089
12.7992
14.934
13.5798
13.4735
9.21421
12.5596
8.57585
14.1871
10.6505
10.3211
10.8981
10.7442
8.47274
10.9788
10.4477
12.491
11.6365
10.6384
13.0256
14.2678
11.5288
8.24032
10.4251
14.6865
5.1138
9.37352
10.304
11.2906
8.17274
10.9712
10.7424
8.50355
5.06723
14.7443
7.29662
13.0231
5.85254
9.09755
12.051
9.95177
13.5114
7.8774
13.9946
12.5289
10.4973
10.8568
5.59192
5.68172
6.63566
9.11301
14.5537
11.7199
14.7498
12.898
8.79074
13.5068
11.9784
12.2525
10.7205
13.344
14.4977
14.6758
10.9881
7.23646
9.71507
14.4249
14.971
10.0558
4.75402
5.85965
5.34859
10.6205
14.9049
12.1677
11.4824
12.8428
12.932
5.36376
10.3958
11.2099
10.5729
13.7184
9.30654
12.3617
10.5994
7.5419
8.2839
10.6261
9.88337
13.0749
14.0422
8.58663
6.97837
8.36699
14.8361
11.4293
9.01544
14.0768
14.8494
9.92837
10.0405
14.4694
8.57702
13.9872
8.40214
14.6581
6.26678
14.4608
14.5709
8.75025
9.14651
14.5935
14.5872
10.6966
9.83772
12.9178
13.7404
14.7214
14.938
12.7823
10.6847
6.88947
11.7657
10.5968
6.71263
12.1255
10.5355
13.3621
13.3937
4.96415
12.0708
12.0315
6.7924
6.54249
14.7763
9.90152
11.9157
10.1479
11.0354
14.691
6.62743
10.3545
8.61358
13.5326
14.1202
11.9001
9.72171
8.14925
5.49314
8.60489
14.3089
13.492
13.7378
8.72995
6.21173
13.193
13.0356
10.2568
8.33432
14.1464
12.4153
9.48448
11.5579
13.3517
8.59746
14.4417
6.84182
7.77041
8.81307
14.7834
6.73952
9.9778
9.48578
10.541
14.5509
5.41317
6.28711
11.815
6.33118
12.7489
12.5147
14.9811
12.0028
10.5137
6.05253
12.2888
6.37376
8.67385
9.87286
9.84662
6.45164
8.85213
11.3529
9.90113
7.03535
5.65896
10.5667
10.6811
12.602
14.5091
13.1031
14.5124
13.6771
11.5944
12.3385
12.1184
11.4846
10.478
14.2601
9.8486
14.8873
14.1211
9.34503
5.94862
10.0774
13.4648
14.3325
13.2228
10.8415
12.9696
14.8803
12.0996
11.9402
6.89686
13.8407
13.3874
12.4459
12.3225
11.1727
12.9445
14.7418
13.691
11.6669
9.70716
14.8408
7.70697
12.9314
14.7638
11.575
6.86156
13.5039
13.777
6.84874
9.55932
11.9209
12.8199
10.701
6.66609
6.15295
14.9308
5.86664
11.8155
5.9528
13.4345
10.6867
14.2329
13.2554
11.1819
14.2222
10.7955
13.0275
10.4244
7.94819
10.6308
11.8127
10.4184
10.4198
12.2629
5.00761
11.2541
8.84364
13.8894
11.0056
10.7522
14.6938
14.2681
14.3857
12.2691
14.5098
13.4215
14.5615
9.35444
8.60837
6.23731
13.3567
14.2569
12.0554
8.31402
10.3411
14.9342
5.16725
9.11186
10.5438
13.5402
12.5609
14.7276
12.6533
7.74148
14.8391
14.5425
14.2215
7.05039
9.58979
11.8953
12.3017
11.8272
11.0106
11.9068
9.78983
13.0307
13.0745
8.07019
9.32457
8.33328
5.92767
9.04445
14.1367
14.5621
13.7868
13.7444
11.5067
13.53
7.47658
9.03485
6.01374
11.5641
13.7584
8.43065
9.27275
12.0756
9.98415
9.99543
8.66342
12.5662
10.4692
14.1716
14.2599
10.912
13.0047
13.3295
13.1692
14.2724
10.5886
10.5758
9.52978
14.5509
13.0427
10.731
14.65
7.87712
14.8402
8.55743
13.1667
9.4591
9.51101
13.0158
10.9497
10.9786
10.1491
10.7156
9.08068
14.2506
5.56537
13.4734
13.5542
12.5882
8.32431
6.19474
12.5533
14.9462
10.8935
12.326
12.5819
8.29925
5.8326
7.02672
12.05
13.2922
6.67303
11.1473
14.6805
9.87587
10.3644
11.849
6.24915
13.6001
9.46392
13.0598
11.4479
9.26344
13.274
10.2588
10.99
12.1949
13.6333
10.673
9.91169
12.0885
13.9288
8.60907
12.9605
12.6339
6.00366
8.55567
9.74971
14.0119
12.2313
13.2588
11.4633
12.9593
7.78989
4.09323
13.6219
13.2359
13.2333
13.3646
4.73731
11.9951
9.67646
8.83038
11.8181
10.5741
8.61316
12.9996
11.5202
8.004
10.6743
13.3035
9.11223
11.7963
12.9489
8.05038
11.9195
10.1548
11.1434
10.4052
11.0705
8.3423
12.111
12.682
6.10399
13.2676
9.07204
12.5161
12.8395
13.509
8.11848
9.08766
11.0768
9.72721
10.278
11.068
7.51437
13.2853
10.0139
13.0543
13.028
9.3559
12.1247
11.1939
13.6857
7.19685
11.0558
8.87194
8.17022
12.17
12.1065
14.3828
11.4079
9.80887
13.4209
12.2906
14.2217
14.3974
8.80892
14.1963
5.54145
14.0211
10.2978
11.4591
14.6808
7.96733
12.883
10.4104
13.1577
10.4408
6.54136
11.9364
13.9563
13.1328
12.0774
13.2297
10.1017
13.0553
9.86089
14.4293
11.1841
12.1181
11.598
10.3086
14.8687
14.4798
11.6619
13.1614
13.3091
10.4355
10.8598
11.0988
14.4709
14.5127
14.8585
14.2236
12.3169
13.8134
13.6988
11.446
12.3694
11.6363
14.0362
8.87515
7.19763
13.4208
14.9524
9.29355
12.3291
11.1566
10.4939
14.4116
12.3033
12.8584
9.12059
11.8231
11.3937
10.8582
12.4215
10.5605
13.5479
11.6701
6.23267
8.87049
10.7835
6.12001
10.4907
5.1543
13.2433
9.8431
11.8075
10.3692
13.491
12.8863
13.7377
14.7435
6.65735
7.88306
12.2024
9.81079
14.4298
7.78086
14.9025
14.4778
6.65024
10.5504
6.25663
13.7263
13.2202
11.2777
6.01902
13.954
8.91159
10.1586
11.2624
5.99898
12.0355
13.1372
13.3391
10.5471
14.4583
14.6952
14.0076
13.1865
6.04241
11.2775
14.9454
12.4617
13.5058
12.2052
11.3076
10.1872
14.8856
14.1166
10.1299
5.82632
11.1138
6.23405
6.20046
14.7415
14.0055
14.2483
6.23621
12.3112
12.2515
14.373
12.0592
10.3098
6.11511
10.2389
9.38564
7.61693
12.62
14.2787
12.4706
14.6587
9.2029
13.596
11.5671
12.2687
10.9492
6.90053
6.59392
4.33363
12.3649
14.0088
9.40881
12.753
4.42467
14.0764
11.1048
9.99447
14.2325
10.9942
11.5524
5.40688
5.8751
9.21958
14.2555
10.2166
7.82938
6.64765
13.6786
14.8276
12.251
13.0106
8.66188
8.14148
5.3901
12.3672
11.6366
9.07709
13.4498
14.5995
10.9654
14.2964
12.7654
6.2409
9.1834
9.21107
9.91976
10.6392
12.1627
14.1005
11.2622
9.0956
6.2242
13.6166
13.2478
14.4746
10.1932
11.8734
9.34493
12.1616
10.1237
14.7269
13.0425
11.6837
5.6425
13.8051
8.17344
14.2785
9.90426
10.885
11.5064
13.1071
13.3109
13.0337
12.764
10.8822
14.1945
8.44021
4.38107
9.75477
5.83289
6.57578
11.1525
14.1158
14.4933
8.66483
9.91912
14.1652
10.3651
8.62876
14.2986
14.0204
14.414
14.8913
6.1231
8.74794
6.04891
7.56077
14.5568
13.328
11.5058
14.0825
12.3515
8.51733
13.9491
14.7446
7.59907
5.03947
13.5577
13.1323
12.91
14.3543
12.9419
14.6946
11.8179
11.3075
12.8314
14.2393
11.1438
12.8203
12.7376
12.0274
12.4667
12.4347
14.8797
14.5769
12.7823
12.5521
10.804
14.2991
11.7845
14.7384
12.426
8.70521
10.4413
12.2494
9.87606
11.8673
12.7875
13.1252
5.3972
12.0107
11.3756
11.6311
10.2176
14.7543
7.46561
6.589
11.681
10.374
8.95891
9.71268
9.17327
9.58523
8.46391
8.37531
12.9995
14.0269
13.2636
6.70509
12.1319
11.767
11.4268
14.1926
14.2449
12.4123
6.13399
6.64537
11.9734
6.08148
9.69543
9.89596
11.0247
13.8642
9.8838
12.921
12.6468
12.3596
12.3274
13.9734
10.2747
14.3906
5.72384
5.31566
12.2427
11.3056
11.8946
14.893
12.5424
14.154
8.49636
10.3263
10.2629
9.68821
5.89424
13.1644
10.4697
14.2453
8.65618
10.0572
9.77659
10.7348
10.0641
13.6148
13.7196
14.3048
9.68565
11.6133
13.2181
13.5032
13.011
5.86434
11.2674
11.0398
12.7245
9.17166
14.6575
10.159
5.80607
13.9762
9.51218
14.4071
11.007
9.22534
14.9484
14.7767
10.3574
6.38559
12.1563
13.8911
5.34952
11.3667
14.5964
9.93744
14.4852
9.27147
12.6303
12.0871
14.759
10.9892
13.0697
6.56008
12.7592
13.5821
12.7401
10.5024
10.0444
9.22142
9.82653
13.002
14.5146
13.8642
14.9127
10.0795
11.888
6.45772
6.38803
11.712
12.2432
11.8565
11.4582
14.6797
6.72087
8.74098
9.94465
12.4106
8.47989
12.117
10.6089
6.16762
10.822
12.8821
5.28497
12.9288
12.5909
9.5543
11.8201
13.5942
12.6078
14.1334
9.10631
12.7792
12.8882
8.95965
13.5804
11.9116
6.73854
12.2838
13.0013
11.3315
5.44232
8.84141
9.43803
14.285
9.82269
14.7298
12.9266
12.0403
13.9108
13.8511
14.7176
9.69903
12.5526
13.5582
7.58795
7.75137
5.95174
13.2505
14.6054
14.2741
10.6483
10.8746
13.9888
9.25117
6.8333
11.2209
10.7488
11.0946
9.9887
13.4048
14.9919
14.6501
8.92387
6.63832
13.6672
10.6429
9.91102
9.22203
11.3863
10.0499
14.4624
14.4893
7.3065
5.80902
10.7884
13.6527
10.0645
11.3744
12.8689
13.1085
9.96243
10.8445
12.237
11.4232
11.0174
14.0826
6.89478
13.4638
12.3855
9.92947
13.7326
11.4423
11.7903
7.93521
12.3084
8.63577
11.7285
10.5321
12.6337
7.17725
8.46342
11.9674
13.7132
11.3755
13.2282
7.46998
8.75312
6.50254
10.1091
12.4823
10.2352
12.4571
13.68
10.8999
9.49795
10.2847
13.2121
10.1402
10.3708
14.2689
11.537
14.311
14.5447
9.02432
8.83072
8.14171
8.00792
10.9714
10.5678
12.2803
12.4278
9.52565
14.5568
11.0479
13.9332
7.02692
13.4922
11.6967
6.9019
6.1336
7.30037
11.8455
13.9915
13.6191
9.78186
10.6433
5.91512
13.1724
8.95661
13.6977
12.3432
7.97573
11.3604
14.778
5.02455
14.6489
11.3526
12.4146
14.2288
9.48346
13.977
14.2875
10.1099
13.6494
10.1812
5.65732
14.5185
7.36332
12.442
14.9357
14.3442
14.7008
9.74826
11.1817
10.2611
5.78576
11.26
11.2828
5.38411
12.9827
14.7176
8.91712
14.9231
14.522
12.1666
11.236
12.3332
12.0347
10.3048
10.6951
11.4154
11.6274
9.37408
13.5426
13.9142
14.0019
11.985
11.224
7.13666
7.24317
7.46895
13.1589
12.8476
7.96464
7.38496
5.23311
7.93659
10.4967
10.9425
7.09658
9.19636
12.4197
14.3491
12.0492
13.6928
14.0715
14.4385
12.0285
10.335
13.8989
8.72038
13.9937
10.842
14.9131
9.28444
13.7266
13.3618
13.632
13.3478
10.4019
11.8379
13.455
13.1726
9.84097
12.3309
13.0012
11.8495
14.9023
10.7579
14.3903
14.3386
10.0401
14.2816
7.90961
13.319
14.1155
14.492
12.1662
13.6447
9.53154
10.6255
10.3706
11.5573
14.6231
13.8751
10.018
9.1718
8.79264
12.3261
10.6112
6.07388
10.2471
12.0379
6.04208
14.7789
12.2646
11.5069
9.23704
10.2194
5.39243
13.2213
13.3535
13.4188
5.33794
5.90941
8.7426
8.79139
10.8968
13.508
14.2187
6.1794
11.0069
9.67608
8.71572
8.60132
12.4556
7.29798
7.67163
8.68198
11.2561
11.4607
11.6808
10.8017
4.14369
14.0245
9.29717
8.99134
10.8754
9.46516
7.33286
11.3136
11.8933
9.14907
6.02467
9.60738
6.23926
10.5823
13.608
12.567
13.8561
9.49889
14.3597
12.7966
14.0516
9.64483
9.76483
8.12354
14.575
10.1714
9.8971
13.9829
9.1497
14.0128
13.4097
10.006
13.4368
14.126
12.367
11.6164
8.10747
12.6962
6.27782
8.64426
14.1461
12.6124
12.238
13.1967
10.1773
10.7679
9.86046
13.1453
9.336
12.5235
14.7159
12.9288
14.485
12.7128
7.12979
8.89617
9.55692
11.1709
14.2235
12.9774
12.5867
11.6222
11.8053
9.2217
10.4065
11.7469
12.576
4.16624
13.1621
14.2054
14.1522
12.4111
10.9846
12.7252
13.1124
11.9325
8.11558
10.4451
6.74096
14.5855
5.18125
8.67448
13.8049
7.03538
6.78594
13.2732
11.9419
14.2068
12.1137
8.73584
8.85935
14.2618
7.28657
5.59337
13.5366
6.35666
8.56767
11.1872
12.8085
14.3662
9.48139
14.798
13.2698
9.10516
13.0636
13.1115
9.35401
14.1503
12.1555
6.10208
10.5491
12.4383
9.72715
10.5191
6.37438
8.70498
8.48474
13.7881
8.66243
14.6091
11.464
10.4559
12.5983
14.5511
14.1178
10.9958
14.0454
11.9842
14.0537
10.1428
11.4081
10.499
12.1852
10.0181
10.6012
13.9359
11.1895
14.3499
9.04916
5.99542
7.67102
6.32345
6.25282
12.8576
14.4503
13.9313
14.4508
12.3678
11.6103
13.2662
5.16031
8.643
8.85043
12.3085
12.713
10.359
11.8366
13.8624
14.172
6.067
12.9052
13.0193
11.9495
6.65542
10.0023
13.3029
11.1882
13.8127
11.8931
13.7007
14.7068
13.297
8.37233
13.9118
11.6051
10.7253
11.9397
9.61129
6.67661
6.07167
10.2733
13.018
13.9336
13.3211
5.05619
13.3776
13.5167
14.5301
14.9423
14.1542
12.5926
12.5481
13.9338
6.05482
10.4459
10.3918
12.6065
11.6657
13.9875
9.07391
14.0598
7.9948
11.6804
10.0233
7.88598
9.88718
9.89789
11.4461
6.39617
10.6993
14.4124
11.7534
10.5325
14.8225
9.45712
7.02515
6.56493
5.69598
10.9605
12.4677
11.7911
9.12233
13.9984
11.8793
11.368
12.782
8.56026
4.45925
12.7318
6.25839
5.97296
10.3621
12.9291
14.8836
11.5008
9.33404
12.3773
13.0482
12.6466
9.28869
13.6265
6.24665
7.89081
13.5952
14.5574
13.4219
9.99298
13.3641
10.6181
8.79019
10.5342
13.4193
14.6565
12.2102
5.28255
14.2896
4.9621
13.4704
13.667
12.3745
14.2232
12.4407
12.9066
11.0709
11.534
6.12879
14.174
11.7687
6.37673
10.862
11.1964
14.4084
12.7396
14.4715
11.8235
10.8084
11.6154
13.8652
12.7329
11.6404
14.3472
12.7262
14.2246
11.8704
11.1357
10.0374
7.8536
11.4381
13.5009
11.7193
10.252
13.6827
13.6467
11.5028
11.8093
9.94924
11.5125
12.7694
14.7558
9.3691
6.94432
11.4459
10.882
10.5167
12.7256
9.10649
10.9655
4.29261
13.5272
13.9849
12.0697
8.77045
12.1383
4.80741
13.677
9.47842
5.72253
9.60038
13.8745
11.3774
11.4348
10.2012
10.4572
11.1356
10.5494
13.0761
13.2775
10.5879
8.62822
11.1844
13.5695
10.3276
9.92387
14.0098
8.20485
13.6188
6.05042
13.0696
13.4044
13.8384
5.34656
11.9654
10.6761
6.22735
10.2904
14.9674
14.0476
11.2407
14.9408
13.4617
9.70332
8.85211
14.5116
6.13306
13.6689
13.4722
14.1694
14.1039
9.60825
14.3965
8.11209
9.99738
13.583
9.45783
11.2209
8.83784
13.9675
12.8614
7.15384
5.29744
11.837
10.7668
10.8677
10.286
9.37703
5.3322
10.8851
10.0524
10.1584
14.659
14.1256
14.0001
6.20413
12.9603
12.6102
8.40155
13.5966
13.8934
12.6445
9.25802
9.89904
5.98251
10.1379
13.3243
10.1152
7.0991
12.7756
10.103
11.1008
6.8226
10.4856
13.9811
11.2671
10.1704
14.4349
12.1766
8.47599
9.35902
9.43934
10.7564
10.0749
11.8764
14.4784
12.671
13.0501
9.83041
14.9567
14.0314
12.9342
9.4823
14.0147
12.6159
9.2054
14.2389
10.9842
9.47285
12.8055
8.21599
10.5858
14.4573
14.4815
8.83614
11.6446
14.2958
11.8556
13.4989
13.7512
8.33188
9.46291
8.32513
10.967
7.46451
11.8381
13.7045
7.16548
12.5883
14.5275
12.3891
7.5002
12.4974
12.6714
7.78248
10.7977
12.0668
10.6647
11.3963
10.1115
13.2884
12.6933
14.9058
11.4683
13.0148
8.56184
5.88701
11.6376
10.7524
11.6997
4.43756
4.89978
14.7686
9.3242
14.8572
6.63119
5.95186
10.5418
14.0538
10.1125
8.53673
12.6778
12.1234
9.45487
6.14057
11.5619
12.4959
14.8823
12.6691
11.6979
12.4055
10.9265
13.6173
8.69731
10.6804
13.8627
12.1398
10.3015
14.7406
12.0701
14.3056
13.2743
14.743
13.859
5.02298
13.7519
13.0383
12.7833
14.1372
12.4556
10.7297
6.77023
11.8288
12.9715
12.1183
9.36768
9.36322
13.7758
12.2478
8.27317
13.5087
9.5852
8.06614
9.77079
10.4935
8.33559
10.7041
14.8753
6.50665
9.53865
13.4196
10.5056
11.5932
12.4431
14.0743
11.9134
11.6229
12.4095
13.6156
12.7393
10.9996
12.718
8.51346
8.32375
12.6585
14.6602
13.874
10.1409
9.79054
10.3274
8.58183
5.94336
6.2439
12.7076
13.4528
12.0312
12.6992
13.7701
11.2569
14.4213
10.7414
13.9009
13.5394
11.0456
14.961
13.0621
12.5422
10.7021
14.508
7.2489
8.65458
11.3573
11.7582
8.20772
8.15317
6.18041
6.15989
12.4014
13.6099
13.4809
14.7305
13.6626
5.97136
12.2541
6.3618
10.3638
13.68
7.62498
8.87955
8.81306
14.9555
10.3928
9.07123
10.158
10.6362
7.51505
11.1447
14.9828
9.94223
8.63377
10.4813
14.6454
11.6332
12.7768
8.65829
6.35125
13.245
5.10296
8.84207
14.5383
5.88207
10.082
13.5894
14.6562
11.075
12.8896
13.9873
13.6156
11.6798
14.4227
11.343
12.9748
6.46262
9.56356
13.2642
9.58191
11.4497
14.8047
13.4627
8.10377
9.81955
12.9654
8.34828
14.4313
13.8964
14.1737
9.73007
11.8502
7.84833
14.7285
10.0651
10.5871
12.0346
13.8164
14.1039
12.764
9.93726
11.5227
11.3954
14.577
8.43735
9.89525
14.1958
5.52342
12.0039
12.7419
13.0785
5.46411
8.76831
10.4981
8.35946
6.63147
12.6859
7.68196
10.3838
8.62035
12.1691
8.31023
11.8105
14.6368
14.5949
10.3499
12.8887
12.4487
14.0671
10.322
10.5845
9.17978
12.0336
5.61924
9.85229
4.62446
14.7925
11.4974
14.2532
14.3396
10.3966
12.4796
14.9792
5.51533
13.8184
13.4588
11.7325
11.9502
