10.9998
9.31743
5.97992
12.7272
13.0675
9.54595
14.6599
14.0735
7.61442
4.90707
7.85727
10.5472
10.1779
14.8193
14.8588
9.44297
9.70579
12.8083
12.8658
13.1307
9.38946
12.5907
10.978
11.9956
13.3875
7.06177
9.02231
7.10795
7.31506
13.801
8.78501
11.2808
13.0724
8.51742
12.7333
11.6601
11.3976
9.32712
13.7064
7.66466
11.3021
9.52968
8.61936
10.9674
14.8354
10.6706
11.0391
14.24
13.633
13.4719
5.11336
12.3978
10.9999
12.2191
11.3806
14.4681
11.2546
11.6547
12.248
12.5584
8.52959
14.952
4.98578
14.4454
6.81755
14.3371
14.5409
9.93608
13.4719
12.247
13.2255
8.64075
12.5174
12.4374
11.434
8.85247
12.8386
12.4121
13.4521
9.44311
14.9875
11.7972
10.8761
8.68171
9.56793
6.25326
10.3256
11.6037
12.3617
11.036
14.0095
12.1834
11.214
11.7503
9.37987
10.6335
9.72534
11.16
14.9711
13.4581
6.77632
14.9881
13.8194
11.2663
10.4821
13.1675
8.56504
9.39038
8.5762
11.0207
3.89083
12.3111
14.1616
11.5697
6.29726
12.9374
11.7074
11.4917
10.9699
10.6023
12.48
6.99562
14.9772
14.496
14.6441
12.9009
11.0678
14.3104
7.31173
14.946
10.1071
13.1692
14.886
14.2091
12.0461
12.9925
13.566
10.6788
10.5677
13.181
11.9763
8.46376
13.7645
10.2326
13.0135
14.4172
14.2146
8.73421
10.2011
14.456
10.5043
10.6375
14.4505
12.9601
9.66838
14.973
12.6844
5.25447
6.35521
12.043
13.3938
12.3685
11.9849
10.8653
10.7531
13.8105
7.76194
12.017
13.9994
9.01547
14.9041
14.5096
13.5499
11.7784
12.9488
11.6164
11.2264
14.6552
14.8638
11.1846
13.7198
9.13186
5.3211
6.93426
14.305
11.0794
12.7894
7.70797
7.96275
11.9682
13.2524
13.2976
11.6984
13.3433
12.3924
9.76603
13.1026
11.1031
14.3038
14.5352
5.49652
7.90868
8.83224
14.5595
12.5153
14.6883
14.7882
10.8951
9.71269
12.4483
14.6474
13.6063
14.7394
14.691
12.2358
14.4649
10.0646
10.9955
12.9548
9.47967
11.801
14.5069
14.4665
8.49799
11.6418
8.46752
14.9482
13.8957
13.0328
8.74688
13.2175
8.31773
14.098
12.3574
8.00462
9.81976
13.9484
9.43471
4.98345
12.0041
14.0608
9.96021
8.70316
12.0253
5.00317
9.18267
13.8681
10.7718
12.5753
12.9563
8.62278
12.7267
8.20352
7.4526
10.0928
12.4326
10.5485
10.3812
7.80474
12.9834
10.4393
13.291
13.5322
12.2217
13.8274
12.8407
11.3381
11.9007
9.22914
12.4957
11.0345
13.6816
10.5659
10.7866
13.0456
12.9544
14.6666
9.48764
14.203
9.19321
10.0926
12.6063
12.4471
13.1148
12.1331
11.4973
12.0649
13.1753
12.2679
13.0959
14.0591
8.52015
11.32
4.25863
9.52808
12.4686
11.4109
14.6508
14.2376
10.3603
10.0105
13.8965
8.57432
13.799
9.19346
14.6065
14.7786
13.6096
12.0302
10.9223
12.8949
12.0184
11.2798
6.64679
14.0931
11.4571
10.931
10.7414
14.0015
12.9714
9.59188
5.94045
9.55344
6.13964
14.7608
14.8358
13.2283
10.0895
14.1873
8.05614
5.0118
14.974
11.7531
14.6465
13.0372
12.1887
14.7091
14.325
11.6849
13.8403
12.7201
13.2653
12.7937
14.4691
12.191
8.84934
10.9657
13.062
13.8828
11.3473
5.16544
7.50585
7.66335
10.8976
12.2233
14.2528
10.0452
12.968
9.53002
11.7629
10.6016
12.1954
13.6867
14.3393
9.07193
12.7944
12.9679
7.98144
8.95317
12.5176
11.2381
12.1796
11.3091
12.1209
9.67788
12.436
14.4653
11.6028
14.8547
10.1469
12.5391
10.478
11.4188
12.1112
10.3993
13.1448
10.6118
10.9646
11.2951
13.9886
10.4625
8.68808
9.55693
14.5935
10.192
9.12038
8.75643
9.20141
14.9174
4.33806
12.3542
10.475
13.1253
11.8658
12.6683
9.03667
12.451
12.8192
11.8553
14.4758
9.47872
9.85404
11.2548
13.3102
14.9623
13.4019
12.843
6.26804
10.0417
7.33983
14.539
12.779
13.482
14.7649
12.2793
5.06695
11.6836
13.0371
12.5172
11.0691
8.4025
12.2388
10.0788
11.0789
7.70954
14.1314
7.00734
12.7874
12.1076
13.0484
12.0353
13.104
13.0472
13.0695
11.739
9.90706
8.06557
12.8823
8.16532
13.2745
12.1123
14.971
8.9875
4.8074
9.66966
9.2362
13.7628
8.89758
11.2593
14.5767
8.11909
12.3218
12.6032
6.42313
8.60587
12.9869
9.9092
12.8118
10.8516
13.1645
12.3037
7.69442
13.3536
10.8585
12.0602
14.7883
13.5346
14.2636
9.79185
13.7165
6.13476
7.65553
10.9784
7.17712
11.6583
9.85695
9.59088
11.8325
14.537
9.4729
12.5689
6.01358
14.5544
14.1353
12.372
12.5508
13.1194
11.571
6.90208
5.24379
12.312
9.77228
7.90902
11.9772
7.5824
14.8722
11.1933
11.2075
5.69201
12.2141
14.251
11.5766
12.333
13.0754
7.64809
6.93212
10.4218
11.963
11.0184
9.72455
12.828
14.5133
14.5803
12.2465
12.4895
14.3749
12.7079
12.4957
8.62007
5.20508
13.4238
13.9037
5.66406
14.2639
9.86304
12.2311
11.1254
12.2107
10.3219
14.2544
8.30601
12.4956
14.9716
12.5833
13.1085
12.0223
9.12261
12.2269
11.0078
7.33219
4.08061
11.5641
11.3835
9.20357
14.5913
10.9073
10.6202
11.4488
12.8048
9.72237
13.338
8.70837
11.9167
12.4549
10.5104
13.4826
14.2045
9.0707
14.4003
13.7536
10.4693
12.8049
14.939
14.2763
9.67907
13.4967
14.7729
8.49275
13.8853
14.1932
11.3553
11.0543
13.3834
14.9366
11.9482
13.3033
11.3289
10.2333
10.4961
9.79108
12.9321
12.4632
13.2353
11.724
6.40731
14.3923
13.6858
12.1143
6.77444
12.5063
5.59951
10.5699
11.7343
14.2905
14.5743
4.8047
7.49441
9.84843
12.3929
8.43081
11.246
13.1526
12.6442
11.9525
10.0771
12.6747
13.9457
14.4125
6.43277
8.52701
11.0276
11.2248
7.21198
14.0014
8.4387
12.4856
14.3157
12.5528
3.38301
10.1821
14.1688
13.8842
13.0781
9.64446
12.8312
7.81265
7.56346
9.56949
8.69833
6.62909
7.0692
14.8799
11.2312
11.6569
10.1476
12.7099
8.14178
12.573
10.0376
10.2725
10.1605
5.95168
9.55615
7.82502
8.50212
13.6459
13.915
7.94908
13.7964
13.3114
12.2683
12.4872
9.80724
12.2151
13.0112
14.3061
14.6915
11.2436
14.1597
12.066
6.30311
9.34066
6.57199
14.1174
11.2702
11.9923
7.70013
9.67801
8.87795
6.72253
14.0914
13.42
12.784
9.15356
10.3498
5.56172
11.7817
10.75
12.4932
11.4915
14.0808
9.64894
11.7141
14.3522
14.768
13.2746
6.40174
13.2066
11.6275
5.49127
12.6524
12.4906
12.5006
13.828
9.74703
12.7765
9.39103
14.2475
12.9552
13.8923
13.1303
11.2066
12.5809
6.05694
13.4537
13.8721
11.458
9.64092
10.7316
10.0691
11.7794
14.2009
5.33946
6.69705
13.3292
12.5173
6.45955
13.2023
14.0728
9.98828
13.4407
12.0043
11.6276
10.8731
11.2442
8.46367
7.94658
6.91801
14.6322
8.3553
12.2998
10.737
13.7452
10.6321
14.972
11.5229
11.4371
11.9056
10.3065
11.4353
12.309
14.0181
11.7298
13.7248
4.68413
5.02686
14.1146
9.80536
10.4762
11.8469
12.4301
6.21282
14.3125
10.2796
11.4063
13.9876
8.71178
9.51926
6.2063
9.69842
4.36824
7.86159
10.5924
10.3325
13.942
12.6027
14.555
13.1166
12.0028
11.0422
9.41761
12.8058
8.57003
10.4955
13.9883
10.4261
9.62095
8.79176
14.9458
12.4511
12.6586
13.8179
10.7083
14.3885
9.76747
5.13307
10.1642
10.3775
9.9286
11.9813
14.4362
10.6504
8.3514
11.6213
12.7975
14.9818
12.6378
5.93297
6.12287
13.8091
11.2807
11.2256
8.21995
7.88598
14.246
12.78
13.9662
14.3562
10.4621
10.0359
12.2216
9.427
12.8293
4.0558
10.1459
14.548
9.73629
12.5235
14.317
11.0344
14.4853
13.5138
12.4761
11.536
13.6142
11.2438
11.2781
8.97188
12.6046
13.8278
8.02535
9.73384
14.1727
12.5348
12.6314
9.50778
12.701
13.7881
6.09031
13.1287
13.1216
7.69092
11.084
13.416
8.98921
11.7127
14.4034
5.0065
11.2266
12.4291
10.9982
5.42086
10.4921
10.208
12.8435
11.5147
14.6893
11.711
12.4773
8.52377
11.3847
10.9488
7.99199
9.07755
13.9169
9.52115
13.5791
7.63294
9.17138
11.2652
10.3479
13.9936
10.0559
11.8996
12.9795
11.9079
6.86385
10.1857
14.2747
8.70598
13.9246
13.2914
14.5581
14.7908
9.68612
8.86119
12.7959
12.7131
10.0694
10.7045
6.41771
10.5174
9.4474
8.79188
11.0409
7.96135
12.8347
11.5282
6.38744
14.4001
6.62487
6.48548
12.3609
10.5028
9.31951
12.3048
7.0776
6.14879
12.1926
14.2206
14.2015
13.9258
13.3261
11.0099
10.1773
14.4059
11.1245
8.60041
11.3404
14.0486
12.4799
13.4421
14.1943
8.34796
13.1673
6.08179
14.3078
14.4848
12.878
8.79269
13.1561
13.3463
11.7443
13.4478
13.5306
8.97025
12.8477
14.1507
13.2362
11.6347
10.847
11.0494
12.3973
14.6022
14.0438
11.9397
14.1506
13.6369
9.47113
8.46889
11.5901
4.95485
3.79255
11.1434
12.3091
12.1529
11.6483
6.33611
12.1744
14.5043
12.179
13.3156
13.564
8.93922
10.43
12.8638
6.92991
10.1253
8.77412
13.5087
9.90842
14.4825
12.8393
6.07184
13.5936
14.9419
12.4926
7.89983
12.725
14.4008
14.0654
12.074
11.5222
7.86311
4.99536
11.9095
7.70662
8.03994
11.1642
11.3752
8.09534
13.7594
13.0422
12.3733
6.29805
7.29321
7.84334
13.9108
9.60301
4.53417
7.8416
7.14923
11.8439
12.1538
13.4789
9.2976
9.48764
12.5478
10.467
10.6231
11.588
6.54214
9.86182
12.7135
11.1282
10.6054
5.00871
14.6625
12.4978
10.9602
7.23373
7.28403
12.1083
14.038
8.55037
12.66
11.8963
8.77425
12.881
10.7158
10.9286
12.4008
14.0996
9.55253
13.8631
7.04914
8.54062
9.59406
13.5786
11.884
14.4357
8.88614
10.0505
8.2191
10.4314
10.0986
7.24607
11.4444
9.96529
12.195
7.75682
11.6872
14.4045
13.1443
6.96364
10.4422
14.3152
9.56428
12.7864
13.6963
10.8081
13.8243
7.24129
11.8309
9.29916
8.98112
12.3808
12.8982
7.3519
10.4149
8.23484
4.54256
10.3684
6.0205
12.9242
14.807
12.1811
10.0328
11.583
14.4447
7.80009
12.8104
9.37155
11.8944
14.4116
11.8754
12.2511
12.6198
14.4492
8.66085
10.8859
10.1203
5.44215
6.77333
8.62783
10.6372
13.9938
14.9287
7.91034
13.6498
11.2932
11.641
9.35283
10.1823
14.2056
12.578
9.09159
11.4821
13.3022
8.30755
5.42019
10.4409
12.0692
9.65647
14.7955
12.6962
10.8324
13.2088
14.2309
13.6837
6.62782
14.6823
14.464
13.739
9.6564
4.33619
13.7438
6.98468
9.50087
11.6894
13.9066
5.66323
12.7894
5.88904
14.8044
14.1822
12.9574
11.2964
10.8207
13.2414
9.29808
13.5812
8.32556
10.561
10.6601
12.3507
9.26149
10.6793
7.11872
10.4048
9.29074
14.5232
13.6087
10.2085
10.4652
14.2103
11.0492
13.4921
11.4155
12.4571
10.4115
8.50639
8.0959
8.34806
13.117
14.1254
12.317
8.71599
14.3299
13.5518
13.5299
11.5102
14.6201
14.9611
11.75
13.0558
10.4595
10.0801
11.4111
12.3243
12.7463
14.5998
9.55336
10.4387
11.6978
14.6726
11.8303
10.9756
11.3706
5.08024
12.5802
11.1995
12.5298
12.4557
11.2274
14.6051
9.34733
13.3165
13.2853
10.2022
10.5527
14.3113
14.3524
13.457
7.38797
11.5305
11.5789
13.9916
9.3112
13.9725
10.364
11.3121
12.982
13.4806
13.9993
13.4568
13.7184
8.43565
7.3865
13.8524
14.47
14.1428
9.18333
10.6307
9.48484
13.5501
14.8252
13.7803
13.1108
13.6916
13.6428
13.2512
12.7949
12.7928
13.5549
8.567
11.8743
11.842
8.21099
11.2986
14.0153
11.4823
6.40062
9.40066
14.5085
11.4852
12.9839
13.3648
6.95186
8.83084
6.73461
13.3089
12.0802
11.5849
10.9857
13.0718
6.87919
10.4021
9.4465
14.038
9.24084
11.2634
14.8209
9.46306
14.5572
12.8557
13.9114
6.30725
12.2293
13.7029
12.569
9.24376
8.65814
7.90741
10.5772
12.8939
14.4467
7.7524
5.90769
14.9146
9.2877
13.2541
12.5736
13.4396
10.9046
11.7579
7.57651
13.3724
12.5249
7.85782
14.8556
11.8695
9.9936
9.13103
13.0615
13.4648
8.55085
13.9963
14.2228
10.1188
11.7792
14.7786
13.9515
14.3869
6.26822
5.52292
14.2957
14.2632
14.6709
9.86333
8.66446
8.58545
13.458
14.8011
8.41979
10.1751
14.188
9.33042
14.6847
13.3762
9.69267
8.19928
14.9929
13.2673
13.3734
12.8038
6.16591
13.3586
9.27585
12.054
8.3016
13.5083
13.8692
14.9341
10.3542
13.2465
7.87476
6.58332
13.2926
6.16851
10.0752
11.7467
13.3494
9.28063
11.6377
9.80015
13.6751
11.4305
12.7443
5.62303
13.5035
10.8921
12.1967
13.5012
11.1208
14.6317
13.8968
8.2141
10.6728
12.9217
10.8343
14.0645
13.8407
13.3575
10.2068
13.4368
10.5293
14.0815
12.3518
10.5678
13.5227
10.7162
14.8713
14.3761
14.4763
12.9648
13.0475
11.7722
8.56676
8.70213
14.5912
14.4908
13.1491
8.70041
12.5484
14.5345
14.204
3.97694
12.8086
5.7588
6.49614
11.0501
10.5582
14.4072
12.6483
6.86681
5.64303
14.8414
13.1371
11.9824
8.68889
14.0174
10.9454
10.2759
6.81012
11.8832
10.3486
6.81144
13.3471
13.958
6.86818
11.1551
10.5879
11.4597
13.5016
14.7822
14.7541
12.8981
14.0023
9.5258
10.3828
14.9304
13.9794
14.6893
11.5033
11.752
13.6212
13.6152
14.8452
6.79038
13.6786
14.2905
11.9688
11.6908
10.3124
14.4178
13.6069
10.0878
10.4713
11.4452
10.6981
14.5134
9.58753
12.5951
11.4548
13.0936
13.7034
8.57874
9.33008
13.0583
13.364
12.9172
13.8934
6.43399
10.4861
10.7618
14.9701
10.987
14.5489
6.59665
11.8599
13.7406
11.063
5.73598
12.0839
14.3727
13.9913
12.8986
6.53508
8.92902
9.10401
8.553
9.07492
9.63029
6.97675
14.2701
8.49858
13.9258
14.5643
14.2217
9.52092
11.6965
11.9713
5.78214
9.05651
11.6513
13.6977
14.5543
14.5438
8.29098
6.04955
7.89931
11.8263
10.2945
8.35644
10.2741
10.2605
5.09015
13.3792
9.16121
12.7884
11.3087
11.36
9.94293
14.3122
13.9382
9.13418
9.27338
10.5647
13.388
12.2706
13.9435
13.6573
12.6361
12.039
13.8265
11.5189
13.8581
11.0155
9.73902
8.3636
13.6132
14.9357
14.0401
6.89164
13.9785
14.5996
10.5208
13.492
10.789
13.9328
12.1299
7.24742
12.7607
14.2676
10.9269
11.2311
8.48025
13.3421
12.1173
7.48282
13.8847
12.2793
7.89859
14.1986
12.3174
14.179
11.4896
9.83944
7.64051
13.9147
6.59092
12.7229
9.5565
11.8126
10.7838
11.5487
14.0291
10.2475
10.3889
14.1008
4.60059
10.1253
12.8063
13.2067
12.3238
12.5215
9.71191
10.6182
13.881
10.6128
12.4842
6.69581
9.02767
9.65244
6.29015
6.38951
7.99409
12.8141
11.9082
10.029
12.4223
14.8644
14.1317
5.82253
12.8263
14.4869
14.5868
13.2826
10.0603
13.0127
14.4644
11.3829
12.3791
11.901
14.3319
7.47886
8.85052
14.7522
14.1637
13.4263
11.3139
10.1367
14.9134
14.9081
10.7981
8.13528
13.4558
13.3681
8.52812
10.429
14.7721
12.4634
13.3543
14.8299
9.05432
9.44772
11.7099
9.31618
14.5536
9.55925
10.7455
14.3785
7.38077
11.6724
6.54239
14.5763
13.8727
12.2987
14.343
8.81703
11.4294
10.8341
13.5057
12.9159
11.885
14.9714
10.9771
7.2887
12.1284
14.533
9.52904
12.5259
14.27
10.1343
6.84429
8.09039
9.3256
14.2226
13.0376
10.0322
10.7754
14.9554
9.69229
14.5273
8.96704
6.98705
14.4144
8.19034
11.441
14.3606
13.7833
11.793
4.76337
12.6026
6.15415
12.625
12.9699
10.1575
5.80555
8.99474
6.32601
7.27196
10.7084
7.50806
10.8724
9.87178
14.4533
10.263
4.24449
12.7023
7.34526
11.1091
11.9379
10.9933
8.11284
10.5177
11.4665
14.1496
11.2067
6.33011
13.1236
13.3856
5.86755
11.2664
14.3885
10.5858
13.6144
10.1082
12.9542
14.1429
8.23965
8.69773
13.981
13.4239
11.1146
13.1957
10.5565
10.8317
9.9252
13.9316
14.2524
9.45702
12.563
13.0046
13.6562
10.361
9.15154
13.7851
14.5689
13.9387
11.6383
11.9017
12.0472
13.3602
13.1037
11.0162
11.0564
13.1749
10.5818
12.7134
9.16795
11.3111
11.3376
7.75899
13.3947
7.49287
13.6875
9.69943
9.50492
9.35349
9.59033
12.5978
10.3377
4.91733
14.1289
12.6075
9.73612
13.6072
12.7576
10.1543
13.5418
11.4515
10.3863
8.97147
7.37899
11.7851
14.6353
13.2183
12.0155
9.97631
12.1011
9.89787
10.6668
11.5056
13.3087
5.68219
8.99967
14.7618
14.7273
7.59509
11.7415
10.882
11.3715
13.305
12.3883
14.1961
11.5728
11.2081
4.59357
14.1925
14.3284
14.4494
14.7476
6.44614
4.69031
12.4862
12.518
13.5886
12.2871
12.4659
11.838
10.5529
13.8919
13.2558
8.93169
7.46555
8.99061
12.1028
11.0859
10.8431
12.6847
14.3341
14.9183
11.0253
13.988
14.7864
12.0176
9.99294
6.4978
14.4803
10.6461
6.98345
12.0897
14.6136
14.1923
10.4977
8.48195
8.86338
13.0791
11.368
12.499
10.2949
14.2913
14.3729
11.9071
11.4053
10.8546
8.29965
13.2929
9.66924
9.9643
8.1405
14.015
13.4374
10.8365
6.95467
11.7651
11.5911
11.1506
12.5109
7.7076
10.1547
11.6846
14.3583
8.79467
9.80381
10.4635
12.3821
14.0027
12.8947
11.5999
11.2468
10.0183
12.0864
10.8272
11.8493
8.16824
4.32362
5.38935
11.8135
14.0658
11.2304
8.84226
7.75164
9.83084
10.0456
9.67379
9.96001
12.8479
14.7288
14.8147
10.4851
5.78722
9.50744
10.5395
8.79992
11.7861
11.1681
5.88246
12.6073
10.1217
14.602
13.5234
14.9328
13.9372
6.9655
10.7646
10.6201
10.2115
10.0643
14.6071
11.1209
12.2642
13.8797
9.73407
11.057
10.3491
8.07797
10.8058
13.479
10.8037
7.24355
5.20438
13.8598
12.4633
14.8014
12.5392
11.4236
9.30316
11.8377
13.957
13.6123
14.905
14.4145
8.14413
8.88467
9.52109
6.03075
5.39891
13.2379
11.3125
4.88544
12.205
10.8736
6.53368
13.9952
8.49644
11.186
13.6444
9.41306
11.7675
14.4496
8.91179
10.203
13.5367
13.2181
9.4052
14.3159
9.55365
7.4818
5.97403
12.2786
9.95211
14.7065
9.65143
9.27998
11.9251
13.0088
8.57546
12.9479
10.7111
9.77656
5.11944
14.9707
12.1518
5.95677
9.58416
13.7641
10.2437
13.8068
10.9869
8.85644
12.6394
7.11959
4.25764
10.9291
7.67324
10.3855
11.4813
11.6931
13.8752
14.5104
8.92627
12.9651
13.7647
14.9883
9.29376
7.48577
10.0363
11.7797
14.2048
11.545
12.1256
14.0404
14.8222
14.2291
12.6426
9.72426
6.47172
12.6493
13.673
7.86192
10.0446
14.9189
4.64741
8.50873
7.71885
13.0687
9.89336
5.41816
12.8777
12.8228
11.0231
13.2406
6.34819
11.8247
13.4126
12.3962
10.992
11.9919
10.0196
11.5765
10.0714
12.8753
13.4812
14.8931
12.0531
12.1844
12.3075
11.8141
13.2857
13.9049
13.7329
10.661
12.7963
13.6278
11.5421
13.0205
14.3441
14.6548
13.2405
13.8084
10.1329
14.8817
8.33366
9.00054
12.5929
13.5426
6.02384
11.1554
8.0427
4.32074
11.2037
6.69957
7.91031
14.0333
12.5922
14.4861
12.3458
14.235
13.3269
13.8749
8.59414
12.9771
14.59
11.5578
10.0129
14.6511
7.41658
9.68418
6.24214
7.75201
7.76672
4.14228
14.9532
13.3793
14.0619
11.3052
9.66439
10.9998
12.437
10.7241
5.6535
12.8611
14.2781
11.3496
14.7703
11.6344
13.3105
13.8188
11.835
13.4406
12.493
9.57324
12.9877
9.86959
13.7013
13.6732
11.0911
13.6016
12.7903
10.1935
9.77321
14.1127
11.2929
13.1187
10.3549
12.3666
12.429
10.9006
14.3713
9.50058
6.9266
11.8039
7.18421
9.9184
10.4289
10.0119
11.6384
14.2064
10.7407
10.4419
12.9558
11.5259
12.7871
12.8405
13.222
14.1173
9.70284
14.6305
14.6437
9.06593
9.66734
14.5227
10.1494
13.5354
14.387
11.1978
6.93624
12.0847
10.5982
13.7676
12.5363
5.39279
13.7152
11.5079
6.2532
11.1638
14.409
14.3119
14.6579
14.8502
14.8929
10.1077
14.0453
8.53815
12.5573
14.6636
8.53321
12.0456
14.6474
9.17093
14.9876
11.518
14.2553
12.9178
14.5226
13.4316
14.8817
10.1371
9.94581
14.2651
11.5784
10.7036
12.4274
12.5372
11.7752
13.7715
14.7764
10.4209
4.5854
8.43708
12.8777
8.03922
6.12445
12.154
9.21857
9.99107
9.41521
13.8809
11.2587
12.6844
7.85939
12.751
12.183
8.63767
7.06719
7.8707
13.4038
9.91477
13.4258
12.8827
5.68433
9.88957
12.728
14.9029
9.69032
12.7291
11.5567
14.3641
10.392
6.0975
12.1981
11.2191
14.8496
10.6848
12.5836
11.7161
13.0435
11.5283
13.1588
11.7719
11.7138
13.3834
14.0591
12.3741
11.7638
5.06586
12.034
12.4819
14.4059
11.6628
12.2976
14.9484
14.4124
11.436
14.3055
14.7839
6.11944
12.028
10.9925
14.3422
13.0419
9.68242
10.8117
13.4705
14.1645
5.91419
11.7797
12.488
6.7654
10.244
14.0701
12.4309
14.6939
10.1763
13.9863
8.29692
7.00219
11.8645
12.0318
14.7868
14.1578
13.7554
11.9294
7.05033
10.8995
12.7347
7.613
9.84664
10.3673
14.6909
12.0373
12.4306
14.504
14.5165
12.8264
9.92071
8.18079
8.47817
5.60542
5.97367
9.16603
11.9677
12.675
14.9849
6.65201
10.3053
13.0683
6.90819
9.37583
9.78139
9.22353
13.696
13.6167
8.09736
12.7659
13.4604
9.65648
10.5136
10.7896
11.4044
10.0754
10.0684
12.7328
10.4189
10.149
12.6697
14.831
11.6109
14.304
7.87401
11.8403
14.2719
11.4286
11.4284
12.9195
7.83882
9.97608
13.0527
11.4709
11.8454
13.9192
11.4653
10.4706
12.8209
8.55184
14.7416
9.93515
8.96214
12.3663
5.46458
12.4805
11.2914
12.6113
13.0891
13.169
4.58231
14.2273
6.83415
9.61955
5.72493
11.1985
11.2823
14.177
9.79792
12.7628
13.8291
11.9563
14.6792
7.60321
10.0584
6.89609
6.72679
12.9221
12.6246
6.64375
9.29399
12.9603
9.58221
14.7315
14.9471
9.90017
14.008
11.8382
12.6053
8.89052
14.3042
9.56317
7.51874
8.96799
10.6593
9.16385
11.7573
14.7523
10.9521
9.72239
13.3896
10.4443
14.7534
12.5005
10.3385
13.2613
14.8922
13.1659
12.0386
9.26674
6.06189
14.514
11.7872
8.98961
12.3935
8.12782
12.3551
13.1853
10.9255
12.001
11.9846
10.9255
7.1368
6.64759
9.11451
14.8518
9.32028
9.37545
9.97551
12.4081
12.7096
14.6824
14.8973
11.3727
11.7336
13.2108
9.15372
14.7217
13.2731
10.3581
12.7262
12.6586
13.185
7.98357
11.1332
13.8463
11.9115
11.6009
12.4567
4.18658
14.3784
8.72629
13.971
14.418
12.8338
10.6155
13.8285
14.4821
6.862
13.6146
13.737
9.70093
13.8772
13.5079
12.8062
8.55203
13.5995
12.1637
5.2561
10.9035
8.34578
13.0431
14.8239
11.7906
11.1714
12.5788
10.973
7.95741
8.91853
12.3794
10.8289
11.0915
6.85901
14.6443
14.5087
9.29498
12.3722
5.36338
12.1401
14.6324
10.1441
9.33687
5.72472
10.2746
9.78237
9.25619
14.205
9.04202
14.7565
13.7035
14.9738
12.7894
14.3277
7.92728
9.32541
14.4009
11.5058
11.676
8.36591
12.9108
13.0455
10.4444
12.5843
11.3091
11.8496
10.1935
14.449
8.71363
7.96858
12.7507
12.9531
8.40221
11.3039
4.63738
9.82712
12.1415
8.6779
14.1525
13.0974
12.8694
8.46391
14.3667
11.5147
12.2207
13.1767
10.9105
9.70334
8.09119
6.71714
5.7677
12.9835
9.26451
12.423
12.7385
13.6293
13.0807
8.11122
6.23064
10.0542
13.468
7.5682
14.5328
8.48573
11.0956
9.91298
6.1373
9.86449
11.2992
9.05684
12.5763
10.1299
10.2378
8.03796
11.1605
13.6229
12.3806
10.364
8.5754
10.1981
9.14254
12.4416
5.87543
8.82869
10.6621
13.8727
10.6775
11.8667
14.4907
7.25679
13.6884
12.885
8.91152
11.6436
14.0617
9.72643
6.54948
9.50116
9.9924
13.1107
14.3683
12.3605
13.2951
14.134
14.2563
12.1934
12.6466
14.297
10.2771
12.7431
13.6712
11.6841
10.5964
12.5522
8.31377
11.7687
9.06499
12.5698
7.80704
14.171
10.462
9.92617
8.21283
11.3984
14.7695
13.8735
13.7335
10.1358
12.6042
13.7149
8.51848
8.80428
14.911
13.6722
9.74853
9.57143
13.3055
9.23116
9.99825
9.74292
10.9686
14.8656
11.7005
11.0415
13.5056
11.9854
13.4568
9.96927
11.3187
11.851
13.5279
10.7746
11.3356
10.969
11.7175
14.3359
14.9077
11.219
9.68291
13.5108
13.2323
14.2407
13.3286
10.8202
7.58466
11.66
10.2381
11.6029
8.42839
11.7513
12.517
12.8233
10.1173
12.9533
11.505
13.9221
11.2959
14.8534
10.8812
13.2927
14.2044
12.3892
8.90065
14.7344
14.6765
14.102
5.93286
10.4737
14.1944
8.67758
5.51573
11.0019
7.31711
7.18134
10.9104
8.9072
11.3541
14.4071
11.7452
10.1333
14.5162
11.2195
9.2689
9.66705
10.0109
13.9388
5.26987
14.4799
14.8372
14.7156
9.70727
13.1193
8.35196
12.1325
9.17009
14.0316
10.0141
14.3678
14.9992
7.03021
9.05392
6.82271
9.4411
11.5312
14.3336
14.7412
13.0411
9.8153
11.2833
13.9763
11.3546
9.59367
12.9053
14.5711
13.2403
13.0038
13.4688
12.9349
11.6322
6.24658
13.9816
12.3115
9.74726
8.2571
9.83162
11.5516
11.0072
12.1134
13.3524
5.62069
10.2832
11.6746
8.50293
10.8648
14.2697
10.7504
9.45904
13.1045
12.9296
14.3695
6.52273
9.06939
14.07
13.5925
10.8987
13.8541
9.71985
8.90598
14.947
12.5662
10.8594
13.9136
14.3748
8.94081
8.64001
12.6563
14.3717
8.96431
12.3425
6.01217
10.8355
8.35964
11.2729
8.04115
4.05867
14.6075
13.3155
13.3096
12.8345
12.9588
11.8562
5.62581
12.8455
9.0244
12.2721
11.3862
9.89434
12.7206
9.94
10.4876
11.1104
14.7245
6.94754
14.677
10.492
4.50335
14.56
11.5191
14.127
10.803
14.8247
10.8882
10.6896
13.4569
7.43179
9.1971
11.0438
8.30113
14.5146
11.6041
14.4458
12.3829
10.8689
14.1433
13.3244
9.74759
8.66295
10.3843
13.2289
13.1241
14.6556
14.6754
6.85216
14.1283
13.4345
11.5938
14.2426
14.7549
10.2879
11.1702
8.47928
9.74469
9.4222
14.2297
14.9139
7.44137
11.7717
5.83042
5.82481
6.94493
12.4539
13.5903
12.3616
12.2551
12.1408
14.882
8.73613
9.23239
6.97152
14.0949
9.21489
13.2211
14.4621
12.9904
11.2768
14.2259
11.7608
12.9972
14.9568
12.0745
13.8632
6.97026
11.4754
8.53957
14.3536
14.0967
8.53806
13.8857
13.4764
14.1273
8.14628
12.5787
11.5176
11.8667
10.9429
12.6505
14.8957
11.6773
9.24847
10.4064
14.0619
13.6631
12.8843
10.9893
14.6645
14.3002
11.1742
14.6341
14.3413
12.6059
11.0823
10.2505
13.4619
13.7844
11.3197
6.41985
10.9861
7.71627
14.1905
14.7545
14.5467
13.2888
13.5608
9.95071
10.7691
14.8876
5.84804
9.49048
13.5353
14.2084
13.8405
12.3343
10.9363
3.54277
9.65742
5.9472
12.2702
13.1098
9.77814
11.4534
14.8338
9.11722
6.9688
13.4139
14.4288
13.6655
12.8794
13.7523
6.57937
14.8617
9.0052
12.7638
13.6985
14.9385
12.2268
11.9644
9.92361
10.4189
11.6528
12.4191
8.33399
10.9209
8.62369
14.0439
11.7425
6.37772
9.82026
5.71283
14.3033
11.3637
11.3958
14.9723
14.9383
6.19182
14.8676
14.5257
9.08124
10.2251
13.7144
9.51393
9.26326
5.96771
12.9715
6.05244
12.5164
8.17142
8.80076
14.4101
12.4257
14.2036
13.4356
10.8564
9.71538
14.5349
6.35216
13.3743
10.0744
14.5572
11.237
12.7896
12.8089
10.7266
6.59942
13.7364
11.7666
11.8143
14.7035
14.4796
10.9913
14.2632
5.434
9.83554
14.4328
14.9841
11.2693
12.2555
13.547
7.77644
11.1212
9.50059
13.3757
14.2782
12.9336
14.6816
13.3923
14.9097
13.528
14.7332
12.6752
10.9193
11.2244
12.6138
13.6063
11.1369
14.9391
10.983
14.8076
9.23214
9.41239
6.27966
11.6271
8.18866
13.1762
8.66638
10.3409
13.8758
14.582
11.4768
10.7916
13.2189
9.3878
14.9628
14.245
6.36723
5.63432
7.30732
14.5751
8.31762
12.4843
12.2983
13.9983
13.0243
11.4574
9.58585
10.7427
9.97426
13.5168
12.087
9.54919
10.9432
9.74757
12.5221
13.2932
13.4375
10.9074
5.78807
12.9718
13.1528
8.49992
14.1939
12.8947
9.70157
10.956
14.5661
12.6632
11.8143
6.26565
9.68685
11.9842
14.6473
11.5052
8.67104
13.4109
6.22116
13.9228
12.8077
9.95092
14.4596
14.2173
14.7035
7.36021
6.20695
12.5253
14.0586
7.16396
9.40166
12.346
6.15794
12.9964
12.5261
12.6884
12.1987
13.0279
11.5698
12.0088
12.1632
13.419
11.9291
10.2908
8.03258
14.312
10.3505
13.8111
9.65257
13.9812
14.6201
14.4804
13.4494
14.8628
12.5667
10.4679
7.54904
14.3155
10.1019
10.0406
12.3132
8.04588
9.59771
13.8433
14.1342
14.0365
10.3121
10.208
12.5145
8.30493
14.4653
10.3365
11.9487
14.9153
12.4908
9.27174
10.531
12.2769
14.0955
9.96873
14.7838
11.4687
11.9741
8.69829
12.08
12.1593
8.37022
12.2698
10.5568
10.3531
12.1183
14.0707
9.47197
11.9192
10.2444
13.9458
14.6562
9.15974
13.9515
7.76082
14.8984
7.24881
13.8459
13.5725
14.8537
14.3945
13.3498
11.1455
14.7033
6.07982
13.7329
14.4503
13.606
14.9509
8.70475
14.5539
11.8242
11.8065
10.0624
9.42303
13.863
10.244
14.2119
12.2453
4.2544
8.24296
8.66181
11.8832
14.5669
14.6934
9.96211
12.1201
12.0424
12.124
5.84771
11.26
13.7627
9.70268
9.63711
8.05202
11.4581
10.9731
13.3638
10.8577
9.42752
9.96782
14.2011
11.9205
14.7375
12.8612
14.6139
13.6566
11.2777
7.96899
14.5746
14.496
12.8034
11.2079
10.9507
13.3345
9.88879
4.96897
11.0912
14.1787
6.05299
13.0803
14.0901
8.1728
13.6945
8.7442
8.44837
14.4633
6.09846
12.154
10.5312
11.0484
9.14912
9.57865
10.4958
10.993
8.65885
12.2553
10.662
10.2497
6.92725
14.9494
13.1769
8.42026
10.8595
13.9549
8.5166
12.2463
14.2689
12.2579
9.95456
12.2767
12.6594
11.5598
11.7734
13.9624
13.8145
9.43545
12.4147
8.52204
14.6023
13.1729
6.0019
10.5667
8.45447
12.9684
12.8013
8.33918
8.60818
10.6994
11.1962
7.20509
13.1871
9.79876
14.0989
8.15028
14.4526
7.55136
14.8971
13.6059
12.5403
8.76776
12.1385
10.8299
11.6401
14.673
9.03383
11.5364
12.1308
14.0376
10.8769
10.9759
12.1272
10.1206
9.61197
12.614
7.82592
14.0079
6.34369
12.3673
12.9617
12.3371
10.4667
14.4013
10.8065
10.6148
11.6096
14.8925
12.6859
14.9954
13.071
13.6022
7.86912
5.11748
13.9364
4.66701
13.015
7.96766
13.7202
7.83053
14.2151
11.3716
13.7948
14.6638
8.08243
13.236
13.9761
5.74354
9.17884
8.94977
12.6532
11.5323
14.7221
12.3855
13.8488
14.1392
10.1307
14.4503
10.7519
14.1947
7.38954
12.8268
13.7885
10.3254
5.50034
6.78318
11.2802
10.1495
10.2937
11.0236
13.4709
14.5114
11.2215
9.74745
13.2943
9.56823
7.21115
13.6876
13.6759
12.0547
12.6257
7.29793
11.8528
14.3689
12.0794
14.9573
12.7047
14.0889
14.8141
11.6631
10.2438
14.5243
6.8792
13.6043
10.636
12.1302
6.24901
5.80508
9.16905
13.1533
9.38621
11.0554
13.1263
14.8954
11.5548
12.2438
9.82688
13.1584
9.95478
10.8876
11.1401
8.5081
9.95783
7.99152
6.5749
10.8632
11.6397
11.2513
8.77685
8.74922
8.19982
14.5626
7.31442
11.914
14.4863
12.3914
6.72949
11.8914
12.2613
11.7704
14.7967
14.108
8.94314
9.88256
13.1453
13.4208
13.2255
14.5377
13.9371
12.2527
12.3088
10.582
8.4638
14.0617
9.16076
13.6769
11.7018
14.989
11.7913
9.48384
14.464
7.54007
12.589
13.9795
12.072
12.4218
13.0046
4.47241
11.3256
14.8525
13.9218
12.0274
10.4636
9.52848
9.5566
14.4132
8.77544
10.9326
10.4853
8.22797
11.549
9.96961
11.0153
12.3686
12.6865
12.1641
13.5324
12.2611
14.2489
9.56835
13.5398
13.9471
12.313
14.4726
12.0544
12.8787
13.2582
9.38186
14.284
12.5084
10.5007
7.60468
10.6295
12.2983
13.5749
14.9759
12.0063
12.8246
6.0756
11.2222
14.3499
14.9995
11.2117
6.63435
14.0842
14.1668
12.8261
6.92779
4.09722
13.1395
11.4165
12.7066
13.3868
9.7578
11.7816
9.84279
13.5446
13.5315
11.0391
9.33145
6.72325
13.92
7.37603
10.482
14.9911
7.71179
11.9267
10.4887
13.1342
11.356
14.5032
12.7801
13.5766
10.6912
10.4784
14.284
12.7657
11.0738
9.90873
10.5843
10.3154
7.83075
11.316
14.4214
11.0199
11.713
13.1766
13.4158
12.5781
10.9958
7.39255
11.7849
5.94228
12.8578
11.2234
8.78188
11.025
9.3504
7.07635
13.8671
13.8543
12.2664
14.8305
14.5564
10.981
13.8775
5.79807
8.7373
13.675
9.53652
12.5663
12.38
13.0828
13.1419
12.7562
7.86725
14.9096
9.31532
10.9299
14.7627
9.47819
12.288
11.6847
9.42487
9.74907
9.74334
10.7183
11.0229
14.8884
11.9635
10.4509
11.9611
8.40087
14.3377
7.68795
14.275
10.7169
13.5811
12.5168
10.2106
10.5638
11.5939
13.7298
12.3559
8.95561
8.67716
13.4886
11.6005
6.93116
4.37079
11.9539
13.6503
13.4492
10.2605
9.71128
11.9096
8.88385
10.7068
10.5892
11.6956
7.08329
12.4097
11.2444
9.48892
13.86
11.0275
11.2978
5.04397
8.78515
14.9634
8.36737
4.57952
10.4102
14.933
8.75799
14.0062
13.2524
11.7484
10.8034
11.9465
11.429
6.2567
13.35
10.8125
13.1482
12.1222
11.4423
11.5108
10.6535
12.4346
13.8955
10.8488
10.4845
11.5143
14.0739
13.0193
13.2872
10.076
12.1096
10.8429
14.1138
14.2364
13.079
12.1517
9.0552
12.0155
11.1074
12.6136
12.3457
8.85375
11.2997
13.1326
9.89831
8.02858
10.2445
14.1265
14.9329
8.63893
10.9353
9.19426
12.568
9.99683
11.5915
12.2848
6.05644
12.9467
11.4692
8.851
13.2448
12.1447
13.0835
13.6111
9.48244
11.5986
11.1144
10.321
14.763
10.1384
6.28159
6.86764
7.41476
10.1288
13.1085
11.0579
12.7697
12.0494
8.5627
9.03093
12.3442
13.0925
13.9861
13.5864
9.49569
10.3389
5.95435
12.1007
5.99943
12.4743
9.6458
13.6172
13.0703
9.64864
8.77807
8.63422
12.9562
11.6313
8.24046
9.71832
11.0099
7.17923
9.06912
6.90565
12.1435
13.4957
13.1929
11.4168
7.10799
6.23431
11.3713
11.0337
12.6734
13.407
9.17031
13.8408
12.4116
13.6123
14.4023
6.67592
12.3535
13.1978
7.8633
14.775
10.6209
14.3962
14.2793
11.6743
12.0931
14.1787
14.2701
13.5888
14.9329
14.8456
7.03197
8.6705
8.00974
8.93604
11.6507
7.97165
9.18765
5.9078
14.6976
14.0814
14.5191
14.181
5.95434
11.4476
7.53787
8.89267
13.0042
8.56721
12.6796
13.2228
14.8675
9.17879
13.8673
13.4956
9.47622
13.08
12.4921
12.9158
11.4676
13.4611
14.2775
12.7652
7.35953
12.4116
12.9033
13.3134
9.67085
11.6553
9.7943
10.7354
8.43862
14.6201
13.0832
14.9011
13.5755
13.1679
13.2853
14.0869
13.2628
14.0171
14.6782
9.83179
12.854
12.1556
11.2938
10.4926
12.1072
13.7532
10.2115
14.2306
13.7127
11.7803
6.29069
10.4886
14.1635
13.7792
7.25109
11.849
8.62479
12.3742
12.7502
10.8089
13.3197
10.9716
14.3478
14.233
9.34683
13.3438
6.71108
11.3436
9.37171
12.481
13.7887
10.6156
13.513
9.60454
8.17525
8.13398
12.5498
7.36951
11.2882
7.52957
12.2554
5.54976
7.35635
10.364
12.5594
13.1965
12.5552
12.4836
11.7215
13.0287
9.51679
14.7304
12.958
10.191
5.70294
10.1388
7.29771
13.1214
9.77697
14.3059
13.1174
8.36803
5.725
13.3251
8.91082
14.3361
13.8769
13.5603
14.8073
14.6925
14.1049
13.3321
6.18158
14.9218
13.0734
5.97844
8.95536
14.0269
12.3676
11.1275
11.914
8.0308
13.8
14.1351
12.1624
13.8902
11.3868
11.2052
13.0053
7.90486
13.7056
6.93852
12.9732
8.50502
14.7997
13.3096
13.2888
9.2552
13.6086
12.4373
12.431
9.15212
14.9008
13.1826
10.5456
14.974
14.0591
10.7164
12.6515
10.0309
10.7652
9.89727
7.95852
6.75082
9.82293
11.4171
13.5798
12.974
10.151
12.1609
12.1312
13.5096
11.9344
11.7595
9.26715
10.0796
14.067
14.6261
11.2724
12.2835
14.2305
12.8599
13.4554
13.0797
9.56445
7.68207
9.67906
8.65744
9.41984
6.87134
4.84963
8.53127
9.29095
11.2477
10.8173
14.3775
13.0646
10.0138
11.168
14.826
8.5772
14.5264
4.48782
14.7459
14.759
7.14064
5.47326
8.08292
14.7969
12.6384
11.5153
12.7767
10.2427
4.94921
14.1542
14.0195
12.53
11.141
9.93828
10.5419
12.6723
12.7387
10.2015
8.34585
13.5427
12.3471
13.1377
13.7294
13.903
5.65758
9.37266
12.7525
13.1745
14.8962
11.6042
14.9961
8.13315
10.0087
13.2738
14.6119
10.7543
6.12565
12.5076
12.6732
14.8314
11.4821
9.82095
12.5092
10.082
14.4423
11.6751
8.60621
11.5086
13.2106
10.2737
6.14631
12.7249
13.0953
5.7578
11.5292
12.4361
9.3291
13.2512
5.77646
13.5235
10.5226
13.1555
11.2244
13.6886
13.9494
13.3456
13.765
11.7822
8.93652
7.40076
10.1671
13.2421
14.3672
12.9989
13.6233
12.4519
6.36756
11.7718
14.8627
11.705
14.3641
10.2419
13.7768
9.47265
12.1385
12.8545
14.6406
13.4389
7.83669
14.5399
13.6425
12.4024
12.1936
14.4543
11.0177
14.0478
5.77548
11.7453
12.4446
14.0113
13.7693
13.3565
13.7407
13.7027
12.8572
10.9752
14.5684
12.8326
12.5118
13.275
11.4539
12.7543
8.60692
12.0745
12.6197
5.85115
8.23377
14.7727
14.9911
12.0101
14.475
9.47063
5.61943
9.17979
12.2025
9.97901
11.241
8.46361
6.38336
6.97451
9.77291
14.9253
14.4873
11.1436
12.1148
7.74837
9.56447
11.8278
11.6848
10.7876
13.6615
12.5226
14.1028
13.9973
11.2119
14.8694
9.46525
12.346
8.93481
11.2229
12.4164
7.93714
10.3251
8.48624
11.0144
12.163
14.5315
11.8135
11.9584
10.9047
10.2168
14.5949
11.9423
12.911
14.9408
13.5349
14.1547
14.3763
11.012
10.2863
11.5981
11.2609
10.6489
14.4226
11.8409
6.7129
12.7681
12.3475
12.7185
13.1264
14.8243
14.5272
12.2161
9.51214
14.7797
10.3938
13.7064
11.0149
4.4141
14.7394
12.188
7.36228
9.53669
11.8084
11.0522
11.2692
9.90415
12.5686
6.96755
13.0564
12.6766
5.639
14.0485
9.76637
5.67891
11.348
14.3498
6.14178
11.2565
5.7495
12.5406
14.2975
10.5828
12.6757
11.9221
5.78429
13.6776
10.5782
13.5913
10.3708
10.6857
6.81452
12.7588
9.89335
11.6481
10.7316
14.1352
12.8176
8.73089
9.87259
14.5532
12.0607
14.7992
11.737
11.441
9.24339
9.82245
9.76602
7.95026
11.4214
6.79947
6.6001
7.17248
11.2395
12.9649
10.8743
8.82859
10.0173
12.794
9.48
14.5748
9.28007
12.2235
8.3745
8.23511
14.5038
6.96853
12.6106
14.6977
9.13493
10.195
8.15886
10.8034
9.06828
11.3344
10.8317
9.57719
10.2622
6.37047
6.62642
10.173
11.8114
8.61065
9.61071
10.3402
13.0164
11.7204
14.1017
14.9205
10.5402
5.09416
10.4619
8.60589
10.624
14.1025
7.54899
9.63099
11.1057
11.1104
6.94502
13.0265
11.0041
7.31194
7.23329
9.75325
14.3751
12.3251
11.755
11.6675
13.2077
14.2223
9.7278
13.1067
12.4916
7.1297
5.39271
7.57387
5.84108
12.0245
14.1971
10.0775
10.5833
13.9073
13.0669
13.3099
10.4664
11.5138
12.4316
14.4845
8.15917
14.6055
6.16146
8.80511
9.98334
14.9225
11.1642
10.7991
14.4591
9.81676
14.6743
11.3838
11.2492
9.31867
13.4043
10.6897
13.9216
11.3086
14.343
14.379
12.6758
14.7973
13.4638
11.1348
13.5505
10.3831
6.47078
10.0816
14.4016
14.3022
12.2414
11.3446
10.1616
14.5558
14.3271
10.0961
8.63574
12.1404
10.6671
7.69397
10.5796
9.88322
11.4883
11.6483
11.0767
11.9328
10.2988
12.761
13.1591
11.7525
13.21
8.04454
7.77259
10.6703
11.1829
7.25687
11.7297
8.325
14.1783
12.6009
11.6445
10.3732
13.9667
9.7802
14.8655
11.8907
6.44297
6.6128
8.62675
11.5734
12.0753
13.6737
13.5481
13.7689
12.4885
6.24849
14.2867
14.7284
12.2809
13.6913
9.88496
14.7804
14.4067
14.6902
14.0418
8.57789
9.28001
13.4449
13.54
14.2189
10.0085
13.4862
8.7436
14.8842
12.9949
10.1397
11.5206
11.9504
12.1539
14.9081
12.9214
13.8767
14.9343
11.6537
10.2055
9.04432
12.6899
12.1943
12.4962
14.1438
12.5108
14.3773
13.755
11.6403
13.5617
5.37474
3.67735
14.2015
14.2384
13.162
14.3545
12.475
12.5858
11.3728
5.56845
14.6382
11.2742
14.1462
11.6392
10.8411
9.42836
12.0668
11.9581
14.3816
8.18544
7.71971
8.84757
9.5687
12.5098
11.7287
7.62117
12.2045
7.10645
7.23708
12.6834
11.8765
13.9802
13.4051
13.7002
14.2859
12.7609
11.3642
11.368
6.77561
11.6351
5.36505
6.07831
14.2327
11.3237
13.5868
13.9407
5.33007
9.25207
11.1002
14.5557
14.5271
8.90473
5.15699
11.7513
12.3407
11.5133
11.4692
13.2595
10.5982
9.90753
10.913
7.3528
12.2008
6.07671
14.98
13.7715
11.6455
13.3903
8.64728
14.8767
10.181
14.5915
8.53862
9.18863
13.6275
4.91676
13.4052
12.5999
14.4541
14.0736
10.956
11.2396
8.68895
10.5473
12.8795
14.5889
8.12808
11.7991
8.06005
12.1654
6.06322
9.86442
10.0803
6.31372
12.255
10.852
13.1506
13.0283
12.8497
13.1807
8.2461
12.7025
11.5738
13.0531
8.64166
12.2597
10.7023
11.2758
13.9028
14.8172
8.62335
12.9387
11.0121
7.43156
6.41134
7.50983
11.1397
8.69833
10.0466
13.0745
6.00142
12.7928
9.77952
13.0784
6.78239
7.92084
12.6891
12.7559
12.6572
5.87522
11.1011
10.7611
14.1084
8.16116
11.3757
13.1137
9.13909
9.10459
12.7919
9.9013
10.8445
9.79292
12.7537
14.5912
13.8998
11.1336
13.3617
12.3807
10.0091
9.85564
10.1025
8.45582
12.1931
11.2876
8.56797
10.4195
10.6475
9.74077
14.0694
12.1956
7.22932
10.893
7.12099
11.4405
13.8133
12.6891
8.98863
12.5432
12.9678
14.9407
14.6936
12.5571
12.8296
12.6103
11.5599
12.397
11.1307
13.7244
13.6364
5.07286
6.16848
14.5232
12.7482
13.3694
9.48311
11.9175
14.0849
9.71427
11.0007
10.7073
12.743
14.8448
12.6414
8.91392
11.2931
13.3519
8.4108
11.6538
7.44022
14.1494
8.41376
11.701
12.8036
12.3915
6.98905
13.0798
7.17762
14.4976
14.377
11.6148
10.0031
12.118
12.4494
9.95796
8.67521
13.8238
8.83692
14.6142
14.3588
9.84878
11.8088
11.409
9.38318
13.8376
14.3251
10.8002
6.79803
13.1364
8.12837
8.70534
14.8476
14.0078
14.5701
12.1565
13.4324
11.5076
13.3132
5.962
12.5326
8.23683
11.9614
14.5759
9.72228
11.1027
13.737
13.9851
14.1255
14.2724
14.6968
13.7819
10.6599
9.25105
13.1291
6.31939
10.3804
10.7921
9.3635
9.59357
14.9313
10.1235
12.1422
12.33
12.0334
8.49315
12.395
8.14624
6.74738
11.7716
10.1991
11.4524
13.5143
11.8568
11.0941
14.4813
8.49134
6.75459
11.1954
13.8378
14.0856
9.69565
14.0559
7.62497
12.9551
13.6084
13.652
14.7973
8.4764
5.53328
11.5437
6.24765
4.35655
6.43849
13.9597
14.947
12.1046
13.8613
13.7211
12.686
12.6578
13.0357
7.9631
13.1797
11.9211
14.7176
10.3704
11.052
12.2796
14.0947
13.9741
7.73835
13.2144
5.30986
7.89688
10.7533
9.62269
13.427
9.9439
9.68983
14.0385
8.31975
10.0239
8.90002
12.2697
9.55034
10.1065
7.9716
7.65124
8.08747
10.4663
13.2149
8.40446
10.6748
10.7059
9.70821
14.7032
11.9791
9.75054
8.50493
13.4328
10.9018
14.4401
10.8367
9.31143
14.015
12.4061
8.90542
14.5242
14.8838
9.51902
13.9906
12.9612
13.7815
5.56149
13.2842
10.651
14.1468
11.0819
9.39038
13.3408
11.0119
10.3596
13.0527
13.9769
9.45115
14.1396
11.1905
9.46391
7.89413
8.66882
6.6427
7.71215
7.85953
4.97209
8.63262
4.67838
10.1379
11.1538
14.6608
13.8775
9.58018
9.54906
6.20737
9.69389
5.31885
14.2191
14.1875
13.095
11.8111
14.8516
12.184
12.3027
9.80743
10.9206
12.0962
14.9324
14.938
13.3534
11.6159
14.9236
14.618
10.2519
12.7728
9.74586
6.85804
13.152
9.74548
14.1206
11.3115
10.5715
12.6035
14.9938
14.9252
12.0561
13.8298
14.5239
14.2158
13.0891
12.34
8.03894
11.7705
13.7616
12.3094
6.1854
8.60299
5.41685
9.52182
11.5343
12.1661
12.3981
7.55432
9.85809
12.0247
14.6647
12.4041
11.9856
13.1851
5.99981
12.157
10.244
13.9043
6.74099
10.5182
13.3623
7.78841
12.6812
14.1552
13.3218
14.4435
7.93143
9.70597
14.6596
11.2911
7.62475
10.7742
14.1175
14.3316
14.7818
10.3351
14.5704
10.673
14.7211
10.9114
8.80621
13.6675
12.317
9.94434
12.7545
14.5199
12.4206
10.2829
13.9808
10.5061
14.799
13.8935
11.58
8.92301
8.17437
10.1276
12.0747
10.3734
13.3678
7.92587
9.57784
6.47963
12.7441
13.0428
14.9175
10.1192
11.8036
12.2405
11.3456
8.8372
12.208
11.0758
11.4677
10.5508
9.78914
14.1567
11.2104
10.5352
14.1447
11.0925
14.5595
12.1074
12.1034
12.7682
8.29729
14.8209
12.5515
5.32415
11.4465
14.233
8.3494
7.53871
9.67783
8.50119
9.34713
14.7383
7.71675
8.68545
10.5458
10.2197
11.0117
10.1498
10.9447
13.857
8.11987
12.5996
13.5792
8.08866
13.9699
12.7441
14.6369
11.6267
14.2681
11.2802
11.3034
13.4275
8.21524
10.2263
9.06127
12.0256
9.72924
13.3308
11.9264
9.79651
6.25347
10.9671
12.7426
14.9924
8.70733
9.10089
6.04441
14.7642
14.7835
14.5655
13.7644
14.0854
12.5273
14.0501
12.8016
12.2027
13.2314
11.7676
8.88489
11.9483
13.125
14.5572
4.75987
10.5937
10.995
12.0273
14.708
14.764
9.10587
10.7841
13.8665
13.6937
7.40664
6.93549
12.3809
10.2228
11.0002
11.9831
6.66024
12.0714
14.7205
14.2336
10.8581
12.1716
8.74135
14.7684
10.9017
13.5423
13.4686
13.1229
10.7657
11.4906
14.4724
13.8218
12.2624
8.25289
12.7025
11.682
13.1682
11.778
8.21342
9.46609
9.92729
7.62298
13.1408
7.59534
12.2634
8.75409
8.75447
11.7657
14.2366
10.6697
12.5291
14.5865
13.1714
12.4332
13.882
9.48134
11.8002
11.2944
13.6136
14.7681
8.91649
12.6827
12.1297
10.3032
11.9357
10.7172
13.1064
12.4671
13.1913
7.61792
12.1289
12.3267
10.7327
14.9243
6.42851
14.491
13.6218
13.0692
12.2817
12.2939
14.4159
12.2798
12.7864
12.9117
5.50207
11.3131
10.1135
11.9675
11.9359
13.5694
10.4841
12.5385
13.0766
13.711
9.81914
12.1627
12.7366
13.0054
13.6327
12.9706
14.3784
14.9468
9.94183
4.27256
9.0162
10.6123
12.5897
9.07878
10.7665
10.8564
14.3441
11.0509
10.976
14.1971
12.874
11.1329
9.32497
8.72881
4.19596
6.37978
5.83011
14.8807
8.93549
13.3781
7.08844
12.6373
7.63128
12.9799
11.3816
10.3859
7.98534
12.435
14.3359
8.71851
14.6358
7.04664
14.3176
12.3654
8.28494
13.4891
13.1228
11.2369
13.708
13.0995
11.1356
12.4565
14.9705
10.0254
10.418
14.7124
10.0037
6.18262
14.2555
12.3625
10.9862
6.76874
12.6394
14.9856
5.1537
13.0535
12.5723
13.2408
10.1215
10.0857
13.2852
11.7519
11.9643
12.5092
12.868
11.6481
13.5485
10.2975
14.697
12.9064
9.46452
12.2616
12.0981
14.4012
11.0607
13.2741
12.48
11.7338
13.2854
6.16351
12.8236
13.8347
7.79388
14.8581
11.962
7.49432
13.6805
12.0628
14.2866
11.6889
13.43
13.9359
13.1435
13.981
11.6558
9.81432
12.8225
11.7303
13.3725
11.8042
9.96252
13.6876
13.9874
13.7749
14.4549
11.0463
14.1284
6.09097
14.6717
11.7131
12.8363
10.5831
11.921
7.37262
12.2955
9.91815
11.3483
13.5338
12.7222
13.0822
13.2685
12.7635
10.652
11.7562
14.5143
9.68388
5.1454
9.39117
13.4617
8.60989
14.7169
10.8905
7.80913
14.392
8.86416
12.3336
11.3931
12.0493
10.8736
14.9621
13.5804
12.5898
12.8652
8.84558
12.2766
11.9369
12.9187
13.7267
10.0632
13.312
9.67442
11.5972
14.303
14.769
11.8227
11.3185
13.1698
12.8008
11.4867
12.9949
11.8395
14.3175
13.1838
14.4979
8.3941
11.1427
13.4877
11.5815
14.7557
7.64058
13.6324
14.8581
12.4758
7.25722
14.5205
10.8855
13.1112
8.07009
14.0637
14.0309
11.4598
13.4823
12.298
12.439
12.2722
11.3083
11.7801
13.0453
7.44748
9.72995
8.53861
13.539
8.72608
8.70764
6.58261
6.52794
14.1293
14.4002
9.56762
13.2035
11.8287
14.538
14.034
9.57887
13.3822
14.9877
13.0969
14.3778
14.5273
10.9804
12.202
13.6243
14.7963
13.2868
7.03231
12.8179
7.98722
10.9076
10.8425
11.9115
7.56985
12.9949
6.85494
5.40566
13.6194
13.386
8.40938
14.712
11.8015
14.6224
14.3458
12.6159
12.3148
13.3246
8.02707
7.08993
7.8863
11.2236
14.3369
4.39091
13.2929
11.6597
10.836
10.8968
8.85149
12.7328
11.0691
9.90696
13.6955
14.8362
7.47299
14.1383
7.63289
8.01541
10.7707
11.772
9.34659
6.90592
7.16959
6.72524
7.17059
13.2666
10.9155
9.14102
14.2546
14.7469
14.4936
11.0356
7.15425
11.0749
13.0733
9.93985
7.14241
12.5566
12.0167
8.16325
13.1954
14.9075
9.24864
11.9581
14.4879
11.9464
13.3732
10.5249
14.0526
11.9893
12.2866
11.0537
13.4369
13.5872
14.9956
14.3028
10.3618
8.79942
14.784
14.8043
10.6122
13.1597
14.6112
14.6038
10.6499
13.2747
8.70008
13.0751
11.6654
7.398
12.3281
13.1809
9.56952
13.3905
9.13325
9.93648
9.88904
9.94898
14.6449
11.3408
14.3521
9.2099
10.124
14.5558
9.63244
10.9234
5.72868
12.1307
12.7375
12.9896
14.7427
12.423
14.2655
10.3165
14.8316
12.051
6.03268
12.4432
10.6529
8.4918
8.4472
13.859
11.2088
12.6283
13.8641
14.4182
13.5997
11.808
8.30409
10.4615
14.3448
8.52459
11.3634
14.3895
11.6113
11.7688
12.1036
14.3843
12.5727
13.8171
9.64202
11.1308
13.3307
13.5665
11.6077
11.9131
12.2254
13.2945
14.9871
12.7909
13.3351
13.9345
14.4615
9.39748
13.1867
11.4797
13.5993
14.8895
12.7121
9.21848
13.4608
11.5803
11.2156
14.4131
12.8831
10.8105
9.70544
13.515
12.57
13.583
14.26
13.788
5.40024
11.1267
9.96453
9.42996
13.092
10.219
10.2659
10.7972
14.8856
11.6646
9.95465
12.8448
13.5336
6.60422
10.4242
14.274
10.0249
14.8944
13.7762
14.1011
11.8781
8.43803
10.4208
13.136
5.36093
13.738
13.9151
13.0535
9.95609
11.6938
9.68702
10.6698
5.94865
13.6905
14.584
12.9276
14.2788
10.2191
11.1981
14.2267
14.9647
8.46851
12.0352
10.139
13.1002
10.8171
11.1003
11.1381
11.363
9.43978
13.6334
11.3126
9.20856
14.9492
11.6047
14.6202
10.5398
10.1309
10.9599
13.621
14.6113
12.7153
11.3864
9.40479
12.3726
11.8217
12.1945
13.4561
13.6995
14.4995
10.2544
12.7899
14.1993
8.76087
12.5729
13.8681
9.20196
13.3334
13.2084
9.84477
14.8034
12.8566
11.2906
11.5412
8.03678
9.72407
12.3592
14.7981
11.9732
13.4087
12.6416
13.384
10.87
9.45831
11.7506
10.8833
13.6555
11.8148
10.1092
4.84245
12.6075
7.75844
10.8545
6.8098
8.00594
10.6905
14.2263
12.4939
8.1546
10.8405
9.29403
10.8069
12.4795
11.3408
7.88393
14.7067
9.94516
7.9678
14.9783
13.9216
13.8213
14.0278
11.9461
9.22859
11.635
11.2911
13.2531
9.54175
7.24185
14.2929
11.0132
13.4677
11.6513
13.1364
14.4136
11.1436
14.1048
12.0395
12.6735
9.96272
12.353
12.4335
10.4736
12.57
12.7095
6.99332
10.6184
13.1561
12.407
6.12656
5.20601
9.58043
10.994
13.1775
13.7595
11.4488
9.03157
13.2447
10.679
12.8444
10.846
7.06392
12.2878
6.03837
11.4029
9.81768
10.9932
10.0794
4.75582
12.3329
12.0988
6.94873
11.7173
10.6593
13.1201
11.7079
6.13631
14.236
8.21376
12.0641
13.4213
10.4569
14.9865
13.6524
8.12471
13.3086
10.0112
14.7186
11.5709
12.6244
9.50175
10.8339
12.1514
12.6773
10.5089
9.11414
11.453
9.75616
11.4795
13.947
13.8489
14.9701
11.084
12.7269
13.5288
11.168
12.5978
13.0839
13.6642
12.0364
14.9987
13.7282
13.2834
14.4721
12.8074
11.1872
12.7617
10.407
12.4733
12.5477
7.38288
14.1863
7.73978
10.5147
13.9198
12.4358
8.77308
13.9938
12.6997
6.18258
10.441
9.88397
13.6417
10.9778
11.5157
6.76196
5.09581
13.8134
12.5271
13.6638
14.56
11.6789
14.4429
7.88567
14.4593
14.2561
11.1857
12.0202
14.7716
13.9088
14.0898
13.2123
12.9042
10.3321
14.2877
13.3221
9.3158
5.86092
10.3746
14.6954
13.3774
13.6038
6.31782
12.3972
11.3359
14.7589
6.24278
10.9369
14.6122
14.6777
7.60832
10.5368
12.9893
14.1705
13.6878
14.2305
6.04432
10.215
13.546
11.0143
10.6465
13.4612
11.8011
14.7529
10.1876
9.45606
13.9482
11.4591
14.1117
11.7915
7.52714
13.5507
12.2961
12.0878
14.8488
10.7932
13.3066
8.73308
12.9444
12.4006
13.8784
13.2627
9.3752
4.52694
14.0296
5.73115
8.53612
12.2744
13.328
12.3962
13.3231
12.7925
9.59338
8.3943
11.3737
6.47037
9.81082
12.639
13.9852
12.2468
10.4476
9.78173
9.87594
12.5142
8.66046
10.518
11.4742
9.24434
13.4024
7.80357
14.8009
14.5107
9.04708
11.7192
8.48933
11.6219
12.2654
14.8935
14.376
12.8962
7.03073
14.4434
12.947
10.3739
12.2099
13.5978
10.6937
9.75898
14.6326
9.44498
14.6489
9.47361
14.9365
12.2353
6.83956
8.68914
12.6718
13.9617
12.7315
7.92389
13.3161
13.7558
13.2796
14.2193
11.7316
14.4429
9.59972
11.0172
11.8802
13.2541
10.7745
9.66863
9.05834
14.3514
9.94648
9.01369
13.3362
14.368
8.69924
10.3791
5.74845
13.2674
9.16014
11.712
13.9807
10.6844
14.8594
10.9838
12.0513
14.4479
12.2655
5.9281
7.06026
9.62529
11.3311
13.9055
9.67315
10.4928
8.27926
11.1612
11.4033
12.0233
9.57164
8.67949
10.0528
14.3997
14.3466
7.55983
11.1884
10.1903
10.1781
9.58736
8.46999
10.9835
9.10704
14.1597
14.9681
10.9149
10.2558
14.5424
9.8189
12.8304
11.8846
11.7716
10.286
10.1832
11.0032
14.0919
8.78931
6.06796
9.75528
10.0944
9.20434
9.24053
10.6887
12.4243
5.99871
12.1499
8.05844
10.8197
8.82084
11.9118
4.63939
10.1956
13.4921
12.0548
6.91276
9.22334
12.1335
14.7503
6.74036
13.0187
14.5766
11.9425
8.79774
5.79286
10.232
13.2455
12.7266
14.4682
11.9926
8.80877
7.98963
11.3667
11.9999
12.4221
13.6404
5.98417
11.9548
11.5436
6.55414
13.7161
13.9654
14.08
11.7233
11.6173
11.8115
14.2601
14.5292
8.42407
14.8921
12.4039
10.3453
6.03735
11.2693
14.1162
13.1669
13.4581
6.12043
12.8567
7.39205
12.6804
9.41811
6.47965
13.3113
13.59
13.2899
12.3587
10.1532
6.06238
14.7818
6.99839
11.1263
10.7326
3.91556
11.1868
14.2417
13.4858
12.9568
9.76081
12.5418
13.4752
10.5036
13.6617
13.5169
13.6853
13.4613
12.4961
13.1066
10.2601
13.0694
14.5099
11.0075
14.0104
13.6532
8.97626
10.5993
13.7052
12.7992
12.2234
9.03192
5.70092
5.43616
11.7325
9.93161
13.9723
14.2059
14.8184
14.5347
10.2298
7.59906
12.2094
13.392
13.9151
12.1315
8.53632
11.1653
12.8836
11.6663
8.25454
11.5311
13.4812
14.0873
12.1999
9.05884
12.3184
7.94717
11.0963
7.89014
10.3658
7.60619
14.5122
9.37627
11.3443
11.8955
10.5345
7.46159
12.4877
7.52227
13.9208
7.40096
14.1891
14.204
14.3762
13.6793
14.8498
10.371
13.6246
12.1873
14.4785
8.59677
9.40175
8.79292
14.3781
10.8579
7.97884
11.823
4.28053
8.73502
14.7547
10.905
8.60119
9.23766
12.346
14.1878
11.5778
11.2349
9.38107
9.53498
12.8602
8.82817
11.9434
14.5117
9.54794
13.8625
13.5301
11.3309
9.75457
8.41214
6.56128
14.5742
10.112
11.7784
12.4978
8.77916
13.3847
9.2724
7.4808
11.6064
10.6162
9.95578
9.72571
9.76986
11.7895
14.384
14.929
12.4638
10.9177
7.46669
14.524
7.1462
11.6287
12.9467
9.59078
11.7426
14.996
10.6424
12.3299
10.2351
10.7421
5.8861
13.1479
14.625
14.3667
11.1085
10.5485
14.7301
8.60245
12.7222
13.7358
13.3459
12.2632
8.69051
14.1365
10.6097
14.1513
8.98116
14.5708
4.60353
6.82768
14.8029
14.264
10.119
14.088
12.6213
11.1675
10.8164
12.4104
14.6337
13.668
13.0135
12.5293
12.4875
10.8831
12.1543
7.79229
12.7343
10.2844
10.2525
10.6099
12.4229
10.9248
13.7274
12.6317
14.0342
12.9821
14.2637
12.4079
12.3854
14.3023
4.80839
14.6176
8.87807
9.06221
11.9056
11.3876
11.4091
12.3644
13.4077
9.46568
14.4034
14.0801
12.0508
12.5808
14.6663
14.9702
14.5704
11.9145
14.0869
10.5517
14.7627
12.9743
13.0277
13.1742
12.9609
11.8602
14.4202
9.90141
9.71852
9.54425
12.2961
11.923
9.24059
9.85942
12.7881
10.4682
7.66294
8.96047
10.1052
8.91535
14.1992
12.7203
9.35551
10.2642
8.71562
14.3386
8.22167
6.57979
8.68553
7.62638
10.0474
11.3733
14.6894
13.2071
13.4639
7.5085
12.0795
9.76353
5.3083
14.5146
5.07229
10.725
13.0865
8.70778
4.91046
13.6772
7.71049
9.54305
11.9142
14.207
12.969
11.7152
11.2301
12.7812
7.14569
12.6682
10.9213
12.4797
13.359
12.1555
9.06386
9.8107
4.35589
13.7723
12.3741
8.02234
12.2104
14.0117
4.86511
12.4089
8.64827
10.4817
8.70875
11.2605
14.511
12.3496
10.2727
13.9727
13.197
14.6596
12.054
12.5774
14.4784
11.7958
14.4755
13.2161
12.9272
13.6519
8.98504
8.51496
6.22659
11.8228
14.4915
14.452
13.0089
13.2099
14.3591
14.4493
10.4412
11.5043
13.3975
8.04736
9.06522
13.7184
11.4123
10.3755
12.0343
11.0048
8.32904
12.4361
14.1231
4.76572
12.4222
8.54372
10.9182
9.02178
12.114
4.78057
11.8955
14.6963
11.4862
14.186
14.3018
9.97876
10.1634
13.3934
8.97717
10.4309
6.20516
13.2156
14.7028
12.1292
11.1691
12.5968
7.72478
13.156
10.4758
13.561
12.4523
9.75789
10.3097
13.0637
10.541
11.1647
10.0103
13.731
13.9686
12.7449
14.9438
12.2663
9.20548
13.3978
9.96001
11.174
14.9348
13.7798
11.5179
6.14472
9.20231
13.7754
14.9926
11.0082
12.6454
14.7971
14.8878
14.8069
14.3668
5.84526
14.0795
14.856
12.9094
14.7539
11.9868
12.1414
14.5416
12.5963
12.9271
9.39362
7.92317
6.06906
14.7955
11.0393
14.2356
14.9138
13.4525
11.2173
14.6042
8.71295
4.29017
5.36668
13.0921
13.1992
12.4811
11.1743
14.1387
11.8984
14.1899
12.9395
8.8743
13.9395
12.7877
9.96892
9.74897
14.8229
8.62559
11.8773
11.0653
14.0737
12.4231
13.5015
9.46267
14.7342
13.3233
9.13216
13.885
7.08701
12.1315
12.0431
12.5749
11.6171
12.4971
6.20908
9.45655
7.21887
6.9917
5.99682
12.6649
14.5161
13.3607
5.44039
10.5473
14.8112
13.4782
5.21663
14.081
11.2398
12.9692
13.8891
13.8205
13.5423
8.89976
11.4629
8.49175
6.3025
14.1369
11.5223
10.9794
13.8247
12.612
14.6643
12.0668
11.5534
14.4091
14.9448
13.4346
13.0509
7.05188
8.16152
13.8439
13.1497
9.3599
14.6351
10.9065
13.0831
9.69279
10.4689
11.7676
12.0129
11.1819
9.7499
13.7296
10.5351
13.2578
12.4352
8.97369
10.4254
11.5558
6.0732
12.5573
8.47124
13.642
12.4899
12.9835
12.4664
13.1873
8.57703
11.2988
14.2526
12.913
12.3313
10.7604
12.4074
13.3816
14.2672
14.5017
14.6354
6.1665
9.44662
14.5034
12.9012
13.0997
13.4292
14.5562
8.53753
12.8215
14.5168
14.6299
8.62556
10.4029
14.1603
9.18547
13.1385
8.59776
11.9337
10.3854
12.3056
13.7516
14.8681
9.3366
7.77228
5.52586
12.6086
8.89239
13.2205
6.44729
10.1283
9.80783
13.2622
14.2585
9.47229
14.2161
10.9887
12.7827
12.8429
13.6332
11.5583
14.5605
12.0336
9.46957
13.3025
13.4022
14.9679
12.5685
7.73741
11.7166
13.2164
13.8266
6.4003
11.5989
8.47283
9.71644
12.6962
7.77936
7.78669
13.5235
8.8608
11.4917
6.17512
13.7602
8.53607
9.58307
11.9233
6.89012
12.2191
10.6347
14.1199
9.46533
11.681
7.10547
9.45701
8.92977
10.2479
9.50104
7.68217
14.3101
12.9128
8.14538
14.9664
11.8638
13.9688
6.28572
14.8729
6.42566
9.83364
12.1519
14.0342
12.1349
12.0835
8.4818
10.9911
12.3193
12.3403
14.4504
12.3283
9.75657
9.84381
14.4375
14.1556
4.99552
12.8469
11.8562
7.65342
9.25804
10.6942
8.38433
8.44311
4.85096
12.7467
12.7045
14.9851
12.5988
9.04028
14.3853
12.1736
12.0099
13.004
14.6699
14.2916
13.1331
13.3333
12.8304
14.664
8.22669
11.9372
10.8528
9.53336
13.4159
10.4648
12.4119
14.0822
8.2837
12.717
12.4072
10.0446
8.37764
13.3406
12.7557
10.3877
8.65776
13.1738
13.8872
8.65218
13.7708
8.08347
9.14422
14.2536
13.1881
8.51985
12.5128
8.77575
11.9205
13.0586
12.4229
10.5265
12.1179
9.86567
14.4997
13.4226
14.5066
9.72571
11.8282
11.3743
14.2267
8.08027
14.1912
13.6391
8.0414
12.3994
8.22619
13.4241
14.6645
9.1964
8.6649
10.3499
8.55016
14.9338
12.9766
14.7378
14.7235
12.2874
8.25276
5.87192
9.57199
12.2011
12.5284
9.82471
13.051
14.2496
5.58274
7.90555
14.422
10.9136
9.37349
13.5398
12.8071
9.74408
8.59404
14.7005
9.50453
7.00128
10.9727
14.1973
11.9734
8.48903
9.35142
14.1944
12.1885
10.7193
9.52871
13.0553
7.3311
14.2796
13.7666
6.08131
8.17109
12.0166
4.31541
9.96266
5.14295
11.3476
12.801
9.4105
12.6739
7.6185
7.84602
9.94193
8.47397
6.54591
7.20272
14.8719
13.4643
7.92765
14.5486
10.8548
14.0765
11.2283
11.6159
14.7642
9.52806
12.5854
12.1888
7.77245
14.5971
12.8376
11.7147
4.58738
11.9436
10.4389
11.4119
7.47351
9.06959
14.0593
11.617
9.69471
9.17887
11.8643
14.6354
12.8553
14.4602
11.2073
11.8102
7.98946
13.3342
11.0137
13.5578
13.9868
13.4987
11.0568
13.218
12.7093
9.52708
12.4718
10.3172
12.5822
12.83
11.6088
12.0013
13.7716
14.9937
10.8503
14.3981
10.6542
5.39923
5.29129
8.68995
14.324
10.2149
9.21823
11.9272
9.69396
13.5478
9.86119
12.872
12.2968
13.9119
12.1883
13.9396
12.6324
8.40933
13.3025
13.5027
12.1745
11.4105
9.05394
10.357
12.9642
13.6373
8.39086
8.22116
9.93068
6.52948
14.2015
11.0785
14.3331
5.81565
10.2348
14.3231
14.2314
10.1257
12.5162
12.6965
14.6164
14.5495
11.306
9.94837
13.5608
13.9527
10.12
10.3523
13.4038
9.19584
13.1549
11.6584
8.50529
13.0959
14.3881
13.25
8.57626
11.3011
14.3588
10.129
12.6251
13.7879
9.29468
7.15575
12.2641
10.2049
11.2953
12.479
14.0986
13.3644
8.3575
10.9918
6.78959
13.5783
6.07392
14.2455
10.4403
13.8387
8.10379
14.5524
9.94373
14.2058
8.85608
4.76427
11.0788
14.0035
11.6465
10.6111
12.1202
6.08196
10.7379
12.4294
13.8908
14.9987
11.6328
12.8014
6.90822
6.07141
8.42439
10.7485
14.6674
9.92706
7.53499
14.6909
14.2752
10.3319
12.6777
5.77984
14.5616
13.7014
6.22822
13.9985
8.64873
7.42026
10.6652
14.2818
10.3488
8.73225
14.649
13.2093
13.2683
9.26249
10.5339
14.1288
13.503
5.55876
10.6721
11.6643
12.0841
10.3559
4.90429
14.0607
12.8505
6.53246
6.85524
8.71564
12.1402
14.6752
14.5477
13.8295
12.7397
9.7038
7.4712
14.9138
10.647
9.77778
14.1917
12.027
13.122
14.4294
13.4997
10.7797
10.7623
14.663
11.0157
10.464
8.8728
10.1946
9.46735
9.16139
12.3286
11.1563
10.044
10.5799
13.1078
13.3893
9.85663
14.6488
13.3606
7.42753
10.8786
12.782
12.7568
8.46921
10.6635
13.4999
6.6004
8.479
10.1477
9.53032
11.1648
13.0313
11.0723
14.9899
11.6401
13.9468
11.8973
12.3163
12.3731
5.73241
14.9684
13.8177
13.9875
11.0265
13.9611
12.6306
14.5539
11.6736
12.8747
11.6373
14.9177
13.2725
8.08834
12.4522
9.79648
14.7118
13.6016
14.0354
13.9008
14.4445
10.7626
6.84664
14.7006
9.69892
13.8076
14.9382
13.3539
5.70191
14.1338
14.4235
13.5834
12.9617
7.96345
9.13998
14.8248
14.568
10.4515
13.7413
6.55989
13.3273
11.7937
13.6151
9.60554
13.9505
11.8947
9.38197
8.42285
7.29976
9.20377
13.0508
12.9092
14.6721
9.86323
12.2862
4.07639
11.5593
9.86277
10.6916
5.89676
11.1061
14.7381
11.1226
12.0327
11.4766
10.6435
14.2011
11.1018
14.9578
11.6013
13.5694
12.1826
13.5318
6.35565
14.0133
9.02791
11.0442
14.3278
10.6593
12.2081
13.7431
13.0102
13.0311
10.6806
10.8121
14.5403
14.3516
10.66
8.07827
11.3652
7.12581
9.78919
8.15337
6.74777
12.5722
9.19455
11.869
13.6148
13.4012
11.099
14.1804
5.85478
9.53098
14.6604
7.51117
7.81457
7.98676
14.388
11.205
13.1395
11.9146
4.89667
14.1264
11.0984
13.1643
13.8765
10.7818
11.5205
11.8309
12.8194
11.2644
5.68783
12.3114
9.64807
9.55051
12.1117
13.7189
8.2443
12.4998
13.9968
12.5221
9.11482
13.3221
12.6894
9.74413
9.58167
11.8438
13.5895
13.7937
13.2626
6.24288
12.4357
12.3766
10.0222
12.2436
9.9958
11.1817
9.95742
10.7033
5.91128
14.1069
8.6957
9.12179
14.1439
7.73635
8.75129
8.91598
14.1799
12.4643
14.9658
9.39548
6.13214
7.03378
14.5809
11.6686
14.9272
7.78217
11.4466
8.527
11.7969
11.6936
11.8345
8.84753
11.5776
13.3772
7.72688
14.2365
12.1241
12.5767
9.49483
13.0817
10.8647
13.8361
13.2294
11.2839
7.74698
6.36403
11.3063
14.5219
7.20387
12.8198
11.5787
6.46789
14.4124
11.332
14.9841
13.9093
14.8482
13.7631
11.4053
11.9744
10.4966
13.6544
11.1637
10.0191
5.87972
14.483
14.3198
13.7211
9.48535
12.7486
10.8151
9.991
12.8387
11.8544
11.0911
10.678
14.066
14.6856
12.5453
10.9691
14.7549
14.8754
14.9432
13.6382
6.00434
9.86327
10.9343
8.81943
11.7432
7.70279
12.8556
12.5753
13.1672
14.6711
8.76206
12.7436
14.7105
7.4833
8.48324
13.9582
11.8666
14.1503
14.1873
10.2845
14.4401
12.8432
8.97702
14.1766
13.9705
7.86527
10.1283
13.9209
11.0595
13.9636
14.6162
11.178
10.8757
14.5003
6.59908
8.53221
8.03642
9.39071
12.8615
7.88289
13.0848
13.7785
11.3387
8.6192
13.4468
14.2741
9.77505
10.334
11.0289
14.5216
14.7816
14.3806
13.3136
7.16611
12.4348
14.3972
7.06895
13.6247
11.0455
14.2965
14.5475
6.39039
7.2688
14.7936
14.6395
14.7405
12.2393
12.9957
14.4335
8.93874
8.85888
13.2602
11.9733
13.6816
6.46351
11.4091
10.6022
7.50724
13.3252
12.7268
9.20414
12.569
11.5293
7.90614
14.3731
14.4718
6.67326
11.8335
12.2549
14.6929
12.3291
12.0041
12.3891
12.2968
14.2377
13.4252
13.4686
12.7858
8.26595
9.76697
11.3947
8.9795
13.2145
14.3278
10.351
6.21284
12.3179
7.14772
9.97823
11.1088
9.53996
14.7708
12.2208
13.2446
10.3203
9.17867
12.398
13.9674
7.48931
7.88842
10.3388
10.0488
9.14896
11.9618
11.5033
11.6292
11.3384
11.6775
5.89752
13.8171
14.0695
11.9333
7.02241
9.11444
9.90895
7.07565
8.3138
11.9608
9.66041
10.9975
13.508
14.1129
9.83132
13.5237
10.6045
12.4185
6.38019
13.6859
8.19191
13.7828
13.4957
12.6746
12.3725
6.29206
13.1589
14.9332
7.3987
12.3344
8.01713
14.191
12.3802
8.50724
13.7911
11.3436
13.6526
14.1597
13.4231
12.5986
14.9162
12.5742
11.9771
11.5552
6.68889
14.341
13.869
13.4518
7.50138
13.9407
12.9958
14.0281
13.6589
10.4715
12.84
14.6836
8.6223
14.6344
14.2674
13.8358
10.3192
9.8056
10.396
9.99274
8.23456
14.7111
14.7025
14.0074
11.2609
14.5856
8.3508
13.8139
9.22138
11.8258
7.18482
13.2681
10.6511
9.48205
14.1921
7.07881
13.8147
13.2655
9.64596
10.9148
12.3288
14.3851
11.6227
12.0466
14.4491
9.73921
10.5737
10.0475
14.1887
9.18807
11.9546
13.0191
10.0706
14.8218
11.2526
12.855
14.5665
9.09669
7.93111
14.8883
10.4928
11.4917
9.86944
8.21458
12.7935
8.49516
5.8867
11.1523
6.27269
10.1715
10.6732
10.7603
10.53
11.1991
14.7197
11.6655
8.93678
9.90321
11.8995
5.12731
11.3065
8.96825
8.72398
9.26147
14.718
10.7403
10.3724
11.4018
14.8118
6.53252
10.3407
14.889
5.69155
5.83602
9.72161
14.9856
5.94149
14.5718
13.6946
14.4848
8.66726
10.939
11.0082
14.5606
12.3722
12.6607
14.0575
8.41858
14.944
8.47106
10.9928
8.22568
11.5952
8.3681
9.32104
9.74992
7.33295
13.5241
13.6151
10.3831
7.48995
7.84569
6.93859
10.4137
13.9015
14.919
5.95464
11.5181
10.6873
13.1329
12.3952
14.9786
13.4191
11.9508
14.8381
14.273
13.6314
14.3256
10.8077
13.9488
10.934
11.2746
10.2997
14.0813
12.5466
13.5519
12.4175
11.2452
14.8809
10.2261
14.5689
14.6079
11.1461
12.4898
14.8222
11.2587
12.4293
11.4288
13.8754
6.73823
13.8205
12.9591
5.88619
14.0965
12.7119
8.7814
12.4569
10.3175
9.02138
8.97798
9.25537
6.68958
13.6188
9.32229
13.9817
5.81609
13.8439
13.578
12.8323
12.2713
11.1687
13.8741
13.6974
13.608
13.098
14.7457
14.0173
9.91657
10.5
14.3714
10.925
14.0402
10.7052
14.4105
11.4468
13.7955
13.9668
10.876
12.2729
10.0636
8.79512
12.5083
12.0617
14.8512
12.8097
14.9338
6.28566
12.4571
14.9283
13.973
11.3729
11.3853
14.7739
9.17009
4.19852
14.45
11.4741
12.1698
11.7021
12.8257
14.0867
14.6585
12.6187
13.4876
12.0616
6.99384
13.1801
8.09383
10.4539
13.7131
12.6185
7.4104
14.4361
12.7257
13.9381
11.5454
11.0263
8.93497
6.65335
14.529
11.8005
11.9214
14.2805
12.4658
4.1419
12.9311
12.8307
11.5833
11.2974
12.0377
13.6629
14.6101
14.627
12.9382
12.2539
13.035
7.98488
14.8078
8.07271
14.7478
10.6018
12.165
14.7441
12.7039
11.8895
13.8458
10.0679
14.2222
11.6496
13.5863
7.25974
8.92754
8.03614
13.5075
11.3517
13.7502
14.2937
11.1281
12.9255
12.3043
10.1465
8.5594
7.59943
13.5591
11.7515
10.8729
11.7237
10.1871
14.3647
13.7351
6.77247
8.18056
14.2945
12.9109
12.8586
7.53711
11.7458
11.4993
14.7797
14.1562
12.1802
9.78588
9.93396
12.4767
11.93
12.1265
13.0282
12.9104
7.84375
12.2523
14.5643
8.63821
14.4451
9.09511
9.36638
8.03024
14.2259
4.52725
4.7801
12.1226
11.3174
14.8292
11.7441
7.68279
12.0936
9.87833
13.657
6.43634
6.02325
5.45779
13.8452
14.7976
11.9947
8.13873
13.3389
10.1057
12.1623
9.09367
10.302
11.6754
12.5607
7.74601
9.63738
11.8549
9.13065
14.9057
6.11345
8.61402
12.6117
10.7216
12.4897
10.4047
12.9514
10.1825
13.0173
5.6919
10.1048
10.4295
12.038
11.0731
11.7278
14.498
8.09125
13.7264
14.3986
10.7782
9.92919
8.4157
11.3797
13.2184
10.3432
13.7793
11.0537
6.7473
13.81
10.1076
12.6892
14.0422
5.24027
13.2188
8.95853
7.95668
9.83397
13.4664
14.4155
14.3695
12.0723
13.1162
9.99401
11.5934
14.6249
6.83411
12.797
12.622
13.9083
10.9477
12.6839
10.1874
14.8232
10.9949
13.2452
13.0997
7.74815
11.8329
9.9549
14.4252
4.89072
6.30266
5.06123
10.0301
11.4495
13.8947
13.7668
5.46555
14.3838
10.2679
11.9777
12.8222
12.7374
7.90196
6.23165
4.41739
12.5665
12.5732
11.984
12.6765
14.7434
13.1291
14.1847
6.27584
12.278
7.29219
12.8466
8.23402
11.7099
10.3882
9.011
14.6153
14.5564
9.07805
7.11738
9.00037
13.3789
10.7926
13.9174
11.9021
14.4576
10.6757
9.67711
13.2269
8.70149
12.0843
10.5662
14.9357
11.7019
12.021
14.1318
11.9176
8.76898
12.9485
12.9779
13.797
9.2127
11.5516
13.428
9.55345
10.597
8.31355
14.8936
12.5029
10.5458
14.6684
11.3408
13.469
12.0723
13.0315
9.61902
7.50751
14.3738
14.0703
11.3574
14.5892
11.8595
13.1261
8.45383
13.6249
12.7676
8.09065
10.9226
4.48088
10.0316
13.8168
11.2267
13.645
6.77634
10.3528
10.8744
4.09741
7.05535
14.1475
10.3582
12.4675
12.9175
7.15794
7.91775
14.2537
7.76597
14.2935
13.2413
12.7102
13.4183
9.05606
14.6052
13.7115
12.488
14.6264
10.8726
14.0447
14.118
13.6471
14.5648
14.141
10.3035
13.4019
8.55041
9.05815
13.9856
11.0552
11.6695
7.72465
7.74598
12.3722
10.9743
11.0772
13.0765
5.8924
8.31343
8.68582
7.01125
9.80829
11.5207
11.3264
12.06
9.4482
13.456
12.8244
11.2321
11.868
9.92554
4.9524
14.1499
4.26218
9.81757
13.1664
10.9006
6.70885
9.14714
13.5399
12.6326
6.45228
10.4305
13.723
7.77878
12.0115
14.5581
10.6728
12.2712
11.6804
11.5965
11.9993
9.68134
6.23392
12.7902
12.6538
11.0535
10.46
10.911
12.5967
13.945
11.6665
10.3887
12.4884
13.1991
9.15714
7.76581
12.3129
8.74396
14.8523
10.5759
12.6661
11.5833
10.8436
10.5526
10.477
9.98769
11.7836
10.4712
13.2873
6.11813
12.4482
12.2372
11.0099
14.7955
13.0674
8.93754
10.3587
6.52875
12.4471
8.60249
12.5102
12.6329
13.806
9.67387
8.57495
7.77775
11.2505
6.94627
14.2536
14.0817
13.1993
13.1521
6.99729
6.1613
11.065
6.70277
9.28915
11.1184
9.93573
12.9383
10.2581
9.37617
14.8072
14.8359
12.6205
8.4968
10.1527
10.9915
11.9907
8.64899
11.8294
9.90308
8.29617
8.60837
9.33023
6.76752
7.96064
12.7734
9.13397
13.2097
13.8231
13.2884
4.37002
11.1873
8.35398
6.41575
13.6676
6.56691
12.7494
11.8078
11.4836
8.29869
12.7541
12.5893
14.9345
9.72161
12.4737
13.5741
12.4031
14.4526
13.8492
8.99092
12.6202
11.6964
12.1602
14.4876
14.4239
6.94638
10.2982
12.9307
11.441
11.2531
13.9955
11.8146
12.0377
12.8681
12.5274
13.4646
14.8202
9.6333
12.8101
14.7919
14.7553
14.433
12.6661
14.3263
13.6971
13.1003
11.48
14.303
14.9195
14.3321
9.75264
10.2245
14.848
14.249
13.0893
11.9798
11.9468
11.3572
14.0993
14.715
5.98824
11.7259
13.6989
7.50244
9.50751
12.3618
12.643
12.8852
14.7091
14.5083
13.2676
11.9408
9.85788
6.88583
11.2427
10.9781
9.91087
14.5815
12.3044
12.4201
8.55798
6.24901
8.83394
7.87446
12.4159
10.5565
12.85
10.8819
4.43793
12.9095
14.5914
9.93836
10.7288
9.77793
11.769
14.4143
13.5747
9.92542
14.5515
13.7868
13.0852
10.4661
12.3402
9.35176
12.3893
14.4088
9.86538
11.7265
8.61117
10.3232
13.8968
11.4849
11.9037
8.34261
10.4457
9.22288
11.9272
11.5953
8.28521
12.6371
8.19405
11.466
11.3826
9.55637
9.82628
14.5221
12.129
10.8915
9.59034
12.575
13.3865
13.1701
11.4359
11.6818
10.4692
10.6893
11.7046
13.8395
14.0971
14.1361
6.96276
8.56112
13.0668
6.94844
6.24996
12.4308
9.83053
12.9343
12.1953
10.2891
11.2582
13.0585
12.2969
5.2504
8.41175
10.9287
11.264
14.55
11.6636
8.32271
11.8606
12.0254
4.55577
12.8879
9.95299
14.9555
9.40326
9.97871
7.38148
9.47049
8.93929
11.4436
10.2361
13.3988
13.8898
13.6962
12.6274
12.9051
9.04934
10.6483
14.2475
4.74611
14.9522
11.8853
6.66473
10.6109
12.0018
12.4947
9.15341
14.7335
12.0447
13.581
5.93364
14.5855
14.2671
14.641
11.0404
9.30162
13.1962
8.37143
10.4291
10.2782
12.5196
14.3765
7.16988
8.2323
8.45232
12.227
13.1336
10.2136
5.98928
14.761
14.998
13.7062
10.0356
11.9065
14.0446
13.8729
13.3009
13.6082
8.64725
13.5551
4.58713
9.49409
14.0282
14.5554
10.9951
4.7967
13.503
10.8645
10.6996
11.9787
12.518
9.83083
8.77594
9.43389
6.52364
14.2739
14.9222
11.9212
13.3914
12.1419
12.1954
11.2631
9.55384
8.51993
14.8742
12.9397
14.2722
10.3282
14.2563
14.1041
10.45
11.1903
13.3777
13.0595
12.8284
7.41553
12.6523
14.2665
14.9436
14.8905
11.9261
10.1456
9.44848
8.08722
10.6682
14.1773
11.1211
13.0673
14.6758
14.6075
7.20802
14.7981
13.6052
13.5502
14.7686
13.0241
9.88374
14.2037
12.1516
14.1089
11.608
11.6233
9.5417
11.859
8.5385
4.74133
5.82478
10.4753
14.6554
11.1401
14.5593
12.3513
12.7499
11.6408
11.8184
10.8678
12.9693
9.49642
14.133
7.6287
11.9831
13.4742
9.49418
14.0032
8.7587
9.654
11.7267
13.6157
14.7978
10.3118
13.1468
13.4167
12.5325
12.4606
10.4344
8.44847
13.7064
13.866
9.52368
14.6268
9.99602
14.6086
4.57239
12.7526
13.1853
14.7471
13.6169
12.5872
4.85983
9.17794
9.80413
13.2205
14.8067
7.72866
11.3482
6.97802
4.34305
10.771
11.5801
12.9705
5.16765
13.0375
12.8104
10.4634
9.0503
9.7578
13.4726
6.94917
13.6362
11.8012
12.9821
14.7859
14.6286
11.326
11.6218
14.4823
12.6425
13.2688
10.3203
6.99454
11.1575
8.84662
8.94783
6.61251
9.39043
11.1282
13.213
5.4462
12.4943
10.7073
14.9269
9.88938
9.34569
12.5867
6.27872
9.61984
13.2025
6.14226
14.9087
14.1372
12.8993
12.989
12.2607
13.162
7.90654
14.7512
10.5045
12.4945
9.25678
12.4877
14.377
14.2593
5.27628
13.2936
14.2914
14.5567
10.3551
14.1213
11.5575
13.4383
13.5001
7.7984
13.74
9.19111
12.284
14.1584
11.3279
10.7954
13.3169
12.6979
9.60234
11.031
14.7957
11.6047
12.2124
13.7677
7.70898
14.5628
11.5609
8.68483
5.91829
13.404
8.47465
13.0853
14.9356
6.67978
11.5107
9.38678
13.4881
12.8873
12.909
12.9498
14.4702
9.56263
10.4997
14.2324
13.5156
11.0549
10.2432
12.6587
11.5154
12.0462
14.6096
10.2431
5.87876
12.6931
11.4945
14.2929
11.2349
10.3756
13.7698
14.2555
14.3893
14.626
12.8361
9.13396
12.8123
14.9885
13.9294
9.92675
12.4894
14.0505
9.0963
14.0564
10.5153
14.1713
13.868
14.0607
14.1047
13.1784
10.5268
13.5424
9.29619
11.4205
8.9616
13.6125
13.2545
12.964
8.31985
9.61819
9.51174
10.339
9.85911
13.0407
8.96199
12.8333
14.1704
8.29127
8.96756
10.085
14.4923
11.6927
13.4498
11.892
14.49
13.1565
12.0508
10.5454
12.499
6.25829
12.6347
9.01318
11.8076
11.2139
11.3823
11.0147
13.6231
5.41701
12.2806
11.5052
12.3998
13.0392
14.0005
13.8278
12.7128
12.4428
9.06171
5.75597
11.127
8.36654
10.7371
8.75771
7.74171
14.7346
12.0381
14.1446
10.4722
10.1063
14.7655
9.03498
7.77044
7.69714
10.4957
5.47862
8.6766
14.7445
14.864
11.6147
9.55101
13.7997
7.41271
9.79574
11.8144
7.85516
11.7262
11.4349
12.0539
13.9496
12.0067
9.58094
12.3083
11.8824
13.1087
14.1855
12.0669
6.04724
14.328
5.8227
6.12138
12.2423
7.56286
11.8607
13.4952
6.00995
13.7039
13.2021
12.6841
14.2399
9.44306
12.219
14.2437
6.06544
9.10103
6.14103
6.17443
13.2018
14.1478
14.6434
11.8602
13.793
14.9241
10.6466
10.3726
14.3709
12.2865
14.7249
12.0871
12.3274
10.292
10.5822
13.2657
12.8312
9.74481
9.85222
11.6188
14.1433
9.92752
7.21654
12.6052
8.86643
5.76714
9.19301
9.65955
11.702
14.3723
12.836
10.171
10.2108
14.2807
8.26686
8.95737
9.02847
10.4638
11.9898
12.6639
11.9356
13.7507
9.05481
12.1432
10.8627
8.71986
12.5901
7.83924
14.1334
14.7272
11.8941
14.526
12.4675
14.158
14.3835
10.4947
6.12701
9.60042
12.5252
10.4553
8.4621
8.59914
14.1123
13.9691
14.2632
14.0147
14.5283
11.4372
13.8059
5.70041
11.8779
8.75491
7.47197
7.774
12.1885
13.672
14.9707
12.2522
4.67886
10.4896
10.8416
14.695
11.6632
10.0554
12.8302
11.1771
8.94405
12.4965
13.6061
14.0762
10.8029
9.46542
13.4519
6.52865
10.8643
13.4244
4.44158
14.5452
14.7807
13.8428
10.5942
8.87656
10.9902
10.1454
9.09777
14.3935
13.2136
10.073
11.3944
14.6729
12.2651
14.3152
13.722
12.2112
12.7675
12.7109
9.33502
9.37642
8.25381
11.9566
13.0283
14.822
14.7712
10.6644
13.8187
12.0499
11.3772
7.37867
7.661
10.7932
9.49113
11.9418
6.08005
12.3733
13.5555
11.6482
13.3748
13.7333
11.8499
11.8997
11.2116
9.60611
14.81
11.2478
13.8826
12.2162
6.58554
14.5022
14.9926
9.75462
14.4016
10.2371
8.04639
9.05289
12.9464
14.2105
12.0192
8.47371
11.6103
12.4647
14.8977
10.6978
10.0735
13.8981
5.50586
14.7656
13.6952
14.0576
10.8031
9.44325
10.2944
9.61608
14.303
11.4492
13.9297
12.1876
11.4833
10.1835
11.4263
14.9139
11.5487
12.2303
10.9987
11.3822
7.40313
12.1453
13.9885
14.2223
12.6737
10.207
13.2524
13.8358
14.6529
11.3373
10.5846
14.7606
14.7071
5.24542
13.8055
7.41797
10.9056
13.8803
9.20763
13.1627
8.58837
3.99909
6.26435
10.7985
12.21
13.2582
10.5794
10.6278
10.5533
12.2255
5.77211
8.95884
10.7005
6.09435
13.7151
14.131
8.17695
10.2196
9.9735
10.0777
14.8304
11.3616
12.9392
6.04756
12.7811
12.6981
8.62023
10.7828
13.0506
12.6574
11.1945
11.9841
12.8295
12.3951
12.437
12.0599
8.1288
10.1482
12.7529
10.6967
10.8252
9.13668
12.2506
14.529
9.21869
10.977
14.1786
7.7404
11.5832
7.30583
14.2528
12.7272
13.4813
11.7188
11.0757
10.1787
13.6803
14.7298
14.6637
12.4051
9.74286
11.8156
12.5932
5.56656
10.0553
14.1852
10.6105
14.0942
9.76197
9.64762
13.7471
10.4164
9.27186
10.4027
10.0166
14.7525
9.29412
6.25887
10.1513
12.635
12.8183
9.58169
7.76604
13.0751
9.37079
13.3059
14.4517
11.7699
14.9046
5.50335
14.0009
13.3179
13.7952
13.4207
5.10986
10.6833
8.88938
4.51312
9.04113
13.3289
12.2628
13.1531
9.46745
8.73492
7.79248
13.4613
11.8048
9.37214
9.47158
12.2043
4.88126
12.8494
11.395
13.7176
8.56886
11.0172
13.3499
10.055
9.57876
9.34455
12.4409
12.6479
11.9424
13.7395
11.5602
12.0276
7.29635
6.00184
7.12876
14.7222
13.8271
13.8118
13.0922
14.0188
13.9522
10.0355
13.2233
11.0497
11.275
14.4067
9.2228
14.8215
7.26143
11.0897
8.26013
11.5732
12.3514
12.1722
4.35628
5.10007
5.01831
5.07089
5.1912
6.86463
11.5951
7.43815
7.31197
12.5175
13.4518
11.2902
14.4375
11.1
12.7305
13.1426
12.3255
7.87008
7.89894
9.01447
11.1713
13.3076
14.2089
14.6839
14.4567
11.3922
13.8969
11.709
10.7344
13.5185
13.4539
10.9255
13.3174
8.07707
9.93175
6.91717
13.3653
14.3629
9.22144
13.5185
8.89343
10.374
8.47316
14.0383
13.7695
12.1616
14.1251
8.81206
8.53495
8.99663
11.0208
12.0295
14.7406
13.6318
10.7157
7.28076
13.6866
8.12709
14.0269
13.5941
12.2127
9.84732
10.0114
11.35
12.257
12.2309
11.0221
8.89254
6.04073
8.73676
14.1675
12.5798
14.4671
14.1343
10.7201
14.1182
9.3763
13.866
11.1283
14.3503
11.2712
11.8123
12.5952
14.8861
14.8339
13.266
8.65473
14.7379
13.6444
13.6548
10.1569
13.5423
13.6264
12.0509
10.8377
12.2084
13.3011
9.11497
12.4592
11.5535
14.8303
9.75791
13.214
14.9528
7.75076
10.824
12.0844
10.6752
5.7643
11.1441
9.90907
9.19603
13.3616
13.5774
11.8792
8.47503
14.3616
13.7418
11.6827
14.6475
13.2968
9.41916
14.145
13.3462
10.3068
13.2309
11.8704
9.97814
12.539
12.7788
10.377
14.4351
14.3638
10.3668
8.68868
9.05947
8.95877
9.61605
11.956
9.50442
12.5091
10.5945
9.25213
8.59963
10.7014
11.0839
14.1591
6.71489
9.81001
10.0105
10.6248
11.8606
8.37846
13.3888
12.8986
10.9395
8.5723
10.4129
11.8946
11.7109
9.10283
11.7447
9.34254
14.167
14.019
12.2549
10.7115
12.6121
6.04439
7.71653
9.92843
14.2821
9.39258
13.2701
13.7698
12.2176
9.4743
14.1646
9.97793
12.6474
13.0717
10.7123
14.6462
9.6644
14.9212
11.2516
6.9776
10.5051
11.476
13.848
13.6235
5.35447
13.5883
12.8342
10.6852
9.62298
13.1062
12.457
13.4656
9.81594
13.4709
11.8071
13.1078
14.2652
12.0705
12.0309
13.9395
9.02835
11.1862
13.0985
12.7384
10.26
11.8199
9.47968
14.8007
14.1094
13.0835
6.21532
12.2895
13.9041
12.9656
5.43279
8.91634
14.2438
9.82561
13.2128
12.7773
9.93627
12.587
8.41028
9.83917
12.2872
11.4569
14.2508
12.6169
8.05766
11.1574
12.4583
6.2713
11.9926
8.77962
11.0919
12.9098
12.3236
10.5667
11.1253
12.0337
9.77458
10.6039
6.77442
8.02758
14.2474
10.7861
13.0283
14.3259
12.7926
7.76683
9.53266
14.5445
7.15445
12.8885
12.8296
8.58748
14.7854
14.8265
11.7242
14.8532
13.8417
10.3479
10.846
8.89822
6.26009
13.799
7.54215
12.5214
13.2032
13.8508
13.764
14.5407
7.71516
12.1489
14.3857
10.9357
12.6756
12.3142
10.3237
12.5235
8.64425
13.8941
9.04821
10.6193
10.612
11.5205
9.76953
9.6115
9.54773
13.9579
7.06087
13.8123
13.6731
13.0977
8.91797
14.9064
13.9748
13.9495
10.2527
6.63498
8.665
12.5985
11.4178
7.59188
14.1853
11.0155
10.5773
11.146
13.92
10.7485
11.7682
11.2714
10.7212
13.6201
5.3001
11.379
12.6129
7.80318
12.4979
10.4518
13.2312
9.18095
13.7583
12.2221
7.77657
10.1427
11.1006
7.26939
14.2026
11.6633
10.2594
12.3496
6.59772
9.11764
8.35279
12.0583
12.7385
10.4527
13.4832
5.84641
5.70084
9.33049
9.23356
6.18294
8.38998
12.151
13.9525
12.7432
13.1493
13.3214
14.6119
13.328
14.014
5.07913
11.8901
11.0738
7.88354
9.34202
8.61702
14.8909
11.5059
13.6523
9.4537
8.82624
11.5567
9.63961
7.40315
6.06747
8.47435
9.28234
8.38528
13.7491
14.5944
12.3293
5.53241
8.35374
8.68587
12.6203
9.31944
10.6198
10.2046
11.5144
14.3721
13.8755
12.076
7.27957
14.9734
9.99535
12.2811
13.3363
8.07187
14.476
13.6022
13.7943
9.7915
6.19855
10.8717
10.1491
8.24489
11.2473
9.47247
13.9118
11.0085
9.26403
11.3184
8.08286
14.1854
14.7302
9.77328
12.9684
11.2574
13.9144
7.274
8.60549
14.7865
10.104
12.1483
14.9682
9.79599
10.0789
6.62372
13.788
11.1485
13.8737
7.34932
13.8284
13.6826
10.9953
14.6189
14.9195
13.028
11.8389
11.0556
14.5373
13.2721
13.112
14.1206
14.4016
13.3438
10.1471
13.3025
14.3238
10.776
14.817
6.20327
14.5274
11.3131
10.0186
11.8215
12.4981
14.7183
14.452
13.3765
11.638
14.0177
9.66791
10.974
12.4908
10.6248
12.8452
12.2742
14.8921
14.4358
12.6957
12.559
14.4322
13.2481
11.1555
14.3708
11.1271
12.8443
6.25617
11.3382
8.99931
10.7563
12.1438
14.3626
13.8681
6.64959
10.5664
12.2808
12.7679
11.7637
13.3572
14.4459
12.5872
11.8288
13.5293
14.9127
10.8505
14.3301
11.1686
11.0424
8.54116
14.2603
13.1028
10.5321
9.4696
9.43598
14.7711
9.2819
12.4643
8.41156
4.92472
14.5224
8.66289
7.6098
14.2359
11.1745
14.7077
11.5181
10.6285
5.84493
14.8844
9.96702
13.4301
12.0411
11.9778
14.9185
10.0961
11.5095
9.83751
8.2223
12.2458
10.6555
11.1688
10.5348
8.66543
13.2739
10.6911
11.885
13.386
12.3655
10.6969
5.44342
8.66093
12.7178
9.51292
9.84501
13.1174
5.88116
9.85024
13.413
13.2106
9.48404
7.90039
12.5264
12.2234
7.76415
9.79922
14.3144
14.3053
5.6851
12.9115
7.47688
13.2356
12.7975
12.4871
9.37712
11.5323
14.2142
14.7311
11.6477
14.3617
11.1113
10.7436
11.9555
14.9806
8.20536
14.145
14.2464
9.65447
14.3307
13.9193
9.71555
11.6395
8.2708
11.0707
14.6424
14.7985
10.0788
10.0505
13.8122
14.2231
9.75179
9.32691
10.355
8.4189
12.5697
7.45986
10.5311
12.7985
14.5442
11.2269
11.2973
11.4418
11.1586
13.7347
11.9284
12.8774
9.84766
6.28916
7.22182
12.4629
13.0252
11.1636
10.0137
11.8487
11.0444
13.3841
14.6606
14.176
10.7542
9.60629
13.4887
6.5305
6.4555
13.1484
6.13774
10.3721
13.4921
13.4837
11.855
11.2525
12.2762
12.3575
9.97373
11.3427
9.58623
6.67499
13.3702
8.81643
12.3895
12.4431
14.802
4.13047
13.9072
8.30094
14.6067
9.28976
6.21856
10.0856
13.8641
11.3726
14.5814
6.3437
10.6239
14.3493
10.0451
7.15463
13.9363
8.34745
6.29934
10.2007
12.4715
7.84172
6.05701
14.2889
12.9891
8.7738
11.2035
5.84233
12.2439
14.5586
8.23976
13.3928
14.4933
14.4781
10.1657
13.1965
11.2934
8.66676
13.1786
9.75707
12.1262
6.24353
12.5773
11.4807
7.14025
9.87083
14.3294
13.6231
8.50073
9.76805
5.92364
9.87877
9.65826
9.8292
9.69962
12.948
12.7707
9.95853
14.6056
11.1379
13.1796
13.725
10.2769
11.1571
14.1337
6.06543
10.1981
11.5459
8.91332
13.0667
10.3257
12.7839
13.8666
11.4238
12.194
13.6255
9.96908
12.3194
9.38909
10.1595
14.6059
8.58076
14.0452
9.57942
12.8106
12.3089
9.18708
14.3844
14.1677
14.5396
11.7358
14.9553
10.6493
12.4207
12.1153
14.9365
10.9498
11.7977
14.7887
12.4244
13.5576
10.6554
7.87347
14.8485
12.1904
11.4027
13.8013
8.07316
12.059
13.1743
12.8628
12.7761
12.6355
11.7729
14.6596
12.0716
12.1432
14.4798
8.66792
8.53051
11.4634
12.9528
13.9277
12.9132
12.388
13.6477
14.2338
13.2327
10.9562
13.2366
13.2294
11.3504
10.1217
10.574
9.35178
12.3124
14.1802
7.6483
11.4643
10.0015
13.6944
14.7677
6.71922
10.5068
10.5593
9.02299
12.0952
11.9054
9.51667
9.75564
13.9178
12.0167
14.2735
6.41034
11.94
9.57978
12.4886
13.6191
6.28838
11.5513
12.5161
10.3229
10.6922
11.8935
11.3429
10.032
12.4163
12.4996
12.9486
14.9896
12.2026
8.39531
12.1249
13.3495
10.1183
11.5196
12.7484
12.4207
10.4895
14.1866
14.2819
14.736
12.1778
8.95283
12.5644
11.5086
14.3089
6.85902
10.6861
9.64987
8.84558
13.4851
13.7717
10.7083
12.4415
12.9071
11.5384
11.8362
12.2339
13.4483
12.2046
13.6732
11.4165
5.96446
13.1904
11.17
9.6642
11.9029
13.5552
5.40494
9.91921
12.3596
14.8309
11.8572
10.513
13.6831
13.9227
13.3039
9.99743
12.8683
12.0565
14.9217
10.3737
14.5771
12.8966
12.0278
13.7613
12.1209
9.02156
10.6847
12.1968
12.9511
10.4227
4.47081
14.0361
11.4824
13.3895
12.219
13.3969
13.9248
8.90815
7.99024
9.65325
10.3147
11.3454
10.061
8.14687
13.6255
9.25102
9.95456
12.8611
9.54814
9.45266
7.61287
13.4062
5.14822
7.92752
11.2978
14.6476
6.96658
13.7139
13.0831
11.7397
10.9963
6.63524
10.0023
8.32937
13.6152
13.3793
10.3484
9.90018
14.2639
9.32692
12.9866
11.967
11.4307
11.9681
12.0112
9.8319
6.23886
13.0846
10.8377
13.1655
10.7536
14.9498
14.0597
8.59858
12.7855
14.6554
12.9305
12.5422
9.48382
13.1377
14.0652
10.6436
8.01733
12.5618
7.91451
6.74728
11.9988
14.3697
10.6271
9.98872
10.5129
10.0968
10.5235
7.52809
8.5623
14.9001
10.9093
11.1842
14.1686
7.55139
10.1042
12.1774
6.60271
10.231
12.8165
11.8758
13.6695
11.282
9.29867
11.8715
12.3294
13.3672
6.21351
11.628
12.5669
13.544
12.8412
13.8803
10.1047
13.5341
13.0239
12.7161
9.90755
5.49842
14.2286
11.6444
11.9278
10.6562
13.3943
9.75407
6.23755
12.1443
10.9547
12.5237
7.16416
5.62256
10.1142
13.8278
9.50012
12.701
9.88868
9.81991
8.76331
10.8034
13.6767
7.1861
9.35548
5.63165
8.63012
14.6285
14.9692
12.0911
14.0159
13.6341
10.3814
14.525
6.43964
9.99488
14.5037
7.873
12.0499
7.37439
10.0291
11.4605
9.14991
9.36603
10.7138
11.5138
13.2734
14.9961
8.00308
12.2
12.631
14.0432
14.1046
9.93717
13.4217
12.3928
10.465
10.227
14.5787
9.53141
11.8582
14.3066
8.6239
13.895
10.2172
9.26039
13.1894
12.1631
13.7798
10.0847
14.9924
13.4925
10.2614
14.5256
14.534
11.7773
8.32884
14.599
3.85494
11.6921
12.8102
5.0972
10.7898
11.6094
12.5379
14.3885
9.45835
6.05188
10.4965
9.00264
11.5924
6.50627
13.4145
11.4348
14.46
7.26572
8.92698
10.3606
10.4997
13.9695
9.05459
9.39692
6.78655
12.1172
8.03577
14.0632
12.2996
5.95981
11.6056
14.873
10.9131
9.78253
11.3865
9.11333
8.89498
13.0211
14.1467
12.826
13.4056
14.9088
12.9744
11.3135
11.1507
11.7772
13.6359
8.4783
5.78086
9.18153
12.3455
9.47028
10.9734
7.55123
9.58459
14.7681
13.9082
11.5125
9.32678
11.5765
14.2761
11.8687
6.36127
8.73277
10.4936
6.10668
9.02761
9.57403
10.9968
9.89276
8.58702
12.2277
8.8931
12.4555
13.2431
10.8883
8.09326
13.0441
9.53832
13.3394
12.8911
8.49879
14.8955
14.5214
14.5498
10.472
11.5589
10.7833
11.2681
12.0843
8.57941
11.4775
13.5571
8.37408
9.45973
10.0305
5.60979
11.3279
11.2514
11.9292
13.9184
14.1965
9.99295
12.4881
9.10443
13.551
13.0478
13.8106
12.213
10.8608
12.425
10.0475
10.79
14.8303
10.7333
11.2583
11.361
9.66449
12.8133
6.81585
10.4537
14.0475
13.3345
12.8061
13.0396
6.22642
5.87796
9.59612
11.2634
11.7262
13.3776
12.7061
7.716
6.27216
14.2051
9.27581
10.3716
9.08534
14.7259
14.4647
12.854
7.93954
13.412
11.7938
13.4176
6.43846
13.7729
13.1509
9.72862
10.9136
11.847
10.188
13.9657
12.9336
14.4914
14.9862
5.38596
11.1573
11.7054
11.1395
11.4941
4.76359
7.69634
13.5013
13.3965
11.6238
9.93983
13.5866
11.8795
9.68985
9.31921
12.4673
14.3003
11.3145
14.3395
6.35765
12.1524
10.7341
9.51735
13.554
14.1896
8.55819
6.13709
10.504
14.9173
10.4189
7.1442
12.0113
7.80558
14.4078
7.764
10.5712
11.9004
13.8076
14.9964
9.81746
8.65558
12.1528
10.1279
12.1195
11.517
13.6399
12.9962
13.4455
12.6262
13.1073
14.8112
14.0393
6.50777
6.98111
11.1267
10.3329
13.0087
9.66654
12.9084
14.4393
10.9049
10.4346
10.5986
8.67945
13.617
6.81165
9.80878
13.3706
11.3406
13.1505
13.744
13.3853
13.0999
10.1576
5.01435
14.2481
11.445
5.8402
8.28001
9.35035
14.7642
7.62028
11.3527
14.9759
12.8883
10.0398
13.4411
8.49388
10.1306
9.29469
8.76937
13.056
6.80305
6.5841
14.1245
11.4086
8.8559
8.74036
12.4505
5.634
9.3047
11.7474
11.4437
9.27413
11.169
12.9914
14.5731
11.6048
12.9203
13.3022
11.9467
13.8261
8.70891
14.9934
8.04901
11.1227
13.8954
8.64802
10.1442
9.55505
13.9636
12.861
11.1776
10.9983
8.79522
9.52074
5.89079
10.555
13.5667
10.2221
10.4409
14.5516
14.1072
9.53605
9.41367
11.5366
13.6576
7.80169
11.6236
14.1325
6.05209
11.0975
8.17138
11.9856
11.1556
14.8989
13.86
9.07825
11.6191
13.5307
9.86578
7.22235
9.13426
6.23387
13.5634
4.65349
14.1026
8.68657
11.0444
9.46576
12.1822
11.4844
7.69075
12.9067
9.66584
9.44718
11.242
14.1933
14.9535
6.53879
13.664
11.2542
13.8964
9.51449
10.111
12.3507
12.9928
14.9333
14.1386
10.9542
12.0556
11.321
13.5496
12.4906
14.537
14.513
12.9511
11.9188
4.98068
11.7416
12.5603
14.401
5.71435
12.3788
13.1408
12.5154
7.61022
11.1877
13.122
13.1725
14.2036
12.2424
13.6954
14.2886
11.2467
9.00193
13.2227
11.551
6.84688
10.2843
12.7563
12.6445
11.4343
10.0367
14.5642
14.2432
7.69965
10.3965
11.689
7.76016
11.3002
11.0976
12.0986
8.61802
13.756
14.5033
13.6955
11.3512
10.6491
13.4974
9.48302
7.98436
10.7529
14.2239
13.6324
13.5311
14.5916
13.7303
13.2754
7.17624
10.1154
6.43025
13.7627
11.1496
14.1514
14.4399
8.98979
9.23888
9.32451
5.78152
13.1892
12.4338
12.1474
12.6298
13.1094
7.66293
14.8723
12.3255
11.8272
13.9101
8.48736
13.0651
8.8077
9.3339
8.13439
13.0761
14.078
9.05015
14.539
12.9451
13.8484
9.94546
10.9221
14.5719
14.1291
14.577
9.14487
5.38967
10.906
8.31632
7.18936
11.8757
12.3973
13.2746
9.49249
11.9556
10.2941
8.74017
9.9845
14.6522
12.0933
9.6041
5.93926
14.7227
10.1737
13.4518
12.0455
9.46717
8.65929
11.2234
11.9449
6.47004
8.11555
11.7616
10.5023
10.5098
11.2663
10.4538
4.93697
13.523
11.3774
5.02209
9.71096
12.06
13.4156
12.5796
9.59465
6.56149
12.3492
9.23604
12.1271
14.1071
10.9524
13.6412
10.9402
12.92
7.28273
11.4381
6.93844
11.1689
10.967
9.29072
11.4242
12.4613
14.8667
12.3533
10.7645
12.4629
8.93558
13.7249
13.5978
13.3957
5.37628
13.8525
12.4847
12.3908
12.6379
14.5212
7.41585
10.5019
10.9423
9.12887
8.48557
13.3122
11.6002
13.0438
14.7718
14.638
12.9664
11.1838
11.7302
12.1201
9.03773
8.10859
13.0443
13.9229
14.4129
7.58526
10.5652
9.37503
11.2708
14.263
14.0662
11.213
14.6027
13.0659
7.90096
14.9496
8.81962
14.3268
12.1312
9.19265
6.46279
9.5554
9.63785
8.67119
12.1086
10.0701
9.04259
6.47235
8.79625
7.07688
13.4064
13.3487
10.1194
11.0844
9.28209
12.2517
9.55054
11.6764
8.4345
13.3268
4.62869
11.2709
10.4255
11.8313
10.1285
6.65649
13.4748
9.13922
14.2438
13.1962
13.3482
12.1767
13.2268
14.8885
12.8218
7.13256
9.19562
13.0043
13.9578
9.67442
12.8661
11.9773
5.3991
12.3235
