6.82884
5.99556
8.58945
14.9283
14.7451
14.272
8.24565
6.66684
6.08268
13.1792
6.71295
14.8321
14.5969
5.49782
14.9637
13.9963
10.8454
8.13739
9.61848
11.4699
5.9929
14.2394
10.694
10.4012
5.82125
10.7481
9.72107
11.5492
13.839
13.7994
13.8802
14.4211
14.7996
12.5663
13.0801
14.0308
8.63154
12.1609
9.29682
14.8709
7.86426
8.5324
11.2291
11.2514
9.5815
9.38427
11.8114
13.9757
10.1953
13.64
9.04311
14.1674
12.7752
11.9939
13.4711
10.6974
13.7456
12.8629
10.9003
13.813
10.1401
11.9296
13.1982
6.15402
12.2127
9.62383
14.1926
8.61606
4.3319
11.7447
10.8233
6.61111
5.62114
10.2003
3.77499
11.7452
14.7012
12.6333
13.5385
12.518
14.3989
9.97577
11.7046
12.5555
11.1067
13.9477
7.67142
11.1295
13.0646
14.877
9.31319
13.1386
13.7962
13.3723
9.20584
14.3368
13.9182
5.63932
11.333
14.016
12.5687
5.58272
7.95035
14.4101
5.20256
10.0042
8.77683
11.9837
10.528
9.77314
14.512
9.70316
12.2948
14.6064
8.27941
12.5712
5.52454
6.07571
14.9255
11.4623
13.1911
14.7571
5.74842
11.6334
8.96704
7.46503
13.2838
12.7427
14.1096
11.0152
14.6113
12.7667
14.7952
8.53133
10.9731
11.8277
13.0049
14.9582
6.11072
14.0224
6.2301
13.8226
11.6356
10.4606
8.85565
11.8829
13.2889
13.3113
10.9653
10.613
11.7838
10.3289
9.10085
9.63372
8.68738
11.376
13.6505
13.3178
6.08394
14.2296
14.2113
12.8823
11.0731
9.29023
9.38262
13.6519
14.516
9.74093
6.58083
10.8269
11.5324
11.509
14.1377
13.3249
12.1008
10.6303
13.7064
9.22526
14.7009
9.71205
13.3651
6.40042
7.99924
12.1993
10.2465
8.43451
12.7929
11.585
10.3138
13.7296
9.64406
12.3318
13.1011
10.1359
14.2969
13.7131
9.06796
9.35794
9.38945
14.7867
10.6074
14.7876
11.4556
13.4824
7.8599
12.7045
8.4528
9.68084
14.5074
7.96186
11.7296
4.24721
14.9752
13.1535
13.5539
13.6416
6.12149
13.0479
14.6623
8.63327
14.1261
13.4879
13.3016
11.1635
13.9877
6.33294
13.1905
13.8402
7.90508
5.48755
7.15255
6.9192
8.86075
9.6761
14.9696
11.9209
6.25076
9.71771
13.3623
11.8735
9.61628
12.4291
14.9929
14.3511
13.9513
10.1688
14.5685
7.759
12.0061
8.79999
6.53126
12.6384
13.5554
8.04997
9.754
6.84765
10.5273
9.22801
4.15046
11.0184
13.3918
14.4815
12.8157
14.1718
8.33943
7.0007
12.2872
10.7552
10.377
11.5978
14.5912
6.21388
11.9495
14.9951
13.5683
7.95226
10.8628
14.0536
12.5034
7.13871
14.7758
4.74586
13.4919
4.1941
9.70885
9.32745
13.4636
13.123
10.901
10.3343
13.0245
10.8714
14.9417
14.5146
9.91326
8.94776
13.8445
10.1715
14.6766
8.34543
12.0104
9.58491
10.2572
13.3259
11.9644
10.2181
6.93539
10.7082
9.77195
13.7519
7.23889
3.71022
4.90039
14.2233
7.12583
13.9807
13.4769
14.5561
8.10894
8.5303
9.82817
9.46669
12.3853
14.2387
5.81614
7.99019
10.2694
12.7357
12.367
8.95093
9.4342
14.7486
13.343
9.28211
6.20198
10.7565
12.5806
10.9664
11.5733
8.72444
13.514
13.6244
12.5506
14.4821
13.6506
12.5976
10.1129
9.58679
14.5891
14.6293
13.3964
11.3202
10.8204
12.2136
14.4833
11.9234
14.343
14.6379
8.89601
8.78815
10.5339
7.17039
10.8004
10.0898
14.2092
14.5144
13.2619
8.31601
11.2927
8.38957
8.22334
9.66374
12.7619
9.18085
10.818
14.0328
14.83
4.01946
8.17179
14.9937
11.6736
14.3692
10.8923
12.2533
11.0914
8.42971
13.8802
8.48712
9.39091
13.9759
11.4593
13.3491
10.9397
9.30502
11.6618
12.9833
9.55975
9.32199
8.99286
11.6304
14.8065
8.30488
10.4512
10.4504
3.68458
9.20222
8.52041
9.58274
13.8489
13.7446
8.15643
10.2412
11.09
12.2433
6.22925
9.0048
11.5147
13.748
12.8821
11.1216
10.1332
10.1505
8.64405
11.1748
13.2687
11.6274
11.4104
11.6084
14.8205
13.8182
10.8724
8.95575
14.4869
10.4081
12.6153
14.339
8.434
14.6941
8.26318
14.7135
13.0208
14.4935
8.81632
13.9208
8.9057
10.9785
6.06978
14.347
14.8564
14.4606
10.5545
9.61721
9.54869
12.6861
13.1062
14.6359
13.0945
9.62816
14.4261
9.74244
14.1607
9.84522
11.5991
10.6508
14.2278
12.1116
13.9139
8.88232
13.3462
9.89359
13.7765
7.93371
8.79014
12.5972
9.75902
10.7428
10.9499
6.33646
11.0105
9.5742
11.1958
14.1305
13.8065
14.103
14.261
14.5073
5.80253
9.94822
13.1492
4.34822
10.6339
13.8653
8.12034
13.7796
13.0153
6.25643
6.45667
11.6461
11.7617
5.2647
13.6693
10.7719
11.1013
11.5446
11.9288
10.0448
12.4788
13.0784
9.74542
8.52079
10.0947
8.40232
9.07296
8.8594
8.87915
6.37256
12.4754
12.4925
14.2152
11.3238
13.3982
9.88792
11.0969
14.9603
13.9018
5.82356
6.20061
14.181
14.1565
14.0966
14.2842
8.0275
12.9773
11.0534
6.51705
12.1642
13.0617
13.7344
13.8542
12.791
14.5047
14.6497
14.4253
5.32706
10.0015
14.2566
13.5306
13.8473
8.38635
14.4714
12.3956
7.78853
14.3579
9.53433
9.65398
14.8402
11.0017
11.0294
6.1487
10.9583
9.80445
11.1008
14.1911
14.1277
14.1546
14.8749
14.5989
12.6606
12.4973
12.8295
7.57055
9.74697
7.8663
5.90356
14.4912
8.40635
11.1225
8.16705
5.65451
14.582
11.7287
8.96167
8.71084
13.8998
11.2918
12.3124
12.58
11.7937
8.53666
6.62661
8.71796
14.1394
11.4754
12.5075
12.4689
14.9967
9.71122
14.6722
13.9557
5.98166
14.0089
13.39
7.1002
11.5103
14.008
5.22493
8.69643
10.1842
11.7655
12.9211
12.4854
11.7855
13.1619
11.9969
14.7442
14.0178
12.144
10.6372
10.67
12.3858
14.3447
14.8743
13.9216
9.80393
13.2622
11.096
11.6067
13.5791
12.1423
9.64965
13.2408
12.024
14.5672
10.1232
13.0622
10.4615
13.816
12.609
13.4344
5.71338
11.9148
11.4745
11.3227
9.96987
5.26193
13.8905
11.9029
3.56374
4.21227
13.3534
14.3778
9.78092
12.842
10.0872
12.5416
14.3478
9.63411
6.6975
6.8098
12.6578
9.48642
10.9672
12.3746
14.8756
13.2085
13.7109
9.8812
14.368
8.49146
14.6136
12.8145
12.9567
8.96184
9.85516
12.0225
13.8429
10.4178
12.158
9.17589
6.61143
14.9029
10.0914
7.27839
13.8718
8.86762
13.5184
13.43
10.1764
5.16103
14.4493
10.7769
12.5734
12.3816
4.64494
12.9383
11.0623
5.64942
13.2777
8.90812
9.62254
8.46579
5.87419
7.90368
11.5175
14.13
11.8206
8.01002
7.47949
10.5712
10.4931
14.2476
13.0904
14.6584
12.433
12.729
10.5354
7.78322
14.1787
8.05187
13.1129
12.7279
13.6106
14.4233
10.4131
13.5504
13.6935
12.7543
8.63808
12.7814
12.9955
7.50155
12.0892
10.6072
13.4921
11.7852
14.5317
10.5181
6.8171
11.6668
12.4234
13.8869
6.53699
10.8653
13.0489
10.2311
14.3201
12.9755
6.16061
7.77246
9.41247
11.7184
9.93097
10.3273
11.484
14.3935
11.4895
6.12175
14.3114
14.5641
14.9798
8.9106
7.5828
10.2841
8.53777
14.4069
5.83452
8.80038
8.65599
10.7989
11.3285
11.6697
14.8283
10.6017
12.4735
9.77963
14.1723
6.97388
13.8146
13.8227
13.2172
9.18741
9.97951
8.70356
10.6472
6.94422
10.5733
11.2791
11.2422
7.65001
13.7283
8.38231
10.3688
12.1265
6.18814
14.2311
9.77699
8.59437
12.1732
8.4583
8.63309
14.2393
9.80652
14.2154
12.385
6.34836
14.5008
9.85365
10.0217
14.1975
12.3152
10.9429
13.2685
5.53844
12.6396
12.3364
12.1505
13.9217
12.955
3.85057
9.19295
10.2586
11.4224
11.9167
11.573
14.2151
9.36397
9.88525
14.1831
10.0316
9.87892
14.6115
11.7863
8.86675
5.71829
6.35998
8.97738
5.84978
6.41717
13.8542
5.96312
13.2914
9.47327
14.4729
9.82934
13.2588
11.8362
11.3698
13.9236
12.8373
6.29438
12.9125
10.4524
12.5771
11.8174
12.438
10.1605
13.1352
10.8718
13.7767
13.1038
9.97322
12.9405
11.7533
10.3596
11.2367
14.7415
14.9933
11.9123
13.2019
11.0638
12.6559
10.7044
5.31939
14.7589
12.4007
12.7889
9.55612
10.5275
8.68664
11.6295
13.4608
11.0529
14.1088
14.587
13.7229
8.24317
11.5942
11.2522
11.1455
9.35471
6.33191
11.4707
11.1884
14.733
12.7046
11.1118
14.0714
11.8862
13.4136
12.4839
12.5892
14.276
12.7909
13.9115
11.1054
6.06147
10.9307
14.434
14.6446
9.67901
12.3938
10.1562
12.2679
11.0115
14.8303
8.83992
6.18159
14.7312
9.02999
13.3645
7.58462
13.0996
14.607
8.09286
13.0543
14.3225
14.2718
10.0718
11.5053
13.8856
11.0928
8.53523
10.9308
8.77139
11.3691
14.8636
11.606
11.4334
11.3304
14.5313
13.8638
13.4315
12.8778
11.0344
14.3892
5.37248
13.3243
11.9865
8.83641
11.0404
9.3947
14.8966
8.458
14.5232
12.8705
10.9222
14.1838
11.0674
10.4872
8.64869
10.6949
10.7517
6.4131
8.55984
9.60917
7.98064
8.38331
9.74653
8.22756
9.88845
6.55804
12.1753
10.5995
13.2924
14.9177
14.3938
13.9558
8.48703
13.1495
13.5596
12.5769
13.4543
10.408
5.69927
11.8319
10.2259
12.5733
14.1753
6.09512
13.3134
13.5499
14.328
14.0838
13.4546
13.742
12.4347
4.32438
8.57998
12.1548
9.79777
13.7008
12.2792
13.7727
7.85935
10.9587
8.7909
14.848
11.7066
11.8181
8.58295
10.0278
7.13095
13.3317
10.6677
12.9763
9.00072
10.8078
10.4232
9.46737
12.2965
13.8956
5.16498
10.4249
11.1944
9.45203
14.3118
14.396
14.7455
13.5229
6.4213
13.3358
10.2953
14.1816
14.6465
13.2805
12.9742
14.8177
12.4061
10.6955
10.6823
11.0693
12.6192
9.92181
14.095
11.8539
11.3294
10.0459
13.7047
8.01135
12.6011
12.3503
14.8011
11.0505
6.72323
14.0216
9.70414
9.62651
11.4723
9.87783
12.2883
14.7695
12.2205
9.47935
12.8198
11.4429
8.53117
11.5661
7.72654
5.49641
9.50091
14.3227
12.9043
5.30835
14.1827
3.96812
10.882
8.79871
5.6144
13.9039
11.8676
11.0889
12.7464
9.72655
11.6873
12.2424
13.2436
5.05866
14.2019
12.9552
14.1073
5.74707
12.2112
7.60674
7.5838
10.9802
8.59546
12.8714
14.498
12.9657
10.9684
11.2086
14.8764
10.751
7.14102
9.78153
13.5844
13.1597
11.3638
12.1353
12.5
8.75945
11.0049
14.6128
4.66644
10.6549
11.8548
8.6779
12.1985
13.0307
12.153
8.6279
10.8016
14.7117
14.6004
11.9872
8.21402
12.0477
10.063
11.9995
5.87163
13.7303
13.8506
13.3974
13.5496
6.95929
11.6488
14.7924
8.6949
7.77976
14.8914
13.475
11.1815
7.78824
14.7155
5.86197
6.64359
10.1806
6.04854
12.5818
10.3954
14.9146
13.6712
7.3187
14.7712
12.1403
14.2732
13.6519
10.8116
14.4106
7.58113
10.6743
10.2229
7.14682
9.00724
6.54632
12.1324
8.7244
5.55171
11.882
10.8375
11.481
10.3643
13.5686
9.00975
6.44256
14.2231
6.68654
13.907
12.4242
10.5713
9.68333
13.4001
10.1106
8.69452
14.4079
8.39315
12.0618
5.06019
10.0895
13.8576
13.8202
9.35003
10.8551
13.7013
12.3427
11.9738
11.8146
11.6403
14.4905
5.65932
9.90621
13.5543
11.6495
14.1526
14.8865
14.4569
13.281
8.26031
9.06178
14.0931
12.2084
11.5806
11.407
12.9809
14.2247
12.7785
10.5591
11.9383
6.06999
8.56284
14.2716
10.1638
9.21927
8.82974
3.6695
6.01657
9.91524
12.7753
9.34908
12.7848
11.2026
5.61464
10.5287
11.3114
11.6501
11.1912
4.40909
5.42945
13.1114
12.883
9.9987
7.66645
14.169
12.878
14.8066
13.328
7.46579
11.2752
11.5509
12.7919
9.10058
11.6327
12.5507
10.684
6.47863
13.4504
12.1225
8.03015
5.92187
13.6394
10.7372
8.83851
10.8257
5.62286
9.9884
9.57611
13.3654
11.6103
9.73286
8.80752
12.345
13.9358
11.2907
4.66854
13.8751
11.9063
12.8728
14.7211
13.5799
13.4949
7.62857
10.1702
13.5272
13.5372
14.8632
9.06553
7.13664
8.53128
9.69008
13.2595
11.9435
11.4014
8.23499
12.2551
12.5151
8.55064
13.4123
5.80779
12.0038
14.0143
3.88665
11.6542
9.86676
12.6289
12.7409
9.29563
13.6204
13.2158
14.3019
6.01392
13.603
14.3724
11.6518
13.9336
13.5825
9.68131
13.0808
5.82488
14.2656
13.3159
12.2246
14.0263
8.36844
13.9355
11.8771
12.4248
7.93592
7.2642
14.1454
11.5647
13.9845
6.02324
11.7847
11.9572
11.2706
12.1146
12.5482
13.0493
13.6771
13.0913
10.7503
10.4003
9.77596
5.64022
5.77376
6.84853
10.0706
12.9939
6.23368
10.3776
10.6261
10.6847
5.38563
12.7804
8.49628
13.061
13.5541
11.4934
12.588
11.0805
13.1677
13.1496
9.11425
9.83895
12.2034
5.50282
5.79444
9.10595
11.042
8.82335
9.91326
11.9059
5.71444
14.9046
12.5124
14.6267
11.684
8.49598
6.56787
12.8554
6.67066
14.4531
10.2441
12.377
11.1236
11.4493
13.8269
13.4254
12.9966
13.5096
12.6806
8.74422
12.2957
13.0703
11.3668
13.7822
13.6201
11.9895
10.7472
11.5675
6.07218
11.1343
9.84211
10.6126
12.8881
11.1244
14.2748
13.8639
13.8265
14.6302
13.198
11.0772
4.33117
13.7652
9.15409
8.49526
10.2369
12.8548
14.827
7.08131
11.5425
8.72465
12.1305
8.16968
12.0332
5.64937
5.91249
13.2575
5.19528
8.80708
13.7369
13.005
9.94981
14.2608
14.286
8.63165
12.4168
10.4013
13.5061
5.34763
12.7793
10.4216
8.55476
11.6866
12.2883
10.6193
14.243
12.3529
5.74762
12.0882
11.9378
10.9703
11.8464
10.712
8.63547
13.9681
12.7261
9.80132
6.28058
10.0373
10.0637
11.9364
13.1367
10.2405
8.41721
10.1573
14.214
11.4107
11.8808
9.91881
10.5026
10.8092
13.1896
11.1781
13.3651
14.2284
5.4028
10.7347
9.42428
10.6257
11.0793
7.64467
14.3597
11.5418
8.34058
9.87587
14.8367
12.8386
9.51564
13.7286
13.8675
13.1897
8.95052
14.6244
9.9146
8.7773
11.3622
10.0244
8.5208
10.5692
8.69974
12.5795
6.22253
10.821
8.57387
12.6829
10.4408
14.9053
11.1217
8.78988
9.08195
9.96223
14.0792
6.1233
9.42795
11.2912
8.68832
5.00811
14.2302
8.65142
13.0111
14.7793
10.0603
6.86959
11.7633
10.5579
12.6442
13.058
13.229
11.102
11.0786
10.3613
11.5228
12.9823
10.6321
10.8551
6.1879
12.8685
9.41645
14.5603
11.8035
11.1919
14.2402
10.6103
5.37963
13.0101
6.56927
12.195
11.135
8.22927
14.3736
14.419
8.58292
14.7625
10.5651
12.9459
8.76935
7.78816
8.6216
14.799
7.57436
11.5149
13.1379
11.8522
13.2606
8.51629
14.3147
12.4137
13.2811
6.1643
12.7208
14.9676
6.05027
11.1215
12.7351
9.236
5.95743
12.0237
10.8166
12.8943
8.63499
13.9542
14.1736
9.8303
7.27502
11.7034
14.0622
12.8611
12.443
13.3377
4.4663
12.3504
8.22572
8.48347
13.7129
13.6547
9.78669
13.0412
13.8381
6.98906
14.8408
9.53988
5.42712
12.2476
11.1168
10.8524
12.2138
10.7772
11.1036
14.1295
10.7254
9.85432
5.48695
8.24917
9.83118
11.5476
8.63897
11.3137
6.219
9.23034
11.8722
9.86578
4.96858
11.6392
9.1168
12.5616
9.4353
11.7444
12.9782
12.0475
11.6782
7.77007
12.6271
14.4766
6.01803
13.5576
7.63375
9.62427
13.35
14.8087
13.4722
9.11444
9.6529
11.6498
13.4484
10.1271
9.45048
5.11135
11.6547
10.8546
9.93485
12.142
10.2838
12.6865
5.6764
14.8223
12.7452
10.6302
11.9855
10.558
14.8991
13.6397
12.5676
6.99252
8.2303
13.7501
12.6182
12.1489
8.33268
13.4507
13.3045
9.70554
8.79157
14.7495
9.76946
6.24186
7.68327
9.63166
14.7522
14.6141
6.31621
10.1418
13.4086
13.116
6.00512
13.8754
10.2897
11.9247
9.51543
8.58209
9.79616
11.1973
11.7811
14.6495
14.6559
7.97838
10.5829
6.58872
10.4586
14.7265
10.7467
13.0896
13.5512
12.4934
14.5046
10.4412
10.2115
11.4212
12.3918
14.5025
14.3438
14.7461
12.8316
12.3042
8.6644
14.4678
12.2082
6.70677
8.41299
13.5924
11.3566
12.519
12.6621
9.38752
11.1377
11.0939
10.8723
8.78816
9.33764
5.5134
10.9883
13.5997
11.8374
12.7349
12.7773
13.4915
9.34252
11.8089
12.9084
12.6081
10.2685
13.5233
13.3209
14.8561
14.5526
10.0695
11.8271
8.40774
11.8104
12.579
10.0224
11.6586
13.877
8.31323
6.19246
13.1974
14.4125
8.72984
9.94737
14.1499
13.0857
12.4549
12.717
5.11541
12.7449
9.86578
11.9529
14.8037
10.6527
10.2474
10.6484
13.806
14.8387
9.08039
11.8101
9.61059
12.1871
10.9797
11.0071
12.452
5.45141
13.7317
11.2951
10.3649
10.5212
12.7212
6.06916
14.4003
12.5448
10.2032
12.096
14.0779
9.87412
5.75725
7.67868
13.7577
12.5353
10.0181
10.2385
13.8363
8.40612
7.53911
13.8936
13.5909
13.4565
10.0754
12.9336
5.28533
12.9737
12.3839
6.80864
13.9279
12.8053
4.19596
10.2712
14.4972
4.58797
10.742
13.6308
11.5472
12.2563
10.9528
12.8337
11.1578
8.3036
10.35
6.3155
7.86718
9.20743
13.7164
14.649
8.41655
10.8739
7.05807
13.686
13.8765
11.6097
6.50934
11.1087
7.67381
14.8247
14.3083
13.4804
14.9393
13.8316
14.1221
12.3361
10.9841
10.7403
10.8983
6.95803
8.46428
10.8371
12.5772
14.0972
9.30428
8.04507
10.001
10.4704
14.8561
9.82172
7.66641
11.5018
13.5831
12.408
14.9397
14.6776
14.6139
12.2269
6.12796
10.9864
6.65317
13.2548
8.35081
9.7263
9.96626
9.05758
14.136
12.2723
11.1382
13.9653
11.6341
4.94193
5.51883
5.61063
12.4375
13.4846
13.4747
12.2586
11.8323
11.5355
13.0925
13.8985
14.4663
12.0814
14.9692
6.70417
8.63771
13.1337
12.195
12.3082
5.80045
7.8364
9.66973
11.7083
12.1204
11.3218
7.69863
9.40915
6.88577
6.20399
6.95392
8.9241
10.2495
8.89013
9.74544
14.3015
13.0112
12.602
14.5017
11.2955
10.167
13.8528
14.4581
9.45428
12.3479
13.9436
9.03151
8.38447
13.0397
6.81774
10.0829
11.8109
9.54116
6.46703
9.82282
12.215
11.1446
8.24473
10.1964
12.2435
4.82244
8.15636
12.7422
12.0769
13.0885
14.486
14.7989
7.53517
8.72861
13.9271
13.6992
11.8396
12.614
13.5991
9.8338
14.0772
6.2739
14.2726
4.43083
12.2739
13.0881
14.1554
14.5297
4.69039
9.707
13.8137
12.4606
9.87118
13.3981
10.8177
9.83821
14.561
10.521
12.9114
11.1108
11.4164
13.8894
12.784
9.82278
10.6516
12.782
12.3575
11.5244
8.35233
6.95035
12.7602
13.8289
13.8448
11.1521
12.0759
13.28
9.65282
14.8009
10.3146
14.3577
6.47611
12.6332
13.3231
11.448
8.61841
12.3742
13.7267
11.9408
13.9235
10.1179
14.6668
12.6867
10.1282
10.6077
6.29193
8.37461
11.5115
14.5679
9.98717
11.1588
14.0396
14.5049
13.1692
14.4332
14.1968
8.44544
9.8631
7.71668
11.4736
6.33304
14.7974
6.04264
13.419
12.825
12.1915
11.621
12.0171
13.5169
14.6999
11.3331
11.8703
14.8911
11.8696
14.2761
11.97
14.7295
11.567
9.25116
14.4224
10.8153
6.50943
11.8962
14.9711
9.51602
11.1588
14.7941
12.9268
8.81219
11.6728
13.7668
14.5744
9.4359
12.2126
12.1155
8.36408
8.43423
14.488
9.66918
13.6459
13.9562
9.96881
6.6502
13.7978
11.9269
14.5261
6.58413
14.7507
13.6859
10.749
13.5672
11.9383
8.91817
6.84017
6.05047
14.8498
9.13737
12.8464
11.6192
11.4849
10.8537
12.8678
12.8921
13.681
14.0731
13.111
6.00344
5.14022
14.089
7.91199
10.211
7.06318
12.068
6.89089
14.2333
11.4772
14.5529
11.0856
13.4255
10.2646
14.2253
14.1348
13.5022
12.3118
14.9217
8.88545
14.7693
14.2262
14.6127
14.0925
5.87056
9.41324
10.4725
7.16295
10.9399
13.0365
9.68048
13.6624
14.8042
11.0009
8.69692
10.1859
10.1743
13.3016
14.6238
11.0523
10.5042
13.2093
6.17156
13.9859
13.9352
10.1367
6.24137
14.5768
11.1729
11.8979
7.47065
11.8554
12.4081
13.7066
10.1041
12.9199
12.6151
12.6055
10.4679
13.7445
13.433
11.5339
9.18432
14.3418
10.2541
13.262
12.5049
11.6802
14.2948
12.4042
12.8015
6.22557
8.19746
8.73098
10.6307
9.23822
14.3673
9.43748
12.3418
7.81288
13.4406
10.6024
11.7646
7.63555
13.479
10.714
10.9141
8.25804
9.66116
8.92441
14.0166
11.6465
11.5494
10.4966
13.4785
13.206
12.8973
8.79876
14.051
7.37655
14.2566
9.47802
11.5381
11.142
13.2989
7.65754
11.2185
13.3149
8.73527
10.1059
7.03354
14.9167
9.73148
5.83498
14.1067
9.65985
12.7034
13.8707
12.6593
8.76863
14.0956
11.1063
13.6744
13.1998
9.24999
14.1511
10.2085
13.8714
12.2701
14.9985
11.4337
7.40358
12.0685
10.1559
10.0804
13.3726
14.1195
7.45047
8.87134
12.1348
13.3622
11.4181
14.2176
13.7608
10.1451
14.1816
14.8647
10.2453
14.5447
12.6345
14.9846
14.3291
14.8267
10.3224
7.81494
11.6052
9.73787
10.7981
13.5127
9.51745
14.9706
11.9006
5.88217
10.2855
12.7477
11.2402
14.7014
8.87778
12.1485
7.80655
14.8304
13.4572
13.0042
11.1628
8.73411
8.69353
10.0682
10.301
10.7088
14.9454
13.2548
9.05969
12.7847
9.82707
10.7714
13.3936
8.99211
13.2554
12.7581
13.0578
11.663
12.3653
7.52426
12.982
12.8529
11.5468
5.22015
8.65944
14.9198
14.3267
10.4452
11.2623
8.59911
7.73964
14.8284
12.492
14.2847
10.2259
13.4493
12.5345
14.0673
13.5928
10.1469
11.2361
8.38825
11.4243
14.4098
11.1824
12.1366
8.27799
14.6479
14.5882
12.5319
14.8624
10.832
10.7799
14.1724
9.3056
13.7816
12.8336
10.6492
11.8928
10.7752
12.935
11.0035
4.48464
10.5377
12.8254
6.76812
8.70097
14.2929
11.6261
14.6692
7.34223
7.05506
11.5135
10.077
12.6763
8.97649
13.5721
14.39
3.98256
14.6779
8.09732
11.8643
9.33318
8.64113
10.024
12.4376
12.737
13.8718
6.02001
14.6128
9.69169
9.94259
7.60411
14.7481
9.79286
14.5192
12.0921
5.31567
10.9601
13.9825
12.4491
11.5953
13.1598
10.8801
8.19768
13.3106
12.9979
8.78053
13.8613
11.3544
12.6031
4.64306
12.0859
13.5827
7.45207
8.5504
9.82231
8.29656
12.2446
11.3933
13.1225
12.5304
11.0821
8.49514
9.94578
10.7831
13.5624
9.01319
6.42819
9.48343
11.6468
13.2622
9.37848
8.60953
12.961
14.3663
9.51649
12.4233
14.7509
10.4876
8.49713
11.3175
11.1516
8.09678
12.59
13.4029
8.41577
11.7322
14.7081
10.7561
9.7908
8.60233
13.5378
9.17787
10.2619
9.57156
14.986
10.9491
14.7843
13.6832
8.52744
6.47707
9.81056
14.0111
10.9682
13.254
10.3573
6.00732
8.10656
12.2036
11.5414
11.3074
12.301
4.35678
9.24741
10.7824
12.9958
10.9468
13.7825
13.4399
11.1766
10.3741
13.4215
14.881
13.0731
14.5186
5.97406
14.4643
14.6821
8.54223
9.56172
13.0512
14.2002
14.2389
14.0388
11.1844
14.9738
12.9232
11.7694
12.5209
8.45498
10.0405
11.1079
13.4497
5.05987
10.5081
5.55391
11.4577
11.2896
9.021
13.7599
10.7052
14.8185
9.0127
7.0482
11.275
14.4421
13.1762
10.086
12.7308
9.87826
10.0741
14.0255
11.7035
10.3931
10.9743
5.72505
5.28478
14.8479
13.1348
9.8593
6.65872
12.4724
11.2576
10.3599
14.6621
11.4711
6.45135
9.95122
11.9998
9.15453
5.78666
11.1337
8.21667
12.7525
14.6828
14.1024
5.28286
13.0087
13.3491
14.421
11.9167
10.0961
12.659
10.0961
8.02003
9.48271
13.9696
10.4865
10.6971
8.33835
10.8076
10.4274
13.9127
12.8368
5.76255
12.7233
11.881
13.9548
14.2048
8.00319
11.2238
13.7691
6.5466
6.69232
14.728
9.71877
8.52483
10.1009
13.6531
11.4791
9.55496
11.0532
12.3445
6.05371
10.0556
5.38984
13.989
12.2982
11.9894
12.1721
13.4633
11.0424
8.92395
13.1227
14.3168
14.2284
9.92297
12.5644
8.37034
11.4071
10.05
14.1747
9.52182
12.5488
6.53138
12.9732
9.96315
6.13009
10.2438
14.6737
8.92325
5.95554
10.1495
5.26039
8.48333
13.115
7.23493
8.54702
12.043
12.1218
13.8908
11.5317
13.114
10.1822
11.6995
9.19218
13.2729
9.08208
14.2623
14.4951
14.4516
13.5115
10.52
11.0648
12.91
13.6563
14.2925
13.5159
8.96133
12.8941
14.8048
13.4075
13.3863
10.7264
13.0632
13.3908
13.2425
9.05652
13.5973
13.7236
9.62746
13.7451
9.93813
8.70681
9.86039
13.8796
13.2653
4.78805
8.39619
13.39
12.555
11.7062
11.3622
14.4671
11.3763
14.2212
10.9471
9.7726
11.4979
9.79083
12.4985
10.4936
5.7636
6.12503
10.4732
10.9822
14.2645
11.2264
11.5988
12.3021
12.2648
8.84159
6.35169
10.7892
9.54229
11.3161
6.33674
14.5828
13.5187
8.89322
10.3805
11.462
9.0651
13.59
14.1242
8.40075
12.8977
10.6599
9.48019
13.0439
14.6243
8.47085
11.7081
12.8152
14.6722
14.5167
13.6771
14.2904
13.9179
7.75452
5.41972
11.9638
11.0298
13.5397
13.4733
8.03163
11.1149
13.4966
10.8354
13.2853
13.465
6.14043
14.1291
14.838
8.6037
11.172
13.9578
13.5602
12.9208
14.7173
7.85876
12.1409
4.4914
12.0774
14.26
12.8336
13.9584
6.63184
4.35956
8.49046
10.3049
14.9043
10.5524
13.3918
14.9023
10.4764
10.8795
10.1941
8.88774
11.1724
9.86963
12.7307
10.2635
13.2352
14.3644
13.7936
14.6465
10.2108
14.045
5.68772
13.2908
12.3736
13.0248
9.15334
11.9275
11.4839
13.4206
14.1441
11.8705
10.809
12.952
10.5105
12.9739
14.5569
10.0435
14.065
10.3687
9.86622
10.8681
14.3816
8.4917
8.10994
14.7656
12.8957
7.75745
9.9801
11.2568
13.5441
11.142
7.58376
8.09901
13.9021
14.761
9.5983
11.9098
13.6229
10.0473
8.79403
11.7365
14.4873
9.65406
11.452
10.7554
12.286
13.3857
13.5534
14.0793
13.9129
8.8651
9.10847
14.2376
14.0353
11.0461
13.9118
12.3784
12.497
9.86338
12.0379
11.3946
10.3163
7.74014
14.2321
14.0833
10.8913
12.5496
8.52385
13.8707
13.3858
9.90866
14.4048
10.0472
6.90263
8.08836
11.0743
6.59146
11.0713
14.063
11.8088
11.0161
12.9849
11.6385
8.42133
9.82234
14.8943
10.2836
14.5987
6.43579
8.89048
5.86182
6.33675
6.32857
13.5009
14.6009
11.4857
14.3244
12.0989
10.3352
7.96407
12.2934
14.0256
14.5793
11.6487
12.7383
12.7747
11.255
12.7185
11.022
13.4342
14.1258
10.7121
13.3806
11.5487
14.9097
14.582
11.1498
12.3392
13.8053
6.23692
12.2528
11.091
12.2997
11.6922
11.4001
14.4048
14.5948
9.26332
13.1616
14.2464
6.36151
8.93184
5.80117
6.29564
13.9715
9.86633
11.9293
9.9183
14.8054
12.7528
5.29547
14.5378
9.96191
12.2183
11.0725
11.7892
7.07487
14.905
6.45956
13.2359
10.637
14.3922
10.93
10.8626
12.6175
9.83006
13.4827
8.64132
14.4156
13.1591
12.5799
14.9181
14.7412
8.32769
10.7917
7.6182
14.574
12.7168
11.7135
12.2776
5.57808
13.9471
9.59145
12.1123
13.8952
14.692
13.4485
14.4929
5.84689
9.56667
12.2455
6.82009
8.7548
4.43049
12.6918
11.5809
12.4693
14.87
9.72913
12.9684
5.74627
14.2608
12.4909
14.3246
12.4571
13.3143
12.5033
10.0171
13.3325
11.3121
9.58893
11.897
6.67454
10.3794
13.8878
8.73917
12.1411
13.8705
9.97512
11.1713
13.4544
14.6578
12.4673
8.93176
13.4405
5.79987
11.4939
14.0705
9.97927
11.942
6.16939
12.033
12.5244
9.89548
14.2035
13.3681
11.8958
13.8236
14.6583
6.66229
10.9399
10.0794
11.2208
13.2684
11.094
9.75922
14.9842
6.87235
14.857
11.546
13.4772
14.5588
11.1741
10.3506
12.1663
8.8443
12.8021
11.2763
6.24618
9.28703
7.38181
9.13505
12.0852
14.7801
13.6356
14.8242
14.6726
13.179
14.7505
6.88037
8.38997
9.5682
11.8098
13.4205
10.7854
8.58343
8.29895
12.254
14.7926
8.19131
11.3548
12.1622
10.5727
14.2316
8.47438
12.1151
5.59884
10.3148
11.0011
11.8242
9.09193
9.42933
11.8378
5.21737
9.9205
8.35025
12.8075
14.5505
10.0588
14.4686
10.0076
11.715
14.6585
12.5766
10.3666
13.694
13.0982
11.6749
11.8701
9.99476
10.2581
9.49865
13.1855
12.3876
12.5721
11.6918
14.7727
11.1729
5.23331
6.42606
12.7068
13.8619
12.9258
13.4294
12.6754
8.52774
9.77913
11.9614
8.55732
10.4494
11.874
14.6373
9.73134
10.6642
12.9307
10.6421
14.2077
11.2084
10.7583
10.2759
14.1391
14.7991
10.3429
14.8193
8.33017
8.29091
14.4371
8.6401
9.56183
14.8342
13.2196
13.0899
14.601
9.80046
11.7735
13.9495
9.38073
5.80317
5.21114
6.34109
13.12
8.14555
14.1241
11.0381
13.3711
10.4087
10.5303
9.35066
8.7244
9.06707
9.35454
9.03006
13.3078
11.462
14.4761
12.8089
6.2457
14.0489
9.40823
10.9399
6.57575
11.8006
11.3419
10.7157
9.55341
13.7365
9.48378
14.9735
9.87208
10.4709
14.5792
10.9662
13.2402
11.1341
8.31571
12.7627
13.4543
10.9492
10.8387
11.2207
8.85995
11.5055
11.8703
12.4866
9.06204
8.77442
14.5061
12.3911
8.57244
9.97433
12.3894
14.1998
12.9157
13.4263
12.1753
9.15576
14.8702
11.6116
14.1819
8.6484
11.5094
12.1298
12.4205
10.4129
11.515
8.08144
9.67294
10.9971
6.43152
11.1004
12.7785
14.3838
14.694
8.96428
5.32615
11.759
13.7589
6.27325
14.8662
7.6569
10.1725
12.9429
10.773
5.12005
9.43198
14.1892
13.2655
13.8493
13.4768
6.67834
11.5703
10.3165
11.8684
9.77464
12.7707
14.893
14.1583
13.9826
10.3305
9.48882
13.2252
7.35922
8.70887
14.5844
10.5467
10.1347
14.3517
10.2258
13.1828
11.5611
13.6352
7.82156
7.67071
6.60335
13.343
13.2003
12.0365
10.1582
12.4568
8.43249
6.25152
9.09369
11.1589
8.00564
6.84266
11.3874
7.72717
11.2024
4.42095
10.318
13.1986
14.1583
10.4096
11.4275
11.8016
8.70916
14.3063
12.4349
14.2609
13.4482
14.3778
12.2345
8.28512
8.65517
14.8189
10.2792
11.812
11.8267
6.22655
6.31761
9.56433
14.8209
9.87931
14.2039
6.5655
14.3789
10.8929
13.2644
10.0848
6.89421
10.4485
10.4881
6.19272
14.2822
9.22545
11.5564
12.8046
13.6965
8.68214
9.50599
13.8833
14.4118
10.2707
9.33145
12.4377
9.9015
9.95795
9.87972
14.0793
9.22156
14.02
8.74471
13.9369
11.1033
8.49045
11.79
11.936
11.9905
10.2616
14.9067
12.4976
8.57469
9.04708
11.7389
14.6536
4.97915
10.9262
14.485
13.665
12.603
8.51909
10.3294
9.43006
11.0696
14.5362
14.5442
14.3317
14.4706
10.2702
11.3157
7.79199
12.2967
6.67281
14.0428
10.5251
10.2718
10.6622
14.8647
13.1364
11.6623
8.86894
9.73541
13.7797
8.57339
12.0933
9.43281
11.8656
6.10978
10.4092
13.2099
11.2529
11.7962
14.3078
13.967
14.4877
8.42523
10.6685
14.9798
8.5464
10.7534
11.3495
13.8877
12.1754
10.0206
12.6011
8.4226
12.8808
13.6393
10.9922
13.0575
13.4022
12.5479
11.1903
10.6427
13.1294
11.281
9.54373
7.50325
10.6526
11.9022
9.37836
12.6945
7.69464
9.00408
11.3061
7.44129
14.5019
13.4872
7.66539
10.9072
12.6341
4.37785
14.9154
13.7589
4.57779
12.5559
6.40861
5.96091
12.2173
13.7715
14.5007
10.3814
12.8793
9.88357
12.7505
13.3052
12.6759
13.6807
13.5644
13.338
10.0078
12.6113
9.53741
11.5419
11.77
12.6672
12.406
11.9066
12.4023
13.0092
13.3485
14.0494
5.19857
14.7703
12.22
11.0193
8.79027
6.11602
13.4779
6.56125
10.2913
14.0244
13.6858
14.5926
13.6142
10.9507
12.8943
12.245
12.1256
9.29832
6.2044
14.4993
9.13881
14.3245
14.6046
14.1057
8.07489
14.2542
11.9123
14.583
12.3546
10.6236
14.2654
8.32281
10.6761
4.39893
11.8755
6.79993
12.6585
12.6541
13.9509
12.0064
11.9518
14.2582
14.6913
12.2705
12.6007
4.66892
12.8921
11.5731
14.716
11.7386
11.2871
9.12806
9.66527
6.8615
11.3988
11.9379
11.8357
9.67216
9.6989
8.3192
13.468
13.0052
14.0792
8.65708
14.8774
13.9025
12.718
9.49619
4.37362
7.1975
7.16264
12.4475
10.7047
13.0003
11.5586
12.0174
12.1164
14.0094
10.1758
10.5822
13.1529
9.32557
7.91353
12.2054
6.12598
11.8583
13.5581
13.2491
14.2042
12.7818
9.051
11.4525
10.7907
9.89667
8.36007
13.8064
13.0304
11.9943
7.6612
12.5797
10.6039
13.4115
14.9002
7.30869
14.0796
8.87412
9.24405
9.3895
14.9218
14.1075
12.2177
6.24775
5.65922
14.6802
9.41601
14.9185
8.18337
5.68999
10.7026
13.4006
8.86271
6.17934
12.7122
14.1703
13.0617
10.8589
8.44239
6.00878
14.9871
6.22721
12.7345
12.6923
14.5518
12.5001
14.7317
8.93462
11.0739
11.1137
4.75957
11.7384
11.1648
11.1535
4.53635
13.5277
10.9233
11.8308
7.73506
5.55445
11.5475
12.5946
13.0212
8.58309
9.44994
14.4168
14.9228
10.5605
14.5845
11.1297
10.1859
14.9138
13.8473
11.799
13.48
6.21647
13.9524
11.6668
12.2041
12.9049
12.8013
14.478
10.427
14.9616
11.3524
11.5672
13.7168
10.5524
14.451
11.4984
10.7757
14.7187
12.2386
13.0563
8.41207
12.6033
9.06312
6.13114
10.2024
8.88164
13.4287
8.27414
8.26195
9.35994
10.4027
13.9913
12.5145
13.1312
14.2124
12.4712
10.8054
8.26365
8.56045
10.4469
5.65646
10.4333
10.853
8.30449
5.58675
12.2379
11.4627
12.1877
11.7277
9.05673
11.0942
10.8187
11.3574
14.1224
13.8011
8.87591
6.27673
13.3997
12.2206
6.41833
13.8203
6.3053
5.18422
8.51833
7.92303
13.5491
10.1686
9.96491
7.02036
7.22858
12.2059
10.7298
14.687
13.9584
6.28063
11.6924
12.8591
14.1243
13.2851
14.5509
14.0323
11.7115
13.7279
12.6448
5.77032
11.3842
8.81855
6.10805
4.89994
12.8212
14.8634
6.72782
11.7915
13.9988
9.83095
10.7737
14.4043
9.89229
9.68192
8.4637
12.7226
8.01777
6.57079
13.8372
9.54478
11.0364
14.5447
9.70289
6.83717
11.0946
9.28454
12.0408
11.7391
8.83085
10.675
13.9632
6.64488
14.0324
11.8662
8.653
4.45455
13.7464
13.1368
6.63772
14.8869
11.5675
14.9068
13.516
3.88643
8.86545
10.4483
13.8659
11.4673
14.3091
13.7438
11.2364
9.77903
8.90834
13.0224
10.8956
10.4027
9.57593
12.6601
10.9623
7.95136
10.9075
6.59602
8.66307
6.06067
6.64562
11.7938
11.8726
12.6624
12.143
13.2828
8.79725
9.94226
8.86912
9.76245
11.9739
8.91572
9.17993
9.27704
8.97638
12.5413
11.8024
6.44208
9.04015
10.2235
14.2822
12.659
14.315
9.24435
13.2559
12.269
6.50018
9.13507
13.1402
10.9149
8.40541
12.6271
13.185
8.6509
6.38027
10.4555
11.168
8.36873
9.48272
6.01599
14.4389
11.8125
11.7561
14.3296
10.1211
11.4108
13.8801
14.0818
13.9374
8.46888
12.4613
10.8208
5.41442
8.66574
13.6178
14.8826
7.14941
11.1556
8.67738
11.5631
10.5344
11.6493
13.2895
11.9578
13.7223
10.2457
5.61309
7.32158
11.0547
8.40255
8.06073
14.3724
8.30544
6.70527
8.55627
13.4353
12.0711
8.48078
13.0165
14.1017
8.01254
14.7797
5.34736
14.2207
13.7074
12.7931
9.40557
14.4346
12.9024
12.5089
11.3269
8.72212
11.6946
5.98209
10.2859
10.7533
11.8806
8.7226
6.19879
9.13488
7.51063
13.6902
14.4439
12.1321
10.0123
14.8429
10.0632
10.0023
7.44395
12.1513
13.0586
6.24633
14.858
5.69964
13.274
14.7329
9.06216
11.1251
10.3377
12.9415
9.05293
14.0351
14.5615
9.64079
12.056
6.86835
11.9441
11.6736
10.3615
9.20247
9.4059
11.4233
9.57076
13.9024
12.3357
9.38689
12.476
4.88918
9.11137
13.4479
8.74704
9.13998
8.18426
6.22477
10.5971
12.2669
9.61935
11.9962
11.8815
13.9592
12.4183
12.0238
10.8398
13.628
6.66399
8.7137
13.4625
14.4601
12.8631
10.3557
14.927
11.555
14.7708
9.04521
13.1465
12.1698
9.04441
14.1117
10.2039
12.6313
7.07979
13.2872
13.927
10.0132
12.1225
9.34767
13.5955
11.813
14.0613
14.3075
13.0268
12.6785
13.3589
14.2223
12.0806
13.277
12.3176
5.3809
10.5325
12.4239
6.87322
13.8346
14.8792
9.07413
5.83976
11.5513
14.9593
9.7184
13.9482
11.869
8.92459
5.40275
9.3933
11.1153
14.6792
11.336
10.0661
8.96555
10.3472
12.2249
13.4598
11.6319
6.14318
13.3002
12.2495
5.15116
13.9134
6.07472
6.34066
14.5481
8.64456
14.7479
10.8617
8.05777
11.838
11.8816
12.4537
9.93762
5.31602
11.5057
10.8327
9.7972
10.7346
7.90881
9.80106
12.708
14.7272
10.4073
10.0425
13.1917
9.6515
14.5718
8.51396
11.8027
10.5134
14.3514
5.94623
10.3906
12.6118
8.10101
9.62717
11.711
10.5836
14.382
11.4338
13.629
10.6039
12.0599
11.2201
13.3441
12.4772
12.9533
14.4934
9.87053
8.69928
10.2383
9.72125
8.62845
13.0737
14.0018
7.46139
10.5084
11.6538
5.22304
13.9481
11.4929
13.1181
12.9648
10.0606
6.22522
10.3739
6.28099
8.88529
9.55974
8.817
7.94512
9.49435
11.7294
10.9004
9.67636
13.0855
9.48345
11.4647
8.72438
14.0881
12.4502
10.7525
14.1203
13.9869
14.8949
13.5777
13.9159
10.1093
13.9017
13.7865
11.4581
7.44694
11.7815
11.78
9.50553
9.71612
8.67661
13.002
11.1519
10.6457
8.58721
11.6059
14.4111
9.68634
13.8903
5.87639
9.88383
11.3052
13.416
12.557
11.463
9.22769
5.57111
14.835
14.6223
4.40047
12.4504
14.8753
9.55718
11.7568
13.7185
7.21685
11.3564
10.0965
8.23839
7.82488
9.93775
13.5919
10.4639
10.7355
8.7281
8.52067
11.8659
12.09
14.0794
10.5153
6.50994
13.2137
11.7484
10.0583
8.6097
14.963
14.4629
13.6001
9.62843
11.3832
11.4109
8.96848
5.92626
11.3346
10.4682
12.5125
12.8299
13.7409
12.415
10.4461
8.84246
11.888
14.3939
8.32333
5.90319
12.8433
5.52857
8.6296
12.4951
13.3302
11.0953
10.9988
13.6733
9.63139
11.4979
13.8688
9.75217
10.5939
14.2695
5.92944
10.3205
11.2042
8.51538
10.0688
11.4789
14.9809
8.82527
8.328
14.6439
9.75298
10.7803
13.6016
11.8382
10.786
5.26749
4.51624
14.7278
14.9638
10.9267
11.854
12.0291
13.4982
12.6363
14.7938
13.9125
13.2654
8.24512
14.4251
9.79061
12.0924
14.1046
9.61912
7.68792
5.4143
12.8507
12.84
13.4652
9.535
14.4589
11.7871
5.74592
6.0688
9.30199
14.5746
8.67349
9.27177
11.9527
14.0052
6.13622
10.5048
13.7863
5.07602
10.7967
12.2044
10.2811
14.2617
11.6761
11.2226
10.5719
12.5358
10.1729
7.59102
10.5996
6.78656
7.91274
13.5207
4.47136
8.3894
5.61433
11.3027
13.0904
9.40495
9.41771
13.8371
11.6425
14.7139
11.1404
6.73168
12.7216
13.864
12.7719
5.92579
14.2705
8.95318
10.8572
8.299
11.8981
6.21358
14.6387
7.17022
9.93478
10.8264
12.7514
9.09094
13.3959
14.1707
13.6931
12.8159
11.8404
7.28126
13.667
6.07434
12.7499
14.537
12.2057
10.7186
10.4504
11.5308
6.66946
9.21238
14.3501
9.12734
13.2194
6.26952
11.9082
9.72983
11.3328
14.9365
5.60406
10.7891
14.0061
9.10804
13.5017
12.3775
10.0641
10.7226
14.4453
4.87107
9.77903
7.73127
12.3023
8.53293
14.2083
5.78249
13.793
9.71439
9.68324
7.85218
13.9601
13.3414
12.8793
14.5825
8.68622
11.6372
13.6901
12.1838
6.24659
12.3876
6.10848
9.94918
11.0972
8.64011
14.5895
6.135
7.9733
12.8114
13.9658
10.5988
14.2743
12.4361
12.5694
6.38107
14.9521
10.7221
7.81643
14.7967
4.33822
11.0236
14.2436
6.13145
8.95226
6.86874
5.57656
10.8647
13.096
5.3942
9.109
11.2045
10.9948
10.4404
12.2508
14.1777
8.63417
9.95903
13.12
8.17984
8.44522
6.98394
8.9465
12.0245
10.3202
9.72185
10.9013
12.8632
5.71941
14.172
11.2617
12.8199
5.96386
12.1736
8.90551
8.45976
9.26703
12.2887
12.2889
14.2792
8.51398
14.1671
6.29251
13.6803
10.7324
9.61368
13.397
8.40595
14.8948
9.83087
14.4887
13.7899
13.8396
5.85467
13.4771
14.6138
11.3489
12.3546
8.31175
9.86692
11.8308
13.2837
11.3265
11.3736
12.3396
9.94237
14.0966
12.8616
8.45206
10.2975
12.8575
6.73054
13.8377
12.9419
10.6662
9.29101
14.5029
7.87843
10.8456
11.3413
6.31115
12.3808
9.17414
11.5244
8.14526
11.4644
7.95952
6.55746
5.65136
9.90982
14.3607
14.7902
14.8665
6.29814
12.7747
8.25563
14.0048
14.6799
14.6351
8.90137
10.5047
8.36562
13.0966
8.33887
8.08783
9.56072
14.3874
14.6107
10.5855
9.18066
12.8611
11.3956
13.3685
11.3003
14.51
8.02344
9.82013
5.65269
13.86
13.6499
8.929
8.65391
8.3702
14.4517
8.5844
10.4054
11.1676
14.9744
9.84224
14.646
13.4048
14.9646
9.8397
13.8331
11.8299
7.29659
5.092
9.95846
12.9878
13.1083
14.7083
5.85881
12.6652
9.74166
7.61097
12.6811
13.7753
13.1134
8.36899
12.16
13.7857
13.7992
12.185
8.41758
10.2525
6.55494
14.3995
13.95
11.8495
14.2295
11.0274
10.9994
12.1996
11.4222
5.99799
6.21732
10.2127
8.92556
7.06467
14.7773
14.072
8.9187
10.957
8.57035
9.68687
13.46
11.4398
8.35262
10.0351
9.34977
5.96335
11.9715
6.80201
14.1908
14.8498
14.7635
9.73347
10.5364
13.9083
6.41807
9.04123
10.9444
13.9277
12.1517
9.28927
6.55399
7.74413
10.9367
10.6013
10.2375
10.6654
11.89
14.3748
14.7725
8.69304
12.3022
12.1896
11.2623
6.34098
10.4349
14.109
14.6196
10.851
5.76343
14.2609
6.22496
12.204
5.69668
14.0098
10.7361
13.8762
10.4522
12.7829
7.81915
12.5348
9.72087
9.59092
11.963
14.6765
13.5557
12.1972
11.5065
13.1637
7.2171
9.0621
8.15635
9.49811
10.3476
8.48779
9.94134
13.3608
13.8889
9.7291
14.1619
14.0357
9.57882
7.46916
10.764
11.8518
14.7636
9.20579
14.9987
14.4606
10.0585
6.15176
10.2318
11.7728
14.0478
10.0529
11.6284
12.7135
14.7119
9.75876
12.6135
9.61688
9.53563
5.82054
12.0279
12.0359
14.4705
11.4206
5.81912
8.87447
13.2049
13.5504
11.9845
14.4819
8.68341
13.535
14.8969
13.8107
8.53944
10.521
