13.8134
13.782
11.2252
13.568
14.5785
12.1741
5.9759
11.4978
13.6302
10.7027
14.4101
8.41839
11.6423
9.17542
10.1947
10.4243
7.74751
14.4384
11.498
10.4988
12.7574
6.09792
11.7424
5.49194
13.3298
13.5766
14.1813
13.8855
14.6023
11.3091
12.6806
11.8773
7.7318
5.68346
11.8978
12.3621
6.78845
8.49097
10.6964
14.2485
9.81757
10.3633
7.24193
11.3356
11.8063
10.4118
13.6704
6.15352
14.23
9.13198
4.96902
13.4009
8.12997
12.2047
11.1362
11.8783
8.67507
10.4092
9.69709
10.7113
14.5096
9.95434
12.7378
14.6934
12.7001
10.1591
5.87979
10.2308
12.793
8.24669
14.2739
12.9034
7.60513
13.9019
11.1822
11.4074
10.3916
11.9049
14.179
9.29815
8.40046
8.76996
9.61443
12.0589
9.51699
8.74541
11.9357
9.56026
13.6395
9.08571
4.53003
9.75165
4.01627
11.9792
12.9751
5.76873
7.77152
14.9176
13.2099
6.27688
13.5726
10.7271
7.50967
4.94015
14.2029
13.9313
13.8779
5.84953
6.50852
5.55745
10.5073
9.10265
11.4571
14.4806
14.3531
9.01614
9.87932
7.92182
13.3777
11.8314
13.1204
9.12191
13.6675
14.568
11.3242
14.8281
8.75268
14.7676
11.6427
13.1622
11.8113
13.9236
11.015
10.8397
9.14108
9.60822
14.1976
8.6114
11.2146
12.0547
9.57885
11.7632
12.0777
12.0229
9.31891
8.0565
11.0101
9.20013
5.73793
12.76
6.02696
13.2776
6.01317
13.7283
14.3375
10.888
8.61107
10.0677
6.63679
13.6025
11.1376
14.6872
12.805
12.6162
12.2102
12.7375
14.6137
7.33063
8.53104
9.71518
10.5589
8.35628
12.4192
14.6528
8.57554
6.27479
12.8423
10.9752
7.91723
13.8223
13.3919
11.7291
11.7562
13.7607
10.5927
13.2316
13.3297
13.8938
12.9425
11.7617
5.0861
11.1563
12.3121
4.89579
11.0679
11.2436
13.8971
8.55797
10.4649
10.5007
11.622
13.9221
6.87705
11.0622
14.9661
14.7432
11.575
9.31562
9.39038
12.0399
12.6921
9.61265
12.9603
8.23109
13.1237
13.4355
12.9202
11.9258
13.2778
10.5277
6.33257
13.6079
6.38623
13.3492
13.4847
12.407
13.5108
7.13444
8.1798
11.286
7.13766
12.4729
14.4669
5.82352
10.505
14.2755
11.2315
10.662
14.4508
6.08882
10.5894
6.09167
10.2684
5.28249
13.5262
9.88174
5.8384
12.2461
5.55167
10.1219
5.70504
9.85372
9.50537
13.21
13.3109
4.11613
9.6472
4.6784
11.5097
8.35275
10.9481
12.8824
10.7271
14.145
12.7052
12.4729
11.4935
11.4657
14.3741
12.3008
14.7497
6.39983
13.3815
10.6696
13.025
10.2971
9.32423
11.4157
12.6048
10.6131
13.9532
8.19178
11.6872
14.8052
13.7214
12.8076
10.6927
14.1938
11.2609
12.0962
14.1039
10.3124
9.4442
7.06459
12.3825
12.5647
8.54844
14.8672
8.04712
10.3839
11.7755
13.0471
6.66637
11.8194
12.2284
11.8034
10.4864
13.4106
5.98647
13.7548
11.6019
12.858
10.0861
10.4154
11.4635
14.6701
13.3939
11.5211
13.4161
10.2095
8.53758
12.9687
14.0331
10.655
13.0563
9.04677
7.53159
10.1317
10.855
10.0774
8.61701
14.0467
14.6619
10.8895
12.9296
10.5131
13.3665
14.1934
12.97
13.7798
14.3109
11.5498
10.8576
8.42238
11.9281
12.859
11.2484
6.86126
8.02317
9.8216
7.68658
10.1364
11.2858
13.7433
12.2332
14.8345
5.36709
13.7175
5.19741
14.744
14.7718
10.3434
9.41027
14.1206
13.646
9.75264
10.5463
13.5297
8.86142
10.7736
6.38378
13.4806
12.4003
10.1115
14.6405
13.7585
8.83823
13.6559
13.8185
10.3116
14.9034
13.4854
11.1414
9.1841
10.4429
6.15916
12.0857
11.3761
8.66788
11.9972
5.27303
9.48956
8.9876
4.90358
8.44212
11.2227
12.9746
12.4849
13.8234
4.28324
9.35451
11.0409
12.7175
10.8679
13.8092
7.41806
13.3974
8.27985
9.69273
11.5967
13.3274
13.2172
5.24666
8.82092
12.5154
12.6699
9.53129
6.2839
12.2794
11.9439
14.1085
8.45704
12.7302
10.0463
12.9845
11.84
12.549
4.84404
9.44421
11.2892
14.0918
13.5856
13.4815
13.7056
11.6991
13.9243
9.46205
10.3569
6.14747
9.86618
14.1839
10.2272
13.5009
9.57656
13.2981
13.5648
13.0056
13.7288
12.931
14.1032
10.848
14.9291
10.4227
8.23156
8.45539
7.94663
14.2583
10.8823
10.3174
11.1412
10.3705
7.15148
13.506
14.8754
13.8379
13.1755
10.5536
11.8383
10.1578
9.72896
8.4112
13.1658
14.1848
8.19172
8.49007
8.78145
9.1008
8.46803
12.6467
11.37
12.9431
9.48305
7.97277
8.25112
12.9396
8.84885
5.67872
14.5826
14.3466
12.4954
13.8267
11.9631
14.2274
10.9563
6.23234
6.58658
10.3919
9.9663
9.84918
5.80055
13.9375
14.8043
13.5379
8.6616
13.414
11.4663
12.3616
12.6697
12.8051
10.4921
7.4908
13.0511
10.5829
7.14022
14.626
11.8571
14.2463
13.7957
8.69786
14.0456
9.08181
9.47547
11.3632
8.59597
5.78145
13.7823
8.51446
5.41713
13.3647
5.84528
14.907
11.6112
8.18997
8.78349
12.0381
13.1892
10.3106
13.3784
7.3993
12.0206
7.50606
9.93906
7.70073
9.58534
13.6898
8.85855
4.59927
13.9379
14.2541
12.6203
9.78231
13.5115
10.0464
11.2941
13.3131
10.3425
13.9737
10.096
8.67566
13.5071
7.04773
11.9971
14.1188
13.6514
13.7042
10.9013
6.49849
9.95964
10.0416
10.3958
10.8266
10.4221
14.2487
14.8445
11.999
10.031
7.18714
5.44107
11.6863
13.1958
11.0051
14.6091
14.2248
10.4383
14.9636
11.8539
11.4611
8.74118
14.601
5.88803
13.4845
6.08865
6.13039
9.74567
13.6642
14.616
8.89333
10.8315
11.9075
9.03426
10.1042
12.4693
7.85648
7.73237
7.97813
5.47328
6.76134
7.92256
14.5133
12.657
9.91389
11.0148
8.22582
9.60746
14.8845
14.1987
12.1047
8.50289
6.38298
14.0868
14.2937
12.0187
10.4958
6.71726
13.8708
11.9029
10.6224
6.47382
9.84162
10.2598
10.7904
4.09627
10.0767
12.9078
10.5497
10.6033
13.4972
10.6301
6.14059
4.59127
13.9386
11.3143
12.1607
10.0307
13.6866
13.4442
11.4887
10.7641
11.5429
14.8685
13.2633
12.9527
14.0931
4.84803
12.9613
10.6699
7.19305
8.11976
11.4851
10.1432
13.9597
8.51266
10.0798
11.7363
13.1531
11.6828
11.3633
8.0073
12.3954
8.71358
9.86351
14.8115
14.0171
13.8999
13.2776
12.0548
9.48665
10.5213
7.65055
11.8018
5.63227
7.87656
10.1605
8.88528
6.691
9.78899
10.4197
6.59471
14.3473
11.5847
10.2886
8.20468
12.474
13.6986
13.8837
12.6743
13.9332
12.029
14.3963
9.41732
8.54826
7.19466
6.74607
6.38653
7.1795
8.31393
10.6511
13.2649
11.6226
7.84493
11.6944
10.9435
6.34207
8.32598
10.2268
8.32035
10.0152
10.1809
11.0527
8.60877
10.1742
11.2061
8.91441
10.0903
12.2752
8.48732
6.27882
10.3754
4.55381
8.93487
10.3373
13.8733
12.0647
8.46742
13.9378
12.4256
9.88235
8.73007
8.41099
13.875
11.6586
14.8103
12.5831
13.2406
13.7759
9.64241
12.9057
14.7972
14.4542
7.53486
8.45948
11.0023
10.5422
5.12988
11.4853
8.74783
14.5672
12.4296
13.7421
14.5879
7.11974
14.8072
12.6745
11.5994
10.4922
12.6008
12.1792
11.2164
11.7624
12.2035
9.97087
8.60692
14.1216
9.56022
12.6377
8.29852
9.72454
5.88554
13.0316
12.2864
13.1606
9.92345
10.0927
13.5809
14.1175
11.3276
10.9554
10.5414
7.12084
12.3109
9.66575
13.0233
10.8628
12.7125
10.1083
9.92079
6.84835
13.624
9.55216
14.0649
12.1644
9.86311
8.5233
14.3972
14.8853
10.1458
6.94205
10.9591
9.24055
14.8661
10.5653
12.205
8.10316
12.2371
14.7718
9.08142
8.01575
8.58639
12.4309
10.1812
13.3507
10.5136
12.1542
14.2853
11.1126
14.6391
13.2949
11.0491
8.6912
14.7552
14.4503
12.5302
12.2203
11.6415
8.1195
11.9274
8.33132
14.0647
11.6031
6.00017
8.53358
9.37151
10.4641
8.25723
12.2442
10.2726
8.22012
8.3184
5.95628
11.4785
12.4329
14.8795
11.5025
5.69832
7.6471
14.7752
12.1744
14.2813
14.7457
14.127
10.1074
13.5087
11.6791
13.7101
4.40417
14.7651
13.1974
10.2871
12.8044
13.8526
9.07478
5.5002
13.1874
6.75024
11.3849
6.60361
6.78729
11.5135
12.1082
14.734
9.8468
11.6037
10.1036
11.2547
12.8002
11.4736
14.6452
11.7691
12.7538
10.5895
10.2262
12.9334
9.10693
10.6945
5.36065
14.3692
11.6379
5.81679
7.4698
12.3792
11.6947
10.5659
11.4239
8.00931
12.1089
14.2495
11.0122
13.113
8.62481
13.1514
12.0073
14.6934
6.20942
14.0955
10.7477
8.55954
6.93204
14.8038
10.9912
14.6457
12.5849
7.37506
9.46004
12.0583
14.335
9.27772
11.6667
11.8365
9.84644
6.16224
9.78445
12.7079
9.88257
9.91869
10.6425
8.08745
10.8505
5.83859
12.917
11.3247
12.9957
13.0448
11.7167
14.4968
13.9113
7.95246
12.5424
10.8116
13.7276
12.1762
8.60692
8.32502
14.8557
14.1632
12.4812
9.88982
14.0271
7.7745
9.46309
9.4101
14.2979
11.9986
8.92841
14.0987
11.1894
11.3371
12.2685
14.2968
10.6587
5.79932
13.9379
10.4842
14.9071
11.7031
10.429
8.99519
11.6535
12.7117
8.32046
12.3841
10.0133
13.8299
7.67139
9.75082
11.1753
8.1248
13.6669
14.5195
6.93594
8.46015
12.2822
14.7483
9.95163
4.76511
9.21913
13.8498
10.9342
12.4279
12.0445
10.5545
9.91111
4.87811
7.66118
13.6068
11.2506
11.3791
14.2172
11.7439
13.3727
11.7661
14.1545
10.7578
7.08109
13.0378
12.5423
9.39907
13.469
8.89719
7.71456
13.5761
14.4655
13.7018
10.1161
8.67514
11.3285
7.73535
6.05774
10.4472
5.92948
9.31167
10.7149
12.6731
13.8015
11.9553
13.9337
13.8244
10.7673
11.7784
6.16497
11.8196
14.2607
14.8672
6.85982
13.1097
7.44749
12.0807
10.7372
12.1631
12.7858
9.81357
11.1649
11.9649
10.3128
14.6214
10.7086
13.6936
4.07656
11.8173
9.576
13.3488
11.9614
13.309
11.6717
13.6004
10.4991
9.04222
7.64938
14.858
14.8682
11.3347
12.5976
13.8007
14.8449
13.356
14.0227
11.6522
14.1877
14.1304
6.41172
7.48049
14.6936
7.27008
4.46677
8.90681
8.80219
6.29437
11.4917
12.387
11.4157
9.27447
8.29291
5.5281
13.0307
14.6088
12.4255
12.2519
11.9536
8.11838
12.6223
8.31489
12.9879
8.79378
11.1626
13.0062
7.75675
9.08809
5.99819
9.22746
11.7719
8.74911
14.6031
7.2469
10.3797
13.7427
13.466
6.35963
13.2517
13.9746
11.7932
14.2284
12.3033
8.63316
9.52058
12.3052
11.8899
10.8607
11.7887
9.68903
9.73799
5.26589
13.133
14.5
13.6911
9.53258
14.4835
10.553
12.1488
14.8088
12.0585
14.9906
12.9882
12.1571
11.2617
13.0209
13.8081
10.0687
13.22
14.108
12.3747
13.5565
13.7703
10.2556
11.3746
14.2042
12.1686
9.39673
12.4417
12.9933
4.6839
6.9451
10.9909
12.2923
14.7678
9.8262
13.2127
7.67568
14.0294
12.4617
13.8253
14.0035
7.82107
9.61726
5.60081
14.7752
13.7702
12.4281
11.2704
10.3989
14.5977
6.10645
11.2787
7.9336
14.9043
13.2969
6.05589
13.6763
4.216
11.8481
8.4721
13.5993
14.0555
13.0063
12.5461
14.3161
7.71552
13.968
11.2589
11.631
6.1833
14.6266
7.06558
11.4257
9.22066
13.422
11.1361
14.4233
9.58923
13.9428
14.561
10.9138
12.3296
9.98114
9.21906
6.33801
14.1455
12.0804
10.8416
13.821
9.00996
12.225
13.4507
13.4965
10.1469
14.332
11.3203
13.6629
9.15239
11.9142
11.9655
10.3929
10.0921
14.182
14.081
6.35637
12.1139
8.85641
8.89303
13.1938
8.90628
9.62712
13.4566
8.53282
8.42124
12.9391
9.32102
8.62755
8.15045
11.1668
13.2064
14.587
11.3042
12.4706
8.50059
9.00759
10.1162
8.95536
12.9891
10.8238
13.5156
12.2548
9.84493
7.72699
10.9146
11.2936
12.0331
12.9669
8.85775
11.4088
11.9865
6.4065
12.2042
8.95393
9.27773
13.7358
8.62259
9.46437
13.2248
8.52343
8.40288
9.28747
8.66188
8.19851
11.4079
12.9721
8.62483
9.5626
10.0048
9.1483
12.8905
10.746
13.5647
11.9147
9.62769
7.69305
11.0419
13.4822
14.3485
11.9185
14.713
10.7421
11.8315
8.85897
7.62592
11.3739
11.7023
14.1546
11.8412
11.9364
9.72372
10.1882
7.7134
8.82519
6.42021
14.8031
7.6412
9.95442
12.7316
6.43625
12.1482
12.077
13.4714
11.9714
11.1743
13.6
5.897
9.39501
13.1269
8.11292
5.30244
11.6236
13.8811
12.1207
10.8978
6.1138
10.5276
12.498
10.3049
11.7844
14.0925
11.8352
11.332
13.4678
6.95579
10.6054
12.1798
14.8527
8.85214
8.38495
12.4335
9.16424
14.5814
12.0514
12.4031
13.411
8.92172
13.8937
10.2589
10.3583
14.4236
7.93208
6.92342
4.62663
9.15376
11.8293
12.7505
12.9349
13.9961
4.51378
13.4044
10.8995
12.232
10.0437
12.0823
14.51
11.4088
14.1257
13.1663
14.4914
13.0224
10.2727
9.78382
8.45711
6.44441
9.91819
10.3566
14.5069
12.9124
12.7743
9.3719
14.0241
14.567
14.3474
11.9946
13.6461
9.3938
12.8485
7.72666
14.7681
12.1636
10.0936
13.4816
12.061
11.325
11.69
8.56339
8.16329
11.9302
9.39853
13.2865
10.9618
12.0268
7.00985
12.6635
13.7799
7.69855
10.5285
6.01811
10.0227
11.4737
6.01305
13.9993
10.1177
12.66
11.4634
13.8998
12.187
6.85081
9.94804
7.65391
9.5275
5.4213
11.8905
14.7502
13.6925
13.6549
6.22094
10.6184
9.13248
14.6965
13.606
13.3529
13.6085
9.11836
6.28879
13.6809
12.0331
6.55616
11.8464
12.4988
11.9391
11.2984
10.0016
14.6964
13.5735
10.0296
13.7592
13.2624
13.367
14.2818
14.2623
14.939
14.0024
10.781
14.822
14.5077
14.3385
12.371
5.13822
13.0168
9.00704
8.7416
10.0289
12.495
11.0643
14.1495
14.3133
12.74
13.6097
14.9625
13.6331
8.88565
12.2472
14.2794
12.6958
14.9098
10.4326
12.4837
14.3693
13.7538
13.2444
11.4614
7.81326
9.69952
9.33458
12.9176
14.9178
12.6983
12.6277
14.6634
5.72249
13.4768
9.32027
10.5437
10.0061
5.67502
11.8757
5.22869
11.2084
7.36365
9.73723
14.24
14.4028
9.63993
10.8694
14.6647
13.1718
14.8685
13.4026
9.53781
10.6079
14.9736
13.7643
9.90445
10.5009
12.6892
9.07578
7.40948
12.1118
9.74688
6.16126
10.7151
10.875
7.34491
9.31028
10.2516
9.40686
12.4013
7.79469
14.2769
13.7988
10.0774
11.5289
12.6679
11.5675
11.9735
13.4283
11.6232
6.78358
14.3629
12.8121
12.7013
14.5357
13.5538
11.6842
11.2811
13.9645
14.7966
13.5887
13.9105
13.0297
11.7497
10.6666
8.72536
11.8264
6.69313
11.5709
11.6331
10.2269
14.4325
13.4278
12.9671
14.151
13.6406
10.4727
7.3111
12.7214
11.0408
13.2773
9.68574
11.9453
10.8321
14.1847
4.75257
9.43271
6.01537
12.5045
12.7669
12.2409
12.5463
4.8306
9.94845
10.6524
14.1089
14.1612
12.59
10.866
10.1546
14.0119
13.0882
5.73615
11.6867
13.1219
14.4521
12.4884
13.8948
13.8067
14.054
5.58987
8.64423
7.75667
14.5132
5.117
13.468
10.9244
14.8024
8.97899
11.4441
14.2301
13.6906
13.9434
12.2926
8.84558
12.6315
11.4679
13.1538
9.17213
8.37185
5.96813
5.74542
10.5225
14.121
10.4072
13.7793
8.56247
12.0665
9.30547
12.0052
12.9232
10.3207
11.1449
12.6731
12.6038
11.6662
14.8249
10.1977
7.27018
12.861
8.90994
8.15641
10.4333
8.89387
14.8283
14.3048
13.1113
10.4835
14.9441
6.15055
12.665
10.0785
11.3063
6.50554
7.04279
12.4522
7.33618
8.40146
9.1761
11.0461
11.8112
11.6715
11.5719
11.3752
6.78633
13.5254
12.0602
10.6596
10.3643
12.0714
11.6036
7.84458
13.0922
12.2059
10.8807
10.2588
9.18979
9.18644
13.1098
10.6424
12.6938
14.941
12.2299
12.0399
13.1731
14.1307
8.7093
10.8461
13.9773
14.0792
14.1998
9.28936
9.30015
12.9381
6.02492
8.73701
14.6285
13.4823
4.67812
8.75134
13.2937
14.1767
8.30122
13.0342
14.4638
12.1537
11.0178
14.5951
12.9466
11.3716
12.7823
13.9743
12.4515
14.7656
13.9091
10.9539
8.56456
12.2981
5.20773
9.79076
5.20579
8.77306
14.2693
10.5678
13.8083
11.0512
14.9719
9.87567
10.6967
11.5417
14.1983
12.8051
12.6874
13.3002
7.14215
10.3945
12.4636
11.7321
8.35625
10.6822
6.01653
12.2514
9.47797
11.6773
9.85454
14.4599
13.7517
13.8723
11.9581
12.3592
8.22495
14.8474
12.825
11.8682
9.6684
6.18344
8.33985
12.8045
11.2309
7.08357
4.51367
13.6378
9.99778
14.4475
11.0214
8.70504
10.3349
6.44374
11.8801
11.2565
5.64342
6.25647
8.75016
14.3647
12.0667
12.2397
11.4922
10.6039
10.5439
12.6884
13.7345
12.7553
9.45462
10.081
14.3817
5.85822
10.3547
14.9592
11.0237
12.8654
12.2936
12.2059
14.6313
14.8972
13.7958
14.8296
14.9034
13.8279
13.5967
13.6239
5.32118
13.541
11.5602
13.7325
12.6481
10.7521
12.5221
12.3031
11.7017
13.3668
11.6172
14.7953
13.2026
14.5679
13.8658
9.89293
10.2687
8.81226
12.1044
14.8679
13.9688
9.89649
12.2537
13.3878
10.5195
10.1598
12.3308
12.7908
11.5674
11.9196
14.0713
10.6073
9.76711
9.80202
12.3224
10.6094
13.8512
12.8553
11.3827
12.665
12.4618
11.5105
5.38698
13.8163
14.5898
9.98978
13.4199
13.9716
9.59799
9.93663
12.7014
9.28465
8.61925
9.93068
10.9618
11.846
7.66589
13.5941
12.7811
10.6513
11.9119
8.5504
9.50491
6.29898
6.24701
13.4537
9.33622
10.6955
10.0157
8.72211
4.79865
12.0637
11.5087
10.3976
13.3837
14.892
14.7655
10.1583
9.81084
14.8489
10.86
10.0065
5.85917
14.0402
9.88885
12.8463
13.2063
10.5547
11.8482
13.254
14.6481
12.2439
11.1679
11.012
13.875
5.22835
13.0129
8.83115
7.58027
13.469
11.3305
13.0352
14.0627
10.4607
7.70251
14.3331
13.0504
11.3078
12.3299
12.7029
13.2332
13.0195
8.52079
9.91854
12.5249
14.352
11.4047
14.2251
13.7337
11.3391
14.4079
10.3928
14.9469
5.82289
8.27721
9.80074
11.4075
12.714
13.4577
10.7158
6.39078
10.3099
11.9971
9.09454
10.5518
14.8594
9.65786
8.59288
8.87194
10.5184
13.9248
13.6943
14.2634
13.7052
12.2103
13.4967
11.5069
9.47697
10.6291
13.5164
6.38716
14.3923
8.39714
9.45216
13.694
14.2327
10.442
12.8103
13.4808
9.69973
14.4149
13.6422
10.2851
11.977
12.6399
14.2397
13.8842
14.7365
5.16799
6.62275
11.141
7.48039
13.1685
11.5973
8.58558
9.89672
9.88085
10.7125
14.2163
12.8327
9.48455
10.4622
12.2296
8.11098
9.86048
12.3167
10.4198
11.4317
6.08584
6.482
12.8668
11.4544
10.6401
14.3336
7.22039
14.9293
14.6992
14.0472
13.4914
10.2513
5.33104
9.0403
12.0757
10.0663
11.1402
12.0599
9.98547
9.44253
10.6792
6.54442
13.1495
12.5557
10.0753
9.48181
14.3971
14.3599
10.6884
10.221
14.3705
10.0885
13.386
11.7747
13.6023
14.2453
11.2779
14.845
11.171
14.233
12.7872
12.3458
9.63408
14.5144
5.0752
12.5145
12.9771
14.7424
8.55063
9.57545
14.1176
9.96707
12.7011
11.5872
8.92533
14.027
13.8835
14.5477
12.3759
14.1585
11.0156
10.2539
14.9005
10.6112
13.3761
13.0226
8.52735
11.7997
11.9552
13.1588
14.8523
8.52838
13.0978
13.4041
8.73872
12.8298
14.3659
10.5973
14.3772
14.737
13.9151
14.9479
10.1416
11.7976
12.7902
14.4505
14.6324
11.9056
6.65671
10.383
12.8383
14.5103
9.47482
13.6663
9.20637
7.93849
9.20577
11.8563
13.1837
14.5304
8.04877
13.5809
12.3668
9.48603
13.6495
11.2543
11.7092
8.54123
11.4315
8.46356
14.2477
13.993
9.87761
12.7867
4.10354
8.00925
11.6449
4.04672
12.9819
10.3752
14.5144
10.8495
13.9625
7.32464
8.25583
14.6992
11.3753
13.692
6.63798
9.77339
14.0427
13.7044
9.58117
12.4827
13.7268
14.9239
9.90313
9.52358
8.50953
8.93494
9.64238
14.5741
12.4774
8.88056
11.0511
13.0119
9.4138
10.2321
13.6585
9.07321
5.88742
11.499
13.1471
10.3132
11.9115
5.42684
14.9984
11.7171
14.1237
7.27189
14.2727
7.60498
11.4831
12.4828
10.6148
11.0459
10.0136
14.8328
9.15744
10.1506
14.7085
10.4258
12.7387
11.4295
12.9723
13.0442
9.64311
13.4225
14.6854
7.50785
8.49455
5.82862
12.0583
10.3581
11.4768
12.0466
11.7647
12.1075
10.0459
14.4975
14.1475
14.749
10.8128
11.35
10.4432
13.128
11.402
13.9651
8.49524
11.883
11.7909
14.0018
13.2638
12.3956
13.4765
11.3745
10.8888
9.55594
9.47517
8.86598
13.36
14.6699
5.68833
6.41644
10.1947
14.8612
11.8328
11.7596
14.5501
12.6011
9.97075
13.064
13.4879
9.06824
10.1735
12.4419
9.2744
14.6614
9.83132
12.1005
7.0528
14.6708
9.76584
14.4394
8.39544
11.1432
7.59038
12.6461
6.27528
10.6198
13.607
12.7363
14.9186
8.92422
10.178
11.6491
9.76672
4.70825
12.8769
12.1348
7.10889
9.98062
7.85739
4.36216
7.48482
6.104
7.93543
8.70018
10.4142
9.99103
5.26896
5.16032
11.9675
6.60961
8.14331
10.2359
10.9622
8.25923
9.93586
14.2349
13.2749
12.3438
12.4759
12.906
5.79147
14.2666
13.9704
12.073
11.9329
12.2474
14.0289
13.2019
11.0187
11.8765
12.788
10.0007
12.7057
14.2401
12.884
14.5478
14.0877
10.8802
8.3985
6.20318
12.9737
14.2962
13.9786
6.88157
10.7859
8.9247
13.7952
11.1339
14.4975
13.5208
10.8996
10.689
14.0242
8.56505
12.7072
11.7013
14.1963
10.2719
13.3442
8.67293
11.6301
11.3952
11.2251
14.0726
14.1467
14.3553
12.1859
8.55731
6.46143
10.8238
14.2576
12.4064
11.6368
13.3934
14.7932
12.1997
14.0144
14.0669
9.1968
9.81709
5.53859
5.30265
5.39099
9.46748
14.516
9.32707
10.9959
9.83897
13.1381
14.4618
14.6253
12.2517
13.0092
12.8277
8.22917
7.74287
13.9448
13.5922
6.21772
12.5012
12.3867
12.5662
8.41859
13.8759
9.04273
13.0414
5.9877
8.21983
8.95282
13.1589
11.5769
8.89283
9.88403
7.92093
14.0986
12.4077
10.3185
8.49804
4.73746
12.8952
12.2571
13.9366
13.3454
12.94
11.8847
12.3637
12.8494
9.67174
12.6232
13.4174
13.6378
8.54627
9.00215
14.6586
11.9675
14.6935
7.8967
14.5611
14.3404
12.7715
12.7815
12.8769
11.3417
9.85208
9.96967
10.3561
9.65025
9.91198
14.0814
13.4675
13.5588
13.2699
8.44232
11.9149
10.3721
9.9126
11.3215
10.2617
11.6563
13.7244
11.2143
13.165
10.1961
11.3262
14.1567
11.8984
11.7556
5.92574
13.361
12.0052
14.2034
14.2546
13.8386
9.86018
14.5084
13.3686
10.2249
9.69105
11.8725
7.20955
6.19434
8.75435
12.9505
8.60903
9.42301
13.3346
8.54562
8.48307
13.2463
9.3498
8.64386
8.24326
11.4493
13.1628
14.3932
11.3953
12.4365
8.73397
9.03417
10.2337
9.07435
10.6151
13.3687
7.52123
10.8339
6.17357
8.56384
9.35732
13.169
8.52613
8.38064
9.25596
8.65632
8.05772
8.48166
10.592
10.3938
10.3363
11.2677
12.5011
8.77354
12.4539
13.892
11.3544
9.97198
14.4444
14.375
12.6279
14.4403
9.04538
11.6276
10.1051
7.32333
14.801
11.4369
11.6773
10.9837
11.371
9.06988
10.6163
11.3955
14.9341
10.6444
6.98288
10.3549
9.4708
9.29056
10.2178
7.92558
14.6778
8.48756
12.5047
4.48117
6.78752
13.6901
8.62454
8.30639
12.3425
10.3651
11.6074
10.3845
10.2176
12.9858
9.56396
12.4859
7.69912
6.81584
14.6255
14.2655
10.8518
8.07039
11.9984
5.31748
11.8125
9.81376
13.7911
6.08156
9.00893
13.2744
13.5008
12.7945
12.9775
12.7011
7.43552
8.30765
13.2356
14.263
8.8002
13.8516
13.0496
8.3881
11.9571
10.1126
14.4773
14.8513
8.08012
14.6096
7.42224
13.1927
10.3666
12.3011
10.0786
11.8155
9.44825
14.3365
14.1974
14.8632
12.2796
11.1156
8.50443
8.34095
11.5466
5.46677
12.4703
13.4111
8.41496
8.79566
11.0757
12.4651
13.8374
7.76713
8.6482
14.0009
8.19947
12.3085
9.25647
10.4455
7.13957
13.5133
11.0513
4.08096
11.5543
12.7736
12.6784
6.10644
10.3405
13.8852
11.3189
12.664
8.67775
11.3717
14.219
12.1321
10.0919
10.8985
14.1174
13.136
10.3263
7.98899
12.5971
14.9459
10.8189
6.19847
14.5546
9.55209
14.9488
12.4264
4.57443
9.13498
10.7128
11.6547
14.0477
13.3838
14.7696
8.92948
8.89854
10.4079
10.928
13.3963
13.0614
10.6186
11.718
13.4725
10.2475
8.85449
12.2523
12.7573
12.5783
12.0317
14.3193
14.99
11.8486
13.1908
7.64212
11.6481
8.29955
10.5669
12.8661
11.8447
10.4063
13.3855
10.4372
12.1407
7.36068
14.7125
10.2868
13.2821
13.2067
13.539
13.2419
13.2081
13.0137
13.2513
12.5313
6.48563
7.53933
14.7351
10.2233
10.4519
14.6575
14.5302
10.7278
8.22783
10.0529
13.5555
12.4206
13.5728
11.7157
9.06154
13.7759
8.16048
11.5788
5.96482
13.8815
9.5136
13.6627
7.08676
12.5546
5.9648
13.7026
14.4166
14.2292
8.4285
9.56092
8.36701
13.7933
10.7151
13.011
13.8225
9.65391
5.52338
13.8589
13.6967
10.8052
10.5076
9.58833
14.3758
9.22371
9.35225
12.8601
6.664
4.58812
14.3926
11.4039
12.4857
12.8597
9.84083
13.2369
10.015
11.515
14.3982
9.17325
13.5716
8.92587
9.89645
12.007
6.64855
8.21808
10.6363
10.657
8.14357
6.05271
7.12306
10.1632
9.84746
13.0748
11.1237
10.2377
9.14529
12.862
12.8753
11.6878
11.5188
10.1448
5.93219
13.8645
11.6324
8.99361
12.1069
11.1632
11.7836
12.1055
9.68291
14.3073
10.627
14.504
14.044
11.0875
13.8709
11.8656
10.723
11.082
8.35081
12.6943
14.8831
12.6648
7.82509
14.9264
11.2495
10.2818
14.0045
12.5173
12.2603
9.99148
13.0292
9.45663
10.0602
13.0558
11.096
11.8699
12.5156
11.902
13.457
14.9222
10.4766
12.6984
11.4722
11.4744
11.4922
8.92071
14.8895
9.86049
14.4563
9.5529
11.2379
12.4919
8.38374
14.5849
11.6874
9.61904
12.4481
11.4859
14.6485
13.5687
10.71
5.76133
13.6284
14.2193
11.2305
6.0522
6.65161
11.1088
9.45328
13.1283
9.55325
7.02671
5.71706
7.96913
12.8878
12.9133
11.921
12.3893
7.22323
9.46916
14.2134
10.9891
9.3671
8.91452
6.53372
12.9018
11.911
10.4296
9.56659
11.391
11.3892
10.1581
9.62051
13.1887
11.6126
9.48789
11.8333
10.2658
12.6684
12.6658
10.4266
10.976
14.3468
6.3545
13.4149
10.9608
13.3724
8.12325
9.40549
10.9199
13.3076
7.6192
12.0956
13.9472
9.53367
13.396
5.73526
13.2054
14.7876
8.31001
5.51911
14.2126
14.4418
8.35776
13.716
11.3905
14.5716
5.84947
14.2585
5.93938
8.56503
11.9614
11.9088
13.2918
13.6929
14.4643
12.6433
9.93878
10.0521
14.7946
12.8714
10.1422
12.9756
6.03662
6.58974
12.4113
14.6728
8.39799
12.0662
10.101
13.8486
12.899
8.8133
11.4911
9.99844
10.4053
5.06222
12.1454
6.26092
10.741
11.3292
10.9933
13.9915
13.6868
11.8202
5.91548
14.5137
14.4455
8.49461
12.1724
13.8696
13.1412
14.3964
14.2272
9.5766
10.4746
13.9669
8.42436
12.4687
12.3637
14.6465
7.42848
11.6121
13.9631
13.5785
8.03814
14.005
13.8706
14.3961
6.25215
8.52691
10.1194
13.0788
9.16386
14.8232
12.1455
10.3029
13.8848
14.5169
11.7331
8.79359
10.1246
13.4289
5.94024
11.6604
13.8328
8.49527
14.4337
14.5038
13.2226
11.9203
11.7625
12.8843
6.97708
6.32715
5.72527
6.32258
8.79491
6.72793
8.2484
10.7433
7.13704
14.2462
5.21081
12.1906
13.9241
12.27
11.612
11.0081
10.9993
8.51487
10.8585
8.1258
14.8719
11.7738
14.3415
12.8003
9.60962
9.9402
11.1951
8.78454
14.4154
12.9466
13.8167
12.9305
14.753
13.4965
8.55005
9.37249
10.6773
14.8175
10.897
13.9895
12.5785
13.0741
11.7369
6.63734
14.8141
10.5588
13.1439
11.194
12.0439
12.2269
9.90585
14.6218
9.69096
6.02746
11.2747
11.65
14.5705
13.3181
14.5813
8.33469
14.0839
11.9606
12.4375
10.3904
13.4226
13.3286
12.0858
9.17396
13.6433
8.98231
10.8712
8.73852
13.0436
14.8801
13.103
9.31249
14.036
6.9626
9.13201
11.8111
11.8493
10.0005
10.0692
14.1526
14.0767
5.28822
8.11204
10.7831
9.56089
12.9462
14.5766
12.3426
10.5798
11.0922
12.6257
14.6449
8.47714
10.8869
14.2372
11.9784
14.2741
14.1412
12.1267
10.5077
13.1309
4.95433
9.48832
12.6329
13.9144
14.4076
6.65362
8.16167
5.57794
10.1889
13.9126
11.1827
5.82342
6.99108
9.63457
6.26835
8.19245
9.27421
10.8447
14.483
11.4964
12.8655
14.6802
13.6592
13.5955
11.2921
9.16299
14.4446
10.0562
11.993
12.6625
11.1877
13.9746
6.15427
14.7905
6.30851
11.7345
9.01371
11.3071
11.1427
11.6159
13.267
11.2649
9.83016
13.5403
14.4825
6.36303
8.61075
12.1824
9.54479
10.9564
8.47433
6.99023
6.18923
13.4339
12.5266
12.1277
12.7166
13.0804
9.70547
14.5003
11.9349
8.89703
11.1906
13.5827
7.65267
13.8934
10.192
10.6079
8.75854
8.77909
10.002
8.93487
6.90753
5.81379
7.76731
13.7699
9.4295
13.4374
11.1551
8.1011
10.4454
14.497
12.54
14.3096
11.7171
12.1882
11.9681
14.275
8.69146
6.57591
12.6313
13.9426
13.8932
12.548
13.0579
11.3676
9.94645
13.5008
6.37723
13.6653
8.84437
10.2996
10.3611
10.0887
13.7063
8.74519
13.3824
11.2266
9.25678
5.68662
10.7207
11.8097
13.4566
8.66255
10.9064
6.14854
12.4031
9.41444
8.6507
8.74211
10.2813
9.92447
14.4397
8.80417
6.39169
13.949
7.97339
12.3605
11.6249
13.8207
11.0922
10.3485
14.6368
13.0385
13.3078
10.2092
14.3088
13.7253
13.9075
11.076
12.2962
8.71346
11.7348
8.86815
7.62745
14.9872
10.3504
11.9923
14.7259
11.0674
10.8299
5.71172
7.84757
14.3289
13.242
13.6951
8.14024
13.0822
14.7743
11.9417
10.7687
5.91844
13.4724
8.95551
11.374
5.40842
13.0606
5.67117
14.3899
11.9536
13.79
7.32007
6.26111
8.51005
9.54366
8.43178
5.5748
11.7458
8.98871
14.3701
5.76017
10.8507
11.8137
13.0046
11.7341
14.6539
14.5506
13.5362
9.09787
14.7714
13.7152
14.0158
14.9956
10.5652
12.6052
14.8022
12.1534
12.2472
8.18896
8.22714
11.0575
11.6978
11.0144
13.1632
10.5401
14.8335
14.8263
11.7913
11.4334
8.47502
12.1499
13.9992
11.9647
14.754
5.61925
10.0117
9.6157
10.3151
13.2374
14.9833
13.9957
13.3752
13.1868
14.7093
8.84816
14.5835
10.9972
13.2963
6.14305
7.93653
13.5284
13.3975
9.87758
14.4198
9.74637
14.2534
9.29813
12.2624
11.7646
5.22744
9.05607
9.11203
11.7913
8.77998
13.3476
14.7944
11.4139
12.0924
9.83603
5.82945
14.7383
9.5431
13.4141
9.69205
13.3372
9.39967
8.82524
14.8387
9.87373
12.2145
6.07094
9.8965
14.3192
6.17636
14.6472
10.9957
12.7923
6.44583
11.0116
9.22713
6.32054
14.3096
14.4969
9.26708
14.276
12.4872
11.2735
12.3159
11.0621
13.3608
14.3761
13.9345
13.8047
13.5857
6.59269
7.32138
4.52088
9.43084
12.5567
12.7389
12.4541
14.0867
14.7479
13.2985
9.7257
8.81578
8.25294
7.42085
9.26198
11.8744
12.4402
7.91828
8.93765
13.7742
13.6103
10.5353
13.1537
12.5833
12.1715
8.34652
14.9326
14.4853
13.3109
14.6816
8.82698
12.9166
11.851
10.7559
10.9001
14.4144
12.9079
10.7438
13.6537
12.3871
11.7671
8.89268
5.60193
6.39661
10.4672
8.09572
14.5344
13.912
7.16046
14.4709
13.7995
9.46645
9.62834
13.2978
9.88624
9.89456
7.85624
8.88958
10.9083
13.3418
12.4466
9.62374
10.3492
8.53366
7.26691
9.72237
10.2384
13.8476
14.1212
6.98052
9.54157
13.8473
13.697
13.0063
13.4407
10.5301
9.19053
14.7601
10.28
13.225
14.5041
13.2357
13.6575
8.5165
11.9439
13.8241
10.6787
11.6953
8.40816
12.9386
11.9086
10.8872
14.2971
11.1135
13.0747
13.7876
5.29195
5.50862
14.0159
13.2576
13.6063
13.8533
14.0333
10.9607
10.1151
9.64419
14.6748
11.7481
14.7078
14.8743
12.8142
13.9979
11.8874
13.9502
8.66105
13.8813
8.36953
9.25887
13.3574
8.25852
9.66891
10.3897
12.1633
14.3896
13.4842
11.6888
13.275
11.4347
6.59105
12.2694
7.66715
5.50012
9.38914
11.5739
14.1122
9.39998
14.2981
12.4672
10.2593
9.99247
13.03
9.10232
9.33595
13.5955
12.73
14.2905
10.5676
9.98016
9.67814
12.952
11.4001
11.6054
12.9778
14.0187
14.7066
14.2332
6.90166
6.34128
6.79605
9.12264
9.49436
6.2588
6.541
12.646
10.1025
8.72033
10.493
13.948
13.9857
12.5146
8.42303
10.3003
12.3487
12.6665
6.66564
11.4796
14.5514
13.6833
5.84728
14.1747
10.9336
13.8529
14.5848
9.13912
10.5381
13.5275
9.50552
13.621
13.8151
12.2823
12.9493
10.8538
8.91208
11.2387
10.8043
10.1749
8.57832
8.09671
11.4285
14.2978
14.3353
10.7803
8.90201
10.8204
8.9124
14.0863
8.02666
5.68842
13.2486
12.4278
14.4289
11.8259
12.8418
7.06378
12.7124
11.9217
8.39966
9.92653
9.5608
12.364
10.0445
11.2119
14.293
12.5139
10.089
13.4892
9.35355
14.8269
7.97837
8.75672
14.1456
8.37409
8.08605
14.1375
11.482
14.6532
9.99717
9.43689
13.2954
7.60659
9.48711
13.0191
12.2812
14.6425
14.3315
10.2704
11.8551
7.83131
10.9543
11.3518
11.9346
14.3323
13.0675
4.92444
9.07586
14.1306
10.1674
8.91929
14.3923
5.60398
9.16558
12.2672
10.459
10.9617
9.31482
10.0292
12.3035
14.3587
10.6047
10.1692
8.85105
10.5888
5.73571
14.1465
14.3235
6.41628
12.8319
14.6625
11.3168
10.6791
10.6344
7.47285
13.7653
12.2131
14.4642
14.1335
13.9212
11.4098
10.8658
10.9199
12.3336
10.42
4.38802
9.65544
14.3644
9.28907
12.9107
14.8905
12.6062
5.79395
7.18857
8.77254
14.1849
11.4913
13.5942
7.15739
8.59142
11.8044
11.1489
8.61956
9.18212
13.8812
14.5768
10.3881
10.1502
13.6685
14.4203
14.5994
13.8269
12.6642
13.8728
11.8975
10.4811
14.9516
5.54008
5.30201
10.216
9.99649
10.5473
7.20938
8.55524
14.6356
14.8052
12.5481
14.7189
13.7619
6.49376
14.7206
8.07158
10.6626
13.16
8.69188
13.2429
9.87868
14.8658
9.28743
13.2452
9.77869
9.76701
12.9394
10.3339
10.7043
13.52
14.5946
11.5931
13.8372
10.4194
13.4118
14.6593
8.3672
14.4552
8.86161
11.7766
7.24391
14.7142
11.0451
11.9344
13.5124
10.3382
9.42043
12.1658
13.074
12.7256
14.9743
7.96991
14.2717
8.92214
11.4514
11.579
10.1169
8.04714
13.8058
14.7022
11.9572
13.4847
9.95578
12.266
13.1977
8.71083
13.3357
13.5867
14.689
9.05931
10.8085
10.69
9.00326
11.3758
13.8283
12.5408
13.843
11.7554
14.5583
12.3169
8.24448
8.8709
5.13593
10.486
5.99938
10.0316
6.61516
10.4709
7.97079
9.93804
8.62852
12.8485
10.3302
7.74179
12.6306
7.25981
14.7676
14.8239
13.8432
10.7061
10.8819
8.4492
13.3537
6.06648
7.70776
8.29706
8.38394
11.0572
6.06868
4.89445
11.6944
11.4725
5.50125
10.5069
12.0856
6.58526
5.44672
14.1864
13.0674
13.2721
14.5563
6.01974
13.8013
13.0877
10.232
14.4492
11.2528
14.757
11.7846
11.1184
14.1193
14.3605
12.0914
14.4001
11.7715
14.6147
8.71428
9.7564
14.0538
8.0442
14.9763
13.5537
11.9766
14.4008
11.3363
14.3661
13.5286
10.7574
11.3558
6.01108
12.3528
8.65823
9.72275
7.71899
8.98071
13.0574
11.82
12.5782
13.3735
14.8372
10.3794
6.3733
13.3651
8.34975
13.3181
14.5502
10.1292
10.462
10.9179
11.7265
12.4183
9.88299
11.0987
14.85
8.24006
12.312
10.8261
7.28242
4.11364
14.6798
8.03963
12.1248
5.93301
14.7093
14.477
11.2792
13.9575
13.6294
11.8372
8.34747
10.2361
10.5337
12.6367
10.3252
12.8045
8.99578
12.278
9.17683
8.14934
7.89498
14.7267
14.5865
13.0644
13.9017
14.2137
8.83024
4.89554
12.9637
13.3643
10.1918
6.8711
14.757
14.1515
14.6204
10.6322
12.0783
10.0878
5.59529
9.42498
13.5417
11.2331
8.69165
12.3977
9.83585
12.8699
4.26148
10.5096
12.1476
10.6528
5.91909
13.6662
8.89217
14.7031
8.90952
14.9064
8.43798
13.5909
13.1483
14.6464
13.6621
12.0293
11.5447
12.6704
9.87718
14.1067
7.96186
9.47298
13.2576
12.8756
6.32952
9.94734
12.2832
13.8809
14.9414
6.46974
11.2623
14.4764
13.5355
9.93757
12.174
13.3566
5.7291
14.7188
12.274
9.98596
11.3712
14.9314
5.96511
10.3837
8.85286
9.67832
10.1456
12.0745
9.17391
8.07008
5.89691
9.6824
14.6755
9.94703
13.567
7.98153
14.0097
14.5383
11.2214
14.0661
8.60097
9.74306
9.76868
11.0092
11.6001
13.8768
14.8153
9.78322
10.0259
8.95595
14.3505
9.93887
14.964
11.5851
8.31061
9.58125
10.5726
7.49511
13.0122
13.5112
13.3723
12.757
9.42213
10.9618
11.9092
9.00252
13.9174
9.49236
8.68962
10.5053
11.4322
8.65706
13.4812
12.8451
11.1131
6.11408
9.54245
12.0341
8.86977
14.65
9.9441
10.2675
11.3954
9.1034
6.74025
14.0667
14.5365
10.5989
14.636
12.1561
10.1402
12.8718
12.3824
13.1076
5.62131
13.3313
13.4275
8.32776
6.50759
9.89275
14.9891
14.8245
13.4661
6.52971
11.0167
14.601
10.8869
11.7354
10.8471
12.4439
14.0002
13.6437
14.7782
10.6585
10.5381
11.3005
10.254
10.3537
10.9832
11.435
12.598
14.1385
11.7399
13.1508
13.7171
9.04391
12.6055
5.75158
13.6025
14.5713
6.54112
13.2901
14.2577
9.31732
11.179
12.5584
12.9118
9.54788
11.8457
14.73
9.82279
13.2741
8.72581
12.9203
11.668
10.7401
13.1845
7.31141
10.5427
5.59249
9.75262
10.5338
7.74509
10.1313
12.2947
5.81818
11.894
9.42031
7.05678
14.0934
6.54697
10.6797
13.6623
9.55883
9.90453
11.8625
14.3719
14.9481
10.2577
8.32189
14.0707
14.3725
12.9495
12.7311
9.87754
12.3945
7.62581
10.3172
9.38785
8.29002
12.727
11.7576
7.44178
10.0183
14.662
14.8472
12.0096
10.7301
9.32416
5.97691
5.84863
12.5641
13.0363
10.8026
12.9641
14.7618
12.4637
10.4127
8.94811
8.09532
5.65496
14.5498
11.6232
12.847
10.8992
14.1507
8.55716
10.1174
13.7344
9.88783
12.7577
14.6507
14.7861
14.2301
12.767
12.7078
10.4157
13.714
12.578
9.87673
10.485
11.2906
6.66566
9.24786
10.701
9.60444
5.98473
10.3552
13.1362
11.9504
14.071
10.0139
10.6635
11.364
11.1249
12.3924
11.0221
12.3445
9.97717
6.58816
9.36654
13.6847
5.84179
10.0515
10.0073
11.4222
13.1263
14.1563
9.28384
9.35101
11.8888
14.1334
11.1457
12.7425
9.52292
11.4774
12.9429
8.03221
10.5121
13.5337
14.7192
9.38678
11.0145
9.65972
10.0819
5.87481
8.26244
13.6091
12.2924
12.9251
13.0891
12.0292
12.8258
8.80386
12.8448
6.05212
11.5729
10.8469
12.9321
13.1938
7.75505
6.31289
12.8159
13.6682
11.6841
11.2031
8.59795
14.2655
14.7929
6.13604
11.6305
9.00963
6.02296
12.0754
11.8271
14.9993
6.23269
11.6034
12.0835
10.0029
13.188
14.075
14.5643
14.4172
12.3276
9.79309
10.7876
13.0346
14.9323
9.07549
14.1588
13.1235
11.172
14.4443
8.53079
13.2937
12.0167
10.6329
10.6751
14.8692
10.0025
9.59946
11.9852
14.4891
8.94217
14.8374
12.353
12.2079
10.9615
11.6205
10.9021
12.6893
13.3805
11.5428
9.68375
12.8991
14.372
13.2455
10.5542
9.57483
9.46224
11.6509
14.8839
13.241
10.6232
14.3176
14.8252
9.22798
11.7061
9.38839
13.155
12.2433
13.7705
11.9362
14.929
13.0103
5.63528
9.32012
6.20262
13.7564
11.3034
14.9969
12.3317
14.0008
11.9364
11.5704
8.85811
14.5743
12.7688
5.76559
5.39359
14.8404
9.35567
9.30209
6.76962
12.9672
13.3589
10.5337
14.5549
8.10426
5.17628
7.7401
12.6554
9.48508
11.8316
13.1192
12.1643
13.7751
10.6076
14.487
13.8709
10.361
13.9838
9.20124
11.4609
13.0141
11.774
14.4991
13.5328
11.533
10.4382
14.7532
10.0725
8.90596
8.2287
11.8562
7.84773
13.8151
8.33396
12.1782
14.1307
10.3289
13.2803
13.0985
10.8492
9.38886
12.4016
11.8491
8.89063
13.3626
12.9486
7.90689
13.9261
14.1131
13.0811
14.0995
13.1673
12.9273
7.03415
11.4751
6.00775
13.9209
8.10886
11.1353
9.21761
14.4601
11.1772
11.8256
10.4896
6.36218
13.9828
11.9966
13.7989
8.56822
10.5607
9.4088
13.7948
12.1059
4.74296
13.5812
12.1232
13.5633
14.1359
7.80459
11.3628
11.19
12.7259
10.7264
8.84164
11.1586
14.9738
9.53029
13.0092
14.3395
9.75897
12.1409
5.38811
12.8463
9.42874
11.769
6.72
13.4774
11.149
12.1256
13.3927
6.79312
14.7104
10.9213
10.44
13.0804
13.7221
5.86428
14.2452
11.7713
8.80797
12.7631
10.8347
14.5117
7.17591
12.069
5.79799
6.50131
9.66044
12.0643
11.7089
14.7243
11.6465
12.405
9.47464
14.5945
11.7156
14.6247
14.8871
12.6272
13.5135
10.8655
9.9995
11.5665
5.46247
12.8947
11.0036
13.6399
12.5504
8.08711
12.0477
13.7814
14.3081
7.32993
14.2383
4.80316
13.1766
12.8145
12.8234
13.661
9.4896
11.613
6.54491
5.76124
11.2263
12.1719
13.2363
9.3646
11.7401
14.2836
10.6775
5.6004
10.0099
14.3231
13.1752
7.34766
14.4078
8.43116
11.5255
13.7788
11.5442
6.09516
8.6521
11.4542
7.23391
5.14848
13.3816
9.88529
7.17053
11.7029
10.871
6.77127
14.9424
6.03951
13.2999
5.76656
8.84294
14.9044
10.9865
10.0448
5.20449
14.0808
11.3383
10.9994
11.661
14.3857
5.33767
12.2032
12.4615
14.8193
9.7941
9.54845
10.4104
11.9714
14.818
10.0521
12.3278
13.2743
10.9692
8.69705
12.7674
10.7496
9.95651
11.1215
12.1486
14.5491
14.0923
9.96675
6.19053
13.5432
14.0747
14.1367
13.133
8.20675
12.129
8.95759
14.5711
10.618
9.81751
14.0228
14.7147
8.27787
12.9954
12.8857
14.4436
11.9967
12.2934
9.47612
11.0013
8.368
8.16415
14.7143
7.35455
14.8124
8.50409
10.859
13.0119
11.0479
13.8539
12.7334
10.6855
11.2452
11.4642
11.3713
13.5829
12.7287
12.5035
14.5597
11.2664
13.9243
13.7445
13.9883
14.1329
11.664
10.9894
8.3651
14.0439
9.47271
5.5721
14.6505
12.106
12.6371
5.46785
11.7919
11.9668
12.5758
13.3758
14.4512
4.71494
11.0934
11.059
11.9393
9.72891
11.4256
10.2336
9.86176
13.7051
13.8208
10.7233
10.9234
13.1768
6.27777
6.97653
12.4794
12.4017
14.858
14.6447
13.9139
14.5452
11.4115
13.9665
5.92599
8.21912
9.80154
9.3285
9.74841
14.6773
11.0601
14.6399
14.5174
13.3043
10.7954
10.7899
6.14397
10.4046
13.742
10.2765
9.72498
7.21729
4.82103
12.7646
11.8581
12.271
9.94827
13.5696
10.3006
9.44343
13.8298
6.05888
9.06072
12.692
10.1378
6.48918
6.76631
9.6343
8.30783
9.22408
13.5221
11.6736
8.40867
3.64056
8.38085
9.6154
10.875
9.68193
13.5816
9.61225
10.6056
9.55791
11.7359
10.2954
11.9315
12.3489
10.6596
9.20951
12.6564
8.22369
9.88258
9.53454
10.9107
10.1982
10.3488
9.87846
12.6358
8.21037
11.971
13.403
9.78581
11.314
13.9615
10.8401
14.8807
14.3218
12.9351
14.7517
12.3434
14.5649
13.4386
12.5423
12.301
8.17527
8.56119
8.24381
14.6655
5.58492
13.4204
13.0032
13.6009
14.1508
13.1691
9.65634
14.7094
14.3584
11.1586
10.4
12.8553
10.3128
12.2592
14.1039
10.5262
7.92327
10.9796
13.0748
9.95941
12.2118
10.9665
12.7606
5.21742
11.3551
8.91634
13.8318
13.0186
12.957
14.4338
13.7873
12.4464
10.3934
12.6642
9.71155
10.4263
12.1036
6.7688
6.64111
13.1178
14.6277
14.3774
10.6472
12.0167
14.3775
4.40747
11.8011
11.0267
11.9652
11.3984
6.83459
11.1198
7.43172
8.04124
12.9696
14.1972
11.5116
13.6186
13.6429
7.00779
10.2939
14.5687
12.2537
13.2766
12.8559
12.585
7.86235
14.0338
14.0577
6.91327
10.6736
7.81347
5.49273
7.58336
10.1467
12.3434
14.055
12.3866
13.5978
14.9323
10.1557
9.97683
9.36795
14.1365
11.0816
5.89212
13.412
7.84297
12.8796
14.6269
14.4887
11.5244
14.3454
14.1176
10.2594
6.51066
8.77781
12.4145
13.9871
11.2069
9.22511
12.7695
11.837
12.7508
11.5603
13.633
12.273
13.4493
12.7418
13.6828
8.43988
13.3114
14.0426
11.9359
11.7604
6.71484
13.2073
14.5611
12.9575
11.8577
14.0905
7.20604
11.1625
14.804
14.7305
14.6061
13.1993
9.62722
12.4091
10.8604
12.1485
14.0763
10.2324
12.3403
6.65303
9.10749
10.7742
12.8987
14.3064
12.9187
5.94309
9.60116
10.0409
13.1252
7.29796
14.6002
11.2922
6.05584
11.8605
9.19543
6.66906
14.4171
11.1611
7.33819
9.52503
8.18252
13.7521
8.83906
9.42065
14.0459
12.5589
7.46304
14.9713
13.2713
11.0666
11.0107
6.03085
10.8125
12.7275
13.004
8.34692
14.7526
5.10142
6.73844
13.8367
13.8016
14.2287
14.0202
13.2464
13.9907
10.4333
7.63055
13.5246
12.1177
9.40456
6.33947
13.4702
7.41776
9.78209
12.3629
14.5144
13.5807
9.82888
8.9195
12.6754
12.1009
10.8404
8.71353
12.0563
8.48811
13.0415
11.1655
12.9823
13.5919
10.8368
9.34428
6.60309
14.1657
12.014
14.4441
10.5149
14.062
13.6548
11.0089
9.41548
14.9038
8.52433
8.47995
6.1151
7.47358
14.4981
14.9487
11.9506
10.4238
10.9928
14.6611
12.5356
9.43657
10.0496
14.8596
11.8129
10.0656
6.40157
11.5649
13.3338
5.89653
8.17982
6.05916
9.65295
8.45777
7.8589
13.6944
13.2406
8.11303
11.336
8.32909
11.4259
12.8124
14.6965
10.1161
12.8943
12.4234
14.157
14.4528
14.0798
7.0204
9.14476
11.0752
12.4766
11.3922
13.4741
13.3807
11.8711
6.08142
12.3891
11.4427
13.2461
11.3384
9.03089
9.63709
8.85706
5.83525
13.6055
8.47689
8.85053
10.8496
6.23003
10.1532
11.6466
13.8284
13.9983
9.19022
11.7857
12.4725
10.6186
10.6498
14.2077
13.2273
11.035
8.78116
14.3825
14.3859
9.4867
14.3096
12.0835
12.1862
12.5486
14.2667
9.98589
10.0727
10.4657
8.47071
10.1014
10.6488
13.7651
9.48388
14.6755
6.64929
14.8219
6.29036
10.643
6.76718
5.93933
12.2135
11.9837
10.7515
11.3272
14.0606
14.1127
10.094
14.7496
5.42809
14.1673
11.0604
10.2982
12.7247
12.1029
11.8478
8.96052
12.7367
12.4503
11.6476
11.1811
10.8124
12.7476
13.0525
12.8847
7.89735
6.91825
14.9065
5.85855
9.7435
14.7287
11.6967
9.10472
10.4804
5.46517
13.8291
8.32825
9.39403
6.19645
14.5701
11.7259
14.2472
11.4026
8.92102
6.66403
12.9922
9.90996
11.3679
14.1337
9.46402
5.80114
14.7669
11.5064
14.9985
7.29437
9.55264
8.48157
7.19695
8.36268
9.81191
9.65219
11.8051
13.2404
7.69819
14.2707
12.833
14.8424
14.3628
12.7084
13.3767
5.9598
11.6793
13.3648
12.9714
9.25831
10.3851
11.6086
12.2104
10.9054
5.48894
14.5953
8.43904
10.7515
14.2121
11.46
10.2551
14.6692
12.639
14.6858
13.1387
10.4978
6.95489
11.3573
12.2259
13.5166
8.05405
8.84545
9.46587
13.6484
11.7159
12.0816
9.41895
8.03235
7.77206
8.33034
7.38392
12.8433
4.3453
5.83276
8.05147
13.8351
14.987
12.2553
9.41506
13.065
6.23936
9.14223
12.2396
9.28163
14.407
12.5207
13.1092
12.085
9.18709
14.2049
12.5797
9.2441
10.5644
6.32912
13.1963
8.53189
14.1494
11.61
12.6108
9.73474
12.122
9.74473
10.8568
5.45006
12.7984
12.2284
12.5668
14.5526
6.66368
11.5634
11.1824
12.9203
11.8545
13.5807
6.5264
11.6497
11.099
13.3585
10.581
13.8326
11.8352
8.91095
10.1187
14.827
9.74938
8.82216
11.928
10.7435
12.2668
11.2886
9.87294
11.6629
9.38389
8.56733
14.0482
14.5252
9.19284
11.2645
10.5245
9.94532
6.01513
11.0104
5.81557
12.0942
5.76867
13.7581
6.71783
9.06451
12.1482
11.3783
13.5951
11.1888
10.9579
14.0238
14.3449
9.98356
13.5203
12.4201
13.2907
8.50665
9.89231
10.123
14.5637
7.87798
13.5552
8.87945
11.5643
14.2527
10.7796
10.5207
8.67316
14.7141
12.6335
13.3144
14.6987
14.3945
14.7009
14.0719
13.7191
7.00882
10.4685
7.33597
14.6535
10.4505
10.789
14.3087
9.65227
14.0719
12.6219
5.76805
10.0079
12.9118
12.4622
12.2533
12.0418
10.9323
9.21951
11.5081
8.03499
13.3371
14.9721
12.0045
14.6373
11.3092
14.5616
10.1795
14.4091
12.153
14.2701
12.4621
13.5619
10.3229
8.00103
12.4056
11.6786
11.4836
14.3045
13.2304
13.24
10.6295
6.27814
10.4378
14.29
5.54397
9.18506
14.3967
13.1524
10.0446
10.927
14.0694
10.8322
11.9394
10.118
9.01414
10.2996
11.7564
9.70946
12.0341
8.78365
14.3546
9.58877
6.01579
14.7484
12.0644
12.9647
12.3537
7.23154
13.6555
13.9604
12.4773
4.90913
11.8182
10.6766
14.5087
6.1106
9.85559
14.7581
8.03805
13.8656
14.5696
10.056
14.7702
14.2773
12.1507
10.1418
13.7556
9.51631
14.306
10.5008
12.5406
13.7333
10.1498
10.3982
12.5662
14.7807
12.7278
11.2053
10.2951
11.3691
12.1578
11.6607
12.212
12.6204
12.5708
13.6887
11.7833
8.71201
14.2571
13.6299
12.5965
12.3227
8.71263
10.1415
12.7185
12.846
7.75921
13.9352
14.1249
11.4578
6.13445
12.5754
6.43488
9.78526
13.9835
14.2605
12.9297
13.9416
7.59193
14.1557
13.9375
6.93034
13.5734
13.7739
8.68832
8.5444
13.4118
14.6181
10.3085
8.84485
9.74446
10.3285
11.7149
14.2097
7.16121
6.1302
13.5678
11.6049
10.732
12.5066
8.69762
14.0939
13.7022
12.6366
14.749
13.8354
13.4734
14.0371
8.28224
5.51358
11.3374
14.5259
14.5372
13.1528
14.4463
10.8379
13.8938
8.57188
11.908
10.5168
14.8379
12.9279
9.26702
11.8842
12.7927
9.30942
14.7701
12.9011
13.0591
8.89122
12.4159
6.16336
10.5571
12.4984
9.87176
12.0021
14.4418
10.6258
12.9339
11.8389
10.188
10.5298
12.1896
13.9833
7.57687
8.08923
14.9866
10.318
12.4903
12.0388
13.1362
13.2038
4.0716
14.2223
10.9327
11.2602
14.2611
14.0144
14.2089
8.67727
11.3025
10.2903
11.1333
6.87725
11.1292
12.1555
13.95
12.0169
11.6365
10.5449
9.49447
11.3332
14.7273
14.0935
4.97251
12.827
14.8977
8.84709
6.54483
7.88213
13.5501
12.5167
10.563
8.84237
14.3
14.9486
7.27214
7.36097
9.75501
10.7405
14.5775
5.08371
8.16472
12.3503
12.2384
9.6774
10.6126
8.81206
10.8978
14.3026
14.3862
14.6336
9.88768
10.3967
7.62333
7.09906
11.5045
6.74268
13.6226
8.01662
10.4031
9.75207
5.28538
10.7333
9.44513
14.0432
10.3354
5.47007
11.6039
13.6239
9.16299
14.633
14.8877
10.6379
9.8194
9.34862
6.86423
6.44747
6.39368
13.3389
8.52886
12.4506
12.5918
12.0124
9.09403
13.9877
14.3715
10.4919
14.4689
10.239
13.8482
6.12709
10.0281
14.3631
10.7789
14.1376
14.6723
5.51737
8.49771
10.226
9.81811
12.0594
14.7836
8.6841
14.4288
10.569
11.8603
13.5595
10.4915
9.49924
10.3535
9.37304
11.5418
11.5518
14.3027
14.9793
12.9406
6.234
8.98424
11.3362
11.2388
13.8206
5.81392
10.4247
7.70199
8.77374
14.2438
5.94565
9.69423
13.675
12.9606
13.4848
5.90164
9.78808
13.9987
13.0871
5.89173
14.9881
13.858
14.0611
10.8934
12.2395
14.5971
8.73557
13.3742
14.3919
10.0605
12.1749
13.7532
14.059
8.77316
9.34648
5.60871
11.1705
14.9401
13.2112
9.53687
14.9221
7.96283
9.80714
9.25007
11.6503
8.91701
5.67108
14.7752
14.0373
14.3626
8.21918
9.02501
14.1291
8.9191
8.98093
12.6738
11.4997
13.4091
12.4931
10.1339
6.88138
11.0964
8.52408
8.90832
8.83638
8.16994
13.21
13.5693
11.171
10.6722
8.92496
11.6617
7.33824
11.1356
10.411
14.0242
5.60913
11.5931
8.55339
11.5746
6.8093
14.2961
8.39765
6.87838
5.83476
11.3771
11.2413
12.9127
13.9567
9.11443
11.67
11.8467
8.77236
14.1397
10.9915
14.4586
14.4704
14.6813
8.94664
13.0161
14.0665
13.1454
13.6187
10.5858
11.7826
14.0329
14.5459
10.3044
8.47665
13.7027
13.1828
11.9643
11.7776
13.2685
8.64512
8.15225
10.6056
13.0566
10.9705
5.31464
5.95587
7.28026
9.45544
9.58152
10.246
8.39209
14.0304
12.5344
7.15805
11.6248
8.68821
11.1964
6.73912
5.84006
12.5416
12.8227
10.6407
10.7619
10.2725
14.9097
6.28951
13.9469
9.88743
7.15025
11.214
12.0006
10.2234
10.0156
12.9513
12.7091
8.39756
10.1713
14.8914
8.36817
10.0861
14.2256
9.34498
13.9103
14.8605
14.7834
5.67728
7.70258
6.55828
9.74984
14.7649
10.8519
14.1989
14.1824
14.501
9.9267
11.4112
8.09816
14.4761
9.72549
10.5572
13.8874
13.6505
12.7953
10.1348
12.943
11.7761
7.92138
6.05307
8.46458
11.6313
11.1727
13.8073
12.5988
13.2802
8.96046
9.80216
13.2943
8.38968
13.8224
12.5758
8.37924
11.4609
11.6681
11.8212
4.71396
9.83182
13.2943
14.7494
11.1973
12.6498
14.3872
14.1914
11.6557
10.5723
12.6666
10.0458
10.9491
12.3402
12.9104
10.9716
10.4232
13.1025
8.96135
10.962
9.52744
9.07852
8.63956
10.2614
9.76896
11.4622
11.7375
14.2621
13.6894
10.68
11.826
12.5677
8.216
12.9297
8.99486
14.7239
6.63412
9.82338
10.9318
11.8874
14.3828
10.9414
14.3292
13.7337
12.4229
11.0976
11.6658
12.9406
12.1153
9.01542
11.0457
12.6763
7.92582
12.5556
9.93768
5.48695
8.49298
12.6448
13.1668
12.6174
14.4005
12.1574
13.0642
11.626
11.6813
12.9148
12.9446
12.3852
13.5554
13.2012
9.85975
12.1135
10.2475
14.3045
6.95071
11.2175
10.5379
9.90928
13.523
10.9918
14.1736
12.4525
11.2713
7.68269
14.2114
10.6008
14.1918
10.9318
12.5448
13.0146
14.1334
7.73869
12.5889
8.87558
9.51048
8.90088
9.79572
11.4518
13.4687
13.1831
9.89735
10.1063
12.2226
10.9971
6.99921
14.4293
10.5288
12.7128
9.21391
14.3404
14.146
10.476
11.5825
12.946
14.2749
12.3613
14.6436
6.9297
6.67691
8.792
8.27665
12.1739
10.5795
14.8349
12.7259
13.6432
8.93256
9.96822
6.44372
12.1488
13.7188
10.7687
11.6124
11.5631
11.4714
9.76478
12.4326
11.6774
10.068
8.39916
11.5943
8.30686
14.9559
9.8945
12.8961
11.6423
10.3422
14.4055
13.8568
10.346
13.8433
11.8653
13.3152
14.0267
7.70971
14.8178
6.55608
14.3257
14.5078
10.2172
10.408
13.6107
7.1701
12.6216
10.7727
13.5488
14.5501
6.50778
8.53845
10.9869
13.1218
12.942
13.6469
10.0144
13.2244
14.1252
6.11914
12.3972
14.5497
11.7858
10.3033
7.33813
11.8393
14.86
11.0594
9.26644
13.6096
12.192
14.2698
10.6603
8.66484
10.1126
11.1589
9.17281
11.6001
6.67376
8.66636
13.7525
9.87138
9.83116
9.79928
14.0306
12.2348
7.69241
11.8197
6.06581
12.9831
14.8858
13.2926
9.79175
13.1834
12.5413
10.2261
11.7853
12.4242
11.4429
12.6981
9.86015
10.214
12.3634
11.3419
14.0556
10.0562
9.46399
13.8512
14.6786
10.8683
11.3629
13.0703
4.4015
14.5087
9.76568
12.3869
12.9084
11.7641
6.16764
10.7699
12.3543
9.91185
9.25328
12.2236
13.2545
13.4684
13.4828
8.75311
5.88469
14.8624
10.2366
13.0921
13.7612
13.3531
13.9252
11.4666
5.00136
6.07032
14.6655
11.6932
13.5386
12.1183
13.2433
13.9607
11.9385
12.5033
12.4271
9.03594
12.7862
13.8285
13.1983
6.24992
8.64565
8.78147
5.87697
6.44941
10.3646
11.5176
5.31888
9.76273
11.806
5.99303
13.7419
13.8383
5.82377
11.605
10.9591
11.9636
9.90536
13.4642
8.40255
9.36355
12.9236
9.82555
14.8063
12.476
14.1661
12.493
7.4348
11.1994
13.6147
13.0937
13.8003
6.09193
11.9086
10.4216
10.2966
12.2781
14.2655
9.97072
9.48005
6.63202
11.535
7.96467
11.1813
6.17057
12.3118
7.19301
12.396
9.78522
11.84
11.7946
9.40992
5.47984
10.5209
14.8743
11.4825
12.9291
9.83736
12.9116
11.8534
14.8316
10.9343
11.5996
9.74514
7.71965
9.68794
10.8204
10.9798
12.8968
8.66015
14.7785
7.73762
12.7652
12.8716
10.3265
12.3749
5.97522
5.66798
14.5872
10.3193
12.1546
14.0404
10.7885
12.9613
9.82998
14.853
12.2822
10.1766
9.43328
8.9958
13.3964
11.8595
11.0414
14.5283
14.1387
11.2548
9.73874
11.1488
11.3417
11.2465
13.7887
14.0818
10.63
7.37003
11.59
11.2187
14.9087
14.8578
9.88129
8.74531
12.9874
6.35938
8.66306
13.666
12.3328
14.5078
5.6491
11.0312
13.8847
13.0762
11.8044
13.5154
11.8711
11.6728
13.8838
12.9614
13.2337
5.96632
14.9915
14.3084
13.213
10.2475
10.3369
7.03965
9.59299
11.6128
14.3763
8.55274
14.5988
6.67865
9.33307
13.046
8.49349
9.40746
9.288
10.8926
10.8089
11.2971
7.08808
10.6031
12.6057
13.4467
13.0362
5.55267
13.404
10.9481
9.50967
12.88
8.49497
14.7598
5.85745
14.2776
6.23479
12.4478
14.6527
8.71307
12.6563
5.84892
7.81562
10.1637
8.02939
13.1131
10.6043
8.95095
8.09522
9.71427
13.8616
8.0235
6.0278
11.2337
12.1438
13.7616
13.9369
14.6958
14.5359
13.2519
13.2088
13.1077
9.33923
11.905
14.5239
6.13366
8.64821
9.26411
6.20203
11.8424
14.3621
9.73099
14.7542
9.46044
9.7761
13.0592
14.4274
6.38305
8.63077
13.7421
5.40308
13.3354
13.0166
7.92412
10.2396
10.2292
11.2756
13.066
13.0965
10.9555
14.6138
13.6709
12.2604
6.85165
8.28806
11.4358
10.1005
11.6792
8.67849
10.6551
14.245
13.2526
13.4885
14.8095
11.9823
13.202
14.729
14.0123
14.7215
11.2718
5.09698
7.54534
8.25779
12.8328
9.7759
8.70523
14.7167
6.85619
9.67441
10.4306
11.6026
12.7754
14.8437
12.6946
12.4856
12.0583
12.434
9.05172
8.986
11.4319
11.8875
8.54901
7.55322
9.00315
11.0074
13.4961
13.0507
13.3534
14.3923
13.5523
10.6781
13.1931
12.7131
14.5511
14.5118
11.4221
13.2897
8.46174
5.71403
13.0989
7.0042
12.9725
13.6912
12.3581
12.5498
11.4652
13.0818
14.0752
14.5852
10.2538
13.4178
11.2447
12.7495
5.91971
9.85207
12.9622
12.5639
12.851
13.019
12.7461
12.3132
10.0556
12.101
11.8509
8.72939
13.9931
9.46266
11.755
4.95428
14.4305
11.6064
9.21218
10.3403
10.8866
9.59211
7.20512
8.59487
12.9149
14.4711
13.304
11.9585
11.9756
14.4324
13.2475
8.41328
13.6449
12.0038
13.7654
14.6953
13.9766
10.6291
11.2018
9.88549
10.5034
10.402
11.2811
14.7397
12.7657
9.01285
12.2668
14.429
12.7056
12.395
7.49066
9.67673
11.3844
9.22927
14.5376
12.9804
5.49599
8.63283
14.3104
11.6421
11.4246
12.5567
14.665
9.06529
12.7286
13.156
11.2629
14.2609
10.5615
10.8855
9.94832
14.3451
5.79365
11.3105
5.12062
14.851
8.33935
13.9612
13.7967
11.0872
7.05104
10.2989
11.9925
9.89084
13.3409
9.91831
10.1265
14.2319
5.3683
7.69625
9.42873
9.97315
10.3765
5.39937
12.5264
12.1284
14.2155
13.9348
9.49
9.74291
12.2095
12.1884
14.0689
14.625
11.7614
9.87612
5.60817
11.7512
13.2175
8.37304
8.71652
10.6536
10.5645
5.58022
13.1939
10.1139
10.295
10.2571
12.1546
6.16725
9.60653
10.6197
12.8556
9.06514
10.1542
14.572
6.34914
8.48455
12.3377
12.5908
9.41785
10.2146
12.5583
14.1184
10.8195
10.0878
8.5539
6.30254
10.1939
10.242
12.7965
14.0898
13.3329
9.28246
10.2967
14.9751
13.8315
5.96487
12.3405
12.9465
12.9383
14.2623
13.6177
8.28005
13.36
9.58996
10.7873
14.2097
8.59257
13.4293
6.89751
10.3424
7.38755
9.93833
11.6695
11.0561
13.1575
14.4988
11.4967
13.385
13.6778
14.4762
12.0618
11.661
10.4281
8.54269
6.29931
11.0794
13.0057
10.8207
9.35063
14.9738
10.7162
11.9023
6.46242
12.5718
11.6715
9.82485
13.7022
14.1846
10.7687
4.37668
10.6155
10.6631
9.33558
12.4805
12.477
11.4595
12.4913
11.7375
12.716
9.55066
12.4507
13.7911
14.0332
9.70742
12.5882
10.5202
12.9931
11.2031
12.5463
13.4545
12.6866
6.57497
7.09313
13.6303
13.538
13.5998
12.382
13.4583
14.6418
11.2212
10.5585
13.5033
11.6358
6.45025
12.1708
10.1199
8.49733
6.96628
14.7107
14.2153
12.5728
10.7669
12.5954
7.77724
5.85607
12.447
11.5667
5.94027
14.5695
10.3565
9.32448
5.55025
10.5724
8.72992
11.3593
10.7907
14.0949
13.1133
5.41781
9.87009
9.06439
11.1483
11.0429
14.7271
9.79826
10.6493
14.6152
10.1916
11.096
10.9066
13.5446
6.33889
11.8951
11.6978
12.2137
13.1397
12.6705
12.7091
8.66934
14.3913
12.4085
8.81843
14.7471
13.4953
12.3738
14.6976
5.97494
11.2012
4.59204
13.0439
11.2949
12.7983
10.621
10.5409
10.7867
5.97404
14.718
10.6479
9.23475
5.8681
9.21146
10.7072
9.85942
8.64189
14.2258
10.0771
7.96671
13.6488
13.4526
10.6289
10.3784
13.0197
12.6291
9.09124
4.84886
5.69949
12.6436
8.98881
9.5544
14.38
11.3833
13.3833
9.78474
5.73303
6.62852
10.8578
12.9204
6.09901
10.8721
14.5104
10.3838
5.91784
10.2523
13.9143
12.3689
13.4427
14.7031
9.10556
10.2583
14.3095
10.8518
9.95108
6.60709
7.57264
10.6315
14.1937
6.67345
5.71995
12.0631
9.46154
9.2747
10.752
12.1382
6.65866
14.2041
10.1731
13.3049
10.9351
11.8969
13.0501
9.93023
9.97807
10.8993
13.8802
8.67263
12.4444
8.67331
14.1528
14.9093
10.3781
11.2987
11.7909
12.9372
14.3381
14.4682
9.93199
7.95621
10.5777
9.06296
10.3429
11.0362
10.9922
13.9546
10.0749
9.08498
9.10757
14.3821
11.0972
12.6178
10.0054
10.4206
8.28098
14.1099
12.4278
11.0781
13.1921
10.884
14.9354
8.60491
9.65767
12.0122
11.6221
7.9397
14.676
11.107
8.19289
14.7641
11.3933
14.957
12.9639
6.98866
8.81974
12.2728
13.7237
10.3213
14.3578
13.9253
11.0515
8.97509
13.3076
12.954
14.2647
10.5465
9.48716
14.7781
13.0377
7.46712
10.9497
12.9782
7.35193
9.4655
13.3756
14.7402
7.57268
8.91518
13.99
13.1555
13.4541
13.3982
8.66809
13.3536
12.932
9.46387
9.08884
14.3073
12.6256
12.7713
13.3103
13.1524
13.4546
11.83
13.0574
12.4799
8.46616
12.8797
14.8573
14.7318
11.9888
13.7378
11.3954
11.7905
8.40747
11.9327
13.3043
10.5609
10.5937
12.4448
6.36982
9.68678
13.8871
9.60035
14.9845
9.89529
11.3098
6.02266
9.62097
10.5154
13.217
13.1839
14.907
7.81567
10.0392
10.0137
14.5918
12.0648
9.73577
8.7142
9.71197
6.8886
11.1699
8.10142
13.7039
13.9642
12.3438
14.8574
13.063
14.198
11.2305
13.0314
10.5813
11.3663
14.5433
8.08385
11.4418
10.1287
10.5573
11.2691
8.68573
14.8522
8.22543
13.3776
12.7808
11.2318
14.7827
10.0906
14.8099
10.1868
5.9854
13.7426
13.7946
12.787
11.3938
13.4625
11.9563
14.7705
9.81611
9.27063
9.42764
10.6288
12.2307
9.8195
10.1449
6.01111
6.00148
8.58002
14.4164
10.075
6.1531
14.2831
14.8262
8.95605
6.2926
12.2348
14.3123
12.1561
10.8042
12.1373
9.90022
9.64651
6.17159
14.8337
11.2092
13.8833
8.44643
10.8777
7.33173
7.47181
12.5955
6.29858
5.87956
14.3705
10.5966
13.8116
14.9427
9.30482
9.12439
5.57871
12.1787
11.1572
12.0537
10.7816
9.60499
14.4827
10.6465
13.7741
14.3031
13.7763
13.9765
11.896
14.4661
14.3435
10.8506
14.1931
13.632
11.9897
7.6217
12.6021
14.7656
12.704
8.47196
11.8586
12.7692
13.6504
12.2839
12.5805
11.6404
12.8801
5.45786
9.35431
14.1016
14.4801
11.7576
11.0089
13.4352
12.0855
9.36065
13.9773
5.26016
5.01174
13.2612
9.46667
13.5094
10.6633
8.35712
5.22911
13.9558
9.9717
13.1129
11.2239
14.1387
8.65274
8.62258
10.5497
14.4071
9.46315
10.2925
12.6138
9.67354
14.4894
9.41489
9.84032
6.74574
4.62898
10.3371
6.31646
12.3416
10.1231
6.95137
11.1868
6.42128
10.5184
10.2124
10.2868
6.92336
9.37318
12.5535
14.2874
6.49175
13.9397
10.4554
10.3894
13.5172
9.15469
11.1194
6.83317
10.6443
14.5623
6.29845
12.4693
10.8149
9.33513
12.8548
10.0583
10.6603
12.7608
10.4722
11.3436
12.9157
10.074
6.35226
12.0545
8.72322
12.4124
12.8646
13.2952
11.1626
13.8375
11.8072
10.6937
14.8335
6.87726
14.5836
14.0518
13.8676
14.0057
4.69978
5.91428
14.2101
12.5109
8.67189
10.033
10.3948
12.2889
13.4907
14.4275
12.4068
12.3741
12.5074
13.5202
9.64157
10.6957
12.5366
8.47955
9.17827
14.2482
10.547
9.64112
14.7816
14.0592
11.7963
11.7609
12.6572
10.3918
11.4453
11.8679
12.1589
9.04308
13.3539
8.0149
14.4757
11.1385
14.7444
9.61892
11.8107
14.0562
12.6013
12.6694
10.2246
12.9932
5.15171
9.57471
9.07995
9.36998
12.398
12.4195
12.2487
8.04058
7.9454
7.69085
5.56866
6.50277
8.10176
10.8674
8.11663
12.465
11.9048
13.923
9.73825
13.8082
12.4201
14.0369
14.0781
7.93489
10.2469
11.748
13.2023
7.67458
12.9961
14.4796
9.96082
14.2191
8.31057
12.8832
11.3152
9.51906
10.0163
14.023
9.25513
9.42677
12.6698
5.92948
9.03309
14.5585
13.8434
4.71823
5.84753
12.0087
8.72174
11.8308
13.5129
14.3064
14.7284
10.1353
10.8745
14.0315
10.907
14.2693
13.9944
13.1149
9.19846
10.1528
12.4732
11.715
8.96571
10.5969
10.022
10.6571
10.8276
12.0541
9.9283
12.1829
7.89184
14.439
14.8953
11.4879
11.1219
12.9422
10.9869
10.3994
14.3383
13.9675
8.44163
8.57691
14.4067
13.1263
13.56
11.5208
6.03777
12.7707
11.2187
10.479
14.5792
14.1742
9.60224
13.9707
14.3936
13.218
11.5852
11.9777
14.0894
8.47734
4.83953
5.44877
10.7955
9.69643
10.3401
13.428
14.8894
10.3592
6.03189
12.008
7.66479
9.16358
13.5969
14.3529
12.081
10.2471
9.54357
6.1364
10.0354
14.6495
10.9519
13.8808
7.49863
8.9965
10.0549
9.9752
9.50635
14.0642
11.5792
13.4173
14.1264
13.2906
11.0806
12.1778
11.9798
11.8749
14.2839
9.92919
10.0751
12.7607
13.7327
13.7151
8.14869
8.52568
5.61835
8.88993
10.3831
14.1653
12.2478
13.0442
11.3421
10.79
12.8379
10.2945
9.50206
8.12924
12.9458
10.3266
7.18454
5.21042
14.8298
14.2135
11.0358
8.48894
10.2206
14.4047
10.1598
9.87603
10.926
12.6008
12.1216
13.7731
10.2191
9.03306
12.5117
11.5854
6.26245
5.30371
9.96076
14.8684
13.9854
14.0864
11.9446
10.1701
11.4535
11.3733
9.7079
5.64751
10.9431
12.0927
10.411
8.58448
14.9035
10.3215
5.85183
13.8643
13.7644
6.46032
5.85954
4.50773
11.1569
11.5523
10.7565
11.531
13.6159
13.2526
9.489
14.1026
11.2989
10.9329
10.6105
12.5198
10.6211
14.1663
5.57196
8.34785
10.629
6.32949
14.8001
5.64871
8.75065
14.9332
6.47042
9.52205
10.9894
11.701
14.8975
10.2161
12.0028
12.3891
13.6406
11.7809
14.2006
10.2506
14.1434
14.6987
9.7029
13.3939
9.08889
13.7491
14.5898
5.92424
13.3689
12.8508
13.6051
10.4999
12.9591
9.98558
6.09828
11.2597
9.39886
11.2652
13.7627
13.6617
14.4404
8.79552
14.6584
13.5889
10.3046
10.094
9.00247
11.2901
9.24715
10.7188
9.69006
13.4851
12.212
12.0666
12.6529
11.1195
13.2926
12.2531
13.3319
14.4361
12.1378
10.7364
11.568
13.9142
12.0623
12.2955
7.48328
10.3497
11.5883
13.4632
10.2431
13.4092
12.6933
11.3975
14.6791
14.8204
14.9505
13.7352
13.5208
14.9164
11.8364
13.6329
7.29195
10.4384
14.874
8.27717
8.62202
9.92877
10.5991
14.0114
6.05845
7.27772
13.306
9.2026
10.0382
6.1662
9.58364
11.8696
10.4993
11.3713
5.53036
13.5179
6.21315
14.2904
10.6754
11.0361
7.1509
5.71687
8.62245
14.307
12.355
10.427
12.2949
9.71661
10.3786
11.0268
13.4825
13.4927
10.3665
8.9746
13.059
9.90635
9.71727
14.1527
10.537
13.0395
9.31309
9.65261
14.8107
13.4619
12.3868
8.0311
12.7021
9.80614
9.62146
8.42943
13.7378
8.1696
13.98
14.2227
10.7998
14.5136
12.5622
6.53435
9.72294
13.872
10.2375
13.6113
11.7188
9.731
12.4701
12.7949
13.5018
10.2225
14.6778
12.6005
12.065
10.6793
8.0943
14.2997
9.76833
9.82321
13.4221
9.41061
10.6076
14.2262
10.5109
9.74573
11.8179
14.2782
12.9691
10.0677
9.88115
12.3645
9.37947
9.47361
12.344
10.7833
6.19273
8.73059
9.87419
8.68538
9.79739
12.2809
9.92038
9.98124
6.96227
7.09226
8.49832
9.08904
12.9329
7.11041
14.7036
10.8282
13.3599
12.5706
12.0345
13.4881
14.6287
10.0222
8.8949
12.1601
8.49735
13.6541
14.2877
12.487
11.9506
13.914
8.16332
11.8532
9.85313
11.9794
7.67184
6.90407
12.6993
14.3115
13.8876
9.39553
6.13511
11.8204
10.4974
14.1039
8.53828
9.78107
12.6848
9.14606
10.6813
10.4117
9.81184
9.20087
8.38346
12.2955
14.1384
11.2038
12.1293
8.20578
14.1148
14.7935
14.4416
12.4154
13.5842
11.1335
11.8247
13.906
9.74004
13.4558
11.7717
10.8603
9.60503
13.4649
11.5787
14.2845
14.2297
10.124
9.86111
14.1166
12.0122
13.7699
11.0295
8.33491
8.72821
13.8912
13.6285
11.5417
6.72143
14.5407
12.0498
14.7248
12.0033
10.608
10.8971
5.07177
10.3118
12.3979
14.3983
12.3066
8.87313
13.8563
14.1364
12.532
13.5766
8.57092
11.9258
13.3169
12.8212
5.03126
6.76531
9.97555
9.99182
12.7252
4.39427
12.0432
14.6233
12.0193
4.77948
10.1051
6.9453
6.02367
14.1406
10.5809
12.6514
14.4716
14.7308
13.4942
12.9773
8.08958
11.2225
9.73293
14.1219
9.72792
11.4347
13.9175
11.995
8.95844
9.77485
10.8602
5.59101
12.0608
7.53555
11.4624
11.5951
13.8374
11.4967
5.09267
12.6735
12.5065
11.8209
5.75347
14.3902
12.3844
13.7114
9.67474
10.5953
6.85207
10.2074
10.3592
10.9455
12.4286
5.42431
14.9915
8.73928
14.0138
10.0188
14.5412
11.4922
10.4447
11.7659
11.6967
12.3823
9.042
9.81659
10.2031
12.1892
11.6464
8.31511
13.1956
12.8728
12.2884
13.2359
13.0853
9.39675
9.83894
12.7883
13.1446
6.18701
8.84826
6.27071
14.5856
10.9473
7.63468
8.66639
8.26642
7.21877
14.4401
14.4156
10.4213
14.9878
8.89243
8.30184
12.2364
10.2757
12.4557
10.0894
5.47917
11.2574
12.3651
14.7047
6.13596
9.72966
5.2378
7.1684
11.2502
14.2385
13.5015
13.1211
14.0887
11.2996
14.2622
14.3888
8.99638
10.5064
8.52012
10.3989
8.70125
13.5828
8.55457
8.16502
11.5355
12.3491
10.4114
14.3527
12.1474
12.779
8.63092
11.5155
12.3643
11.1298
9.08288
13.7215
13.3677
13.1155
10.8627
12.0415
11.2701
12.8171
13.3415
9.84677
11.4308
9.82186
13.5754
7.66946
12.2942
14.1684
11.7109
6.07557
11.631
12.7534
13.5465
13.7829
10.2448
9.79335
11.9472
5.93996
14.9595
14.0573
11.9075
14.221
7.72985
12.4397
14.5067
14.5601
14.2549
10.5587
14.0757
10.9001
7.7849
10.3932
14.4664
10.2644
5.65281
8.92567
12.3606
8.82647
12.1158
14.8133
10.4324
8.56072
9.64413
14.6218
12.1048
6.03202
14.4334
14.0291
14.2884
6.23394
4.92694
9.11871
10.5556
6.99879
12.2102
11.9511
14.6474
11.2569
11.9191
13.9594
9.23965
13.4196
14.301
14.7597
9.06329
13.9991
5.71523
8.8557
12.7327
9.03531
11.2538
14.8617
7.1035
11.7081
13.3985
9.25345
11.8597
11.9281
10.5926
10.6648
10.8078
13.8483
9.16908
14.1135
9.25909
13.9245
10.6439
8.72588
10.2359
8.85208
14.2836
10.7166
9.63354
13.8857
10.5005
7.98838
11.8485
14.5019
12.5726
12.0814
11.0022
10.0474
13.2369
10.449
12.4409
12.1679
13.7003
14.6294
13.3312
14.2337
5.49499
8.57929
9.6468
11.0256
14.2151
6.36964
11.3306
10.9201
10.1351
10.3096
9.39685
9.72017
13.5635
12.4262
9.50026
11.6688
9.86637
10.5371
13.0179
9.10659
7.99443
13.2
11.9491
10.1464
8.1501
8.4262
14.762
10.3001
12.9155
10.3146
11.4079
14.1659
14.7747
13.3463
10.5973
10.1887
8.68866
10.0538
9.01676
8.86548
9.29949
14.5355
10.3891
10.8926
12.4029
13.7311
12.3412
6.62155
9.79104
12.1945
12.0212
8.90371
13.9729
5.67473
14.6128
14.4159
12.0991
6.8603
8.51361
14.8498
11.101
4.90236
10.7055
6.37739
6.38554
13.4535
8.28891
14.1687
13.1003
14.9443
14.5646
11.5136
10.539
13.725
9.38411
14.2469
13.7124
13.55
10.664
13.005
12.0735
8.2052
10.4527
9.28497
12.0169
14.3366
13.9207
12.5194
7.71155
8.72843
13.5736
12.1885
8.07393
10.8853
5.15236
8.58225
11.0336
13.933
14.1495
9.70876
8.49891
12.7169
12.259
12.3753
11.3531
13.3126
10.3267
7.04478
11.9408
11.8856
9.55459
11.0871
11.2906
9.0588
10.9189
5.09515
13.3137
11.0013
5.43957
14.7735
7.98234
10.0042
10.4984
12.466
13.1745
9.19221
10.8128
10.9228
9.43133
8.09523
10.123
14.3044
10.7917
10.442
8.92527
14.1968
14.6704
13.152
9.56983
13.6252
12.7773
14.936
9.84085
12.7046
10.0596
10.6106
13.405
13.8245
6.01419
13.0577
8.2573
10.0948
10.6085
10.9582
13.5569
13.4424
12.57
9.47341
11.4442
14.8793
11.1735
14.4843
13.1693
14.5779
11.3425
6.94507
10.276
12.651
11.6511
12.4801
9.38777
9.70939
14.7446
13.0726
13.8444
14.437
11.0515
9.93047
9.85378
11.7399
14.2398
13.2962
10.9053
8.77907
8.52218
12.054
14.0666
8.11715
13.2542
12.5981
9.83641
14.094
9.09349
14.4144
12.6531
5.97821
8.13061
11.555
13.3815
14.0864
10.5473
9.98477
11.1619
12.3753
14.6848
9.78231
12.3491
10.0399
9.4915
12.8028
14.5138
13.9646
11.634
13.8801
5.54203
11.4355
11.0128
11.9171
13.7497
8.47818
11.3474
14.8302
14.9891
10.256
10.9128
14.1351
10.456
8.69589
14.4055
12.9069
10.3582
14.8801
14.8646
5.51402
13.8738
14.4257
5.64988
14.4858
10.6917
13.3568
7.31653
14.868
10.1339
13.2063
9.6714
11.7776
13.8901
12.5499
10.2442
10.8688
14.451
8.00293
9.97446
14.7151
14.9639
9.94041
10.956
13.0043
8.55473
14.5363
10.2482
14.2242
9.44018
9.75043
10.2516
6.20708
9.39185
14.3462
14.6479
13.6293
10.871
12.4464
11.8435
10.7545
12.1898
12.8637
14.1743
14.2374
5.11083
14.4888
6.52823
11.7856
5.28448
14.7849
9.8224
13.9691
14.5958
6.92705
6.04442
9.10479
10.6798
8.65127
10.8966
14.2481
9.82002
7.75601
11.3058
14.106
14.0702
13.2716
10.8331
13.5072
13.5415
13.1664
9.29822
10.5624
12.0989
14.9346
9.14381
8.5483
12.2011
10.3155
12.8453
12.3085
14.6568
8.5734
14.3555
8.63494
9.69049
8.53708
14.3295
10.7209
9.89587
14.2861
14.9481
13.215
14.5122
11.1862
9.34842
5.3184
14.8191
10.2661
10.6376
9.53555
12.1451
7.73033
10.3651
8.91597
14.0107
10.0803
11.1431
12.0595
13.6098
13.5387
10.4714
7.47053
11.98
14.5451
5.37245
5.62721
14.3242
10.9152
14.6513
12.2035
9.27786
14.6323
14.2368
12.4857
11.9707
10.5317
14.9394
11.0914
11.2486
7.02841
12.4447
9.53075
13.5688
9.32684
13.3826
8.61797
14.3114
12.0114
7.63536
13.8369
11.0325
8.75637
8.74183
6.72246
14.9731
6.37852
14.0725
14.7391
11.95
13.9319
9.62891
12.4417
13.5309
11.9723
13.1173
11.399
13.6613
5.25519
11.856
8.95454
10.0103
10.1484
11.9692
9.94541
12.0854
13.3957
5.5449
8.19877
11.5423
13.4557
14.4851
13.8832
10.4596
13.1
9.08481
9.87199
8.60006
12.3137
7.21202
9.81311
13.755
13.7681
13.3295
10.8015
11.5223
13.5569
14.0886
9.26616
9.78183
14.3205
12.1905
9.14035
14.6151
11.9538
10.5682
6.32106
13.7663
14.9665
10.5129
7.16966
9.39071
13.8732
12.8212
9.88595
5.25173
5.9113
10.684
14.0475
14.3346
10.5668
8.55741
12.8151
13.6668
14.6598
12.173
14.8659
11.1067
13.5726
12.6345
14.5004
8.96873
8.07091
13.86
12.9948
10.6578
12.5066
10.5038
9.20807
10.3953
14.4668
11.4739
10.3747
13.1893
11.6307
9.02296
11.9413
10.5798
11.0529
12.4833
14.4561
11.5402
10.2181
10.2077
11.725
12.5957
12.6523
9.32199
4.72952
8.64029
12.6248
12.151
10.8658
12.1029
13.505
13.9924
11.2442
12.3808
12.3883
8.46031
11.8853
12.1013
11.1594
9.89001
8.5697
5.18904
11.8399
10.7434
13.3811
11.8415
10.3959
9.77521
11.1453
8.87399
9.55806
13.9044
10.3186
7.29856
8.57231
14.3652
10.0273
8.19783
9.73586
10.0005
14.7654
11.9025
8.40306
9.87361
13.329
10.252
10.6871
11.9199
5.11526
10.98
8.90073
13.5529
12.7667
14.5408
12.2435
10.2918
14.436
11.2858
14.4364
6.49081
12.8583
14.1075
8.4088
10.4786
14.4716
12.9437
9.50688
8.21792
13.915
9.34267
9.96598
7.45822
14.4313
11.6534
11.23
11.4901
13.1252
8.34057
9.78503
11.8951
9.40265
10.4134
12.214
14.7736
13.3033
9.76415
7.76392
13.3653
11.3936
11.583
12.2591
8.96587
9.73198
6.32149
13.576
14.7157
14.3805
8.13598
10.8136
9.50511
5.84295
11.7106
10.5141
9.06425
14.7702
12.432
11.6781
10.0671
8.39964
11.594
11.5461
13.8318
12.0726
10.9424
6.13595
10.5639
10.4339
12.4838
9.83423
5.98901
8.8735
9.96198
12.9634
10.8669
10.4048
13.9305
10.8411
7.4267
14.0559
11.4318
12.6091
14.8928
10.6282
12.2183
13.3215
13.1802
14.6725
13.7622
10.2083
12.3963
10.5167
8.64386
14.3429
8.89225
6.40189
14.4408
6.4995
13.3718
10.6382
11.4715
13.3027
12.9099
8.92089
10.3115
14.8754
13.1109
12.2231
10.1509
5.34425
11.741
11.697
10.3394
13.2835
10.5288
4.60365
7.70936
11.3317
14.3174
14.4845
8.15483
10.0679
5.92419
9.97152
12.3663
10.6693
13.0416
11.2546
13.9606
14.3002
13.5154
11.9811
9.8291
12.4912
9.15594
9.46889
10.8232
9.91029
12.5829
14.3691
5.20948
7.46201
14.3714
8.38359
10.4449
13.5456
10.3752
13.1272
8.67551
10.2234
6.04895
5.73569
9.7217
14.0177
6.34953
8.24224
11.5191
12.837
8.4963
13.7786
14.5521
9.82099
14.8864
11.8798
11.6207
13.8298
13.9717
9.32254
10.3607
11.2189
14.6721
12.1436
12.4969
13.724
11.66
14.5989
13.5311
10.0637
13.7636
11.4266
14.5448
14.7929
10.7956
13.6154
9.28135
14.5036
4.38833
10.0438
8.97804
11.9977
10.5735
9.06486
12.6944
8.43779
14.3425
13.8549
8.33665
11.9419
6.01957
7.16536
11.6614
10.0827
14.3382
13.4138
9.8251
9.12762
11.4965
10.3974
13.5333
10.4152
14.8329
10.5989
11.7361
14.6573
11.0489
8.90595
7.82955
11.1457
13.0862
10.02
14.5313
5.73934
12.9379
7.16501
13.0855
8.60161
12.182
10.74
10.1594
14.6173
11.2472
9.97614
14.6905
9.94285
8.94864
8.44011
11.9359
14.2903
11.7608
13.1555
13.8307
9.70374
8.37162
9.88423
11.5785
14.5322
14.2944
13.9023
14.8345
6.92617
13.5429
10.2934
10.5821
13.0705
11.3
11.8914
13.5208
10.4447
12.9797
10.6477
9.96836
11.3632
8.76104
13.7016
14.7587
12.0882
12.6445
8.24495
14.1356
10.3067
10.0152
13.0441
9.16734
12.0909
11.7336
11.0808
13.8036
9.92124
10.7874
12.7481
9.88504
8.40386
10.3195
11.3939
6.28403
12.4547
14.3123
9.6932
11.2668
10.8814
14.702
9.94016
11.2309
12.2533
11.8439
9.16986
11.7049
9.00532
12.2385
14.2671
14.722
14.7372
14.0382
12.508
14.1902
13.7766
9.3979
13.5789
12.5228
12.349
10.9082
13.7561
5.67222
13.7741
13.4213
9.63999
11.4425
10.2739
12.8488
14.5967
9.64434
10.3048
8.66406
8.48639
13.5186
14.2701
8.46725
13.8168
11.3739
14.7869
12.4777
8.89493
6.04414
7.90506
10.1559
11.9775
11.9372
8.75597
10.9481
14.2015
10.2593
12.8752
12.9278
10.5661
14.3358
6.01953
7.61132
14.0106
4.88692
11.0296
12.1916
14.7921
13.7953
11.8148
12.0671
8.01277
6.32095
9.0577
11.6479
11.9187
10.4073
10.0399
5.84422
6.442
14.4102
12.5978
8.97845
5.87089
9.60911
11.3862
10.6161
8.75013
10.6479
8.32278
13.1233
12.2848
8.59599
11.8595
14.2449
10.0825
14.4898
10.2729
8.83977
11.2749
11.2006
11.008
9.4869
13.8437
14.9958
11.3478
13.3428
11.1668
6.94009
14.9415
5.73021
10.9975
7.47849
12.4991
12.3311
12.5445
14.6895
11.1894
12.005
11.8201
9.13439
8.9832
10.4384
11.0958
10.4259
14.3438
14.9233
14.2065
14.9142
8.87716
14.9876
12.2776
13.3348
9.63677
11.0974
11.6244
10.5081
10.6809
14.2979
5.78522
13.6709
10.8223
6.11254
14.0824
12.5712
6.05099
10.4921
10.1075
12.0023
8.31065
14.9275
12.5518
9.08421
11.5309
10.4559
12.1121
13.8392
10.8148
11.8332
6.55533
9.07619
10.6805
11.9315
12.797
13.2942
6.19472
10.5422
10.2114
8.9786
6.78766
12.8339
14.0039
10.6386
12.7053
13.0012
14.6277
9.87617
10.5715
13.3509
14.2506
14.0889
14.3634
10.0497
12.9865
10.4223
11.6488
10.5403
10.9803
11.2203
10.6397
14.0903
13.8865
12.0997
9.34629
12.3525
13.1911
13.5283
12.689
12.1323
14.5837
10.5633
12.7894
10.8394
10.0503
11.321
12.4669
8.79234
13.3961
12.881
13.6699
12.6705
9.64382
9.82714
9.91261
7.91516
14.777
10.0221
13.6619
11.4277
11.6717
5.81526
8.51893
7.77215
12.0441
6.43561
12.5819
10.1443
8.99522
13.2914
11.613
14.6215
9.05006
11.0024
10.5455
13.1286
10.9216
11.4519
14.8373
12.1924
10.0802
10.5208
10.6005
14.6316
10.0858
14.8685
10.504
11.2269
9.56905
9.68637
11.3813
13.3709
11.4325
9.32592
5.65613
8.25686
12.4829
10.0128
5.17114
5.10088
10.3216
10.8488
8.1708
10.9166
9.64654
9.33211
12.2689
9.93593
4.76946
6.18385
14.1872
12.6272
10.5358
13.2832
9.12499
5.38583
11.5795
10.9813
9.95793
7.15474
11.9806
8.15714
10.0187
7.54629
6.60033
4.39509
5.27309
14.3492
11.992
7.95596
12.267
13.1065
14.1314
10.7684
6.69772
10.0514
13.2501
10.6674
13.1435
12.2469
13.2432
12.6403
10.3349
10.0007
10.1849
10.5999
8.56411
14.4998
8.84188
14.5774
9.48852
10.4944
12.702
8.81059
14.6376
14.0425
10.0996
11.2794
14.3821
14.4206
9.90345
10.9391
12.5132
5.50479
14.9806
11.0907
11.4199
11.3844
14.1992
10.6648
11.902
10.2418
13.7871
8.92516
12.4483
13.2689
11.4813
13.1295
11.6322
10.6497
9.6011
9.40717
9.01797
14.9738
13.5417
8.54724
13.5042
9.1287
8.17931
7.38576
9.40037
6.64555
14.7532
9.27722
9.33825
8.29575
13.3337
13.1772
9.64644
10.1539
13.7787
10.3971
8.87978
11.3301
12.3474
5.97777
11.6918
14.1877
11.8947
11.9102
14.2763
7.39211
11.9722
14.2306
10.9295
4.38674
6.79212
12.6719
14.4925
11.533
12.6475
14.959
14.8381
4.01137
7.88901
14.1388
11.1424
14.7071
11.8216
8.0404
13.6888
12.2342
14.2611
12.6883
10.7346
10.9952
10.7055
13.9433
14.0882
14.4107
13.3676
4.50308
10.4866
10.1933
8.47197
14.2794
12.4899
14.6277
14.0584
10.2661
14.1489
6.20747
11.9333
13.3867
10.0758
10.5145
12.3424
11.8654
14.014
14.9159
13.7596
5.07849
5.28031
13.0712
10.6009
10.6648
8.37496
13.6167
13.9949
14.5469
14.3578
6.27846
14.3687
14.1033
10.3237
7.9365
12.453
8.52726
12.3315
11.5359
9.69064
8.03291
11.1321
13.3285
14.3142
14.5685
12.7173
8.03729
10.0279
11.6796
14.5859
14.6253
10.5868
14.6889
14.5314
14.1927
14.5549
8.24783
8.18004
12.5628
13.4741
9.39871
12.7223
11.9272
11.0608
10.9733
13.625
14.897
14.7253
8.30014
8.9194
13.7003
14.8215
13.2021
8.49776
13.4959
9.09602
14.0815
14.0176
14.2343
8.37375
9.23413
8.43222
11.9486
12.0951
11.5251
9.01993
4.83801
6.59951
13.8143
10.4639
8.91386
12.1725
13.3964
9.62429
12.9427
12.8435
10.5979
9.91097
13.4139
10.116
11.0288
12.1543
9.35992
14.1387
13.236
12.4601
12.6428
12.7754
11.3235
6.06467
8.48681
13.3522
12.9777
14.4625
10.8739
10.29
10.4249
14.5911
12.889
13.3958
8.9781
14.0416
9.96848
8.49371
14.221
4.25184
12.6251
14.8538
14.7701
10.2609
8.43594
7.66483
13.9404
12.7303
13.9176
14.2917
10.0818
13.3311
14.4779
10.1682
13.1019
9.47406
12.7027
11.5213
13.7816
12.523
10.6114
10.9066
14.6995
11.231
14.5633
6.29959
10.4751
8.42798
14.4645
9.15106
11.8328
13.557
12.3051
12.0484
8.43592
11.0389
14.9474
11.2631
9.97672
12.6161
13.6316
10.8207
12.5731
9.86337
5.65779
8.09566
8.91802
6.65506
9.8912
13.3018
10.7936
14.9303
10.0781
6.28464
10.817
11.3245
13.2834
13.8278
10.6046
11.5956
11.5668
7.3685
6.59197
10.5024
5.40359
9.8933
5.13766
7.1467
12.5666
5.4389
5.77516
9.88824
13.4882
12.9137
14.0443
5.97419
13.9851
12.3258
11.6671
13.3413
12.6431
13.5931
10.418
12.0416
9.54189
7.55235
9.08077
14.4769
11.6087
9.05171
9.67777
12.6689
11.6645
9.89215
10.6839
13.7568
11.2527
9.86891
14.2248
10.8348
14.8828
14.3168
13.4388
14.3798
12.083
10.2833
10.9315
9.78046
10.64
4.40135
12.3457
14.2069
13.5807
11.3967
14.1901
10.5193
11.2161
13.7899
8.57671
12.987
7.95417
13.8982
12.5117
10.5549
7.1418
8.79654
11.3924
12.4575
11.3554
13.322
14.7094
12.239
6.45735
14.0454
14.4579
12.5371
11.5005
9.78035
7.9174
7.04185
7.49307
14.1732
14.2575
14.1564
13.5185
11.8649
10.7526
8.00017
10.7331
14.0076
5.95304
14.9728
14.975
10.6695
14.1111
12.4336
13.0792
6.30968
5.50684
14.1398
9.32614
9.72076
11.0118
14.8594
14.4317
13.2868
9.74889
11.4697
10.4327
9.92542
10.1285
10.8674
13.006
11.4704
4.87674
12.6376
13.261
14.7818
12.0763
9.90238
12.4056
6.82276
11.1804
10.4358
9.82783
12.7174
14.9004
6.16755
7.86108
9.3381
9.62085
8.44236
5.89959
7.08893
14.2762
9.80835
14.4071
10.306
14.726
13.6727
6.24036
10.5223
13.3379
12.0604
12.6116
12.2729
4.72287
8.89826
14.5849
10.9095
9.71885
10.4874
8.35161
12.5257
13.3368
12.4072
10.5245
9.6118
8.56812
10.4073
5.40903
9.56858
8.98408
14.8459
12.4135
10.6457
6.37594
14.9873
14.445
14.1611
10.298
14.1582
6.16126
10.36
9.29901
14.4569
14.5312
10.7319
10.0469
10.3562
12.3333
6.30328
8.76319
9.70942
11.2404
5.62927
14.1744
7.02491
11.712
5.5857
9.57168
14.9007
13.038
14.7545
11.1359
14.4288
7.68649
14.2719
11.632
9.26329
10.9695
12.0211
6.95437
8.87076
12.8286
10.2027
6.21312
7.89367
7.96495
6.04096
9.25362
13.2198
9.57001
11.7879
9.30233
10.1102
4.75712
9.20084
12.8231
8.52971
13.0077
14.5659
13.4573
7.95191
9.79276
9.79896
14.852
11.4203
13.3698
12.8859
12.9707
11.1215
14.202
14.7929
14.6856
11.2168
14.7775
12.7141
13.2114
5.97416
5.09298
6.03307
9.58246
14.4478
10.9753
10.0162
14.774
14.6913
11.2101
13.3596
9.57241
8.73088
7.9034
5.49379
13.9613
8.57878
12.6517
14.4764
6.15166
8.7585
11.2634
10.497
11.7287
14.0019
12.1733
12.6563
12.3094
13.8114
12.0111
9.17153
12.9993
12.3268
9.35243
11.0084
12.8367
5.52883
12.3827
11.515
10.8008
12.6516
14.3152
10.5065
14.4069
11.3262
10.3769
12.4733
9.35588
14.3955
10.9425
14.8298
13.1959
8.84826
11.4384
8.97673
11.7109
9.98327
6.0431
8.59823
7.42222
10.8901
12.4067
9.09787
14.627
14.3716
13.9218
8.06981
6.45365
5.91008
11.8813
12.7624
13.8062
11.5217
8.07867
12.0334
5.85165
10.3007
9.57736
8.95138
10.2336
13.5545
13.8431
10.5175
5.66336
8.957
10.3103
14.7065
11.3761
12.6453
6.35943
13.1351
13.3137
12.5637
10.4633
9.44568
9.01262
12.357
14.5109
14.7709
9.79001
6.20896
12.326
10.7323
10.1554
10.9539
6.00125
5.35235
14.7804
13.4792
14.6827
11.6573
12.8925
10.6026
13.2945
12.1179
5.59926
11.346
14.1549
9.99792
8.58278
12.2998
8.9139
13.4283
13.1149
14.5999
11.4037
12.1444
6.2203
8.99726
13.0155
13.379
13.4
11.3544
9.15014
5.89976
9.93316
11.7881
8.41524
9.73404
10.6957
13.7956
5.15913
14.6254
5.29334
12.1744
9.8592
14.12
13.5402
12.3471
14.3971
10.1668
4.6902
12.7354
13.4417
14.6156
8.79848
13.4228
13.9683
8.32975
9.67309
10.1162
12.8053
8.92155
13.4575
14.3076
9.87661
11.5106
12.9054
6.85906
8.38503
9.01666
10.6463
8.59011
14.614
8.547
11.909
9.88295
13.465
10.924
12.2402
13.953
7.01919
11.619
14.4338
10.3348
14.2315
9.67626
11.5435
4.89459
11.4023
9.27863
10.9611
10.41
10.589
14.1623
13.8728
12.8636
14.7716
11.5619
11.2829
9.01827
13.5599
10.0757
5.58624
13.7581
13.6094
13.7473
7.86371
12.2685
12.1998
13.6396
10.8342
5.51572
7.54331
14.8191
14.4475
14.1312
9.14947
6.22239
12.4871
14.6582
8.46981
9.79881
8.2939
14.198
11.9534
8.84429
12.5173
6.17518
13.0147
14.5745
11.6502
7.56353
12.0506
8.41107
14.8408
12.2587
5.91277
14.8114
14.1719
10.2546
10.0282
14.7383
14.3561
10.8636
7.66852
6.48782
13.2633
8.29951
14.2835
5.93855
13.7915
12.546
13.4054
12.824
10.7552
14.6014
14.667
11.414
14.6228
6.06565
8.51451
14.3903
14.5142
6.56011
14.0904
8.41796
11.2647
14.3308
11.2325
12.7174
9.52587
13.0815
5.65885
14.2716
9.64469
13.6108
9.3981
5.19055
11.6333
10.2186
14.4475
9.25304
13.6601
8.35325
12.3831
4.75624
13.3478
14.0954
13.9922
11.3519
10.5952
13.2542
8.72967
6.91114
12.7925
14.7715
13.9268
8.70929
11.9646
10.8668
9.11629
11.5019
8.1176
8.14524
8.32415
14.0606
11.353
14.5472
13.266
13.0749
12.7479
12.5631
13.1576
8.71354
8.06812
14.4447
9.55111
5.93432
7.68543
9.49555
11.973
9.8359
14.7575
13.8761
12.0005
13.7769
12.1971
14.2469
13.273
8.31968
14.2503
9.49093
10.4448
12.8411
5.98115
10.9802
8.77728
12.0702
13.9662
8.34177
14.4811
7.93632
9.56323
13.0067
14.209
12.7372
12.688
8.45954
13.0318
13.3462
8.77209
10.7379
8.78538
14.1222
10.3411
6.21071
10.3843
12.7987
11.4118
11.8254
12.9311
9.60643
5.88472
12.98
10.8218
11.1679
8.07858
14.1945
13.2026
8.36154
13.2248
14.0457
10.3173
9.94052
4.15768
14.2522
14.0831
14.6974
8.67977
12.5791
12.4403
9.49769
9.76572
13.1083
14.1154
13.214
11.8398
6.26011
13.4817
11.3457
10.4205
7.85389
10.8846
12.7039
14.4095
13.5168
13.993
10.5631
8.52818
11.8417
12.9569
13.4379
8.65009
14.3588
9.98119
14.6297
12.4931
6.20938
10.672
8.7577
14.5663
12.2517
14.4034
9.03497
12.4136
9.34564
14.479
13.7164
7.2991
12.8065
12.1301
7.75989
11.968
12.4867
13.8153
12.8706
10.9166
13.1102
14.2159
9.72026
8.34054
13.0374
11.1915
7.49243
12.907
8.16689
12.9743
11.0162
12.3056
7.23241
11.0582
9.52798
10.9318
12.8527
14.0376
13.2911
14.309
12.2716
11.2378
10.3204
8.3312
10.5714
12.0874
6.41378
14.5809
8.24307
11.5611
10.1695
5.35315
7.49969
11.5275
14.7717
8.31007
11.8131
12.9214
14.037
14.0893
10.4514
8.62604
9.22857
9.58397
14.0688
8.99849
14.3145
11.9297
13.075
13.0029
9.22416
13.2842
14.7201
12.4814
14.8321
13.8992
13.1916
9.47065
8.7128
6.05362
13.3166
12.4267
12.1689
5.90271
8.5686
9.96373
9.34309
10.194
6.05779
11.4186
14.6339
12.1384
7.05811
10.9453
11.1631
11.3767
9.11323
10.0188
6.24244
9.82645
12.2708
13.3398
9.32742
5.59962
13.1789
10.1998
8.06318
12.2047
11.2179
11.7746
8.49421
13.4691
10.1284
14.6488
9.76328
9.95031
13.9264
12.9046
10.9596
14.4947
12.8369
14.3208
11.7084
6.07951
10.3213
11.9973
9.79718
12.5645
9.94744
12.3443
14.8071
14.8223
12.6523
8.86615
10.7739
12.9279
13.1232
10.9962
13.4675
14.8981
5.75429
14.5316
8.98165
5.23203
13.0659
9.28395
14.5336
11.7386
11.2578
9.54181
11.9334
8.74094
14.3769
12.7347
13.7556
12.4245
11.4686
13.4544
7.5778
12.0604
6.42562
10.7623
11.4054
9.24042
14.5043
8.73224
14.5247
7.58067
12.886
13.6447
12.1468
12.1327
8.52922
14.3741
9.83167
9.60233
13.284
6.99706
8.57626
11.561
5.61831
10.2464
9.81496
13.0391
9.71152
13.5685
14.5621
11.323
10.8655
8.20302
13.5607
13.5882
5.66162
8.76231
12.8594
8.78137
11.9825
5.8603
14.2676
13.4516
14.0686
13.4925
9.1765
8.52744
9.2958
7.83634
12.0648
9.4295
13.5317
14.5073
14.647
6.1048
14.3838
13.6867
9.91983
13.6081
6.53469
13.8638
12.285
12.9186
13.349
14.2193
8.6774
10.6244
12.3422
11.7538
9.09878
8.01196
12.909
12.9969
10.9347
14.2515
6.14107
11.6005
9.79665
6.59127
11.6963
13.0063
8.48105
6.10513
13.8518
14.4327
14.2277
12.1191
11.2255
9.96967
14.7442
11.9207
11.6063
14.8806
9.17942
10.4992
5.08643
13.9389
12.7783
14.4422
13.1872
14.1594
14.3522
11.1335
10.9665
13.3248
10.5632
13.323
13.4197
10.112
13.5462
12.1084
13.8184
11.5695
12.6282
12.4234
12.1991
11.8065
14.1554
10.0779
9.93408
9.45553
6.67456
12.9452
11.5338
8.14946
13.6958
13.0847
11.2164
8.07596
5.80541
5.2978
14.9245
10.6783
12.9133
4.66473
9.53961
13.9434
14.378
9.79015
11.1457
14.5607
8.71255
13.4329
13.0739
9.6235
11.7503
14.5523
9.4554
10.038
13.1395
11.6482
7.82382
13.0026
9.06519
8.28377
12.9907
11.9854
14.9702
14.7814
10.67
13.4462
13.022
6.06657
14.1583
13.8618
11.9265
10.5468
13.5044
14.5051
12.5724
6.50488
11.5421
10.6127
9.49354
8.59477
8.75457
11.009
7.83193
6.64652
14.5832
11.9221
14.6274
11.0408
12.326
6.09185
13.234
12.5734
10.1526
13.0847
12.4018
13.1249
12.4842
8.36922
12.9558
13.1389
14.7595
12.9764
9.06107
10.6167
12.6268
10.0165
13.7013
6.17772
10.8561
9.51575
10.8051
9.81107
11.8738
7.76461
12.2523
14.052
8.08567
13.8305
14.4863
12.0667
10.4703
14.1588
8.53663
10.5146
10.1501
5.74374
10.8571
9.3374
12.7385
12.8
12.9963
12.4575
6.3682
13.506
12.0457
13.2686
11.7762
9.83293
8.08986
5.6141
14.7479
11.8783
13.446
10.4315
11.5922
7.11876
10.5114
10.5377
14.312
10.8483
13.6417
11.5705
11.4188
12.4312
14.0169
13.5608
14.2574
10.5136
11.8456
10.7065
10.5129
11.7115
10.5959
10.615
10.3559
10.6696
10.5602
10.3471
12.7979
13.6345
10.0835
12.6902
13.7657
9.99733
12.7479
13.8293
8.1673
10.7779
6.85495
13.1542
13.1515
13.7502
13.4776
14.3924
11.5373
14.8197
10.9854
6.59323
10.2018
13.5603
9.62256
10.5064
13.6805
11.2575
4.43285
13.1391
13.7438
8.70947
8.27684
9.47279
10.9833
9.07175
10.7892
13.5724
11.4268
11.076
9.39107
6.43575
9.8411
13.5871
7.6749
9.81671
11.6484
9.87986
13.4226
14.9524
13.0128
5.97524
14.7493
12.3277
10.7868
12.5787
13.3899
14.2263
11.1109
9.4802
14.0881
13.0448
9.71856
9.98682
11.3878
6.83267
12.7249
11.8011
12.134
12.6697
10.8282
12.3503
11.9265
12.0487
11.8341
12.6111
11.8046
5.85685
6.13101
13.6132
11.646
12.1842
14.3458
13.0741
7.77038
14.5404
9.06834
4.97656
14.8378
11.6683
7.01037
9.09245
14.4561
9.04527
9.81091
11.9434
13.1176
8.36899
13.656
12.2321
11.659
12.7407
11.6144
12.316
10.4577
10.242
9.3072
9.89699
8.72645
13.7571
11.6101
10.047
14.2615
7.18998
9.73428
14.7279
7.12559
8.77345
10.3932
13.1596
11.914
8.19887
7.788
10.4847
8.5649
13.7803
10.203
14.9211
8.19232
14.9879
10.7444
8.99576
11.3304
12.3137
13.5341
8.11663
11.1377
7.77203
13.5174
14.3213
10.7998
9.84178
14.4643
12.3644
4.77308
10.1584
14.3659
14.3668
12.4186
12.5173
13.687
10.0484
14.4954
14.0114
12.6229
12.0567
13.2831
12.1161
11.0549
9.99844
14.7282
13.5316
5.20154
9.17439
8.69869
12.0225
10.4904
8.52165
14.0164
9.84383
14.7899
12.1201
14.9297
5.89433
12.0401
13.5827
13.8217
11.3519
10.913
8.57055
7.66449
11.6302
11.2714
13.8358
9.79643
11.9883
9.18163
13.7437
8.12725
12.0474
8.4471
12.4669
12.9046
8.41483
12.6452
11.444
12.2559
8.99741
8.19672
7.92597
8.60936
14.8387
12.6721
9.88628
13.109
9.68765
12.247
9.78189
7.96085
12.699
7.20202
6.05807
11.5331
13.2397
10.2851
7.93363
14.5806
8.14911
12.9139
14.4875
14.219
10.7044
13.1773
12.6955
10.0777
13.3371
7.18659
13.1825
11.571
10.2612
12.4439
13.9097
11.1202
6.75283
10.049
13.6748
10.9526
9.09987
9.72007
14.846
12.9403
11.4599
11.2179
9.20128
6.29934
10.702
13.4025
13.824
12.7839
13.4317
8.4108
10.433
11.5041
10.5428
13.9105
6.03117
6.53478
10.3268
10.3573
13.7391
14.9129
9.31367
8.64196
10.5813
14.7719
9.93316
6.24232
14.407
9.99198
13.2573
13.659
11.3897
8.54776
14.6134
12.3679
14.9296
12.7978
14.7725
11.7604
13.5764
11.4181
13.7852
6.19297
5.89261
14.7931
14.1537
14.289
14.961
13.435
9.07681
6.09315
11.6783
10.917
6.64707
7.46899
14.0778
14.3702
6.46411
11.6528
12.2788
9.20595
12.3761
12.049
8.54062
10.4162
8.60778
13.1695
11.6876
8.57221
9.08363
6.08087
10.8395
12.9965
11.1198
13.8192
10.003
14.4816
11.2812
10.2179
14.4396
13.8285
9.04019
11.3324
11.8295
11.7928
14.2044
9.68231
13.4354
10.5172
6.76218
5.44855
6.62112
12.9174
11.9745
6.78975
8.6779
12.175
12.7938
11.5789
6.8401
12.7907
13.0395
12.3174
12.0465
14.951
14.1688
10.458
11.3998
10.0381
11.1854
10.5685
12.4689
10.9884
12.2487
8.87858
5.23932
8.36355
7.36267
14.2605
13.5633
10.0196
14.7167
12.4098
6.16857
11.5944
9.59514
8.33795
11.6529
5.72874
9.44515
9.0017
6.00262
6.25501
8.47699
9.9179
13.8362
13.0342
14.7426
8.7073
11.6956
11.0815
12.2341
6.29429
6.1344
12.7022
10.1571
4.92323
5.3547
10.5213
8.98155
13.2768
12.4842
12.1108
12.4255
13.2961
9.49971
14.2663
8.75113
10.0077
12.7
10.1567
12.7407
10.3989
14.5355
12.8026
13.7436
7.61983
11.1413
10.7682
8.48298
14.5306
10.5839
8.48637
7.79051
13.5151
12.8927
12.4916
12.5078
14.7556
10.2298
13.9395
9.96668
10.7446
9.91986
14.4071
13.0504
12.7459
12.7719
11.7742
11.1546
8.65341
12.9573
12.0012
14.6668
10.0653
8.58005
6.36592
12.7614
10.2599
8.61826
8.30743
6.33091
8.77239
12.9062
9.00147
14.6785
10.9192
9.8243
12.8521
11.787
12.5077
11.2296
5.33888
12.0737
13.7712
14.678
9.91708
10.7591
13.8705
14.865
8.78133
10.6921
11.2079
9.518
10.2464
13.6506
13.1024
10.9532
6.17747
14.3727
11.5414
14.2137
13.5775
8.68984
14.0393
11.2991
11.9104
11.3516
6.11412
11.4565
13.846
14.7852
7.81203
10.426
11.8489
10.7239
9.54601
14.2809
6.56788
9.93878
14.9074
9.65528
12.4508
10.2498
14.2718
12.5494
11.0307
14.694
6.06664
8.20633
12.7115
14.1126
11.132
13.9045
14.1283
6.89213
10.1772
11.6553
14.2585
14.3536
11.915
14.7365
13.7975
10.5746
11.6745
9.18336
4.74881
10.6246
13.5858
11.6911
13.2048
13.0078
13.603
9.03797
13.7564
11.789
14.0721
10.0147
10.0924
11.5314
12.4452
14.478
6.67229
11.1646
10.4837
9.35933
10.8939
8.57857
12.7039
14.5917
11.6768
13.9011
11.7945
11.746
14.3441
5.86671
10.7398
7.01438
11.216
9.94177
10.1822
10.0534
13.6967
9.79282
9.91332
9.60016
14.7486
6.65469
8.4382
13.4312
11.5237
9.67838
10.6202
9.19765
13.7618
6.51197
9.3654
6.98019
11.1825
12.7826
14.2093
6.25976
11.0967
13.1402
6.61309
14.3977
6.45238
12.2954
6.11626
14.2886
9.82319
14.7995
14.3495
13.6643
13.6888
12.3514
13.9004
13.2846
13.3599
14.2605
12.3336
6.40039
9.84642
13.1434
12.9307
14.7721
13.2717
14.1251
10.9838
8.90628
6.14111
11.7424
4.82053
14.8334
13.5898
9.8368
10.8175
14.9984
10.9626
12.9009
12.253
11.5228
7.0384
9.05408
8.66737
13.3706
11.7781
6.89748
9.99904
12.4884
13.6371
12.9668
13.6913
13.3857
13.6898
9.38071
9.14483
13.2483
8.90527
9.91334
8.94196
14.3053
12.0747
10.2799
8.30308
10.1457
14.8573
12.141
4.98235
14.4318
10.3752
12.4991
11.0941
13.2305
8.98191
9.84552
11.8264
14.9227
13.682
12.8005
12.1153
6.594
11.8831
14.0134
13.2971
6.26666
9.86701
12.6735
10.883
6.03932
10.8473
8.63781
10.3846
11.8863
8.48863
13.7863
13.5689
13.93
11.4567
10.4781
12.6004
11.0034
11.5826
9.77711
12.7249
14.6471
12.8573
13.8503
9.0106
10.7833
8.153
9.58462
9.85742
8.55738
6.37108
8.78285
11.5529
5.55258
6.61831
9.96722
12.0373
13.4322
10.2345
6.55515
13.0606
11.52
12.1068
10.0371
13.5842
8.86383
11.8796
5.94963
10.2301
11.3295
12.7856
10.5074
12.5781
14.785
8.45137
12.1624
5.90733
5.30066
8.49107
14.7189
13.9511
8.68083
12.2187
14.4033
6.05958
10.5277
9.1371
10.1461
5.9186
14.1338
10.636
8.73955
9.89458
14.7565
11.0809
10.6612
8.84965
6.4222
13.7863
8.25344
14.0615
4.45305
6.65913
6.2833
11.2349
13.6239
13.2721
12.4803
12.979
8.8943
7.86274
13.7553
7.37691
14.4827
4.21123
14.107
12.6514
12.4205
13.5096
9.61453
11.7498
14.5808
12.1922
8.80987
8.79719
14.1624
14.7346
6.06794
7.76178
5.3627
13.323
12.9861
14.2027
12.3021
10.6435
13.1895
13.5257
5.47941
11.1264
12.1858
9.77715
12.8207
10.3378
11.4384
9.1719
13.245
9.70352
14.1273
14.3812
11.2183
10.3281
10.118
10.6448
12.4011
11.1718
8.74988
14.2592
10.0866
10.5044
10.5439
12.5851
12.555
11.5721
10.506
9.34034
14.7957
9.24619
11.7859
10.3437
8.85135
13.7361
10.4825
8.52629
12.0696
8.14501
13.9235
5.78602
9.13259
10.1485
14.4432
9.23522
14.4
12.9896
6.58119
12.4967
13.1739
14.3835
14.6469
11.9335
10.4278
11.5082
7.49339
14.5419
5.88471
6.75048
14.5006
14.8574
13.3991
11.6202
13.279
14.7596
9.77113
12.3824
11.2207
13.8761
9.5195
10.7037
10.4802
14.2888
14.119
13.903
14.0197
6.07847
5.1187
13.8927
10.2338
14.887
8.52634
9.65985
12.8749
5.71547
9.32332
11.2737
8.15416
9.09478
9.38507
14.0342
14.8439
14.8825
13.3353
12.0546
10.0411
11.5677
6.86958
10.8323
11.9821
11.0866
13.9593
10.6026
10.1931
8.84365
13.4298
14.5034
6.17136
9.91774
10.4083
10.2411
12.9006
9.10835
5.5114
9.92076
12.629
10.1207
10.3945
11.3027
12.994
13.3224
12.3485
8.80545
8.39079
12.0055
12.6996
14.3064
11.9222
12.18
7.673
9.09902
13.0287
12.0029
6.36839
13.971
13.6495
9.45922
4.58113
9.93952
11.8751
11.0785
11.6421
12.9807
9.93696
11.4436
12.8419
10.7827
14.0443
13.5136
12.0898
5.95442
9.60626
14.1207
13.0632
8.12474
11.2285
12.3864
13.219
12.1414
5.13231
10.1157
11.8927
14.5191
9.69158
10.8022
7.20878
11.5634
8.92542
12.3403
11.6129
12.6637
11.2329
13.2742
13.4567
10.6649
4.75626
8.53241
8.82983
11.1401
10.2787
14.2453
13.1753
8.54425
11.9569
14.2356
11.6872
11.4124
14.5284
12.3425
11.6211
8.91295
8.59977
12.4618
9.33186
7.01427
14.4566
12.0934
11.8071
13.7167
10.9925
12.6216
8.83499
12.5027
10.3443
8.82402
12.9965
14.0029
11.5734
12.7295
14.8865
11.5983
7.80725
11.8479
4.50462
8.96284
13.4926
14.7601
12.3952
14.3668
8.96454
11.3734
13.525
13.1143
14.8561
14.1253
12.6558
11.2695
12.7736
6.68855
14.1906
9.30613
10.598
10.1475
13.1139
11.9045
10.8245
11.4458
13.5862
12.2223
13.6391
9.41056
8.01275
8.5803
5.47008
7.44878
8.00621
10.8483
12.8402
11.3088
14.8987
14.3589
10.6821
11.6999
14.6119
11.1334
13.9255
10.7706
7.10332
11.983
11.7745
14.4574
11.3836
12.9679
12.5666
9.57915
12.847
13.1551
11.5305
12.9614
9.79918
7.63515
6.17925
10.7979
5.96325
14.6675
12.0737
4.89328
13.1048
10.5819
8.96976
5.54621
5.37143
11.0402
10.2333
13.9034
8.31984
