14.8628
9.04486
11.3747
9.80869
6.78107
11.603
13.6005
13.7602
7.41558
7.89759
7.42994
11.6687
12.8231
6.68085
10.2605
13.8227
7.41054
8.97023
14.5285
14.1522
5.36424
12.2985
14.3753
10.2902
9.74291
7.23456
12.9856
8.90107
9.14701
9.95656
13.7989
10.7854
13.0722
12.7392
11.4645
12.5224
10.9834
13.1828
10.71
5.97857
9.4191
14.3351
10.6026
13.341
14.248
8.37924
12.2046
9.85165
10.2222
13.2527
13.0857
12.2854
8.01086
8.48483
6.88107
11.7044
12.7991
13.7794
8.87146
13.0149
13.0596
9.43007
12.9297
12.7847
9.2554
13.4398
9.70623
8.15655
11.9912
8.78878
13.5672
8.80607
8.04167
9.24255
9.89854
12.8858
11.2877
13.2242
9.74066
10.1298
14.8508
7.45549
12.8739
10.7024
9.6292
6.15464
14.3381
13.9042
5.50019
11.6164
10.2877
7.17432
6.43191
12.5574
11.5939
13.8041
11.8152
11.7739
12.8103
12.1111
10.2519
12.5737
7.35619
9.80758
11.6368
7.84481
14.0253
11.4198
14.4611
12.5703
10.0594
14.538
4.94756
10.593
8.35081
8.859
10.0938
12.6651
9.3517
13.0161
6.16725
14.4367
13.3182
13.7769
9.03775
5.95244
10.3969
12.7638
9.94076
13.3135
11.0648
6.57948
8.7918
13.2771
14.5033
13.0479
13.4022
9.13665
9.94207
6.94131
9.40825
13.3607
8.09287
13.4783
9.29019
9.84254
6.01202
14.8828
10.3859
13.4353
10.037
11.4906
10.0354
11.282
12.8383
11.4046
11.9252
4.73239
12.8061
10.345
9.01873
8.73735
13.0402
9.21847
8.72585
13.5546
14.9808
14.2136
11.3502
12.2015
11.351
10.6144
11.2382
14.5911
14.8904
12.5019
8.85586
11.9052
14.1735
11.6145
11.2545
14.2628
13.3204
13.5282
6.36552
8.53076
14.8472
8.75516
14.9599
11.6311
7.67239
12.2968
14.0603
14.8532
8.59507
14.1026
11.9684
11.7909
7.42077
10.1359
7.89302
11.4516
5.72487
13.7389
12.7624
7.05372
14.1855
6.51739
14.1261
13.4714
11.0919
11.6553
13.8094
11.3505
14.4842
14.1293
13.2468
13.4046
13.8002
9.83228
10.9547
9.8233
12.9909
14.7833
12.9225
12.8511
14.3752
14.2377
14.806
10.1182
12.3157
14.1866
14.9438
11.3706
5.23461
14.981
7.20668
12.1553
7.28209
10.1448
13.224
12.4429
10.1124
8.28713
6.73943
9.84266
9.77875
13.8794
14.3206
6.31025
13.5564
13.1801
13.821
7.3653
12.5515
9.42498
13.2827
10.6052
12.8944
11.2531
11.6477
12.9594
13.4624
11.0097
13.4237
12.8988
13.8346
12.0507
7.34787
7.62532
9.63823
6.46843
5.73117
13.4996
10.0539
14.3684
11.4218
7.30553
14.03
11.0498
10.1007
9.78299
13.5028
9.12226
12.4058
12.2722
11.6643
5.56367
7.73741
14.8327
7.4254
11.8609
7.32919
9.855
14.8917
8.53133
14.5489
7.80261
10.4644
8.60556
11.0407
7.5284
14.6769
4.10962
14.1768
14.9545
9.49896
11.9635
12.2841
12.8375
14.2957
12.2585
5.11997
14.5369
10.9408
11.9884
8.1858
12.4259
11.9911
9.57954
9.52055
11.7851
8.74369
12.3326
6.85488
13.3331
13.068
13.8352
7.11659
14.9433
9.39791
11.3567
11.8443
14.4908
9.61709
10.6153
8.5173
14.5201
13.6482
7.30219
11.4814
13.4503
11.6406
13.2082
14.896
8.04449
13.6182
12.8007
11.1425
8.41623
10.0477
14.401
11.2894
8.22842
10.8198
13.2955
12.7587
14.1365
12.2437
13.4477
8.1786
10.6914
10.1079
6.586
10.7475
11.8751
11.1345
7.4467
11.338
11.8713
8.93203
8.33845
9.11033
7.22593
7.55739
10.0285
9.55467
12.1226
13.5682
12.9645
14.2997
10.8549
11.6272
10.8471
14.3194
6.59479
11.5246
10.1298
13.3994
10.8877
14.9976
7.18332
12.3168
13.9021
12.3362
11.6042
13.255
8.91204
13.4687
6.14488
13.6127
11.5224
12.9285
14.4088
12.4247
10.4271
12.8914
10.7516
13.9109
13.4915
11.7776
14.6163
13.597
14.563
12.1236
10.4154
11.501
14.2789
11.2291
13.9416
10.4956
13.0208
8.41947
6.26714
12.2109
14.2974
11.9161
9.49944
11.5396
9.73794
11.423
9.78239
10.2183
11.9521
14.1776
14.7492
13.7156
14.8008
14.2347
10.5391
9.98595
10.8557
10.8687
10.423
12.6667
9.93029
8.46674
5.00138
8.81338
11.9754
7.73831
10.6983
10.8144
9.71113
11.946
13.5973
10.4749
12.3478
7.53474
13.0516
13.9073
14.0705
12.2508
4.79022
12.208
14.1803
14.2122
13.3123
12.1441
14.2713
11.0169
14.8809
8.47698
13.902
12.1373
10.2237
10.5114
7.86902
12.6144
14.0503
12.2977
4.69468
8.71621
9.27398
13.2445
14.0722
9.74429
13.9875
13.6508
6.83291
10.9764
13.136
11.5922
10.697
11.0407
11.9563
14.1855
9.05793
14.7109
13.8168
11.2986
11.9549
9.64862
12.7627
11.6893
12.1076
8.66868
11.4982
8.2745
13.3532
13.5522
8.41369
5.02758
12.0966
11.0324
12.229
14.532
11.0714
5.63389
12.341
6.14313
8.53788
14.6595
12.6687
14.5852
12.6653
12.327
14.9018
9.6414
10.4956
11.6101
13.4269
8.40138
9.75212
11.8804
14.0151
12.0145
13.1097
10.0125
12.5939
14.0489
10.7737
14.9563
9.89303
8.46191
11.7475
6.91076
5.21934
9.92105
9.67297
13.6951
14.5189
14.7707
8.94446
10.7069
12.2544
12.6446
9.98139
13.7436
14.1261
8.07041
6.79992
13.2295
12.5504
10.9549
12.7415
8.19824
13.8947
8.65124
9.35039
11.9305
11.8261
12.6285
9.77905
10.137
9.74548
13.1811
14.6797
12.2795
12.1359
14.951
12.1639
12.1304
12.2779
12.1758
12.2195
12.2528
12.1865
14.9615
11.9361
11.0754
14.1756
9.92529
13.7254
9.20881
7.16841
13.6732
13.6651
12.0473
9.43386
13.1499
14.9732
13.6915
10.5394
14.7106
5.78123
5.77524
11.5103
12.6103
8.31365
9.4546
10.6868
10.1725
13.0693
14.3106
9.62195
14.9294
11.8376
8.64286
6.42479
13.276
11.3971
12.9979
13.1086
13.4836
12.9998
5.63929
8.70946
12.6501
13.723
14.4722
12.972
12.2628
11.9898
9.81475
12.0093
9.99353
8.46134
14.9623
14.8822
13.9812
13.969
8.32868
14.9224
10.747
7.28593
11.5256
7.35353
11.184
14.4147
10.1659
10.7377
11.8002
13.0615
12.0259
13.8279
11.9897
11.9697
11.9507
7.92627
12.8607
14.0429
6.22611
13.5556
12.2342
14.3848
11.7635
8.72962
10.7175
12.146
8.63139
13.0819
13.7563
12.2765
8.06585
13.1246
14.8975
9.89676
4.63154
9.14663
11.437
11.4141
11.8838
10.3611
14.8024
9.16205
5.87506
13.1583
10.6775
14.374
9.49068
12.6903
13.311
13.5684
6.0723
9.22553
9.87921
8.38204
8.09261
9.3079
12.3578
11.8328
11.3075
7.75456
8.25778
9.06001
13.7797
9.44807
8.26538
8.67745
14.2639
14.2201
14.6326
11.159
10.1016
11.8985
12.3523
6.83535
14.2742
13.379
7.72743
10.4211
11.9595
12.0163
14.9723
12.2846
12.4438
12.3875
12.1791
12.5866
12.3393
13.4747
9.81922
12.724
7.85961
13.0762
8.33949
10.243
10.3189
13.3844
12.7889
11.7313
14.3734
14.0724
13.0618
12.5819
12.9422
7.11923
12.459
12.5363
13.1038
11.08
12.9749
10.2508
14.672
12.4001
10.4041
11.6631
12.0229
13.6372
14.1433
14.3282
14.7582
14.9855
10.931
10.1891
14.4243
12.7217
11.5958
14.4184
10.2885
9.90077
13.3017
12.1334
11.5759
9.49575
11.5602
13.0171
10.1785
12.0604
14.6026
14.759
5.38409
14.9453
9.02515
12.1981
13.2875
14.4249
9.93064
14.7226
14.886
14.2664
9.46204
12.8464
10.4846
8.01161
12.0955
8.90604
14.0075
9.8319
14.2917
5.36038
13.5154
10.8839
8.37218
14.8676
11.2039
9.33574
7.34627
5.32143
13.5
13.718
10.9148
12.6399
14.2354
14.544
10.2676
10.2971
13.6658
11.8576
6.69119
8.92465
14.6023
8.41508
14.411
12.2028
10.5412
8.76183
7.32047
7.01152
11.8358
12.5034
10.2459
9.93582
9.07243
9.80177
12.5784
13.1531
9.756
13.5539
10.784
11.449
11.8762
11.9078
12.7274
13.9566
10.2199
13.9154
9.09921
10.4923
12.0733
13.0701
14.3926
14.4709
12.8391
11.8044
11.0355
9.3669
12.3806
6.23102
8.29905
11.1157
9.40722
13.2632
11.2501
8.22511
6.50307
6.13099
9.57222
13.0186
13.2901
7.43324
6.92653
6.95557
9.33794
9.92193
12.8234
12.0075
14.0832
14.2702
6.66461
10.7798
14.2766
12.8228
12.972
8.6055
10.6985
14.1334
14.1214
7.6446
13.9659
12.1699
7.04383
11.0114
6.44393
13.0081
14.4177
11.841
6.77157
12.2104
10.8337
12.664
13.1055
10.6172
9.59521
14.2482
11.0556
11.9936
11.5127
13.1637
13.5371
13.8083
9.71168
14.7218
13.7009
12.415
11.1209
14.2539
10.7507
13.1461
10.7953
13.3007
8.26685
4.51132
12.3803
11.6996
14.7864
13.7692
12.0283
11.7106
10.7488
13.3293
10.0437
11.8836
14.2803
14.1071
10.9276
9.72026
12.2635
9.30144
12.1531
11.9189
14.9347
11.4242
14.8971
14.7512
14.3415
6.89343
11.2406
12.5756
13.8123
14.0698
13.4638
11.0369
12.7059
9.0538
14.9912
13.9128
9.85331
4.76353
9.49322
13.0925
10.714
12.1014
10.9157
10.7893
13.2152
14.5441
8.34624
14.9778
6.07447
13.5505
12.933
11.9171
13.9109
11.2573
12.0256
9.94574
12.891
10.4882
10.0524
7.72076
11.5451
5.33405
14.0339
10.6048
4.31793
13.6211
10.2522
12.1998
9.7622
10.3843
13.7009
10.0726
8.4324
5.0225
13.8133
12.8349
11.225
13.7166
13.3619
14.6667
13.6802
14.5325
13.5697
7.63754
7.45002
8.00616
6.80327
9.60091
11.7826
8.32856
12.3191
9.79896
8.51399
13.8305
12.1674
12.9619
7.86211
14.688
14.0543
11.5172
13.9036
14.0121
13.8421
12.975
13.8235
13.03
9.61554
8.61487
6.02653
12.5658
5.4142
4.83536
9.39221
7.25046
4.92513
9.07495
8.78853
14.2038
14.3999
10.7815
10.3539
12.5776
11.3385
6.49969
11.3458
11.2727
14.9021
14.1349
12.3628
8.15442
14.5156
12.0004
10.2427
11.5524
10.9186
6.84937
8.66853
14.7586
11.8517
11.5587
11.8517
14.7075
12.5759
13.9276
12.3689
14.0051
11.7264
13.3862
11.5356
9.91338
8.73471
6.85273
7.91831
12.1599
13.7525
14.9724
10.5731
6.1612
13.0003
10.8957
12.5083
8.73063
12.2853
9.31121
14.3247
9.6204
10.9208
9.7472
6.71722
9.76753
13.5413
13.0727
12.1863
11.526
12.5923
8.4435
6.41091
12.8632
9.07393
10.6319
12.6081
14.3605
14.8464
8.07673
5.59304
11.2035
12.5373
12.5309
14.4894
12.9835
14.1001
11.2294
14.1439
12.304
10.8737
12.0067
11.7602
8.36591
14.4756
11.1419
9.98551
13.459
12.3949
11.142
13.0208
9.37201
7.12827
12.9922
10.4544
9.4015
14.094
7.99343
11.6684
8.29143
5.25524
7.33768
6.52723
12.1186
9.04664
7.52816
13.5253
11.1052
9.68459
8.635
14.5566
5.78041
14.4616
14.1572
10.509
14.5012
11.8906
6.67956
11.7006
11.0438
14.6832
11.0497
14.9595
10.5615
12.16
14.0033
13.4717
12.4583
11.0675
11.7452
10.6424
14.6314
12.411
14.6274
14.0717
10.2914
14.7787
14.5997
13.3487
12.5613
6.49121
13.6273
12.5542
13.7814
11.8809
12.5278
9.07283
11.933
13.6622
10.7775
12.9963
6.44025
12.6633
14.1051
14.377
11.7309
13.519
11.131
13.5714
7.47419
13.2926
6.6362
11.7643
8.47797
6.8613
10.1692
10.1991
13.8277
13.3752
13.2304
7.17576
9.0999
11.4203
8.58744
4.51157
5.9973
10.7419
8.2564
14.4165
8.76753
12.7134
10.367
9.06976
10.9909
6.82425
11.2824
14.0599
12.2081
9.70583
6.76607
11.5488
12.6641
11.572
11.8058
12.4572
14.7946
14.0977
11.7524
9.98042
13.3556
13.4799
13.2807
8.38223
13.2971
14.1868
12.4424
7.96212
14.1743
12.1067
14.6849
11.9617
9.83985
13.1181
9.15759
12.0684
7.51856
11.758
11.9987
10.5161
11.869
8.02067
14.7865
11.9748
11.5814
14.9255
13.7702
6.05663
10.6585
6.17135
8.50403
14.4668
12.3343
11.106
6.82268
10.9159
11.6884
8.8957
14.536
14.4369
10.3458
14.4841
8.69799
12.328
13.9546
14.0836
6.42229
14.1543
12.0064
12.5753
14.1934
10.4449
13.2596
14.9054
14.3193
6.82263
11.1258
9.04683
13.6409
8.89486
12.7527
11.8907
12.8457
11.9603
8.22906
12.4508
8.60773
8.91967
12.3173
9.44403
10.4346
12.3761
5.43262
11.3257
11.1132
13.0138
8.76724
11.8031
14.9693
11.9961
9.73999
8.60777
9.81238
14.8622
12.3093
12.0292
12.0443
13.6372
13.6945
14.5929
12.0028
8.0009
14.7693
13.1468
14.5661
11.828
10.6109
11.8141
8.90983
14.4139
8.87174
14.8303
14.2956
14.1581
13.8779
12.8364
10.9268
14.2838
13.0983
8.50491
14.5284
12.6006
8.40782
11.4802
12.8079
6.33476
7.36703
12.9579
14.6126
12.2576
4.51338
9.61164
10.1073
10.6207
13.1973
9.74713
8.45787
13.5439
12.9587
8.13436
12.6122
14.6644
13.5654
10.9427
8.5514
10.9056
6.86654
7.22451
10.3005
9.94141
10.2339
12.5086
12.7874
8.90977
13.3911
13.3534
10.5675
12.3205
9.09774
9.17312
8.22001
13.8533
12.141
13.3523
6.06472
9.69036
8.73386
10.5656
12.1928
11.8649
9.39157
10.8133
7.79673
7.36245
12.2844
10.5782
12.7218
14.1462
9.52883
10.305
13.1125
7.90908
12.1089
10.6123
9.34558
9.87813
12.543
11.1106
12.9071
12.3791
13.1195
9.31288
11.9525
10.1615
11.3459
13.8622
12.1095
14.48
10.199
12.5977
12.8344
13.855
11.2595
9.24569
9.42159
12.5606
14.5044
8.75838
13.332
14.8811
7.44742
7.39424
11.2809
11.0385
6.733
7.11527
12.7442
11.8456
13.1624
14.7477
14.8988
12.5594
11.7657
7.63188
14.2865
8.98217
13.9691
14.7683
13.6411
10.1505
7.25548
8.2243
14.9542
14.0559
11.0291
11.1423
14.0343
7.67036
10.7127
8.78937
8.09019
8.02621
14.7082
5.63863
12.2012
13.5127
8.53193
14.4786
14.811
10.3596
12.8403
14.5307
13.7698
11.9973
6.60799
11.7032
7.67996
8.78459
8.3931
12.7251
13.2402
14.6036
12.2899
9.36043
12.468
10.6784
9.99221
12.1748
13.7334
12.5813
9.29304
14.0999
13.6174
12.298
8.4318
10.0265
13.8634
12.8445
10.7743
13.4286
12.5418
11.789
4.10958
9.3807
14.5297
14.5392
14.4263
7.34729
10.5186
9.1947
11.5505
12.7232
12.6169
13.6374
9.76705
12.5171
14.3204
12.8849
14.4853
10.4894
6.06219
4.87169
10.209
5.67283
7.04898
12.9547
11.8657
9.65716
13.7891
14.0984
13.6778
8.56847
7.69775
10.2325
9.30464
11.7229
8.98482
11.7592
6.63893
12.2448
11.659
13.9666
12.3887
14.9111
14.6591
13.2423
12.5141
11.7103
13.3514
12.0759
10.8074
12.1869
10.4311
12.2315
9.93822
11.8015
13.2381
13.3314
11.069
10.9498
6.6451
8.35891
13.9302
10.3776
9.34851
12.4702
9.19183
11.1568
11.3978
14.571
14.975
11.5635
12.216
14.536
6.67998
12.8718
9.29893
13.0925
5.97859
7.968
9.30497
9.03691
10.2121
10.176
11.8632
10.7675
12.8169
14.3217
5.97047
14.6224
12.2089
14.2076
11.2824
12.78
11.0466
12.5551
7.9406
13.8952
9.74155
7.21756
8.41919
9.20656
4.72962
8.08754
12.4501
14.2448
6.71148
13.8564
8.72431
14.4585
12.9251
6.99694
14.2913
6.25335
7.23667
10.2814
11.398
14.621
10.4488
10.5658
13.7371
11.985
14.8183
11.211
13.2237
13.8984
14.7817
12.88
13.0529
7.21354
9.39405
14.967
11.8265
11.5229
13.5581
14.9892
14.1933
14.5386
7.307
11.9814
14.6574
11.1253
9.88325
9.45279
12.7636
14.7409
7.89828
10.9253
7.73067
12.7407
8.93761
11.4635
13.5214
9.57392
11.8835
13.7855
7.12253
5.14652
10.5456
5.95681
14.2114
11.0529
13.8688
13.378
11.0479
13.5518
14.5439
14.6405
14.0248
11.9006
14.2278
5.71184
9.76182
9.49456
10.3181
13.4947
5.50311
8.05508
7.73629
10.9868
9.80866
12.727
14.1942
12.0068
13.8161
11.6306
12.5996
11.5623
10.409
13.0838
13.3251
12.9907
12.9127
14.2708
12.5987
13.9122
9.32666
10.0858
12.2003
13.9243
12.8354
7.57768
9.29261
11.9717
13.7414
10.9373
8.41243
13.5704
12.1266
10.1069
5.88107
12.3407
11.3462
12.5976
9.69697
12.426
12.5243
14.4156
14.4264
9.2301
12.2445
14.1648
13.4047
14.7283
10.6807
14.17
10.5798
13.2806
11.0633
10.35
13.5291
13.9242
13.3972
10.8965
14.306
12.7863
12.7447
11.6705
8.98835
7.17173
13.5862
11.7462
13.2242
11.6692
13.5953
10.6905
7.12811
5.66829
10.0978
14.5334
10.099
13.5527
13.0215
10.3592
11.9437
9.6346
8.94024
6.69233
12.8388
11.2965
13.3546
13.2501
13.0426
13.522
13.9435
11.2903
11.3701
11.277
13.5591
11.2456
9.13364
12.7434
14.9449
14.9742
14.1406
9.81303
12.9907
13.4157
12.0476
9.79254
12.5671
9.81464
11.7425
9.87533
11.862
14.3309
14.1348
11.1774
6.3381
6.19486
12.3221
10.3239
12.5072
14.6613
10.9916
12.4057
9.69295
9.08044
9.94621
6.25158
12.0983
14.9445
8.82801
14.355
13.0035
8.34384
11.7299
9.95141
12.7564
10.612
14.8037
11.1057
12.5699
12.4183
11.2526
8.10051
9.99156
13.5298
8.49735
11.433
11.5343
13.468
10.5744
12.6637
13.4259
8.10061
14.5225
9.69242
13.1739
11.2395
10.9283
11.3741
6.968
7.65353
14.687
13.0593
13.288
9.39478
5.10695
6.2904
8.73431
12.5733
6.62813
14.6559
13.4134
8.70553
13.3391
13.8557
8.71126
14.283
12.6444
14.9469
11.6381
11.4518
13.9446
13.2463
11.4979
14.0798
14.8421
13.9337
11.34
9.19638
10.7957
10.5855
10.7702
12.7625
6.68632
8.06748
11.5038
11.6036
14.1033
14.9456
13.414
9.46667
11.6905
6.77751
10.6816
7.10955
6.76119
13.57
12.8565
12.0269
10.6463
7.19174
9.67505
14.7759
13.6435
14.3482
10.7455
13.2501
14.1028
8.62772
12.1747
10.4151
14.6974
5.3425
12.3406
12.8178
13.6911
12.8832
9.05634
13.1599
14.3376
9.85305
13.7792
14.4014
13.0297
11.0786
14.3958
10.1842
10.6004
11.6948
10.8385
12.7793
13.107
9.62291
13.8143
9.92461
14.4553
7.27567
10.5488
14.581
12.3439
10.4314
13.9431
12.2487
7.38644
12.035
9.87958
11.7211
14.9823
12.056
5.58856
13.2088
14.5746
14.746
10.4253
8.55313
8.15113
11.933
11.8493
13.0011
12.0103
9.92562
7.07259
13.756
11.4319
14.3084
11.6571
11.6155
12.6477
13.0503
14.9456
12.9816
14.5012
10.7121
9.16757
7.0692
11.4712
14.5036
10.317
8.44366
12.8325
12.408
7.34586
11.7055
10.8551
10.0118
14.7039
12.111
13.2165
13.7375
7.25289
11.421
12.514
11.5898
14.816
9.68936
13.0593
14.4934
11.1313
12.1716
8.66578
12.5569
10.1459
8.32873
5.79543
13.8791
12.3384
9.05156
11.1747
14.9879
9.37061
11.1593
8.50867
7.13813
13.6338
8.10128
13.8408
11.3125
12.654
13.1724
13.1305
7.66259
12.0324
7.31333
6.36852
12.723
10.9468
14.8399
11.8227
6.47518
8.85522
11.0162
14.7194
9.5603
14.5096
9.85236
11.7714
13.5249
10.7529
12.3555
14.1881
6.23444
13.141
6.79429
8.99601
12.94
5.55278
12.4801
12.5511
12.9772
14.8909
13.0094
10.2844
6.71533
10.748
14.387
10.4962
14.8685
12.5842
11.9004
12.2129
6.90353
11.9436
7.25574
13.7621
12.3363
12.5666
11.5838
9.40664
13.9214
12.028
14.9966
14.681
8.70666
9.59717
10.3326
8.03126
12.6596
7.74642
14.5643
9.91482
7.55135
11.9433
6.42588
12.884
13.0691
12.0791
5.65181
14.4041
13.2024
14.3044
13.9881
14.458
14.9778
11.5638
8.42188
7.61911
11.1289
14.0674
10.4138
11.8763
11.7456
13.5399
6.87928
12.4405
11.9155
10.6757
13.5418
11.4876
13.2238
12.3897
8.19804
11.1537
12.1106
12.1526
11.9012
11.4301
11.2497
11.3041
13.3768
12.7232
10.6752
9.42965
12.6036
12.6464
11.8097
8.95096
12.5367
9.33934
11.2732
12.5761
8.6993
12.2775
13.4412
12.2945
10.4024
12.4015
12.9126
14.1726
13.665
14.6941
11.1861
13.6338
12.4333
9.96653
7.43586
13.5647
11.3412
14.3078
14.687
8.44439
10.1366
12.2468
12.3833
8.74306
11.9382
12.7182
5.93023
14.0468
12.923
14.239
12.5414
13.6955
12.6782
12.3469
12.3503
7.92202
11.0208
14.4635
10.847
13.343
10.3802
10.7329
14.1754
8.8988
9.94192
14.8215
13.7439
11.9919
10.7202
13.3365
11.1233
11.4989
10.3572
12.3742
10.168
10.4842
9.43521
10.3788
12.4993
8.80203
14.1346
10.2896
14.7157
9.12283
11.1849
9.84175
7.8117
12.7519
12.9812
13.8948
5.2434
12.4515
11.1088
14.3356
14.718
9.64359
13.0883
10.0172
9.6715
12.7315
12.2965
13.1722
10.9017
12.1627
9.25047
11.5682
8.31483
12.7791
12.2982
14.1758
14.6751
11.4005
11.9005
7.50817
9.70752
12.6265
12.3409
9.63338
14.8491
8.46426
10.9192
13.4699
11.2525
12.5487
7.39055
8.47683
14.9226
14.0151
13.0076
8.94831
12.0228
13.0042
12.2908
11.3267
8.57831
14.2848
10.4014
13.0909
12.6154
12.67
8.3528
14.004
13.8395
14.0643
9.88161
13.4888
12.0111
11.2437
13.6806
7.574
10.3235
13.5341
8.44315
14.3529
10.3234
9.36578
14.4679
14.613
10.5768
10.4961
8.57697
7.74138
9.62791
9.89444
14.8523
8.08814
13.2187
14.3676
11.1295
12.9717
8.94819
6.59673
7.2871
10.8184
8.03252
12.5737
9.74376
8.32964
13.2744
10.3371
9.32181
8.9763
7.73897
13.3132
13.4739
6.72712
10.4515
13.2576
11.2185
7.75014
12.6763
11.542
12.9163
14.1046
10.1281
13.9082
8.64047
7.92037
11.8956
13.9687
10.863
14.253
12.2712
8.72891
5.81683
10.8949
5.43054
10.7729
13.833
11.3335
6.37286
11.546
13.2084
11.0063
13.5574
10.7421
14.2053
11.5923
9.80744
12.6346
11.3727
13.5311
11.0023
11.3935
14.7753
10.6795
14.676
9.97471
13.3919
6.76641
7.50102
12.7662
12.6361
11.4677
14.6434
8.78625
13.8712
10.9833
5.93387
8.93045
12.0569
9.18324
13.1378
8.17602
14.4086
12.3974
13.5099
14.4767
5.04062
14.103
12.5912
7.49138
14.6368
5.42322
13.6596
12.6893
12.0962
12.9913
14.2585
12.4649
10.0503
13.3939
12.2485
6.06929
13.2511
14.7289
10.28
12.9767
10.4708
11.9714
10.5713
14.9169
10.9014
14.4831
5.69225
9.14438
6.17189
13.3616
13.9339
13.7712
10.6235
10.5737
10.799
8.58625
11.157
14.7524
8.17105
10.4083
8.87876
13.0147
10.0061
9.95582
14.231
9.08881
11.1074
10.9171
12.9547
8.34071
11.1966
12.2643
9.39787
12.4826
14.1357
13.2235
8.33713
13.3741
8.52196
7.3793
10.8618
13.4538
13.2351
9.96533
9.83592
13.3583
4.08551
14.0059
12.3071
11.7526
14.5389
14.4281
8.60258
11.7774
13.8581
12.4698
7.09474
8.34584
13.1298
14.7193
12.7819
14.5644
13.9593
12.4779
9.63729
11.213
10.9104
14.6932
11.3063
10.9471
12.0566
14.4004
7.98567
12.1761
13.327
14.9309
11.9226
11.1608
13.4134
13.9364
8.85825
11.1102
11.9807
10.2625
9.11978
10.0718
10.5565
10.8793
6.70814
13.5703
4.89865
11.519
8.93731
14.6063
13.0724
10.519
14.6803
4.62457
14.1808
11.5409
12.472
12.2211
13.0135
6.15783
7.07504
8.64176
10.2647
8.32536
9.81465
6.77794
10.2917
14.4715
11.2581
9.32568
14.5248
11.4563
14.1496
13.0058
13.677
11.9058
13.6504
12.2313
10.8306
10.286
11.3144
9.00965
13.3233
13.4551
11.8659
13.694
11.9454
10.4349
13.11
14.9687
9.68464
8.33009
11.6114
10.0879
9.36354
12.0229
9.62902
13.2753
14.6837
13.0056
10.4931
13.4015
11.7784
14.0885
6.91216
10.7268
14.3701
11.3273
9.93305
13.9558
12.2382
12.1394
9.18891
9.39087
12.9043
14.0734
10.2011
9.89878
12.4389
11.1583
14.5086
14.7902
13.2384
13.5935
11.999
10.6901
9.11181
11.9639
14.6549
6.60561
12.0344
13.0062
11.0545
9.75924
12.8563
14.0273
10.4452
7.04958
14.4874
12.9634
11.682
13.3345
12.6893
11.5851
14.6513
9.61798
10.1139
14.8601
12.5621
12.3874
14.9027
11.2796
7.98788
14.7744
11.4858
12.0819
10.1608
12.946
8.0588
11.1942
14.6809
14.1987
13.0131
13.667
12.6801
5.34995
8.10876
12.9977
12.9375
14.2464
10.8465
9.19823
13.622
14.3255
14.8499
14.6718
12.088
5.49103
8.05115
12.6066
13.6745
6.02371
7.20623
8.04373
13.7992
11.3353
6.16818
14.6721
12.844
10.5933
10.9267
9.49398
11.9553
14.6988
14.7324
6.62396
11.2616
12.4872
11.047
14.0436
11.6171
14.1244
13.9606
12.4975
6.20386
12.9497
9.43848
9.43512
13.5125
13.8728
8.56328
10.4354
6.90146
9.05612
5.33803
10.9458
12.4158
9.6293
13.4
14.407
3.51461
14.2278
14.9551
12.2091
13.7478
13.7062
10.9484
13.0282
14.8083
11.3735
10.9756
13.0093
13.3569
10.301
8.77836
12.562
11.1144
13.71
5.57889
14.4253
8.55573
11.4368
12.2555
9.44654
11.0657
10.4843
11.2495
6.7868
14.0237
7.98439
8.44492
13.4374
11.1293
13.1067
14.8678
11.9234
13.3765
8.82931
7.60399
12.9331
12.3639
10.4562
11.4966
9.36833
14.4929
10.232
13.8606
11.5549
11.9938
14.7672
14.1456
13.3232
12.7304
7.72441
13.8351
9.87033
11.0092
12.8509
9.76705
13.4858
9.97858
14.381
14.7853
12.1315
9.48068
14.6596
8.19161
12.4204
9.98077
11.8127
6.52603
9.28496
9.97377
13.1343
14.9687
9.8818
14.4848
7.82954
13.6376
8.42591
12.0096
5.08165
14.2689
5.66426
9.08489
14.3023
12.7639
14.5257
11.694
11.0632
10.7728
12.0239
12.8992
11.069
13.1964
14.7789
11.7515
12.4459
8.62174
9.33236
9.26869
13.5508
12.4594
4.05065
13.7537
13.3202
11.3183
14.9069
9.56746
9.25999
11.956
10.6064
5.71813
12.7331
11.5968
12.7743
11.6541
12.4093
11.6492
7.23652
9.31486
5.67399
12.6478
10.1181
14.0886
11.6628
9.69538
12.3511
9.71171
14.1008
10.3485
5.9042
14.4911
12.9701
11.0604
14.5669
12.443
12.375
12.3253
14.4715
12.2697
12.1742
13.0828
12.9617
7.93495
10.7533
9.06193
9.75066
12.5121
13.9869
14.3461
9.28371
5.94811
14.3324
10.281
8.87276
7.74971
9.17612
14.7993
14.6593
13.4532
14.3323
14.3481
11.6721
14.9177
13.5882
10.4624
13.5696
13.104
10.8375
10.1507
11.0105
8.48903
6.83825
12.4946
13.5194
12.0972
5.84122
6.4789
14.5064
8.35026
11.6306
13.4669
12.296
14.1357
13.2753
7.91064
7.13491
8.88707
14.2127
8.07961
12.9636
14.4703
13.5395
7.666
10.5858
8.55733
13.8788
14.3322
10.8108
6.67031
10.3406
11.1471
14.9231
11.4527
13.5229
12.8459
13.7858
14.2661
12.6107
14.5506
12.5979
12.4406
9.41954
14.9691
11.8718
10.4019
13.8717
12.4641
14.6682
14.9302
7.62153
14.5526
14.5933
14.557
10.8537
13.86
14.7498
12.6794
10.8526
11.3993
9.63863
11.4676
12.2616
14.148
14.8949
9.13013
14.8055
10.3171
12.3073
10.367
14.4843
6.97467
9.30051
14.8418
9.72353
11.8886
12.6669
14.2889
9.9355
13.5837
14.8586
8.67765
10.4312
13.8401
6.37632
7.64427
12.8312
9.15627
14.1885
11.8689
9.29391
12.7267
13.4249
13.0843
9.29574
7.80139
13.642
14.9928
9.30998
14.1672
12.0486
7.74589
14.1566
14.4428
14.7364
14.8631
11.809
13.2554
5.79791
9.31136
13.2619
8.84076
10.7949
11.6648
6.01834
9.93918
10.1415
10.1611
12.3705
7.60162
11.2644
8.85517
5.29727
12.6388
14.2778
13.9326
10.5881
14.4754
12.5722
11.4277
12.0889
12.8343
13.5028
8.74574
6.24957
14.9346
14.4804
14.2061
13.3605
12.6024
14.2951
12.6026
11.0246
10.6672
14.5198
14.1836
12.1282
6.21584
5.19513
12.2311
8.75777
12.8981
13.0159
13.0083
12.6602
14.7008
9.16662
13.4229
8.43572
13.6454
8.39004
12.0234
14.1279
13.899
6.67207
11.1587
13.6687
7.73988
12.1299
12.7058
5.33817
11.7563
4.7303
14.2653
8.972
11.0411
14.3456
13.5641
13.3207
12.3438
6.48024
5.81491
8.35038
13.1258
7.4888
13.3633
13.2603
10.7601
5.89361
6.24745
12.5208
14.5424
12.51
9.14659
13.96
14.6162
12.7045
11.3163
9.34966
9.58028
8.22683
11.1489
8.00999
10.6272
14.6733
9.3705
10.6155
8.07506
14.5841
8.02913
11.7523
6.66165
11.2505
8.45705
6.44983
9.55753
10.1808
13.6806
14.1665
14.2728
8.51475
10.0359
6.07389
12.6645
12.1274
13.531
11.6543
9.40934
14.5028
6.82165
14.5152
11.506
11.2338
12.5782
7.28862
9.16374
10.8898
12.7064
14.8716
6.28046
10.8061
14.0188
11.7596
14.6169
13.4956
14.8395
6.23964
12.1249
9.6175
11.3817
9.62428
4.57872
4.01914
10.4849
12.186
13.9583
9.12564
6.56511
10.4592
10.647
9.14283
6.59809
11.3843
10.8845
9.08772
12.381
12.2199
13.1456
10.7316
13.3894
11.2358
8.22453
7.8924
12.0079
11.9686
13.3743
11.74
14.7758
12.6073
12.3567
13.4215
10.8296
9.9396
12.769
11.8492
9.35756
9.73338
13.2071
10.4625
10.3844
13.6618
14.748
12.5724
13.1381
10.0935
13.9653
13.9558
13.6086
9.84787
11.9763
14.8379
14.5042
13.3274
9.61101
7.00518
12.7765
11.2878
11.3061
8.3792
10.429
10.6909
13.7045
7.97395
14.3922
10.9427
8.38439
13.9485
12.0921
12.5826
7.81531
11.7614
8.88042
10.7688
13.5322
10.3909
7.12983
14.2803
12.9331
8.46593
10.2844
12.1763
12.6241
12.8047
12.2051
10.6811
13.7214
10.494
13.4553
11.7496
12.7633
13.0894
6.90929
12.2672
5.43262
7.46808
12.1369
12.8519
14.2005
12.2903
14.9819
9.67366
12.8987
11.5499
12.7298
11.1061
7.35076
10.4621
9.47962
10.247
14.4236
9.57716
8.23254
12.6365
12.5428
6.68914
14.5215
9.10611
10.1965
14.4163
7.81692
11.3291
12.4965
12.634
13.4543
8.3498
12.5042
13.3399
11.3873
11.7187
9.95305
6.32538
7.21421
10.5749
12.1396
13.916
11.6436
11.132
13.092
12.0212
5.75881
10.8261
14.6303
14.0974
11.7252
14.3608
8.63999
12.0926
8.06083
10.7135
11.509
13.2009
4.84877
13.6613
10.0885
14.0484
11.8631
13.5305
13.6127
6.45795
9.80057
12.9059
11.4204
5.017
5.5275
9.49656
12.7875
8.51329
9.94316
11.4247
10.6002
12.0615
14.9168
12.182
9.11442
11.9622
9.10932
14.6107
13.2524
6.60839
8.06832
13.5368
9.73944
13.0795
7.25627
14.6685
9.55013
14.8992
14.9321
12.9584
8.44785
14.0867
13.8477
9.3477
14.3901
6.8889
8.67197
13.1225
14.5524
9.4821
13.9787
8.9851
13.1284
14.9739
9.27254
14.3546
10.8103
7.40323
6.82356
6.8538
10.0295
10.2201
14.8526
12.1045
13.4986
10.2104
10.7259
4.28129
7.06792
8.16504
14.436
6.58516
12.7755
11.1282
10.4481
12.5689
13.0365
9.97057
11.8476
13.765
14.8115
6.20236
10.8661
10.4797
13.6529
14.7666
12.031
10.2211
8.56782
13.9711
10.6333
8.52931
14.8385
9.47732
14.0705
11.9505
14.5478
14.4664
11.5751
9.96025
10.8077
11.2243
14.4825
11.7783
8.5065
14.0937
12.2056
9.12521
13.2718
7.15065
14.6163
12.7545
14.1734
12.8331
11.6518
11.9043
13.0452
13.835
12.5368
13.1721
14.2905
13.6495
12.812
11.3382
11.0752
14.2692
10.9435
9.7765
5.11337
10.541
9.90591
13.1108
8.65631
7.4205
7.93138
8.92758
9.89945
10.8511
12.1795
6.87293
8.48437
12.2877
12.9007
5.53599
9.54211
12.6777
13.715
10.6984
8.95451
14.687
14.2353
12.0459
13.275
10.1955
14.7258
9.16064
6.42149
12.2291
6.87818
12.5766
14.9584
9.16632
12.1726
8.09362
11.4262
13.699
13.1603
10.8913
5.45461
13.5194
5.24107
10.3605
9.25457
13.1003
12.9556
8.4292
10.7916
10.7048
14.319
10.8605
13.3413
9.0341
12.163
11.626
7.71822
13.7416
10.6499
13.0821
9.52341
11.6744
10.5855
14.8841
14.1445
11.9955
8.43519
12.0218
6.50672
13.8275
12.0773
13.1584
11.0882
12.6081
9.31174
14.0884
9.97269
14.7587
12.7593
9.15215
13.5021
11.1755
12.8574
9.49633
13.7616
6.6321
12.6596
11.9365
14.5207
12.6846
12.7675
11.3956
6.87831
7.30933
6.38141
13.1815
12.6256
12.426
8.20958
10.758
11.5374
13.4426
11.3398
6.81045
11.8432
13.4886
7.05729
8.42939
9.0779
13.5234
14.3727
7.23
11.6617
12.8885
11.0396
8.08933
13.4339
14.2804
11.9207
14.5554
6.1465
10.3606
11.4447
10.267
14.2065
9.12925
12.6749
14.1739
14.6803
6.76613
11.0655
7.72037
12.6658
6.01345
11.0906
9.12265
13.6055
12.3743
10.1837
11.9712
11.8072
14.357
14.0781
8.27915
10.594
7.41384
8.52522
9.14543
14.1825
14.6816
10.6602
13.3621
9.44685
14.5399
9.98006
13.5826
13.7277
13.5938
12.0081
10.3063
12.3443
10.6286
12.7215
10.5294
13.507
9.23808
10.9556
6.14081
11.8574
10.7041
13.3005
9.98375
10.5281
14.0857
14.6637
14.3026
14.7185
8.39556
10.5072
4.77081
8.18563
9.46173
11.6683
13.9599
10.4119
12.5521
12.2831
14.7804
13.5974
13.7737
12.1761
13.0692
12.8482
11.9434
8.91357
9.92407
8.7315
6.01608
13.1127
7.33166
12.9088
14.4685
13.4031
7.78997
10.0507
8.50916
9.87658
14.0052
13.8433
10.9305
9.33981
10.3486
12.8905
4.1568
5.39367
10.1421
13.5546
14.6546
11.3047
13.9529
12.6628
6.87092
13.733
11.0888
8.97019
14.9831
11.096
12.8215
14.0536
13.0239
14.2834
12.3299
10.1127
14.564
8.32006
14.4242
10.5133
13.3414
9.00476
7.60184
5.62872
12.2826
8.97545
12.9405
13.733
13.8511
14.1956
12.2193
10.5301
12.3825
10.7929
13.5382
12.145
10.9182
10.1198
11.8161
9.668
8.38102
14.4554
12.1439
11.8617
12.214
9.7089
9.27968
9.60216
12.8995
9.85663
14.0765
10.1611
10.0736
10.02
12.6928
13.7433
14.2506
14.1324
12.6672
6.74759
4.95883
12.207
11.1049
12.3151
12.8122
4.19359
12.8707
12.2671
13.7275
14.819
9.9688
10.9318
10.0006
13.3098
14.644
8.44275
12.8813
12.1171
12.2537
14.6946
13.8628
12.2772
12.0013
12.1019
9.00573
13.7977
9.40263
11.3546
14.793
13.0349
8.37274
10.4771
7.35599
12.8092
9.01205
11.5228
13.812
10.4341
12.492
14.3546
5.87429
5.29949
14.3757
13.6949
8.30703
13.4016
14.4881
13.2455
10.1199
10.1431
10.2692
10.6611
9.58733
13.7679
10.495
14.3258
6.86013
13.0162
13.9729
13.3829
13.2825
4.80149
10.7964
12.5031
13.0328
14.707
7.09192
8.33816
9.71351
9.58136
12.5904
9.60287
6.68819
9.49132
11.8734
13.6622
12.8493
13.2551
12.0869
13.6464
9.03318
10.2641
11.0177
12.1756
13.9513
14.1612
13.3022
8.92686
7.08358
12.1884
12.3568
10.7105
13.2622
10.2185
13.8184
13.7961
7.03579
9.87673
14.9153
9.82281
9.04359
10.5457
13.9506
14.1487
10.5498
3.92571
12.1835
9.45991
12.0137
14.0165
13.4762
12.3504
14.9976
13.2289
7.56651
4.70061
14.5406
5.97324
11.5971
11.3165
11.844
5.9956
12.3602
11.8062
14.9764
11.6148
12.5908
9.83522
13.8028
7.98108
8.88395
8.4248
7.78896
11.709
12.0396
10.7373
6.53683
10.5425
10.601
9.1538
10.8585
12.7544
14.7732
14.6175
12.1556
10.5258
12.5002
14.714
6.34635
10.6785
11.4034
14.4273
14.526
5.85391
10.9736
11.9405
8.01843
12.5494
14.5307
12.19
9.01745
12.0249
14.1472
12.6988
8.98787
14.4943
14.9316
9.12352
12.8357
9.99268
7.04677
13.6175
12.4182
12.1701
12.5538
9.72484
9.29892
10.8449
10.5816
10.8301
13.387
14.3571
12.9166
10.2434
12.6943
13.4057
6.9988
12.473
10.5923
9.84748
12.6919
10.0617
13.5591
11.4946
14.1117
10.5181
12.3372
13.2097
12.521
9.63768
10.0466
11.5662
12.8095
6.82076
7.44962
8.41287
14.1322
10.1094
10.495
11.6442
10.8072
14.4808
8.11803
13.2498
8.58198
13.313
13.2998
8.65722
10.1757
11.1436
13.5384
14.4678
12.374
10.2335
10.9289
14.0997
12.7096
13.4229
7.68539
6.46905
14.1995
10.2593
11.6612
14.0744
7.35762
11.0891
10.1395
12.8299
11.9505
10.8321
11.7496
13.0892
13.4778
11.8088
11.0694
6.18921
12.2444
13.4529
13.0908
13.0794
14.2196
13.448
14.1689
14.9737
10.8824
13.501
11.0078
13.5284
11.2209
10.4514
14.1517
11.4062
11.0251
14.5439
14.6638
6.06583
10.3966
8.60347
13.1212
11.2022
13.5113
14.882
10.0872
4.78917
13.7376
13.3103
12.9243
10.9884
14.3429
9.16653
12.8597
14.6498
12.4694
8.6709
13.8294
14.7326
14.7421
13.708
13.854
13.8683
7.45092
13.579
10.9825
14.8178
12.1062
10.643
12.9564
11.499
14.0446
13.671
13.5626
11.0402
13.5031
10.9832
6.51481
13.8015
7.40843
12.2177
11.0901
13.7681
9.31386
14.5283
11.4518
12.8651
8.34073
13.4814
10.542
11.8268
14.2671
11.8429
10.4623
14.2602
10.7104
11.9295
10.2584
7.06842
10.9592
10.62
14.9984
14.2112
14.7108
7.35806
9.39693
10.4286
12.167
8.76543
9.69195
10.4828
14.4122
13.6744
10.4183
11.6687
11.7098
14.265
14.7915
10.7287
13.6473
11.6801
10.7824
9.39606
11.5299
12.1066
10.13
10.0286
10.7812
13.2042
11.282
12.7008
13.1978
8.51079
11.4595
10.1383
8.75756
13.7956
14.0534
11.786
10.2392
11.6591
9.2109
10.076
8.96946
13.4438
11.5267
9.97879
10.5314
14.2669
7.57908
8.04974
14.6484
4.73226
4.50265
13.9113
11.2452
8.68624
7.37435
12.1296
8.76779
12.8228
11.7924
14.263
10.8439
10.8487
10.8857
8.47585
8.15491
10.5257
13.2217
12.3099
9.28185
10.6587
12.6607
12.3999
12.3972
9.27813
11.2962
12.9553
12.3484
12.0419
14.8896
11.281
13.4732
14.6262
12.408
9.96026
6.49702
8.65551
14.1402
13.7227
6.43076
10.8485
8.16908
9.44672
13.785
13.2315
11.5233
11.3107
12.893
9.74027
10.8685
14.6861
10.4251
12.3643
11.1067
14.8157
13.4384
4.93433
14.9419
9.69081
13.4522
7.94392
5.60843
8.43367
11.0297
5.00257
4.6047
8.15677
11.4584
11.5404
13.5012
14.0076
12.7487
9.83356
8.86347
12.5005
9.958
13.5488
9.04202
13.5784
14.1538
6.92722
13.6568
10.2522
14.5248
11.8984
14.305
13.4335
14.7792
10.9407
9.60635
14.3642
8.46854
12.2091
14.4187
12.6588
13.9103
11.9933
11.9913
11.2969
11.3579
8.67547
13.9587
11.4619
13.37
12.008
7.44904
13.0001
14.5899
9.75931
7.81007
9.41898
10.8723
13.3955
10.0948
11.954
14.6919
12.7458
10.1054
12.2624
14.6599
7.1102
12.3238
13.1483
9.0172
6.80777
13.156
12.595
13.5837
8.29263
9.53657
12.593
13.1962
13.9027
11.2916
11.9378
12.2357
11.5806
13.4171
5.60421
11.4944
8.79063
10.902
12.166
8.80493
11.9856
12.1678
9.75065
14.9948
8.2027
14.6473
12.3893
14.7458
14.4047
12.679
14.0348
13.4931
8.19814
12.0084
13.3705
9.70773
14.5622
14.5037
14.0555
10.846
7.33121
13.602
14.4005
12.5745
10.8088
12.9461
13.3252
13.1782
8.71543
12.9524
14.1462
14.0222
13.8348
9.20245
12.2451
13.4462
13.6989
6.78815
13.0808
14.0271
8.43176
13.459
14.5671
12.8734
12.8971
5.41917
8.92626
8.34033
14.4708
12.0487
13.5447
12.3863
10.173
12.0285
10.2582
12.0352
14.3502
5.3229
14.2543
10.7585
14.021
9.7888
12.0179
12.3747
8.48172
9.14769
8.89772
7.30198
8.80876
9.93638
13.3985
10.1859
12.1229
14.1639
6.4173
9.69916
6.86034
12.254
7.08169
10.1744
9.93747
7.14986
11.4439
11.8344
7.46104
9.79862
9.97137
6.95523
11.5498
7.11347
9.88097
6.95408
11.5497
9.79938
10.3882
7.72711
7.44255
9.22238
6.71757
11.8337
9.67088
7.1382
12.2602
10.0864
6.96965
11.9764
9.92583
7.27292
6.86478
11.9987
10.015
7.00888
10.0454
13.1842
12.5666
7.6687
6.54858
9.67987
13.1214
13.2661
11.9738
11.9503
8.53134
14.7322
12.9589
9.16864
14.7128
9.04861
13.2227
10.4281
7.10963
14.1499
12.9507
11.7187
12.2779
10.0702
9.69998
10.8551
9.93297
10.5111
11.1117
7.17262
8.33768
14.1225
14.7059
9.29376
14.5692
7.1004
13.3935
11.6639
14.0202
10.2772
8.97316
12.4495
6.27716
14.8809
11.3217
13.8854
9.25253
11.3622
12.7218
11.1072
6.85031
14.7285
14.7252
10.0011
13.7424
5.91995
8.52255
9.94588
13.2462
14.6257
11.409
12.1226
4.53414
4.95175
13.1082
7.89849
6.48478
11.7862
12.7182
10.9356
9.82855
14.1971
10.9047
14.5321
9.5004
9.7851
10.8822
5.21883
10.5147
13.1745
6.49111
7.10222
7.10012
14.872
9.45366
12.5181
8.86732
7.7554
8.30971
11.2765
14.1617
10.715
10.4191
11.4296
14.8215
6.61892
6.53898
11.8495
12.9923
7.16818
7.00173
13.2387
12.5293
14.4311
13.904
7.88409
14.2664
13.4687
9.72367
5.89776
4.55456
9.67172
13.7008
10.7078
12.1456
13.3878
13.5436
10.2687
8.20499
13.8669
7.59163
12.3267
11.1039
11.9328
10.1299
10.7579
13.0449
14.5978
13.5202
13.142
12.2014
11.804
6.51511
8.69363
13.8936
8.97545
14.245
11.8778
13.483
11.8348
10.6911
14.3108
10.5806
12.6931
9.93144
9.24745
14.1456
14.6562
8.58022
9.68429
9.37541
11.8505
14.1827
9.0456
12.2068
8.65193
8.00533
7.27171
13.5402
9.08963
14.5797
8.74054
13.4707
9.35363
13.5985
5.66723
12.0484
9.51656
13.8327
9.80761
14.3342
12.4627
10.1072
13.0999
8.26715
8.31656
10.5541
11.4566
14.0927
10.2303
10.5737
6.10145
9.88041
14.9296
12.0917
14.9781
14.8311
11.6742
14.9394
7.97807
5.27409
13.43
13.0016
14.0039
10.0519
7.10065
13.43
11.0634
11.8092
11.2939
14.3873
14.2548
10.3848
13.59
8.59585
11.3427
9.20268
10.6307
12.1329
14.9709
13.0937
13.7818
14.398
12.8747
13.3793
9.86167
12.0489
10.6107
12.5756
10.3986
14.8062
10.0659
7.85504
13.0063
10.2644
13.466
9.34778
6.89889
13.8964
8.86306
8.98542
14.61
14.3223
12.4364
11.9917
13.612
8.43168
9.90621
11.9148
9.55041
12.5914
10.084
14.9309
12.6906
14.2729
5.58254
12.8202
9.02477
9.20323
7.03001
13.1309
10.2607
8.99173
9.29545
9.18068
10.0532
12.9136
12.5007
9.82296
12.852
11.3714
13.8755
10.5524
12.8443
13.6687
9.4667
12.3031
10.7524
13.2072
6.4289
5.23722
14.4669
14.4117
12.3272
8.70094
10.4103
7.14213
13.3747
11.072
10.9054
14.6154
11.5188
11.42
12.3752
11.3259
8.89974
10.8508
8.0453
14.0809
13.7841
8.93589
7.46012
14.58
13.1571
6.39809
11.655
13.8321
6.21239
6.84812
11.3426
13.7169
11.9287
9.88653
10.0739
6.98332
10.3769
8.1368
6.81665
10.459
12.4316
7.86535
11.1626
14.4332
11.9782
14.8472
14.6934
11.5494
5.17326
14.5365
12.5423
12.6297
13.1453
12.157
9.91598
7.74016
13.3
11.7268
12.4063
12.4396
10.6082
10.9925
12.1204
13.2301
14.4221
7.1454
6.09982
13.7926
11.9134
11.5537
14.0446
8.43284
13.9161
12.5301
12.0551
5.58564
12.7295
14.2702
14.2359
12.7399
14.7814
12.2727
13.7922
13.3388
5.45695
4.65663
13.645
12.2138
5.80734
6.3849
14.7041
11.816
10.6568
14.1746
8.62109
12.213
13.3655
10.4051
12.0235
11.2989
7.30739
10.4796
9.03798
10.0035
12.4224
9.6835
12.5722
10.1987
7.74209
13.0367
11.9639
7.81643
13.5825
11.5809
8.06464
4.311
8.64658
10.0345
7.96358
9.58603
14.5545
12.8246
12.3197
9.28048
12.2772
8.65213
9.43135
11.8241
9.53664
13.3759
13.096
13.9715
10.1452
12.9865
13.9203
7.60551
6.23925
12.4897
8.42904
10.0835
11.4438
12.2731
11.6446
9.47287
14.2506
12.2548
11.4336
14.4857
6.55024
11.4097
7.30449
14.6339
6.40085
12.7902
12.679
14.4053
13.1504
9.37033
14.8456
10.444
14.2426
9.83584
11.7245
13.1734
14.7635
13.0264
13.4081
13.9609
14.6506
12.8646
13.7957
13.8934
9.34632
12.7353
14.7511
10.6079
13.6911
9.05181
6.01187
14.4729
10.0003
12.2305
13.8544
5.87989
14.7371
13.1042
14.6286
13.3777
11.5185
11.386
11.5214
6.13796
4.95179
4.94372
8.48168
9.1933
10.8928
12.9336
11.7366
11.2935
14.0136
13.2908
7.18635
14.8251
12.9157
13.5883
10.9929
8.63047
8.81506
14.88
14.4001
14.651
12.1985
10.9997
12.4331
13.6482
12.7438
10.2849
9.34127
10.3277
12.4744
12.0662
11.3069
7.23542
11.5738
9.96598
13.5247
11.4139
13.1751
10.2873
14.7413
6.03121
9.27875
7.7331
6.74473
9.56726
9.7064
9.94258
7.6023
11.8609
11.5052
8.29533
9.66029
13.1663
9.79629
14.9171
12.8149
14.2705
10.9406
12.079
14.9868
11.9937
12.7645
10.0692
9.85685
7.72728
14.6174
10.4587
11.3677
10.8931
7.15909
13.3293
14.6155
11.6015
11.6116
12.3531
11.8035
13.6413
13.5326
9.3033
12.3586
7.9774
8.58931
14.2396
8.62867
7.36688
13.5861
13.8949
12.0572
12.0654
12.1079
8.93714
9.2823
7.75417
13.4531
12.2867
9.28331
7.92674
9.46401
9.17766
12.9524
12.5121
14.6158
12.7577
14.7399
6.70932
10.9492
13.9095
13.0112
12.4289
4.57407
11.161
14.8128
6.87974
12.8315
10.3164
11.5253
9.98909
6.33121
13.0917
14.0994
10.5503
10.0999
13.49
14.9202
13.0829
10.6806
12.6657
8.40543
11.093
7.83031
9.13266
14.0731
14.8256
5.52296
13.8103
12.5915
9.78042
5.81322
4.54586
7.89604
14.09
13.8188
11.5207
12.6796
8.94898
8.00152
8.59127
13.7134
8.7884
7.65306
13.9218
7.88134
11.3839
5.93265
12.5964
12.003
10.4503
10.7385
12.2643
11.6034
13.1917
12.7912
13.7028
8.02301
14.6995
10.4706
10.1249
13.0195
11.9959
12.4148
11.9703
12.5246
11.8589
12.8551
13.0524
13.6097
9.44275
11.4346
10.7118
11.2802
9.2008
12.4551
13.7039
13.2034
13.6337
14.0675
10.263
10.1678
9.54323
10.6954
11.5407
7.51491
14.4098
11.705
10.9771
13.8241
6.44154
5.66776
6.78557
3.77783
11.742
12.3941
14.4226
14.7681
14.5117
10.6472
11.3378
7.69942
10.9764
12.3236
9.25902
7.24932
6.40429
8.76239
12.7398
10.8082
10.6855
9.23469
6.99915
13.9421
11.2214
13.0929
10.7913
7.87746
14.7993
9.02014
9.77291
11.809
11.84
12.604
11.8603
14.1721
10.8139
10.3082
13.3007
13.3924
10.4482
14.9853
14.5637
10.7414
9.73742
12.152
10.6563
13.288
10.288
14.6046
13.1627
12.9853
10.1653
13.2786
13.9565
9.7507
14.1638
14.5599
7.69062
11.2938
9.93784
14.5789
14.9444
9.16384
5.21794
13.3994
9.82363
13.4558
14.651
11.7806
9.02361
12.5325
11.0306
10.6219
13.2788
7.646
14.6665
12.8941
6.20793
11.6813
14.1856
9.1718
12.9226
8.56189
10.7783
5.46387
12.4303
12.5206
10.6402
13.6654
12.6186
13.5069
12.2467
11.7552
11.994
11.9051
13.1454
6.42717
14.4007
14.5711
8.00772
8.84781
12.333
10.9143
11.6781
14.3284
10.2246
11.8627
13.9734
9.36051
11.2098
14.2164
14.5091
6.40637
13.9947
8.45134
10.9941
14.9332
14.0516
7.07699
10.3604
9.81097
10.9797
9.86775
11.7737
12.2372
11.415
14.6659
8.31538
13.1052
14.0071
14.3811
14.1955
7.24273
9.96952
12.0925
8.85818
12.2479
12.1459
11.7044
6.11895
9.34831
6.46607
7.33234
12.9946
9.58909
10.0153
9.28498
10.2992
13.9715
14.7613
4.67088
12.1024
13.3974
4.38547
13.5374
4.56557
9.72739
11.0167
14.8075
4.49754
14.0533
14.8091
14.9239
11.4568
12.4194
13.9473
10.9601
10.404
8.7668
12.6667
14.1297
11.1009
9.50745
9.89367
7.13486
11.1922
4.49292
5.98079
10.856
13.6092
14.3237
8.37135
14.8394
10.1194
11.7424
5.82698
7.21887
7.20364
11.6471
9.12603
11.6286
11.3492
10.7628
13.7984
14.2903
13.1151
9.40573
8.47819
6.55731
9.38027
14.1612
12.4403
14.7134
7.93988
6.3456
9.20889
9.21782
8.05416
8.35842
6.25411
9.11576
8.11269
9.19867
6.5051
5.81721
12.5247
11.9433
14.1076
11.1395
11.3885
13.3269
6.46337
8.21674
13.4684
11.9578
11.3585
10.3648
10.5602
12.8858
7.56662
10.3309
12.3053
8.32736
12.3326
9.02261
13.7453
12.5393
10.7832
8.39537
8.60591
12.2023
9.34113
10.072
12.8254
14.2026
6.85838
10.0206
14.1965
9.51905
7.21462
12.3302
14.8953
11.0778
11.8366
10.735
14.5564
14.7554
13.1582
10.459
12.4834
10.3626
13.1854
7.42927
14.1225
8.08258
13.7295
11.1168
14.4618
13.9485
8.55336
12.9793
9.02543
14.153
11.5288
12.036
12.4074
13.3662
12.5588
9.0398
14.64
10.6684
11.5279
11.1604
12.7061
9.78158
11.3718
10.7367
11.4726
7.85485
9.60977
5.00643
9.70851
11.4434
12.3936
10.2556
12.9308
9.36058
14.0192
12.0329
7.21206
7.64878
9.73009
12.9251
13.804
8.93954
14.5742
14.5675
13.3763
9.86849
14.1907
13.5413
9.12239
11.2832
11.624
14.256
9.03062
8.06564
9.25387
5.32451
5.33265
9.10654
5.4232
11.4307
8.15353
10.6388
8.15487
10.3974
11.3631
8.63306
9.79959
14.15
12.2879
14.3912
13.3018
10.4845
14.7728
8.79295
10.6479
11.4866
12.6507
14.0046
12.7035
13.3913
12.3698
8.32608
12.2908
11.0767
13.4191
9.73615
14.3798
9.99135
10.5101
14.7897
13.4978
10.5749
6.75975
11.3088
11.8784
6.7601
5.65495
10.1178
12.6068
12.9822
10.0388
9.70218
8.74595
12.168
12.0505
14.6832
13.9842
14.9857
12.4241
6.65763
7.23796
13.1649
9.97256
11.5182
13.0365
13.865
12.6887
7.49888
7.99108
13.3262
10.8155
14.2082
8.12117
6.53062
13.7641
5.5589
9.03994
13.7179
14.2996
12.1028
12.043
13.1458
14.1755
12.2954
13.145
9.00698
13.5565
6.18263
4.48543
14.1478
11.3446
11.8618
9.2267
9.48147
13.5658
7.53886
10.4943
14.3377
5.69025
9.34163
13.517
11.6021
14.623
13.7164
11.4983
12.4578
9.88011
11.3363
14.6991
14.7186
8.65349
13.3384
13.2873
5.84571
7.45308
11.909
12.9529
7.73876
13.5516
10.3196
13.4368
14.433
13.0129
10.1416
7.85199
12.2641
11.6094
9.05692
9.963
12.3722
10.4299
12.4534
9.19579
12.8829
8.13013
10.8041
13.1055
14.5298
13.0484
10.8953
8.59802
14.7807
13.1247
12.8368
12.5002
12.3044
14.0769
7.50572
6.96961
13.6091
9.43749
14.0464
12.7753
10.1041
12.7469
14.3669
12.2558
9.34571
12.9932
10.3093
14.6842
13.7103
9.49124
12.1874
6.85506
12.5962
12.2314
8.54622
12.7783
12.2129
8.63622
13.0785
12.7092
12.5339
8.75902
12.5379
9.99704
12.063
7.8703
10.2799
9.3926
11.8099
13.2325
11.8343
13.8789
8.95182
13.3165
14.5247
6.23375
13.4755
14.3171
11.364
12.8289
10.4397
12.9245
6.58265
14.9005
10.1501
11.8516
14.7529
10.1214
13.741
12.7836
11.2058
12.5225
14.717
11.7835
6.32262
10.139
11.2264
13.3789
5.60444
8.23648
14.883
12.2438
13.3474
10.0117
12.2001
12.2389
12.9199
13.4701
12.7774
13.1328
7.80472
6.71855
12.0016
12.8178
12.6095
14.0956
10.5459
8.3128
11.8979
5.87803
12.8183
13.0467
8.0753
11.8333
10.5145
10.4289
11.3517
8.97371
10.9107
9.78981
14.5431
13.1601
7.47984
13.2641
10.1049
11.9485
5.77205
7.49943
11.221
14.238
8.21175
11.6988
14.666
13.4342
9.25281
8.24136
5.50616
8.03805
11.1488
10.6662
10.2791
8.30168
5.49815
4.95595
14.3708
12.7596
11.5554
12.4696
14.6152
12.1809
8.62647
8.50273
9.9862
12.6426
7.43404
9.34982
11.9173
14.9116
11.0334
11.267
14.1123
10.6338
12.5102
13.3053
9.687
8.95491
13.2199
14.5862
11.852
10.5817
10.6577
13.8536
12.3883
10.7351
11.7818
8.49624
13.0235
9.09405
13.3716
11.356
11.6224
8.60352
6.52733
11.0411
13.918
13.5523
13.6934
6.7472
7.97851
12.3441
9.49558
7.83388
13.7065
10.2
13.8025
9.88601
9.38694
14.6175
11.656
11.8885
6.02707
11.1264
12.7706
12.7271
9.80139
14.5565
11.9159
10.1892
14.2007
14.4985
7.30817
10.1687
13.3928
5.34232
8.92386
14.4214
9.78621
12.8915
10.1741
14.1273
12.0118
12.9845
14.607
11.5743
8.24121
13.1338
10.7544
12.719
11.0304
12.2019
13.2629
10.7738
11.8838
11.3684
6.62888
11.7505
13.2108
12.5881
12.6939
14.3138
8.68759
10.522
14.9996
5.67553
5.81164
5.575
10.5267
13.0412
13.3762
14.614
7.53972
11.426
13.6341
10.4796
8.36649
11.4013
13.543
9.06962
14.8854
10.8707
12.3422
8.83488
10.967
13.0047
14.4893
12.428
14.7808
13.4506
13.7748
12.8545
11.3987
12.6651
10.8003
8.77721
14.9138
10.1934
12.0379
11.7789
13.0067
13.7693
10.0713
9.99419
8.55286
8.89878
5.2916
13.5113
14.5855
13.2648
14.2722
10.5585
13.4685
13.8625
13.2449
8.81857
12.4751
13.1935
12.6299
10.057
13.3434
8.5738
14.753
12.9141
11.0998
13.2487
8.09103
11.3905
6.86841
13.2889
13.453
9.85412
6.94699
12.6396
6.91947
11.3976
13.8979
10.9005
11.2436
11.9027
7.98351
11.6479
9.05074
10.9297
14.4826
13.1133
10.2986
5.85717
12.3454
7.29573
14.9639
12.0098
10.8257
5.97071
7.92081
8.97388
12.9043
14.9931
11.1452
11.2495
11.5515
8.22497
10.5433
9.42907
13.9976
11.9497
12.4519
10.9364
12.6951
6.15151
12.7719
9.44931
14.1395
9.3396
9.2205
12.7908
13.3275
9.33649
14.7014
8.45317
11.5481
8.26273
13.7767
6.05374
10.912
13.4378
9.36789
13.7682
9.20147
10.0326
13.7607
13.6286
14.23
14.7918
6.92624
8.75857
10.454
10.1067
11.8896
14.0582
7.63865
5.87027
10.2408
13.2206
7.15216
12.7403
14.4135
14.5054
10.8128
8.39857
8.36727
9.98461
14.8987
12.6451
11.6511
12.37
13.698
14.3394
9.01135
13.5738
6.91005
12.7713
13.7083
12.4434
13.8098
12.6663
9.86315
8.71594
14.844
13.3463
14.2805
10.0741
13.8381
9.44594
13.0151
13.3204
12.7352
13.707
13.5799
13.1596
14.9713
9.10801
7.24035
14.4217
13.3008
13.9692
9.20705
14.2601
12.8856
13.8999
14.4191
12.3866
8.2709
13.5579
14.3583
12.923
10.65
12.6771
13.9538
10.156
10.0455
10.0093
10.5346
9.88445
8.83477
14.8614
13.0719
8.75173
13.965
6.45047
11.4146
13.7738
11.434
12.1315
10.0439
13.0668
8.14298
13.4118
11.7706
4.45076
7.60648
11.3884
13.3167
13.0115
9.92068
11.1171
13.6787
10.0083
13.6185
7.08383
10.2111
11.4043
7.92434
12.7024
14.3889
12.5905
4.25757
12.1842
11.3513
12.0627
10.5731
11.2185
10.7361
10.4333
9.23632
9.44826
10.5329
11.2375
13.9818
8.62325
9.64088
13.2573
10.7138
13.3057
12.1323
10.4085
14.268
13.3225
10.844
14.0621
12.3436
14.6311
12.15
9.13745
12.5106
14.4926
11.9611
14.0094
12.1395
12.7197
13.0673
13.4433
9.71301
13.1142
6.93087
10.5129
11.9605
12.4178
14.8814
13.147
9.90334
13.403
12.9949
11.8207
11.1187
14.7663
12.4873
8.95716
11.2787
9.86406
11.8981
10.017
7.62261
7.27635
9.95047
5.77943
6.48107
8.43246
6.91068
12.0291
14.9328
14.2258
9.7634
8.24479
10.1363
13.0216
7.76972
10.7098
14.7662
8.43296
8.29663
13.0195
10.3639
13.7843
14.8677
9.16801
13.917
9.56751
11.618
11.5644
14.4545
11.5074
14.5705
13.3404
7.56036
9.45072
10.9491
11.9203
5.97558
7.97802
8.00363
12.4132
10.909
7.19415
9.14591
9.48403
13.8011
13.8524
9.78953
11.9349
9.63912
12.9833
13.962
7.63575
7.32219
11.5247
12.3704
5.67253
11.053
7.69762
8.46044
10.1522
12.1121
14.5791
11.3855
9.9341
13.0245
13.1673
14.3977
10.6473
13.9012
14.5471
13.1484
10.9963
13.2186
11.1916
8.34671
14.0787
9.65261
7.67847
7.51035
9.08566
11.111
7.29283
12.6297
12.8216
9.05878
12.5167
9.52956
10.2388
6.42242
9.64758
10.1772
9.28278
14.2678
13.605
14.1288
12.7005
14.9076
10.2713
6.23421
8.91103
8.32197
10.8234
8.61702
9.61605
13.8166
8.7133
9.08025
11.7125
14.7088
13.0363
10.4169
9.62522
8.43981
14.4856
9.13384
14.4226
11.1134
8.19162
12.0683
7.50431
12.9828
8.85181
9.24496
10.3202
10.1771
5.89872
12.7166
12.3859
14.3065
14.1262
9.47073
11.0825
10.2219
8.72918
14.9087
7.86677
11.5929
13.9301
8.61846
6.34223
14.2167
9.25417
11.165
13.1259
8.30729
10.0868
13.2806
14.6316
13.6208
9.50459
11.3177
13.5538
13.3541
13.8945
10.0455
11.4075
7.89505
11.8743
11.3544
11.1499
8.88562
10.7906
12.0433
14.6921
11.8513
9.31791
10.057
13.6504
11.7285
12.447
12.215
12.2858
10.1756
14.5319
12.7729
12.3198
12.1357
14.5407
11.99
9.19457
6.53757
12.9297
9.46682
14.8318
8.37642
8.31463
14.4121
4.26423
12.9695
13.4181
10.8902
14.6416
13.7218
6.13643
13.8812
9.06498
12.8207
14.5549
14.3793
14.3019
9.10761
10.574
10.6324
10.6252
13.0154
13.5268
9.34161
9.4989
12.1601
8.22006
11.2102
12.2611
6.69181
14.929
11.7918
14.5117
14.4598
12.1201
7.2387
13.7291
13.5181
10.7468
7.88031
9.35377
10.5177
8.0381
11.967
12.3798
9.50553
10.652
14.2579
13.134
10.6289
12.0874
9.46833
14.1295
9.19264
12.3891
12.5248
7.31592
13.0957
8.7738
6.98341
13.4195
13.5701
8.26736
6.78765
10.0765
12.8223
9.10739
10.5032
9.79984
9.62238
6.62415
14.2741
11.8406
11.3721
10.2788
6.6179
11.5256
10.1687
10.4575
9.41489
11.4791
7.81325
9.13444
14.8022
6.10957
14.9838
8.50502
13.5141
13.7513
12.6581
14.8061
11.1702
14.4706
13.3071
9.57956
14.1168
12.7089
9.89325
11.1428
12.055
13.9713
5.64551
5.88057
14.7494
10.6465
8.64997
11.0466
12.7126
9.46773
12.4796
13.0096
10.1281
10.1056
10.9423
13.5657
11.6134
11.2094
11.3299
11.995
10.5076
12.6455
12.7077
12.3044
6.30314
11.0677
9.53008
8.45108
9.81895
12.6118
11.6326
12.2192
9.67419
9.31368
8.08064
10.7036
12.1178
14.7563
14.8435
11.8906
13.0012
7.94995
10.7538
10.6376
13.7086
11.7197
9.53481
12.9065
6.05041
14.0006
6.81776
12.8245
10.7799
14.1345
9.79072
13.9487
6.05318
11.8319
9.25218
11.8483
8.71373
13.4475
9.42209
7.48141
9.491
14.584
14.734
5.88497
12.2506
13.3979
14.6877
12.2392
13.7524
11.4374
14.852
6.51539
9.73005
13.7289
14.0556
11.9938
11.3635
13.8729
11.9992
9.27598
6.79129
14.0791
10.3493
6.41748
10.7887
10.8158
13.4789
13.8313
10.3841
7.27443
6.70702
9.43404
11.5229
8.85503
10.6944
9.36331
8.03233
11.703
13.5771
8.03944
14.4132
11.1252
10.8855
14.6677
12.7069
11.1555
10.0345
10.0146
12.2637
8.62716
14.7953
9.64381
13.5605
14.0196
10.4096
8.17686
12.2944
13.5456
7.59216
10.2865
14.9923
10.2542
13.6188
11.357
8.15092
13.6774
13.2987
5.46247
13.8306
11.271
13.6952
13.9681
12.4806
10.4228
12.221
11.3528
13.5878
12.1808
8.16843
9.1019
7.87299
13.617
14.8578
8.81724
8.70308
8.56629
14.954
14.2579
11.7065
12.0285
10.5905
10.544
12.5509
11.615
11.9747
12.8797
10.9692
10.2632
10.7716
11.7773
9.91022
12.9965
13.1199
6.42783
10.8838
11.5737
12.9867
7.45679
11.4109
14.9087
8.19618
9.22639
12.6556
9.83543
11.3194
8.63913
9.86193
12.4935
11.779
14.0984
4.85743
9.45772
12.0339
13.0244
10.37
9.46938
14.3747
10.4961
13.3684
11.866
11.0294
12.1718
10.1983
12.7427
13.317
13.9905
11.611
14.7575
12.5427
13.2627
12.2785
10.0349
12.5283
9.09675
5.83316
13.9948
14.0232
12.6196
11.9414
12.2623
5.34569
8.01273
11.5631
11.7034
11.6611
8.94908
13.858
9.7689
12.7012
8.81876
12.494
13.5471
8.33614
9.98721
8.7465
7.71449
11.9002
10.5733
9.39831
12.3828
9.51611
14.1443
11.2902
10.5997
14.1145
11.2518
7.60327
11.1926
9.42235
14.0862
10.825
7.21939
14.3204
9.05727
12.2714
12.6289
8.67677
10.035
9.10306
14.963
12.6736
9.03332
14.1816
5.95579
13.7178
13.1927
14.7168
9.87495
9.30538
5.16352
14.2501
13.0779
13.1667
13.767
11.3942
12.0343
9.81085
12.0127
11.6328
8.72397
7.43001
8.68305
10.8953
11.6746
6.16174
12.1886
11.7062
9.96435
13.3441
12.213
12.522
12.9396
11.373
11.4747
9.98464
11.4504
14.5362
8.36221
9.76397
12.0872
12.3836
12.4551
5.66695
10.4946
13.5093
11.7567
14.3522
10.3115
7.35297
10.9342
14.2631
6.57757
7.9735
13.4371
14.5651
14.669
12.3283
9.48931
8.81136
11.895
10.3863
11.0254
9.61005
14.3034
7.43181
13.5777
13.5031
10.175
8.72672
12.582
13.3883
14.3158
4.79889
14.3842
4.68567
9.72928
9.31135
6.60881
11.5047
14.8788
12.5343
5.99566
9.85171
11.9706
7.00602
11.5392
7.48344
9.42732
14.8935
14.3423
13.3839
14.3131
12.5546
10.6707
12.8597
12.1457
14.2873
10.5729
7.42568
13.9479
10.906
14.042
14.8688
8.60877
6.12591
5.79495
8.92466
6.82081
12.7421
12.3077
11.2041
11.209
7.44573
9.8055
10.7661
10.0352
14.9259
8.90959
11.3468
10.8376
11.6694
14.7886
14.4766
12.003
5.27132
7.33031
7.95794
11.7585
8.68261
10.3523
11.543
14.4055
10.3212
10.7974
11.9427
14.0852
12.6943
10.7909
10.9717
13.4004
11.8458
12.8091
13.8883
9.06479
10.4246
5.3755
12.489
14.4851
10.0469
10.7079
11.6916
12.9162
8.47096
10.0446
9.91365
12.4962
11.6456
9.79688
14.7382
14.1245
7.59982
9.07803
13.0446
12.432
11.3907
8.36056
7.57963
6.32771
9.56956
8.18835
10.0432
11.5396
12.1423
12.7021
5.07734
14.3345
12.7249
10.6041
7.32461
4.55495
14.8036
13.4574
14.8424
11.3368
7.38005
11.6067
12.6803
10.114
10.4117
11.131
14.4286
9.70342
6.46713
14.9228
11.5534
12.6545
9.05052
14.1862
14.9569
12.5237
10.7541
13.9602
11.5585
10.8035
8.77294
6.90879
13.8608
7.98288
7.46794
12.8284
11.0993
12.1197
12.6101
14.7408
7.77292
11.5267
8.24983
11.1396
11.4154
10.3058
11.2683
10.1748
12.8987
12.8793
14.4348
9.47867
13.7794
9.40345
8.27765
8.47092
7.22207
7.65592
11.2962
12.9199
12.8734
7.00777
8.38204
14.519
6.425
12.9854
9.07339
9.0135
14.5596
8.26823
8.60337
7.16029
