12.0802
12.6245
7.68711
12.5534
9.1634
13.1545
9.72082
13.7875
5.77697
10.4447
8.37814
12.7248
5.82596
13.4985
9.55837
13.3234
8.42311
11.3511
14.5889
13.1763
9.24298
8.53324
10.2751
14.929
8.66122
11.952
9.68247
10.4017
14.3419
9.30852
8.02912
10.9702
10.4368
6.27729
14.7076
14.6731
14.738
9.80784
7.93203
11.1699
13.5533
7.78656
13.2364
8.57049
6.96165
12.7649
11.314
14.4592
11.2289
13.3117
13.5229
6.32352
10.6872
14.8933
13.7151
7.39485
9.24794
12.9433
9.43271
8.27473
4.45936
14.6303
13.8245
10.6257
7.2183
11.9073
12.7989
13.1213
9.9704
12.3318
11.7074
14.8733
12.9527
10.9047
5.44966
6.48707
7.35765
14.0069
11.0515
13.9688
14.0823
12.3628
14.4355
13.5332
8.73296
8.33362
9.36107
12.3657
9.40414
14.3668
7.10797
7.74331
12.0067
8.03251
14.189
12.442
14.3086
7.00179
6.63823
13.8725
13.9828
14.4618
12.6451
12.2883
12.6105
12.9434
9.81446
13.5932
11.9112
8.68307
14.7171
10.5084
10.9073
8.34078
7.93449
14.6379
12.79
10.9576
8.28582
8.41819
12.5168
11.5935
14.3012
9.53561
7.10962
14.2524
6.27312
11.9869
13.2802
9.52607
14.378
10.0184
10.1586
8.56622
12.7964
12.1112
11.3585
11.3686
9.70282
9.33973
9.7871
10.7512
14.608
11.0092
12.1365
14.5711
6.90787
11.2986
12.5062
12.6017
12.0471
10.403
12.4876
8.40357
12.6371
13.0019
11.6103
10.4871
9.31855
6.0606
11.9063
6.54032
9.88678
14.7286
9.82615
13.0068
14.3121
11.1711
13.4854
10.8829
10.1871
9.58004
11.0761
7.54322
13.3529
14.2325
8.93095
11.6307
9.43498
9.44414
9.58804
8.48499
9.35113
14.2486
9.52795
7.85741
13.1343
6.53144
11.7421
7.69867
14.1942
13.5122
13.3282
7.80952
7.26576
14.0686
13.1769
9.03572
11.7842
10.6157
14.5568
12.8615
10.8918
14.2696
11.1242
12.9782
9.88021
6.85106
11.8858
11.1163
7.56782
13.6908
6.91159
12.2464
14.1885
6.86568
13.6724
13.0877
10.5977
9.69982
14.5023
12.2901
4.08325
9.49622
13.2623
13.3483
10.4603
12.4646
13.8483
13.5986
8.9773
12.4482
11.2547
14.3603
6.81803
13.8861
8.85091
12.0174
14.5178
11.3907
13.2815
10.8746
14.9324
10.8946
6.4177
12.177
10.0318
14.1529
12.0437
4.6963
14.929
11.407
13.965
11.2113
10.3997
12.5368
8.84439
7.30137
9.46513
6.38988
8.10423
10.9719
9.33028
11.5961
11.351
6.1152
4.46872
6.35012
13.5579
6.31792
9.34324
10.997
13.6251
12.6995
13.8634
8.11148
11.4181
13.3461
14.447
12.6228
8.27236
9.43443
8.99671
9.13492
8.48308
8.21877
12.5616
11.9718
9.28045
4.13089
14.5848
8.25831
10.994
12.451
13.082
11.0335
6.98085
8.20838
14.1986
11.7011
14.2176
11.5049
9.94326
13.0758
12.9142
8.61499
14.4644
10.5702
10.8579
12.886
6.63799
9.11733
9.14333
12.3744
14.196
10.5803
11.1698
11.7619
5.00249
14.624
14.5538
8.53788
14.7061
9.10299
6.71981
11.3784
8.19021
13.0831
8.90545
11.2817
11.376
9.00217
12.9993
11.1356
13.6205
6.21848
8.70436
12.6229
13.2992
5.78775
5.76656
12.7846
12.9254
10.6553
9.56417
14.4049
8.7019
7.67914
10.9007
10.6427
9.69018
8.13351
6.69637
13.9458
14.584
6.36781
14.5386
10.3971
11.325
9.54096
12.9823
13.0212
7.95078
12.1653
12.6134
9.70717
10.5945
8.98084
8.60287
7.37231
9.27262
12.7688
8.79736
13.2506
7.88611
12.0965
8.92107
13.0152
13.6493
11.5283
10.5729
6.5366
8.40426
10.6372
12.1153
14.1661
10.897
11.6489
12.9532
14.0565
12.4202
13.777
11.7872
13.1514
13.9729
14.8564
9.84063
9.88322
4.56834
6.3996
4.81743
12.9008
13.8254
12.1802
12.6756
10.3052
7.498
6.16207
8.9863
8.63138
11.2993
14.987
6.64764
10.2615
12.6802
13.2491
9.04283
14.8375
12.4726
14.1481
11.8344
13.6652
8.6974
11.8327
14.7196
10.8745
13.583
9.12518
12.8869
10.3396
9.17218
14.1139
10.0837
10.6794
12.2189
10.6378
9.99749
6.90895
8.80911
7.55517
10.8718
8.59635
8.87241
12.7196
10.5534
11.3986
12.8539
7.50624
11.5982
14.9226
10.3404
13.4292
6.64301
13.8204
11.2139
9.98207
9.92446
12.4555
10.4217
14.2904
8.29915
9.66838
12.9653
12.6208
10.8529
11.5027
12.1256
10.1898
11.6774
9.32453
11.9748
14.2527
9.10682
8.69297
13.4553
13.53
7.40192
3.89326
11.6877
7.74205
11.041
11.5266
14.958
14.3448
11.8053
14.1064
9.636
11.8839
12.055
14.3633
11.5321
10.3705
10.5041
14.9995
13.6343
12.1493
13.7348
13.0817
13.4644
14.052
9.55457
8.04337
13.3657
13.7566
5.14454
14.7696
13.0431
8.78557
9.7141
11.9854
14.8022
8.71159
11.499
12.0576
10.4684
7.00563
8.14236
11.8803
11.9884
14.0793
10.4509
3.88988
10.2424
11.674
13.7933
11.949
10.9511
12.7222
8.17597
13.957
14.8074
6.19523
12.9245
12.4679
8.29971
12.5409
9.12185
7.93765
11.0925
9.0937
14.7561
11.379
10.3443
6.31503
10.7387
12.337
13.6821
14.4171
11.6086
13.6384
10.1221
13.234
13.8521
14.9819
8.87582
14.2683
10.6676
10.5536
12.5479
13.2996
8.85688
7.12803
11.3615
13.7783
14.6375
12.4796
9.74233
12.6585
8.93113
11.1329
11.3984
7.36285
9.73091
9.78603
12.4341
13.3015
9.37376
10.2634
13.21
12.3492
11.316
6.5738
9.68724
13.0661
12.6712
10.1501
12.9406
12.6374
14.2236
7.76817
10.3387
8.42927
13.1833
13.4001
12.5082
13.8772
9.48916
14.6587
11.4517
9.86518
13.0123
12.2065
9.88956
11.2065
9.1859
13.292
12.6617
10.6581
13.4488
13.2692
11.2379
11.8536
8.78671
4.67938
8.16312
8.56844
8.25025
14.7087
10.9599
10.1927
9.03551
6.4835
11.4486
14.3176
8.08134
12.0228
10.4603
13.0133
10.9088
9.41528
14.0397
13.6889
11.1009
10.1213
4.92533
14.105
11.4215
12.8693
7.15084
8.47008
14.488
14.3019
8.884
12.4822
9.45895
13.62
12.1984
9.87372
9.66409
8.08684
10.6874
8.98199
14.7743
12.1873
9.68688
10.0313
10.7085
9.73435
6.73764
8.28735
9.14231
13.8317
13.6968
9.97499
12.8928
12.7773
12.6128
13.7346
10.6748
10.1528
10.0106
11.6279
13.895
11.8336
14.2402
6.47629
14.4271
8.57076
13.9723
11.8295
9.69772
5.7629
8.87676
14.0353
10.2938
9.19712
14.3362
10.1895
9.53394
10.1862
10.398
5.80111
7.09253
14.8539
13.5352
12.9234
11.3709
10.4578
9.41155
14.4353
14.9201
10.4414
8.96298
13.1013
8.86934
8.98207
14.6021
11.4058
14.0993
13.1411
6.50925
11.0552
13.0496
12.1075
11.8415
12.2609
12.9752
11.4775
13.7067
9.78874
6.83881
11.3458
6.56988
13.0233
10.3607
12.1753
9.83524
13.9279
12.2962
5.22287
7.87375
9.36224
12.2736
6.04942
10.174
14.2451
9.2704
14.3234
9.82165
11.1919
5.60798
11.1872
11.409
10.8428
13.9716
9.97766
9.09775
13.6066
11.4695
10.71
11.3865
10.0953
11.7691
13.9216
5.99081
13.44
14.7466
4.85698
14.1723
14.8704
12.6674
12.6951
12.7023
6.80911
7.36453
14.8042
9.05224
13.2028
12.2585
11.8197
8.44708
9.88703
8.37471
12.8953
14.8574
14.1256
11.9782
11.0963
4.80585
6.32392
13.6179
14.5277
4.69896
6.26394
12.0308
10.4954
13.5464
12.1075
13.6844
5.53751
3.65636
9.27569
14.6018
11.7957
14.9473
13.5637
13.5607
12.8217
12.2183
11.1363
5.21327
13.4714
14.1469
10.1753
13.0722
14.2654
7.22872
14.9225
12.0724
13.9711
12.904
8.74454
13.8017
14.3438
7.07368
11.6824
14.0461
12.42
9.91652
11.4407
13.6168
7.48886
10.0074
11.7323
11.6985
14.9522
13.4867
10.2913
7.95233
7.84275
4.95577
7.12758
6.48345
13.4835
5.17554
13.0327
13.4283
11.081
10.8893
11.8706
11.4995
6.91272
9.91672
14.2674
11.0725
11.8593
11.6657
12.9792
12.9573
11.3757
7.43757
9.92635
11.06
14.7242
13.3617
11.9322
10.6595
12.4118
12.7504
10.1218
9.55513
14.5641
9.35518
11.3838
12.2215
11.3625
10.7611
9.54341
13.0396
14.8333
8.42283
7.0267
9.39669
4.6067
14.0585
10.5193
11.5166
10.6349
13.3773
12.9222
7.41221
14.3406
14.1565
4.26075
13.6433
14.8206
13.4256
11.6496
11.7476
12.4748
11.7875
11.0617
11.8566
13.1734
11.5624
6.74137
11.1632
10.0084
13.194
13.6119
14.4437
14.1663
11.5137
4.85797
13.8118
9.26321
6.71627
12.113
8.11968
13.7041
11.6854
10.3408
12.4987
11.1334
10.2887
11.9522
14.727
12.8643
11.3139
14.2295
10.7212
7.91234
9.47261
11.0439
13.9777
10.3935
10.2436
13.1678
9.29254
14.9405
8.88759
12.1579
9.13131
12.4365
11.8853
9.81336
12.6854
6.37638
12.2215
8.96994
13.1725
12.8591
13.285
9.75589
13.8326
11.2267
5.06309
8.02551
8.5221
13.0673
10.4005
9.18194
9.9299
11.4404
7.78744
9.63881
12.4589
10.0751
11.5527
13.9552
11.3837
6.23651
13.1695
8.90043
10.7176
9.16886
11.3131
13.7355
11.0026
13.2141
13.7225
14.0753
4.50185
12.3356
8.59193
6.83068
5.5058
14.1408
9.43799
6.61251
13.2786
8.33816
12.6229
10.0143
13.1407
5.31428
12.8815
14.0431
12.5932
8.2373
10.3282
9.2292
12.4417
8.19481
10.6531
12.84
5.92275
12.7787
10.8548
8.73104
7.00541
10.9473
11.6999
10.577
14.0608
12.6378
13.8505
12.7746
12.5189
14.7812
13.4629
8.67887
13.5972
14.3681
6.6088
13.439
10.5798
9.47394
10.9
7.74446
14.4092
13.0902
10.9045
9.8673
9.88041
14.9514
4.28088
9.05097
8.8361
10.8528
14.1048
7.82268
14.2836
14.6487
10.0596
3.82817
12.7096
4.58227
13.3983
13.8304
14.0504
9.50858
9.05422
6.60004
4.46611
13.5015
8.26461
7.92805
9.29604
14.8947
5.04334
9.00115
12.8075
8.43208
12.7463
11.3995
10.462
11.8396
12.9415
5.38265
13.2059
10.162
9.09014
10.3752
12.2933
11.5278
10.021
9.74171
13.3112
13.4202
10.7069
10.8637
13.44
10.5577
13.8028
12.7853
12.2463
8.53498
10.9544
10.2541
11.2825
8.27071
7.87407
13.9854
10.1876
12.4488
13.8008
8.7219
14.9093
11.4204
11.8889
8.86284
9.89541
14.4059
9.49894
13.2434
9.53852
12.4676
6.09049
11.4904
9.51533
9.98887
13.8795
13.2178
12.4164
9.82382
10.6703
14.1539
9.34034
13.5925
13.2004
13.1912
10.9827
9.7119
13.3173
7.84074
9.2563
6.56584
6.64549
10.4918
12.9053
13.0372
13.9511
9.90612
10.4209
10.3037
10.9989
14.3198
4.9116
12.3747
7.72037
8.65355
13.6064
11.9616
7.6438
8.92988
11.9729
10.8364
5.20666
6.48706
12.8737
11.7326
13.8713
11.5078
7.73997
13.7193
5.98893
8.65743
8.47101
10.7359
14.2896
14.2458
14.2121
8.34489
14.7891
10.6663
6.45675
13.7083
14.9445
12.3641
13.7846
14.3563
5.7935
9.37265
11.737
12.956
9.62535
10.2011
4.53367
8.56287
13.8794
12.0135
14.7485
4.74238
5.7271
13.8347
14.7315
4.74026
6.60001
13.3979
9.92508
13.2681
14.3282
11.7726
9.36401
6.4429
11.4303
14.3612
6.22021
7.16195
13.5633
9.43957
14.0936
9.9521
14.5742
13.4368
10.8109
10.0582
12.0383
14.7786
9.96186
9.92849
10.7262
11.3916
7.63906
12.8704
13.0965
4.9646
14.8612
14.2483
13.4444
7.90541
9.85712
9.38619
6.39304
11.8443
12.7939
7.39666
7.8559
9.64529
13.3284
5.1626
8.26845
8.24743
7.76553
9.12683
14.7898
13.0319
9.00592
13.3885
6.39661
8.05872
9.71759
12.635
6.7701
8.42425
8.5802
14.1038
14.3926
7.94465
13.2397
14.4312
9.67569
11.1229
11.0115
12.3922
13.2308
4.08708
12.9687
14.9545
8.75823
8.80163
12.6053
12.4201
10.9756
7.44902
12.0271
12.048
14.8005
14.3012
12.732
14.9681
14.1247
5.55048
12.4262
6.24855
11.7175
8.10246
7.35551
9.51695
8.13697
9.56596
14.9634
8.94361
13.5422
4.06443
12.6731
7.36236
7.14641
11.3025
14.7791
13.6898
7.65527
11.6559
4.56051
6.32148
14.231
12.0842
8.27521
12.4556
8.80601
8.66336
13.5959
9.25587
14.2012
10.5959
9.61557
12.0167
14.7057
4.31597
11.0301
14.2783
7.20639
12.886
9.45029
11.4002
12.6634
12.5837
11.6816
11.4824
8.082
11.0841
10.3812
9.3632
11.3424
13.9987
7.98693
9.34584
8.12275
10.9492
10.7963
12.5685
12.6848
14.4679
12.3271
12.7181
4.63757
12.0255
7.16906
8.1917
9.86563
12.5796
13.6164
13.6812
12.444
10.8954
10.217
11.7951
7.72516
10.0903
10.8745
13.2725
6.95149
9.5712
8.84499
8.7931
6.53155
8.95113
12.1617
10.5195
13.9027
10.8506
8.46189
14.4738
10.8473
7.965
11.407
10.3772
9.25138
11.4782
14.393
9.06285
7.59519
12.0549
12.3784
14.565
7.12506
13.4167
13.8908
8.86606
12.3225
4.87402
6.439
13.7072
13.8994
11.3824
14.5896
5.85536
9.50829
12.017
6.76925
4.83655
11.3728
11.0041
13.233
13.7004
11.915
8.5669
8.20621
13.7634
14.5541
8.02481
10.516
10.8875
10.5645
14.7305
12.9933
14.3968
10.6741
12.7662
10.3946
6.97475
8.91057
12.1735
13.1403
11.2952
13.5396
13.4789
10.8702
12.4651
13.8852
14.0384
10.7043
8.35861
14.7174
11.944
9.90956
12.593
10.1581
13.9259
12.9714
14.3735
14.0551
4.39045
10.8678
12.9364
8.20284
13.247
4.77181
7.48052
14.1214
8.21551
12.9157
13.4013
4.61406
14.2855
12.7958
9.66462
14.7512
14.8653
10.1966
13.1593
11.6342
7.6572
9.92641
10.2862
14.5556
13.5669
9.07312
9.89029
13.4323
7.05725
13.9739
10.2803
6.38222
11.15
9.06266
13.6263
9.29629
6.40493
11.6668
9.36053
14.7641
7.89315
9.86624
10.5996
12.2488
10.4774
14.4181
13.4321
9.66503
12.886
13.4583
13.7696
10.1583
13.4339
8.64381
14.0691
6.55305
8.773
8.49843
11.7192
14.5127
8.80368
11.5376
12.0129
14.3042
5.15021
6.43995
11.1663
13.3447
10.2977
6.0157
9.99663
7.81037
11.214
8.37563
9.50438
12.2802
12.9442
9.76436
13.5171
14.1864
10.4509
13.8691
11.0542
11.0314
14.9474
8.47439
9.56128
7.6115
9.85773
9.195
9.36279
14.8872
12.5042
8.16112
6.14634
9.85282
13.6643
13.6845
8.59337
10.6125
12.221
10.9211
8.86924
7.25016
8.74108
8.60453
14.7486
12.8723
12.2348
12.5672
12.3661
9.491
11.7245
10.783
7.78783
13.6079
7.92691
12.3756
14.9663
9.8271
12.1542
12.4269
13.2902
7.96347
10.769
6.51883
11.7227
14.5854
13.7172
13.464
13.4433
7.62049
11.226
10.2144
13.0468
9.25618
13.6422
14.4601
13.8241
9.56698
13.1573
13.134
10.2263
13.9666
5.98039
10.7929
7.34353
12.2166
13.1628
13.7752
13.4457
9.70944
13.7762
10.5725
11.7216
10.61
11.9801
13.7061
13.2175
8.53466
13.5235
11.6518
12.1791
12.4272
14.6618
11.6841
10.2833
6.27995
10.6988
6.62317
8.36077
10.6037
12.2787
12.899
13.625
8.9915
8.18846
13.1445
12.6395
12.0435
12.9504
13.4482
6.63221
13.2174
9.12089
13.8795
10.073
9.48431
11.0378
12.6432
5.73133
14.4131
12.4639
14.4412
12.5574
10.7236
14.5961
5.46342
13.701
11.5577
11.975
7.28548
10.9052
11.6602
7.24131
14.767
8.17873
7.12354
13.7264
8.53082
9.85922
14.8754
10.9404
13.5469
13.0266
8.42869
13.2437
8.63216
11.041
8.99366
8.99845
9.02335
9.50827
13.127
13.1122
9.44306
14.3708
12.1792
14.749
5.45089
11.8224
14.7353
9.00986
12.4801
9.81784
12.2388
9.80881
5.92121
12.5718
14.2973
12.1795
10.448
14.0084
12.1086
14.6503
8.19605
8.63844
11.1278
7.67952
14.8754
14.5301
11.2072
11.5901
7.17266
9.47988
4.57928
6.14655
12.7913
14.632
10.3104
9.35861
14.5776
14.8342
7.07121
10.0579
13.1885
7.49047
13.286
9.6797
9.21679
12.3798
11.4777
10.4358
9.28531
11.5568
12.5154
6.87253
14.8003
13.6235
13.2442
12.2739
13.0807
13.8942
7.52219
10.0028
7.03405
10.6449
9.68018
13.6655
9.39835
11.6863
9.97889
10.5711
14.1188
14.2266
11.1883
12.7044
12.5249
10.4372
9.58839
14.4909
4.27496
6.39539
12.1441
10.464
12.8721
11.5435
9.67194
10.2768
12.3644
6.94217
7.28613
14.6095
8.13207
7.90123
13.9405
11.5936
13.8901
13.8374
12.1657
12.3284
12.2749
10.2585
14.3543
13.669
13.4364
9.422
12.1448
14.7222
10.1148
10.8405
13.0878
9.07799
14.4651
14.949
14.6745
10.9087
12.7453
8.55752
4.57728
12.8145
13.8165
11.721
12.2343
13.1181
13.2946
5.829
5.81233
5.86553
5.66483
11.0535
13.3649
11.7261
13.7639
11.6327
12.8864
9.1838
14.3677
13.4186
8.21006
14.5126
11.8205
12.9447
8.17609
9.24343
11.0031
12.7185
13.9484
5.21231
11.8046
11.8638
14.4014
11.2688
7.61894
12.7607
14.6762
9.06951
14.6948
13.897
9.92452
7.4217
13.4462
5.51008
10.3581
5.87279
10.3719
8.8189
9.69564
14.8785
13.6131
11.8484
12.9892
10.3255
14.3648
14.6118
10.7884
12.6013
7.37233
9.8875
12.1477
8.12221
13.7542
11.5658
12.8992
14.4993
4.5082
9.21641
12.6431
12.3503
12.4456
6.6938
9.71833
7.66224
7.65836
13.5959
7.25841
7.36726
14.613
6.2575
8.00186
14.4965
13.9255
12.6098
14.8098
8.54489
11.6278
8.43398
11.4543
9.04509
8.90602
12.5226
14.7429
13.2908
12.6175
9.48071
9.74864
11.8447
14.6259
9.18923
10.9204
12.5627
4.65334
14.566
14.2804
9.97905
7.62004
8.57544
9.59503
6.94577
12.6675
10.3783
12.1466
11.657
10.8016
13.2851
13.2931
8.6306
12.5109
14.8861
13.2016
13.3606
13.3123
11.1751
12.6138
14.891
14.766
9.13938
9.66077
9.53142
12.959
12.5283
14.8785
6.9449
14.8178
11.7889
13.1396
12.9522
10.3502
14.6916
10.2032
10.1773
8.73022
13.4561
13.6
8.83912
13.085
5.61387
12.2776
10.09
7.46955
11.3148
8.89351
9.19598
11.8274
8.59161
13.1922
14.1654
14.8265
9.01523
10.7878
7.27499
12.5086
9.39854
12.4505
8.33243
8.69698
14.1512
6.03327
6.89786
7.79629
6.76142
14.7943
10.9718
9.53761
14.1489
13.1173
14.3377
11.7578
9.52138
12.8443
12.2699
11.2782
8.93775
13.3915
9.8989
10.555
13.376
4.54865
5.57959
14.2655
7.05672
12.7415
13.0857
14.3742
13.4322
13.0531
9.12874
10.7616
12.4345
12.7068
13.9628
13.5456
8.52681
13.8629
14.4478
14.8948
12.1712
12.0881
12.529
14.1676
13.5754
10.3307
10.5122
8.07669
5.78332
10.7996
13.6197
10.8664
13.2722
11.4632
9.57916
13.5905
13.6427
12.1404
10.3549
11.0486
11.1658
9.47496
12.9037
7.93276
8.70729
14.0202
7.81423
9.79883
10.8762
8.80533
12.7033
10.9294
7.44443
10.403
12.7594
8.18651
7.29849
14.2037
11.0696
5.37777
6.61536
14.4621
14.1846
12.0815
8.8984
7.14494
13.6737
13.6571
13.7701
11.5839
9.73239
12.5171
12.1704
6.70319
11.5375
13.7073
9.03246
10.8555
10.5784
14.4326
8.34797
10.9646
10.367
13.9294
13.4528
12.4907
14.0477
8.78732
12.1725
12.7121
13.8019
10.3809
10.1551
12.8366
11.2921
12.299
6.29494
12.8319
14.0842
7.01094
14.1611
14.3361
13.8387
14.1706
12.4554
14.0623
10.8455
10.6847
14.631
9.86546
14.6606
12.0846
4.873
13.1317
11.9158
9.41104
11.5296
11.9104
10.2971
7.9773
12.5988
14.2473
6.28036
10.6302
5.67585
13.9591
14.2472
11.0457
11.5048
13.4075
12.5033
14.8434
11.556
12.0297
4.77656
5.43676
11.8838
12.9416
6.24246
8.29241
9.06975
11.7683
14.0804
12.807
9.57115
11.0609
12.6718
10.2022
9.83562
10.1623
10.0523
12.0972
11.0555
13.6157
8.6626
14.5901
14.2464
11.1736
12.8521
13.1846
8.40125
12.6484
14.4015
14.3011
7.86402
11.2108
13.5318
12.0922
13.8869
5.83128
9.83847
9.91571
12.1986
9.56224
10.3698
9.89884
10.5275
13.6994
6.36994
12.5987
10.2243
8.50057
13.3813
14.7105
9.40463
13.5465
13.0009
8.1367
10.3145
13.2479
6.40043
9.14394
13.0619
10.9198
9.5841
8.81184
9.06728
12.4821
13.999
10.0871
13.0227
6.10593
12.4266
13.01
14.0782
11.7401
13.3781
12.2453
13.2787
12.908
12.2385
9.64581
6.35047
14.3537
7.59488
6.85475
10.9421
6.85227
11.8741
10.6236
10.963
8.23995
7.67303
9.94698
14.7068
9.95427
10.5191
9.31398
14.3386
13.2062
8.98233
14.1478
13.4341
14.6595
6.09973
10.9573
14.1537
11.7588
13.1538
14.4276
10.5683
11.0303
13.5451
14.7863
12.1778
9.03145
7.23208
12.7425
8.11441
11.794
10.2633
7.92275
9.37467
7.48846
9.87225
9.18846
11.1059
13.6805
13.3616
14.1886
12.7356
13.1241
6.09217
10.2948
6.17542
13.9415
13.6934
14.5082
13.8358
8.51047
10.5802
14.5862
7.19866
12.9754
10.9356
10.7315
14.6508
13.7559
14.5695
8.98121
9.92151
8.66066
11.304
8.82895
11.1077
13.1748
13.1113
11.5282
6.12233
14.8469
4.52347
11.0208
8.27088
13.7033
11.3275
7.42053
10.1149
8.67426
11.4142
14.1612
12.5129
9.35729
8.80671
9.69386
9.75961
13.9983
10.567
14.3121
7.11395
10.8452
12.4024
12.9622
12.1272
14.6103
7.57761
13.6695
13.196
4.2231
6.12791
13.3556
14.4766
10.5364
10.7699
13.8748
11.2529
9.86411
6.46026
14.0637
11.0925
11.3139
14.9697
12.8776
12.0317
10.4118
14.0606
7.08156
12.2049
13.7761
14.6855
8.03991
12.4616
6.15696
11.985
11.526
10.153
13.2677
11.6059
13.2921
11.5389
9.7712
10.0912
13.7784
13.5698
9.89967
7.81455
13.7947
11.385
9.91872
14.7349
12.1891
7.09803
9.64064
11.9506
11.2868
12.4471
10.009
8.51785
5.84138
10.3985
6.86435
10.8881
6.62902
14.1674
14.4514
7.70305
8.54256
6.71774
9.9684
9.0234
12.7964
8.26789
7.83001
9.92573
14.6041
12.9905
10.9776
13.0907
14.9286
14.1384
14.4811
10.3867
13.2675
9.42139
13.0334
12.9304
10.9941
8.77552
12.2183
11.3225
13.7053
13.9442
9.09519
10.7919
6.5648
7.49855
12.9591
10.8369
6.63882
13.5319
14.951
13.5821
6.24676
11.3621
11.9192
10.4589
13.9869
5.61631
11.628
13.9217
12.7436
8.89122
13.4008
14.8558
10.9389
12.9255
12.5399
10.0986
13.5592
14.1
13.1778
5.49947
5.76983
6.7486
9.09008
12.6143
7.68355
13.1018
10.5416
7.16742
14.798
14.9988
7.62186
8.19922
13.0442
11.9993
12.1892
12.9403
14.6197
10.0646
10.6249
12.1927
11.1044
14.874
14.4249
11.305
11.4046
13.1849
10.3449
14.2079
5.9036
13.5841
7.87434
9.24986
14.5186
14.3403
13.0067
13.8664
14.4651
9.35492
7.28221
9.22441
9.38476
14.7978
10.5684
13.257
9.30415
7.94344
13.9146
10.9924
14.8884
12.0099
12.7248
13.293
11.3165
7.42253
9.08186
7.34181
11.3306
7.33225
6.04027
11.6773
8.27363
11.746
13.4867
8.96907
12.9101
13.7537
11.8677
14.131
5.47742
7.35222
12.6502
8.66275
8.80163
8.51016
13.2592
6.53837
10.0543
11.7927
14.7144
13.4238
10.5194
9.2542
7.46076
14.3471
12.3609
13.5494
12.065
13.6913
7.47425
4.87545
6.16644
14.3988
13.1468
9.67607
11.9663
7.35718
7.55103
10.0414
9.49002
13.9307
14.7151
8.56899
10.8292
6.13448
10.0858
9.5538
13.4187
8.25741
12.477
8.62404
8.9281
14.3151
12.0568
11.419
10.9672
11.6443
9.67477
14.7975
14.8493
10.2048
11.1131
13.5148
10.4302
13.3243
14.1128
14.4114
12.1755
7.0029
8.07594
8.8203
13.1372
14.8963
10.6244
14.8937
9.86822
10.4391
10.9213
7.90953
4.33456
13.241
9.78155
12.1233
9.02484
12.9127
9.7244
14.6883
14.1004
8.74246
11.2882
9.27412
11.1422
8.38611
10.4673
12.6766
14.4219
14.8724
14.8453
9.2435
13.4525
12.0322
14.5345
12.7747
10.4774
9.90357
12.4784
12.0364
11.4763
11.181
8.2902
11.5485
14.8315
10.4839
11.2732
14.4555
12.897
13.5137
14.6356
6.02272
9.57571
13.4709
13.5014
13.3569
8.71358
14.618
14.3975
5.43473
14.6962
14.3858
12.7184
4.63357
12.9556
14.2811
14.3804
14.9408
5.12665
6.72295
13.6727
10.0902
14.6431
6.23148
11.2222
13.3469
14.2763
6.21059
14.3705
10.4273
5.01808
14.5659
11.0212
13.2346
4.85874
14.8245
14.8165
7.02573
8.8504
9.63257
11.7565
13.6747
8.78018
12.0281
14.3312
5.01493
14.9855
10.352
8.06722
11.9923
9.7246
10.511
9.64243
11.3817
14.1054
14.7049
5.95625
10.408
7.72759
10.2196
13.5843
7.60802
14.9787
12.1378
14.4826
8.49864
12.6186
10.8435
7.65487
13.1997
5.95032
9.58434
8.72295
7.05416
13.1272
9.99647
9.70809
8.31059
14.2179
14.7788
12.2206
7.03511
8.5301
12.5182
9.9664
13.4981
8.28039
8.9651
6.56003
11.4526
9.78548
5.82676
6.452
14.0848
13.8981
13.045
12.8868
11.5464
6.99743
12.4728
9.98686
12.1682
7.11333
10.8259
13.8952
14.076
11.8924
12.338
10.806
10.3773
4.34157
6.28649
13.3904
8.15756
14.1621
5.84834
9.37139
12.6325
11.6682
9.57029
12.3616
14.7722
6.09199
13.9729
13.6059
11.796
10.2865
14.0706
11.9857
13.7081
14.9549
12.557
5.42101
11.9463
13.7982
11.6317
13.9863
13.008
9.85446
5.08468
14.5485
13.141
10.4208
7.15129
13.4407
11.9949
13.5762
14.0711
4.33906
8.98964
14.1165
12.8927
9.18335
10.8935
13.0449
10.6484
7.56393
13.8187
9.46071
4.94422
14.4585
12.0072
13.8537
11.5447
14.7739
8.11213
10.2431
14.1669
13.8556
9.53251
13.955
14.2998
13.1911
14.755
14.4296
14.7185
14.3206
6.31786
11.4511
9.6622
12.3349
12.1805
14.9153
12.0124
13.7341
5.43153
13.3783
12.661
7.79694
13.7646
8.87017
12.9878
11.6624
9.94301
9.883
8.94639
13.5091
5.56029
13.093
11.0107
4.50918
14.8834
14.5706
14.668
7.24921
10.7447
9.09341
11.5114
14.6926
9.49915
11.7231
12.0705
11.1117
8.23535
4.93834
7.72131
13.4874
9.32916
14.8044
9.60673
9.97509
10.9478
14.141
8.73022
10.7629
12.5705
9.7526
12.6881
13.9517
13.6217
11.6058
7.52196
12.4296
12.0222
13.9466
14.701
13.1612
9.64388
12.7413
8.28393
8.81034
11.5536
11.1809
11.3233
8.42681
6.42017
11.3117
12.6322
11.7846
7.54108
6.03579
12.4383
10.8154
8.81678
7.54618
5.44068
10.9924
4.29141
10.0916
11.8816
14.7065
13.4186
9.46194
13.2632
13.4687
8.1656
14.2049
7.61697
14.6711
12.4597
14.8303
14.2552
7.89043
14.697
9.11987
9.72827
14.6365
12.6066
8.32295
7.27015
8.70885
10.6222
9.81334
10.7347
14.5894
8.99942
9.71695
5.56187
13.9453
10.234
10.485
11.3919
7.4714
12.2369
10.0714
12.4791
11.4461
6.66255
8.88504
14.261
5.91207
10.9984
9.85123
8.15558
8.2035
9.62669
13.231
7.72341
14.1939
14.5064
11.2302
10.5295
7.69943
14.033
14.5591
11.6541
14.5194
11.6732
13.4482
13.436
12.5911
10.2117
14.9077
10.342
11.4595
7.45835
14.4683
7.2419
10.5927
8.8905
13.628
7.36067
10.7552
13.0826
8.64188
14.3678
6.40154
12.2928
13.3049
13.6003
12.442
13.3578
13.8218
5.08409
8.01881
11.2427
12.3158
14.1224
11.9075
13.5172
10.4615
9.18227
9.16479
11.5991
9.87498
13.8358
9.81629
8.89269
14.9423
12.5339
14.7071
11.4593
7.57366
10.731
9.35446
10.7717
14.9554
13.6246
13.694
6.67652
6.39584
11.6859
12.7102
11.6509
8.38647
11.6683
10.4652
13.7957
11.5005
12.6648
14.6462
12.8826
14.5969
14.3668
4.82249
6.5563
12.0554
11.5264
12.8143
4.6136
9.55916
7.11882
9.64702
7.05575
14.3427
7.77007
8.56677
14.532
12.9073
14.0528
5.7575
11.8908
8.57192
12.7284
11.917
12.198
5.85264
5.32338
12.5125
8.57542
6.15506
6.19778
11.8387
6.40304
13.4638
11.4784
14.0163
11.3294
9.70692
13.0636
9.39536
7.28991
11.7691
14.7401
8.16112
14.2132
11.9641
12.7573
7.87546
9.32569
12.2604
11.1045
12.5765
12.7742
10.4907
5.34686
13.0935
11.5965
9.94378
13.535
14.4374
8.56792
9.81013
13.1715
6.15253
12.8945
12.2357
12.5494
13.0823
9.2961
7.89924
8.9384
6.87275
9.22702
7.53784
12.8034
4.92271
12.9501
12.6641
13.0039
12.2922
12.2135
10.397
9.41577
12.6441
14.0046
13.4918
11.6485
12.3243
13.3616
11.3076
10.3193
13.608
10.4109
10.0191
14.4223
8.45415
13.7292
10.127
12.6527
14.3431
10.8103
6.0247
11.7593
6.43984
13.5025
12.1288
12.9466
10.8835
9.34616
11.1636
10.1113
13.6711
12.5577
12.711
6.54633
12.4323
11.0842
8.47949
7.7645
14.4352
14.3256
12.1027
11.9419
14.4226
13.2934
12.809
6.87528
9.00315
10.8216
9.6795
9.70181
8.88959
6.04448
14.5277
9.04952
11.1306
14.9349
10.8874
11.9715
10.6851
13.0552
14.6027
10.8152
10.3819
9.05451
13.4127
10.8391
9.64696
5.40114
11.0751
10.8679
14.4687
11.0619
13.6182
9.80259
8.835
10.4711
14.3616
13.782
8.20381
13.7885
12.308
14.2659
13.5187
10.7273
10.9423
11.1769
11.3161
9.9632
9.22049
13.2537
14.6053
11.8299
7.35345
12.2534
12.7018
6.21115
9.22672
14.4835
12.9956
9.68416
14.7492
12.7089
8.27717
6.63886
9.1027
11.0845
9.75145
10.1327
10.0063
13.7607
9.19812
13.6721
14.39
8.89343
6.80273
13.9717
10.662
4.76871
6.28906
10.8244
8.48382
12.4171
11.1074
14.725
12.1539
12.0056
13.3224
7.28573
11.8577
14.8703
4.46511
14.3587
13.1775
10.5665
6.95609
10.0398
8.22566
14.0183
14.4519
10.4307
14.9286
10.3313
9.68496
13.8611
7.64914
11.7422
12.0743
8.33452
13.6868
11.3508
14.4784
14.4581
7.82748
8.89067
12.6151
14.0939
10.4937
9.46053
8.00863
9.10828
14.5596
13.3833
7.68498
10.3721
13.2034
11.9224
13.8724
13.9858
14.2565
7.39611
10.2654
14.7007
10.1661
14.5464
14.1399
5.69609
7.77572
12.2574
13.1112
11.0126
13.4749
11.7796
8.4716
12.6679
10.09
8.66653
9.83961
14.4112
8.23794
14.7612
13.7565
11.8852
11.5926
11.4332
13.8734
14.9398
14.0311
13.4004
8.98628
8.08842
9.82128
11.558
14.5992
13.1566
14.3674
12.5425
9.17922
8.34849
9.12029
10.6782
14.1986
13.8644
13.3154
11.6723
11.2849
11.5544
11.6623
10.3153
9.75327
9.07753
12.9073
7.86475
8.81486
9.19821
14.4738
4.20976
13.6091
8.59375
6.08129
12.2645
12.8811
11.36
8.26848
10.0267
9.40302
13.598
11.1387
13.4045
7.40191
4.53626
14.0382
6.16017
13.9789
11.8246
13.7006
12.9074
13.0384
11.1491
4.23847
14.2055
11.9763
14.1241
9.30666
9.29859
5.48683
14.7711
9.8435
13.2319
14.5564
6.40966
8.72819
10.1245
11.5158
10.8098
12.2977
8.18145
5.75416
9.21077
12.8333
14.0787
13.5818
12.4418
9.98914
14.4148
11.6005
12.0119
8.79871
10.8145
10.0253
13.3394
14.6026
13.9107
8.12473
11.7101
10.9346
12.4902
10.5436
14.7858
14.0321
13.966
8.75468
14.6809
7.1996
13.3808
11.5036
6.22889
13.475
13.1448
11.3699
14.0485
10.4298
12.8833
13.4215
11.6162
13.4884
9.2878
11.1759
14.1611
9.63615
10.7436
12.0901
7.54108
10.8965
11.924
14.5725
12.0374
13.2712
9.7064
11.2924
8.76963
14.4253
10.8153
9.82856
14.1515
10.8511
13.3837
4.73278
7.82026
11.0763
14.4109
11.1584
9.72413
14.0374
5.1906
13.9196
14.705
10.3202
13.9557
14.9259
10.4483
11.6489
9.11277
8.35069
13.0206
14.9669
11.3333
4.63231
9.3711
6.37298
8.78571
14.1008
13.4372
12.5305
9.51193
7.18998
10.6461
14.5409
8.32218
14.3311
9.18513
11.4047
5.8415
7.79268
10.2397
9.85934
7.57828
14.7026
14.5684
8.16757
5.48158
9.95597
13.5137
9.52812
9.28093
14.2388
12.4377
7.79093
8.66778
14.3826
13.7631
5.7897
6.88183
6.82763
13.177
14.5543
8.59344
11.2028
9.12277
4.18069
12.1788
9.89225
10.5027
11.0808
11.4945
9.65103
12.6263
13.9528
8.31911
8.66081
9.53867
10.333
8.22791
6.16041
9.55257
10.2031
11.1736
8.62186
14.7774
6.44955
10.1634
14.2161
10.8825
13.301
9.759
13.7827
6.43704
8.56408
12.239
7.75522
13.5261
14.1097
8.88427
8.66405
12.8189
8.66124
6.12192
6.08773
13.6093
8.32537
13.5559
7.63892
14.846
10.7156
12.2401
12.6925
13.88
11.4093
13.3746
14.3977
14.2373
14.017
6.33105
8.74978
13.2427
10.11
14.1442
13.4561
11.3061
12.486
10.4396
14.668
12.1035
13.3813
10.5766
14.2345
13.1569
6.62647
12.9472
12.3321
10.6268
14.9435
12.3228
8.01695
14.9881
6.42162
8.56843
14.7514
13.3778
14.8881
8.01327
10.6959
13.6369
10.2657
13.2837
8.48779
14.1427
14.4333
13.9179
7.83857
6.7152
14.8875
14.0204
9.01838
13.4137
7.88365
10.1314
5.75686
9.97878
11.1207
5.95257
10.8147
11.5534
12.4979
12.3099
14.1719
11.2903
9.88559
13.143
7.64445
13.836
12.9381
8.50956
12.4134
14.5784
7.20213
5.93283
8.77161
13.7788
9.97058
9.59196
13.2679
14.7881
11.7256
14.1853
14.2508
14.0129
14.9013
12.9226
9.06894
5.88558
8.94785
12.7432
7.71874
10.7456
12.6885
9.27291
8.86061
13.0232
13.3226
12.5057
14.7591
11.3455
14.8033
6.46825
9.53908
12.096
6.85421
10.6937
9.70467
10.7261
13.9986
13.1617
13.7227
9.03502
10.3408
9.83457
10.3389
9.76919
9.62118
12.0346
14.0611
11.6455
8.46471
9.29576
12.7712
14.8487
12.0595
13.1537
14.5431
14.9951
14.1341
7.94074
11.2148
9.54959
12.904
7.8173
7.62554
14.3468
14.5137
11.8826
14.4611
5.41505
10.5308
14.6682
10.5192
12.8874
11.8574
12.0572
13.0635
6.95806
12.9795
13.542
13.0431
13.1873
6.28682
9.84541
6.30323
12.4902
13.2666
11.4304
14.6018
13.7743
12.7498
6.41683
9.29123
14.1867
14.1332
11.8249
12.9623
10.7192
4.82495
14.4562
12.1302
14.7439
12.2625
10.7143
8.83645
10.991
14.9772
8.67761
4.37099
7.76053
14.5171
10.0825
14.7115
13.0858
13.9417
12.3558
9.86075
9.03352
6.67396
11.67
13.5766
11.6885
10.6377
8.49269
11.2027
11.9603
8.75973
12.0975
8.23159
13.0513
13.412
14.073
13.8337
14.1545
6.56449
6.75392
4.34714
13.8958
8.48714
12.6294
9.39138
13.4227
8.52373
8.50858
13.5639
14.788
11.742
13.7227
12.8831
14.3797
11.0931
9.81723
10.5033
10.1564
11.6606
14.2585
9.96241
10.1843
13.7168
9.38493
13.6634
12.3374
13.1031
6.6987
11.2581
13.7858
14.208
9.88065
14.4434
6.58059
12.3214
14.3077
10.6876
9.06986
13.4238
7.35492
13.0175
11.5824
11.9858
6.21256
13.7322
14.8532
9.66614
14.0464
9.69501
14.8171
12.5812
14.2118
14.5608
14.7288
10.8979
13.6865
11.7153
10.5706
9.95463
9.16034
14.3284
9.0961
13.7651
9.74112
12.4007
12.8123
11.176
8.30412
9.28161
5.40333
12.5453
10.8966
14.4405
7.96435
14.9998
14.2987
9.10207
8.9646
13.2976
7.58334
8.4703
14.1186
12.686
13.8749
14.3938
9.45483
6.21821
9.58354
6.71366
11.4203
12.2192
6.54439
13.1548
9.84825
4.37246
13.5607
14.4094
4.84864
13.5324
12.0388
7.30733
9.05369
11.8034
6.34891
14.6261
10.8472
12.8076
6.57454
12.2105
14.2852
11.6997
10.2352
6.86139
12.945
13.687
5.5102
9.54841
14.2192
14.2631
6.3126
5.67297
11.0851
9.34668
12.7789
12.2484
12.2226
10.9948
14.3147
12.2247
10.6856
5.98079
13.1447
12.6861
12.2498
8.20212
10.0266
13.9216
11.52
13.5408
11.8109
11.9635
4.4193
6.23252
7.4154
9.76015
14.1589
14.7759
12.3098
13.2041
4.36452
14.6257
14.5836
10.051
11.4488
14.0696
13.7418
9.34789
5.51557
14.186
8.82372
11.3033
9.19899
13.3209
9.9048
6.05714
10.8169
14.9468
14.8389
9.47239
14.8813
9.78842
7.71921
12.2482
12.063
10.9164
11.009
13.4497
10.4471
8.3993
13.9828
8.55232
6.11769
13.9502
14.4235
12.1634
14.9476
14.9719
12.6247
14.4463
11.7808
11.9794
12.6164
10.9589
14.1476
13.969
6.93078
10.0421
13.7638
9.30691
14.9228
11.8281
6.99476
8.12736
11.099
11.6416
11.8397
7.56706
11.469
7.48409
14.8941
13.0722
9.24159
6.41277
14.0372
10.7231
6.86892
7.64815
13.7968
8.43772
9.57637
14.8245
9.15334
9.27483
12.5822
9.19462
12.4358
10.5746
9.06983
13.8056
9.0556
12.0605
6.8371
7.69906
7.55301
7.32465
9.06741
12.5607
11.9967
11.0111
10.7897
10.1547
11.6103
8.6238
12.4852
8.70914
10.7916
6.25005
9.95852
11.9033
14.6843
12.7676
14.0467
12.9622
7.35642
14.861
10.529
10.2432
8.72716
5.69727
11.9546
6.92497
10.6225
14.95
13.7843
13.4047
13.7713
8.75409
7.14419
10.2522
11.7267
11.8857
9.92606
10.423
11.8033
7.64189
8.95876
12.4031
7.32997
10.9983
5.43286
14.619
8.98747
12.7825
4.66363
4.69011
8.20676
13.0968
14.2321
13.5278
8.20462
11.7003
14.4375
13.5579
11.6172
13.1834
14.592
9.89598
14.4204
9.5123
14.3852
10.8372
9.48888
8.80175
11.0875
9.08562
8.69645
9.52198
5.93061
9.68866
10.8708
11.0214
11.4059
11.8912
12.5362
14.0837
8.82837
14.6909
6.93567
10.7481
9.55745
12.382
11.2421
12.9713
10.095
11.4479
11.3714
10.6066
9.82587
13.9528
12.4929
13.5209
12.3467
13.4884
4.53592
6.32267
13.8859
10.3733
10.8308
12.0743
8.00342
13.6601
12.2267
4.10603
12.3035
6.08433
5.3482
8.55072
6.25432
9.79609
12.4402
14.8018
10.3686
13.4277
6.68994
14.3492
10.9099
10.376
14.6619
13.6775
6.59978
9.50037
8.10455
12.9443
10.0873
6.35554
13.4714
14.4822
13.3871
14.7029
8.45816
14.0028
12.3948
11.7155
9.64002
14.9445
14.986
14.3212
9.0009
6.72993
9.99995
10.7676
9.31733
10.8071
10.0183
10.5082
8.2578
10.4515
11.7716
12.8738
8.10422
6.84233
7.57356
12.0163
9.28464
12.1834
13.5211
8.94296
13.7557
13.0014
11.7781
7.99866
5.44611
8.64339
13.0725
12.2039
13.292
12.2693
8.25465
7.38282
7.41549
12.666
5.00519
13.2164
14.7225
11.4551
5.25187
10.4242
11.2293
13.2227
8.16919
9.87181
14.0525
13.1306
7.94083
11.4139
7.55061
11.476
14.1236
8.5397
14.1651
8.95864
7.8069
14.7666
11.2036
9.80099
13.9498
12.8597
14.8804
14.2249
12.7038
14.686
6.27203
5.61473
8.99305
8.12954
5.30308
11.6877
13.5693
5.2505
9.3816
9.92906
11.401
9.97168
10.3924
6.87342
11.2666
10.6405
11.4634
14.038
13.6644
4.65237
7.82711
14.4343
9.01971
12.2701
14.2113
12.252
4.99548
11.8185
7.17398
13.8115
10.6945
11.0829
6.19625
14.188
11.1534
10.7777
9.09478
13.2199
14.1863
6.65033
4.90233
12.321
9.15696
14.8095
8.27878
13.1904
4.12816
8.23751
13.6126
8.41071
9.02286
10.6146
14.3726
8.16475
9.4642
6.72318
14.0238
13.2163
11.3939
6.14547
13.6573
9.23427
9.54048
8.10256
11.4946
8.95838
14.2989
12.3097
11.6899
6.91551
14.9206
11.1096
13.3475
14.3806
7.64645
10.5257
14.6992
10.3237
8.84434
12.0249
11.1545
7.30102
14.4098
8.22561
11.4251
13.865
10.5853
9.99555
12.3018
12.7117
12.6897
8.74571
10.2823
7.03545
14.5943
14.7088
9.90585
14.7235
13.6106
11.4319
10.2231
11.7518
11.9698
7.94726
14.9543
12.4084
7.98222
14.4553
13.1164
12.5857
4.52782
6.79413
9.46471
14.3856
14.9995
10.0562
11.3963
13.762
6.87934
10.2263
10.8774
7.8181
9.81212
12.0426
10.8281
12.7793
9.05841
14.9339
9.27382
11.3697
13.2896
14.8318
7.23434
8.86953
8.09629
12.8026
14.1042
10.9888
12.1745
10.6447
8.99074
13.034
10.7041
8.67836
13.7941
14.4832
14.4007
14.5062
5.94178
6.72428
7.8774
4.51863
11.0983
9.26594
11.6067
11.0011
13.675
11.3952
8.92735
11.9766
10.3082
13.1224
5.67425
11.4344
12.3633
13.4966
10.3541
10.9854
13.5984
8.82343
14.2565
14.1165
11.0246
13.5192
12.9521
9.42592
7.80464
11.5912
11.5263
12.2513
13.682
14.4026
9.94597
12.0264
14.9128
5.50659
12.3052
6.58906
8.66874
14.7849
11.6377
13.9996
9.70562
10.8982
7.97322
10.7521
8.73943
14.7263
9.31505
13.1901
11.3459
10.7514
10.084
10.8932
12.9805
8.96392
13.7374
10.4959
10.5602
11.1553
13.9782
13.8104
13.8295
12.4143
12.6895
13.7809
14.1819
14.0664
9.93789
13.785
13.4886
9.60544
12.0923
14.969
10.8994
9.94538
11.3815
9.61945
9.11357
14.5119
12.1098
10.0357
8.58825
11.1661
12.0683
13.1172
7.36478
5.25302
11.4917
14.9573
13.6596
11.4249
10.5621
7.79627
14.9084
13.8045
11.9199
13.9381
14.645
6.89638
7.27977
12.6715
10.17
10.4556
12.2082
10.8181
11.236
9.16036
12.5162
5.31858
12.9148
10.7154
12.3022
14.5087
11.7097
12.0953
9.57181
13.4006
10.5909
13.0346
8.74169
11.7125
8.759
14.1784
5.99152
8.75112
12.4598
7.58783
9.86053
5.5684
12.2001
7.77665
13.7208
8.99941
8.73024
8.1449
6.4134
13.5955
14.4549
7.64515
14.669
14.5463
10.3659
10.7004
5.76681
8.98468
11.1212
10.2208
7.02605
7.68977
12.9724
14.4588
9.74858
10.0757
6.56245
10.5704
9.1205
11.2731
14.1862
13.1879
12.2589
11.1189
13.344
9.41685
11.1383
7.99054
11.2235
14.5076
13.6433
11.9925
11.2697
9.90793
9.29296
9.49438
12.4056
9.68861
13.6893
7.42424
14.7695
8.96737
5.57076
12.7523
8.76195
11.5168
11.9204
14.3185
12.9516
10.2645
13.3118
9.95092
8.71075
6.15913
11.0216
11.9927
7.25969
13.2081
14.6168
11.7768
8.19139
13.6282
11.634
6.7042
14.2642
6.47006
7.96707
11.2196
13.0933
8.02717
12.6711
13.5384
6.20699
5.98975
5.49889
7.79258
7.38009
6.08208
7.78023
12.5334
12.8581
12.6589
13.9438
7.06268
9.42496
8.21237
13.3583
13.9789
12.3873
11.2717
13.9479
13.7888
12.8231
9.87634
9.08106
10.9805
13.1695
10.0845
12.5911
14.4872
11.6593
11.0152
8.2035
9.71837
9.46217
9.55692
10.5247
9.29966
11.4319
11.9558
13.1158
10.231
9.35755
12.8798
9.53104
11.3282
13.9086
14.2806
14.9729
6.19061
11.1144
13.8506
14.9375
14.4537
12.0791
9.5
10.6625
12.2479
7.33309
13.9868
14.4062
8.33107
6.33554
9.51152
4.68356
14.8343
9.1243
9.09305
10.6328
14.2679
14.6138
8.84275
6.56904
8.94118
11.8189
13.1529
8.17639
9.53926
14.7586
9.52095
10.5608
6.09876
8.56205
11.5561
9.8674
11.7696
9.35482
13.6083
10.1341
14.6704
12.9406
8.12544
8.16435
13.7451
12.6064
8.8858
11.9353
12.0073
12.6502
10.7467
9.32182
11.9725
14.2422
12.7604
9.21127
5.95821
11.8184
6.5254
8.48566
11.3667
9.69756
12.9083
12.7768
10.1786
13.8745
10.947
13.7891
10.0796
4.2755
13.5462
11.8505
8.73164
5.31022
9.6074
11.1988
13.8071
8.3836
6.51039
11.7054
9.79665
13.7405
5.67905
13.9212
9.96919
14.4616
14.216
10.2961
11.9037
10.0459
13.6027
13.8748
10.5117
9.33299
9.29487
11.5323
13.0273
10.525
9.03911
6.8945
14.3897
13.675
11.681
13.9429
11.2482
9.177
5.82916
11.0353
13.9869
8.35543
13.6901
11.6488
9.09344
10.2528
13.9002
14.1234
14.9134
13.9105
9.14924
10.7077
12.1765
9.53257
13.7664
10.9091
10.4856
11.1526
12.1924
14.7431
14.2091
14.2616
12.8489
12.1596
12.5374
14.2845
13.9871
13.0889
6.43317
9.28015
13.9125
10.9607
10.67
14.7786
10.7899
14.8462
13.443
14.5625
14.5706
14.2956
9.18657
8.96664
12.153
13.4732
10.0413
10.8417
13.6892
13.0202
11.178
10.2105
14.39
14.0654
13.441
10.4341
10.9216
12.2
13.6367
11.2762
12.1559
8.64658
7.91756
8.64517
8.9874
11.1307
14.9082
8.79811
14.954
8.66058
14.3314
11.9729
10.2784
12.4308
14.4987
11.8029
12.1441
13.9038
8.06708
14.317
12.5745
12.0185
8.21395
13.7789
10.5996
8.26923
8.75563
10.0889
10.7593
9.1496
9.35078
13.3385
9.02887
10.2647
10.2037
8.5305
9.69291
11.2642
6.65923
5.38154
13.9979
14.6856
13.0824
14.2059
9.10782
7.14642
14.7269
11.3441
13.8173
14.2464
9.07034
7.387
13.8432
4.61579
12.8141
8.02485
6.3654
12.3247
8.99288
13.2745
11.5066
9.37752
8.45305
9.55095
13.8596
7.38535
13.7948
13.4923
12.5787
11.4158
11.4526
14.5831
8.86559
14.9423
12.2663
14.4871
13.6647
10.3075
8.64105
12.9195
6.37606
5.97872
14.2616
13.5015
14.1466
14.3753
13.8772
11.5602
9.15319
12.2504
11.4822
6.61461
8.76927
11.5448
5.93872
8.16431
4.52393
12.1327
14.5671
11.0022
9.07812
14.0282
14.2385
13.1188
9.43085
11.6752
11.4493
9.60983
10.7653
13.2104
13.1054
13.1997
11.6687
14.788
11.057
14.4351
8.29844
14.0261
9.21522
13.862
11.456
7.09617
14.9013
4.20417
11.4799
13.4208
10.9668
11.3001
8.58954
11.2861
7.3047
14.9868
9.51892
12.2725
6.39483
12.3467
11.2744
10.8924
7.10385
12.1925
6.37586
6.98234
11.7054
11.2959
10.4762
7.03448
12.4252
14.7432
14.8942
14.1128
9.76805
13.1776
9.07991
6.13904
11.3485
12.421
9.06661
8.85717
4.16839
12.1317
9.88094
8.35331
7.79402
6.20717
13.1762
10.9926
9.37209
10.6764
14.0281
14.8635
12.5641
10.9375
10.8762
11.0632
8.17357
8.16191
12.4063
10.7757
10.0007
13.1935
9.8356
9.36175
13.0979
14.0063
12.1536
9.1207
6.67735
11.6557
14.5855
12.5208
11.0685
6.06439
10.8934
11.4318
10.1513
14.8294
6.22527
10.0605
6.53098
8.71894
9.98075
7.75315
13.5327
10.0852
13.5459
11.9291
8.93569
13.0782
9.78274
10.0792
14.6734
14.6201
9.28534
14.5268
11.6625
6.28247
14.2614
10.4192
11.2969
12.7497
13.5369
10.5249
6.24941
4.3728
10.3193
11.7985
8.28579
13.6298
12.6145
12.9102
14.3256
5.43271
13.4455
11.333
14.8811
10.7363
8.70659
7.42339
8.78298
8.85761
7.71032
11.6329
9.13526
14.2702
12.5223
8.66721
14.1557
11.2325
9.09126
5.40126
11.4242
6.67995
11.4927
10.036
12.2436
4.55891
12.869
14.8736
12.4818
10.9961
4.92995
8.68623
6.20196
11.0316
8.89638
12.8219
10.2423
6.76036
11.0344
11.7609
13.1395
12.2395
10.7941
13.4587
13.1277
14.4035
13.2744
10.4204
12.7673
12.7263
11.6137
6.87586
9.50188
10.6362
13.7182
8.16677
5.75266
14.7621
4.73626
9.49286
14.4513
9.58843
11.1235
13.9781
8.14864
11.2269
10.1275
12.004
8.43616
8.67793
6.44833
7.29258
14.3637
10.4715
10.5759
13.7081
13.5371
10.1966
6.08638
12.2755
11.3633
13.1105
7.90569
9.2958
9.90141
