7.27338
8.37687
11.7504
12.4127
9.61345
10.9374
13.6823
11.4334
13.4564
14.2224
11.7081
5.38061
13.4973
8.09761
7.39273
6.48579
14.9444
12.4498
11.3897
14.9163
10.2196
7.49426
9.91729
13.1907
3.90944
11.5384
10.5307
13.7204
5.68941
10.9266
14.4022
13.4577
9.66687
4.60017
10.1196
11.8871
6.74805
10.0759
7.25335
12.2375
11.4975
11.1824
7.43284
8.56249
12.3791
13.9464
12.4444
5.98837
6.09953
11.5864
12.3175
9.27172
12.275
9.3756
12.536
9.47661
14.4092
7.94053
12.8413
5.60388
12.6444
9.24443
5.86116
8.41419
4.09171
9.77485
13.0184
14.925
11.1534
14.4631
6.77639
13.3749
11.4807
11.4697
12.3616
8.21892
8.86794
12.7278
12.6948
14.645
13.5733
10.4565
14.8279
14.9584
12.419
11.4835
9.58341
14.5636
12.0813
10.4746
10.1816
11.1881
14.039
14.0057
11.7173
14.9394
14.1461
9.29014
14.5342
13.9212
11.2209
14.1244
10.3624
14.7125
9.68727
13.6461
4.62159
13.7289
13.6537
11.3961
7.63973
12.7726
10.86
6.38362
13.9119
14.5222
9.76301
13.5539
7.48062
14.3311
12.7639
6.3673
13.7787
12.8993
11.3316
12.3269
10.3771
12.1881
12.6338
13.9749
10.6822
10.709
10.8755
9.31676
9.98316
13.2963
12.1766
14.1662
14.0426
8.45009
5.95248
6.70302
6.03304
6.23389
14.1468
14.719
7.87783
8.08151
10.4379
6.55803
7.70767
8.87462
14.5256
9.29439
12.8008
10.7796
8.86927
7.45984
14.7683
12.8523
8.9754
7.0693
12.5705
10.1382
10.3528
11.3652
8.5564
12.9574
11.9008
13.0812
14.029
12.7277
8.74926
12.0677
14.6868
11.064
14.9584
9.28142
10.6541
6.05607
14.5127
11.2057
8.63273
6.62003
12.894
10.1532
13.6113
12.374
13.7875
7.27421
14.6792
14.1045
11.2146
12.7902
9.06188
10.6472
7.97524
14.895
12.9286
12.9649
13.3602
9.92526
14.0631
12.9722
9.46345
11.603
12.431
11.5005
3.81603
12.4268
7.21228
9.1458
4.1297
8.92476
14.3041
11.8735
5.39733
14.4228
14.4698
10.7827
11.7347
14.104
12.4823
13.2947
10.2709
10.6052
14.8809
12.7845
12.9288
8.05276
14.7305
14.5955
5.45936
10.059
8.22483
11.726
6.87557
10.438
12.2578
8.80086
13.185
10.9204
7.35563
9.16299
9.46936
14.1125
14.1465
9.83654
8.27884
14.7275
12.4279
6.47697
8.49293
8.89673
11.7667
12.3861
10.6472
10.7668
11.0928
3.89494
9.07799
11.5211
10.1937
9.12764
12.2631
12.7338
13.0944
11.2721
5.9474
12.9476
13.2917
8.99327
14.2543
14.1823
14.4399
13.7588
11.5649
12.4333
14.6143
11.7369
14.2621
7.13285
13.8951
11.9618
14.0817
10.8783
13.4595
14.8874
14.5364
11.6806
11.323
13.4504
13.6059
10.436
9.70458
11.3777
13.3687
14.2605
8.78761
14.0203
13.792
13.4236
12.5884
13.2456
5.02251
12.0156
11.4322
12.8904
11.1042
8.81577
11.5882
10.5234
14.3863
11.5795
12.6414
8.09022
6.32657
8.03804
14.2444
13.4988
13.2066
4.38771
14.5684
13.7693
12.0614
10.7668
13.5401
13.1309
12.5494
13.6998
14.5128
11.7122
14.9947
12.1273
10.6333
3.89319
10.1907
14.3207
12.8374
8.93734
12.9245
5.94217
6.34971
8.60749
9.76156
7.84041
14.3411
14.2564
7.23987
11.7423
11.3171
12.0195
14.951
4.7622
14.0293
10.7398
13.5056
14.393
12.4174
10.767
7.96601
14.6648
6.1203
10.0244
10.4666
13.5471
9.72647
8.25734
13.3118
7.93446
6.88654
8.37294
11.3507
9.16328
10.9279
13.4828
10.6139
8.4045
6.68763
11.4034
12.5792
9.13154
13.5528
6.18646
4.15332
12.3855
13.3896
9.44417
14.8751
14.9883
12.4451
14.504
14.8203
13.8761
12.8212
14.0713
13.2121
5.55523
8.92935
10.6746
13.4695
9.44363
11.5281
10.3589
11.0058
5.62324
7.35523
11.0026
12.326
14.5338
9.73987
13.3003
8.77635
7.31844
4.88138
14.9351
7.92808
11.9182
12.1994
10.3613
8.81707
6.24189
9.31929
14.4763
12.491
6.5852
7.77405
12.4595
12.344
13.1486
8.9486
14.1004
11.5211
12.0741
13.1761
14.6996
10.7808
4.14171
10.1605
9.76713
13.6964
5.76451
8.35426
14.831
14.0715
10.023
10.0274
8.64822
11.281
10.6179
5.93999
6.54687
14.8547
14.8888
11.9535
12.8267
14.155
9.69532
7.16402
12.411
14.7515
13.1747
8.92353
9.31629
9.08522
12.0168
13.7379
9.05123
12.3685
10.0518
12.5193
5.34246
14.7133
9.46541
10.9914
9.97501
14.5643
12.254
10.1047
10.5618
11.7249
9.94893
9.90086
11.1145
12.9086
8.66241
12.3274
14.2565
11.1064
12.1848
13.5999
8.66592
11.906
14.2509
9.62142
11.1807
12.8689
13.2985
14.8255
13.8952
13.1402
8.12324
12.0453
10.3546
13.183
14.9608
13.9232
14.2435
14.7829
10.9766
13.362
5.96864
14.512
14.4241
14.9362
11.8266
13.974
6.97697
14.9188
11.6837
10.8403
10.019
9.94017
6.65836
5.55818
9.29464
14.7286
14.7957
11.7242
12.3808
11.0221
11.3543
8.26124
12.7056
12.1419
8.6512
8.15732
9.02859
8.38527
11.4544
8.99493
11.4162
13.7666
13.9038
11.6522
10.5465
13.7365
14.193
8.83789
8.91558
9.97438
12.5699
13.5628
12.1493
10.1191
11.0474
10.0009
11.5168
14.4696
11.8793
9.80716
11.3045
10.0136
13.1297
12.9783
13.141
11.391
13.7814
6.8171
14.4103
4.57536
13.7457
12.0311
11.7098
11.2785
9.22559
14.9307
12.1019
14.4493
10.4214
5.89184
8.71806
12.7867
13.2121
9.53288
12.5783
13.6692
9.95
11.2496
5.33827
12.5388
11.0238
10.5206
14.7382
12.302
5.28656
9.67188
6.16324
9.76822
12.8767
14.0129
5.74474
6.77764
10.398
6.52924
12.088
8.6519
9.63895
10.9806
14.391
12.683
8.3543
8.32011
8.5184
10.7196
14.3129
11.1704
10.9991
10.7095
11.7038
13.268
14.4363
14.8543
11.8371
9.20637
8.70772
12.8586
13.6939
10.3257
11.123
14.533
14.8818
12.3594
9.19972
11.1081
13.3786
7.6014
8.91356
13.7618
14.7266
6.31101
13.4945
9.1783
13.5686
14.6376
9.23788
6.6849
7.94796
12.5516
12.6335
14.5096
9.24021
14.4114
11.0889
5.40522
14.4721
8.24833
8.54657
10.3354
11.4952
11.3031
10.08
8.9178
11.9586
7.81981
10.1573
11.0733
11.974
13.1047
13.3893
12.6732
13.6864
9.81708
8.25026
9.07423
12.9213
11.4443
7.62231
10.5315
13.0307
11.7992
7.97198
5.93212
8.04696
11.6997
9.70928
11.8261
9.95346
8.35875
7.20048
6.9895
14.2071
10.8149
14.1883
4.56723
13.9463
11.9782
11.4748
10.0648
14.4262
12.5079
14.4866
12.9723
12.8831
5.2667
9.56333
12.4914
14.1052
11.7208
13.3965
13.2311
8.03438
11.4403
10.9679
11.0214
10.5119
13.5258
11.6995
14.9666
11.8402
8.44616
14.4794
10.5552
11.3662
13.6349
9.02124
10.0618
7.91609
8.84417
12.8645
9.67004
9.22145
14.6129
14.6023
10.5832
13.4447
14.2022
9.06784
14.5147
13.2032
14.9617
13.7339
11.8635
14.6974
9.19593
14.7982
10.0978
14.4235
7.12057
8.35368
12.925
6.33806
13.5152
14.0616
13.8128
13.3881
11.2702
9.57972
10.2373
10.7102
12.0228
6.10101
6.01108
7.06648
11.8499
5.36007
14.4324
12.877
4.08351
13.1318
7.19779
8.89125
12.3889
13.8217
11.5212
14.8364
12.0274
7.85016
9.52052
5.85423
10.6024
10.3726
11.0779
13.4457
14.9462
14.4013
10.8044
9.05157
12.5448
6.01427
12.7879
11.3096
11.9063
14.537
6.21089
5.58327
12.9673
14.7268
12.7608
7.59483
11.9894
5.8398
8.94023
6.84282
12.3805
13.4609
11.169
14.1711
13.2813
5.07809
10.088
14.9987
14.6652
12.5149
11.8821
6.72615
9.44653
12.8235
14.7357
10.8506
13.6756
13.2198
13.1717
14.3601
11.1754
10.1013
8.81428
12.9384
14.3282
11.9796
11.3866
12.8855
8.47329
12.4254
9.68708
14.1998
12.1784
8.26778
11.8895
11.7007
11.1529
9.70611
14.3375
11.202
12.9437
13.6128
12.5895
10.6627
8.87425
13.5535
12.0139
9.84083
9.75136
7.57313
11.1303
9.92096
14.9895
12.0358
8.58632
14.2033
14.1428
12.5091
12.5369
13.0255
6.80122
13.0652
8.87469
8.23267
13.9126
13.1863
11.8376
12.175
14.0405
10.6629
8.5389
12.3019
10.6946
11.8718
12.1061
9.01669
4.7286
13.8288
8.73116
9.05255
12.5403
14.4792
7.26631
12.9538
13.6172
14.6582
13.191
10.3667
11.3433
13.7788
9.77128
8.60822
8.4453
14.1774
14.5372
14.2908
10.9014
14.7341
14.4762
11.034
12.9878
14.7434
7.74193
13.4433
13.6553
14.2853
14.5743
11.6886
9.02778
10.0991
5.65363
7.69399
7.96598
11.2584
10.1974
14.7468
8.59186
14.7041
9.83137
8.62288
9.81213
13.1221
10.2223
7.89008
9.0537
10.4004
13.4278
9.46447
9.92939
9.77503
12.1539
9.71034
13.9641
14.7522
12.5847
14.2099
13.7121
12.684
8.03323
12.8429
14.3598
10.8465
9.49037
9.85357
13.2406
12.6673
9.66154
13.6131
13.7809
14.6312
14.37
12.8931
14.603
8.68947
11.1404
14.7108
6.24471
4.67924
7.2384
13.1507
13.2793
14.7253
8.27752
14.6483
13.8284
8.24182
11.4518
11.0147
14.5798
12.9489
11.5118
8.81652
9.87756
9.50782
12.6132
14.7444
14.2811
9.69542
12.313
10.3653
13.7761
6.1883
10.8655
13.8483
8.42179
10.0082
11.3595
13.8714
12.5577
6.68858
13.1222
11.1913
12.3355
9.35537
10.2963
12.487
14.3889
7.56053
8.25796
14.2814
12.6602
13.173
13.865
11.5016
11.9036
8.98166
5.38311
7.39636
6.04013
14.7267
13.3169
14.8185
11.6597
11.8705
10.4697
10.1149
11.1967
6.11827
10.5422
8.00809
8.45353
10.0357
10.9232
5.54274
14.1115
12.0227
9.88713
14.8036
9.77771
13.867
9.17966
14.3667
14.2995
9.94626
14.7603
7.32752
8.73016
14.8009
13.4371
10.8673
12.7472
8.35635
8.88246
11.4432
13.3968
9.7597
8.61855
11.5126
7.52242
8.87317
11.0179
10.6991
9.53424
12.6931
10.0555
11.8454
12.5209
10.7564
7.55016
13.8684
11.8896
14.2581
11.3934
13.0354
10.3173
11.8426
11.3183
13.335
11.4934
13.0589
10.3363
13.0789
9.41611
12.3561
8.12062
14.3519
8.39104
13.8987
8.3662
14.9218
14.3018
11.2799
9.51598
8.03551
7.41452
11.391
14.5867
11.5909
9.55992
6.05985
13.0758
6.99107
9.88452
13.7742
8.29871
10.0758
12.2209
10.564
13.2248
10.9573
14.8961
12.2192
10.3123
13.9517
14.6001
10.4827
10.3829
8.44814
13.5183
11.2807
13.644
13.2846
13.757
8.24842
11.5012
12.1567
11.8351
14.2013
8.50069
13.0474
11.3529
11.513
13.299
13.5987
10.1397
9.69549
13.2013
11.7788
13.3068
12.2873
10.6006
10.5222
11.8658
14.3854
11.5376
11.0808
13.3882
12.3073
11.5584
11.0474
9.77806
8.59905
11.6302
11.5264
7.81902
7.72208
11.845
11.2295
13.9657
12.2782
4.99605
10.0702
11.3308
13.2645
9.96628
5.32786
9.51425
12.6705
6.93248
12.2864
10.0155
7.76194
6.30732
14.6174
14.4546
11.7225
8.55106
14.3316
11.2565
6.47632
14.4698
10.942
9.30836
12.9444
10.1668
14.6218
14.3813
10.7915
7.90905
10.0155
12.743
14.0093
13.731
11.4639
13.9586
14.5875
12.8145
14.8226
5.66193
13.3583
12.5042
14.617
6.22109
4.03439
9.76595
14.6283
10.4749
14.6862
13.8356
8.31549
12.5312
8.84923
6.93382
12.327
11.5046
13.1745
14.5119
13.6524
9.59607
13.1441
11.5232
13.0811
6.27507
12.3049
9.14073
10.3947
8.50882
12.9915
7.3616
10.9903
9.28939
12.4444
11.353
11.6631
14.7096
13.9392
14.328
6.09324
14.3669
11.1664
5.48759
11.7783
8.80244
5.87578
10.495
8.87708
9.83855
13.333
10.1031
12.7483
9.46573
14.5706
13.0997
14.2904
12.7174
11.3726
13.9435
12.1589
11.8775
8.9653
12.6428
9.5381
5.87711
12.2854
13.1455
9.38064
11.6061
14.746
11.9063
10.2113
9.09528
6.83211
13.0154
12.1383
12.1478
14.2262
12.2634
10.2988
11.0887
12.3686
13.079
10.0344
11.1708
14.9294
12.7278
13.588
12.3423
10.784
12.1697
8.71135
6.38541
11.8961
8.3933
8.58369
5.21424
14.6702
8.05387
12.4274
11.3132
11.1105
8.51347
8.70529
14.3824
11.3556
13.7256
11.6111
13.5858
13.4909
8.34501
10.2954
6.84963
10.4098
10.5173
10.539
6.26973
11.1187
7.60981
10.55
12.716
6.9
10.2965
9.23068
9.18143
10.9456
9.18178
9.45012
13.5014
12.6452
13.1215
14.9281
13.6455
8.79227
6.3811
13.6523
12.1569
7.38495
10.436
12.7362
10.7577
12.6007
8.03603
10.869
13.3798
7.32154
11.6821
9.20313
12.6569
6.16322
10.6241
14.3151
11.192
8.26136
11.3044
13.3631
10.5963
11.9863
13.7061
6.18469
11.4513
14.0479
6.2432
12.9478
5.23193
4.96629
9.76886
10.8895
5.75273
8.99526
10.9533
10.1628
5.48367
14.8727
8.68739
14.4696
14.54
13.2106
12.1525
4.45797
12.9063
8.28886
12.1286
12.067
11.5545
10.7777
12.9131
9.4011
11.9537
9.6838
13.5328
14.3584
14.6875
9.38763
7.37308
12.3852
10.2915
11.7338
14.4506
11.9725
12.5013
8.68229
8.47544
14.3498
13.4952
10.5308
11.897
12.9585
14.5421
7.45083
11.6659
6.01391
9.30974
9.43751
4.87855
12.8049
13.5301
13.167
7.51695
11.8056
12.9349
11.3705
6.22431
8.19576
12.6226
11.6151
11.9873
4.89977
13.2299
12.4172
14.128
10.5765
12.3798
13.1474
12.5233
8.17301
10.7916
12.1098
9.35589
6.70085
12.9498
13.1098
13.1881
10.8614
9.30754
13.1105
8.70379
11.7545
13.0974
11.7881
6.77267
11.9702
7.6374
5.78901
11.0164
13.7211
4.67851
8.81307
14.5907
13.4481
12.7225
8.54135
10.807
8.19486
9.08772
12.1164
9.83607
8.43787
11.3482
8.14403
10.7747
9.30539
9.76091
11.5028
14.3324
9.94647
11.5088
11.5765
14.0627
13.6377
6.34321
11.0096
6.14344
9.777
8.5168
9.19882
8.85972
8.05791
13.5304
6.04407
11.3336
9.24578
10.9163
9.9815
12.6283
7.43096
11.8713
11.3493
9.52724
12.4352
13.8832
11.1059
12.3953
6.99651
11.8265
13.2504
9.00296
9.98985
10.8537
8.4796
12.1581
9.23625
10.2337
6.93472
13.2582
13.1984
8.75347
10.7807
11.9881
9.11732
12.4043
13.5793
6.08124
12.4943
7.80255
10.3527
7.26634
9.95181
12.377
14.171
7.37721
13.1467
8.99523
12.2284
12.2913
14.458
12.415
7.65857
11.6336
10.6439
12.5871
11.8654
12.2595
8.90868
13.8696
13.897
13.8047
14.5839
11.9757
14.6518
14.8606
14.7837
6.10385
9.28904
9.46031
6.52358
11.6264
14.2058
9.83289
11.0324
10.336
12.8915
12.8797
12.9771
12.1318
9.83814
6.3972
13.9931
12.9509
13.3455
6.40948
10.0247
12.0136
10.4347
14.5684
10.8807
9.56861
14.642
13.1103
14.2017
9.55988
13.4219
14.5237
13.9127
4.77307
12.1418
8.75996
11.9986
13.8194
12.4171
11.4917
14.3081
10.7709
12.807
11.0093
14.5356
8.56349
13.7541
14.6059
14.1728
14.5381
13.4172
7.41949
11.1027
7.59534
10.749
9.01515
9.20047
14.4939
9.93589
8.3412
10.4697
13.5833
8.79742
14.9396
9.03359
14.7587
11.6815
10.2555
13.7689
8.40105
9.02252
12.3081
13.7256
11.2661
12.4279
5.86596
6.6139
13.6264
8.95757
8.66078
13.9359
14.1651
13.5041
7.29814
9.43851
11.9586
9.96411
9.29471
7.12737
10.6631
13.806
13.5939
11.775
14.4011
10.6647
12.9386
14.7731
9.78948
10.5887
11.2854
12.7947
14.3185
14.7359
10.6086
13.79
13.5425
7.77337
12.4107
10.5283
8.15495
12.0321
9.25444
10.779
13.1235
12.817
11.706
10.5402
7.41073
14.253
12.361
12.4652
9.70781
13.3912
14.9369
5.86549
13.0677
11.1822
13.6304
11.6495
12.5914
6.01758
10.0736
11.9577
10.8742
8.51866
11.9479
11.7121
14.6379
12.7518
14.5455
6.16643
11.8224
6.95281
7.78804
9.20261
9.55331
14.7329
7.73677
6.15986
8.6408
13.4217
13.0675
9.97915
14.3233
12.6697
11.0329
11.7133
14.247
8.13342
10.439
14.1357
13.4692
14.1268
9.25761
12.1391
13.5943
5.87959
14.1734
5.46846
12.0663
6.21118
11.5991
4.43994
9.75135
11.1411
13.1157
11.2935
10.9259
5.47214
6.3768
8.98445
8.59145
11.3482
13.3842
10.4601
14.5161
13.02
12.7519
13.3881
14.639
13.7147
10.0136
13.5856
14.8294
11.6482
11.8085
14.9961
12.2805
12.8698
10.1745
10.2653
10.6183
12.0757
9.91973
13.7333
11.5682
12.1016
14.5537
9.46269
11.5158
13.4197
12.1949
12.6428
12.6946
7.57917
8.78245
10.8505
6.36288
14.3636
10.6723
8.93542
9.47513
12.392
10.3849
7.21213
13.2608
11.2294
13.527
12.2664
13.6333
12.1928
7.00109
13.5896
8.20828
7.83689
13.5237
9.54904
7.93601
6.74146
4.32322
12.7203
13.6387
8.19429
11.0055
9.87549
13.9926
12.4761
8.89693
10.3013
14.3767
14.0868
13.6194
12.0725
14.4484
7.99776
10.924
13.0568
7.69089
13.8518
14.0411
8.50881
8.61057
7.13669
9.4977
9.29289
8.5147
8.62475
12.1502
11.944
13.4634
12.2202
5.69236
11.5089
9.95223
7.36135
8.64164
12.2397
10.6055
12.823
14.7577
14.1998
8.53661
13.324
5.97505
9.38463
14.2204
14.0488
6.55794
14.9325
10.056
11.0336
11.9457
10.3439
11.2481
11.7122
12.7323
13.8159
10.8898
10.0883
14.9681
14.7085
10.5242
10.5853
13.6787
8.30701
9.8383
10.8808
12.9277
11.5264
7.59745
11.3748
11.0383
12.7484
13.4255
11.6546
13.6114
11.8313
13.2451
12.9052
7.40036
12.5085
8.82953
11.1041
8.67223
8.88236
11.0668
7.38208
13.3342
12.305
14.1291
14.9154
13.1696
13.935
11.8687
14.6938
12.6311
11.2874
14.6617
13.9323
13.8474
13.4445
13.9699
12.5866
9.9947
10.3938
14.0143
11.013
5.18206
9.43084
13.7559
14.1197
10.8309
12.9467
12.3539
12.9388
12.5085
13.2092
6.09622
6.67087
13.0704
13.7855
11.0721
12.9932
14.2388
8.97256
13.3513
10.0977
8.0451
13.2352
11.5818
12.2308
6.46291
13.0891
12.0511
10.6167
7.44153
12.9124
6.16562
11.3202
13.9769
9.11862
9.60116
9.80789
10.3216
12.1169
4.51738
14.8907
11.4669
11.59
9.10595
9.13515
11.5456
10.6906
7.99792
10.9417
5.6186
14.9259
11.6615
7.6979
11.0794
9.95781
13.6587
12.5836
12.5156
14.4708
8.88066
14.0592
7.00755
13.2721
13.1025
8.53489
14.7325
13.6622
12.9641
6.61797
14.6772
9.26339
13.3408
8.2535
6.38836
6.57197
11.7431
10.2602
10.1481
7.51353
13.9475
10.8975
14.0109
14.2286
13.1001
13.3216
12.1334
13.4733
9.90578
9.94951
7.26071
14.4594
14.5996
11.2118
13.6096
14.55
12.4478
7.91615
10.6081
11.1364
9.51513
11.7331
14.7076
11.5762
13.1689
14.0635
9.43653
12.2441
8.56184
14.0655
12.6199
10.0717
12.0877
9.83863
12.918
12.8516
13.3365
13.711
12.0817
9.83848
7.08291
7.91651
12.8093
11.6657
13.9703
10.368
7.87302
11.528
9.47142
12.6612
6.74136
9.67209
14.3067
11.0042
13.1695
10.4476
10.2779
11.3458
9.42657
10.68
14.624
8.81774
14.0508
6.273
6.75708
6.95507
4.03674
11.7426
14.7671
11.213
14.8577
11.9558
5.62052
11.1539
7.43537
13.938
11.1246
5.50534
13.6471
13.6965
8.20812
14.1029
12.4469
11.4752
10.514
6.58622
9.91119
7.49458
10.5553
9.96362
10.4936
10.3646
11.4062
8.64887
13.8842
11.1696
14.3552
13.3251
4.77237
13.1024
10.3706
12.4104
12.2206
9.48833
10.41
11.8108
12.709
13.7569
12.1749
13.1773
14.0675
10.7163
8.21926
9.08971
12.9949
14.6934
10.7778
13.8752
5.90132
9.09341
14.8105
11.607
9.55366
9.81976
12.0057
5.09855
10.5523
11.9548
13.5087
4.20084
12.4441
13.0974
13.2048
12.7446
14.623
9.49603
14.4091
12.3093
9.04444
12.6652
13.9339
10.1035
7.35318
9.18393
7.97783
8.61694
12.3627
12.4242
8.621
13.6813
10.8319
7.52895
8.38047
11.6632
13.5877
14.8303
11.0217
10.8675
13.3547
7.42295
7.59577
11.3836
11.9248
10.0345
8.94189
9.22634
10.4283
4.53945
13.6808
14.4466
12.3369
10.6429
13.9881
9.71961
6.75775
11.3127
12.7922
9.79198
9.51786
7.83659
10.0103
12.8849
5.19206
8.25758
9.12525
6.38965
8.89543
9.1897
12.7435
6.84407
5.41861
6.43975
14.0697
11.1273
13.9912
12.0964
11.999
5.68911
13.6203
13.0873
11.3882
11.1027
5.8961
13.6463
14.657
9.25007
8.09316
14.6333
14.9849
11.8006
9.57158
14.3914
12.1433
10.6252
10.3816
13.0275
14.199
11.3501
13.2299
14.9936
12.0012
11.0493
10.9317
13.6481
4.50792
12.746
14.744
14.1873
9.52406
13.4873
13.924
14.447
10.108
7.91378
13.5782
12.9928
5.16359
9.60578
9.01872
7.63206
8.71892
8.91087
8.64706
14.9278
14.8543
9.17003
10.6682
9.38073
10.1327
9.58265
13.9268
14.0596
11.9217
5.99639
5.00833
8.06152
7.27219
14.092
14.6939
13.4225
8.70716
13.4056
10.397
10.1574
4.28679
11.2672
3.93546
9.81199
10.8993
14.745
10.1914
9.80984
12.8193
13.5347
10.9658
11.2402
12.0984
9.5789
13.3798
11.94
13.1228
10.4015
11.9654
11.6835
13.6902
11.383
13.0542
10.2718
14.8129
9.4434
11.4947
5.77571
12.3533
11.5625
10.5129
14.3775
11.5366
12.6594
9.71942
12.3526
7.97262
11.1276
10.9131
8.58114
3.99099
12.9952
8.4693
8.48633
13.2232
8.02173
14.5931
6.60012
10.9198
13.2922
9.72728
10.5685
12.7517
7.87449
14.6488
11.2305
14.5157
10.8562
7.21628
13.4503
11.4221
11.4088
6.34935
12.8885
9.66122
10.6997
14.9157
14.2592
14.8464
9.28038
11.8829
9.59953
13.9355
11.4486
7.49357
9.14175
10.941
10.5251
10.149
4.9594
9.56073
10.7251
8.91391
13.8126
7.56973
10.5924
12.5562
8.26374
13.5745
5.77607
13.4183
13.0933
8.69525
5.60399
8.9307
13.2564
9.15516
8.52876
9.43811
12.4757
12.0304
13.8065
13.6633
13.1787
14.5678
10.3269
5.77324
14.8393
9.9625
4.74597
8.69999
9.4626
12.7602
10.6139
13.1482
10.9248
14.2855
10.7486
13.3303
11.5625
7.35008
6.74015
7.18085
11.1258
13.6443
11.3272
12.9454
6.88837
9.44087
12.4042
10.5498
11.1099
7.5022
12.3971
14.364
10.4145
14.7577
11.7818
14.0678
13.8179
13.7514
9.88995
13.4968
4.49401
5.25014
10.1739
11.163
12.0634
14.9059
13.0337
14.9594
13.8089
8.88117
13.1776
10.7381
14.0053
6.92411
11.5076
8.46071
13.3001
10.9249
9.17032
12.3468
13.8787
12.5794
13.5889
8.61016
13.1253
14.3509
11.0504
10.6194
13.3705
11.0937
14.7484
13.4554
9.1654
10.1581
14.5671
14.4822
13.8458
11.1356
11.1038
5.27279
13.3596
13.8058
10.5418
12.2267
4.65349
9.04731
10.3961
10.3995
11.5302
12.8034
12.8122
8.41657
10.5189
11.4919
9.00079
12.2263
13.6498
11.1251
13.3182
12.2738
14.4996
11.1537
14.3433
14.4415
9.47777
9.9591
7.91021
10.2094
13.0977
14.4171
13.8938
6.62898
11.7299
8.87901
6.51832
9.72989
13.6735
9.27863
14.3808
9.90458
9.44324
14.1842
6.52791
4.22187
9.11284
13.1259
12.7353
8.63139
8.22291
8.28248
14.8167
10.352
6.23627
9.25338
12.69
9.70719
8.60797
11.4764
13.3545
12.9797
10.4232
13.3693
11.6973
7.92767
13.5707
7.18905
4.42005
9.43622
10.3492
13.2884
11.3175
8.45501
8.09697
12.8047
4.08368
9.59052
12.6527
7.18519
14.8433
14.0665
12.8097
14.6681
11.2261
10.9504
10.9672
9.97629
12.8527
5.69648
12.4794
6.40396
12.4432
8.01094
10.1327
9.5844
12.5584
11.3956
7.19442
14.4347
14.9488
13.3758
7.58561
6.04586
8.63043
11.999
8.02899
8.47457
14.2478
10.6008
9.2753
11.4247
13.4238
9.37427
10.9066
7.83416
6.84555
9.89153
5.5418
12.9128
6.62027
4.59949
14.3568
13.7864
11.8321
9.75527
5.99715
10.7763
13.062
14.7532
10.4387
4.95502
14.2129
14.8607
13.9774
9.65596
9.42002
11.9042
13.535
5.97198
8.34589
12.279
6.33439
13.3208
13.9429
9.46227
9.53026
9.99783
11.2864
14.0293
12.5092
6.38712
13.1332
6.00505
13.11
14.6743
8.25505
13.7275
11.7845
11.0568
13.3988
9.98271
14.2606
13.687
12.836
11.4077
9.53508
12.4519
8.33309
13.9916
10.9417
11.8001
12.1058
8.70803
13.3119
11.774
11.6471
8.04893
12.0761
14.9148
11.4444
8.65749
4.76266
10.2417
12.8614
12.5836
10.0138
7.23835
12.0712
9.69153
13.6597
5.78553
8.70561
8.05125
11.1908
11.6931
10.8071
11.6394
7.86415
13.3651
10.8146
10.457
10.0897
14.8876
9.65508
9.16339
13.0818
12.2255
11.6638
14.9646
11.81
14.8597
6.72412
9.76521
10.3427
13.2627
8.95411
6.92525
8.91799
8.78253
10.1549
7.68638
9.47875
13.6247
7.8766
13.2967
14.0601
10.3402
13.7986
14.9356
8.52155
12.9031
12.4722
11.158
8.77119
12.9547
8.4477
9.98651
9.00891
10.9612
10.8251
7.63906
5.00079
9.45244
11.9897
13.706
12.9126
12.4516
10.6575
13.3836
12.0459
13.7064
14.7454
5.85701
12.192
8.52115
11.135
12.6134
14.1876
12.4555
11.1191
9.78592
12.4453
14.432
8.50951
13.3583
8.30689
11.3685
14.2507
9.24903
11.995
14.9655
8.65525
14.4208
10.3407
13.7331
10.4086
8.53192
13.816
8.72627
5.77771
11.2011
9.37484
14.2727
13.5048
8.29897
10.4792
5.98434
14.6234
9.3427
9.96191
8.6422
10.5092
10.364
14.2216
12.4529
13.9673
12.0538
12.9742
8.51094
10.7329
10.3251
8.22556
9.91103
14.8964
13.7651
13.9211
12.8455
10.4939
12.9169
10.9633
14.7929
4.74176
9.26709
6.05145
14.8532
12.1581
12.5714
10.8671
11.5293
14.1922
11.1547
10.29
13.3232
14.6236
9.92353
7.45844
8.9994
14.9003
5.38998
9.36904
6.45965
14.0427
13.7406
6.34499
14.7137
13.5447
12.1531
13.1361
11.3293
10.6876
14.7597
12.9741
12.5123
8.6748
7.52301
11.4467
12.7939
10.2592
12.0899
10.9951
13.4725
10.2806
14.3636
10.4815
10.241
13.5631
10.7493
7.8785
9.17463
11.3657
10.9004
13.342
10.9873
14.271
13.701
10.5983
8.55378
10.6882
12.0245
7.73149
8.63887
14.37
10.5067
8.80287
14.2385
12.9193
13.7552
12.6776
4.76376
12.8817
5.42291
9.93534
6.97548
9.17242
8.22126
13.3056
12.2978
9.17378
8.42904
9.14641
13.7221
10.4088
14.6939
12.9892
8.1376
7.5105
10.6575
6.82257
8.06897
10.1785
10.0401
11.5641
13.0972
12.5865
13.1709
14.0435
12.2624
12.3394
11.7771
10.8477
9.01197
11.5887
10.8356
13.8291
5.91731
13.5941
10.612
13.1524
14.0563
13.9229
14.7248
9.21564
13.2295
10.9594
11.8409
10.8376
11.3737
14.5945
9.69071
8.53505
14.8938
10.8448
14.9935
8.09214
10.9909
12.7996
12.7765
5.54212
13.2417
7.04692
11.7945
10.7806
14.7238
13.3066
8.12641
10.7903
9.84022
8.88638
9.95051
9.2733
9.10352
8.5985
6.63894
13.8783
13.1896
14.6557
13.2474
8.69399
9.26573
6.19624
14.9543
14.8404
11.6044
14.0475
9.36217
11.771
13.6635
8.85089
8.2618
14.2194
14.8733
12.7737
6.38067
7.78862
6.34987
9.11081
12.2248
13.7373
12.1605
14.2032
8.65719
8.55613
14.2697
13.6683
12.6836
10.5129
12.9801
10.9072
4.09826
10.5886
6.03439
5.06832
14.5234
14.2765
11.9721
12.8466
14.7601
11.3779
9.08428
7.40584
12.8478
5.70769
11.1568
10.4866
10.6299
12.9319
8.27655
8.86642
14.4629
8.04788
8.56325
9.96676
5.76875
8.82433
12.1167
9.20275
7.55199
12.2397
10.6698
12.7033
8.56073
14.6559
10.7777
12.4283
14.6305
10.4238
11.6298
13.4261
13.9301
14.3116
10.9223
12.1794
14.3244
13.0531
10.2456
13.4483
13.588
9.80422
10.7439
11.8296
12.2827
12.2145
6.71436
9.50575
6.67565
13.7315
9.12043
7.59055
9.94897
10.2461
7.96624
9.73491
13.4969
6.62858
9.04523
10.7722
14.4267
9.87089
11.532
13.4889
14.789
11.3947
9.44513
13.0231
8.77134
14.5646
13.1739
8.71752
11.452
5.02964
9.28408
10.8521
9.84654
11.2799
14.9796
11.1186
13.8837
10.799
14.3756
5.40086
13.6662
9.52228
7.84795
14.1544
12.9697
12.8371
8.98558
11.029
13.5009
11.7939
8.20583
13.8607
12.4061
7.94778
11.265
11.8318
5.48724
10.8498
9.37754
13.5894
14.4644
14.9555
12.6164
13.6153
8.62664
14.7737
12.0234
6.47001
6.40634
13.7106
12.75
6.44872
8.86145
14.5312
9.10901
13.1379
14.0613
14.2211
10.9234
11.3635
5.94103
12.6982
11.0174
9.2091
12.9549
9.67704
13.7319
13.4308
14.9413
11.4477
8.6522
14.711
8.62945
14.2372
14.5335
13.4297
13.0847
14.7573
9.83393
13.0338
13.5401
10.4927
14.1641
12.3912
12.0663
12.1028
11.8787
10.9583
11.8679
13.5898
12.8197
11.4863
7.36291
14.315
14.1515
11.0875
4.25544
14.8852
11.7322
11.1613
4.82949
12.7433
8.88613
14.6443
10.3597
14.2633
11.4807
9.24052
14.7736
11.533
8.19516
10.1652
8.1869
7.32113
10.8827
11.4797
3.91123
7.25074
14.5881
11.4391
14.1805
14.827
12.3804
10.356
10.5823
14.9687
9.81144
10.4842
11.8539
13.8454
13.4258
9.74013
6.02264
11.9871
13.3498
14.6737
11.7498
13.7542
11.9511
12.1747
8.87253
8.68568
14.5798
14.8968
13.2151
14.5735
14.3624
11.0552
9.1157
6.452
8.7479
11.5043
7.72591
11.2242
11.5337
11.149
9.74805
12.0845
9.6648
14.0366
12.0758
14.9992
12.6432
7.57415
13.5335
14.2757
14.9313
5.65599
14.345
12.5699
12.0131
6.35456
10.7487
11.8024
10.6802
10.801
8.22336
14.096
9.00648
14.5102
13.0647
12.5057
10.7431
12.8658
11.0536
8.76592
8.54551
6.45161
12.7735
12.3551
9.49229
14.9644
13.4392
11.986
12.5459
9.7124
13.5046
9.68281
5.7865
6.28993
10.0477
7.70278
14.7725
14.9073
14.5591
9.8011
9.4975
8.36952
11.1831
8.30694
14.1101
10.8856
7.57777
9.71991
12.4071
6.74555
7.3819
14.9119
9.09958
11.9047
13.84
8.45203
11.0315
6.86428
9.54992
9.45458
14.5655
13.7206
11.0555
9.0527
14.9324
13.7605
14.3966
14.6724
7.15214
7.76015
12.7102
12.5201
10.2912
14.5011
11.8953
11.7634
12.933
8.23649
6.91499
6.24152
10.0449
8.6821
11.7202
9.16354
9.15569
14.1055
11.5851
14.5335
9.66653
10.1747
12.9804
10.6069
11.1005
11.6097
10.0816
12.6262
9.86041
12.2159
9.76318
13.2353
8.01565
12.1322
13.9884
13.3448
5.22048
8.11048
13.2918
14.9877
12.1748
11.2714
12.1675
9.30389
11.6252
8.30238
4.88368
13.6766
11.9694
13.1359
9.67939
10.751
9.66817
11.6071
13.6099
14.867
9.6259
14.5227
9.43615
7.87186
12.0545
7.37098
8.97917
12.5301
14.13
14.797
13.8665
11.8053
12.8001
7.44215
9.21774
6.00493
14.8304
11.8674
13.0547
7.21632
14.226
11.9188
13.0062
10.6795
14.1347
8.82932
14.1356
9.72956
9.84926
12.5486
8.70845
10.3537
12.4154
12.6515
10.4634
11.7394
11.173
7.18738
14.1082
12.944
7.37871
10.8911
9.19465
7.92803
12.6602
11.7699
10.6371
14.3391
12.633
14.5354
12.5512
14.984
14.2373
10.785
7.72749
12.5929
12.5776
11.985
12.803
11.0311
13.4472
13.2986
13.2522
5.64597
10.1144
9.81782
11.9543
10.5558
11.6979
8.99886
8.35284
12.7745
12.063
9.31088
14.7483
10.4481
14.3295
9.07686
7.98968
7.40863
14.408
8.56027
8.70812
10.9737
13.8809
8.81855
14.7854
11.6573
10.6559
9.82234
9.49298
11.9086
12.3706
9.70662
13.9141
10.3083
9.39295
14.0948
11.2465
9.1266
5.56794
12.7751
7.62508
12.8531
9.41972
13.7549
13.3814
12.6224
10.3978
12.4531
9.29265
10.8615
11.9435
7.79202
11.4737
10.5317
10.6105
9.16935
13.0807
13.4427
13.967
13.5798
14.2641
11.8638
12.7586
7.07355
7.86301
12.5739
10.1786
11.447
9.28931
10.8009
11.0045
8.84795
10.6033
10.9664
11.2829
14.6215
7.5449
11.8485
12.4704
11.5658
13.713
13.0417
14.3869
12.6008
14.1942
10.6216
8.10993
13.596
9.93386
11.1167
12.66
13.5828
10.9501
13.2735
12.7046
13.6147
10.2469
14.4398
13.829
10.8955
11.1172
7.34729
7.38804
7.28338
8.82858
8.61862
13.5488
9.98292
11.2492
12.9774
13.5211
9.78183
10.3549
13.9283
9.72319
8.42892
12.1509
9.33896
6.38964
10.0371
9.85039
11.9194
11.6513
12.7997
5.65096
13.201
6.44415
10.4533
11.0297
13.2422
14.9962
10.185
13.4403
11.12
8.17737
13.4997
14.6015
11.0472
14.9486
14.9967
10.3686
11.4119
12.6606
14.7023
14.1557
12.3739
14.9417
8.44603
5.00334
14.7438
12.9248
14.5355
14.2283
14.6636
13.7383
8.40679
12.9801
8.44871
5.40123
11.8389
11.7431
14.6698
12.1545
11.0284
11.3206
13.0168
12.6357
6.04866
10.58
13.9799
13.2994
7.3377
8.98411
10.9309
14.6805
9.10839
14.7631
11.3292
14.5999
14.7355
13.8716
12.3596
12.9504
11.1541
9.36609
8.3531
9.75728
13.5653
6.93801
6.01496
12.022
11.2633
8.14369
8.17159
7.64385
13.1951
5.65053
14.2766
8.51088
9.44359
8.37875
10.4908
10.2877
10.7414
14.8615
9.01961
9.54914
14.969
10.5263
11.0092
6.04247
10.481
7.19795
14.5062
14.3509
14.5348
12.9917
11.6587
13.9599
11.6835
11.8441
11.625
13.1726
10.2009
12.2085
9.35486
13.7734
13.948
8.20935
14.7248
10.7345
14.3048
14.2352
10.3568
14.3885
14.1815
11.0591
14.1102
11.1513
9.54068
9.49786
11.2771
13.895
12.5527
13.9973
9.92594
7.30957
6.59499
14.3811
14.4432
13.2872
8.56245
10.2021
12.6808
8.90377
11.8889
12.4176
10.5518
14.0367
12.3227
14.8658
12.4439
10.663
11.6751
7.56066
10.3049
8.78634
8.0693
9.9916
13.0556
9.02107
11.1569
14.6769
11.7915
12.8408
14.6906
9.75111
8.60315
13.4701
12.0809
9.64513
12.293
7.75414
10.7024
11.7172
3.41331
5.94586
10.212
13.3276
13.7158
14.1282
14.6582
8.36223
14.9908
12.3239
14.2758
5.61757
8.11418
8.17758
14.6548
8.90781
14.3057
11.2732
7.64894
13.6917
11.3507
13.9856
7.81955
13.2689
7.13928
9.23167
9.00549
13.4909
14.2374
14.6472
9.81474
11.1189
10.8891
14.9429
14.727
12.8349
11.7693
8.89721
9.38818
4.31542
10.2313
10.1091
13.7198
4.59518
12.3226
8.39887
8.67717
11.7918
12.9291
11.2318
6.52452
14.7788
12.1899
14.4532
13.2793
13.5869
14.0205
14.4863
12.4621
13.7435
10.1902
14.7287
11.8043
9.18208
12.7748
14.1897
9.78563
12.2336
10.1852
9.65823
10.8902
8.45766
9.51058
9.93953
10.891
11.538
14.4162
10.3812
14.642
10.8323
14.0911
5.93688
12.3009
13.7117
12.845
9.08561
11.4737
13.2238
13.8398
13.7719
7.20789
13.2315
14.4604
8.30134
11.8271
12.4605
13.632
10.8252
6.36281
7.90981
11.9179
6.2789
11.3431
11.1083
11.2379
10.5526
13.3876
6.92641
9.91656
14.7687
9.20152
14.7896
6.65637
13.9356
10.6794
12.7373
14.1508
10.3448
11.4424
12.4003
11.5376
10.5235
10.7338
14.6385
11.9706
10.1413
13.574
13.1701
5.38239
11.3854
13.3817
10.5912
7.4268
12.6137
7.22946
13.2073
12.4268
9.34853
10.1536
14.0933
11.1783
11.7089
12.5443
7.07792
6.58395
10.059
12.7039
12.977
10.432
7.13428
12.5655
13.4332
9.49736
9.80473
11.3991
8.26567
11.3634
11.5331
13.0491
11.3957
12.909
3.86861
12.8249
11.4712
12.7634
10.7588
13.9089
10.5624
14.8199
8.96528
12.6838
12.8947
11.3783
12.8063
9.44744
5.71485
12.0105
13.9768
9.87017
7.69537
10.0437
14.0887
10.4144
9.01511
13.9166
11.9226
13.0052
11.5651
14.0294
12.6824
12.0741
10.649
9.10383
10.3291
13.1778
11.0992
9.26285
13.1189
9.47606
12.7041
8.43539
4.9344
11.67
12.2285
13.5319
5.87086
14.6742
12.7667
9.54879
12.3855
4.32689
11.6989
8.23384
14.1897
10.21
9.80949
7.50859
11.6695
11.1181
14.7362
11.8604
12.9225
10.6883
11.4462
14.1603
11.1669
13.4818
11.9199
14.1019
13.4595
12.783
10.2328
9.72173
13.8318
12.9627
11.7675
11.5419
8.83213
9.74007
14.1532
9.50831
11.4428
7.26745
11.4923
14.0891
13.2729
12.1045
10.8052
5.52584
13.3433
10.101
10.7575
10.4247
13.1
9.24922
12.0081
10.5696
14.8026
14.6896
6.08171
13.463
6.33598
14.9161
8.30161
11.4934
14.7862
11.8124
13.6796
14.4811
5.83545
11.5719
12.6465
13.3792
14.9288
10.8053
14.0327
14.4449
14.5086
11.2101
9.86463
13.6727
11.6069
12.2833
12.0767
14.2128
10.9889
7.11518
6.5112
10.5004
8.95211
13.594
11.1894
13.283
14.0583
11.6066
7.38804
14.3414
7.80792
10.6905
14.2005
8.92416
8.50451
14.0734
13.2438
11.8011
13.3778
12.6318
13.0313
12.7076
9.28887
11.7098
12.6307
11.2522
8.95753
12.0194
13.7634
14.7332
14.5719
11.0615
10.3994
9.83186
13.3858
9.23628
12.8021
6.34029
9.80758
9.7845
10.0074
8.12539
10.3225
13.2044
11.8234
14.634
13.194
11.8147
13.9743
11.3838
14.5939
13.0384
11.9346
12.7638
9.78646
7.84601
14.1359
12.2383
9.62046
11.6637
10.816
11.7607
8.45809
14.2263
10.3883
12.0401
11.3415
10.9548
13.858
11.8655
13.764
10.22
8.57121
8.74011
13.156
10.6498
12.8921
13.8773
8.79995
6.72395
13.2594
14.1517
9.46822
10.8845
12.2122
12.9179
10.0545
8.1392
12.1379
11.5385
6.30317
8.49162
9.90757
12.8776
11.3348
11.3305
13.9043
10.0153
12.8277
7.4103
11.4573
13.7882
9.42788
9.69929
6.15851
14.2983
10.6881
14.9302
11.4392
14.7799
12.0592
14.0899
13.6116
8.27493
14.564
12.3075
12.3977
11.2639
10.4592
6.4605
12.6183
13.2411
11.6617
9.93557
9.37759
8.5295
14.069
14.2824
8.49195
14.125
10.2674
8.34419
8.68297
7.426
11.8143
14.3488
12.5309
14.5125
9.03491
10.4663
10.5713
10.8834
14.0765
10.6281
14.9638
14.0803
12.4782
9.9676
13.2692
9.69423
10.7784
12.1073
9.74245
9.26239
11.0734
12.075
10.1463
10.9952
4.1857
8.39821
12.4499
12.6641
10.1203
7.09215
9.84029
12.2501
10.4057
14.3041
12.2846
4.77933
12.5825
14.9117
9.54677
10.2774
4.56584
9.68778
8.61497
13.5924
11.5344
14.2913
7.59438
12.7477
5.44855
14.5154
6.5516
12.6326
14.2738
14.4118
10.1865
13.4466
12.7057
11.6873
10.7247
11.9202
7.84758
12.8891
12.891
14.2852
7.70546
8.87401
13.2633
12.6573
10.1502
14.9854
14.3913
13.9325
14.7111
11.4123
8.37088
9.85753
11.7276
11.1356
5.91931
14.891
11.9546
12.2481
12.9224
12.5916
12.7616
8.38318
10.4955
10.8493
14.6233
12.3594
10.2388
5.06187
14.7495
10.8695
8.15917
13.8369
10.8108
12.5611
10.3846
10.4581
12.3204
13.8125
10.0649
12.3094
14.2617
10.8605
10.1232
10.5178
13.4667
8.65628
11.0849
9.30565
11.2232
10.1971
12.7198
11.9226
12.2754
8.75977
13.5392
13.1905
14.5279
8.99087
4.88643
9.12202
6.70826
8.75651
9.77959
5.61326
12.4607
7.41148
11.1885
11.6194
14.0506
12.0248
7.01114
11.3766
12.7643
9.52687
11.0251
8.02419
10.8751
5.83084
12.4679
12.4818
14.9019
14.793
13.5665
14.541
6.53277
9.10459
10.768
9.98378
12.4783
13.5824
13.9413
10.2527
9.76372
10.6588
9.63438
10.4853
12.7833
12.9744
13.966
13.6976
9.841
12.1134
12.6816
9.96928
8.95313
9.27723
8.44996
7.55902
9.07363
13.8693
11.3519
12.5928
14.3086
9.28055
8.34266
10.8017
12.6685
11.3683
12.631
13.3448
8.87855
13.1858
13.8536
10.591
10.0406
10.3848
8.82303
12.7889
13.7026
14.0077
10.2864
14.7781
5.42266
13.4333
12.8931
9.68487
11.0448
5.96469
11.6873
9.53078
6.78157
7.63785
7.07048
14.6133
14.5028
5.63751
13.2638
5.26227
9.07258
11.2814
13.8588
10.1709
10.9828
13.373
12.9705
9.68065
7.0138
10.4156
11.0271
12.3193
13.9715
8.39996
9.90618
14.5391
9.90061
9.53633
9.93599
6.50603
13.1736
12.6165
11.296
7.10915
11.5899
14.6695
9.38455
11.6192
14.208
10.9626
13.5752
9.99687
13.9062
14.6526
14.8705
14.9653
8.27582
7.3085
7.27204
12.3066
9.07684
4.84224
14.4781
8.65915
12.1364
10.652
4.33237
9.81073
7.26852
12.8906
3.95867
12.2971
14.405
10.9164
10.2867
12.9413
14.3623
9.02823
9.94011
10.8982
14.184
9.93123
10.3264
9.4906
7.62052
8.44027
14.4785
13.2471
11.2271
9.14189
7.57943
13.8693
8.2536
14.5287
14.961
14.407
13.1814
13.8392
13.4171
14.9432
10.6705
7.97346
9.958
11.7139
10.6755
14.1807
14.9194
9.19758
10.9982
12.3984
10.274
9.63466
5.41036
8.23229
5.362
12.3344
12.0902
13.0714
13.5555
10.5304
14.5015
11.572
13.752
10.5217
8.58882
13.4668
13.4253
9.91099
10.4853
8.97409
9.57701
10.7955
7.85253
13.2984
8.78848
9.42806
14.7527
13.7518
11.0245
11.4049
13.3743
7.11465
14.0308
12.3168
13.7815
14.0729
12.5818
11.2023
11.3736
9.88741
8.08999
11.2512
14.3282
10.4452
7.63935
10.0128
8.13731
13.0387
12.6796
11.5335
14.0949
10.9795
6.70128
8.73921
14.4887
11.2771
10.9257
11.3457
9.73716
12.8046
8.02999
14.7296
6.76005
11.4082
3.84893
8.4891
6.0246
8.77093
13.4371
10.5109
14.0412
9.65182
14.3983
12.2452
10.5922
11.9373
5.74369
6.70403
9.25077
14.1667
8.58601
10.9683
12.2638
9.73534
9.04322
12.9279
14.9673
11.7232
13.0979
11.0493
12.5762
11.3843
6.43511
11.2459
10.9905
7.84475
9.3629
13.9483
7.30239
11.2351
9.64495
13.167
11.2801
5.64791
12.035
10.4065
13.2937
8.62713
7.22474
9.40125
14.5684
11.5076
12.9033
10.3252
10.7972
11.662
12.7276
13.5351
13.1123
12.7646
12.5702
9.94017
6.92344
8.92009
12.8904
13.0296
13.4585
12.2448
12.6869
11.8241
11.081
8.63365
9.74202
12.3796
12.123
7.79347
14.9389
7.99598
8.68699
11.5894
7.53822
9.32115
14.8429
11.4042
10.6118
14.4011
13.6544
5.37602
11.9225
13.0461
9.2829
12.9266
7.4452
13.5481
14.6889
13.0126
13.6462
14.2974
5.85898
11.0851
6.75472
11.856
14.9513
14.2405
8.21748
10.287
8.03667
14.7364
13.8506
12.6237
10.0924
11.216
10.2999
12.5767
10.3542
11.1874
13.4086
10.9452
11.0486
13.0532
9.68355
7.56364
14.8829
10.4342
11.8795
9.22914
11.3227
13.6418
13.7251
14.3882
12.1453
14.1277
11.1488
10.3212
10.3622
8.4584
10.1504
12.6846
12.9648
9.934
7.14998
13.5279
14.3693
14.7577
14.9723
10.4522
13.7768
9.20474
14.8461
11.7071
8.0399
14.7839
13.6703
10.0313
13.3989
11.0852
12.799
8.47287
14.7689
13.6628
12.625
14.0625
10.0607
9.73909
14.0559
11.5972
12.4902
13.8898
10.7097
13.9722
4.91589
13.5042
14.1072
8.28324
13.9854
9.48724
13.6354
13.3934
14.2035
8.25941
11.2686
11.8014
13.2345
14.4779
13.9406
13.8743
10.4868
8.98715
13.1108
12.3705
12.877
11.6166
14.6187
12.7573
12.4944
11.7755
7.03679
10.9775
11.1767
9.81624
12.7217
7.36601
7.57977
10.9372
8.47676
10.4829
12.4158
12.2812
14.5548
13.6835
13.5823
9.31335
9.82375
11.9918
14.4674
12.6156
8.68022
8.83831
9.5767
5.80878
6.18534
7.7559
8.82231
11.8264
14.6888
13.1807
13.1778
9.24085
8.51918
14.8672
8.40033
12.8791
12.3999
13.2145
12.5039
10.3254
14.1982
11.3866
9.25369
8.73868
12.4621
10.3999
10.4213
9.4103
12.7596
4.88483
8.1258
12.2032
10.6456
5.38418
7.83969
6.25546
11.3373
13.8541
14.7877
14.7067
14.7303
13.2953
11.9225
6.90991
4.67749
6.43473
6.53716
13.3614
12.1018
12.4215
8.41215
13.9647
9.87291
8.53891
9.92885
14.8048
14.2465
10.3528
11.1035
8.89672
7.10967
9.72135
11.9229
13.9843
13.7564
12.4355
9.34061
10.7922
11.175
14.1859
12.6317
8.28478
13.4977
7.1668
4.33296
9.56401
14.6822
13.6676
8.73771
14.2721
11.3812
13.3702
6.2882
9.58586
10.9795
13.8381
13.031
8.59052
10.6877
12.1269
10.7081
10.0313
11.6529
12.3158
10.3941
13.2563
9.66037
12.6561
14.5285
11.1242
10.7497
13.2875
11.5244
10.4531
9.25311
12.607
7.21607
13.2102
14.1528
8.08169
14.1033
6.20522
14.6479
8.47971
14.9281
13.4986
8.75635
14.0536
11.5544
14.1043
13.4597
10.227
9.32977
13.813
7.91523
14.2591
13.8566
6.0978
11.1802
13.7415
13.5955
5.99445
13.9401
10.3799
13.015
9.55921
12.4165
12.7781
13.9849
9.10434
11.6007
11.9062
5.09623
8.34088
11.338
10.9597
11.1451
8.48883
10.4086
14.7022
10.3395
6.80272
14.093
10.2252
5.92596
11.1051
7.75245
9.15891
10.7533
14.1463
11.0769
14.1481
11.968
14.2267
14.0442
6.39764
10.1286
5.83912
12.9448
9.97402
9.51306
7.19641
14.3912
10.6064
14.8771
7.36789
10.6347
13.5053
13.8964
7.70576
11.1923
13.795
12.8889
11.5323
14.1319
8.26182
9.89533
9.86498
11.5469
11.2372
9.1663
13.3111
8.34736
13.5261
13.7831
11.8574
7.8487
10.1957
13.3761
6.10494
10.252
9.00715
14.1925
7.50765
11.143
14.0385
14.3118
12.9488
12.5139
6.01161
9.30418
7.23203
14.2906
13.4997
10.502
10.942
9.79119
8.30527
4.31733
11.4768
9.2886
13.6304
6.52886
9.76497
14.1194
13.1807
13.2832
13.8491
6.30087
14.7121
9.73397
9.6305
12.3861
10.5831
10.9729
10.5442
12.0194
13.3198
8.20972
12.9842
11.1821
11.3204
14.9997
14.3954
14.7554
14.3247
13.5401
14.7236
12.2239
11.883
8.08163
8.26055
14.552
14.0634
13.5163
9.05721
12.6645
10.86
10.2453
12.4941
9.88474
5.77104
12.5428
7.40948
6.4575
9.69192
6.50539
13.8197
13.8564
6.66359
13.8826
13.7823
11.5245
10.6508
14.6345
13.4343
5.57411
6.33461
10.7178
11.7963
6.87967
12.923
9.37657
12.6117
11.1187
4.60353
14.6721
10.8395
5.69277
11.6903
9.29507
9.85122
10.9613
14.9668
7.3836
13.28
14.821
13.3359
5.81761
7.95612
7.66587
10.4824
12.9727
9.88923
14.5758
9.44964
12.4494
8.9958
14.2391
12.0219
14.9388
14.2006
9.3634
14.809
13.2299
9.59737
7.44065
5.40912
12.5272
11.8451
14.8755
8.15593
14.5135
11.8501
9.6403
10.1837
14.7149
9.99336
4.25086
9.04683
8.35296
11.7295
9.79381
14.1529
6.32562
12.0115
13.9746
8.51091
14.7266
12.2092
13.6132
14.0329
14.2159
11.9533
14.2476
9.60626
8.33667
14.381
14.4901
13.1127
11.7074
13.4001
13.0996
6.47609
11.9537
14.1942
13.5401
13.1756
13.2171
14.1441
9.38433
12.174
14.6741
14.4663
14.0148
13.7482
9.02822
13.8705
9.67935
6.10086
10.7581
6.4606
7.43292
8.23114
12.6255
9.49342
9.67002
9.05195
9.12408
12.7356
9.55159
13.2846
12.2828
10.3313
9.4601
12.6895
13.8518
10.0259
13.2766
11.4798
10.8729
10.9244
10.4147
14.9924
12.3263
11.793
9.45863
9.84573
8.99967
8.60164
7.92122
12.7985
11.0719
8.21801
12.2943
14.3518
12.4809
13.6885
14.0796
11.4468
14.3545
11.7072
12.4182
10.9821
12.6977
10.3926
10.0216
9.42236
8.91232
9.96454
10.2502
10.3622
4.06578
13.9417
11.2086
8.8824
14.3132
14.7832
13.678
13.5898
13.5786
9.04115
9.54269
8.6547
14.3582
12.3128
7.8762
6.12009
4.88731
8.12348
12.9379
10.4673
10.1829
9.69268
8.07872
8.23537
12.0128
8.11077
8.15819
11.8239
7.79648
13.128
14.9565
10.1639
11.5844
14.7411
11.5369
11.4918
9.93909
12.7044
9.33797
14.1269
5.78621
13.012
12.9471
9.97381
10.7246
12.5054
11.5216
14.518
11.776
10.502
12.1483
10.866
8.57422
9.41247
11.9259
10.7934
13.6533
14.8619
12.4356
9.23987
9.90166
12.8311
8.71897
13.1061
6.77525
5.54828
9.26165
11.5933
11.8456
12.3493
9.53921
9.50775
13.6533
9.95271
13.3992
7.304
11.3368
11.1814
12.4524
9.00292
7.02346
12.9308
14.636
10.8752
6.28468
7.90609
8.45825
8.54331
9.89346
8.1336
14.7131
11.8866
8.91518
9.89069
14.6476
7.66581
12.5813
13.3159
9.99127
10.5606
5.32901
8.47758
10.5713
10.0584
9.61997
12.8795
9.49919
12.4517
9.28044
14.3395
12.7544
11.1414
12.9944
14.6297
12.111
9.05917
11.0042
6.96113
7.68036
9.63003
11.306
13.9958
10.0186
11.4931
9.00586
7.31691
13.664
10.1758
7.50545
14.5718
13.8221
13.7345
13.5283
12.9044
13.5456
12.9317
12.5518
9.5257
13.3335
13.2035
14.9616
9.7967
6.26825
7.89439
14.4943
13.5366
10.5903
14.6763
9.00854
14.444
10.9503
6.48479
11.1943
14.7152
13.3977
14.7251
14.07
10.4642
11.7751
14.0563
10.1284
10.3969
12.1133
14.7008
11.2268
12.5491
10.1476
11.1372
11.1892
10.9849
13.8887
12.8996
5.28546
6.13444
12.2905
13.9057
12.8775
7.45468
10.9414
13.4022
7.9949
10.6173
12.9399
13.6095
13.5583
12.6187
8.52998
13.1537
7.16978
7.29905
9.57588
14.4818
11.0596
8.57941
8.66463
10.7656
6.02105
14.4114
13.6586
8.01674
14.3559
10.795
9.62803
12.0008
8.76607
13.5037
11.5196
10.519
9.48994
13.8274
10.6497
11.2338
14.3596
14.8834
6.67495
8.57457
12.2007
5.6794
11.9685
9.71571
14.7501
13.5697
12.8083
13.953
13.738
11.1232
14.254
13.0902
11.5195
11.2329
10.4906
7.64466
7.11451
13.1839
14.3337
13.0718
9.03868
13.1568
13.9348
12.6553
14.0042
13.0751
12.5161
13.2
8.80446
13.9338
6.88107
9.50288
14.1528
10.3811
14.7222
12.8117
12.7966
11.64
10.7341
8.29513
12.4712
11.2664
10.2911
7.784
12.9024
11.7043
10.9572
6.53603
14.5231
13.0078
4.35201
11.901
9.40443
14.618
10.5185
14.8986
11.525
12.8767
8.62524
10.7984
10.2336
13.2089
11.9567
12.6434
12.7275
11.6625
10.4506
13.0221
10.7777
13.0223
10.6114
10.4066
11.3425
8.65431
7.09824
4.01594
12.3065
14.921
9.78419
12.8676
11.67
9.9255
8.01807
13.9944
9.2751
10.4064
13.4536
9.56933
13.4783
7.74492
12.327
9.39979
14.5137
9.45998
9.68444
4.21457
8.59022
13.369
8.32538
9.20427
11.97
12.7118
13.5737
6.69332
10.1348
12.5243
14.9641
8.71175
13.8843
13.795
12.7771
10.9347
14.8192
13.6865
9.17924
13.4395
10.6045
5.89066
8.40122
4.84646
6.46166
10.8517
14.618
11.5017
12.6868
8.47269
7.72496
12.5877
12.5415
9.99726
12.3653
14.1179
12.3821
14.0322
9.37132
12.3659
5.38814
8.49895
13.8456
14.5717
7.19145
14.9926
9.28187
10.8073
13.5798
14.3437
12.1418
9.92846
11.0433
12.1928
12.5946
10.8864
13.2946
6.45398
11.9031
7.58247
12.2293
5.36318
8.47939
6.0868
13.2197
13.7853
14.9094
14.4951
13.2468
7.46719
9.59087
9.39223
14.9781
5.21965
10.1216
6.41802
9.99407
13.0908
13.035
10.5322
13.5151
8.2913
9.34773
12.7606
11.4448
14.8093
12.3608
10.9653
12.267
13.9367
12.1387
8.49559
10.4141
10.7224
11.7486
5.30122
8.04162
8.55505
12.0678
11.4989
12.791
14.1227
11.7947
8.834
14.3819
10.787
13.8367
11.2905
14.6133
14.8135
12.6595
10.1072
13.0012
14.3528
14.0117
9.19586
12.9877
11.1472
12.5901
12.1812
14.4633
8.43219
11.2527
8.20265
8.70455
13.4846
9.95225
11.4433
10.057
9.49583
11.9061
12.0894
10.4706
14.4682
12.4814
9.6308
10.2947
9.93844
7.5649
7.82181
6.84429
11.0981
8.68031
12.0714
12.2114
10.5315
14.8046
11.8934
11.8583
8.41398
7.8254
11.4109
4.67562
12.6944
14.1535
13.6629
13.9786
8.61849
14.9913
10.4265
10.5975
5.96735
6.29635
9.42985
13.1993
13.0938
13.1703
14.7309
9.09464
14.5335
12.5097
11.7817
13.524
11.6654
12.5871
10.9639
14.7002
9.73889
14.8472
10.3689
8.95313
8.39693
10.0984
10.7793
10.1397
6.75588
14.7243
9.8771
13.8657
11.5008
8.48031
9.1674
11.7348
9.01701
12.3726
12.4589
12.6837
9.81533
8.77069
6.99732
12.6432
9.09098
5.26189
10.8721
12.0844
9.62387
14.4919
10.2513
6.77341
9.95701
10.7267
13.8101
11.0972
11.009
11.1315
8.36047
13.7454
8.80027
8.13122
14.9207
11.5613
7.06468
13.6498
14.7618
6.30188
13.4959
11.4467
8.69025
13.7019
11.1114
11.1815
11.9924
8.68425
14.3742
9.50327
10.9843
9.87456
11.9613
10.8143
5.56609
12.0218
14.8227
14.0926
9.91591
10.5289
7.00232
10.1528
11.4784
8.67293
11.3597
7.04408
5.96561
11.926
10.5396
13.6641
6.60396
14.3534
12.5597
8.5794
10.05
11.9665
14.2247
10.6184
7.8277
11.6684
12.1468
13.3576
12.6819
14.2488
6.60961
7.40881
14.4516
11.2111
8.97917
10.0438
11.2879
9.61321
14.176
13.1695
9.51164
10.5162
13.32
8.61687
9.49124
10.9628
10.0926
14.2195
12.2078
11.6447
13.5506
6.31144
13.5459
11.4517
12.5937
8.72756
11.1859
5.81103
4.92696
13.0067
8.34794
10.7251
6.99447
9.92409
14.8261
13.2393
5.68966
12.3998
10.8563
13.7159
12.3435
14.4566
11.4172
9.56706
14.3397
10.3734
12.1092
12.2462
14.6759
11.6747
10.2275
14.939
12.1418
13.1782
8.13247
12.3494
12.3849
9.85731
4.15353
11.9994
12.1703
12.8448
11.4996
14.4365
10.442
14.1799
14.8462
5.84008
14.6823
9.35935
9.39381
10.2511
14.8156
10.7998
14.4633
12.1857
10.055
14.7681
10.7073
14.2715
8.30738
10.877
8.84761
10.9567
14.2881
4.30772
6.68176
14.5066
14.3429
8.45212
9.05399
10.934
11.3163
11.5313
12.0627
13.3945
14.3666
8.13911
11.6567
14.2133
12.8292
8.57342
9.32003
10.1807
12.3467
10.0667
8.4014
13.1345
6.30681
12.3047
10.99
14.5988
13.2863
14.1494
14.8891
12.0309
14.9292
13.3443
13.7057
13.0487
13.7755
13.1595
13.0011
6.32295
14.6318
15
10.4374
10.286
9.45796
14.723
11.6142
6.74109
11.5352
12.9778
12.8571
7.13974
8.28331
14.2484
8.52936
13.6792
5.38057
6.22905
6.50669
12.5599
5.77971
5.37042
11.0868
11.1977
14.7232
13.3033
12.8458
14.6616
14.1547
13.6745
10.5347
8.51319
13.8311
14.3457
14.8765
9.51705
11.9447
5.48021
4.45305
12.1201
9.39253
11.5589
11.7052
9.28861
14.3647
8.50089
9.53722
9.90101
12.0534
10.5774
10.8651
14.5974
6.39573
9.14957
12.8296
12.0723
4.83549
11.4597
12.8796
14.2725
10.2312
8.85808
11.9018
12.271
14.5544
9.36254
14.9435
14.3064
9.89035
10.6683
10.5156
11.6373
7.68662
12.841
13.7618
10.7594
7.90469
13.7956
12.121
11.1276
7.07459
14.0896
13.7906
14.2445
4.47237
7.80178
11.0399
14.4337
14.2053
10.0092
10.1177
14.3012
14.3938
8.55113
8.22389
12.7967
12.047
8.76665
13.0364
14.0693
13.6517
10.2219
9.71263
4.20773
13.038
14.4792
13.647
9.28402
10.8207
12.6851
14.7625
4.41318
5.54846
14.0491
6.35126
11.8596
11.3456
13.6684
11.4632
12.9389
6.59254
10.1919
8.86183
6.29411
9.63552
13.5972
6.33051
14.9771
8.29238
14.122
10.6758
13.8946
10.5594
10.9173
11.4493
14.9965
4.48277
9.63568
10.482
12.051
14.7103
10.8658
7.43934
7.84977
10.7127
12.9297
11.8926
10.7133
8.01132
9.90618
13.8398
10.9543
14.6413
8.82041
13.939
13.7119
10.6215
14.1847
8.45268
8.13118
8.60563
13.9981
14.8999
12.4489
14.2319
11.5854
13.1789
13.3404
13.3867
8.12885
11.6596
9.62274
9.12198
12.9229
12.4838
13.7271
14.6171
10.8504
9.48094
12.307
13.8687
12.7102
13.7429
11.9959
13.7336
13.0604
10.1194
14.6205
12.062
10.2911
14.9716
13.2124
12.5074
13.5847
13.4758
14.7889
13.382
13.2997
10.3805
14.5896
9.70298
11.0046
9.77378
13.3767
8.83605
11.6346
14.9432
13.4789
10.0653
10.659
11.6242
13.3767
14.9847
11.1877
9.79544
11.2569
4.85671
6.71368
10.4424
8.85153
8.70093
11.2943
10.9826
12.4198
11.2396
11.4661
9.69594
14.3553
14.3582
9.6052
10.9345
8.83451
11.3638
9.45615
8.65333
9.47366
11.7096
11.9364
14.9787
9.41428
12.6733
10.3572
7.68759
10.3271
14.5666
5.47905
11.4226
10.4216
12.3816
8.99344
13.5323
10.8199
14.1749
14.3992
13.4006
12.1147
7.55983
10.5158
5.6627
7.43733
13.2572
8.15154
7.61756
12.925
10.2231
8.15058
13.7369
9.80537
12.9199
6.79244
14.2722
11.3476
10.0875
8.64225
8.66374
7.87456
8.79628
8.79522
11.5184
8.26929
11.0917
13.9813
13.8263
12.8679
13.493
9.96509
9.95436
9.32524
13.7822
10.4556
11.9749
11.6609
8.52187
12.5712
12.7413
8.92477
9.58962
6.8471
10.4092
8.49983
13.6675
14.6904
13.3963
10.2134
14.5714
11.4141
12.7417
11.704
12.1515
10.2596
9.74168
12.7959
8.09154
7.11828
10.3811
13.7467
14.8366
12.4884
5.89539
7.52359
12.9804
12.3772
9.17923
12.8306
12.7864
7.69332
9.41233
9.30746
14.325
13.7077
11.964
10.1551
14.8288
12.3103
13.9969
6.39913
11.9963
10.6923
9.05706
8.94029
13.4587
13.7862
4.0647
11.2838
11.8066
12.4781
14.7992
6.40064
9.69169
10.7986
10.1388
9.17349
4.87992
11.6459
14.6286
9.78735
4.30289
6.33255
12.7615
13.6728
12.0424
11.9436
6.185
9.53162
11.3466
10.5521
11.6868
11.7419
14.5156
9.9759
14.5399
10.0435
8.61974
7.4484
10.2677
14.1624
13.9001
14.5301
9.18602
10.129
12.3079
10.0547
13.271
10.1297
11.9939
11.9165
9.75087
11.6356
11.6411
6.75078
12.5039
12.2113
4.16856
12.2307
14.1114
10.0376
9.26264
9.408
5.34508
14.7113
12.5783
14.6227
14.1375
14.1627
12.7953
9.73473
7.16413
9.31937
9.90433
9.82053
14.3496
14.7167
14.541
9.79929
10.8241
9.02725
10.6222
13.8661
14.3186
11.1809
11.6982
12.9646
10.7033
6.71763
13.5267
14.0123
13.2832
11.0846
10.6231
13.3778
8.79573
8.00989
8.00602
8.51333
13.3998
12.5246
12.0914
12.8642
7.77454
14.4667
14.5263
10.6315
12.9904
14.0505
10.0858
14.4974
14.2175
13.4054
13.6945
9.5886
10.0676
13.7958
12.2029
9.7184
6.62412
10.5566
10.2887
14.2952
12.3911
12.607
10.4369
14.2085
10.5725
6.44972
8.20342
12.4906
7.86124
13.5465
13.2566
13.1676
10.9527
13.5775
11.4327
11.2798
13.2846
5.56161
13.3993
13.0623
11.026
14.8366
14.4771
10.3402
10.9997
13.6756
9.03578
10.5862
8.18966
13.8609
11.6384
13.7236
12.2683
5.52811
9.57099
13.2326
11.5651
14.5618
10.9322
13.1941
14.851
10.9768
14.775
5.29309
13.0574
14.2528
11.6952
12.1911
6.4092
12.2559
9.87747
13.7153
13.5865
14.3792
10.2625
8.68338
12.2025
14.412
10.3891
11.167
13.038
12.1066
8.74823
14.4186
13.5024
12.0592
5.40366
9.8905
13.5007
5.3114
13.9695
12.1132
12.3305
14.1313
14.9678
14.851
14.0798
11.015
7.32688
6.82107
11.4202
12.2881
7.3527
4.95459
14.6734
11.5603
8.97968
10.6205
13.873
13.9295
14.2085
7.26162
10.4113
14.8405
7.49659
13.0359
4.31867
14.7569
6.53898
11.0392
5.51844
12.6012
12.947
11.2436
13.9945
13.3807
10.9995
9.10509
7.84547
9.78033
10.4214
13.1035
13.2562
12.744
13.7674
10.6738
10.3272
13.0529
8.21488
9.1178
8.41686
8.92341
8.77055
7.14758
8.01758
11.6152
10.1051
9.32041
10.6273
12.134
14.2201
6.3294
14.9375
12.9919
13.6953
12.5384
8.90531
11.9383
8.0582
4.62983
12.4337
13.5015
14.3569
14.364
10.8417
10.7797
14.6182
8.98614
14.3798
6.02504
13.4885
5.04118
12.4106
13.7564
10.1712
10.0618
11.1173
11.6284
12.4877
13.1906
4.37275
12.7446
6.42222
10.3158
10.9078
14.6086
11.918
13.9398
12.0807
10.0353
14.9009
10.2643
5.48482
6.19262
12.7051
10.5987
12.9462
13.9812
4.27034
9.50893
9.45467
8.59053
12.507
9.83551
11.7642
9.39303
9.33995
7.3185
11.9244
10.5257
8.64197
5.80924
10.3351
11.1511
8.39568
11.6892
14.8958
4.94823
10.1107
12.8542
14.4773
13.9809
13.1198
14.9752
14.3252
8.83403
13.1741
14.636
14.0209
11.7254
14.2458
9.13598
7.01099
9.51645
10.0303
10.7139
9.82093
6.39143
6.04578
11.432
9.99845
12.1241
5.43484
13.9738
14.8983
11.6333
4.15747
12.3153
10.0297
13.3349
11.8972
10.8789
10.0956
14.8444
6.19082
4.60182
10.0262
9.44363
12.1821
12.9055
12.1129
9.26185
12.9449
9.89633
9.55757
10.3891
10.6949
5.86788
14.2428
14.7469
7.66497
11.8363
4.27244
9.9189
13.5111
14.9995
13.4761
8.61883
9.28706
10.4654
14.8784
11.2584
12.464
12.8057
10.4334
12.2215
11.7278
9.79885
13.0695
11.4116
5.38848
4.13712
9.94085
13.224
10.9222
12.746
13.7658
10.7016
8.45282
13.9657
13.8197
12.6037
10.8823
11.898
8.94972
14.9361
11.4366
9.17219
7.76518
14.2361
11.1095
14.3881
10.4981
14.1287
13.3138
12.1734
13.4679
4.59042
12.6937
10.2325
14.4252
13.2331
14.8569
13.4574
13.0593
13.1935
9.7409
14.578
14.4096
13.6628
9.0515
13.9898
8.90162
10.9514
13.4304
12.1473
12.0209
14.1867
12.8947
5.98895
7.39479
13.3678
10.1627
8.61996
9.31456
10.6897
14.3162
12.3286
11.3976
12.7047
9.90288
9.42682
6.89923
9.24461
12.211
13.1378
14.1199
13.6245
10.6637
12.0565
14.7909
14.2278
8.76747
12.2033
10.804
12.7687
12.4085
12.3969
10.5528
8.74439
13.6703
4.25514
14.7722
13.9205
11.8734
12.2058
14.1171
13.6634
6.7289
9.35913
10.8507
10.5971
6.83531
12.8385
10.8017
13.8879
9.46001
10.7427
13.3162
9.18296
11.5925
11.5885
8.51761
13.39
4.58242
13.4476
7.67748
14.6405
8.86258
11.7683
11.877
12.4781
12.1598
13.5918
13.6703
13.3804
10.2627
12.7675
12.599
12.0153
9.61186
11.5374
12.1352
11.3738
13.1336
9.11436
12.2235
9.56514
8.86496
6.18625
9.39164
9.8875
8.17971
11.7424
8.68886
9.08173
11.9084
13.6628
9.991
10.0846
6.14986
14.1495
11.0621
13.6749
14.6875
12.4464
11.0435
7.5288
9.14235
14.0939
14.2858
14.5751
11.4426
10.8833
8.4715
13.1292
6.33913
10.6364
12.5774
5.7075
4.27945
10.4443
9.49875
7.44614
9.85091
9.68764
12.2276
7.40818
10.4896
14.6764
13.7578
12.2649
8.33538
13.5717
12.3289
13.1591
8.48993
9.52067
9.16322
12.86
10.2634
11.8471
11.7405
11.6299
13.2644
11.7197
13.7492
10.1759
14.3803
4.24495
6.3434
14.2455
14.057
14.9074
8.18322
14.7367
12.3787
14.6404
13.7294
10.7455
11.3148
8.41923
12.1871
8.50409
8.15035
8.45785
9.1474
6.06255
6.15266
14.933
12.0155
14.5861
13.5472
7.87761
14.6425
9.94652
7.64041
8.73201
9.36071
6.30852
14.2994
14.8308
11.3951
9.2324
12.2183
12.6314
5.98732
9.47324
8.46494
14.2229
14.8491
13.1892
14.689
13.5889
14.8125
12.1532
14.9802
14.4488
14.1453
13.2761
6.78233
8.72203
11.4516
10.047
9.43507
10.6163
12.1276
12.0214
12.4727
9.11229
9.74192
10.1675
13.2959
6.49973
9.89052
12.2528
14.7959
12.8995
10.3619
11.241
13.7794
10.6667
11.9723
7.75199
12.1052
9.84676
11.4487
13.0799
10.4812
10.954
14.2539
12.3406
5.37859
7.8938
8.91776
7.81162
12.1685
11.075
11.6361
10.8507
13.3691
10.6612
14.3875
13.6421
7.63436
11.7163
6.90639
9.709
5.65506
13.3707
4.40113
13.5082
9.52131
13.1208
10.2648
9.75466
13.9623
8.8692
12.1936
10.3455
7.6645
14.7025
10.3517
9.16976
12.9254
9.07213
8.88267
7.88781
11.2767
12.7937
13.4532
12.615
12.8992
8.24032
14.4291
13.441
6.6916
7.8555
11.6122
14.4744
13.123
12.0212
7.48323
10.5772
5.79701
14.8403
7.38658
13.5162
8.51816
7.94278
12.736
11.6747
12.8435
11.352
6.62241
14.7559
11.33
9.59332
12.4157
10.0622
13.1251
10.5667
11.7449
14.8955
10.0584
11.5893
14.8853
13.6334
12.4329
14.2663
7.80932
7.09006
13.1748
10.8097
10.9069
14.5844
14.0573
9.78956
7.86315
8.59936
9.46291
9.14642
8.43249
4.624
12.4259
14.1442
14.8467
10.2687
13.7767
8.10812
8.80345
9.57892
14.1699
8.46819
11.0984
11.935
12.6152
8.61949
12.0142
12.7574
13.3748
13.2987
13.7919
11.2442
14.5425
13.5513
12.7042
8.38609
6.34588
12.3953
6.5988
10.452
13.6503
10.9044
6.71983
7.19756
8.75133
10.847
11.2844
12.1284
13.9669
8.91192
7.75783
12.9145
9.70957
6.74678
10.7122
11.9919
11.8814
14.832
12.8911
12.0464
11.2801
9.99959
14.7994
11.381
8.76682
13.0626
11.4136
10.8318
13.7369
6.50798
10.3709
9.97815
11.3192
10.107
8.94706
13.5992
11.1225
12.8287
14.4929
8.75709
14.7365
6.34844
14.9413
13.6789
12.6847
14.8043
8.11183
13.4359
14.9714
13.2964
9.9536
14.7155
11.2369
9.21993
13.4755
13.4828
8.07945
11.2971
10.9523
12.7903
14.7642
14.3989
13.2967
10.8544
7.22447
6.98415
9.59633
12.3589
7.29765
14.8517
11.7834
14.1159
5.95613
14.6035
8.64989
10.2798
10.4538
14.2024
12.782
12.4055
10.9599
11.5734
13.9141
11.4554
10.4176
13.2966
10.7018
13.1426
9.61075
11.927
10.9457
4.40885
12.4197
13.5165
13.3481
14.3558
8.36677
14.0779
12.842
6.07465
9.13962
8.72426
14.6533
13.6883
10.2988
10.0557
10.9206
9.32258
6.95991
14.5047
8.14536
11.7891
11.8756
9.86748
13.2088
4.93545
11.9447
6.31254
9.60117
8.15545
14.4208
13.2933
11.6859
11.1784
14.7046
14.751
9.77591
12.9032
4.64753
14.6801
9.80155
12.6735
12.9032
11.7267
14.8905
13.9681
13.6907
12.6481
14.956
9.05249
6.23495
12.7116
12.9377
13.0596
14.3328
11.6467
10.7375
10.794
11.2962
14.865
11.705
14.6037
14.0108
14.6091
13.2811
14.4201
11.6698
10.6271
12.4475
13.3474
14.0089
7.69491
6.91955
7.34017
13.1179
14.179
13.2381
5.54914
10.1067
6.13982
14.0322
11.248
12.875
10.2683
12.1176
14.2827
9.43786
10.2578
12.1924
14.0111
12.1928
13.6292
8.2799
13.4371
12.6548
14.5623
12.8929
10.8532
14.6664
7.88315
11.4593
10.627
14.2156
13.9933
11.1232
12.7083
9.18025
8.81084
10.5718
8.9917
11.2184
9.35156
10.4335
12.9901
10.8272
12.4914
11.941
8.80312
12.6161
12.1623
13.2093
7.17347
7.87904
12.8101
9.76172
10.8292
14.7157
6.12701
11.5371
10.6136
13.8924
9.60587
12.3112
7.23662
13.5855
9.95408
12.6373
12.7877
6.29594
12.1783
12.7245
14.5933
11.5233
14.8545
10.1515
8.2524
7.84667
8.84241
11.5657
10.3682
13.4803
12.5949
11.2036
9.6279
11.1134
8.31908
7.39951
14.2242
8.08098
13.4089
13.166
7.29606
13.4162
9.21651
11.7527
5.98201
8.97843
10.4754
14.4979
9.936
5.79873
14.8426
9.08857
11.8705
11.4863
13.7687
12.7091
13.1789
13.2076
13.5197
11.1359
12.4344
11.3611
7.93514
12.0577
11.262
8.42588
12.136
8.86462
14.7284
8.9803
9.74092
11.8439
13.9153
12.392
14.9731
8.36712
9.93356
11.8328
10.2424
7.78913
8.095
10.1878
10.2242
11.9979
5.87093
14.1502
14.3686
8.77762
13.8659
14.3408
13.5313
10.4889
10.4645
8.68966
4.85468
12.3456
6.44858
11.9958
14.598
11.6456
10.0163
14.368
14.1995
12.356
8.99799
5.9849
9.60422
10.1379
9.70802
8.45588
8.35911
9.14899
10.4208
9.51689
11.816
12.8182
12.0627
9.89442
11.4331
11.8922
13.7912
10.2706
12.5459
10.9697
12.403
9.31754
14.0508
13.4409
14.534
11.2424
12.7474
10.8903
8.8151
10.1213
5.33594
12.357
11.8751
10.369
11.6757
8.30446
14.7647
9.89707
13.5893
13.2051
10.3253
14.3643
9.85146
8.3032
13.9875
7.81958
7.5192
6.30457
13.012
12.0595
5.84937
9.43486
12.6889
6.40174
9.761
12.9351
6.52997
11.8607
11.1297
5.20607
6.19543
9.86345
8.88786
13.4423
13.5144
12.0069
14.1404
14.4962
12.1222
11.0964
9.19538
14.9835
10.8904
14.6467
5.94046
6.95422
9.56592
11.4743
11.4498
7.8638
11.2403
11.873
10.7629
7.75134
5.45802
11.7403
11.6598
9.93258
10.2686
14.5989
13.9531
11.5782
10.1684
4.96226
4.36152
7.75425
13.1887
13.5882
9.21248
6.49742
10.3551
4.46127
7.71577
14.8837
9.10321
14.9627
11.069
14.1292
9.45094
13.3264
10.1126
12.956
9.34375
13.7343
13.7211
14.1734
5.75089
14.314
13.2854
6.68642
14.3424
11.036
13.7499
12.0092
6.71602
13.8781
12.8997
10.8063
12.7587
5.4795
14.2928
11.639
8.67394
5.9843
9.89167
11.7093
14.0667
4.401
13.0579
8.75999
14.3886
6.56871
12.6099
9.00605
7.42134
14.8608
14.9418
7.87525
5.67038
14.728
7.3637
14.9318
11.9408
10.7569
5.14868
10.0027
9.13915
10.0863
11.2849
9.28569
14.8082
12.2429
14.8806
9.60961
12.2706
10.4665
5.55733
12.6566
13.7748
8.79719
5.98105
11.7531
12.5119
11.8705
14.1464
10.1584
5.02825
8.45824
13.0502
10.7458
13.1523
14.5474
6.3939
7.0674
9.42511
12.5767
8.58987
12.1996
10.8702
13.9597
14.1874
14.5235
14.7554
14.4701
10.5381
14.5562
14.4876
12.7946
14.2778
9.3876
13.8889
13.1109
11.2838
9.72403
12.9024
10.0649
9.98409
14.2236
11.5458
10.5987
10.0424
13.0055
9.49746
6.80783
13.3506
14.2405
9.82534
14.4689
7.53698
11.986
13.5587
14.5368
14.0592
11.6944
14.9171
11.0306
8.22695
12.9164
9.85826
12.8886
12.8675
10.1559
11.4761
14.2326
14.225
13.2616
14.2711
12.3255
10.59
10.3582
12.0244
13.4783
12.7102
11.1552
10.5099
13.7874
14.7751
13.8073
8.26584
8.02422
9.5891
12.5788
13.6237
11.9144
13.6674
10.6235
12.3065
14.8979
11.3718
8.71362
11.0033
10.3125
4.9854
11.8193
8.46148
13.5724
9.64825
12.3836
12.8958
13.8691
11.3371
6.31759
8.66044
11.3776
8.50856
14.8205
9.53128
10.4165
12.6133
12.5272
13.0398
9.31799
14.3375
7.96973
12.0727
11.9292
14.2321
12.1867
9.11004
14.591
11.0315
14.7947
9.37239
13.8003
8.45415
10.2698
13.4624
9.04492
11.1426
12.2758
13.2205
14.6762
4.5135
13.381
7.90247
9.6905
13.7537
11.9613
12.2959
12.7174
12.4828
12.1341
12.1876
6.28871
8.6142
9.83125
9.06742
8.74649
14.9419
11.7982
11.3114
8.49566
9.25026
6.93007
10.9201
9.79793
14.6384
10.5501
13.5271
14.2923
4.58071
13.3821
7.86703
11.7702
8.69057
13.8479
13.047
3.78261
12.1226
8.21298
5.4847
12.2455
10.1972
11.8008
14.0639
12.7483
12.9181
9.15269
12.6029
13.6476
12.9242
10.5926
13.6331
11.1686
14.0998
12.0826
9.20162
12.3519
4.8539
11.5411
7.97909
12.3991
7.31549
14.8435
14.014
5.00646
12.9716
13.7729
12.2416
12.1992
11.2682
13.5059
9.42548
11.1492
13.3551
8.89525
13.8432
14.9579
12.6073
10.6129
11.7407
12.2775
10.7812
10.8185
11.6826
9.48927
11.8853
14.6796
13.6127
10.6805
12.7383
8.77479
8.10486
8.34186
5.82821
13.4333
9.90563
13.4401
9.08772
13.1402
13.7346
11.382
12.6531
10.2627
14.9732
14.0995
10.5318
11.9043
12.8939
9.65134
11.5924
13.4623
11.9428
14.23
11.8723
11.7951
9.89319
12.5105
12.4816
14.0556
14.7748
4.96482
10.2246
12.3737
12.1859
7.40641
12.1337
8.61771
10.0227
12.8748
13.789
6.90668
7.51783
11.7536
14.6566
14.3884
11.6495
7.98626
11.1465
13.6144
10.7007
14.8593
11.8881
10.7759
10.599
9.81377
13.3005
9.37363
10.6714
13.898
11.1538
8.59733
14.1601
11.6993
11.999
8.69447
13.8547
12.9456
12.8474
11.5422
12.9801
12.9356
9.39296
13.2089
11.1501
14.9766
10.1925
10.9894
13.4359
9.93011
14.5985
8.2671
8.25318
7.37599
4.43549
10.1617
6.89594
12.6025
6.84304
5.19053
9.49051
10.524
12.6484
13.2951
9.9922
11.1035
13.7023
11.2582
13.2666
5.0622
8.65196
12.2641
7.76184
14.3191
14.6449
7.83134
12.6036
10.8832
4.78178
9.68989
9.22502
13.3325
12.4355
6.34646
13.8005
13.0652
11.8549
11.2336
10.91
12.6364
10.6845
14.745
11.3226
7.79744
12.6748
13.8466
11.7459
9.14112
9.95862
6.25511
9.99365
6.25379
12.623
10.9762
8.6164
12.2441
14.5255
14.155
14.5634
12.4848
8.8529
13.9768
11.2727
4.11073
13.4827
5.74067
12.3186
12.8116
8.66063
7.13048
6.80901
14.2644
12.669
10.2747
9.6004
6.67006
11.8342
10.8295
8.63993
11.6323
11.2346
13.2503
12.0782
7.71503
13.9485
7.26651
9.45666
10.3611
14.6628
11.7532
9.53934
8.93891
7.42773
13.8319
13.5821
12.7
9.305
10.1965
10.907
12.6933
9.50941
8.56357
14.1309
13.4254
10.5322
9.63777
10.9902
10.6831
14.5667
11.7088
11.0759
13.1334
12.6032
4.33175
13.9797
10.4432
12.2036
5.50228
14.7916
8.64289
10.9794
11.6378
10.2484
8.90075
7.91404
12.4871
14.3442
12.2047
14.4418
14.9406
10.7048
13.9673
13.9305
7.43579
6.04325
12.8214
13.2509
12.3471
11.693
8.50704
13.6615
6.54248
14.6758
7.53322
10.5358
12.2595
14.438
12.5373
12.7078
10.9129
8.21772
13.9616
10.0042
10.2352
10.0383
12.2245
8.42865
13.2097
6.93277
8.12629
7.74824
14.6618
7.16728
8.52265
13.6513
14.8508
9.08999
10.6876
10.0707
9.77608
12.0142
13.1803
12.7495
8.99303
10.7274
14.1216
12.8992
13.5072
6.4271
11.9904
14.5612
10.1209
8.11105
8.03498
6.43798
11.6301
12.1785
11.0816
8.59291
10.1074
8.85635
12.2288
13.061
11.1648
10.6239
10.361
13.7227
14.5064
11.9095
10.2638
11.2407
10.4484
13.9241
8.96972
6.68657
14.1357
8.98992
14.1254
9.947
14.1242
12.3864
13.7066
12.8346
13.4958
13.1163
13.2427
13.87
12.9699
14.486
12.6656
9.21081
5.72745
9.09283
13.5786
10.3598
4.10347
7.87027
12.6097
11.2503
14.388
12.7515
9.57235
11.201
14.4417
9.97077
9.63959
14.7035
14.4732
13.2637
13.5933
11.0481
8.26004
7.0799
13.1912
10.1269
13.877
14.0577
9.78691
7.34171
9.15275
10.6744
6.08619
12.1021
13.2775
13.7714
13.7128
9.86876
8.84502
10.6467
8.65522
8.64238
9.4745
12.8821
8.63402
9.26129
12.6786
7.33813
10.7659
14.3409
11.3796
14.8017
7.64068
9.6072
4.7325
10.3101
9.71756
12.0718
9.04745
6.12181
11.223
7.23139
8.27244
14.0276
14.9318
14.4671
11.9338
14.3572
10.1372
9.27838
9.58818
13.144
7.60764
12.9387
13.1492
5.83285
12.5465
14.3192
11.0748
12.4644
3.95228
12.6592
12.5777
10.7208
13.5343
13.436
10.4646
9.99978
10.0825
14.6578
9.34874
13.4909
13.89
11.799
12.4232
11.0644
13.9465
11.6757
14.3595
12.4827
14.2298
10.6836
11.5565
9.6194
9.06651
7.11144
14.689
12.6345
14.581
5.74348
11.8363
6.85189
8.70087
9.88256
9.36964
10.9477
12.0303
14.8517
10.4019
7.26117
10.4231
11.6531
14.6839
8.66021
12.7694
12.9447
9.98199
9.88314
12.8135
14.0991
10.4235
10.6341
9.75551
14.4715
12.546
14.4879
13.1847
14.3846
14.7949
11.9754
9.40859
13.6365
10.594
14.0751
14.892
7.84779
10.3448
14.5437
11.7407
10.3005
14.742
9.31203
8.02839
14.7123
6.32731
12.4612
9.86384
7.50973
6.37283
4.10342
10.1653
10.0753
8.88946
11.9508
12.8044
13.9642
6.22051
11.1542
4.36951
10.8196
13.8258
11.9129
12.233
10.2928
14.0247
10.3625
13.4446
5.94029
9.95647
13.8252
12.784
14.0351
6.78038
11.9296
9.77228
7.46504
12.2479
9.61998
10.7364
10.2628
10.3584
11.5815
9.66078
14.0913
9.71943
12.4831
12.4547
8.94908
9.1277
14.7561
13.4948
13.6
8.72067
13.7736
10.4309
10.0418
14.8692
12.6117
5.25215
12.1522
10.2668
14.5043
13.3081
10.0146
5.44198
10.7531
13.6185
14.947
12.6727
14.42
9.49206
13.1186
13.1223
14.9333
12.7067
6.68996
11.9057
11.0208
11.5139
9.30921
12.4528
11.9233
12.5216
6.58915
11.523
10.3237
13.8239
13.5055
13.7249
14.1368
8.60177
10.8703
9.92188
12.3368
9.70749
14.1475
11.0584
11.9058
10.7174
9.96887
8.71838
10.9744
14.3668
8.43334
8.93777
13.7042
14.2883
12.6328
10.8458
12.2257
12.9642
13.902
6.37194
10.1111
11.9101
11.6057
13.567
10.5551
13.0979
4.7611
11.1789
13.5324
10.2188
7.62244
14.1649
14.8574
8.74107
10.6774
8.59821
8.59817
11.4888
10.5376
9.12323
12.3429
9.41886
6.18579
14.5389
6.12228
7.48576
6.97271
7.57766
7.12678
14.5796
9.55037
5.12905
8.9682
14.0429
8.64872
9.04657
12.215
7.99568
11.5411
14.6463
10.021
9.45544
9.30231
12.5984
12.6952
10.9364
13.6431
10.1108
13.6827
11.3226
12.3849
6.56382
8.35409
10.4972
8.67323
9.98717
12.7501
12.6975
10.9298
10.8415
11.0289
11.6129
13.8718
12.8716
13.0409
11.8105
13.4261
13.9927
11.7068
12.8937
13.96
10.225
13.2928
10.9538
12.6872
14.4718
11.3088
8.68725
7.67404
13.1677
13.5845
11.8331
10.2784
14.7812
6.49115
4.30172
8.33687
8.62165
9.10568
12.5497
10.1968
11.2017
10.852
13.9338
14.2801
11.844
11.8411
9.94403
9.75871
9.76642
10.1011
8.82971
4.19521
13.3217
14.3057
13.0049
9.15728
10.9718
13.2891
9.11532
14.6527
12.1776
11.9989
12.1884
10.6153
11.9311
10.8898
14.0276
10.4842
10.5535
6.82179
11.1592
10.9505
9.18495
12.3026
6.6457
7.00465
10.5391
8.91802
10.5364
12.1441
12.6836
14.685
13.6696
13.4377
7.56983
9.20284
10.8171
12.783
12.5244
9.36084
8.98094
9.59855
5.64479
6.39434
11.4951
14.3544
10.3827
8.30443
9.58578
11.8338
14.1021
7.2508
7.4141
12.0479
14.2619
10.1039
10.0324
9.04923
7.70153
10.7277
10.0033
11.5855
14.9974
9.60908
7.80315
9.02617
11.9685
10.5899
14.2852
11.6114
11.8538
12.5416
10.9528
11.6532
6.67659
4.62776
13.5073
4.53257
8.84144
11.3662
6.7248
13.1328
12.7144
14.4821
13.1806
11.9131
12.7412
9.9937
10.3582
13.5234
12.0369
11.8488
9.04032
13.7065
14.0717
14.9952
14.6947
10.5745
9.47389
12.7469
13.9964
13.6042
10.161
10.7572
7.9129
6.29564
12.4341
10.2451
8.5189
10.7689
14.5717
12.7623
10.0809
10.706
13.8163
8.51377
7.71751
8.87686
11.2353
14.952
14.9137
13.225
11.9737
9.13988
10.2238
12.9859
10.992
5.68495
11.4049
5.81026
9.59922
14.2567
7.13731
13.1937
14.6643
14.8585
9.26555
11.1941
13.7448
9.57151
7.9345
8.50601
12.1992
10.2921
8.32602
8.43509
13.6484
5.3941
14.7427
4.65329
10.727
10.7333
13.5559
12.6038
12.0795
11.2225
14.5073
12.1929
12.4352
13.4998
10.861
14.071
11.7483
11.2277
5.88494
8.99386
8.47436
11.731
12.9425
9.4087
7.12705
14.3504
8.05273
9.7113
14.0201
11.2139
10.6657
9.77536
11.7882
13.2463
13.5696
14.0326
13.8871
13.3582
11.5197
14.0767
13.8516
11.7669
10.8476
12.7183
8.46006
11.4846
11.5686
9.52657
8.10579
14.2952
6.50274
5.31515
14.784
12.8196
11.5957
9.09518
11.7398
12.3866
9.56176
8.76256
9.85663
11.5847
11.8704
11.8918
10.2088
8.28397
12.6942
10.5609
11.8154
9.57897
12.6785
11.1799
10.4853
5.67697
4.43178
11.8413
14.5729
8.29406
12.159
8.66756
14.5057
14.7319
14.6802
9.9593
8.70004
10.8067
13.5281
12.2612
12.0801
12.4448
10.0023
12.1739
13.9385
12.4949
12.5584
8.72117
14.6624
10.1132
12.8678
5.70803
8.45284
12.6608
12.9604
10.5962
13.1399
11.6567
8.91567
9.79006
5.91352
8.16521
14.852
9.11401
11.2735
7.71281
10.5377
9.93241
11.7414
12.7783
12.5994
10.7602
8.70751
14.3685
13.7981
11.2595
10.1691
14.5855
13.5448
10.2969
14.9062
13.5327
14.3974
9.68022
5.27676
7.44459
9.45882
5.1613
9.68282
13.9709
11.3149
13.5529
10.4533
5.67468
13.9063
9.78758
7.63867
10.0483
9.66558
12.2098
13.4089
9.88843
8.55293
12.9116
7.1514
9.93117
8.5775
13.6933
6.9419
11.4354
11.0748
13.5865
12.4199
6.45348
7.43282
11.6413
13.3525
13.2651
10.729
9.54127
6.17186
14.1333
13.9609
11.816
10.2496
10.7753
10.2255
6.0108
10.0549
14.2214
11.6231
12.8742
14.7228
10.3179
5.56114
13.2447
11.8921
11.0402
10.3329
12.8326
14.4203
9.50689
9.24419
8.60087
11.0737
14.2578
10.4094
12.0043
14.9475
10.5079
11.8223
13.9456
7.52613
11.4851
12.241
13.6034
8.51077
10.1957
12.2925
9.8754
13.9272
14.73
12.3814
7.87958
8.23685
13.726
11.4915
14.4345
10.6919
13.3549
9.90836
9.08248
10.2574
9.31551
8.81692
13.428
14.9404
14.2157
10.2487
11.643
8.59616
5.26472
9.89204
7.77293
11.8236
10.3911
7.79965
12.4956
14.662
9.26905
10.7127
11.4358
6.18443
10.2535
10.884
10.7873
11.9714
10.9986
12.7021
8.89166
13.9526
14.1518
9.83525
10.4022
11.3241
13.8342
12.768
13.3001
4.65121
11.6935
6.47101
8.22112
12.6932
11.8955
12.4509
4.2963
11.0741
12.4737
9.21564
9.94948
13.7518
12.2022
14.247
14.2009
7.71061
13.1272
9.36532
9.85532
12.706
5.43418
6.16783
11.5403
14.7801
11.3908
13.8661
13.7968
10.895
11.0795
9.51692
12.4778
9.60688
12.329
13.5962
14.3057
8.58681
8.71651
13.8192
13.8198
8.62768
9.12171
11.3191
9.47689
12.0333
14.6492
14.096
10.435
13.8396
11.0354
12.1141
11.2481
11.247
8.0935
9.55152
10.956
13.7295
9.24947
12.3525
9.33419
10.6768
10.8436
12.9278
12.2004
10.0358
14.6817
11.6524
12.2825
12.8679
12.6777
8.84342
12.7508
14.6921
11.5432
10.4598
11.8128
6.56291
13.0222
14.4174
12.2378
9.64422
14.5525
12.7673
13.2876
4.54763
13.6852
11.301
11.1455
14.607
11.9572
12.694
12.7128
4.8811
14.5177
11.3273
11.9517
12.2324
5.45519
14.892
9.49291
13.4861
10.1104
11.9466
9.35938
7.42173
4.24522
11.8449
14.5227
12.4585
12.606
12.9281
14.6275
14.8848
10.8867
11.538
7.18846
14.2404
11.1025
12.0722
11.2705
9.72909
11.9151
9.7338
12.872
10.7762
13.8354
13.0943
12.7772
13.2477
12.876
10.58
14.3105
11.8592
9.29636
8.07365
11.5935
14.6308
13.056
10.6191
10.3423
10.6263
12.9224
12.4831
14.5005
14.2872
11.9799
7.04909
14.5342
11.9707
6.01339
14.0768
11.7968
8.56379
9.97728
6.01385
5.81668
14.3634
9.50727
11.5735
10.6077
8.92121
7.37185
13.3049
10.0272
9.33354
12.056
12.5038
12.7536
12.3347
11.5933
12.9692
8.59595
8.49467
5.44311
14.9948
13.8813
13.0275
10.8731
13.5349
12.9353
13.9794
12.8993
12.9848
9.21907
13.5635
9.92667
14.3212
12.1799
14.4992
12.2436
13.8027
13.7307
13.3602
14.5957
9.54414
10.591
8.96168
7.09347
11.8809
13.2445
8.44114
6.24203
11.1666
11.8644
11.553
10.3114
9.45405
8.39317
8.32419
12.4095
14.8153
9.43467
14.7009
7.70512
11.986
10.1832
11.431
13.1376
14.5713
10.6051
13.9301
12.5653
6.86013
12.6977
8.25998
8.54758
10.0232
9.12945
12.6719
10.084
9.98606
13.466
10.4216
12.565
14.9276
9.44564
12.8251
11.4737
13.2359
5.10612
12.8703
13.1576
9.07048
14.3194
12.9388
8.8997
9.92943
12.5436
11.3428
4.37807
13.2532
12.365
9.23143
8.92014
13.6694
9.72495
7.16291
14.6022
8.81729
13.7753
6.23405
6.92869
11.6553
9.70951
8.71804
14.2706
11.5134
12.9969
12.6399
12.5003
12.5319
5.80481
11.2487
13.0382
13.2006
5.40765
9.47831
5.79991
7.10509
7.98686
14.6257
14.901
14.2442
11.2844
9.04363
7.90074
6.89224
10.7856
13.0558
12.5509
13.5779
14.3391
9.35344
12.2279
14.0388
4.8821
8.5326
9.74473
6.59123
11.2018
14.0923
13.6895
14.1522
10.2335
13.8464
10.1725
13.0758
14.1154
8.57845
5.49025
14.8223
12.8896
7.25601
9.9331
13.2543
11.9531
11.3317
14.4405
11.7436
10.2337
11.3813
13.2005
12.628
12.2824
13.1162
12.1164
13.6917
13.3295
10.9907
9.68191
14.171
11.8887
12.6892
11.6535
11.1657
11.5389
14.7643
12.2079
14.3495
11.7637
9.10629
11.5946
8.78311
14.9257
13.9921
9.88897
13.4616
11.1518
7.76642
9.98844
13.3383
14.044
8.47097
14.0004
11.4518
9.312
10.046
12.5451
12.6295
13.2571
13.398
12.0102
14.4599
11.022
12.4834
13.2584
12.6986
12.4231
13.5092
8.62707
13.997
8.08868
13.847
9.21376
10.0542
9.60866
7.39185
9.67408
14.5225
11.421
11.2434
9.98617
14.3349
13.7184
11.444
4.20936
13.1295
8.47015
12.3117
11.3284
14.2509
14.3486
6.80382
10.2605
14.1025
7.68424
8.59155
12.0904
9.48863
7.54658
4.36156
9.11828
14.3294
7.77162
14.4369
9.75959
14.8217
14.9383
9.33224
9.91484
13.9698
10.8814
11.4216
5.65876
13.8528
8.61981
12.0366
12.8697
11.4378
5.99964
11.8723
12.4133
12.039
14.3018
10.3917
8.09112
13.4308
14.5817
11.2422
14.3721
12.3066
11.7637
11.3767
14.0592
7.16946
14.0568
6.99236
11.0496
10.7953
14.5788
10.3167
11.2189
9.39875
14.4545
12.2313
14.523
12.3903
11.0812
8.62945
7.59845
7.19841
13.9832
9.81804
8.40977
6.43445
10.2387
12.4303
13.4952
11.9285
14.6426
12.2148
14.8479
11.4204
5.66108
14.7518
10.1196
14.9792
6.13881
14.195
12.7551
7.42964
8.13108
6.43782
5.7826
5.76939
12.9382
14.0315
14.6824
12.3278
12.959
12.7998
10.7533
5.98503
14.7962
13.7064
10.1397
13.7603
5.3545
8.97337
14.7296
6.98652
14.2337
14.3834
11.7837
10.4101
8.50829
9.05133
11.8487
10.0475
13.2635
13.8082
7.1019
11.5403
10.584
10.3301
11.201
11.6453
7.40787
14.1758
13.5658
8.9755
9.95242
6.4508
5.09838
11.7392
12.4528
7.19483
12.9039
7.7704
13.2803
10.1895
5.8644
3.94913
10.1406
10.1705
11.5114
9.95078
12.971
9.9751
10.5441
13.3607
13.855
13.133
11.8212
10.0569
13.8138
8.60557
14.6728
11.9177
14.4645
9.28379
11.9502
14.449
12.4558
10.4008
14.8629
14.0527
8.86985
11.6201
13.8061
13.2227
13.2179
13.2435
8.76002
8.12647
8.47537
10.9151
8.14192
9.31524
14.9923
12.5315
11.0715
8.45626
12.1771
11.4385
8.32847
11.2368
8.33324
11.134
4.5161
9.68792
4.8018
9.34036
11.4307
6.39856
14.4553
14.2154
9.442
10.2688
10.2427
14.2278
12.3766
11.6813
13.6025
14.8646
14.9066
14.7543
9.29401
10.0282
10.7667
9.63164
11.0138
10.3365
14.1239
12.0076
11.8136
8.55391
12.8211
10.6335
10.1116
12.4878
9.01063
10.8278
11.7509
14.6987
4.85638
6.98397
14.3842
10.3959
11.3092
6.00739
12.0574
7.5477
6.24706
13.6845
11.2942
10.5414
14.7124
10.7897
13.3759
11.3414
8.46716
7.1027
11.9357
7.31008
9.84852
10.9355
13.7049
11.9083
7.05324
13.9382
14.5888
8.10686
13.5158
10.8783
11.6811
8.956
5.19827
14.3633
9.78233
7.5024
8.84344
9.59481
13.217
9.78514
8.75004
13.1045
4.16165
8.20323
6.06122
9.10653
13.4783
8.29204
12.1978
9.97067
14.4487
12.2219
13.22
5.388
11.0152
10.7055
11.7562
9.30244
5.55935
6.12099
10.8158
10.4581
14.2171
8.01928
10.2972
14.528
12.3648
13.1864
14.9521
12.9652
11.4003
13.0446
11.0049
8.78103
10.6768
13.5727
9.8813
10.2968
11.7941
9.07073
9.67633
13.2102
14.8837
12.5698
13.6031
10.2661
11.8379
13.4186
11.3912
9.21152
13.3716
8.72206
6.29885
7.55995
9.02534
6.20655
9.88238
12.2471
13.7072
12.9455
14.5965
14.2009
13.7428
9.6767
12.5912
13.9558
9.77518
5.38904
9.68332
6.68739
10.0167
14.6289
14.2965
11.0357
12.6201
9.02683
10.2116
14.2846
10.1222
13.7713
13.2343
12.3734
6.33564
11.4347
5.78056
14.832
14.0008
11.8953
12.4001
6.25794
8.96201
14.8106
12.5637
6.27756
12.4148
12.6231
11.5232
12.9938
14.2034
12.1501
14.6892
13.5603
8.51467
13.3594
14.963
12.3237
11.232
6.67327
9.89338
11.502
14.672
12.3446
13.6719
14.3011
12.7131
12.7922
11.8387
9.78286
6.0204
12.6098
12.8992
14.5095
13.7892
10.0734
11.3269
10.4935
11.918
11.3965
8.04455
6.62275
14.4702
14.9487
10.8391
12.3377
12.5361
12.775
4.6671
9.65957
12.4215
11.5329
9.04421
11.1239
8.76478
8.81861
11.903
14.4039
12.9529
10.946
9.50736
13.5079
9.75534
11.3777
13.2278
9.77981
6.1879
10.7635
9.37213
12.4914
12.5197
11.5991
11.9174
12.3615
11.8996
8.34328
8.53746
9.54357
13.1725
11.9036
13.0547
8.69325
13.1596
7.62838
5.32202
12.6582
12.7878
6.32674
13.622
13.1242
14.5636
12.5244
14.9468
12.6348
12.9912
14.8151
14.6967
12.5559
9.48679
13.8522
11.1739
12.2611
13.9856
14.5359
10.9554
13.7061
7.72994
14.7131
14.8685
13.4101
12.7539
12.0185
10.7965
7.58005
12.4636
11.4644
8.08735
8.20891
6.67436
11.7778
13.2508
11.7299
14.9581
11.4754
6.28854
9.92051
8.76495
9.61663
14.3511
7.42387
9.7717
11.063
9.8279
14.4299
7.74283
11.8668
13.8733
14.1351
13.2168
13.9822
10.5756
9.95615
9.9862
12.2968
6.76813
7.25812
10.2791
6.6413
13.1664
12.1125
11.0157
13.6682
12.0955
14.8371
13.6848
10.3077
9.94327
12.013
11.9101
9.18894
13.9024
10.7596
14.4099
9.68075
5.86592
13.1961
5.13262
11.0173
8.27029
14.3436
13.0264
14.9304
10.9191
11.4275
13.3265
14.0201
14.8743
8.73313
10.6153
12.7838
13.8254
13.472
11.604
10.279
14.1282
8.65746
5.79185
7.56335
13.1707
14.2486
14.7125
14.4558
14.134
10.4493
11.7315
9.67838
9.16569
12.928
14.7534
11.286
11.4047
10.6086
13.7131
10.0667
7.67532
14.2887
7.39161
8.96145
5.43209
13.6088
11.2866
10.4806
14.8803
10.8854
14.7332
14.6657
6.20727
12.6741
7.45388
10.6853
8.77071
10.8907
10.914
8.08581
14.4005
12.4555
9.84051
11.0881
11.7768
14.7573
11.1366
13.6647
11.097
11.9087
7.78862
13.9342
10.436
14.6358
10.0171
5.25183
7.87855
8.97106
10.5289
7.64523
9.96135
11.063
10.5638
12.9772
10.6943
13.312
14.8229
6.18908
14.0771
9.01681
13.7968
10.6642
9.67145
7.56889
6.33733
12.3257
11.7236
7.71354
12.1715
14.3207
10.7386
7.40411
13.134
5.54739
8.56091
11.9811
11.9496
11.5501
9.7808
11.4704
14.9056
14.2844
14.807
13.9752
13.6017
12.6416
9.67216
12.6559
10.9951
5.64968
9.86038
14.9321
9.27654
14.5388
8.70245
14.8195
13.8627
9.33204
9.48408
12.3089
13.9319
11.2499
6.85215
10.4206
13.1617
10.5139
11.7129
11.2066
10.037
9.73194
11.3673
14.3295
13.5882
14.217
8.97709
5.60401
13.9904
12.2816
9.61156
8.36918
7.06833
9.64321
13.8365
13.8095
13.5276
12.2457
12.9077
9.69946
8.92018
10.6164
7.59608
13.4372
7.95248
9.05473
5.58652
13.6752
11.7353
8.35698
13.7529
6.38601
13.533
8.9679
9.40315
8.88221
12.4907
12.4745
13.5033
14.2875
10.5234
14.7139
4.38778
14.1265
10.8428
10.9541
9.11575
10.964
13.7905
14.692
12.5862
9.42577
4.91883
11.0208
13.7901
11.038
13.6389
10.2682
8.80081
10.0981
13.8101
13.9301
14.3974
9.912
6.85637
10.2262
12.5036
13.2392
5.90151
5.2381
7.8303
14.7591
12.9621
13.8576
10.6242
10.3665
10.7866
9.01276
10.9969
7.91831
10.8397
12.015
9.31975
8.75479
11.325
11.6341
6.3339
13.6463
11.4424
4.7477
11.3726
11.1908
11.4614
11.2089
13.2585
8.91622
13.6186
12.067
9.95906
10.0535
11.6395
9.25121
14.4434
13.8246
5.79516
6.83974
11.4096
12.4052
10.6529
6.0618
12.2827
11.3386
4.19643
9.78842
12.2471
13.1995
4.67539
9.29294
9.1981
7.9766
9.60497
10.9291
8.51986
10.5245
14.3777
13.5854
10.5767
11.8502
8.70694
8.779
8.18759
13.1339
14.2739
14.2782
13.0946
13.8528
13.4017
9.91951
13.3964
8.20472
12.9996
11.7806
14.4415
13.3862
11.9879
10.1442
5.66953
11.5235
11.9918
6.13112
12.1606
10.0777
13.7964
10.4836
13.5101
5.63475
9.58931
9.80129
12.5829
10.3133
5.61477
9.05918
14.9424
14.1978
14.6058
14.5741
14.6705
11.8854
14.9718
4.94521
9.44304
14.1383
13.8114
5.26037
10.2926
14.8389
10.2021
11.9677
10.3246
13.2048
9.44476
13.4779
9.48001
5.75323
14.6753
12.2788
9.42559
7.19362
8.91471
13.0985
3.98402
11.2402
11.2393
12.3491
9.68941
6.59763
8.14437
11.7787
5.04611
6.55247
14.848
13.7718
14.58
10.6052
11.8747
14.7024
11.3244
11.6258
12.9614
11.5447
9.99192
10.4696
13.1723
11.196
7.9379
14.6749
12.3381
8.30644
11.7811
12.8176
13.1084
9.30768
10.7066
10.5739
14.7393
14.5253
13.7837
14.9153
14.8447
13.8942
10.2432
11.8144
6.0263
8.58411
6.14587
9.61715
10.1478
11.352
8.15291
11.9618
7.47416
11.2705
14.3143
11.2916
6.0606
11.5918
14.9301
12.9129
12.6809
14.8989
13.1079
12.6038
13.4841
11.9001
9.72544
14.9502
8.15499
9.6745
8.11025
14.5374
12.7395
9.59991
7.66062
12.6003
9.89114
9.06093
5.7611
9.74335
12.8057
14.708
9.83823
13.0135
9.36409
10.6304
14.0726
13.6208
10.118
14.8896
10.6137
13.013
9.35641
13.169
10.1332
9.64634
14.0918
6.54017
12.6102
8.26761
10.1477
13.7912
14.11
7.62377
11.3223
11.2168
5.49596
14.0554
12.522
10.6469
13.789
11.7811
6.49643
8.63942
9.73696
12.6721
13.6837
13.1241
11.745
12.7568
14.2296
12.6304
9.82401
11.113
13.7551
13.0247
6.8592
5.38081
12.6379
4.38053
14.3504
12.1921
10.4367
13.1993
11.0086
13.3102
11.5058
4.84009
8.09934
14.8045
10.632
9.6307
14.8379
11.8977
9.97509
13.2828
10.6042
13.4649
10.8079
11.5402
10.664
12.3423
9.14775
14.1235
8.14263
13.2329
13.1683
11.0643
13.6908
12.3148
13.596
11.667
11.9376
11.8559
8.07539
8.28689
10.4598
12.7973
9.56451
11.4494
12.5355
11.3001
14.8913
9.156
10.8965
12.7037
14.2217
9.76371
11.9995
9.15219
11.4641
11.9033
9.55209
10.4785
9.42391
8.46257
13.5296
14.2976
9.17212
8.62467
14.1936
14.5708
14
10.7976
11.254
7.86539
6.61582
8.65994
8.51859
11.3287
8.45546
10.4611
14.9453
14.381
11.5222
13.5346
11.3587
12.6385
14.0152
6.23645
9.38431
13.8049
10.4369
12.5231
6.13879
9.97169
13.8068
14.9232
13.2983
4.17989
14.4905
11.2438
12.6592
10.4771
7.99736
11.6084
6.90201
10.2254
7.58836
8.58231
11.7132
10.8654
10.7195
11.6634
5.89153
14.6902
12.1419
7.23575
12.3413
11.3806
11.763
14.6865
11.8365
11.1191
10.8718
7.87697
14.5561
11.346
12.7357
14.8269
10.0254
5.2246
14.0736
9.276
12.1505
9.80414
11.304
9.63934
5.88311
9.13669
13.2221
8.45382
13.3395
9.53171
11.0358
13.2587
10.2577
4.54187
11.7149
5.29673
11.8571
9.43778
8.27249
8.99185
14.3636
13.0536
8.87871
13.9676
13.751
12.5864
12.1339
11.6211
9.93378
5.74438
8.88631
8.60543
11.3157
12.6956
12.1206
14.0859
14.8501
13.4713
6.91959
9.25759
14.7031
13.4993
14.7581
14.7184
14.4824
13.4699
14.9604
14.0096
14.0742
8.56189
11.4064
11.1718
7.5719
13.6695
13.9766
8.56091
10.2754
10.1465
11.3704
10.08
6.56865
11.5991
7.74267
5.34697
14.8309
10.1229
10.8459
10.795
9.93391
6.62516
11.0151
12.6594
9.55831
5.6211
9.56224
10.1684
12.3022
14.2439
4.62501
10.6074
11.4401
11.3195
12.8001
4.19527
11.3517
11.8879
13.357
13.836
11.474
6.36852
10.7562
10.2849
14.8019
12.6656
14.2222
12.9559
11.1123
13.8174
14.2748
14.6061
7.91461
12.1722
6.63976
8.50873
11.0526
8.7258
10.2649
9.16454
14.449
13.549
10.556
9.63454
12.3805
12.3617
12.3944
10.3993
10.7292
9.7834
14.4755
13.3528
8.0918
9.53513
14.1796
9.05123
10.2294
9.28429
8.15758
9.23525
9.99336
9.1574
4.66243
13.6463
14.5499
10.9296
14.2665
10.7111
11.6925
10.6482
12.2226
11.4858
8.31745
6.75672
9.09033
13.0143
13.0519
13.0879
12.9858
11.0824
9.81059
8.0232
11.9286
5.53757
11.7789
12.467
5.37501
10.6434
14.2703
11.7606
8.90502
13.7289
13.9804
13.7087
14.9265
9.12337
9.73047
14.3657
13.8957
7.97188
6.76663
14.5368
6.74857
12.2456
14.424
10.2964
10.9328
12.231
10.3039
12.42
11.5491
13.3427
10.8811
5.6497
12.7808
14.2651
11.6815
11.6079
9.71245
6.11342
12.2138
6.99235
11.6251
10.3852
12.9716
7.76477
10.175
8.50319
9.98241
12.6141
8.78546
10.0332
6.98727
11.2782
7.08513
11.9924
13.9205
8.48743
11.7656
14.6768
10.0634
12.0705
5.71072
12.2154
10.8829
9.10483
13.9153
11.4588
9.46455
10.001
13.8727
9.63939
7.44037
12.2703
9.65238
10.8139
14.2206
14.3605
10.1348
12.7948
9.87131
9.73638
14.5159
8.73814
12.0692
14.6253
9.68436
4.59341
11.3832
5.75044
14.4463
10.3743
7.8464
9.17126
13.9936
12.6272
13.786
9.68157
9.57419
9.86251
10.1465
11.4606
10.2878
14.5139
12.6769
14.365
11.9254
9.79783
9.61979
9.78685
13.6124
14.6338
5.67984
14.6945
12.9034
11.4034
14.8693
12.803
12.6147
10.0796
11.5005
10.0967
14.2819
10.5198
12.7249
12.5133
9.64071
13.3918
10.0705
11.6876
10.3233
11.0133
11.0478
8.75038
7.5573
10.6714
11.4372
14.1985
10.7802
12.1193
9.51417
12.9745
12.0531
11.7305
6.05053
9.90261
10.763
12.7022
13.6986
9.27601
7.05293
12.0285
7.94909
9.63331
9.77015
10.1938
10.9256
12.0823
13.5764
9.11861
9.69718
9.24443
8.87166
11.5339
7.49289
10.4621
8.58934
8.89194
8.71925
13.237
9.42966
14.2609
12.1419
13.2841
8.62873
10.383
9.47546
13.3782
4.34634
13.4014
5.61906
13.018
10.4174
8.74578
14.5295
11.9675
9.76726
9.31095
13.0144
9.46668
11.6011
9.2206
12.8438
12.4125
10.2913
11.3519
6.84868
14.6486
14.0841
6.36142
10.3962
14.8634
14.8892
10.5508
8.55404
14.6221
10.189
11.7258
11.5955
12.9218
6.76869
14.1514
10.8191
8.55391
10.3505
11.1989
12.201
11.3372
11.7872
9.71294
11.3933
14.032
9.74298
12.6729
9.75813
13.664
11.7308
10.596
14.069
9.33859
9.26786
7.23397
14.7061
8.90633
10.5202
13.0073
6.16376
9.98733
11.2039
9.84681
8.86677
14.0792
12.9377
13.0002
9.05059
5.38393
14.7487
10.1381
6.50967
13.3941
10.2227
12.7433
14.4942
13.8944
11.0012
10.9816
7.14554
9.07961
10.5163
14.0888
13.8772
8.7789
14.6122
7.7565
10.3799
12.2134
12.5458
12.2456
12.4888
12.7748
12.6876
14.4206
10.6846
14.2447
10.913
11.5049
13.5112
10.2108
7.90453
8.33951
12.8477
12.6972
6.90721
9.24824
10.7567
12.6047
12.9031
11.4229
11.3975
10.376
8.06557
14.2363
14.045
9.41821
6.15535
9.27828
13.9225
12.0124
12.9799
7.19916
8.10149
9.78916
13.5437
7.36754
10.4784
13.3307
13.3918
13.5154
10.0233
8.75506
10.0257
14.5316
9.51092
10.6015
14.5223
10.3857
13.0081
5.39753
10.3252
8.53536
11.2761
8.97573
11.9464
13.9458
13.3178
7.79676
12.1518
5.60405
8.03273
10.0348
4.76723
10.213
9.67239
13.191
11.4106
12.9551
10.5492
13.7381
11.8981
13.8027
8.77565
14.3559
10.3697
14.7276
13.292
9.58041
11.9222
7.0679
9.52241
9.8825
12.9758
5.65915
11.9809
13.0905
5.27727
10.6819
11.7274
13.083
11.6537
12.077
7.35309
10.423
14.645
13.0014
10.2011
12.8328
14.0484
12.8972
12.0071
12.5722
10.2329
14.5959
12.9676
14.8716
11.6516
14.374
14.7164
8.78385
4.45995
13.691
8.8715
13.9723
14.4648
11.4434
14.2232
14.559
11.7724
14.3202
13.3779
8.95408
14.5815
10.076
11.3858
14.935
12.5396
8.60882
8.47023
7.29821
11.14
7.70861
10.4401
7.48614
9.0834
6.44143
8.76533
12.5005
11.6761
13.4818
7.8769
11.6548
5.59829
8.80972
12.5003
12.7637
5.43306
13.8709
5.93998
10.1132
12.8195
9.61495
9.59753
4.75116
8.76482
13.4574
11.8581
8.11598
6.68319
4.62152
11.1793
12.8484
9.3048
9.23942
13.7354
10.9647
14.2566
12.2805
8.09138
13.1428
13.5941
10.5545
10.6761
10.8509
7.3569
7.56479
6.95518
7.27518
6.04112
10.4513
9.80338
11.6215
14.7084
13.4277
6.24336
11.3869
14.1473
8.34552
14.4213
11.3871
14.4956
9.26171
11.7537
8.61682
12.4323
13.4736
11.7833
13.5622
14.3133
14.3943
13.7975
10.2636
10.2858
14.9126
9.92385
13.2004
10.9338
11.6941
12.7308
11.7093
6.65433
6.98656
6.4922
5.22194
5.85958
14.9097
7.01266
10.1423
6.43984
10.0761
10.6071
8.23743
8.13425
13.1886
4.28711
7.02213
13.5774
13.2942
8.47374
11.0334
14.1577
13.2957
9.56209
9.63961
13.6567
11.1438
10.5132
8.66657
10.8303
14.8424
11.1247
11.3599
13.5392
14.814
9.63973
8.73678
13.9817
13.2307
10.9229
9.81065
11.0341
10.6499
11.4334
12.5439
13.9964
13.3381
12.0079
9.48596
12.8015
13.2964
14.6485
12.1016
12.6526
14.0825
11.705
12.8871
8.48738
10.3796
10.9064
12.8281
13.6812
14.1285
11.2777
6.07763
8.04491
4.90851
9.90901
11.5599
10.7523
10.8781
12.3188
13.5662
14.0576
12.1917
13.7249
14.1684
13.6906
14.3675
9.22445
12.0368
7.57062
10.9193
9.72637
10.4404
8.81255
11.5045
8.26002
9.10235
14.2582
10.4643
12.133
11.7097
11.9763
11.6192
14.2903
12.4284
14.7489
12.9838
14.8813
13.3868
8.91966
9.23856
8.25048
10.6818
13.5218
11.6033
12.6564
9.13293
13.704
13.8545
10.9231
13.0472
9.58315
11.0167
9.57551
9.86895
5.68962
13.9256
11.2038
9.84991
12.3245
10.3993
8.93544
8.4627
11.6457
9.95759
6.99311
13.8746
10.3802
10.5118
10.5513
9.96212
10.5275
11.3663
13.463
13.5933
8.58532
8.81811
7.73147
13.7204
10.1801
8.91547
10.9066
7.69223
9.51755
12.8397
10.2373
12.9256
13.7008
14.951
10.5202
13.0351
14.6419
11.2847
9.21847
8.59896
12.2527
8.57261
10.7663
10.845
10.2874
10.897
11.1094
12.8122
9.04437
5.17204
11.335
9.61039
14.5382
9.19699
14.9929
14.7487
11.2206
14.7206
10.5402
9.65837
9.70133
12.9405
9.91889
12.6447
8.4356
12.9845
11.0767
6.41441
9.90656
12.6336
