11.2373
10.0844
8.73193
12.2042
10.7349
13.0451
7.83202
14.8777
14.26
14.3138
9.8706
8.8853
12.1552
9.71216
6.88132
6.60831
11.9216
11.0861
12.5902
9.65956
9.84556
11.7793
14.8501
12.9897
7.55234
13.6933
5.91548
6.38287
12.5371
6.24105
13.6004
5.73641
14.7588
14.9066
13.4514
7.88687
11.0436
14.212
13.7548
12.8152
6.44142
11.7213
8.7198
10.3588
8.03788
8.61741
11.1898
12.2441
11.3891
12.8577
10.3612
9.04977
6.78313
12.2589
6.62507
13.7594
9.8991
11.9838
10.1568
6.31931
5.9704
10.3682
12.5511
12.8966
8.90624
7.74592
11.562
13.2529
9.63018
4.79471
5.12547
13.2589
14.012
10.6701
6.33132
11.2468
14.4161
7.21191
14.4115
11.2257
9.71175
10.114
13.1157
10.2437
12.56
14.084
6.1873
12.1053
10.4776
11.3795
12.2392
14.007
12.6791
10.3723
10.4432
14.2312
12.2073
6.65303
13.2364
11.8157
11.8272
5.45917
13.4851
13.422
11.5835
14.0071
14.8497
11.0721
14.1178
12.9585
8.34687
9.60131
12.4922
12.8401
11.9376
9.05489
10.4015
10.6697
5.98636
10.2683
13.1164
14.3495
5.65039
14.69
13.8436
12.2323
8.80959
12.8014
10.7731
9.9083
8.64644
14.1373
14.2622
7.60925
13.8245
14.8948
13.8272
11.1798
10.8119
12.0076
14.0412
14.7373
10.318
6.37397
10.6832
13.5164
12.8481
11.6661
9.40474
11.9494
13.1847
14.5694
11.2775
14.3497
8.9132
11.889
13.3283
13.4959
10.6101
13.9905
12.8001
8.00018
14.5097
13.1188
13.5686
14.0624
10.6815
10.6634
14.3768
13.9243
12.4268
13.5173
14.2764
9.14584
11.3019
7.97385
6.01247
11.6937
13.249
9.57625
11.047
10.502
11.5914
13.4925
8.42179
11.6674
10.7587
11.6548
11.2566
12.3247
10.5938
11.1888
13.3379
14.0393
9.45622
11.3661
13.9102
8.55325
14.8444
13.018
9.52443
12.8367
14.2813
12.5901
11.3722
11.1854
12.8804
6.2155
14.1103
8.25608
14.1434
5.41077
13.8217
10.1378
8.79098
7.174
7.30942
12.4229
12.3777
13.0653
14.3946
12.9129
14.4205
7.49259
11.7043
13.0553
13.9344
12.7742
13.8377
14.4605
13.6058
14.1186
7.48738
6.49035
11.6217
8.33774
9.66146
13.5316
9.92882
12.0615
13.3898
9.0747
8.69417
10.4347
14.0822
13.4745
8.43805
13.6593
11.416
9.75592
13.0495
5.9413
11.3773
13.8301
13.2255
6.05923
12.2938
10.0672
12.7421
10.259
12.3875
12.3888
12.8954
7.64976
7.00962
14.4674
10.6313
14.5704
13.2378
12.7185
6.77229
11.2391
13.524
10.1007
12.1438
13.8608
10.52
9.51593
14.9511
9.15533
13.527
10.0449
13.3529
5.57628
11.0312
10.9711
8.72045
7.32237
11.4724
12.6573
14.7768
11.7733
14.1299
13.4268
14.7963
6.07945
5.47706
9.33128
4.06328
6.43197
14.7272
10.0396
12.0501
13.9183
10.807
14.238
11.5662
11.5678
13.0139
13.2244
11.3543
11.7218
13.6399
14.4162
13.5167
6.7421
10.31
3.8459
11.1993
12.0507
7.80033
8.41638
14.8174
13.8581
14.4502
8.97624
11.5335
9.9049
14.2582
10.512
11.033
8.51501
13.6585
12.1844
8.86943
7.32758
13.0614
12.6356
14.4735
13.4059
14.7254
12.6972
12.2266
14.83
8.9332
14.9513
14.0735
7.74313
11.8936
14.6438
13.9267
9.567
14.5663
12.4188
8.82238
11.4057
10.544
10.8585
8.44699
14.031
11.6241
12.2906
5.45727
13.1809
13.9962
11.3913
11.333
6.14857
13.4168
11.6584
7.56662
8.07437
9.29341
8.62002
9.49888
6.50353
8.60567
12.4449
12.6433
9.64538
8.7573
9.93789
10.3331
13.1077
14.553
12.6506
6.51516
11.9487
8.84176
11.7502
8.64996
10.5637
13.8191
12.2428
11.2952
14.0226
10.8577
8.95132
13.1226
6.24427
11.8843
12.4201
12.0855
11.799
12.2312
11.2334
6.87551
12.2849
10.5192
11.2831
10.5978
14.0181
12.5002
8.30815
10.5264
6.16403
14.7975
10.4425
10.2022
9.55358
10.4163
6.1611
6.34617
8.8193
6.45818
8.6261
14.2257
13.9585
10.6214
9.81471
12.3333
10.7487
11.4906
12.3331
12.2823
6.24158
11.1827
14.1603
12.6198
10.6996
14.7392
14.4276
14.5539
13.6471
10.6155
14.7788
6.78047
14.4764
10.4057
9.72749
13.4691
13.9866
13.2645
5.86134
13.1987
5.86326
7.68817
14.6518
12.7049
13.1338
10.0307
10.0109
9.5038
11.7739
11.5872
6.01754
7.99102
13.2719
13.812
12.7794
12.7781
10.3565
11.2137
13.6909
12.0057
9.59064
10.8696
12.7483
14.2441
8.63587
11.3629
12.735
9.02905
14.7876
9.61562
12.6123
13.2118
10.4479
14.3512
10.3235
11.7247
9.23771
9.1974
14.0801
9.35757
11.2362
12.5286
14.1114
14.4037
11.7763
11.8171
6.32372
12.4063
8.3486
6.13902
10.0044
10.9492
13.0171
5.66842
13.4604
12.3972
14.3513
12.0555
12.4566
10.4047
8.08538
13.9227
14.3491
8.48184
14.9136
11.8985
9.7086
13.0954
8.95331
14.9635
9.77219
9.46269
12.6983
8.30003
14.7386
12.2926
14.3605
11.2467
10.074
10.7324
11.9137
9.66557
12.8946
13.535
12.5383
10.2021
13.5954
5.70223
12.9836
13.4174
14.9393
5.57318
9.92746
8.22965
14.3642
11.1508
6.47901
9.73554
14.752
12.8197
14.0741
8.76925
13.3792
14.2974
12.5714
10.6679
8.61629
11.1444
13.6475
14.273
12.2758
7.28651
9.45861
14.9499
13.8982
12.397
10.9162
9.42862
8.19622
10.9337
14.9091
12.2981
14.5554
11.7256
12.1132
10.1919
11.6004
9.2939
13.4768
11.2811
12.0861
13.9054
14.4366
5.39622
5.85138
9.43172
10.0489
6.73976
8.99607
11.2904
9.85322
6.18466
14.4887
14.1228
9.96037
5.50342
8.48814
10.2708
11.3118
10.6609
12.5485
11.2174
12.6808
14.8074
9.25573
13.1382
11.735
7.65972
8.37968
13.7569
12.6446
9.88791
14.9327
9.57408
8.94317
14.4244
9.74966
14.7699
14.2935
12.4522
14.5363
10.4711
14.324
8.47636
10.3543
12.4973
12.6615
14.2414
10.3884
13.3083
14.4742
13.5772
14.0301
14.5407
10.5005
12.5202
11.7265
7.74805
8.46028
14.6443
13.537
11.1176
11.9109
10.6612
12.9985
11.5966
11.3793
13.5055
11.8211
13.7852
10.6082
11.9258
14.6942
10.0629
14.6303
13.2898
9.93791
11.9153
10.5253
11.156
10.9761
11.3242
10.2554
14.1172
9.90358
8.75125
8.85292
13.99
10.2499
10.1502
10.9232
13.681
10.2599
9.52355
11.2509
12.8531
10.2435
14.3052
11.4995
8.5045
6.63905
12.8984
14.4337
8.70266
9.73654
12.5196
14.8819
8.82172
10.6772
14.1725
5.97889
10.3934
8.56315
13.3742
8.99237
10.5774
14.5719
14.53
10.0814
10.3213
14.3908
12.7526
14.1643
13.4024
12.363
10.368
9.16566
12.4875
12.3743
8.9748
12.6045
12.1619
10.333
13.0849
12.3622
11.1777
7.39804
12.2587
9.89496
14.9942
12.9497
5.8009
10.3073
9.12494
8.66497
6.28045
8.70906
9.35766
9.73227
14.3561
13.1076
9.96735
12.3743
11.0927
11.4794
11.0576
11.4479
10.3257
14.298
9.9601
8.72725
13.94
12.5981
11.3897
14.4151
10.9869
14.3679
12.4191
14.2335
11.8507
13.943
13.2018
11.7029
13.1054
9.65741
13.2796
10.449
12.527
11.0146
14.0621
11.7432
10.7831
10.4037
6.61699
14.914
12.0173
11.6257
10.9451
8.40634
7.97176
9.1664
8.79202
12.3531
8.506
14.0366
9.86018
12.081
14.112
10.9749
14.3511
5.08472
9.57773
14.3508
14.9599
13.269
9.94522
12.3408
11.6056
13.2763
14.2804
9.90031
10.7489
12.771
6.10499
14.0739
6.77552
8.65133
8.92803
9.6855
6.33385
14.2865
9.06755
11.8748
8.64588
9.04917
13.5477
12.757
12.1583
5.9762
13.8681
11.8538
10.7903
9.04572
9.84334
4.90202
14.3185
10.5533
10.2037
14.5351
14.5557
11.0543
10.7279
14.2103
10.3778
11.9723
12.908
14.5697
12.5876
10.5554
14.6521
6.2401
10.3663
12.3794
13.9403
10.0501
10.9435
6.22968
13.0946
10.4483
14.159
13.7776
10.1664
14.1123
12.2814
12.7999
6.38357
5.51516
12.7126
12.265
6.30372
10.3246
13.9406
12.5388
13.4383
14.6257
12.3726
5.27041
8.63253
10.5204
8.62447
9.50832
14.901
7.85852
5.73723
14.7003
10.4809
7.1644
11.9132
10.913
14.7199
14.4385
7.65822
10.1199
11.9839
11.1964
14.5885
10.5854
5.96123
14.1548
10.0519
13.7416
12.186
8.69286
12.1632
10.6833
11.8784
8.65157
5.41965
8.20806
10.4673
7.95106
11.2943
8.61223
6.09928
12.5051
14.1105
4.46567
8.23477
11.5871
10.7165
5.35403
10.1459
8.38747
14.9829
10.7918
10.5267
6.62834
7.97752
11.4509
13.7612
11.4748
7.77595
9.28991
5.53431
7.64697
13.4095
10.3289
14.5989
13.4009
6.53545
11.4384
5.66778
12.5196
12.6812
8.64367
8.75921
13.2719
9.7619
13.7809
12.0432
12.7268
10.1353
10.0827
14.5482
10.0593
6.08291
10.0605
5.91771
10.1401
13.0432
7.36839
10.3528
13.3037
12.3813
14.3241
13.8804
12.9383
9.89751
12.46
11.066
14.4408
11.6969
13.8024
9.96059
6.20022
13.5914
11.1679
11.5208
10.2911
13.6064
12.824
14.7843
9.98833
13.6105
4.94146
5.7134
10.9676
6.42149
12.5815
14.1203
11.2219
6.92554
11.6651
12.6267
14.2007
11.9988
14.1101
5.44489
6.39422
10.0981
10.8087
14.9714
6.31383
11.2114
10.6722
13.5718
7.02397
9.65504
10.3052
6.80378
9.98898
11.9941
12.244
14.9864
14.3011
9.71388
13.7009
14.2037
5.98863
8.65696
10.5231
12.9865
9.87346
10.3081
9.77882
12.6483
11.1331
10.9761
12.6675
12.4971
11.4281
12.3179
8.57048
14.3064
9.3079
13.9475
7.34452
12.3585
10.1788
13.3917
13.0883
13.5749
9.13248
6.7284
10.574
10.403
8.5961
12.7898
10.6199
13.93
12.0302
12.1234
12.5162
11.115
14.3952
11.8496
8.31905
14.8816
14.5722
11.4664
10.863
11.389
10.0069
13.4535
13.4175
13.6599
11.2787
5.59954
6.25054
8.79036
8.58154
8.76954
10.1882
11.3488
14.0472
6.72919
11.4017
7.67585
11.1536
8.51159
10.603
9.70443
8.47095
8.62883
13.8156
13.2515
10.8158
6.70451
11.8654
11.8077
10.0007
12.5853
14.3895
13.5884
13.226
12.2957
12.8469
12.2918
9.81975
10.2075
5.61924
14.3566
11.585
12.5637
6.74178
12.2561
7.79373
13.4025
12.6308
14.5216
9.93828
13.448
12.8216
12.0864
14.0043
12.1956
13.0856
6.34103
9.79768
12.5562
13.8299
10.8397
9.97165
6.42205
13.1383
12.9782
5.70847
12.946
12.123
13.3152
12.3471
12.212
12.9349
13.6599
14.9735
8.78489
9.99653
11.803
6.51958
11.7692
11.377
13.5133
7.36743
9.40912
8.91364
13.5764
13.724
12.2301
10.5741
9.90171
12.3905
10.5072
10.7489
12.9023
14.1056
10.1862
12.3454
12.4843
8.62325
12.4393
9.96817
13.5187
13.9547
10.1293
12.2141
8.33172
14.5145
8.65171
11.5514
12.0571
10.6
9.86806
12.3915
12.3849
9.94378
6.20405
12.7426
14.4143
11.1774
13.323
4.19208
7.99726
13.4412
13.8167
9.9169
11.5093
11.4555
11.4469
13.5702
10.2572
13.2649
14.1242
14.0714
10.1541
10.983
11.9653
7.24277
10.2118
14.8248
6.08058
9.4538
14.0229
13.6755
14.6414
9.74053
9.19818
13.3159
14.1631
14.044
8.5204
10.4977
8.74298
7.1426
14.7839
13.8633
14.6506
8.93332
11.7448
7.66118
13.879
9.26895
14.6122
14.2678
13.0718
14.7773
9.52874
7.31186
11.1116
12.293
14.8026
9.33787
10.8922
10.9966
13.0647
12.6744
14.7795
13.9688
7.97323
13.7835
12.7733
11.1212
14.2031
12.9469
11.6275
12.0823
10.5924
7.98061
5.75097
11.8571
12.6159
11.2441
13.279
14.9715
10.9202
8.61323
6.31389
8.63198
13.3929
12.6706
10.8093
14.8557
14.3764
13.4956
13.9305
12.3308
8.88327
7.98831
8.10016
6.22764
14.9214
8.75624
14.9822
9.00736
8.70807
9.59004
13.9768
14.3311
13.9194
14.1067
10.3115
5.92122
14.4143
11.8335
12.5196
14.6255
12.0116
12.4024
13.6908
14.4641
9.94758
14.4639
11.7616
13.8505
10.1667
14.875
11.426
9.64013
12.868
7.55006
10.189
8.27278
14.6234
14.7356
6.82872
14.6549
14.8597
9.92621
10.1118
9.37547
13.1695
8.71568
12.0641
8.25265
13.0649
9.74719
13.4642
14.502
11.2325
13.8374
5.85621
13.4717
8.29849
14.6805
10.1833
13.2495
5.54639
6.25721
9.97422
8.43593
10.0919
8.69884
14.3096
6.01157
12.2144
6.29245
12.1783
11.0027
10.94
6.28588
12.5561
14.806
12.353
10.9737
7.22295
11.4882
11.6203
7.87882
9.82519
10.6332
12.322
13.0298
10.7899
5.84525
11.2068
13.7911
13.0284
10.974
12.7311
8.5711
12.1918
14.113
6.21924
12.678
13.8005
13.522
10.7072
13.3855
13.5272
13.7757
14.0974
10.5876
6.41536
10.2537
10.9097
13.7346
6.34684
13.7565
10.3381
14.4616
10.6319
13.5309
14.1783
11.5895
12.1672
11.8156
14.9345
14.0153
11.0803
14.112
5.18046
12.2151
9.57852
10.0389
9.70573
12.5256
8.41376
11.6892
10.3168
8.77579
6.05484
8.24932
9.89183
6.59731
11.7853
10.9298
12.0813
5.36746
10.65
14.8796
13.5077
5.99734
12.9483
14.6719
13.3344
6.96355
13.4774
14.7296
7.09157
14.6668
13.6102
10.498
14.9545
12.9759
13.1777
14.4034
14.3723
12.4497
14.3177
11.0737
13.3134
9.4868
9.88274
6.34967
14.496
10.7003
14.1401
10.9
13.9439
10.3106
13.2723
10.2346
13.1148
8.44983
14.0117
8.50331
8.49891
10.3918
13.2207
12.9159
14.8848
11.6858
9.92253
10.4206
12.0948
13.2033
14.3541
13.117
12.9922
10.7482
14.1837
9.60521
6.04686
13.1249
11.118
10.8252
14.2003
12.3611
12.6408
11.6535
9.53169
14.0678
6.51761
14.1716
9.47898
8.79096
14.1614
10.5103
12.0516
14.879
5.05657
13.9335
10.6593
7.66227
13.9447
8.24957
14.0164
6.13631
14.7297
12.2986
14.7011
14.4797
12.4072
14.7248
13.3573
11.4827
9.69638
13.8153
12.9373
9.68692
10.1806
13.2665
14.3323
10.6839
12.2167
14.0084
5.8609
13.8947
11.6013
12.9361
13.39
9.67661
12.9407
13.1556
8.52484
10.718
12.712
9.03077
10.1652
13.7033
12.2659
9.97073
11.3956
13.7027
13.4374
13.3077
14.7403
11.8321
13.8218
6.07127
13.4228
5.66299
13.9363
14.6738
10.8268
5.25249
13.0944
12.8851
8.90935
10.3368
5.98956
8.22462
14.1273
11.3172
9.48043
8.76479
14.1326
14.6384
13.9281
4.02069
14.5293
14.4423
11.2992
11.0553
12.8986
9.81027
10.4433
9.48717
13.0494
13.8335
10.4467
4.77765
13.9551
14.0334
9.82653
10.1094
13.5832
12.3054
6.61275
11.9607
9.3013
8.76564
11.8559
7.85586
9.71636
14.0761
5.91909
10.136
11.292
10.2794
10.0554
11.0088
11.5572
11.8764
13.0186
10.2863
10.8284
9.05087
10.7504
14.4389
12.0334
6.15149
12.3178
9.85659
10.5521
8.64372
6.15697
10.6047
12.7796
13.4542
9.86253
12.4159
9.10188
8.81164
9.63208
8.85133
14.1292
6.55041
12.2166
5.6777
14.2461
11.8345
14.1254
14.6719
11.7751
14.0558
12.1537
10.0141
10.6
13.5826
13.0975
14.6325
10.1171
12.1909
14.9242
7.73585
5.57758
6.86718
10.9828
8.57778
14.9795
9.54182
12.947
13.1355
8.26092
14.5226
8.70064
14.9044
10.5336
9.60854
6.16035
10.4789
11.1523
9.26208
9.90168
13.3605
14.2114
9.40908
14.906
14.8778
9.04698
9.38358
10.0603
10.1841
12.1389
14.2614
11.5872
14.2412
14.798
12.7321
11.4778
10.1269
14.3834
12.1413
8.60609
10.1524
10.9169
12.663
14.4771
8.6431
9.90807
10.4904
11.8401
8.97124
8.30706
10.2269
12.7077
14.6978
8.79799
13.4377
12.582
13.5891
12.0535
9.52002
14.3969
11.7922
10.8789
13.8144
11.0468
13.8951
13.9266
14.2948
11.9019
14.0717
13.9968
14.3278
8.79867
13.1925
9.58124
10.143
13.1433
9.07551
11.5686
7.488
12.0368
5.31025
8.4396
13.4729
11.9525
10.9596
12.4427
13.4011
9.9929
6.32447
10.7755
14.1807
8.45263
12.3007
12.2362
8.51902
12.1303
12.5283
11.1558
6.17727
8.41446
14.0403
11.7329
10.6005
12.8602
14.5923
13.3669
14.0676
14.8106
14.7539
12.7721
13.9326
8.13176
10.544
14.1175
10.7053
11.7944
8.67184
8.43466
10.4062
14.0432
13.0453
11.2351
11.8813
9.08737
13.2223
14.5467
10.5199
12.7522
8.70978
10.3205
10.0027
11.3133
14.3344
6.44366
5.73888
9.56967
13.9157
12.124
9.63969
10.6794
10.793
11.2605
13.3948
10.8012
12.9535
9.83324
14.1461
9.36985
6.14742
6.10013
13.233
9.5955
13.6255
10.3805
10.6879
11.1955
13.3356
9.24788
5.98613
13.7811
11.4615
14.8684
7.44038
11.104
14.7102
14.0201
14.9467
11.3986
12.8552
11.8745
9.74557
13.8039
14.1981
12.3248
10.7914
7.27381
14.7223
10.1374
8.72386
10.0624
11.6019
13.3383
14.6229
11.876
10.6209
8.7627
12.377
12.2407
8.74002
12.2677
9.93712
12.2414
8.57664
10.8375
13.4847
12.2091
12.3515
8.43973
12.0922
12.1422
14.3436
13.4296
10.3294
13.6615
8.28141
7.99041
14.3293
12.2904
12.3001
13.8612
9.86524
14.8757
10.6294
8.39129
13.9092
12.0598
14.7665
13.4793
12.0995
8.55489
12.3288
10.7687
10.8696
8.08312
9.25827
14.8524
9.57144
10.0963
12.0243
9.92486
9.10239
14.3423
11.6009
14.0569
11.9517
13.7062
9.88739
10.5877
13.3289
6.29277
13.1035
14.7472
12.266
11.4206
14.2238
8.74816
10.4455
13.8668
14.0618
12.1667
12.7812
14.5149
13.071
14.8136
12.4654
11.2476
8.87288
12.3556
12.7234
13.3978
12.0091
13.8076
9.67423
12.105
13.8153
11.4433
11.3209
11.6783
14.8931
14.6598
14.6564
7.88062
11.3087
11.546
9.91196
14.7851
10.1817
6.47585
7.88702
8.20372
8.27291
11.6889
9.96013
11.62
8.31176
11.536
6.86139
9.0732
9.34868
7.23425
11.7709
14.3005
8.03029
5.47504
7.51379
10.0509
9.52748
13.2101
7.76629
9.55002
8.05862
13.5028
12.5355
10.246
13.778
14.6391
12.5206
14.0948
9.88294
11.6056
10.7653
11.1533
14.9312
14.4571
11.8187
10.8525
13.7507
12.5181
9.95795
12.0494
14.5909
13.4493
13.7637
13.6976
9.33175
13.1041
10.595
14.4773
14.1945
12.2025
10.2935
11.2683
13.0501
13.1677
9.55918
12.1475
12.7285
10.7947
11.6596
8.67821
5.99462
13.1597
12.7694
13.2137
8.61564
14.688
6.13131
11.423
13.0948
9.06919
12.1291
11.8125
11.4322
13.8326
13.1407
10.2123
7.83685
9.73559
9.26007
11.5344
9.00536
12.9166
10.1119
13.8686
14.5845
14.4032
12.6451
11.6646
14.9774
13.4137
9.80922
14.5465
14.0097
10.6493
13.5657
14.7296
14.4326
12.4985
14.4569
14.6679
10.4419
13.6742
12.5789
9.44108
10.4763
10.08
8.36269
9.55237
10.7291
11.2041
8.60483
14.3182
13.9565
13.7042
8.91938
6.34005
10.9509
9.6592
14.9574
13.0102
9.23645
12.2951
12.5249
7.72549
4.98834
11.9954
13.5304
11.9821
8.11058
10.8511
9.24323
14.69
11.3984
8.44907
12.6157
12.4894
11.9592
13.7197
11.7136
13.7962
14.3602
12.6087
9.46929
13.5013
14.9791
11.4095
8.2073
14.7145
9.28852
13.8017
10.67
7.45847
14.7893
10.8721
9.18451
13.4438
11.1763
12.3988
11.539
12.7736
9.52432
14.7454
13.6816
14.4013
9.78046
10.1976
12.0634
11.4836
10.7226
10.4547
14.3661
14.5022
9.77012
9.93256
10.1176
5.59027
11.322
10.5376
8.27533
14.6835
10.9218
12.6289
13.0211
10.3575
14.3439
8.38185
5.92762
12.5575
14.9211
14.2007
14.1982
9.44002
12.9881
13.4752
13.73
14.5167
11.9828
14.8114
13.1675
7.24046
10.9682
12.553
11.0056
13.8124
12.8274
14.9229
8.19993
9.04945
6.77822
14.2374
8.36163
10.3864
13.2879
13.3288
6.10251
14.4665
10.3639
14.3188
12.0525
14.6666
6.91134
13.566
12.6707
8.1759
11.746
14.9959
13.2225
13.6393
5.60334
11.986
10.3012
6.12601
12.4148
14.4141
6.32054
9.27763
12.9528
12.0294
14.715
14.9699
12.1252
10.7061
6.11119
10.8984
14.4256
13.2729
10.9648
12.8972
14.6951
14.9325
7.47537
13.1806
11.0628
13.7064
10.2869
10.5025
5.53455
7.76697
5.63416
13.8874
10.2984
14.7196
12.8013
8.45008
10.6459
12.2589
8.80701
13.5427
6.3728
13.6075
13.06
9.2991
10.6184
14.9191
9.9721
14.16
11.6938
8.1893
11.8264
12.2361
12.0687
7.32899
10.1761
6.67387
13.357
8.72731
13.0413
13.7521
14.9647
13.4461
13.2979
11.3221
6.99833
14.2074
14.4679
6.16099
8.69539
12.4719
10.0681
14.3574
6.35005
10.6549
12.4734
12.6735
10.0313
10.7721
14.9124
6.24817
12.7873
10.8941
14.6983
12.8465
11.709
13.9347
13.9525
12.5171
12.8105
14.628
6.2848
10.6051
13.435
6.2743
9.31572
7.98113
14.3614
14.1212
8.73408
12.2309
13.1599
10.4085
12.5919
9.39809
7.71972
14.0016
10.699
12.3003
14.5293
12.4535
10.1993
11.022
10.6288
6.55546
10.156
13.2387
10.7166
13.3377
11.8944
8.71151
7.80905
4.74392
5.38375
13.6403
14.5015
10.0941
11.7613
12.2399
9.02383
8.59219
13.7548
10.2693
8.65064
7.05148
13.248
13.0377
7.44307
12.5446
10.4174
11.4468
13.2555
14.962
12.3302
9.96411
14.577
13.8189
11.5931
13.7657
9.92602
10.6984
10.5923
13.0253
5.98207
13.788
14.7165
12.3136
8.53479
14.6177
12.7296
10.3976
10.5078
13.8379
13.8854
8.26007
10.4481
13.3464
10.4266
14.7643
11.8746
14.5125
9.64045
8.74867
11.4383
14.7735
13.559
10.976
13.4079
14.8012
13.2675
12.6986
14.1836
11.6025
10.2211
14.9868
12.9019
12.4931
13.5075
9.4107
7.41421
13.4135
9.36838
6.54925
8.50179
6.03567
9.63585
11.1171
13.5812
10.8524
10.3521
7.5889
14.4613
10.6153
7.86454
9.21116
14.7044
12.0406
10.8337
14.5494
11.5699
14.1921
14.1654
14.842
14.3855
11.2024
14.5746
11.6735
10.2762
14.5962
10.5109
9.68959
12.5393
10.4282
11.0775
10.3291
13.0619
12.5479
11.9898
7.89511
9.82688
11.6575
10.0949
13.4557
8.91415
12.3289
11.2847
14.5936
13.2607
11.3105
13.7886
13.0475
12.926
13.846
14.9946
14.9237
12.1754
14.2394
5.72084
13.2919
13.1502
5.76903
14.3086
14.0208
13.4711
14.5051
9.66182
14.7796
8.09506
5.67407
13.475
9.98441
14.1087
13.0795
6.37925
11.8333
8.4823
12.0845
8.21485
9.64353
14.3619
6.12809
9.8394
10.3439
11.8531
10.018
13.5153
9.40622
11.968
10.571
10.3845
13.9487
13.2919
8.83725
14.465
12.6202
10.009
12.8691
6.68681
11.6426
13.1599
13.3804
5.8379
12.3647
12.2428
10.8188
8.26902
12.461
8.66681
9.29077
10.9577
10.2588
14.5363
11.3805
13.503
12.9146
13.4774
10.9827
13.6972
10.6673
13.8735
14.2239
9.40651
14.7983
8.0906
12.1631
5.42196
14.3062
11.7971
13.8469
12.4955
11.6695
12.8859
9.47591
14.5191
10.826
12.4176
11.2679
14.1747
14.6193
9.78857
14.9195
14.613
10.8421
12.9586
9.69417
12.6836
10.6156
7.64532
12.9202
10.4129
10.7229
12.6332
8.2901
13.0909
14.5707
12.205
14.6453
14.5821
12.4172
14.8532
12.6318
14.5306
13.3226
12.7836
14.0907
11.0753
12.3215
8.19774
11.98
14.5046
6.28056
6.69043
5.6881
11.8303
12.0005
14.4776
13.1824
9.98329
13.6903
10.2558
13.5261
13.866
9.62981
10.1194
13.8339
7.48986
12.4804
14.0797
13.0478
14.8948
13.745
9.93196
12.3195
8.24163
8.61163
14.3277
5.87463
12.2226
6.48874
8.74618
8.56964
13.1766
13.6829
12.1931
8.84678
11.3499
12.1172
11.7045
9.1847
13.3273
12.8282
11.358
10.2229
10.8693
12.7828
13.5896
7.95154
12.578
10.1752
9.10798
10.8941
11.682
12.7655
14.4295
7.10497
6.35187
12.1485
10.7084
11.1954
14.1202
13.4552
12.0987
12.2977
8.95904
8.40088
13.0853
12.2218
12.8514
14.1995
13.7702
9.08417
13.4228
5.70044
10.3925
13.3063
11.8451
14.036
8.99697
9.5842
12.3335
14.7977
12.5775
14.9531
12.9592
12.8614
10.0542
12.8423
8.83592
8.1587
9.36787
12.2359
14.1427
13.2418
6.37946
7.72529
13.6596
14.3343
14.4316
12.6708
10.213
13.323
12.9594
14.7092
6.06227
6.56605
14.7894
14.2836
10.8009
13.1522
12.2918
8.57297
9.42295
13.4204
7.08351
14.3674
11.409
14.615
8.43951
14.6068
14.6833
13.3464
9.89252
12.6388
13.8965
9.68244
13.1857
9.75613
9.34619
9.92688
13.3902
5.67787
14.8274
13.5968
9.38651
11.7446
11.2957
14.8156
10.36
9.95641
12.8077
10.4138
10.1134
10.838
8.32217
7.00515
13.2322
13.5299
8.00505
14.1419
10.7858
11.02
10.8027
8.57681
12.4627
12.1634
11.2465
6.04888
11.8069
11.7427
7.60686
14.4887
12.1374
9.82444
14.5241
13.4516
6.06104
13.615
12.543
11.9428
10.2837
8.31869
14.3977
9.03671
8.65631
11.4636
8.49668
13.2324
9.69627
14.3481
12.0442
13.483
10.9106
9.58312
13.2283
6.21295
14.3951
11.1398
13.3145
12.4289
13.1923
11.1829
13.7297
12.6331
14.2427
5.17185
14.2247
10.4603
7.09365
13.846
9.32037
8.68735
14.4711
13.1096
13.6661
14.6946
11.5835
10.3204
11.9131
10.6334
10.1534
14.6803
10.5113
9.92976
10.966
12.6182
9.10371
10.696
11.2805
11.1846
13.278
14.3291
11.5453
8.50916
13.9508
10.081
13.744
10.9299
6.03572
12.0443
5.89093
8.47798
14.4731
12.2687
9.61636
8.55976
14.6567
14.3865
14.758
12.8876
10.4064
9.90671
11.4923
13.0192
12.868
13.6479
14.792
14.7309
12.1815
14.0219
13.9686
14.5496
5.60058
6.17044
11.3953
8.03988
12.0867
11.531
13.7209
11.7358
14.8703
9.40267
14.0412
10.8875
14.3645
10.0111
14.1648
14.9593
10.1192
9.64928
9.16539
12.0395
9.79556
9.35605
10.4946
10.3502
9.06899
7.0823
9.15129
11.6886
10.7887
14.2043
10.9185
11.4405
11.4074
10.6744
13.2744
10.0468
13.606
11.721
9.04551
11.2383
12.4635
10.6194
11.2387
12.8128
6.25769
14.4142
14.6654
9.98386
10.6655
9.43288
11.3366
10.3233
8.06471
14.2447
11.4492
12.9825
6.24436
14.891
13.7041
8.43562
14.0129
10.1232
10.4478
13.0013
14.3863
13.0621
12.0792
13.137
10.3108
14.1688
9.85065
12.092
13.4909
10.4612
8.48761
8.75137
10.7934
8.52573
12.5711
14.9459
12.1655
13.0584
14.9293
14.8956
8.62858
6.22596
12.256
9.61174
14.6679
12.7542
11.3027
11.827
13.6506
10.0036
12.9913
12.1872
13.3771
8.48378
13.976
11.8969
10.3935
13.6164
9.46581
14.2982
13.3453
7.47653
12.949
9.28324
13.9354
13.3245
14.3586
8.28825
6.59029
14.1325
9.73983
9.05369
12.4495
11.1214
14.9322
11.857
11.19
11.255
8.35795
13.4977
14.2691
12.2711
10.8241
11.0639
8.35853
6.43373
9.71796
14.1026
14.6025
14.8668
13.5962
14.4766
14.9543
13.5482
10.7205
13.9719
14.267
13.166
13.459
9.91263
13.7744
9.97117
12.3784
9.80719
6.74875
9.76165
6.11026
13.735
8.41493
8.20104
10.7722
10.2926
12.8342
11.3979
9.99868
14.1013
12.8794
13.1695
14.135
8.25274
9.61998
9.57359
13.902
6.10175
10.0279
6.7678
10.3917
11.3845
14.8905
14.9637
12.8028
11.4997
12.6521
11.9738
11.1196
14.2058
12.6104
11.0301
14.5171
9.17868
5.15574
12.8942
10.2319
11.4383
8.42239
11.8325
13.478
10.5066
11.6422
9.92066
6.88839
14.7223
12.8895
5.65589
10.0962
7.00031
11.6819
9.61739
8.79594
13.8708
7.81274
6.0536
11.2646
9.69238
10.9421
8.68503
10.0542
11.009
6.35246
12.7047
14.6037
10.3059
10.9152
8.74057
9.94711
6.38581
8.74207
10.944
10.7853
12.3141
13.7257
9.79705
12.7307
8.50293
9.93057
9.16039
12.8526
11.907
6.07632
6.22801
9.04098
10.5428
13.1692
8.34735
10.1868
7.12114
9.10033
14.4836
14.598
6.73198
13.9916
14.4326
10.032
12.9229
9.77595
13.8651
8.76463
12.8467
13.5952
9.3819
12.4958
14.0294
11.6598
11.5451
13.7058
8.24327
13.7967
10.026
13.0179
9.56419
12.1968
8.1252
14.6428
12.081
9.35513
11.0298
12.72
12.3142
10.9468
12.6251
6.31617
9.8468
11.3578
12.5559
10.3271
10.986
11.7037
8.8857
14.8733
8.9438
13.5112
6.91023
14.2386
9.68487
13.6898
8.72483
10.1883
11.2005
12.2034
8.54195
6.99987
9.25221
12.8451
6.35152
9.02239
9.12464
11.3335
12.9662
14.6054
14.0123
14.4028
14.9033
11.1726
12.6605
11.0691
8.97054
11.6403
11.0919
12.0516
9.65482
13.0842
14.0933
14.9725
14.7131
12.5846
10.4385
9.06302
7.19918
14.733
12.613
14.8526
8.57008
13.6938
11.0001
13.9581
7.31998
13.4385
13.7332
9.60868
13.1326
11.3511
9.53771
12.2018
13.0991
13.463
13.6089
11.7485
12.2839
8.60889
11.1242
6.03939
8.15706
13.2917
12.7732
7.61778
14.15
14.8522
14.0344
13.9737
4.21822
12.332
12.0968
13.2811
11.1134
8.53431
13.2152
6.00946
14.4183
13.8274
8.92393
13.2541
12.2862
13.2782
9.37724
11.9258
12.4993
9.76897
13.4388
13.9051
14.2683
14.1915
13.9236
13.2297
14.3776
13.9463
11.4841
10.6141
13.5091
13.2924
12.6783
8.73871
12.0636
12.2256
14.9933
14.7382
14.8554
10.4861
10.7404
6.6964
8.65741
13.3583
14.3701
14.8436
11.9976
14.8968
8.5804
5.7211
11.599
11.2735
9.69912
10.7194
8.83514
11.5944
13.2244
11.6585
14.9011
9.5387
6.34023
12.4043
6.16121
8.7409
8.36873
13.887
8.75829
14.7336
9.80741
14.9332
6.50788
8.83338
11.3747
13.1451
14.2489
14.1491
6.79996
12.5519
10.0997
11.8373
12.3771
12.1664
14.7007
5.63899
14.5278
12.9078
12.5958
12.2416
10.4932
10.4218
11.4152
5.16714
8.43625
13.8775
13.4971
12.3088
7.37407
13.4674
10.4179
7.34738
14.8862
14.6664
8.65565
9.87897
8.50127
13.9516
10.5983
11.9939
10.3052
9.43169
13.1205
11.471
13.2639
13.9122
9.8727
11.4525
12.9066
7.88769
12.8026
14.9194
6.02139
11.3804
13.1867
11.2548
14.6511
9.83635
12.7692
13.112
12.7312
11.054
13.1134
14.7696
10.2209
11.1969
14.7949
12.7739
14.3778
11.2771
11.8225
10.8687
7.20789
9.49306
11.5466
8.84917
6.65064
8.68889
11.8567
14.6802
13.4816
5.78087
11.699
10.3216
5.92417
9.61314
13.8502
8.33324
10.6091
8.9477
10.5139
9.18973
10.8284
9.84381
14.1224
13.8375
11.7826
10.309
14.1715
9.34921
10.7496
10.5092
13.5379
10.8989
13.1188
10.3913
10.9441
12.6399
12.242
7.12192
6.25528
8.72903
10.5844
12.1796
6.4563
14.4604
10.0212
11.027
8.06569
5.08371
14.3299
10.3378
4.57269
6.19542
14.8763
9.43218
14.2148
11.807
10.861
14.9661
13.5138
13.8768
14.7652
12.4937
8.30234
14.1812
10.5485
13.7431
12.923
10.0818
8.42402
13.7212
11.1511
9.91252
6.52457
8.87715
14.659
8.95061
10.6629
6.32254
9.94037
14.9393
10.4572
12.8824
8.90563
9.7856
5.51303
13.1453
10.2061
8.07196
14.0388
14.7178
6.42713
13.318
13.126
10.2081
14.4517
8.34695
9.62891
14.777
13.1211
8.71335
10.9285
10.0689
11.1608
13.5288
10.2634
13.5518
13.5468
5.69742
13.8264
10.4197
12.2221
9.27519
7.21594
10.4976
10.0064
10.0411
14.2147
13.8479
6.38599
11.8771
13.9471
11.7284
11.2364
10.9733
12.4512
14.801
9.87303
10.2043
12.69
11.8231
6.47806
10.3915
8.82036
7.88976
10.2286
14.8337
13.0515
11.3596
13.7948
12.5131
13.6123
11.6353
12.936
14.8483
8.11808
12.2469
14.3567
6.21013
8.94213
11.5171
10.1568
9.45709
13.6809
12.6832
9.85504
9.69204
11.6651
8.23625
12.1398
13.4227
9.76038
9.66701
12.6109
13.8318
13.6752
14.3796
9.96903
14.0336
4.66442
9.23263
8.93831
12.1479
5.47216
6.19232
14.2489
14.7403
10.4298
12.2669
6.20931
11.9604
11.092
11.2151
11.9926
14.6824
11.7561
10.341
8.44183
14.5376
11.2222
10.5421
14.6329
7.64292
10.2838
12.7236
11.1094
13.7732
12.694
12.8109
11.6947
14.5912
14.3415
14.4011
14.2563
6.79576
11.1103
13.645
6.13303
8.68967
13.2148
11.0633
14.6344
5.62035
14.5081
10.3571
13.9812
11.4329
5.56921
13.7676
5.81976
11.9293
11.1334
8.31893
14.5325
6.77075
14.2515
7.66275
9.57504
13.0623
12.4119
9.4651
14.6234
10.6352
13.9343
5.21424
11.6213
12.8179
10.3272
9.67881
12.4597
14.6681
14.8998
9.37405
10.0299
8.73139
8.1059
13.8856
14.597
12.0006
12.5805
8.84366
12.3183
14.5128
13.409
10.3764
12.008
10.9538
14.228
14.2494
11.206
9.84532
14.7426
12.1744
6.77796
9.80813
10.5691
6.95434
13.9233
10.2035
10.2631
12.9417
8.27296
12.6957
9.90035
12.4811
6.19834
14.8592
14.7431
14.7483
13.4018
14.3559
13.5992
14.3843
10.8453
10.9804
13.6963
12.4572
8.67631
11.267
14.1153
13.961
12.048
14.4542
9.39249
6.34743
10.251
13.3341
12.9703
9.55324
8.17728
14.9369
12.5287
10.3275
12.8427
6.18381
13.8956
14.8985
9.45012
12.3616
13.1776
13.7177
5.49041
14.9637
11.2834
13.8495
14.4373
14.6765
13.3086
9.70651
5.65846
6.27382
13.6745
11.8715
13.8765
14.8892
9.097
10.8692
14.6858
12.2584
13.9031
10.4329
14.8526
13.4289
12.0887
11.7343
10.4072
13.6091
14.8728
6.57894
14.5554
12.9848
9.80305
14.8883
11.6766
8.50157
14.4005
12.7477
6.77819
14.6997
14.9582
12.722
12.5212
9.73796
14.7899
14.6187
13.9022
13.2741
10.7603
13.8522
13.6272
13.9454
14.8604
13.1473
13.7846
12.8823
12.2444
7.52497
6.71061
9.02241
13.2303
8.22132
6.55578
9.72354
11.3504
11.5011
9.75637
14.5118
9.77434
9.16996
8.44859
9.20828
10.5456
12.958
14.7711
11.0915
14.4046
14.4093
14.3328
13.2683
9.50007
10.002
14.5006
13.7884
8.96287
11.0999
9.25636
9.50846
10.2072
9.32766
7.93253
14.4912
8.72116
12.33
13.3823
6.55589
8.41634
12.6638
11.8249
9.7612
11.9936
14.0589
13.1103
13.3666
5.88265
13.3536
8.80301
13.4172
10.3084
14.8349
8.44113
12.2757
12.0238
12.6106
5.92706
6.07365
10.9338
9.58591
8.7923
10.5756
13.2334
12.8298
6.74269
11.1203
13.8608
11.0146
14.6643
11.7425
14.1657
5.72125
6.93816
13.9586
7.32086
14.2978
13.5592
13.5881
14.815
11.1377
10.2742
12.3469
12.7105
10.5406
12.3961
11.4933
12.1344
8.00805
14.1201
14.8715
11.7758
14.3175
12.8779
12.9258
12.9126
14.2204
8.06316
11.4049
12.8692
10.8574
14.5779
10.7701
12.6876
11.9729
12.57
13.1865
10.6869
13.8381
8.53408
9.97049
10.9481
7.17507
8.11935
11.9311
10.9308
14.9599
6.25672
8.90378
12.8113
9.28506
11.2853
14.259
13.5735
11.1747
9.03393
12.4688
8.85727
7.80177
11.3177
13.3169
10.926
14.327
10.138
12.2684
8.71844
10.2814
14.284
6.27193
10.8999
12.4759
8.83925
10.1947
14.3605
6.25075
10.7026
12.1118
6.16585
8.4767
12.7182
5.93086
10.9113
14.4165
6.68812
10.556
14.8419
9.05073
12.8006
14.3038
8.67489
9.5342
10.0865
14.7958
6.12016
8.65964
14.3526
14.8197
10.1803
13.9033
12.6959
8.80413
11.9121
9.98325
5.97183
8.51749
7.23889
6.04217
10.6593
8.71626
6.68623
14.0706
14.2054
12.3266
7.78496
14.1353
14.6318
11.6239
5.23477
11.6082
13.2131
13.441
7.4524
10.1229
14.9627
12.2275
12.9581
13.6754
14.5727
14.5617
12.8837
13.1298
14.1975
14.4314
14.752
13.2324
9.83185
11.5492
13.0392
9.14107
9.60583
11.2065
14.9087
10.9209
8.25502
10.9493
6.02149
12.3867
6.51228
13.2376
14.8292
14.6822
12.3802
14.0463
13.556
10.9389
10.4898
6.17196
8.30551
13.0435
12.6179
10.5315
9.98588
10.1701
14.1431
7.64026
10.2332
11.2509
13.5904
11.7535
10.3042
9.48353
11.2412
12.1082
14.6696
13.015
14.4436
12.2272
12.8591
8.25527
10.4852
9.78817
13.3136
9.52954
10.6439
12.0904
11.7377
8.06042
14.1635
11.1707
14.3575
5.32792
13.4426
6.5973
10.5164
6.30415
8.70405
9.92307
11.6961
12.2161
12.6961
13.1661
14.4241
14.203
13.2494
14.6232
13.9839
8.6329
11.5672
8.79451
11.8902
6.15969
8.47147
10.571
12.6444
11.9271
6.07988
9.83092
10.8165
8.67042
12.4894
9.99838
10.9479
14.6316
7.19765
12.0742
6.38446
8.94611
12.1259
6.34731
13.4436
11.2832
13.8955
12.9844
10.5769
14.9568
12.273
10.4905
6.29169
13.0749
13.406
8.93258
5.85766
11.8947
14.4104
14.0813
10.6106
12.6451
10.8587
10.0487
7.87246
14.3349
8.62398
13.6816
6.14575
12.202
13.8548
6.23494
14.1422
8.41067
7.0992
10.7615
11.5295
12.8721
9.61896
10.4874
8.74471
8.97436
13.2718
14.3216
13.6243
8.34147
7.15523
9.64727
13.4292
9.41541
13.2511
13.7582
11.5809
13.8591
10.9557
6.13982
14.3066
7.72552
13.7519
9.03903
9.79847
12.0808
13.392
9.60523
8.51712
8.68982
9.64739
11.8443
6.0126
11.395
11.7522
9.36853
14.6084
13.8579
10.5919
13.0752
5.40915
9.29423
9.65893
11.9877
13.405
7.15415
5.88186
12.3302
13.8942
4.07861
13.426
10.7972
13.6618
11.6733
14.735
12.0731
6.8594
11.5977
8.34939
13.3715
14.2996
11.6307
12.2222
8.10153
14.2188
8.68132
10.524
14.2525
12.4981
14.4693
11.4304
9.3905
8.79344
8.51777
6.04239
8.92936
12.7707
13.8159
10.6335
14.9389
5.954
13.6472
13.7615
11.3979
9.47519
13.115
9.13129
12.0085
8.5368
11.5206
9.8537
9.0292
13.8765
6.38588
14.9534
10.474
12.6093
12.4334
8.87713
12.8985
12.1092
10.4155
13.8793
13.0442
10.2029
14.8495
13.3326
10.498
13.7077
9.93423
10.1426
6.16817
8.71924
8.76775
9.88351
8.90452
10.4216
11.7082
10.0061
13.9727
10.1506
12.2843
10.3969
11.4508
9.07798
8.81366
13.2618
12.1651
13.7225
14.6737
10.8067
8.60974
11.071
13.5086
13.6718
5.52542
11.7504
11.3807
6.89143
11.0703
11.1173
12.4138
10.0607
10.771
13.3354
10.9422
10.1633
8.81002
13.2565
13.4502
12.6022
12.7094
13.5837
9.09337
14.7985
11.9736
9.11702
11.5095
13.1453
14.6772
8.54613
13.0791
5.38688
9.65725
10.7534
12.3218
6.08975
14.4991
12.3511
11.4019
14.4461
12.4577
13.2819
9.05448
13.6619
9.68121
6.26839
6.29552
14.5409
12.1229
9.9012
11.2832
10.5016
12.3209
6.87683
12.3116
5.59726
11.0847
9.09373
14.6445
11.2863
13.0451
8.44596
9.43225
9.88735
9.58085
11.6346
14.5082
11.6058
8.45401
12.4991
8.72471
12.5349
10.5036
8.99442
13.5847
8.80977
5.29431
13.7556
13.5957
10.6191
13.9937
12.3575
14.478
10.5798
13.9949
14.0213
14.1246
12.514
14.5472
14.1588
11.0543
13.1546
13.8225
9.8199
12.0287
12.7732
7.65365
9.35647
6.11894
10.2971
14.7575
11.4279
9.7658
14.5606
12.0333
10.4187
11.9398
8.09717
14.8243
12.2386
6.29241
8.61657
5.87365
9.17671
10.0006
12.2854
10.1096
13.0865
9.67917
12.3494
13.7612
12.6581
11.588
6.35454
10.5655
12.6147
10.0078
10.9543
6.31571
12.5498
8.94421
12.2403
13.3675
13.1691
13.8053
6.24703
8.7258
13.6661
13.5907
11.5614
12.1506
10.1845
13.937
14.5438
12.3168
14.482
10.3587
5.81773
7.94958
10.149
11.1549
14.5077
7.41402
10.5789
11.7378
14.5726
11.8452
12.7652
12.7288
14.6468
12.6245
14.4572
12.1503
13.2722
9.99008
12.0558
14.1512
7.24915
9.55574
6.17677
12.2656
14.4128
9.51421
11.5181
6.11692
10.6458
11.7889
12.0873
14.7255
11.453
14.1821
12.3837
11.3657
9.44269
12.9861
12.5538
14.9979
10.6713
12.3958
14.3643
6.16137
8.74621
13.7085
14.4114
5.87694
11.7236
5.88285
12.8506
9.70871
14.2049
9.94573
14.1842
10.5081
8.71331
12.8754
6.08087
11.7805
10.1599
13.9624
14.6238
10.739
14.5307
11.3664
14.5842
7.43503
13.3642
9.31288
6.41606
12.8714
13.7816
11.5721
10.7371
10.7276
8.84192
14.7832
6.48369
7.80514
14.7314
10.2199
13.3155
14.2631
6.39677
9.28703
12.5388
8.6446
9.99863
6.45412
12.0219
14.85
10.5225
14.9287
12.506
14.467
6.05316
10.5212
6.31269
10.6563
9.9455
10.8027
13.3532
10.3191
12.1323
8.17427
12.5254
12.8342
5.78071
13.8951
13.4564
10.7166
9.85806
9.63892
12.4593
9.81108
8.61235
10.5048
13.448
8.14793
14.0333
6.37819
10.1628
10.8772
12.5095
6.17255
14.157
10.5404
9.68739
8.55386
14.2504
8.46515
11.5199
9.65987
13.1243
8.54124
12.3315
8.77145
10.9695
9.61121
6.02812
14.9682
14.534
11.4278
5.97282
9.56434
10.5124
12.0186
9.8865
8.35796
10.7584
12.9642
14.3762
6.1403
10.762
9.14415
11.9262
12.9327
6.25984
6.60382
14.1477
10.3084
9.81476
8.58003
14.2025
12.9594
8.57405
14.5255
6.32601
11.8199
11.9854
10.279
10.1351
11.801
13.4621
10.5751
10.5925
11.4742
10.8164
5.99877
11.0139
11.0457
11.8661
6.15574
10.1466
6.09061
10.2635
14.0124
13.9788
13.5204
6.99437
13.8376
12.1946
14.2146
13.4126
9.21035
11.8324
8.24688
11.1758
10.487
9.45693
14.4523
6.40661
10.5422
12.1872
13.0792
8.93288
13.9203
10.0996
10.3257
12.4682
10.0433
13.2274
13.2253
11.6622
13.3122
12.0002
13.662
11.5787
14.4476
10.7978
9.85579
12.4471
12.0355
11.7052
6.08936
11.957
14.9174
12.3609
8.63537
11.2362
11.9033
13.1027
9.35068
13.2207
14.2067
6.91181
11.1744
12.4136
8.72782
9.47124
14.7208
14.8305
12.3571
11.314
13.4932
14.5298
12.7085
14.3067
12.985
11.2976
12.7234
9.64473
14.3745
12.0828
12.3606
14.4385
6.23741
11.6415
10.1183
6.37145
14.2101
14.1402
8.38568
8.83107
6.06388
8.61189
10.3483
10.0073
8.82465
5.13292
7.99466
11.7971
14.2638
14.4863
6.23417
13.951
14.2501
12.2392
10.3078
8.64673
9.8013
6.34539
8.66447
10.7192
6.16606
12.2144
9.72125
10.0715
10.5594
13.0977
14.329
14.9178
7.27589
11.9517
9.85285
11.3093
14.591
11.0715
8.56019
6.25034
11.5045
13.4795
14.7445
9.93617
10.0247
9.26562
14.3027
10.1852
13.1767
10.4972
12.0356
14.7533
12.2944
12.6031
12.5503
12.8596
9.48803
12.9245
14.349
6.12345
14.2549
14.2142
11.2989
9.0321
10.4022
6.69499
9.9851
9.32271
11.9138
10.3153
13.8726
9.74986
10.2755
5.98371
8.71476
10.7038
10.3973
9.7457
6.13388
13.8085
8.02963
13.1464
8.89376
14.9269
14.1077
10.3172
6.02323
14.3117
14.4962
10.3507
14.9429
9.11633
10.4853
8.50557
14.5662
6.28393
13.1931
14.8139
7.05109
9.33376
13.2158
9.83506
10.7982
9.95119
9.99943
14.1764
6.3972
8.94819
13.7
14.2059
14.8531
10.7088
14.2778
10.8086
12.4799
13.4431
13.8435
11.8524
14.2967
11.4916
12.2853
6.34226
8.86599
8.78147
14.0057
14.724
13.4181
12.697
9.6192
13.4824
8.64234
9.35403
8.64648
10.7043
4.90418
8.86345
14.3559
14.8193
5.37079
9.09052
6.07244
13.9615
11.4588
5.93923
9.8936
11.0081
12.5016
10.0689
12.4324
14.5926
13.0026
14.1383
10.6516
8.81913
11.3678
9.28105
14.5486
12.5598
6.24702
8.34993
14.8431
13.3787
9.82658
12.921
6.10182
6.08994
14.3264
9.82136
14.358
13.1512
9.57563
13.9018
8.64212
12.2074
10.7087
14.3964
10.3914
11.7145
10.0663
8.68891
11.9829
14.0418
13.2065
11.987
10.9007
6.26318
10.7999
6.14436
6.6632
8.94791
14.0985
13.8016
6.03417
9.88922
9.9464
5.66541
10.419
13.7814
7.11755
10.3701
6.24262
8.86419
13.1719
12.7165
12.0779
13.7871
13.816
14.0716
10.2657
12.3567
7.07409
9.938
9.89194
11.4598
12.058
10.5963
11.7634
12.8364
6.33724
13.0539
4.76045
13.1684
13.0001
12.8514
9.96767
14.8495
10.7627
12.4119
9.91438
8.73735
12.1201
13.5099
10.0446
9.67212
8.92733
6.05355
14.0502
10.404
11.9309
10.1282
6.06155
11.8128
10.1784
12.9051
12.039
8.94391
8.783
6.32736
8.43742
10.1119
12.1469
11.1059
9.56367
7.88582
13.0459
8.38897
14.0085
14.8832
11.1283
9.00373
14.3496
8.62283
10.4397
13.2758
12.5438
12.384
9.85843
8.77363
10.7083
10.2191
5.84407
10.401
14.5133
6.18675
9.92305
14.1807
6.50152
10.7404
14.1119
10.2423
12.4304
10.9259
12.7718
8.65559
9.87769
12.5176
10.1399
13.4648
13.227
12.6956
14.8296
13.4759
8.60012
11.2541
12.8043
9.90041
13.9831
9.16119
11.137
11.8618
10.1982
8.84307
8.84848
6.06346
13.6804
11.0563
6.02773
12.2663
6.30331
12.2494
13.3887
12.28
8.68955
12.5891
13.8063
14.9692
11.0406
14.1235
12.5552
10.1194
14.7982
9.82951
10.4207
9.36912
14.8593
7.1442
10.2859
9.3089
13.6216
12.6843
6.65156
9.80259
13.099
11.4159
12.9669
9.82865
13.3135
12.7568
11.679
11.1674
8.18448
5.81274
5.02392
9.98715
4.55149
14.2405
6.32822
11.7274
11.4988
11.3787
12.8779
7.53982
6.36009
6.49244
9.54526
9.85084
9.53694
14.7927
11.8494
12.9238
13.4956
13.6366
10.1985
9.52594
13.853
5.8379
13.87
12.9819
11.5277
11.9
12.0262
14.7212
11.1169
11.961
14.0289
11.5582
9.37909
11.1135
9.96515
12.1227
7.45428
9.93265
8.78926
12.966
9.03862
12.2609
11.3064
14.1681
9.89058
10.356
11.446
8.90994
9.82579
10.77
5.98347
11.273
10.9946
13.297
10.0621
12.4582
13.397
8.92308
8.49132
14.2135
14.3112
9.14272
8.77013
10.9343
10.185
13.7176
13.3835
12.9274
13.2587
8.7946
14.8056
13.0984
14.4464
12.8003
8.91799
8.46671
11.5795
14.2808
10.1338
11.936
9.59791
13.1891
14.6059
5.95844
12.5252
13.3801
10.997
13.0021
6.0404
14.7159
10.501
8.58103
8.71307
14.279
6.26225
14.1138
6.00587
8.4286
12.1733
6.1154
12.5976
9.93528
14.2519
14.1388
13.4871
6.24564
11.9422
5.94279
8.57381
6.25537
10.5673
7.58382
7.42876
12.3265
14.3384
8.29907
14.7446
11.1113
6.6437
8.632
9.78399
13.7209
7.83192
12.3247
12.7967
12.9802
13.5269
12.1465
12.1434
13.83
13.9491
13.1447
11.5522
10.7905
13.5481
14.0961
13.2118
14.3833
10.2449
10.688
8.67789
9.7476
6.41341
14.8093
12.8322
11.6646
8.49522
10.5331
6.10089
14.077
12.6511
14.8458
12.4737
13.2761
14.4041
8.9582
10.8657
10.2469
10.186
9.78882
12.3053
9.03584
13.8869
10.8532
14.9264
10.1012
12.7209
5.79354
11.3456
14.6002
6.2451
13.2845
14.3899
9.1168
13.8563
11.0672
11.1491
12.1371
5.92942
12.495
10.8615
14.7822
14.0093
10.792
11.1872
12.1042
8.07558
9.98532
9.2042
6.33435
7.13958
14.2336
12.1778
10.1012
10.2643
13.5764
12.5659
10.0577
8.79721
7.08616
8.62475
6.50064
12.5168
13.1034
11.8488
12.5416
6.2623
10.8463
8.80222
13.474
9.66809
14.192
10.6042
8.68902
8.2632
14.6492
10.5254
13.9068
7.89549
12.6595
6.27864
9.90546
14.0979
8.52122
10.7246
6.63611
6.43323
12.6967
6.32713
11.1974
11.3114
6.28949
6.18673
12.3191
9.22407
12.4176
9.06179
6.15416
13.9438
9.74269
11.0383
10.2733
6.40144
13.3208
10.4383
8.85945
11.0576
10.2526
9.89261
12.4073
13.6965
13.2527
14.1172
9.5218
14.6927
14.7483
14.9258
10.9468
13.4757
13.045
9.53224
9.01992
8.01761
11.3973
8.42605
10.6047
13.3144
13.0305
13.1906
14.5619
11.5149
14.9815
11.5224
6.70733
8.4397
10.0753
9.53633
6.30078
12.6964
6.48409
14.334
10.7386
8.52644
8.91499
6.08881
11.1975
9.34494
11.29
8.5524
6.15588
5.13502
11.8965
14.2838
9.46143
12.6129
9.91914
12.7578
11.563
12.9931
10.4082
11.3955
10.8966
14.1095
12.8789
10.9995
10.1427
8.76574
8.78702
6.32182
14.2878
8.51861
14.179
6.16802
12.4776
6.36009
12.6513
10.5652
14.0329
8.56455
14.2232
13.4549
10.0878
9.88651
5.5914
12.6497
9.4757
10.5506
8.44652
12.5604
14.59
14.2608
7.9466
12.2432
9.37862
13.2338
11.7491
11.1784
12.1137
6.5013
11.5331
14.293
12.1885
9.87338
8.06232
12.6685
7.04199
10.4084
13.098
6.43065
10.7322
6.34686
8.91096
11.9227
8.41314
11.3614
10.2996
9.32766
14.1874
6.49464
10.5224
12.3531
12.9859
12.985
14.9066
12.7452
14.8736
14.1224
13.1499
11.5997
14.9246
12.6121
8.5685
10.6354
12.1459
13.2903
10.785
14.101
6.45587
14.5587
8.83765
12.6223
8.52479
12.3949
8.58794
10.2138
6.14257
11.2185
8.74193
8.54399
6.1461
12.4516
6.11646
14.3211
9.92034
11.1223
6.08383
10.5635
12.6318
13.9238
9.87163
10.6162
8.50909
9.69096
8.70222
7.86131
14.2692
14.2313
9.87598
6.34374
9.87228
9.57437
6.09889
13.9059
13.1549
11.5451
13.8876
11.447
6.80853
8.94388
4.76688
12.3662
14.1143
14.9404
10.6017
9.93402
8.65308
10.0123
14.1986
14.8845
10.9724
12.9903
10.0015
10.9817
12.8352
13.7403
6.32208
12.0987
10.8118
13.9404
5.44946
13.0068
8.82629
6.21318
13.8743
12.0857
9.61386
9.87561
13.0192
13.1885
10.9583
6.28198
14.1011
10.2746
11.2276
10.42
14.1099
10.6126
9.94529
11.8048
14.0905
10.2477
10.4754
9.65905
14.098
13.7948
12.2869
4.62407
12.7987
8.5245
12.8318
9.74825
6.66494
8.69785
13.6014
14.666
14.2474
13.4846
13.065
14.6179
12.3525
6.60127
11.0641
12.9084
6.44649
10.0039
10.7467
6.03825
14.9639
13.8589
6.12176
14.0629
7.10913
10.0697
12.4916
5.274
6.16495
12.2983
11.601
14.1445
8.81864
9.72799
14.1658
9.47913
6.44039
10.6972
10.6723
8.01801
14.1943
8.64081
14.7581
14.6613
9.05505
14.9414
6.22828
9.68842
5.19626
12.5672
14.2476
10.589
13.6054
12.7341
9.58801
9.82613
10.9189
13.6776
10.3324
13.1765
13.0901
12.7287
14.4659
11.8904
8.88365
6.53187
14.6841
11.9838
11.3975
7.77095
10.5769
10.7573
12.2917
10.5572
9.92417
14.8309
12.1446
10.6401
14.0986
13.6022
12.2697
14.1498
11.6382
12.8738
8.43383
6.13904
10.1108
10.1708
8.46735
13.2723
9.67612
10.7536
12.9327
13.3138
11.2048
13.753
12.0646
13.5011
6.51492
6.26044
10.7164
12.3238
6.27104
8.62475
14.5602
12.085
12.9662
11.4716
8.1548
6.20762
12.6119
14.2814
10.1349
12.0759
14.071
11.3443
6.20215
13.6183
11.769
8.42964
14.021
11.1597
10.8523
8.59466
14.3164
12.474
13.0232
11.7497
11.6445
14.6469
10.8387
7.96918
11.1436
6.09045
8.53834
10.4026
11.9289
10.6407
11.261
9.95711
14.9584
12.3896
12.22
10.667
12.5055
9.33948
12.4545
13.9423
10.6794
11.9889
11.9183
12.5048
10.4466
9.86565
14.2815
7.96349
11.031
7.15632
9.53103
7.15245
9.981
13.6186
12.0098
10.5559
13.4568
12.2416
13.385
10.53
10.1371
8.68268
12.5733
14.0666
12.3129
9.91958
10.7295
10.8734
12.5856
11.412
7.68307
13.7862
12.6147
11.7293
11.2571
14.0881
12.3076
6.32873
12.7956
10.1903
9.82712
14.6871
12.32
13.3797
9.9137
7.81163
13.6112
12.1376
12.9877
8.8047
12.1081
12.489
6.8247
6.68061
8.88417
8.71721
14.164
9.72546
14.5952
11.7008
10.4565
6.18492
12.284
13.5649
12.8915
10.7411
10.3015
13.0437
8.79051
14.2218
6.45742
14.2667
14.2438
10.8987
10.9965
9.60934
8.84166
10.719
13.7072
10.8777
11.9756
10.826
12.7248
14.6992
10.0016
8.80293
14.2839
12.0506
10.9178
8.05122
9.85475
11.2786
11.8048
14.2375
13.5435
14.1879
10.7316
6.06555
13.1063
14.0567
9.89286
14.8058
6.87309
12.1571
9.31908
13.2413
8.73296
14.3374
12.1731
8.20123
14.506
12.5141
12.2739
12.1492
9.27772
13.581
11.6335
12.7946
13.3822
5.73963
5.55597
14.1603
8.59312
10.6552
11.1067
9.00753
12.6964
7.42547
13.1736
13.8434
8.51729
7.5077
6.12784
12.508
13.7871
10.8322
11.4634
14.2396
8.83063
12.6962
13.8005
12.0117
13.4625
5.94922
14.0614
8.58482
14.3162
6.44464
8.71533
10.1687
13.16
9.41371
9.99029
10.0659
8.16524
13.2551
13.6618
14.0898
12.0833
8.63217
9.38923
14.2006
6.12455
8.52742
9.93895
8.88265
10.7711
6.23745
10.596
6.20089
10.5286
10.0656
8.59624
8.12714
9.85237
12.1007
7.90911
10.2291
14.2352
11.0325
12.2903
10.3473
9.65
13.0845
9.98012
14.8687
8.18793
9.4213
11.6683
10.4651
8.58582
14.2631
14.5709
13.2985
12.6678
14.8316
6.24264
8.72834
10.6093
5.8043
9.97496
11.7342
12.6632
14.1487
9.91554
6.15822
9.71843
10.2512
8.8608
11.3602
10.0428
11.4966
11.9626
14.9448
9.2752
11.8233
13.917
7.11477
6.30838
9.86723
8.57461
6.06432
13.4917
12.4434
11.1698
11.7109
8.01521
6.0302
14.3397
14.0909
8.76262
10.5961
12.7783
8.88253
14.3778
14.3793
8.78192
8.53212
8.59194
14.0909
6.10008
14.3298
12.5707
12.5557
14.5609
8.71958
6.13529
9.82292
12.3087
12.0092
9.99123
10.2309
9.72773
8.74053
10.7327
13.4102
14.8914
14.1948
11.3927
10.6044
11.6404
13.2885
11.462
10.0267
13.6726
14.4378
6.26805
10.4309
10.2304
9.35203
13.3824
14.2769
14.7476
8.64365
12.8275
14.2356
9.75855
10.5117
14.231
12.4844
14.9382
12.0856
10.6657
10.8325
12.6003
6.0315
9.6121
12.3747
14.69
12.216
13.9954
10.8719
6.66507
6.36679
9.27579
11.1711
10.8761
14.4867
13.9406
11.3794
10.3584
10.9324
14.6657
10.6399
14.3592
14.4475
10.8481
10.1119
6.10287
8.65357
10.4016
12.387
9.78678
14.8216
13.4109
11.2777
6.16795
8.86706
12.1566
12.9124
14.5041
9.76338
12.7608
14.337
9.25668
11.3332
13.2491
12.8398
8.96306
12.689
14.5338
14.3216
12.259
10.6077
10.5902
13.9038
13.3511
9.72312
4.97814
14.7478
12.2825
8.49668
8.18052
9.36384
14.5153
13.829
12.7557
10.3143
13.3311
6.14451
13.2962
13.4968
14.7761
14.503
12.8892
14.1843
11.9456
12.9047
12.7752
5.4262
10.5081
10.6624
6.28588
10.5829
6.12072
14.1401
14.9863
11.5117
11.3484
13.2014
8.55093
12.8687
6.39234
11.4908
10.3744
12.6567
9.92879
10.8396
10.9775
14.6657
14.5266
7.32021
4.83567
11.413
10.168
10.4343
13.1144
14.1828
11.0464
13.2876
14.2109
13.4406
11.3083
12.3921
14.9944
9.81837
14.3152
12.4418
7.94384
8.83339
12.6308
9.53823
12.3723
10.53
11.0788
14.3375
13.708
11.4823
13.5741
13.8892
6.50678
13.7097
5.89708
11.6017
6.41947
12.4884
14.4854
11.1401
6.12775
14.2481
14.8195
14.0407
8.86548
14.7894
9.67837
6.38474
11.2534
9.64525
14.06
9.26537
12.5751
8.51405
10.0012
14.4241
11.8873
7.49032
13.1603
10.4133
8.15696
12.6268
9.39427
8.69788
9.92029
10.6106
8.61472
14.6521
6.11002
12.7636
6.72063
11.3255
14.1419
13.1866
12.6361
9.20102
7.14031
13.967
13.5845
11.0667
8.5386
12.3469
10.5461
14.958
8.51998
6.06358
12.2112
12.849
9.71252
11.005
13.0619
10.4322
14.2326
11.1971
6.01481
13.1473
14.5725
8.79054
12.5577
12.2014
13.0992
8.67773
9.51017
14.4897
14.6108
5.95934
6.04728
14.3999
13.7365
14.8709
13.5289
6.02619
11.1121
8.11894
12.0049
7.94488
11.9439
14.9074
11.6228
12.3742
13.7862
11.1989
14.3184
11.4583
7.73965
12.1549
13.1596
10.3848
10.5679
11.3411
13.1894
12.5485
13.5433
10.6603
13.6508
14.2235
6.54391
8.71344
13.0167
14.5981
13.4365
12.9103
13.7194
10.041
10.5868
12.5363
14.7159
11.4903
13.022
12.322
8.71334
9.88629
10.8177
10.0355
6.48065
13.7492
12.1619
8.14171
6.4429
9.90513
10.389
10.223
14.9257
14.7919
10.4074
8.58994
14.2456
14.9343
11.4065
9.78769
7.40553
13.4121
14.1353
14.4004
11.1595
9.42112
12.6114
13.9731
12.7438
13.3657
14.0213
9.86732
8.99363
12.2568
13.565
12.3432
8.73246
9.98256
10.7587
10.114
6.3038
13.7579
12.1051
13.7575
8.038
13.9102
11.5319
12.5709
8.52503
13.5673
12.7386
13.657
13.8204
13.4386
11.5673
8.65699
10.5857
14.8725
14.8286
13.9424
14.6796
10.2827
13.0872
13.1919
14.8314
9.86764
14.8401
14.2498
11.9042
14.8538
10.03
9.28272
14.6173
12.694
5.53244
13.8977
9.84831
14.3949
13.1184
9.55768
10.5489
6.0751
14.2302
9.56444
9.78714
14.1508
9.1873
10.0534
11.0464
14.5036
13.7751
14.0959
14.064
10.1311
4.22369
12.2226
11.0848
11.5077
13.3968
10.3815
10.5706
9.72634
9.91072
12.722
9.04825
10.4481
14.3288
6.17257
12.3337
10.0028
11.3515
14.0355
8.81775
10.5885
5.62979
14.5253
13.3986
12.6061
12.6599
12.271
10.6551
8.38703
10.4577
7.07188
12.3223
14.0506
11.3501
10.4556
12.3839
14.2904
8.80054
6.90332
10.4047
14.3933
6.41799
11.8109
8.69073
7.65699
13.4034
14.6703
13.6758
8.38518
14.9508
12.316
12.6959
11.235
14.9778
10.9891
6.60514
9.99708
9.03338
12.3048
11.8207
10.2155
13.3569
8.47145
14.2045
10.718
10.4518
8.22974
6.55608
9.85421
12.1535
6.41217
10.1985
11.4346
13.5612
9.00333
8.5151
5.79713
9.67377
11.9839
10.7315
8.75764
14.3982
13.4472
12.3729
12.6932
11.5316
12.2741
12.0329
10.457
6.03167
8.4628
14.3457
12.4937
9.86037
8.65972
12.6928
14.267
6.13332
14.2534
9.93168
8.50464
12.0996
12.6221
9.73506
5.80377
12.9299
12.9698
13.864
13.3822
11.8066
10.3198
10.2992
6.63567
13.2383
14.888
12.5465
14.2806
13.0153
11.9989
10.4519
6.07667
14.3968
6.28448
10.6101
10.6962
13.8055
10.6901
8.83673
10.8395
9.97874
6.12012
12.3475
9.83197
12.5378
12.309
8.59187
8.22998
6.14608
10.1973
14.5775
6.62671
14.5197
6.20915
8.66878
10.6454
6.31385
10.5901
12.5419
14.3306
9.87538
10.7129
12.4527
8.63355
9.84426
10.4717
6.29876
8.6872
9.70562
12.6019
11.3894
13.6297
13.6376
10.0397
14.8447
14.3443
12.8438
14.2714
14.324
10.4076
13.5523
10.2244
14.6533
6.32127
10.8036
12.3459
12.7563
6.065
8.73992
10.4745
9.87675
14.1591
7.54553
14.7276
13.8952
9.84262
13.6894
6.0716
10.0555
14.1649
14.4317
10.3363
11.2916
9.86304
14.4341
7.69222
10.2517
12.0454
9.94945
8.69141
8.33876
11.8611
14.3094
12.4401
9.99398
10.6683
14.7092
14.2419
9.89206
12.6248
8.05528
8.50603
10.5064
6.22832
9.90355
6.92663
14.9028
9.77022
6.05639
6.88174
14.2628
11.8513
14.3072
6.1283
8.70748
8.29525
14.4423
13.4288
13.1232
11.8393
10.5988
9.94781
6.23531
14.5243
8.6264
12.5515
12.1936
10.5549
13.496
12.436
9.87763
10.3662
14.1775
10.6962
8.592
11.2845
13.9472
13.2034
12.5583
11.0173
11.713
10.0747
13.0629
14.2437
9.93411
11.2861
13.1391
10.7303
6.52986
10.1643
13.1617
10.1353
10.5494
10.1106
14.1083
6.55415
8.99863
6.28841
8.6903
12.1937
14.3636
13.4493
14.3902
14.3456
5.93727
8.34563
14.1507
6.13376
10.7138
14.2754
14.4035
14.6793
13.7848
7.12811
10.2301
14.866
10.5271
12.6746
8.5202
14.0391
12.1307
10.7495
8.50209
14.2715
6.48213
10.0978
9.54462
8.46369
14.7354
9.10891
10.8784
6.11257
13.4605
14.151
10.6639
14.9778
9.61656
14.3697
14.3569
11.4038
13.3033
9.15042
14.7381
12.1724
6.1631
13.1701
10.8535
9.70776
13.8694
14.9536
10.7375
10.3432
10.0333
10.1163
14.7606
11.6353
6.19681
5.4611
10.1578
10.7048
10.2039
11.8281
6.15779
9.1906
13.8211
11.3807
12.3738
9.9282
7.18362
13.5448
13.6147
14.792
8.95183
9.04482
11.7661
12.6076
12.5308
14.3446
12.4142
13.5779
13.7896
9.54651
10.2068
6.39965
8.91033
12.4389
10.2141
13.793
13.9578
7.60583
5.43414
9.08327
14.9339
13.2294
12.7614
9.67977
9.98077
10.8605
12.8284
5.13005
12.3653
11.9125
8.80831
10.5292
13.6911
10.8814
9.07219
10.3641
12.3579
14.2417
12.7335
10.4768
9.7719
14.6089
8.14527
8.4043
13.1723
14.3522
6.08301
8.62753
12.8103
11.2146
14.915
9.02858
14.1124
11.7271
10.7363
10.8377
14.3231
12.2061
6.52638
13.0965
10.4696
9.72314
13.0072
5.68618
13.5676
13.6584
8.89346
9.8996
12.631
13.9438
14.6675
8.58152
10.6423
6.28003
14.3029
12.5485
13.2035
14.1054
13.8076
13.6894
14.4774
14.8099
14.7511
11.3139
10.6975
14.9987
11.3107
8.72256
12.5909
12.6446
12.3477
14.5621
13.5888
6.35175
10.6314
6.22283
12.5248
11.0959
7.40509
7.91124
11.2612
12.6352
8.25256
4.49168
14.911
13.253
11.4225
13.4761
10.0552
9.73529
12.3251
8.32275
8.5844
5.24861
5.72181
12.7886
11.2952
10.1364
12.0186
10.9068
12.7291
10.8722
9.83196
12.7834
8.01711
12.1944
11.2741
8.47029
6.45331
9.00069
10.2778
9.64654
12.1663
10.0099
10.5761
10.2782
6.45765
12.338
12.1172
13.9549
14.5405
13.887
12.8974
12.6217
12.0046
13.6959
14.2312
10.6795
7.93338
13.8723
11.9997
10.0515
10.0457
11.614
12.9016
8.45903
14.7246
12.4884
6.35972
12.5899
12.8663
13.1879
13.5638
8.03548
13.2952
14.9482
6.18149
14.0247
12.2409
10.4383
12.7607
11.3327
14.6495
13.4812
11.3473
6.19098
12.4901
14.6201
10.6796
12.8918
8.78122
10.0452
6.31584
8.82337
14.8371
13.1744
12.3901
10.558
13.1205
5.6747
12.6194
12.7614
10.1283
14.5433
8.6487
7.77534
9.40295
6.00493
10.5446
6.06859
13.3209
14.1224
14.4855
13.7519
10.4876
8.42455
12.1507
14.6468
9.68489
10.5656
9.51319
6.61296
9.85873
10.3843
12.1777
7.39454
11.0818
12.9922
10.2478
9.80558
6.42143
12.4363
6.10409
14.2519
13.9492
10.4744
12.3649
9.60351
11.5572
13.4187
6.19762
10.0651
12.1301
13.1545
11.3744
9.92471
13.0877
6.43549
13.5447
5.62381
11.2878
12.4152
12.1811
11.4418
6.34526
13.4361
11.3633
12.2674
12.4367
10.4015
9.69136
10.4295
12.467
9.75299
8.4945
14.1249
6.24006
12.4432
6.24614
9.90436
9.91262
6.34028
12.4247
6.12381
9.83784
10.5723
10.6919
12.6305
10.1706
12.2427
8.64734
10.6534
8.65771
11.5248
11.2844
14.2995
8.36586
8.46944
14.1764
14.4135
9.89022
11.1768
6.1005
11.722
9.08415
10.8111
10.9289
10.0019
14.9859
10.3046
14.2953
11.1952
6.45391
11.1641
9.98083
14.5708
10.8187
13.3495
12.3739
13.1993
11.8043
6.01728
6.39598
11.5933
14.8191
9.88728
14.7901
6.15947
12.2585
13.7311
6.13656
12.6802
13.6039
11.7781
8.63137
8.70017
13.1475
9.80685
6.35566
13.2377
14.0525
12.5641
14.0019
10.7149
10.5241
11.5297
10.4381
10.1621
11.7235
14.5281
12.6585
14.232
14.5237
10.7904
14.7412
14.7556
11.4379
14.3475
11.4364
9.97165
12.3616
12.3861
11.6872
6.65378
10.5107
9.91101
6.45571
9.81317
10.574
14.1433
11.3659
13.0799
9.41213
7.70321
12.871
14.5926
11.6528
13.5036
8.53039
14.9928
8.71125
12.5167
12.3932
10.6425
14.5051
6.37083
8.73538
12.6059
8.65789
14.2415
6.28411
9.9621
12.4526
14.736
8.61637
14.6656
12.4022
10.0897
10.7134
8.0402
11.6856
10.2762
11.8627
9.81682
13.8079
11.5923
8.67552
9.78004
10.0385
11.2893
14.3936
14.4778
11.748
6.14964
8.45229
5.94122
7.07648
13.2428
14.428
14.0746
10.5546
9.37532
9.77041
8.63959
6.21028
6.96547
10.8751
8.3471
13.9936
12.3047
9.02064
10.8386
11.1086
11.482
14.06
12.6366
11.9451
8.5161
13.9851
6.01894
12.5352
9.8252
9.01763
11.2895
8.65405
14.2073
7.70298
13.4835
11.4828
12.4779
13.4474
13.9053
14.8624
13.0784
8.26065
11.9555
9.40164
12.8743
7.90246
11.8088
12.4781
10.3157
5.38974
8.43509
14.1286
13.4219
14.4694
14.7039
13.9817
13.7661
12.7714
10.3614
5.90623
9.47646
13.0103
11.7626
6.28432
13.9636
11.9865
7.47217
12.5956
12.3056
4.69572
10.5795
6.27881
14.368
12.2245
11.902
12.8397
10.3713
8.76284
12.858
10.3121
8.53507
6.37394
8.88306
12.3325
5.97978
13.4957
14.2941
9.95442
12.6098
14.2629
14.9677
7.38588
12.1175
14.2983
14.6309
8.78821
13.0496
13.4507
6.32452
5.37958
10.848
9.61592
5.89657
10.5463
9.85748
10.8015
14.2396
13.4666
12.857
12.9761
8.62577
14.6357
10.0613
13.0178
13.7765
14.2652
14.5567
14.7063
8.87429
11.8221
12.4156
12.6088
10.5209
9.57502
7.19854
7.99903
10.6888
11.6993
12.976
14.1956
14.9487
9.85308
9.79397
8.96712
13.9684
10.7652
6.33136
13.79
8.80191
6.04992
8.58363
6.22009
12.5382
6.12364
12.6175
6.16409
8.52287
14.3254
12.4901
13.9559
13.8834
6.11828
8.54349
12.4957
13.5363
14.7492
9.72851
12.7542
6.26257
14.8068
12.6185
12.6089
8.57961
6.3412
14.9876
13.8745
12.1508
14.4863
14.9492
12.4693
10.5534
9.31986
14.4997
10.2901
11.525
8.23617
6.64689
13.8483
12.0418
10.6931
10.2008
8.62245
14.4699
10.5876
8.67522
10.007
10.5239
6.20449
8.58759
14.4986
12.2411
13.9798
10.713
14.2325
14.3766
13.146
13.8843
8.1093
13.3058
5.90534
8.06119
10.1349
10.29
10.8241
14.1579
12.006
6.18249
6.152
12.1271
14.6863
10.5789
12.1621
14.4328
14.969
14.3404
5.95186
14.3058
14.1998
5.99065
14.8143
14.3898
10.279
12.1189
8.69927
13.4753
11.2036
10.9785
10.2082
13.9047
14.7477
11.6626
11.2488
10.7128
14.4793
9.85324
5.92213
10.6857
14.3621
8.37066
12.0666
12.2521
9.20255
12.163
14.3815
12.4416
14.2485
6.78304
12.9727
13.8076
8.35756
8.45809
13.4292
6.61114
13.1267
12.0035
9.61931
6.12976
14.2883
8.50732
9.8277
9.87207
10.8618
6.21478
9.9487
10.5983
12.6
9.15011
12.6059
14.2573
12.6908
10.8441
10.1735
13.5569
10.1269
12.0919
13.4007
14.1937
10.6679
14.7226
8.64819
14.5262
13.5623
12.1966
14.1592
10.5169
10.6112
14.4706
14.1724
11.8801
12.8834
14.3911
11.6823
5.47911
14.6206
6.4658
10.1405
8.62806
12.2968
12.7066
12.0679
13.2039
14.3537
10.6377
9.23232
6.53537
8.93897
8.77377
13.6203
12.8013
12.9104
11.5683
13.0246
12.7487
12.239
8.85844
14.7885
14.7845
14.8416
13.2462
14.7239
14.5347
10.1104
10.2277
13.3576
9.63055
7.44179
11.7561
8.4985
14.624
14.1161
11.2504
13.8362
14.0254
12.1754
6.169
8.67413
9.70117
6.11515
14.2085
8.65772
8.87424
10.1392
8.98845
10.9707
9.93919
13.2712
10.6309
9.86392
9.84704
9.257
9.67227
10.5712
11.4114
11.6528
10.6035
8.52453
14.972
13.9514
13.6306
8.69707
9.9955
13.9206
13.255
9.78402
12.9409
14.7468
8.52895
14.1845
8.74964
14.117
6.18605
10.8174
12.7518
10.0966
13.1702
13.7733
12.5552
11.5719
10.6766
14.3318
7.79487
12.0413
11.7288
11.932
8.89455
14.8994
6.25889
9.97015
13.6884
12.1659
11.2371
11.4028
9.86815
10.7468
8.54872
12.0722
11.185
14.3256
9.975
11.3489
14.1258
12.3952
9.1836
10.0564
13.2654
6.39083
14.5682
13.3665
14.3614
11.1723
14.4352
14.1792
10.9237
14.4565
13.3452
11.5431
9.16971
11.093
11.7488
11.3254
7.6596
13.8058
4.91814
5.95656
10.7517
11.7644
10.5638
12.1119
12.3618
8.654
8.87846
12.1782
4.47369
10.8096
11.4678
14.9897
9.39064
4.63837
8.70375
13.3709
11.385
9.21138
9.69545
14.5316
14.2809
11.1621
11.091
8.32118
10.9369
14.3687
13.2644
13.9646
11.3181
11.1146
14.2258
10.6225
13.146
13.2629
11.9415
12.5019
14.4821
14.2185
13.8008
11.9162
12.3495
9.78927
9.37027
14.2678
8.76113
13.7022
6.1219
9.92208
14.504
8.49142
12.2419
12.0755
10.4301
12.0251
11.7262
13.554
9.37069
12.2558
9.88513
6.82397
10.9059
9.50062
13.9109
14.7352
14.6538
14.9584
6.82025
10.5978
14.7698
9.0203
12.6302
13.4574
14.9321
13.5006
14.3015
8.97334
12.2339
10.5366
11.9676
14.7528
12.7926
10.3215
6.12113
11.4965
11.3584
12.6884
13.6142
12.6599
9.07915
10.4084
10.3861
12.7927
8.31714
9.63035
5.94031
10.1785
12.2619
8.2182
5.55443
7.92787
5.95364
11.3701
4.50718
10.9286
8.68424
9.8973
14.2404
12.6741
6.15146
11.8888
5.88368
9.41834
9.99806
6.06431
10.9143
10.7685
6.34165
10.5447
11.9808
13.7033
5.09756
14.2411
10.4574
8.90853
6.54895
6.76621
14.7138
12.9152
14.443
12.2091
9.58714
14.1539
12.2128
9.81682
6.12804
8.9253
10.2483
6.98773
10.2188
8.94748
12.8741
12.002
11.3485
5.06732
12.0979
10.7403
12.1704
11.9615
14.5148
8.73047
10.3287
10.1155
10.1042
13.8275
14.1319
13.9557
8.81633
14.1908
13.2507
10.4816
9.59963
12.9591
13.0196
10.0547
13.7989
8.82164
14.7849
12.3724
11.4938
14.2469
14.5064
8.63889
13.4402
8.77269
10.9236
11.3489
10.5123
13.016
13.1568
14.3951
14.3368
8.84649
6.4547
9.81944
10.2301
10.3368
13.0763
11.321
10.271
10.2704
12.5475
5.03943
12.9667
14.6243
11.9243
6.67942
11.3572
6.28208
5.56892
10.0714
14.7729
8.57709
14.6245
13.547
11.2565
13.8256
6.71057
14.5422
13.1533
14.9263
10.8194
10.0215
10.7409
13.8378
9.85785
11.87
9.97224
8.21795
7.91031
11.5069
13.821
5.81632
6.07451
13.7356
12.6439
8.4096
13.8633
11.8107
12.4936
12.6512
11.1537
13.5993
5.86478
7.96065
5.97188
8.12602
6.26648
10.7346
6.18503
10.7144
10.0418
12.248
6.23739
12.3718
9.77245
6.16549
14.7941
12.8869
8.78158
9.48607
9.8082
10.6818
14.5027
14.925
14.7134
13.5481
10.9031
14.7229
14.2938
13.7749
6.0572
12.1579
10.2129
8.67636
14.8237
12.421
13.568
9.80205
11.769
14.1317
10.464
13.9125
12.1068
14.0709
12.1468
5.74393
6.673
6.14514
8.80523
10.5526
6.11062
9.6577
11.5896
9.21626
10.3307
13.298
12.7547
13.218
10.3999
14.032
8.8958
14.0949
10.5086
12.2838
11.1147
8.24807
14.4418
14.134
10.3742
9.28425
8.15747
9.62638
9.96959
8.79487
14.4047
8.63093
14.5695
12.8587
9.87836
8.98985
10.0752
10.0208
11.3019
10.3826
13.9306
9.51572
11.7097
14.3094
14.9852
14.8323
10.5583
14.6804
7.01981
12.7107
9.78704
12.5102
10.2097
12.9232
8.85662
8.79304
14.3441
11.9183
8.53389
10.7322
12.5158
7.7363
10.4669
8.50883
10.3574
13.5418
8.34287
9.35808
11.4216
14.6526
9.87693
11.4495
13.6571
14.736
9.85645
8.81935
10.578
6.32006
9.88317
14.5723
12.712
10.8742
5.87362
9.54962
13.8652
12.6015
11.2519
9.5775
13.1067
13.2088
9.98643
10.4006
11.7918
12.204
12.7725
12.9905
14.8008
13.8133
10.1262
8.9143
9.79432
9.1271
11.0125
10.5066
6.79111
6.27453
12.9186
9.99477
8.83816
14.4273
12.1359
11.5438
13.2514
10.3977
12.1596
10.0061
12.3455
14.4172
10.5506
14.4196
9.24404
10.2072
8.58187
13.0625
14.9007
7.897
10.0762
9.53351
13.5359
14.9325
13.4436
9.42117
12.2946
12.2164
8.30194
11.0896
13.0362
11.2714
14.1543
9.66669
13.2672
10.7525
12.609
8.6557
6.18229
14.0854
12.7887
8.59713
10.1206
8.60816
6.16866
9.92336
14.9153
6.18359
12.5161
10.7652
9.65468
11.4619
14.4847
10.0244
12.4563
9.66361
9.12161
13.7368
13.231
14.6105
12.085
13.7595
6.05404
10.1326
10.9077
10.9633
12.4882
12.9973
10.6825
9.91107
11.2947
12.5864
9.09935
6.07243
8.41455
6.23716
5.71103
11.111
14.669
7.81103
14.3626
13.8939
12.2954
12.1021
10.286
12.0956
14.5341
12.7778
11.677
12.59
13.4435
12.3591
12.2098
14.9084
6.31104
12.4829
6.23904
5.913
14.2475
8.74349
13.6295
8.33927
9.98679
10.9891
14.2779
8.82143
10.8095
14.7033
10.5831
10.9352
14.397
14.4171
11.8801
11.1465
12.5992
10.3039
4.41256
12.7178
14.8733
12.7639
13.6588
12.1989
10.5238
12.2993
14.097
6.08242
12.7774
12.7793
13.5089
14.6455
9.44719
9.60302
10.7282
12.9383
12.2772
10.4699
10.3022
13.9928
12.9585
11.5115
10.5075
8.77084
12.6684
13.9315
13.7035
10.6737
14.7384
14.3348
9.51836
12.0127
9.70765
12.7749
13.3978
6.16478
9.63537
11.2947
13.7408
9.49157
5.1129
8.55988
8.60569
11.5192
14.1225
6.56942
11.3711
9.02514
8.05344
11.6898
13.772
8.47838
9.08142
11.8653
7.49276
10.0607
12.4668
10.0562
10.4268
5.95871
10.4765
12.1089
6.31379
8.59482
12.5597
6.19135
10.67
6.41405
14.7366
12.5881
9.14273
13.8136
12.5168
13.1848
14.6044
9.24374
13.5799
12.1606
11.2604
11.4593
6.34846
8.39409
11.7163
10.626
13.749
8.74423
13.0634
6.09931
8.6316
14.2138
8.59894
10.4487
6.15272
9.90144
14.2768
12.4129
10.7701
14.7372
8.72775
11.9053
10.2717
12.1095
13.6099
13.3353
10.9551
11.4227
10.3572
8.61443
12.663
14.5188
10.5025
5.93654
13.2878
6.14126
8.59792
8.67126
10.7119
10.5319
14.3285
8.50365
10.5079
10.3261
14.3752
8.72594
11.0409
10.5605
8.87208
10.3482
9.36443
10.0865
9.65637
12.5081
13.943
5.94905
10.2109
12.8703
6.34257
14.198
12.9732
10.0297
13.2603
11.7914
12.0876
6.04295
12.4173
14.3409
11.4054
9.11034
14.595
8.96329
11.0626
6.19974
9.84749
10.1602
5.92003
14.8788
9.84625
8.62277
9.69208
13.5737
11.0134
8.28783
9.86127
11.0767
10.6316
14.5603
12.5087
12.9596
14.0242
13.795
11.1069
13.8188
11.4975
12.9168
9.74454
11.0513
14.0348
6.64704
5.80772
10.2455
12.4582
10.8901
13.9355
7.43661
8.93534
12.5896
6.1293
10.4356
14.0998
9.64498
10.5767
10.2046
12.293
8.59992
8.79745
12.6533
10.5807
8.94952
14.3076
5.99064
11.3939
14.4661
9.62162
14.5437
14.8915
7.95489
10.7326
14.1615
10.6776
12.2583
13.3967
9.79534
12.351
12.3754
13.729
10.0806
14.6089
9.02324
14.2871
13.1896
12.9977
10.3629
8.66297
13.372
13.6128
10.0199
11.1618
13.1202
14.8714
7.11455
9.56891
10.492
12.4079
14.2322
12.1494
8.01567
12.7755
9.90279
8.81155
13.4271
13.831
14.3909
11.1771
11.6936
9.92846
5.83586
9.82416
12.4128
8.5802
14.5818
12.8273
9.6414
5.70053
8.21118
11.3738
6.90411
10.5695
13.5106
10.3378
12.3416
9.75138
13.1707
13.3438
13.6304
11.9181
13.3422
9.7629
5.85242
14.1349
8.81758
14.6614
4.85643
14.8016
6.21412
8.65752
14.3199
5.28465
9.02462
10.699
12.9235
14.6869
12.7725
8.68369
8.09843
9.47707
12.5091
12.8387
14.4916
12.8541
11.6873
13.4987
13.7014
14.6435
11.5544
8.72952
6.21374
6.42508
6.37499
8.90601
9.90492
7.08205
6.02483
9.65311
8.59433
14.2347
6.19557
13.7557
11.1021
12.0459
9.83284
8.83322
13.5706
12.5192
13.0414
12.0022
12.1078
13.4796
12.6433
14.3382
11.6225
11.9009
10.2693
13.5012
10.0959
6.02205
14.5002
6.25604
12.3339
11.8238
12.2825
13.6134
10.2424
6.24074
10.0004
9.62424
14.95
6.24068
12.1838
5.96639
12.0433
6.07824
9.98277
8.568
14.3112
10.5603
14.0306
13.8069
10.6809
12.8901
11.8107
6.22846
11.8641
7.71349
12.9776
8.26822
9.4603
13.7184
12.1764
13.0478
10.485
6.59428
6.40609
11.8053
13.3121
13.0953
5.36686
10.1375
11.7575
14.0828
14.5069
12.2103
11.5161
9.71173
5.97396
7.39385
12.3379
13.1324
8.53125
12.2819
11.7648
10.5606
11.1532
10.6824
14.7183
12.505
14.4052
10.0903
10.1895
9.45683
10.4684
6.25644
14.7643
12.7028
9.07246
10.979
11.2865
14.9062
13.4119
11.8107
12.3487
9.99484
9.72973
10.6736
12.8467
14.9872
10.1885
14.0323
14.0845
14.1518
12.175
12.9458
11.1757
13.504
7.21433
13.1262
6.06747
14.9623
12.8135
13.421
12.7291
12.8641
6.56367
12.3739
5.82802
14.4925
10.3584
10.5201
10.5115
14.1436
12.2703
8.60147
6.15598
12.2746
9.87268
12.2532
10.4932
8.87142
14.3479
14.868
11.8996
9.67366
12.282
14.2276
12.8696
14.3493
12.087
9.86943
10.2601
8.899
10.6573
10.428
10.5796
13.1812
13.994
5.4645
12.8985
9.12556
11.9622
12.7844
10.2602
11.2442
14.5507
10.0876
13.543
10.3893
14.2397
11.0789
11.3569
10.7693
14.0715
7.03377
8.89962
10.6467
14.0612
7.01367
11.7874
14.9268
5.74311
8.15896
14.0635
14.6653
13.4532
13.9573
14.9469
6.03576
12.5947
9.90301
8.94448
9.43909
14.6056
11.6139
12.0988
10.9814
11.4228
13.0655
9.71147
5.21369
12.6041
13.4405
10.247
9.66176
8.73637
9.39748
9.95801
5.97244
10.2655
14.718
10.6123
12.5914
9.94623
10.7919
10.5213
10.0704
10.4979
12.4451
6.0426
8.84818
5.8054
14.8615
11.3711
14.0736
10.1082
9.79318
13.9956
10.4432
14.0725
12.1208
9.11584
11.5484
11.0372
10.1709
9.99726
11.5225
11.9573
5.18301
11.9364
9.45619
13.0447
10.8245
10.8104
10.8155
10.7779
10.902
10.9138
10.8447
10.8394
10.8454
10.8584
10.8062
10.7491
10.6312
5.9454
14.2453
12.1501
12.6023
14.5978
9.66845
9.72311
14.0197
11.306
13.1128
12.5459
12.5607
9.65392
10.0286
6.15447
14.2715
5.948
6.14852
8.71816
10.809
9.36139
13.8968
10.6155
10.272
12.7029
10.8212
12.9448
11.827
12.5982
12.6745
8.58554
10.1369
14.075
10.711
12.8478
9.9503
12.4168
7.70427
14.3663
12.9368
11.5256
12.5195
12.4606
13.3961
12.0735
8.5634
10.1123
9.5203
14.0362
8.95924
11.9552
10.7115
10.7639
14.3047
7.75594
12.265
8.53306
8.50713
10.421
14.5168
7.10229
13.8246
14.938
12.9349
14.2717
6.02879
4.72017
12.7465
13.3535
12.8952
13.6543
8.52377
13.6484
13.3119
11.8991
14.2919
10.8461
11.9939
14.912
10.3399
12.4861
6.48224
13.1841
5.15858
8.59366
12.0904
9.8852
5.95441
13.8405
5.99493
9.86485
10.1741
6.17179
8.61291
9.07787
10.4783
10.5667
12.1464
11.0549
12.4604
12.8714
9.95924
11.6225
12.9871
12.2332
8.0617
11.595
10.1901
10.1789
13.2584
14.6371
14.2688
14.5746
9.8717
8.76867
12.3714
14.9937
8.71786
14.3919
10.1787
6.0658
12.4579
10.9327
5.88768
14.5779
10.9645
14.8018
14.2918
6.24218
11.0227
7.44838
14.3309
10.7569
9.28941
10.7177
14.5883
9.18914
14.3419
13.7595
13.7042
11.7182
12.1784
13.2217
9.24316
8.45316
5.84239
13.7899
4.64191
9.12592
9.11462
14.5131
10.165
14.7358
9.57097
10.7521
14.3291
5.56834
6.60346
9.39402
10.5333
12.6257
9.68697
10.6264
14.9555
9.69193
8.41968
9.97703
10.9727
14.4455
13.0246
6.62938
7.70736
9.64
9.87269
11.7253
9.64251
8.14574
14.318
10.7327
6.70235
13.2898
13.9866
14.7466
13.0374
9.25348
10.3897
11.5567
14.0664
14.0325
14.6553
10.2612
6.03723
14.3037
6.18796
10.8318
10.0272
10.1715
11.8651
13.6474
13.1857
12.7901
9.91535
12.2811
10.4757
14.6321
13.9261
14.6782
12.1658
8.01492
11.3105
13.1969
11.8229
9.141
12.3546
13.3479
14.6228
8.57734
12.3947
6.04162
12.6382
12.4857
8.55143
14.0117
12.3165
8.65006
14.6486
6.61156
12.8619
14.8948
11.2853
14.3289
8.69635
8.61491
8.66045
10.572
10.7849
9.93102
14.2818
8.50043
12.3344
8.44763
8.61162
10.7612
14.3968
12.0174
11.9239
10.0421
14.1674
12.0996
12.6475
8.6868
9.92421
6.05796
11.8816
6.14757
14.4316
13.6533
10.5658
14.8276
14.8871
12.0459
13.9219
12.4824
14.9061
10.6513
7.7272
12.2409
10.3529
13.0962
12.3069
13.8851
9.70066
13.9054
5.88524
13.8432
10.9714
14.3348
10.7665
9.49151
11.4382
6.29091
13.2652
10.2294
8.9097
10.0604
9.20341
13.6675
10.7725
12.3909
12.6018
11.1627
8.40479
14.7139
7.51757
10.3283
8.76287
9.17606
8.20478
12.4134
14.1465
14.8105
13.5967
11.5182
10.4988
13.9755
6.22905
8.67217
10.4062
9.89196
10.4801
6.19416
10.7582
6.24298
10.6951
9.94329
14.2074
10.0005
