11.747
14.8692
10.1766
10.7392
14.0928
12.958
12.9798
6.15631
3.96944
9.60983
11.379
12.9725
9.09175
8.57952
8.79237
12.5284
8.93445
10.1719
13.8859
14.1491
10.835
5.97888
14.2721
5.92483
11.1276
8.95141
14.8355
12.6042
14.3821
13.454
8.67367
14.0296
5.27778
8.99301
14.3952
14.2554
12.3719
4.44498
11.3445
12.6427
14.7175
13.4128
9.73608
6.73908
10.6769
5.74992
8.28746
12.0419
10.3259
10.737
5.95217
12.2348
12.6915
14.8041
9.2234
14.1385
8.77759
12.6877
7.92471
7.68269
9.12518
12.9365
9.05168
14.6711
11.9444
13.1296
11.731
13.1423
11.0357
9.77586
12.0829
13.1297
12.8324
10.5256
13.4916
9.54123
13.4537
14.3168
11.2928
5.38552
11.057
6.73085
14.6125
3.88168
9.53886
6.11228
14.2555
9.70757
8.41128
5.30904
14.0403
8.68705
14.2499
12.2798
14.1325
14.787
11.3937
11.7652
10.797
9.77348
14.1944
11.2075
8.08488
13.114
10.6213
13.8575
11.0193
10.1014
13.5669
12.9382
11.741
12.8524
9.52253
14.054
12.5392
9.2973
11.5809
5.04477
10.0156
10.2905
9.86453
8.58382
11.8363
7.48145
8.99964
8.25667
12.5975
5.59077
13.3067
14.9001
13.1477
6.69319
13.7714
9.12625
8.5429
5.23286
9.30368
9.38939
13.3744
10.8882
12.278
6.653
11.0163
13.8325
14.7378
5.94228
11.213
11.9302
8.65398
14.7364
10.6346
12.2703
10.9095
11.2125
13.8764
13.0139
13.5959
11.2249
8.38379
13.1949
8.82103
8.03838
9.95068
12.7057
11.888
11.2766
13.0013
11.6971
10.6333
10.4361
6.90137
13.7124
9.86993
14.6175
13.0209
14.1838
10.4683
13.983
14.4158
9.65656
12.7838
8.02619
12.4779
14.3597
13.6528
12.5568
11.6496
13.954
12.6796
8.6831
12.2471
14.5567
11.9756
11.4162
12.4885
12.6764
10.0234
14.935
9.54327
12.1629
11.8092
9.93883
14.4127
12.1315
12.5767
13.0443
8.8765
13.3182
13.6266
5.34944
10.5936
6.98268
11.4079
9.49211
10.8786
8.01437
10.2064
9.51938
5.26285
12.7104
11.6273
13.5578
9.08649
11.0462
12.7614
14.6823
11.8777
14.3448
10.952
12.3712
8.99683
12.2704
13.686
11.8649
9.82788
10.4525
12.7078
7.59357
13.1353
12.3269
6.31845
8.79879
13.3343
12.4822
13.8904
11.4122
10.7339
14.703
10.4573
8.95154
9.91156
13.1995
8.68137
12.445
9.03432
12.4967
10.2616
14.5266
14.823
14.5915
14.0266
13.994
12.8141
14.9401
10.3533
13.7122
9.67741
11.5868
9.993
14.2478
14.7956
10.2689
14.0462
6.19926
8.72848
12.4253
11.9783
14.3512
10.1538
14.0523
7.44941
13.3567
9.84641
10.5362
13.5357
10.5425
9.82058
7.50102
10.9551
13.8815
12.3339
10.6591
9.52409
12.1436
4.38733
11.3566
9.59708
14.8592
12.293
12.1041
9.05778
11.6136
13.6532
5.84632
6.1574
11.878
12.6106
14.4936
13.1189
11.1719
11.1267
9.35644
13.5901
9.56383
10.5328
13.987
12.3446
14.5856
12.0933
13.1792
13.5774
12.2128
5.43404
12.1825
12.1479
6.78924
12.5858
10.1354
8.915
9.6928
9.18769
14.5249
12.6791
14.2307
12.6943
9.63216
12.4204
13.2575
13.5889
10.6535
14.28
10.6211
14.6478
13.8614
11.4161
13.7652
14.7183
11.2985
10.1462
9.87012
11.9591
12.1303
14.3089
9.9696
11.1286
9.34313
13.5347
11.9907
8.7737
11.9588
7.755
14.368
9.15894
13.2198
7.55197
8.92975
11.6167
14.454
11.282
14.6942
11.6726
14.4922
5.92824
14.9232
8.5292
12.092
7.14212
13.8788
14.8005
13.841
11.5319
11.1301
9.11821
11.9696
14.9943
12.4445
3.85939
5.34091
13.2913
14.4688
13.3307
13.5147
11.9311
12.6871
12.0278
13.6623
8.9302
12.9215
10.4761
11.6177
12.993
9.81958
9.64282
13.4016
11.4742
11.7962
14.8033
10.3863
11.4152
13.9219
8.16333
12.9
9.51117
9.05319
14.0838
10.9377
14.5403
5.85265
14.8091
7.79049
13.9998
13.2841
11.0431
12.7397
11.3499
10.2622
9.72595
14.9748
11.4394
12.7241
12.1139
9.13232
8.48218
8.17434
9.94487
9.5549
10.4192
11.6466
8.97958
5.81202
10.1054
12.014
12.0144
10.7643
8.85482
9.90301
9.55715
7.99879
14.0067
12.0306
10.9911
14.7582
6.1227
14.1413
14.1558
14.4822
12.2287
13.9838
13.8888
6.58215
9.23946
10.5728
8.16353
8.26445
14.8016
8.54179
8.6629
8.5487
14.548
10.937
9.38253
11.5045
10.0892
14.9528
9.9639
9.90425
12.5663
11.8145
14.1089
9.59034
11.2818
14.1228
12.4626
12.533
8.10755
9.24053
9.75958
13.1256
6.11968
14.3917
11.2687
12.4171
14.0357
7.27127
13.5233
10.4865
11.3938
12.4965
12.5474
9.714
8.74004
5.49395
12.6776
12.583
9.48276
9.63935
12.6288
4.53729
9.21919
10.6472
13.382
13.4047
11.1166
13.6596
9.98977
11.9127
10.9298
6.33993
12.1317
9.74439
14.2644
13.0096
11.414
6.31567
11.1643
8.54976
10.5729
12.3443
12.7279
8.9817
10.7315
8.78538
13.5905
14.4895
10.0228
14.0792
10.4672
14.914
12.8051
12.9745
10.2221
11.5406
6.98199
13.9389
13.4779
6.3407
12.4824
4.76867
14.6575
14.1455
14.0685
14.7966
11.2355
5.39353
14.3886
14.4808
10.9808
5.47224
11.3142
6.39448
9.42926
13.5577
12.8818
10.6286
13.4625
11.8683
12.1101
14.174
10.8619
12.1692
8.1164
10.2509
6.2209
11.0865
10.4318
9.70798
12.811
12.1688
14.497
14.8438
13.0582
13.4927
8.3029
14.1757
12.8704
11.9311
10.9151
13.7002
6.15294
10.7926
8.51164
13.2282
13.2191
13.0315
13.2186
13.8242
14.0151
14.9807
14.0006
6.91115
13.293
11.1032
13.9443
12.6441
8.80946
14.1606
10.9781
5.29538
11.0252
10.8941
6.01458
10.8076
8.72867
14.9023
13.9351
13.7247
14.2709
7.67225
13.8304
11.7271
14.8541
12.595
13.689
13.7198
12.4818
10.5085
12.8666
12.0568
14.3928
13.1334
11.7244
9.09192
9.53549
10.7232
14.8139
12.6071
10.911
10.6952
11.371
5.47793
7.64621
9.07775
10.1969
6.62675
11.3223
8.66377
13.0745
10.6876
8.88256
10.4995
5.48459
6.02926
9.95282
14.7829
8.28208
14.1497
9.27247
10.8311
11.7629
14.5237
6.30899
8.92751
14.8488
14.6327
9.20316
5.18347
6.55617
8.93159
13.5498
11.6649
8.25438
8.84276
12.3233
8.51828
12.163
8.55079
14.3931
9.80366
14.3915
10.0332
8.66144
12.298
12.3733
8.70534
9.67167
14.3284
14.4125
8.85121
8.73191
12.7137
14.2552
8.52241
6.43071
9.56578
13.9637
9.90861
14.9352
11.6989
8.448
13.7023
12.1459
14.2746
11.1823
9.18251
11.9414
14.6361
9.85595
8.89219
11.0317
7.97006
5.31055
10.0634
5.09614
13.47
14.0711
12.7167
10.4319
14.1645
14.7274
12.5708
10.4589
10.2407
13.5223
9.16143
13.5678
13.0629
13.9038
5.84432
14.3022
12.5557
14.152
12.7723
7.90003
13.1088
14.9355
14.2038
4.03305
14.9071
13.1486
13.4537
14.2244
13.2564
7.21402
11.3168
8.64501
14.1257
14.0877
14.8154
9.70658
14.8101
13.7421
13.9922
9.70688
12.0745
10.3734
6.67274
14.9638
9.22725
10.5455
12.8739
12.0346
6.41954
11.7825
9.30745
12.4364
10.8736
13.5055
9.76404
9.82138
14.6705
9.53098
14.6204
10.9723
8.49967
14.6723
14.1097
7.34077
8.60959
9.43444
14.7401
9.82809
9.67985
13.9651
12.4993
8.87171
9.08559
9.08033
10.8096
6.29277
8.99007
8.56845
9.91444
8.21723
11.8246
10.8273
10.3676
13.9715
10.6682
13.5143
14.8284
14.7287
8.36888
5.53708
10.0813
9.00734
14.3247
14.8919
13.562
13.3984
12.284
14.332
12.8606
13.9557
12.4245
12.5342
8.8541
9.56882
12.1728
8.69986
14.7823
10.4945
10.8279
12.8774
13.8133
6.28268
11.0682
12.3675
14.209
10.5257
11.5509
9.83125
9.46936
9.1186
14.0494
12.2347
9.3653
9.77989
14.2217
11.2674
6.14996
14.0814
13.6021
13.5332
14.493
10.6665
12.7197
14.9899
8.11913
8.65748
14.3568
9.91358
10.4449
9.57337
10.0488
6.9489
12.4744
10.8794
9.79826
11.4128
11.2084
11.4519
13.3301
13.706
13.3413
11.5485
9.32121
14.32
12.485
13.0177
13.56
14.0071
12.333
12.3799
13.4103
13.7565
10.0114
10.4589
10.5608
14.6675
13.3467
10.7598
10.4023
10.0303
12.3476
11.114
11.6235
13.9896
9.56361
13.907
5.91527
13.3763
10.8819
10.6181
14.1785
10.9999
13.651
13.2266
12.7877
9.02339
13.853
8.73773
8.57317
6.75507
9.30529
9.78634
7.19186
12.181
10.7273
12.7906
8.84351
7.62272
12.4711
9.93818
11.652
11.4049
14.4415
6.31835
6.3171
6.31932
10.796
14.5513
10.5433
6.80417
10.0375
10.8232
14.7486
10.9772
9.60202
13.3567
7.33201
5.82367
10.8011
13.8385
14.3566
11.4124
14.1319
8.30208
6.77162
10.6922
11.9715
8.90938
13.0743
9.3996
10.339
10.5454
5.84393
14.4514
13.8889
9.88538
10.3715
8.09951
12.6123
10.2855
10.9745
14.7377
13.7179
9.38128
14.3382
13.8151
13.6585
6.28709
9.98228
14.145
13.0504
13.9971
12.5695
11.421
12.3415
10.8072
10.3859
13.8581
12.339
6.17768
8.30797
10.8022
13.7705
5.78474
12.4876
12.5691
14.0802
10.8699
9.85578
12.4632
13.3889
12.6859
10.3545
9.09031
11.1589
12.8076
14.4699
14.4903
14.8919
10.2887
10.4663
12.1027
8.16081
7.12558
13.0591
5.91788
10.4454
12.0263
13.6031
11.7893
11.2672
14.2212
8.76742
8.34149
8.65237
9.94112
8.70021
6.34146
13.4152
9.54072
11.9807
12.956
14.1989
5.69647
9.80926
6.0462
9.62534
8.54876
4.81949
6.02574
10.1152
12.0856
14.265
6.31137
9.88469
12.7264
9.93097
8.50182
9.50755
10.2273
10.1025
10.2438
11.4558
8.9448
4.68856
5.59529
13.5007
13.9705
10.7076
14.7904
13.8727
8.65618
10.8664
10.1998
8.18523
14.2352
10.5782
8.49615
10.3882
9.17647
14.56
8.75306
13.0353
14.5485
11.3215
12.6006
11.8472
5.58708
5.5528
14.5238
14.786
10.9237
10.1709
14.1064
8.23551
14.7565
11.7442
8.79399
11.5536
12.5904
12.658
4.00386
14.8987
7.80518
13.0481
6.73145
11.857
4.78225
9.77576
13.0385
13.771
14.0064
14.3512
10.5058
11.0191
12.8037
14.7429
11.748
8.62757
14.0913
11.273
8.04091
9.57129
10.8845
12.1753
9.46864
13.8734
13.9775
14.4027
14.2292
13.7676
6.5048
11.7022
8.31783
14.1699
8.93001
12.4909
13.2874
12.2684
13.68
11.2769
10.0714
11.0121
11.1138
8.79471
10.7662
14.6248
10.399
6.57859
11.0705
14.9793
10.0163
13.3824
11.0356
5.90731
11.7473
10.5202
14.3884
10.8208
6.42219
9.46424
12.8099
7.3407
11.2845
12.2216
12.4608
12.3532
13.2462
7.683
5.92604
12.5946
9.18241
13.4326
6.50781
10.5054
8.52078
10.801
13.6892
10.4388
14.8494
13.4618
9.78586
9.35271
14.2527
12.436
10.0726
8.33483
13.3979
9.66474
8.96972
14.4227
10.534
11.7981
12.2516
8.17971
10.6344
13.736
11.4327
13.953
11.1761
11.334
6.36577
14.7364
11.5981
12.0919
10.3242
13.4949
10.485
12.3946
8.77934
12.2312
14.5132
12.6812
14.8658
10.5131
9.28195
5.83938
9.74682
13.5564
12.3704
5.56369
8.90028
9.7495
13.6784
8.26154
11.6636
14.7905
6.26202
11.7251
14.1882
8.17683
7.60857
11.1145
12.1765
11.8887
9.05764
5.17305
11.1008
8.51262
8.83048
14.8934
11.4748
12.2911
14.9707
12.0677
14.2089
14.2614
14.0869
11.3692
13.4553
9.49513
10.1071
10.5541
6.74187
14.7857
14.2222
9.09319
12.5596
13.4062
10.3678
6.03221
13.6118
13.6661
11.912
13.7794
9.31325
5.69676
10.2667
13.2456
14.3729
9.93003
11.1707
7.92095
10.4772
5.27037
12.7386
13.2151
7.03627
12.3052
13.2372
5.77753
14.9062
6.06361
6.7908
12.6282
10.5707
12.6804
12.197
6.30228
13.8594
13.9929
14.0892
13.5021
5.8356
14.1909
11.5159
14.9503
14.9938
12.6696
10.6868
13.2466
13.6158
10.516
14.1547
14.4117
9.99774
14.0223
8.24211
14.003
11.9738
11.8884
9.832
8.13081
11.4975
14.3433
11.7007
14.2807
12.9242
8.71263
7.56897
9.00268
11.0088
5.86974
12.9601
14.7841
10.5653
10.5733
14.6962
10.1302
9.81057
13.3936
14.6249
14.8446
11.0729
13.5606
14.2764
14.1451
11.5697
13.3823
8.74465
11.3702
13.6851
8.87955
11.1268
12.9259
14.3664
9.84655
9.92718
9.07708
12.6571
12.6949
5.45464
13.6751
12.382
10.1065
8.5642
14.2826
9.39637
11.9911
13.9155
6.09898
9.63056
6.1194
12.5082
12.2905
13.1423
10.7799
9.22394
13.2314
13.185
10.9774
14.9793
10.3051
14.5423
12.9271
6.42039
14.9559
5.94705
14.3379
8.9189
10.3995
11.7282
11.5056
14.2369
10.2817
12.7849
14.7941
13.4802
12.2961
10.9925
12.1216
5.00659
14.8484
11.8975
13.7981
12.816
11.4073
14.8875
11.521
5.22357
13.5124
10.3538
14.2165
9.88853
7.6425
11.6896
12.9455
14.6143
11.0764
11.4338
5.75113
9.56201
11.0044
14.0521
4.7237
12.2564
12.1609
5.4072
13.5601
14.5991
9.79163
10.2616
6.30717
10.3325
8.68512
11.859
10.1738
14.3332
5.25618
14.4426
9.05183
14.1761
12.692
10.5792
10.2492
5.87049
8.83146
14.4737
12.7621
14.4703
12.4589
10.2564
13.0065
11.6211
10.7964
13.0454
13.8378
11.4477
14.7817
6.86611
10.2707
14.0544
8.87568
13.8384
5.96903
10.0462
12.3274
13.2613
10.436
10.434
10.7745
6.78092
13.6871
5.83014
13.2382
10.1592
11.5462
12.3043
12.3659
12.5794
14.156
10.2333
13.0419
12.868
13.5437
10.5433
12.1523
8.98993
12.0978
12.7687
12.1113
12.0974
13.5969
14.1705
13.1139
14.5451
6.67166
7.32801
12.8662
9.89291
5.39011
9.65455
14.3926
13.0705
7.08632
7.86437
9.96801
13.2145
11.3516
10.4504
12.5409
12.2843
10.8281
10.4509
6.66066
7.79852
12.405
11.1783
11.4733
13.4644
9.76542
6.58263
8.29691
14.2773
11.5335
10.8045
4.86925
12.9485
14.7959
9.15073
14.783
8.43339
13.9731
10.5778
7.66945
12.3233
13.8137
14.4327
12.4908
14.2752
13.1487
13.6515
7.54426
9.70701
12.043
14.3357
9.00655
6.76318
14.1527
10.414
8.73042
14.5076
8.13085
12.2993
9.71604
8.78259
14.9793
12.1463
9.42279
14.2525
14.5565
13.8846
8.67287
12.7813
8.69695
14.8924
11.7694
11.0062
13.1261
12.024
14.7424
10.9669
7.68111
10.8515
14.869
6.64678
13.6003
11.2749
12.8636
10.0201
10.1904
9.17289
9.29692
13.8218
13.8279
4.71514
8.94081
12.6978
10.2684
9.00751
10.8795
11.1409
13.7787
9.78836
14.0122
11.0458
14.223
14.3459
14.3257
10.6135
12.3945
14.8377
11.6637
9.85755
11.761
7.68141
12.1499
13.9502
8.09869
12.9101
6.68334
11.2145
14.8121
9.54284
12.7455
4.68331
9.85085
13.9541
14.8224
10.3082
14.4216
11.3766
14.9493
9.36562
14.6124
13.693
13.4042
12.2757
11.3005
14.3165
9.74775
11.3145
11.5574
9.5163
10.5861
13.8162
14.938
9.14036
4.8205
12.2196
12.5846
12.8624
11.5752
11.5619
12.0568
8.89816
10.9977
11.785
14.1331
14.3706
5.61992
13.3569
10.3724
9.06765
12.2964
11.3225
8.13105
12.4932
14.9172
10.0471
5.54423
11.3442
13.883
8.65218
10.6792
10.5665
12.6439
12.2117
13.1808
13.4388
6.22069
4.40115
12.9751
9.92658
7.23795
10.0686
6.05603
12.3947
12.8686
10.0226
12.7814
7.97283
8.36417
7.97485
7.61588
10.8578
14.1956
14.5831
12.8179
9.04166
10.6311
12.1382
11.4528
10.7997
6.31268
14.2328
14.4333
12.8968
8.98109
11.1411
13.2135
12.4221
9.52806
13.945
12.1134
5.96894
6.38366
9.78012
11.8812
10.1336
8.89102
13.9459
10.0019
10.6318
13.8629
11.7371
13.5976
10.1661
8.01602
13.1279
6.31957
9.42457
14.0132
11.8077
9.46758
12.9857
12.4871
14.8901
13.2732
12.4668
6.12487
6.2945
10.2051
11.3325
8.77474
10.3945
13.7858
12.0652
5.88991
11.7113
9.21092
12.3416
10.834
12.4352
5.47694
14.8476
8.99229
10.7899
13.1477
11.569
11.1466
11.4491
9.45463
12.0624
12.9942
13.5595
4.51886
7.03792
6.08851
14.4679
13.1519
7.23628
9.56379
9.5776
11.5174
11.8666
12.2208
14.63
12.7088
10.9458
14.6161
10.0136
10.5069
13.7229
10.6508
11.511
12.8607
14.7797
8.68512
11.1395
13.0129
13.5063
9.95563
9.70785
10.7613
12.4637
8.61814
12.7838
10.3904
13.7768
14.7951
13.2173
12.8962
11.082
10.0099
10.4694
8.65536
13.3149
13.9765
4.7371
6.49346
10.7854
10.4343
5.69232
8.17814
6.67346
12.5588
10.1468
10.8549
9.38954
14.8047
12.5788
9.98134
8.20518
12.3454
13.7289
6.86664
11.4168
14.6666
13.3002
14.6722
7.95758
13.2985
13.7906
11.6687
10.4225
6.64195
8.91214
11.1896
14.3955
13.7918
13.8377
9.31068
14.8595
14.5707
8.27516
6.38525
6.99199
10.2622
14.0968
11.2685
13.3173
10.76
13.3026
13.3528
13.7076
14.5979
10.6707
7.79654
10.3892
14.902
14.8499
10.8246
12.6364
10.9931
12.13
11.8623
8.18192
10.1972
12.1038
14.4945
11.7153
9.06571
14.1152
13.31
8.77086
14.0456
8.88542
9.67496
11.6861
11.0873
14.3117
12.8068
10.3889
13.9688
8.46749
14.6052
8.4934
13.7766
8.09228
12.4564
12.4538
7.55759
9.05946
14.689
7.93497
9.21474
13.369
12.0292
10.6562
13.1901
8.13263
13.7804
5.97978
13.96
14.3507
12.6988
10.7844
11.3336
10.6328
12.2975
14.226
11.8207
13.5509
12.0137
8.71214
11.8759
11.9381
13.525
14.6595
10.5526
13.1973
13.7013
10.5996
14.3559
13.0322
11.5704
12.3518
5.46868
12.2959
9.66243
13.8546
9.73847
14.2608
12.3212
11.0157
14.6303
12.2398
13.6076
13.0954
14.3774
6.85365
9.17213
12.4612
8.3672
12.5653
11.4932
10.3646
8.73262
14.5709
13.7735
7.21029
6.61948
10.6867
12.4807
14.7661
14.3652
9.32959
5.80775
9.59426
11.8699
11.6618
11.3145
12.1204
9.13044
14.9437
10.2646
7.06027
13.3284
8.9151
12.5138
9.04879
10.0369
10.2988
8.91122
8.81414
13.0969
10.7907
8.49515
12.221
11.1126
11.3275
12.2223
8.93064
11.0621
11.3237
7.83068
9.53699
7.3502
14.7889
13.0639
13.8735
11.9472
9.79683
9.67524
10.045
12.4659
12.3299
14.1931
13.1346
14.7603
9.26449
12.1271
12.0103
5.61738
14.465
14.0016
12.3724
13.4333
9.477
14.8552
12.5349
10.7633
8.32391
14.8357
5.2339
13.7919
8.69066
14.1088
11.5328
10.6672
8.94762
12.6828
14.0435
5.80095
5.73815
12.1909
14.8457
5.08511
10.2583
13.7526
5.58127
10.8785
10.3323
13.1057
11.0317
11.5692
12.0714
10.7077
9.86276
12.8054
10.4372
14.2727
8.81212
11.1034
12.9149
14.3274
11.52
7.03698
12.5814
12.3674
8.92293
11.4046
12.3608
12.7333
11.2929
12.1351
12.1553
9.58319
5.19023
8.42321
12.3668
8.7923
8.42868
11.395
12.5639
11.7133
12.7395
11.389
8.59628
11.4122
11.3005
14.0187
14.3753
14.2528
10.517
9.71248
11.9687
14.5513
14.7661
13.0341
14.4758
13.6442
11.8194
10.637
14.7543
9.84084
10.1368
10.6007
9.04672
14.3832
9.90838
14.8519
8.44423
7.94704
8.55976
13.1134
10.4817
11.8246
14.9294
11.0448
5.33726
11.4583
10.0261
9.87331
9.96814
13.5221
13.2356
8.57313
13.2265
8.58486
6.58374
8.07875
11.2168
12.4453
8.02473
12.9402
14.6688
8.80265
9.18049
13.6111
12.4866
14.7328
12.8205
13.4705
9.51711
10.5918
10.629
14.2454
6.12282
13.7636
10.0548
12.0652
12.8267
8.26568
11.8494
14.6508
10.3089
13.4169
10.9708
10.2416
9.03342
11.3615
10.9508
7.88678
14.4037
11.8172
8.62902
14.0338
11.7501
11.5064
14.4255
14.7221
13.3085
13.261
10.8661
11.4924
12.5556
11.98
10.2645
13.7266
13.2637
11.2477
11.7508
10.8785
12.6
14.0922
12.6655
10.5628
6.27853
13.1681
9.99997
10.2019
8.67765
10.9199
12.2371
13.2511
12.9465
12.9608
12.7973
13.2946
12.3465
9.15136
8.71841
8.56317
14.0138
11.5061
9.47379
8.73686
6.5992
8.78209
14.4821
9.99234
12.904
14.9128
11.634
10.3435
11.6261
14.1343
8.76682
11.7191
12.8301
11.1567
14.7028
6.23884
12.1862
13.5094
8.45142
10.6996
11.0789
14.4957
7.75862
5.53469
14.3533
7.44958
12.9238
6.16511
7.4265
12.3372
14.7019
12.5494
10.0776
4.17448
14.3881
12.6703
14.0445
7.97779
10.7619
12.7742
10.5703
12.267
10.8914
14.0522
12.0568
13.767
13.7289
9.86311
12.2488
8.7563
4.50367
6.45407
13.903
13.3146
14.8999
6.19704
13.6909
10.7
10.3158
10.4519
9.96523
6.0924
9.18601
12.8289
13.4082
5.63916
11.391
10.4839
14.8276
10.0503
9.72155
5.22624
5.90205
11.2999
13.2541
9.16164
6.42086
11.6113
13.1733
7.17408
12.4166
10.0829
14.694
6.07083
13.4453
10.0126
8.11365
9.90333
12.697
13.0371
13.8661
9.69985
10.749
10.6244
12.6185
10.2287
12.014
13.4894
10.596
10.423
5.66287
6.0779
5.57005
4.40267
6.11412
14.0459
7.63414
12.1507
14.5993
11.3931
12.0889
12.6876
11.969
9.85948
12.2148
11.1823
14.6814
13.3779
14.2028
12.8887
10.9954
14.8564
9.79097
6.13622
7.14081
10.8896
11.1259
13.7786
12.3621
4.43506
7.41275
14.6671
11.959
13.249
6.11152
14.2078
14.5991
10.4726
12.3938
10.4462
4.03723
11.6184
5.81319
14.4165
12.7865
14.368
11.3112
9.64756
10.4988
12.8821
12.6156
14.3042
10.728
12.1543
12.3213
5.24335
8.82917
11.5592
13.4349
11.4854
5.39486
6.92319
13.9729
11.5329
6.75515
14.9896
14.9742
12.5189
14.8237
11.0923
6.0953
7.49825
10.4833
12.7386
13.987
14.2086
14.1088
13.4754
8.28425
4.93842
10.8881
8.56857
9.6363
12.6723
8.6866
11.758
10.2436
11.2903
10.4623
14.7616
13.9671
9.28402
11.2594
10.6099
6.35847
12.1206
14.9676
13.0103
13.3341
11.1294
12.0712
11.18
10.112
13.0257
9.29477
14.6998
12.7134
6.10945
5.96884
8.75923
11.7132
10.3407
9.49958
9.99841
13.7433
10.774
10.0143
13.7641
8.3959
8.28359
10.2793
8.43438
12.4916
10.5697
13.8814
14.4879
9.43776
11.1664
12.8467
12.6667
11.5599
6.22637
14.4547
14.2599
8.10135
12.585
12.7533
11.8376
10.1977
12.8964
5.70909
14.9219
14.6547
8.33841
5.49452
13.0308
9.78201
13.9807
10.9911
11.8708
10.1577
7.65397
12.2442
10.5241
9.8545
12.3812
12.5293
10.4185
12.5962
8.68261
12.2748
13.3038
13.9739
10.3511
10.5134
10.3645
5.65105
8.84653
11.7966
8.69238
5.41075
5.8582
5.37624
8.30839
7.10325
11.0955
11.9785
11.7778
7.1213
12.4581
11.3398
12.1617
9.39375
8.2437
12.0318
14.4307
14.414
13.0247
11.5923
12.3503
13.9211
14.8584
11.2564
11.8363
12.9625
14.2915
5.65082
8.29753
13.6165
9.92883
14.2645
7.56404
14.2042
9.71616
9.28507
9.76273
13.158
6.05476
9.90626
9.2865
12.0285
9.96294
6.24377
9.7746
9.91449
14.7834
10.727
13.508
12.3908
5.72268
9.73097
10.4666
13.2303
9.46304
8.52542
14.6911
12.3279
9.21051
10.05
10.0214
14.4854
11.9599
9.9074
14.9713
13.1133
9.75563
9.52703
8.53238
14.3888
12.2698
12.9072
10.5857
14.906
12.6077
13.4596
8.80588
7.96609
5.55155
9.65131
6.30444
10.8358
13.9764
13.7806
12.3792
14.4167
13.2041
9.7557
10.9403
9.79404
14.7296
14.7802
9.92722
13.7846
11.2502
7.9945
12.8589
11.2077
10.4436
5.6613
14.2365
6.10833
14.3353
9.61029
9.84658
6.5247
8.97223
5.58136
13.1808
11.6042
14.0843
13.4678
10.076
9.57617
12.0396
6.15594
9.61692
12.1413
12.7802
12.3035
14.8782
10.3432
14.3622
14.8491
13.7371
12.7396
11.4588
13.8478
9.7436
14.5216
14.3809
14.3586
13.5358
12.6705
8.98271
5.57087
12.9268
10.8837
10.8664
13.7479
7.83717
13.0225
9.3031
9.69611
9.25959
13.4035
8.85592
11.3133
8.27922
10.5661
10.0201
5.60332
10.5369
14.2034
10.6564
13.1566
11.5397
11.3995
12.8815
14.5024
5.29691
14.1056
10.8305
6.55381
14.9052
10.5829
9.07289
10.694
13.3831
9.75153
13.8865
14.6886
14.9037
8.52723
14.8476
11.2388
4.13613
14.8682
13.811
11.18
13.9727
10.1897
13.0742
10.6953
8.76622
14.4884
10.2759
9.73829
7.93442
8.5372
12.2109
12.3561
12.305
11.7627
8.39331
5.99868
14.821
5.76666
12.7827
10.7412
7.56739
11.223
10.6463
6.41643
14.869
13.0568
14.4623
7.6304
12.1997
7.91463
10.4917
13.1059
4.51709
14.5529
14.9588
14.9919
12.809
4.70169
13.8261
14.8178
9.98881
4.294
6.97947
7.31279
11.8069
7.43866
13.5345
13.3522
11.5197
8.74387
9.81799
9.41461
12.5004
10.7931
9.80176
10.8183
13.0302
14.1596
8.46614
13.318
8.20282
5.62092
9.06759
6.12481
14.561
14.0996
14.6426
13.2145
8.91672
11.3677
8.70055
12.8486
13.4785
8.66411
8.75534
12.9216
13.998
10.8451
5.94211
14.021
14.94
14.1186
7.21483
6.73534
8.73966
8.36267
9.7068
10.5391
14.2522
14.216
7.97533
8.92536
14.3138
10.4253
8.95843
14.1321
14.9007
13.7312
12.1226
10.2029
9.65901
10.952
13.5509
13.6389
14.4543
14.682
6.06157
11.3404
13.9435
9.75484
14.0335
12.7493
8.24062
10.7895
9.48597
14.1358
12.8355
11.9739
14.0097
14.0169
11.0474
10.4066
14.6963
11.8383
10.1185
9.08805
6.61573
12.0071
13.9682
14.8496
9.38296
10.4246
10.681
10.4547
8.37847
11.5817
10.988
6.65352
8.85306
12.8534
12.8175
11.8139
14.6477
8.88406
13.2592
4.85181
8.31003
10.4195
10.1878
10.8492
13.1109
12.6543
9.98562
11.9647
7.80549
7.20321
11.9863
12.0261
11.7711
12.5478
14.6945
13.3555
14.6786
11.593
11.5333
10.8884
10.3757
14.0904
12.7426
8.76617
10.2853
14.307
11.2343
12.278
10.8683
10.2011
13.1382
11.6754
11.9881
13.5377
13.415
5.88236
8.47511
11.4435
14.6023
8.36921
10.3396
13.7297
10.1839
11.0793
13.7626
9.33709
6.27382
11.6949
11.85
7.20358
11.3752
5.41862
14.0757
11.9342
13.2182
8.66925
14.8181
13.1357
8.93194
13.0979
9.9835
11.8648
10.1902
8.41149
9.62923
11.7579
12.7682
9.22514
14.1982
14.958
12.3525
14.9952
6.11853
9.8096
12.1808
9.23212
11.1991
14.3032
12.6107
6.91754
11.0179
9.07426
11.3131
14.0666
12.5533
6.11097
6.48303
9.89758
14.2158
14.2814
7.18073
11.64
8.95487
12.5154
11.2658
14.4461
13.1352
12.8111
10.5432
13.1417
10.1841
14.0777
11.204
9.51896
14.7779
6.98588
9.19397
8.53416
8.98608
13.1326
10.8054
5.69971
5.88555
11.1618
13.7234
13.2041
14.1935
13.9115
13.3775
11.2518
9.88266
10.8748
12.5973
12.5978
11.6459
8.42383
10.3253
11.6707
9.20117
14.8256
11.7971
14.074
8.10874
9.06532
12.5535
13.692
6.27144
14.4058
14.7518
6.73083
10.534
13.9024
8.52307
10.6889
12.5595
5.13279
10.6153
5.69361
12.4664
12.3217
5.92144
11.7708
13.1777
12.8316
10.2282
11.7692
13.5056
14.5264
12.2598
6.14952
13.7493
8.599
14.227
10.3421
14.2622
12.4028
6.29457
6.2187
9.88974
8.33004
9.69174
8.71854
12.19
11.9749
13.8764
5.86363
14.7904
12.1345
10.7235
14.9401
11.6014
13.8702
6.38931
14.3293
8.50907
8.40507
9.90936
10.5985
11.5363
13.9785
14.9317
6.77687
5.89145
6.49704
4.56051
12.0744
14.6432
14.1059
10.8616
8.49037
12.1035
12.4216
10.4226
13.6865
10.5803
14.4262
9.76682
14.7281
11.0508
11.6706
14.7487
14.4074
14.4351
6.35261
6.31042
5.02076
14.3753
7.67643
11.7198
7.80659
11.8515
11.3989
8.42461
8.61163
8.69065
10.6167
6.63633
10.7327
6.24548
10.2122
12.8283
9.46411
14.9529
12.2859
9.63807
12.0974
13.7094
12.0711
12.1057
10.2165
10.3776
10.3987
8.89357
8.72098
14.0462
12.5953
12.5936
9.06521
10.6855
12.0884
14.5
6.39468
14.4251
4.06524
14.3493
13.0965
14.3016
10.1424
13.3974
12.21
8.71531
6.02895
5.36606
10.2239
13.8208
11.7494
14.0572
12.4896
10.8513
6.09045
14.1271
5.96845
14.2033
13.1759
9.52531
12.2054
10.4545
7.28696
9.85043
13.1697
14.6343
14.1233
9.10533
8.32802
9.81255
11.6329
9.53703
8.77953
14.8947
8.26802
9.54463
13.4486
9.0439
8.72608
12.5953
14.4518
9.8752
14.0865
9.03051
13.6193
10.0214
9.22862
12.6317
14.3076
9.78888
10.9135
7.2034
10.5376
13.1229
14.4283
14.4852
5.78744
12.0914
12.5089
10.9096
12.0344
12.0682
10.8446
12.0013
7.54045
12.0336
12.0944
12.7526
12.4571
13.5187
6.3434
6.43837
9.88603
14.3291
12.626
11.9683
9.20076
13.8878
13.7712
10.592
9.71484
10.7805
9.13149
10.0644
9.35521
5.90441
10.3466
8.49812
12.8072
14.9626
5.16955
12.9638
10.5445
14.4501
12.3136
14.9501
11.6781
12.4835
10.5774
11.8552
11.7647
10.3902
9.60484
6.35904
13.7389
13.7062
12.0907
12.5603
8.36816
9.74094
11.4184
8.92276
14.6487
10.5872
9.34262
10.5449
12.0266
9.9974
11.9417
12.0135
12.8836
7.77699
13.5015
12.5029
8.60242
11.5738
8.79822
11.5872
10.3354
14.5298
14.4854
8.94813
14.5323
11.858
14.7452
8.60433
12.0222
11.9403
9.01198
12.4011
14.3369
9.79384
10.8542
12.4926
14.4789
11.5615
9.90197
11.4871
11.9938
14.664
6.35041
10.4394
12.1774
13.3162
12.64
12.1751
14.1011
11.945
10.9956
13.3645
8.91393
13.4626
6.42577
14.5066
8.64622
14.306
12.0176
14.3873
14.9903
12.9206
14.6794
4.29253
7.33968
13.6653
12.976
5.9864
11.437
12.6298
11.2844
12.0718
13.1047
13.598
10.3658
13.0184
10.3808
13.9342
13.2195
9.80943
11.3884
10.3097
7.85592
11.5425
12.4006
12.1759
13.108
11.4787
14.2432
8.44179
11.7333
11.9012
9.60303
9.28118
12.475
8.84481
10.5794
8.38488
9.74454
9.18046
10.7534
8.80739
12.9645
14.1485
9.68544
9.35399
8.63997
11.7361
8.75277
12.4023
11.0167
10.9184
14.1897
13.9445
10.1826
12.3881
12.5653
11.3299
8.14185
12.2595
9.70145
9.94174
4.97012
6.45229
10.7317
10.6245
13.7592
10.4289
10.1977
14.6682
7.28767
9.03126
10.5296
13.1778
14.0992
14.6306
11.8578
11.8404
5.27308
12.3313
9.03038
13.4711
14.8665
5.60416
5.7266
13.2553
13.3406
8.74287
9.99723
8.73488
10.421
12.9806
8.96464
5.75915
8.38977
10.3491
13.5174
10.6195
9.85406
14.6148
14.4089
12.0179
10.0226
10.5805
11.3991
13.6301
10.2863
7.78342
6.15669
14.7044
10.2407
7.23914
11.9282
7.06593
14.1117
12.3474
14.2695
13.1392
7.22033
6.00497
7.84333
10.764
8.96241
14.0777
11.632
10.2692
9.1388
5.44637
8.18733
11.2261
9.92913
5.93926
11.3657
13.0625
10.9615
14.9806
13.6221
12.7723
13.3088
14.2154
12.9743
12.858
11.073
10.9756
14.0093
7.19268
8.61831
9.58847
7.46595
10.7216
6.84085
12.5997
8.10243
8.67924
14.4558
10.4666
7.99561
8.62062
14.6512
10.9373
10.39
12.2682
10.819
8.69227
12.0783
6.31079
10.5805
6.3193
10.1593
10.6664
10.2752
9.29865
13.454
8.48105
12.5744
12.5318
13.6701
9.65717
12.3382
8.78395
10.1215
12.2784
9.65819
11.6214
14.1587
10.6266
12.3953
9.34448
6.35766
14.2171
8.33882
11.9123
5.4566
12.4674
11.8798
13.9015
11.6275
10.8115
13.5845
12.057
10.4391
12.7454
8.73919
13.926
12.5046
10.551
9.31503
13.1811
10.1957
6.1655
14.8658
8.80058
10.0693
11.7671
10.4762
7.66916
5.79547
11.8937
13.6012
6.10606
12.5129
12.4811
13.6364
10.1815
9.12936
13.4472
8.53947
14.3402
11.9812
13.3324
14.4893
11.907
6.6038
13.2489
11.0357
10.362
13.4923
12.173
9.2836
13.3581
14.217
11.8142
11.829
6.05534
8.33561
12.2976
6.22927
10.3509
12.5957
6.23859
10.2379
10.8892
6.14652
13.0647
6.42561
8.62578
10.5888
10.9475
5.53796
9.36069
8.8715
6.14563
11.9405
6.10015
8.91105
8.7194
8.89319
13.3593
11.6764
10.4897
14.9106
13.9993
12.7728
14.9357
10.2233
6.22603
12.2389
9.87702
11.2405
12.3096
13.5646
10.0714
10.5915
12.2989
10.073
11.346
12.1275
14.7548
13.683
9.80472
11.2451
7.87997
8.71686
9.59083
9.55814
12.6963
11.5392
9.31183
8.84528
10.1736
10.9452
14.3427
14.712
10.1123
7.82761
13.1943
14.0542
9.56434
12.0016
11.8235
12.6456
14.4963
11.8901
12.1044
8.13737
8.06076
9.96218
10.8449
10.1853
11.9981
6.21965
11.1053
6.11422
5.34174
11.0978
12.8706
6.22261
14.448
6.18808
14.3355
6.25908
11.7659
14.992
5.82238
11.5076
12.46
14.2779
14.3055
12.912
10.8097
11.8039
8.50708
13.1195
13.2526
14.127
9.61917
9.74359
14.1263
14.672
11.949
9.59757
12.5889
11.9859
11.5689
10.8716
10.5445
14.4538
9.46364
8.77058
9.76529
12.5696
12.1539
10.0012
6.13212
6.54003
6.3602
13.3013
13.976
13.7899
6.25704
12.1934
11.0227
14.0361
11.6699
12.4252
9.32589
12.1028
10.0765
7.42898
9.99898
12.1357
6.34021
14.4116
13.2156
14.2058
12.7578
9.59263
12.6827
5.7078
6.40387
14.5482
14.215
6.37384
9.22497
10.3498
12.9362
13.7067
10.0817
12.1891
12.9238
9.33836
13.7789
8.326
10.1468
10.3529
11.0984
13.1846
14.3494
13.4486
11.3729
9.54543
10.271
10.6551
10.59
8.58829
14.2876
10.0865
6.25489
10.9781
11.4268
13.0841
13.1825
6.16767
10.1065
12.9617
6.83342
12.7223
8.17249
6.17931
12.1643
13.2084
8.48467
9.07047
10.665
13.3304
6.09321
7.67778
14.4455
12.5787
13.4538
8.52096
7.29631
10.0399
9.84997
14.289
10.9425
11.5496
10.0593
9.91151
8.59269
14.3276
10.4766
10.8921
6.77532
11.6807
13.1392
9.92133
14.2422
7.47162
8.89852
14.0465
14.6445
13.4182
11.3967
14.0917
11.5126
11.7626
10.285
14.4169
6.10831
14.4532
14.5389
9.67979
6.33388
13.6107
11.4168
11.409
13.8016
10.0827
10.5108
11.6521
13.8223
10.2305
13.5786
14.1506
8.86375
13.6531
13.9842
13.019
14.1956
12.5336
11.9936
10.2562
11.9686
14.2247
11.0729
11.6858
11.1156
13.4744
12.0894
10.5862
8.74087
14.6327
13.2378
11.5678
11.9508
12.9105
11.6344
8.74189
9.4837
12.5488
10.4263
14.441
8.63807
14.6453
13.4216
8.93283
10.9364
6.2713
10.179
11.5726
9.42507
9.19608
10.2277
12.2844
12.8068
8.90926
14.9412
12
12.6837
9.64197
12.5913
13.9304
14.3679
12.568
12.7739
10.8919
14.9254
12.2653
13.8026
11.8478
14.1153
8.96039
9.30126
13.3928
8.44771
6.62595
7.1263
11.5737
12.4929
9.28622
14.0136
12.529
8.00221
7.53541
4.74503
4.32975
14.6623
10.0332
10.6569
4.11062
13.5609
10.2717
8.64468
8.27787
11.5085
14.7194
9.87321
12.7726
9.10598
13.4877
14.4285
13.9255
11.0812
11.9448
14.8837
13.2124
13.2549
8.88601
12.568
13.5414
5.32946
8.48522
7.04579
4.73987
14.0104
12.0481
9.7463
12.4994
12.079
12.3037
10.6604
10.8729
13.8904
13.0544
7.89973
11.4715
10.219
11.8163
6.30906
11.7106
13.783
11.9472
13.3112
13.9953
6.98636
11.4169
9.81633
9.19031
8.82981
13.701
13.9182
10.8632
11.0363
13.0278
6.80491
13.9025
13.7259
14.188
13.8026
10.9263
14.9897
9.60518
10.0415
8.65343
10.7359
13.0058
13.7344
8.55128
9.68264
14.2821
12.3515
13.0714
4.16064
5.11341
12.6009
14.5106
8.82858
13.22
4.91855
10.4993
9.87601
14.1555
7.44461
14.6675
11.8929
8.40793
13.0801
14.1437
11.578
13.3982
12.4983
9.78809
9.94432
13.9511
12.829
6.14986
8.65306
11.3132
11.807
12.3022
13.2194
5.98712
8.56291
12.2953
14.5439
10.8469
14.0164
12.2663
6.13746
6.41706
9.92261
8.57045
12.0908
8.94591
10.152
12.0506
9.17324
13.8696
9.5599
11.7416
11.9147
12.1173
13.8851
8.48433
11.652
6.87514
9.93061
13.4698
11.0852
6.3676
6.95424
9.74161
8.59869
14.8523
14.9048
12.5756
6.31869
12.1483
11.1704
14.1657
13.6573
13.6518
14.9153
14.544
13.0511
14.5311
14.9297
5.62502
13.323
5.56881
14.3712
13.3027
5.56143
13.9236
14.0028
10.1981
5.74577
13.8266
10.2726
14.014
10.4392
10.6073
9.95335
10.4163
10.344
13.4697
8.57751
11.3308
6.27921
10.9248
13.9603
14.6647
13.0339
13.7298
10.2525
13.8597
14.6727
8.60416
10.215
14.4721
12.881
8.7058
8.31844
14.1567
12.8986
5.99926
13.1939
11.3627
14.6256
12.275
11.5798
14.307
13.0848
7.55681
11.9158
11.1519
8.30726
14.0757
5.79948
12.2801
14.1686
5.91868
9.66591
14.5199
14.5618
10.2423
14.1432
10.8338
9.56307
11.7705
14.4124
13.2999
13.0878
13.8006
12.7677
11.9438
13.7158
6.23183
10.3049
14.0789
12.3239
10.3068
13.8132
9.70466
6.15786
8.55547
10.6919
10.8534
10.6019
10.9845
14.9958
13.5401
8.21815
12.5402
13.6958
10.9459
14.299
14.0759
3.67517
10.4994
9.91884
8.55184
7.69067
10.1415
12.3001
10.3165
8.43875
11.7431
5.3535
14.1326
14.4584
10.3819
13.2268
11.2364
10.1413
13.4084
12.5155
9.96117
8.60633
13.0367
12.8857
11.3109
9.93968
8.09574
13.8401
11.6028
9.91674
10.5818
10.9452
13.6576
13.6621
11.6365
11.0741
11.6666
12.4964
11.9322
10.1919
9.64265
7.94186
14.7334
7.98481
9.76714
14.7016
13.6812
6.64211
11.4613
14.6935
11.8156
14.3884
8.38522
11.4695
13.002
9.32884
9.25901
11.2079
13.3752
9.97464
8.95179
12.7948
6.34838
6.9207
7.1675
11.9321
13.9399
9.20401
9.0635
6.58249
11.7664
12.6774
12.5425
9.67586
12.3377
13.5612
10.8674
8.83238
12.683
5.58399
9.95627
9.6747
14.7755
13.6902
10.0287
8.80769
12.0453
13.8176
12.1838
10.8913
10.2291
11.7621
11.5026
10.6483
14.9997
10.3368
11.7855
14.7744
9.27201
14.2514
12.2343
12.3397
13.8548
9.69819
12.5256
13.4063
14.7718
10.0366
13.0281
11.9146
8.44557
10.3657
12.4281
9.40801
13.5425
14.6219
10.4867
6.65536
11.5099
13.2311
14.7881
13.427
10.4375
13.728
13.9458
13.0287
9.9628
12.6813
10.7357
13.5983
5.04638
8.83134
14.2136
10.2054
11.273
9.99532
6.34829
10.7688
13.4137
12.7504
11.3698
12.5333
10.1462
9.01463
5.50382
8.80941
11.777
9.97302
14.9938
8.63054
13.4399
13.529
10.8407
13.0442
12.2882
10.4368
4.46417
10.7285
12.5369
11.3299
9.05298
8.63769
14.8687
9.67862
12.1103
14.8814
13.9627
14.2162
13.7183
9.76164
7.94352
6.23396
12.9958
9.67799
9.45394
13.8524
10.1586
12.4899
12.8628
10.7472
5.48821
11.2739
14.2527
13.5337
14.5173
14.129
9.44873
8.64175
13.9657
11.1974
13.8925
14.3019
11.1953
14.2727
13.2762
13.0082
10.4519
5.82742
8.25567
12.0026
9.10183
11.5525
5.95211
6.70986
11.1988
13.1364
11.8716
5.59868
9.46217
8.81739
11.0202
13.7238
13.7526
12.7382
12.7152
12.5235
13.0876
9.9726
13.7848
14.4968
13.7566
14.8846
13.7942
12.9273
10.7297
14.5355
14.9218
12.918
10.6071
14.146
12.1496
13.0467
12.6421
12.6168
9.38683
13.8598
12.3941
5.93715
14.9687
5.9801
8.69207
14.168
13.5992
10.9858
10.7335
13.2807
14.1005
10.2075
14.1529
12.6114
14.6984
13.0469
12.3785
9.04841
9.57249
13.0993
10.4201
10.136
12.414
10.4681
11.4061
14.215
14.9217
14.348
14.3655
5.85518
9.22405
9.61232
14.4256
14.3744
9.1834
12.3797
13.7823
14.7075
12.5212
11.0596
12.2146
7.69756
12.9732
9.9385
13.507
5.7238
13.9733
4.24981
10.8949
11.0913
12.8325
6.23073
8.86609
12.8115
7.19574
11.4357
13.8948
13.7913
4.40277
14.8829
13.4051
8.84214
14.8988
12.7827
13.7115
8.30805
6.66017
14.0739
9.45667
8.52417
14.5726
7.32235
8.41597
6.55966
8.49401
9.80336
13.2076
11.5701
10.1819
7.39521
14.4609
10.0616
10.8333
4.33601
11.3822
12.8495
14.7816
10.6391
8.89932
13.2674
8.43729
8.42236
8.93714
13.4895
14.1633
12.5785
8.61831
14.2115
12.3137
8.68716
14.5759
13.0226
13.1329
12.7593
12.9965
13.3524
13.5545
11.4888
13.2821
11.8303
13.954
12.1383
12.3843
12.7872
8.48207
11.2869
10.4679
10.6337
10.0842
6.58871
14.1121
14.6787
11.9386
10.9709
14.121
11.5288
10.3257
13.3241
4.81969
10.8518
11.9488
6.38819
11.0563
11.7412
7.92678
11.2361
13.544
7.42899
14.9884
12.2558
13.7031
8.42182
5.46435
7.16258
13.4097
10.818
8.40619
5.57525
7.20072
9.69363
13.1474
10.1003
14.677
10.6437
9.23206
12.3761
9.0178
14.1307
5.73858
11.4935
14.9451
11.0918
13.4409
13.6984
13.699
14.0996
13.3184
14.4418
10.6272
10.017
6.25456
6.14113
6.18731
9.39999
9.98089
12.8872
8.65268
10.6604
9.48453
10.1114
13.3768
14.3794
7.74535
12.6857
7.47337
11.3495
14.8663
9.8941
7.40456
9.82647
10.1939
11.0512
9.75234
6.14106
13.1028
11.5791
13.3498
12.4609
11.3431
11.051
14.4233
9.7758
5.49283
11.7126
12.3516
14.2381
14.2848
12.3669
10.5986
11.5242
11.7501
11.0421
9.9574
11.7798
13.5733
11.924
10.4228
7.04315
13.2787
10.454
14.3196
11.6987
10.5805
11.9825
12.8149
13.3617
12.7058
14.5531
9.92822
9.87793
14.1121
14.0208
5.25826
10.693
14.354
11.014
12.8045
13.9833
8.83532
12.8896
12.2969
8.18863
8.7128
10.5985
9.60295
11.9608
9.86239
13.0655
11.2626
9.11447
10.5399
13.6063
13.1771
4.48329
13.5006
9.51619
8.54379
6.29399
9.30815
12.8404
14.1052
13.9049
14.4593
13.4013
14.15
10.4777
11.513
6.5354
14.3801
9.57099
8.4704
12.2618
11.5473
10.4895
14.9897
9.92882
11.1978
13.709
11.158
13.1306
12.4508
12.6503
9.25338
7.20451
8.71952
14.9192
12.5255
14.9415
10.0723
10.3925
12.2767
7.94804
12.8923
13.391
13.8364
12.083
8.49745
5.85703
13.2519
14.6903
13.2154
12.2896
9.40895
5.7283
14.1451
8.06743
5.27206
6.04617
12.0721
6.14345
13.5213
7.34512
12.0278
11.5061
11.0324
13.7255
12.4812
14.3158
14.6321
11.0542
14.771
13.471
9.7642
14.6592
11.4904
11.0137
9.21251
12.5347
10.9626
9.72389
10.5788
9.70048
5.69271
10.4028
9.61427
10.9474
10.6259
10.6927
10.6933
10.8073
10.6964
10.6682
10.721
10.6557
10.7973
10.7032
10.6863
10.7919
10.6565
12.5796
12.3915
13.5815
9.95838
14.8092
4.57668
14.1085
12.4211
8.32671
8.50437
10.5289
8.50879
6.06368
12.8343
12.0071
13.7323
10.3139
8.7197
11.0144
11.9167
6.38196
9.03651
14.2575
13.4806
12.867
13.8405
14.4628
12.6256
14.7672
13.4907
14.8862
10.5497
13.3289
13.0128
12.5002
8.7842
14.8045
14.2134
9.951
10.4832
6.27938
6.72444
10.1772
8.61774
9.8843
13.327
13.9411
12.0895
10.4533
13.5178
9.90357
11.0452
5.44163
11.5949
14.8164
8.14285
8.92639
11.9252
14.6946
14.2019
9.43405
12.8956
10.744
9.40749
11.5103
12.2988
14.3003
11.9967
13.5432
12.7973
10.3657
14.4867
13.3506
14.6361
9.09648
14.9648
10.4186
13.3366
9.46341
13.512
13.6559
11.5963
14.8581
11.5208
9.70186
12.0623
14.224
10.5973
5.33696
6.52521
9.94873
12.3553
6.85652
9.92509
10.4562
10.4474
8.62795
9.80752
6.10533
14.5048
12.1217
8.94124
4.39955
14.8105
13.7465
5.18356
9.99129
10.0477
14.1937
14.7684
11.1439
14.4456
12.165
4.71777
11.2976
10.3958
14.9551
12.5634
5.05072
11.6579
12.7118
12.4673
10.2746
11.4806
12.171
7.40991
14.7408
12.7872
11.0368
9.50821
10.8233
10.4016
12.2648
8.84758
11.4553
6.18053
14.2068
12.5233
8.90954
10.0697
8.16148
14.485
12.8102
13.7541
7.99509
13.0506
8.93104
10.555
10.9847
11.5728
14.9144
6.18754
12.421
14.751
14.1536
12.0154
13.676
9.19718
10.481
7.11358
13.6964
7.06712
5.89148
12.9054
8.6213
12.0432
12.22
7.29046
8.66111
13.0533
8.4512
14.3375
14.6925
12.3528
13.4962
14.0999
8.64811
11.6894
13.9856
10.9881
11.2316
6.36554
14.2174
6.15398
10.6478
10.507
13.7183
11.754
5.94851
12.5073
8.43905
5.68211
12.3209
12.1053
6.33787
5.9999
14.0104
12.5155
14.0087
13.508
9.50357
8.62714
11.411
12.9931
10.6584
11.5786
10.7347
14.8787
8.91252
12.5957
6.48283
6.24279
13.0706
14.046
6.21439
8.57349
12.4005
