12.1189
13.1163
8.64049
10.4864
11.6456
9.27919
11.5797
14.5705
10.5228
12.6916
13.1057
6.21734
5.78841
9.97299
13.7746
12.8144
5.03892
11.0702
12.7665
5.12149
14.1558
14.1168
10.2951
9.78723
11.3882
12.2472
13.5863
6.12152
13.6499
9.87954
5.10529
9.29914
8.64164
13.3488
14.1293
7.98881
11.3672
14.5382
8.01692
13.7306
14.1829
6.86098
13.3562
14.085
12.0444
13.5533
13.446
8.55573
9.07521
9.87535
4.09999
14.9531
13.3116
8.64762
10.8334
14.0561
9.94634
8.83246
12.658
11.5306
12.4464
13.8398
11.0465
13.3632
14.3162
13.1152
8.71323
10.0643
7.41092
8.67886
9.94805
8.46392
14.1213
8.82506
8.54816
14.64
11.5529
12.3172
11.6649
9.86235
11.6983
13.7476
10.6722
5.27107
6.73485
11.0102
9.85047
10.537
8.44536
13.6619
14.7276
13.4678
12.2069
9.62013
9.31683
13.0016
10.0657
8.77876
10.2481
12.5284
7.91594
6.86214
13.9247
11.9462
8.7418
13.3973
7.23881
14.3666
6.46285
8.60449
7.10296
12.9008
13.8492
11.5763
6.31023
7.99426
14.2919
13.5018
12.5071
14.8235
12.1737
10.7453
11.535
9.28108
10.892
7.65859
14.0128
11.6635
10.9498
8.49088
14.4436
13.9609
10.6949
13.2888
11.9739
5.3984
12.3694
9.4451
5.95652
11.7372
10.5021
13.3972
14.182
8.623
12.649
9.89429
14.8602
8.28222
10.8565
7.5099
11.1654
13.6033
14.4676
12.7961
12.6469
7.213
6.21043
4.44023
9.0063
9.54076
14.3495
8.72329
12.512
5.57301
7.87713
12.5307
14.2615
11.2714
14.1395
10.782
13.4999
14.2186
10.118
7.41716
11.8587
11.201
13.1454
11.6806
10.8434
11.7119
5.40918
13.4746
9.85538
11.6751
11.8205
13.2544
5.42809
6.11662
10.4625
14.1099
13.6012
11.5234
12.8952
9.33586
13.5609
8.20564
9.99141
13.416
9.59719
14.64
8.94682
8.30751
10.1491
11.9533
9.88772
8.7776
13.921
14.8584
10.9254
7.20517
13.4598
10.2003
6.87727
13.8833
11.8389
14.345
6.38668
5.05241
13.0493
5.61838
11.0404
6.90981
10.0913
12.9166
10.4561
11.7344
10.9202
11.6032
8.73812
13.9211
14.4826
11.1047
12.8681
11.9566
8.65326
14.5512
10.6805
13.3142
12.8813
14.5591
11.6226
13.2364
9.58038
12.6369
13.2614
6.19921
14.0373
8.39751
10.1113
14.7684
13.215
11.9267
12.3904
9.37531
13.5836
14.3314
8.29593
8.09078
6.25084
11.507
10.9016
13.5968
5.7069
8.65183
12.6218
12.4125
10.1298
10.0938
14.2908
13.6111
13.6095
13.2067
8.39818
5.56384
8.75274
9.8337
11.1277
9.46681
7.50532
6.42351
13.6998
12.5448
12.6392
9.17776
14.1627
13.7304
13.0423
13.7374
14.7278
13.8373
10.4015
6.44338
9.81785
10.7478
9.62102
14.025
7.01559
10.0734
13.5139
12.3291
14.7409
14.1387
11.3847
4.46281
10.1492
13.7867
13.533
10.1228
10.9546
14.4996
9.29525
14.0402
12.8241
12.6007
14.5576
11.8927
10.4385
8.06551
11.5805
13.9082
14.1112
6.15315
8.12421
14.3194
11.7565
8.28819
12.2573
7.347
8.52565
13.8125
8.88479
8.21998
13.807
11.4722
7.72432
9.84524
14.3949
13.2832
14.0158
9.57318
12.6651
5.10308
8.98204
13.0432
14.181
8.65796
13.818
9.56952
10.6366
12.6391
13.5195
5.81654
12.8523
12.1959
6.98276
12.1692
9.62116
12.544
11.9676
8.50422
13.0098
13.0988
10.3715
8.59571
8.6538
12.8259
10.4388
11.4681
11.1714
11.4774
12.7272
8.86702
9.66091
13.5749
14.6352
6.22657
13.6691
14.8849
13.8317
9.90639
12.078
12.3037
8.58884
10.4118
14.1993
13.7695
10.1492
9.71706
6.11696
8.5115
6.28849
9.11764
6.07027
4.77388
13.2267
13.992
14.0149
7.11368
12.9441
5.71497
14.7646
12.3963
14.0049
12.4293
14.208
8.5789
14.3675
9.8045
10.6714
13.1222
14.0062
9.53969
10.8955
6.25867
10.9571
12.3373
8.27163
10.8874
9.26173
14.8894
12.8965
11.2895
11.8013
13.2321
11.8383
10.3326
11.3884
10.5033
14.0971
5.29815
14.9607
13.7809
10.7782
14.5521
12.2798
12.5751
8.97576
5.60582
11.2464
11.1262
10.4937
12.6533
10.9694
10.1762
13.1456
8.80082
10.4002
8.97857
8.81775
11.7314
6.39459
8.00371
13.312
13.4725
8.48737
12.5656
11.4028
12.2488
5.56867
6.38306
5.70834
8.80667
13.0879
12.6194
8.58003
12.9596
14.9016
9.75749
14.4367
6.32231
6.29739
13.4668
13.7557
12.2143
12.7638
14.2482
7.58928
7.78174
9.86393
5.12402
11.3266
12.4308
8.21465
5.67963
10.9861
14.065
14.5724
10.0505
13.3449
12.4054
10.3374
12.4407
7.20727
14.2292
9.64483
10.3697
12.5201
13.2151
11.9369
8.58668
12.3317
4.30965
5.57853
13.399
10.0743
11.7961
11.4019
9.11246
13.3705
12.5081
13.6268
13.1143
11.2628
4.57538
5.6618
8.54796
14.0631
14.1783
6.74837
10.7113
12.1883
7.28361
9.89189
4.44541
14.8931
13.9901
13.5755
11.2893
11.2503
14.6464
14.0422
11.0783
12.8986
12.3022
11.5003
7.591
6.73713
12.0972
11.0034
8.85877
14.774
7.64167
12.4424
12.8048
8.45532
12.7009
12.5417
12.841
5.3692
5.98487
12.4297
8.13909
7.99695
13.523
9.89985
6.36207
10.8851
14.9361
10.9616
12.6266
6.98457
7.17645
12.452
9.45043
11.2364
14.5729
11.929
12.6754
10.1396
9.86874
13.9446
12.7672
14.4825
13.7507
13.8344
9.13379
10.7536
13.7323
14.1589
9.24317
8.62786
10.4906
11.6007
11.5466
6.50866
11.0765
10.8695
10.1111
14.3095
6.37778
9.48443
9.77597
10.7231
14.4527
10.7136
13.7505
10.8211
13.3516
12.5538
5.93267
11.7591
13.1026
6.77058
7.81763
14.8062
9.78032
13.0352
10.4503
11.7802
13.4453
8.73899
12.7952
12.693
10.602
13.4402
12.0281
13.5173
12.8048
13.3247
10.991
11.9383
9.23858
12.9602
10.8632
11.435
10.2932
12.2654
12.8059
11.5331
13.1343
14.7763
10.2636
9.58017
12.7854
13.9885
9.97115
14.101
12.2727
11.4816
12.5255
9.61636
8.60636
13.1292
14.0281
12.0281
14.7179
13.9265
10.718
12.8484
12.394
12.4092
12.1897
8.11232
8.60012
13.8374
4.84034
12.1535
12.6869
12.6221
10.1652
9.0331
10.524
13.2981
13.1031
14.3755
10.373
11.0005
11.2135
9.73278
10.5058
14.9771
14.3829
11.303
13.0842
10.2173
11.4319
11.4012
12.4543
12.7725
13.8702
11.3641
6.52712
9.09863
7.33018
13.0987
9.27813
6.55919
9.37903
12.3348
13.9619
12.1932
8.31999
12.7119
10.2063
14.1118
12.6589
6.78689
13.3934
5.25091
13.3194
9.53429
9.59486
13.901
12.9882
13.5104
10.389
8.05827
9.37306
8.45857
6.40907
10.7564
10.917
7.68314
13.9604
10.0655
10.2665
13.3875
13.5581
11.8589
11.036
12.2333
12.9367
10.3053
8.2948
14.4875
13.0756
6.49674
8.7452
14.3549
9.95848
9.8046
8.74871
10.9837
10.139
14.3378
13.9345
12.5838
13.2572
13.2245
7.93581
8.42932
11.1143
11.1241
11.4097
10.4412
11.0486
12.4052
8.87127
10.0438
6.54867
14.1044
7.73524
8.63634
7.9249
8.63763
12.9704
14.0645
14.4955
11.8482
11.0167
10.0046
10.0423
5.60102
9.39463
9.25268
12.3606
11.4365
13.0621
10.5486
7.75052
9.02094
10.1215
11.2074
7.64753
13.8498
9.36932
12.4029
14.4956
9.13114
8.52274
14.1858
8.06171
9.31199
11.2673
8.56437
13.8808
8.35008
11.0586
4.80054
6.00083
13.2187
7.59946
11.586
13.4705
14.2086
8.26079
6.55069
13.7759
13.7993
14.735
12.1913
9.77056
10.6989
13.6673
12.2398
12.732
14.5401
13.8204
13.7137
11.812
9.91074
6.30687
13.6775
10.6642
13.3768
14.9556
8.87493
14.9024
11.3111
13.0593
8.85611
11.0113
13.3271
9.92074
7.85029
4.49439
11.3141
9.39773
13.2256
7.76877
10.9185
12.369
10.7092
6.14342
6.70066
13.9548
13.1347
12.3559
13.8142
13.5122
12.3929
11.1376
13.8799
14.4199
8.6675
10.4437
12.0408
6.66332
9.81253
12.3908
12.5533
14.0873
7.42469
10.6686
13.4722
13.2707
11.2189
11.2134
14.3648
14.2494
14.3085
5.90262
11.1345
12.7132
10.8008
14.0334
12.7052
10.8234
14.607
10.3979
13.116
8.58954
13.5707
5.96976
14.2247
11.6339
11.1243
6.0076
12.1584
12.8056
8.52564
13.8361
8.65398
12.5466
6.38507
13.0464
10.2207
8.38995
4.2282
14.3397
11.1444
8.9481
14.65
11.4849
10.8455
4.26914
13.5292
10.5766
8.20919
12.0073
5.35289
12.4928
9.46979
10.1848
14.3625
9.82247
12.3603
9.70707
14.5425
13.8696
9.73938
14.9274
7.87409
14.9612
13.0044
14.3291
5.20671
11.4313
12.8675
13.95
14.6509
11.2697
11.7064
14.2913
10.1872
12.5782
13.7268
13.6737
9.56867
12.2022
13.1533
6.18036
12.4019
13.4545
12.5818
11.3582
10.8831
11.3341
13.697
11.6452
12.8131
7.28861
9.83641
9.27993
9.92558
12.6409
13.0613
9.05252
11.1338
10.2943
14.5579
13.9901
8.65995
11.666
8.05398
10.3859
9.00616
12.7157
10.4429
8.51086
14.9105
6.21807
9.5009
14.1849
11.2229
13.4249
12.3054
14.5934
14.6801
5.43353
10.0926
10.7336
8.71579
12.0539
12.0042
11.3803
9.03236
13.5945
6.21875
13.8766
6.36052
10.5756
6.29938
9.76557
14.5894
14.1269
9.15962
11.8471
11.2714
14.6094
14.332
13.3509
14.5309
12.5408
14.4933
11.646
10.2817
9.78496
14.0703
5.01625
7.04013
11.8755
11.8925
5.72256
14.2772
8.04033
4.78012
14.9711
13.3417
8.92311
12.9227
9.3701
11.1731
9.66168
11.9567
12.0791
13.0513
7.53412
11.3628
5.28732
13.1316
13.0367
14.2211
11.4828
14.9293
14.9133
14.1941
9.34453
8.71485
12.1622
8.38825
14.261
9.04187
13.8568
10.3093
14.5388
10.9883
12.9512
10.4309
9.29105
10.1618
10.6406
13.5744
13.0472
14.2465
14.7617
9.71385
8.75373
10.5119
8.8633
14.5337
11.5988
5.73256
14.15
6.37369
12.5986
6.17721
5.44653
9.8948
9.03343
5.50711
12.0081
9.76598
12.047
12.3929
12.3875
7.95822
10.2224
12.9161
6.24728
12.6967
5.98587
12.1793
10.8578
6.13694
9.85699
14.4114
11.0031
11.9929
14.5498
14.5261
8.41019
13.0767
13.7536
13.0196
11.3663
13.7811
14.6747
14.8507
11.9502
7.27001
14.8225
11.6072
11.7612
10.9789
13.9823
14.5827
8.50391
11.2184
13.3018
12.155
13.2559
12.38
11.9822
10.1254
13.8297
14.8168
12.0968
13.3555
9.25532
5.4645
13.1667
13.8686
9.56062
14.0588
13.5366
11.0537
12.035
13.2432
14.2305
14.4983
11.6766
10.4686
12.4782
5.26675
11.5409
13.6775
14.8634
12.5398
11.1049
10.8853
7.62536
6.44118
9.77094
8.41399
14.7655
8.10281
14.6765
12.7806
11.4216
9.20637
9.18407
8.70351
12.3716
10.2809
12.7978
12.4131
10.4425
14.6553
14.2398
8.1177
13.8271
12.2083
13.5117
12.3647
6.07621
11.2405
9.63298
13.8564
10.056
12.9799
9.48272
8.35281
14.3796
6.16535
12.2561
10.4376
10.1374
12.3523
11.5941
10.8945
11.047
9.99188
8.59566
11.5803
13.1814
10.1528
11.0378
9.06269
8.19387
11.6166
11.0412
5.36832
4.90004
6.56822
14.2763
5.77127
10.5351
9.5307
6.3034
14.9455
12.5276
12.1049
10.2984
14.6623
8.54241
9.79601
14.2362
12.238
11.0518
13.0478
10.5465
13.3657
12.4405
14.0533
12.5126
10.0201
12.1143
11.7108
8.55529
13.3414
9.36226
8.07779
14.94
13.0734
14.1431
5.93225
7.30009
13.9396
11.6705
6.46287
10.0962
9.11377
11.6356
9.70744
12.9241
11.273
13.2557
11.5544
13.7325
11.7589
9.58246
14.9771
9.46514
5.97089
11.4071
12.3122
14.4275
9.59317
13.993
13.8963
10.9495
5.41525
10.449
5.94536
11.9478
14.1815
14.5894
14.6474
14.4901
14.6072
12.63
13.7151
12.2678
7.77732
10.3149
7.97783
11.8689
9.40023
11.496
10.0991
13.6959
6.3846
13.8091
10.9842
13.6069
8.42279
12.7468
6.75453
6.71556
13.3376
13.3951
10.2161
12.1821
13.7647
12.7049
6.45876
14.4541
10.7704
13.6063
13.992
7.88488
6.25762
12.078
10.066
12.0984
6.25241
10.5609
9.90283
14.7787
14.3155
10.0365
14.0048
11.0382
6.51148
12.8387
13.1956
13.696
9.55539
10.4347
10.0908
11.2397
11.4662
14.6374
13.9233
8.72853
9.8144
8.4647
11.9052
9.01372
8.46474
13.1269
12.8451
9.7432
10.4431
12.9181
10.2997
9.37914
12.0081
5.98705
8.85339
11.6041
12.6164
14.6793
10.7752
9.90955
12.2666
14.522
13.0442
14.02
14.7143
13.8285
10.4671
6.54801
11.0204
11.4293
10.8985
7.47424
14.2733
10.0271
8.82217
10.29
13.4872
13.066
10.5074
11.0068
11.2477
12.1772
13.7535
13.8574
10.6714
14.8833
5.35405
5.88592
9.8986
10.6455
14.6902
12.9743
11.369
14.0963
14.9221
13.609
14.9194
4.48778
14.4915
11.0407
12.1655
7.96905
9.73721
11.6978
6.70192
10.1862
14.1046
13.8412
9.40798
12.2531
14.4498
12.4476
13.4954
8.18825
9.5197
14.6627
14.3552
13.2356
13.8742
10.9172
11.1036
5.23358
8.16671
13.2205
14.423
14.2314
10.7903
7.17879
12.5281
11.3733
11.4796
14.874
8.78698
13.5741
5.74156
12.8971
3.70431
12.9869
13.5634
5.70687
13.6993
10.7563
12.1422
8.81589
10.0581
14.1902
9.52149
13.6591
11.4401
13.302
13.8382
14.43
10.2668
10.4161
12.9666
13.76
13.4901
14.9563
4.41271
10.5947
6.14008
13.3863
12.9884
11.679
9.1497
7.55422
11.8328
13.2515
11.0877
9.48205
11.1554
5.75559
9.83846
14.644
5.88009
10.6809
9.02348
10.0842
12.5554
10.3966
12.2049
10.3272
12.3872
7.61555
13.6786
14.9278
13.7389
10.1984
11.3758
10.7457
9.61247
13.2459
6.84073
13.4467
11.8748
10.6485
8.98
9.92587
10.0608
14.8181
9.98079
14.7112
13.4575
13.8109
13.446
14.356
14.9639
7.16847
9.90203
6.65386
14.0932
10.517
11.3133
13.1749
5.67239
11.9155
10.8033
7.80124
6.68796
10.4096
10.2737
10.08
13.3583
13.979
10.153
8.89415
10.38
8.97963
13.6217
12.3702
10.8448
8.03568
13.1733
9.1968
14.6319
9.89328
10.1893
10.2621
8.71879
12.7413
12.6408
6.47238
6.09555
11.0589
7.26179
13.0999
10.1499
12.0781
12.8468
10.8653
12.3135
11.1656
11.4139
10.0343
14.0257
9.80641
9.18471
14.2887
8.91776
11.6874
11.5487
6.38403
12.3997
8.83187
10.9191
4.30795
11.9877
13.4691
6.77216
8.59715
9.14862
9.30035
10.7621
11.1749
14.4257
12.0032
10.2931
14.0916
11.7636
12.1421
14.638
7.19326
7.62631
12.6138
12.069
13.1849
10.4457
11.9958
14.954
6.84729
13.1073
8.90903
10.6578
13.1619
13.3157
11.0306
10.4973
12.2432
14.1358
14.9147
7.34721
5.76036
12.2789
8.96732
6.55433
4.22357
10.1014
11.2017
11.2949
11.3684
6.18932
11.6549
14.9869
14.8294
11.0771
8.49154
8.11257
14.5551
11.9892
8.77319
8.19337
9.97457
8.21529
14.3263
11.309
14.4592
11.6494
6.75162
10.0544
13.899
9.41802
11.4003
13.7085
9.89631
9.75668
10.9836
12.976
9.88321
13.9744
8.35706
12.2727
8.41947
12.7631
14.086
14.1711
8.08313
5.68106
14.1896
13.2091
7.52835
10.8167
5.06173
14.782
6.68921
11.5574
12.6832
10.1723
6.25817
13.2232
10.3496
6.4291
12.515
12.5285
13.2835
14.7951
14.2259
13.7216
14.0115
11.0839
13.4973
14.7576
10.7615
14.4893
12.63
14.8078
14.3974
14.3856
13.7029
9.7065
13.8618
10.3208
8.28787
14.8698
14.8839
13.7397
13.6534
13.7181
12.1829
11.6944
5.85293
14.6308
12.2115
11.8204
5.78189
12.2072
8.41654
12.2704
14.1649
14.268
8.71982
9.711
10.1926
11.2331
7.36126
13.5838
9.7644
11.9805
8.60672
9.758
13.524
12.0354
8.85895
14.2824
12.7723
9.8311
9.85944
14.4277
14.6602
12.7848
11.1674
13.6271
11.4408
9.38693
12.4001
6.08183
13.869
8.46584
10.0445
13.2254
9.22996
11.7261
6.6202
11.7128
8.62486
9.75076
7.46311
10.9007
11.1356
8.74712
12.4666
12.296
10.7996
11.8981
13.8463
12.1428
6.38867
12.5526
11.958
7.68891
10.1404
10.244
13.7696
11.6306
14.5003
13.6629
10.489
12.4898
13.2705
14.0041
14.2426
14.7374
14.7989
14.0957
14.296
12.6258
11.891
13.6393
14.968
13.5452
12.1959
12.5326
10.0082
13.4286
13.5791
12.3683
10.6158
9.9366
13.2373
13.3775
12.791
8.31876
8.05365
13.9797
14.9905
10.1914
12.0361
12.5742
9.4051
13.6734
11.7889
12.1931
13.4308
6.03927
14.2813
10.0321
7.9011
13.9001
10.7851
10.6128
12.4218
12.7348
11.0389
6.40725
10.9366
13.1579
14.1053
14.7532
6.24047
9.07754
13.8192
14.0997
12.7447
12.1749
12.9324
14.0216
6.6965
9.3835
11.8214
9.85121
11.9274
14.5664
5.90662
12.2302
11.4929
9.89456
12.4551
11.5867
8.40331
11.1627
8.33922
11.6748
8.67772
9.4837
7.7155
8.78722
14.1502
10.4773
10.1432
11.2648
8.4118
6.2414
11.4689
11.072
6.96011
9.3134
11.5858
13.9306
10.2509
11.1148
11.8093
14.6955
9.63927
14.3953
12.0936
9.76223
9.99201
10.0359
12.148
12.523
6.22372
13.1269
13.625
10.5442
13.677
12.8528
11.9939
8.0767
7.90687
7.79478
9.83853
8.21465
14.3985
9.46985
11.7354
8.75277
13.5134
13.9815
8.89094
12.6452
13.4768
10.6958
10.9728
11.8284
10.6244
14.3474
10.1879
14.5567
8.19164
13.7473
13.496
8.56131
11.9875
8.31748
6.55453
12.2386
6.69903
9.69028
8.76493
11.4271
6.15757
10.7075
11.95
12.7825
10.5122
8.13746
13.1951
11.3835
13.514
5.12607
14.5443
10.3983
12.8991
12.1576
4.99477
6.60996
12.7864
14.3787
7.94987
14.1195
12.7153
11.5776
5.77365
12.0905
11.6613
14.4397
10.7532
12.1324
11.8307
11.3809
14.2386
10.3969
13.2953
8.05777
5.54293
6.18875
11.0268
12.5172
7.13031
13.4469
9.41754
11.526
12.5658
9.24997
12.7049
10.3234
14.8582
11.609
14.9809
8.77349
12.6796
13.3288
13.9872
11.6556
10.4181
9.73279
11.7373
12.4887
12.5403
6.52425
13.7408
13.7763
11.536
6.35014
13.602
10.092
11.6748
10.18
13.96
12.2028
12.006
13.9151
14.2738
9.61095
12.2291
9.21223
11.2849
11.3897
11.4387
12.9481
8.09671
13.6145
11.1763
10.0784
7.6051
12.4038
13.3163
10.7565
8.22563
12.5556
8.60727
6.08853
8.63291
14.2931
11.0703
9.45374
8.03158
6.37165
13.5043
9.01025
13.5009
11.4993
14.9485
13.6943
13.5125
14.5812
14.5385
11.9717
13.1029
10.7714
14.2328
13.7674
13.8212
14.5819
10.8098
14.8316
13.6661
14.3169
6.93893
10.174
13.1294
11.4128
10.5953
10.173
11.0277
14.4073
12.7928
13.6081
14.8493
13.805
13.9484
14.467
14.2161
8.68855
8.91596
14.9031
13.1077
10.4427
10.9516
9.89086
14.394
13.1971
9.07957
11.3923
14.6697
12.6639
11.1211
5.69323
11.2342
14.0586
14.9697
14.4272
11.1349
7.98008
5.21138
10.6844
8.30479
14.6283
13.6478
9.44562
14.8964
9.23482
10.9369
5.58831
13.9755
12.6998
12.8674
10.5167
14.4217
14.0175
10.1268
10.0464
13.3838
12.337
13.2003
10.4042
9.47923
12.6724
11.2457
12.2206
13.842
14.3632
5.73166
12.232
14.4427
12.1622
6.50207
13.7288
9.4972
12.7187
10.2854
8.71177
13.6068
11.4263
10.6228
11.4562
10.3586
13.1894
4.65746
5.784
12.339
11.5875
6.54157
11.255
9.26099
6.20435
6.68467
13.4988
12.7662
13.4408
13.7952
6.72625
13.6497
14.064
6.29338
13.1462
13.8739
13.2193
9.28365
9.74378
13.4416
12.331
13.0318
11.9581
14.734
9.64218
8.67178
9.47814
10.0753
7.92901
4.83557
8.10934
13.6234
8.68858
14.1974
11.9786
12.4697
14.2616
11.2314
13.2329
10.0454
12.601
6.4361
11.5836
7.86979
12.7971
9.67123
13.7083
10.4411
12.1059
9.35882
9.15843
13.6762
10.0342
10.1261
10.7499
8.25824
11.5173
9.87889
12.1421
14.159
9.35954
10.6514
12.6043
14.2191
14.7175
10.9933
8.62399
12.1498
13.0233
10.5452
8.68437
9.51922
7.53898
13.6665
10.3491
12.8904
9.17201
14.1927
10.5426
5.95354
14.4564
13.4672
14.3608
13.3133
10.5453
7.02101
11.5391
10.485
12.8485
8.54765
11.1925
14.0749
14.8913
14.9529
12.4617
14.6647
12.4442
5.82761
5.69523
13.0587
8.92125
11.2407
14.6727
14.8974
12.4436
13.8201
10.0689
5.31458
10.1635
9.31421
11.4583
9.97173
14.4837
14.4332
9.6322
7.49807
5.21445
14.882
12.4429
14.4761
5.41017
13.7966
6.89298
8.52655
7.89987
6.81209
13.1603
10.7466
12.114
12.7881
7.31091
6.01283
12.5364
10.3557
9.86586
10.9397
10.5214
14.8955
8.75297
6.18857
14.2378
9.92857
13.9901
13.5233
11.31
9.97599
7.2482
10.7923
10.0957
7.44048
10.7861
9.86666
14.786
13.9638
9.03916
14.2619
14.9766
7.33037
10.6721
5.75222
12.0407
7.40803
13.7262
10.7859
9.36064
14.2003
13.1523
13.6281
9.58655
11.3445
8.51554
6.05527
9.74555
12.191
12.782
11.9185
7.35663
13.5229
7.2687
6.73182
9.00915
7.35403
13.3283
6.23364
8.12243
12.4478
5.81147
13.8482
13.8021
13.9997
9.5909
9.82158
14.0698
9.46239
10.749
8.41965
12.4799
13.8983
12.4844
10.5422
11.2776
14.9749
13.755
9.69169
5.8786
9.14098
12.8604
13.1437
10.3842
5.12781
13.9365
13.0571
12.7306
10.0215
9.1526
9.4119
14.5215
12.2935
11.0063
8.73896
9.62743
14.4373
14.9926
8.4903
7.502
6.18717
9.8121
12.3538
9.70157
5.65799
14.7648
8.41354
10.1952
14.6958
9.48982
11.8976
13.7091
11.9715
12.534
13.6823
12.5836
12.7516
10.0438
4.96109
13.7766
10.8378
12.7588
14.2393
11.6636
14.6568
13.0956
7.84883
10.833
12.1509
14.1556
9.52636
14.4983
9.27807
9.99741
11.3454
14.411
8.53615
13.2375
13.4711
13.2461
11.0572
13.8375
14.809
14.6048
12.1114
7.00214
14.8466
11.3482
11.9791
11.0517
13.9341
14.3329
8.37684
13.157
13.0053
13.8184
14.6518
11.969
13.4815
7.69705
14.4221
14.6037
12.8681
9.3613
14.5256
11.6451
11.5453
13.9925
14.0335
13.8022
13.5983
14.4383
10.2433
7.20959
14.3712
6.13465
13.9385
12.9071
10.6681
13.7843
9.75834
9.38993
6.72135
10.4861
12.9717
9.54886
9.66298
12.466
11.1007
9.71164
9.72523
7.10226
10.5466
7.09944
9.84219
5.27193
8.19274
12.8284
13.0692
8.30606
11.0958
12.3283
10.7388
9.13737
14.3581
11.9699
12.7669
8.99548
10.0097
12.1589
7.60091
9.16249
12.1003
11.6767
13.6677
8.42288
11.8188
4.55117
11.2598
14.4557
10.0934
13.9956
9.87623
10.4308
14.2916
14.9931
10.367
14.3389
12.8731
6.1615
12.9259
13.0886
11.0923
14.5387
6.77066
14.3744
8.19885
9.46763
10.1979
9.28096
14.2326
14.1915
7.14705
9.46952
8.87631
8.49521
14.1824
8.78642
9.76217
14.1118
10.599
13.2122
12.3488
14.3213
8.61914
14.2849
5.88336
13.5018
5.59642
12.5012
9.62856
8.01408
6.1378
5.63546
4.99272
13.5781
11.8169
11.5545
10.0191
13.3296
14.4914
12.9107
13.0615
10.6968
8.44787
10.0821
14.6661
12.928
14.9172
11.6467
9.6778
12.5216
13.8197
14.4699
14.9597
10.6844
13.1193
12.0302
11.6561
11.2249
13.272
6.63974
12.8665
13.8851
11.5634
11.0655
8.74638
10.592
14.5154
8.69975
11.1041
10.9049
14.5884
8.59668
9.92908
11.4801
11.2963
8.54019
10.2719
9.9673
13.3092
14.9617
9.26124
10.4488
11.8008
10.4342
14.3684
13.7859
5.48657
10.3671
14.9231
9.05977
12.427
10.2503
11.6923
14.0842
14.7629
10.465
12.3658
9.19637
12.139
12.2095
14.1625
12.5111
7.19452
13.5721
8.65504
10.665
10.6656
14.1467
8.89593
12.4641
13.189
14.671
12.1225
13.6525
12.6171
4.07673
13.7176
9.17797
14.6656
14.6077
12.8471
14.517
13.5862
6.03942
11.8167
14.0419
10.6786
10.1906
11.5904
9.33882
4.94699
13.6155
9.33311
13.3567
9.20316
9.50254
14.6552
10.9313
10.3568
14.2573
12.6336
10.7215
9.13015
14.4431
14.2781
13.381
12.1824
8.61661
12.5581
12.1903
11.8756
14.4594
14.2012
14.2193
10.2163
10.085
8.9198
14.0345
11.0317
9.8278
14.0872
10.3895
8.72313
14.2377
14.234
6.54066
14.33
13.1157
12.5841
14.327
10.8366
11.3867
12.5308
9.15944
14.8609
13.1568
12.1143
14.134
12.1244
12.4415
10.7624
13.5486
14.4305
10.5958
11.5478
13.0687
11.8518
12.2705
13.8523
13.238
8.57704
12.867
14.9091
10.9166
9.05999
10.616
10.4896
10.382
14.1416
8.99508
8.89101
7.13062
10.325
5.50924
13.6835
7.88344
14.3658
12.6292
11.5475
14.69
12.657
14.8459
13.9012
14.021
13.278
10.277
13.1825
4.1287
7.64163
5.60675
13.115
13.4437
11.3582
13.7142
7.76464
14.1725
14.3323
12.5099
13.8272
11.1193
9.53025
13.5276
6.09738
8.44356
12.5794
10.6351
13.1466
8.18168
14.7105
12.2408
13.0029
7.16924
14.0554
13.8768
9.78129
6.48756
12.8545
8.61128
11.1839
7.99938
13.3214
11.217
5.94758
9.57403
13.5858
9.61352
14.165
8.75077
11.9526
11.0875
11.238
11.3485
6.63466
13.42
5.88592
11.1684
6.68174
13.196
7.59893
14.049
11.4879
12.0001
5.65731
8.71351
12.8246
13.2976
11.6343
12.8065
11.4731
11.1092
13.0409
10.0978
11.5545
9.19096
13.6228
9.36828
11.1482
14.5616
4.31367
13.8769
13.2614
11.5032
12.1001
11.4243
11.1989
9.97896
6.25114
13.3822
12.6057
13.3152
12.4645
11.8354
14.0983
11.1207
5.48442
9.15381
9.03519
10.6107
8.40072
14.9445
8.1385
13.5608
11.672
14.8011
14.0512
13.4394
14.9148
14.0677
13.9856
9.57429
12.3339
8.3234
6.03024
8.19849
12.9323
14.9377
10.0104
13.8529
14.3759
14.9147
6.25317
9.61828
11.6959
10.643
14.7495
5.55406
10.6388
8.93137
10.2768
12.3877
12.8687
11.868
12.534
13.9957
12.3257
14.1122
13.6219
8.83198
12.5764
5.69558
12.3727
11.1123
14.7043
12.5147
10.8318
9.69408
9.35701
7.94401
5.98621
10.3009
9.63092
11.2467
8.18996
12.0941
10.3424
8.14117
5.29088
14.8232
14.7421
9.50773
6.83123
9.41048
14.6252
12.4311
13.8276
13.0891
10.6235
13.5232
10.5
9.84233
13.0455
7.22751
9.35337
14.1657
13.9071
12.7156
12.258
11.5392
14.2953
13.8537
13.9865
12.4428
14.5308
9.63658
7.63019
8.11397
12.0017
14.914
11.5646
6.50779
11.4474
6.38983
6.51953
14.422
6.92374
10.7481
13.1045
12.0058
6.33716
8.5665
6.04188
5.24636
6.33266
13.5375
13.3704
10.6684
9.11004
11.8895
11.8153
14.1664
11.3695
10.7828
14.5406
9.19487
10.2671
13.1187
13.5455
8.65989
5.26942
10.8455
11.5063
13.619
12.2753
13.3474
13.5841
11.9548
14.2057
7.90529
13.1642
10.7461
11.1719
12.8119
9.75375
8.14234
12.2284
12.1861
5.38301
7.63663
14.601
9.10581
8.75479
11.4047
8.89163
14.3864
13.5868
13.1704
10.5929
9.92669
12.128
13.0644
14.4579
9.40825
9.18377
9.35002
11.8444
13.6507
13.0901
8.5153
11.7597
10.2665
7.86184
9.47507
14.911
10.2584
8.68981
14.3015
8.16506
10.1067
9.9392
12.4646
6.53861
12.1667
12.1111
14.0358
14.048
9.41309
13.3508
13.8742
9.56406
11.5152
13.9784
11.4876
14.6469
7.7844
14.192
8.96622
14.2204
12.3712
9.69767
10.8273
11.8921
11.3945
8.23723
10.7074
14.9997
11.3884
6.10674
14.758
10.6031
14.3029
14.9528
8.65123
5.3615
11.472
10.3102
13.3963
13.5008
13.3682
12.3903
10.8342
8.79754
10.8215
11.5013
8.41464
13.6603
9.51593
14.4066
14.0813
11.2897
8.58892
8.61777
13.3276
8.82033
12.1488
13.2095
7.43635
8.44152
12.8938
12.9648
14.1232
14.9044
9.81951
9.02975
14.5165
11.9389
6.95618
13.0777
9.61539
5.94968
14.542
9.93395
13.3639
11.7504
11.9973
7.86046
13.8775
10.4869
6.9301
8.34974
11.9337
13.7102
12.1135
12.3583
8.4667
12.229
13.1064
9.49335
8.18628
12.1713
14.5585
13.5165
6.37979
5.54538
12.9237
7.56029
11.1191
14.2027
10.7029
12.6446
14.4857
12.5708
13.892
7.01936
10.5972
6.14608
10.4877
11.3013
11.4515
14.327
13.1296
8.4554
10.8664
8.02387
12.4917
4.67856
11.6178
11.0309
13.791
9.05032
14.2269
11.8888
6.20513
8.12794
14.6775
14.6473
10.1176
10.8401
8.38228
9.75591
9.59793
12.5793
9.78168
13.9793
10.366
7.02772
13.6409
14.9913
13.1101
10.5896
8.51012
9.98857
14.1031
10.4321
9.85803
8.09924
13.9557
13.4324
14.4098
12.4916
14.9956
11.3374
10.4813
9.93565
13.1097
12.2708
14.0078
12.9033
8.8673
12.0027
6.48618
10.9741
14.153
9.38037
13.2464
14.8816
14.5481
8.63092
14.612
12.8741
11.7138
8.71289
14.9891
6.32677
13.8311
10.5126
9.60037
9.50938
12.8838
14.774
11.6763
8.5036
14.1547
9.75365
9.26881
14.2516
12.9574
13.8096
14.5657
14.9867
14.078
10.0963
13.9236
5.95878
6.41782
14.0645
14.2697
7.3733
13.8576
14.0077
6.48379
13.293
8.79082
8.29947
12.6813
14.4746
12.8185
10.6122
13.7264
14.7652
14.561
9.58499
10.3138
9.45159
9.77857
14.6555
6.60493
13.4612
11.9858
11.8938
9.14806
13.592
14.199
10.0705
8.7039
8.63521
10.3414
14.4149
4.79801
14.7317
13.9469
9.31545
7.08394
4.89021
12.4365
11.4546
12.7875
14.8449
11.7848
12.9399
12.7438
6.50399
5.59733
13.0563
14.8548
11.5971
11.6833
13.3433
10.4646
9.73432
7.61315
14.3442
8.60865
10.0919
11.6411
11.5975
9.68697
14.2749
10.804
12.0201
10.2945
13.3496
12.7805
12.0295
9.2173
14.5915
8.96838
10.551
14.3441
10.124
10.3253
14.5558
12.1598
11.6865
13.6771
11.8491
8.52415
13.9204
13.5464
10.1016
14.8612
14.2875
12.6885
14.356
12.5712
10.6321
5.63582
6.30906
12.902
12.8321
13.8178
14.8175
14.1088
7.33445
4.29976
9.04199
13.6834
14.3984
14.6546
14.1645
6.60894
9.56069
5.22347
9.3632
10.5403
13.035
5.8072
13.4263
11.8499
13.0383
10.9398
13.5057
11.929
8.02852
9.22829
6.62754
11.9823
10.4493
14.2889
10.6034
11.5679
14.0575
12.557
14.5812
12.2955
11.9916
13.4867
12.0164
12.1093
7.76536
11.5076
11.6356
13.8003
11.1711
11.9072
4.92382
14.9417
7.04461
9.30859
11.6177
9.5197
14.4711
13.4738
10.8266
12.381
10.1265
12.7323
12.8654
13.3919
14.6925
14.2285
11.3788
9.70483
14.832
10.415
13.1531
14.5432
11.6607
14.0668
14.2958
12.9817
13.2693
10.5527
6.15486
14.42
9.88101
10.3563
9.57262
13.2951
4.48456
6.18887
14.4177
12.1206
11.1712
13.1825
12.9791
10.6113
9.25672
8.21116
13.5104
13.4696
14.2952
10.3262
11.3622
13.2913
13.839
4.67521
6.59747
6.43221
8.21566
8.59131
12.851
14.2609
14.7758
6.64268
11.6079
7.9502
5.48704
11.4348
10.9198
13.4398
13.8742
10.8786
14.1577
12.7692
14.8675
11.013
8.36042
6.2484
11.9562
14.4902
10.9989
9.56862
14.5754
14.354
9.50535
14.2714
10.624
10.0082
11.7143
12.9772
6.1222
14.8902
10.8857
14.4364
14.4837
10.9694
11.7348
14.9528
9.62671
12.0923
9.50571
11.5254
14.4732
10.5581
12.0613
13.3617
11.509
14.9927
13.445
9.36561
14.1407
11.5354
9.58624
11.2544
6.2731
8.65847
9.34844
14.8922
14.5025
12.9865
14.1486
9.94254
11.7357
12.0165
5.50142
14.1869
13.2935
9.78028
12.6718
12.864
6.37812
8.61638
5.89909
5.36818
13.7472
12.9411
14.0547
8.44682
5.62122
11.0512
14.9646
13.6772
11.2059
14.8659
6.16845
13.0435
11.4934
8.36383
9.71933
13.7959
10.6907
13.5098
6.16072
13.5223
9.77394
8.57267
13.8794
12.5968
9.40086
11.3367
14.4191
10.4872
14.5641
13.9139
11.391
9.6472
4.70174
12.9224
13.6914
13.481
13.2379
10.8481
10.4297
7.83624
9.47124
8.91466
5.40466
7.49806
8.95109
13.1006
6.7008
13.732
14.1116
14.132
6.53273
10.8625
13.1918
11.1511
6.14346
14.558
10.0622
8.47445
6.20285
13.2646
6.16225
6.16368
12.9651
12.7734
11.8873
9.23233
10.1608
13.1916
14.3451
14.8435
4.38858
14.0383
9.73265
14.1875
11.8476
12.3626
9.16002
6.04369
12.4886
13.3996
10.7215
12.2203
13.7965
14.2676
8.69999
12.869
12.2361
13.1323
4.2402
9.68375
12.2938
14.8996
12.9312
11.8998
14.4593
12.7967
9.11949
7.1205
14.2951
13.8667
8.84054
9.61409
9.16717
13.0501
11.0743
6.73115
7.57539
10.9691
5.94122
11.9427
11.1777
12.4829
6.85585
10.8643
12.3431
14.5464
6.53387
9.12677
12.4858
11.9892
9.53612
5.3508
8.65047
10.888
12.807
9.56765
9.88565
11.9374
14.6626
14.7093
8.6073
11.9203
14.3083
14.2801
11.7713
12.2376
11.6655
9.93553
12.5064
11.9577
10.6206
10.1923
14.3445
14.0447
6.37743
14.0414
14.3755
6.79926
9.04663
9.04169
5.33845
13.5613
11.6347
11.2415
10.8761
9.7693
11.3607
12.0611
9.99075
13.2941
6.78009
8.86692
14.1544
6.80815
8.85612
5.20104
8.78817
9.51569
11.8408
9.9415
8.43481
13.8584
11.1813
14.8454
13.3156
13.0981
14.8672
12.4845
6.79456
12.0889
10.9078
14.0754
14.7134
14.819
12.7689
7.64971
10.0951
13.8478
5.67831
9.67779
8.44475
14.1761
13.9324
14.6625
11.5854
10.0189
8.17099
14.8732
9.65742
13.6389
8.50252
13.9438
12.7242
12.1138
6.09723
13.2577
14.5477
13.2854
14.1498
12.0343
6.13295
12.112
12.4982
6.32952
8.62147
12.7017
13.3243
9.10109
13.4202
14.4822
13.6375
12.6124
9.43649
12.13
6.35915
12.6495
5.09391
11.0138
5.45596
13.2709
11.401
10.3364
13.5964
11.7798
9.34685
4.39885
10.4442
11.0058
9.44255
9.11265
12.7272
9.37646
14.746
11.6844
13.2023
8.90277
12.4879
10.0452
14.6231
12.1495
4.73367
10.8618
13.1131
10.5131
13.5333
12.0353
10.9874
13.1255
9.80206
12.294
14.4071
13.6977
10.4079
11.0596
6.40888
12.2575
12.406
11.0498
12.815
13.2517
11.6483
4.70806
11.4702
14.2275
13.4187
13.095
12.7153
7.3165
14.6337
13.3632
10.4818
7.55747
8.60456
9.08243
10.2968
9.8935
12.8657
14.4112
12.5211
14.1701
10.9906
8.64793
9.98306
13.9974
11.3069
13.7576
6.14629
14.7737
5.92233
6.50761
14.352
10.5093
14.0286
6.06531
11.2503
6.2935
9.07478
10.2528
9.15021
3.9373
11.6105
10.8463
13.7418
12.7426
11.1204
13.2698
9.08315
11.9419
10.9157
8.96491
13.4467
12.3067
5.78168
10.5168
11.1994
11.966
5.8027
10.9759
11.1433
10.1892
13.5487
13.7143
12.995
13.5777
14.6201
13.7727
5.8605
10.752
13.9939
11.6384
14.6692
10.4598
12.6962
14.2065
11.3863
14.8564
13.4494
11.5306
14.6398
9.25359
12.0768
11.1694
12.6811
13.5284
13.0249
9.55239
9.13798
9.48541
13.4588
10.3784
13.431
9.58636
13.1273
13.4303
9.41608
14.1287
12.5459
14.0894
14.4447
13.3457
12.0977
14.2349
12.4296
12.0658
13.3947
8.29206
13.5761
13.6159
8.75043
10.5862
8.40479
12.9186
9.74404
12.7726
9.68296
9.16472
14.5616
14.7639
11.7949
13.6704
7.03841
5.78555
9.05105
13.6547
14.3322
8.43025
14.1042
11.5123
12.3535
13.2838
13.3817
12.7732
14.5158
11.8659
7.28905
9.75978
8.09769
6.82456
14.5182
9.28981
11.0147
13.7738
5.82115
12.3211
7.65525
8.84586
12.6393
7.11684
10.6087
8.96889
6.29591
12.8892
9.31232
14.5683
11.9906
12.2892
12.8638
6.72882
10.1381
13.1383
9.78764
14.2246
10.646
9.10998
14.8549
14.178
9.71156
9.94027
13.4505
13.6532
10.7867
11.9705
6.40431
9.16261
12.882
13.8439
8.06497
8.60126
12.8816
11.178
10.1717
8.19075
14.4036
12.8997
11.5358
12.8668
14.4066
13.8155
12.2279
11.8044
11.4335
13.3356
8.43365
12.1451
7.12059
13.8211
9.06271
10.1232
11.3653
14.6523
13.6486
14.5225
13.1331
10.0406
7.65014
13.6275
9.18258
8.40677
8.13964
14.7595
12.6912
12.8682
14.6993
10.8341
13.0735
14.9452
14.8877
12.8041
13.3071
10.1353
10.1649
12.3123
10.5
8.90863
8.27865
6.36891
5.84003
14.0801
9.378
9.23749
5.98031
9.81656
12.2176
13.2786
12.2397
12.9823
12.4665
13.1154
11.4337
14.7125
8.99618
9.35264
9.55266
12.6618
14.3587
9.72643
10.0665
12.1851
13.6578
14.9338
5.69724
5.38229
11.9448
10.4446
14.1768
13.9536
12.2642
11.1309
14.5161
13.2559
8.45372
14.4176
11.2482
14.8405
9.64043
11.1219
11.4566
9.67781
9.55155
14.0491
13.285
13.9291
11.0826
8.14455
11.7701
13.4599
9.62832
11.4421
11.2814
11.534
9.74632
9.49792
14.6402
11.4669
14.424
10.5265
11.9669
7.96098
14.0124
10.9736
12.5126
9.74701
8.60867
11.6155
14.8988
12.3287
14.9244
14.2653
13.0665
11.2959
14.41
14.9765
10.4977
14.0293
13.6833
11.4084
11.9051
8.15636
12.397
14.9046
8.16533
11.1722
8.79239
13.2278
11.1419
11.4664
9.87094
9.9879
5.39682
12.0711
13.8176
10.4572
12.7719
5.37232
10.8693
12.0853
13.8583
9.84506
7.40645
9.87842
8.29865
7.94857
9.20362
12.655
13.4089
8.61968
11.2874
10.3127
9.67531
14.4659
12.043
6.01545
14.2432
11.7198
12.2829
8.08411
11.6491
14.2907
14.0907
12.4733
14.2295
14.4957
11.7893
10.2803
7.1455
10.0299
7.65991
9.54149
13.013
9.15613
13.2403
9.87794
5.6143
8.61564
12.5415
9.47519
13.1226
14.3304
6.28084
14.198
14.5825
5.80149
10.942
14.3152
10.3515
9.59663
12.1872
5.48734
13.5517
11.1956
6.08389
14.166
13.2518
13.8465
14.1844
14.1712
13.7485
8.75617
6.06174
13.1744
13.9628
13.5122
10.6411
13.687
12.4112
12.719
8.50115
13.8394
6.19271
12.906
14.3337
10.2807
8.62725
14.9915
11.9228
10.8429
11.303
11.7892
12.8576
13.0359
11.5337
6.61216
5.91187
11.7446
13.8722
9.87522
14.3902
7.31991
10.7435
8.55598
11.8981
12.0677
7.25683
14.0394
8.54921
8.23884
10.2778
10.4145
14.1604
11.3201
8.71592
10.4174
11.6306
4.76721
10.286
7.15248
7.09343
7.15727
11.8566
7.4668
10.7008
13.6628
8.81811
13.3126
14.5728
14.5835
14.9574
11.0067
11.6124
12.2326
14.4171
13.9634
14.8841
13.9085
14.6183
11.4244
9.46198
13.078
5.57436
14.7334
8.41042
8.84014
11.418
12.8291
12.995
12.08
14.3169
9.41658
10.7702
10.8281
14.2177
12.4282
11.7516
14.2888
7.32683
12.4364
5.40142
14.0718
8.37308
10.9289
11.7762
9.56722
10.8404
6.2568
13.0098
12.5907
9.57063
14.5206
9.39198
8.63389
9.99766
5.74408
12.1183
6.83755
12.7159
13.4547
10.6292
11.6644
10.326
8.33072
5.53761
9.28013
8.35197
11.1547
11.4788
14.3752
13.5792
12.5753
14.1052
11.4302
13.8668
13.6555
10.8749
11.8795
14.7654
14.6471
11.9024
8.42491
11.3846
11.2226
12.0116
11.9429
11.6751
6.01739
10.4774
10.9702
12.3898
9.99785
9.47609
11.742
9.9244
6.64452
13.086
14.4568
9.94117
10.751
8.79351
13.7818
14.2915
9.08338
12.0778
12.9832
14.3704
7.31962
13.022
14.1972
13.8905
10.9332
8.65166
5.49273
6.03054
8.06358
8.43401
9.90194
13.9884
10.7706
13.0497
11.0056
10.9318
10.2119
12.3511
10.4118
13.4447
8.34775
14.8017
12.116
13.1794
8.42929
10.0204
12.3556
6.19751
8.92323
14.4059
14.0943
12.7092
10.4628
9.68685
10.4604
7.96833
9.24116
10.7023
14.7319
9.72537
13.5234
13.635
7.24954
11.7695
8.7326
9.04598
10.7149
13.7155
8.60557
6.17513
11.7572
11.2193
14.4609
10.5625
10.2456
11.1396
13.5054
14.2449
11.5471
10.3675
10.9276
14.0955
10.0272
5.86344
8.26834
4.5843
11.3072
13.1375
10.6986
11.3128
12.9537
5.5308
11.0788
13.929
11.1934
9.84937
12.8635
8.43027
6.5571
9.64717
6.94229
9.37259
12.8484
13.4032
8.97761
12.5092
14.0103
14.747
14.228
14.1344
10.4317
14.9761
9.93823
12.7521
13.1313
10.5037
11.7467
10.0169
14.474
12.9476
6.69666
4.44418
10.2934
12.3764
14.5794
14.1961
14.0541
14.7732
14.899
10.6091
14.897
9.65235
13.3815
14.8186
9.25803
14.7099
11.4723
13.6762
11.0756
10.1813
11.1132
6.2439
12.2548
14.66
14.7123
10.8168
14.1174
9.09366
13.8416
9.61456
13.6965
12.121
12.1575
14.6022
13.1304
12.1578
13.4433
14.5179
13.78
11.3706
13.2348
8.01034
11.8141
13.4825
14.7363
13.7757
14.1548
13.7927
13.9749
13.4426
12.2857
12.5696
12.1228
11.966
9.80633
11.0532
11.4278
12.1872
14.6348
11.0137
10.966
10.8133
6.64821
13.7929
12.9173
11.0366
11.6299
8.03573
9.0484
13.2103
11.9994
10.3278
13.2542
10.0627
13.3155
14.0121
11.2407
14.9583
11.9374
9.54529
12.847
12.2267
12.9971
12.3097
13.8236
6.28504
8.86197
12.6147
14.1529
12.4201
8.97955
8.3174
11.6926
14.4604
13.6709
11.6623
11.7234
12.4322
13
9.21071
8.72995
11.0697
14.2373
12.7885
7.28037
10.6085
14.4754
5.81207
12.452
8.09139
9.83216
12.3139
10.3496
10.7027
9.96487
5.29859
10.4642
8.44071
9.82143
8.75064
14.8003
5.85333
8.55783
9.55602
5.32658
13.56
12.0506
14.0981
10.734
9.6677
14.9721
11.8875
6.0066
13.6829
10.0401
10.7147
10.4425
9.79149
10.1928
10.9387
8.67397
11.8902
12.789
11.0743
13.6569
13.7763
14.2174
12.2858
14.7854
12.24
13.6462
14.6179
6.51541
10.8956
13.0676
6.9159
14.5351
13.8454
8.87094
10.9863
12.409
9.38289
14.5325
9.6227
5.87031
4.93716
14.3245
4.90404
8.94758
5.3552
10.9028
8.14756
5.50653
13.4239
11.327
11.3759
6.20713
4.58733
14.2487
8.91391
12.7558
11.2483
8.42381
11.3996
14.2626
13.1694
6.78751
12.6735
6.13305
12.7643
5.21553
7.84644
12.7101
11.8767
11.9719
13.311
12.2016
13.6152
12.0231
13.9599
11.722
14.6733
13.0734
4.45754
10.3265
11.2744
9.82861
7.09188
5.86222
8.93295
9.625
14.0237
6.12242
8.4135
13.1402
6.72916
10.1665
10.1062
13.9095
12.6981
9.51613
11.2354
8.24841
6.54054
12.5615
11.0572
12.1884
11.7968
14.4791
9.28118
10.5894
9.22034
11.7641
12.0494
13.3791
10.1623
11.1822
7.71121
5.21346
6.16493
12.4764
10.5355
12.7029
7.02023
10.0705
8.49565
11.5733
8.16609
10.668
8.57728
12.4659
12.2421
11.9405
14.8816
9.38992
10.3166
11.8637
12.6892
14.2621
4.87699
12.4033
12.9192
13.2568
6.0214
12.9909
11.0199
10.4279
12.9274
6.75275
14.4034
14.841
10.6543
7.71039
13.6971
11.7022
7.17211
8.7818
9.39627
12.4378
5.98273
14.2041
11.4675
7.15242
14.0408
10.1795
10.1304
10.3933
6.62161
13.1441
13.3858
13.0123
14.9517
9.9039
10.14
11.772
14.2411
10.6005
10.5708
13.5959
12.2063
12.7942
14.0248
6.15626
5.76312
12.0241
12.1913
9.64587
11.0669
13.5028
10.8519
14.4428
5.3898
4.6004
8.86831
13.3553
12.9701
13.5922
9.98079
9.35752
14.2926
13.6509
14.8493
9.59461
8.15006
14.2935
12.4127
10.1135
11.1597
8.99819
9.06978
10.9564
10.8655
10.9819
14.5767
14.3847
11.0167
14.0901
12.4302
8.48394
12.374
12.7296
9.51307
13.0527
10.8482
8.26443
8.34583
6.52239
5.29963
6.80296
9.9367
5.891
12.8458
8.74146
5.47901
12.8035
10.0523
6.14341
13.9661
12.4731
14.9981
11.237
11.149
9.47053
12.0206
13.939
10.7769
12.748
10.2246
11.5987
12.1309
11.6282
9.24141
9.11107
9.71069
13.8532
14.3267
10.8568
10.0385
9.31397
9.50069
8.83623
9.44563
4.48966
9.26382
8.33671
11.2109
7.52524
9.50506
13.4366
10.6734
11.5714
10.9035
11.0435
14.4692
9.49929
13.6389
10.2425
12.8317
9.55593
13.865
8.7447
14.3403
10.3795
9.71286
8.67733
6.08282
13.4531
14.3852
7.079
13.1425
9.41177
9.98697
11.0108
9.61132
13.0147
10.0654
10.4627
13.544
9.89483
12.4919
10.8837
14.6713
9.99752
12.2877
8.11104
6.81392
9.19754
11.5963
13.4631
14.5629
10.5187
14.8512
10.7579
11.0221
5.52117
8.89843
13.1423
9.90947
8.87849
8.46634
12.3259
10.1265
9.44257
9.78869
8.68954
12.9564
10.3508
10.0796
14.36
12.4758
6.83237
14.837
7.18114
8.02445
10.7836
13.3837
11.3886
12.8122
11.4401
13.5438
11.8478
11.0301
13.3358
12.1248
13.8269
14.1032
9.54806
6.84674
7.80003
12.1227
14.7345
13.1963
10.1856
14.3468
10.6034
10.4682
5.44329
14.3307
5.76078
13.4929
9.24218
11.6112
14.5423
14.5787
9.74256
11.7255
8.301
14.386
10.8398
13.4007
13.7836
5.85506
8.41111
9.57248
9.19833
11.8534
13.7064
14.996
14.3049
12.2048
13.7207
5.81031
14.6196
14.8891
7.36528
13.1626
9.79984
5.78988
9.40578
13.7784
8.97842
14.7936
10.4257
14.4164
14.3815
12.7277
9.85415
12.9554
14.9531
6.30116
12.881
11.6051
8.93409
11.1579
14.6527
11.6829
12.3497
12.0888
9.6953
13.163
8.94105
13.0931
11.1613
14.3974
13.8985
12.8988
14.8723
13.1022
11.3529
13.8764
13.9872
8.95812
10.698
10.771
14.601
10.1327
14.0928
6.97904
9.15193
13.912
8.14116
13.5449
13.1657
11.0079
11.1033
10.2038
6.20302
12.238
13.5232
14.5606
12.4242
10.4056
12.6288
14.1812
11.8793
9.90833
13.7928
8.49813
9.61651
8.46111
13.422
8.47829
5.26553
5.13494
9.17338
9.49343
13.8135
14.1557
13.9627
14.4813
10.9862
14.9679
11.9645
10.8767
12.6806
12.7079
14.412
14.8441
10.2867
11.5477
12.5913
13.2297
14.2557
12.357
9.92915
10.3678
10.8152
10.8129
6.58951
13.6917
13.2033
12.3645
10.0421
6.69276
12.0988
14.9851
12.3135
9.91986
11.926
11.8293
10.3482
8.43979
14.9305
6.91886
6.12699
10.3898
14.7818
13.9325
13.1673
14.0936
10.9571
12.3935
11.8512
14.224
12.3992
14.884
14.7654
12.4169
10.7569
13.9575
11.4497
13.8573
10.8083
12.9894
9.88515
13.3886
10.7352
11.0618
12.4025
10.6092
14.4442
5.7764
14.1336
12.2462
10.4645
13.7464
12.4553
10.3028
11.1495
10.9366
12.2429
14.586
14.3796
6.0705
5.02182
9.82136
11.304
13.0192
12.0497
13.2274
9.00212
12.0144
11.9889
11.7091
9.87632
13.2813
14.594
7.42673
5.88427
12.3396
12.7606
10.7533
12.186
11.6212
14.705
13.7082
8.2362
8.46947
4.3085
12.4472
7.37104
13.4559
8.99505
14.9463
10.254
13.7993
13.7772
11.834
11.3527
11.3444
14.4945
13.0799
12.9867
9.07718
4.89317
10.3314
13.6999
5.26009
12.6043
14.1952
12.8721
7.39778
4.61563
10.7983
11.3109
13.3292
10.4406
14.0157
14.3314
12.9081
11.416
8.86203
12.7274
8.44678
11.9834
13.0429
11.28
13.7214
10.9079
11.7159
14.5636
12.9494
14.4542
8.387
6.30446
12.6571
13.6109
14.1611
9.52802
14.0877
9.74507
14.9113
14.484
12.091
12.1354
14.1578
14.1929
12.4756
14.2836
14.4578
10.3557
13.5964
11.1984
13.4097
14.1658
12.1847
12.6452
6.36356
14.1237
14.5339
10.0731
9.75157
9.92999
11.7978
6.40735
11.5634
8.53704
10.8375
11.9876
12.3567
14.4378
11.6176
11.0005
6.22674
5.85024
9.61287
13.8724
6.18191
14.4536
10.2296
14.067
6.381
10.3141
8.33865
8.31869
9.56165
14.0407
10.7503
9.93524
9.94771
12.0253
10.065
10.3678
12.0151
14.5858
11.8282
11.1254
14.8176
10.1879
10.6134
6.45399
10.836
14.099
13.3841
13.5493
11.6781
6.72433
9.79334
14.2507
6.41729
5.19151
13.5592
14.7713
11.152
9.32682
10.4738
14.1499
12.6232
11.3386
12.4333
10.1878
10.0654
12.5826
13.6228
12.2281
12.8168
6.20993
14.563
9.13085
9.15304
8.08199
14.5376
14.6321
13.3685
9.70019
9.87434
14.2367
14.64
11.7588
6.48527
14.6544
13.8802
10.5937
13.4754
8.88056
12.4593
9.59309
12.7391
14.9899
11.2099
14.9831
10.5346
10.3409
11.9702
13.3834
12.3878
9.1079
6.40538
9.35608
10.3787
11.4855
13.0668
12.7369
10.5208
13.4797
13.6933
11.6435
10.1853
6.52208
8.29022
8.60546
10.3219
10.409
5.23794
11.8674
13.7455
13.2629
10.6681
13.9276
10.5805
13.2783
11.0939
12.381
12.8104
8.03136
14.2192
14.0827
11.7883
12.4322
12.9898
12.838
9.6277
14.3673
10.8013
14.2137
14.5142
12.2994
14.3087
6.2468
8.59043
14.4334
8.929
10.1262
14.4363
13.746
11.781
9.29164
6.69136
6.56647
12.2256
9.82415
13.0303
10.3031
11.2506
11.7651
12.577
11.5527
5.61146
9.00576
10.6885
13.565
12.7176
14.4268
14.6691
10.1329
10.7096
13.2932
14.2123
12.3634
6.32045
14.917
10.9324
10.6208
14.8167
14.7096
11.6875
14.5495
6.6731
14.0377
14.9643
11.8688
13.8536
14.5065
11.8683
12.4345
10.1339
11.1487
10.8148
14.3559
13.3193
14.1785
14.6146
11.7074
5.92386
12.7519
8.60526
11.5022
13.7329
13.6484
14.0636
11.1014
14.9479
9.22002
11.9769
8.09498
6.58427
9.61213
10.7477
13.2404
6.28758
13.3367
12.6707
14.5505
11.7643
10.3408
12.5608
9.82942
13.762
14.4354
14.4478
13.609
13.9551
9.86614
14.8405
11.8477
8.86903
11.7499
9.88327
11.9073
10.8656
11.949
8.47922
11.7426
12.0972
12.7748
10.3777
12.3027
10.3336
9.35531
10.4655
11.0001
10.3155
11.3524
12.3878
14.2273
14.3519
10.613
10.3189
10.3964
14.1782
12.8546
12.07
12.7208
14.3931
13.9023
12.5344
8.953
9.2308
10.5776
8.60301
11.499
8.78437
9.31948
5.89513
13.9268
11.3934
11.378
13.761
14.0271
10.6586
14.1329
12.7397
8.34579
9.94501
8.73827
6.98147
12.7331
11.7604
13.0371
14.2302
14.7546
13.5782
13.3171
10.5012
11.4315
14.4728
12.3007
13.7611
6.37829
14.5837
12.0376
12.1509
8.60104
9.84471
12.493
12.7251
7.5475
9.39267
10.5504
12.1514
10.902
11.5383
12.8141
11.7711
7.12581
13.9515
9.22653
5.16628
14.7937
6.93889
8.11465
11.3333
10.2862
9.92033
13.203
11.7774
8.49854
10.0752
5.18677
13.1618
10.1358
12.1163
8.40421
11.4829
10.4322
5.9251
4.17341
14.7771
11.9819
10.6572
11.9435
11.9566
10.4454
6.04553
12.2017
12.3046
14.628
8.45559
10.7943
12.5668
9.24761
11.6744
11.7667
11.3961
12.2379
11.0706
14.9859
14.9948
14.2715
14.1133
7.32323
14.0146
10.643
12.419
6.45191
10.9028
14.0835
14.6104
14.8131
8.31324
11.1139
12.2757
6.24292
12.9803
10.1672
9.46898
10.4091
8.61672
14.9871
11.4222
11.3544
8.36869
14.5753
11.849
12.4189
12.3819
8.67005
10.9646
9.91357
14.4272
6.68338
13.9182
10.967
14.3272
10.0157
13.6852
8.94024
14.6906
12.6313
13.8109
13.6139
13.4274
14.3096
11.7406
14.6704
12.9648
6.95333
14.3768
9.5943
6.9803
6.25924
10.619
8.95424
14.47
13.6411
14.0087
9.25109
14.3711
5.57152
12.3802
9.93678
8.58049
13.9525
13.4524
13.9843
12.826
5.26405
14.5784
11.2131
11.897
11.5386
8.29322
10.6694
5.60272
8.34699
10.6078
9.71435
9.47325
9.64137
12.3956
11.1629
14.5532
13.3702
12.112
14.617
9.61645
9.84269
7.96557
6.91535
14.8049
8.95031
10.0513
12.9935
11.7991
14.815
10.1091
11.249
9.4688
14.3422
11.083
4.11735
13.5947
13.1292
8.53942
10.7652
7.98079
14.8824
12.3699
12.8397
11.5765
9.65585
13.6302
14.2986
14.1186
7.81349
10.4059
6.37998
14.7679
13.2976
7.27495
9.30701
11.8765
13.9222
11.3215
13.9401
12.1611
8.72853
12.0184
13.0126
10.4001
8.67304
12.0413
14.5186
10.0514
9.11191
11.2705
12.1951
9.93731
10.023
12.5697
10.138
12.4054
9.05488
11.4838
11.5324
13.2775
13.9571
7.76283
12.9677
8.62329
8.44382
13.5774
13.933
12.5421
6.44724
8.3626
6.24149
13.2685
9.55436
10.6758
8.57751
10.8318
13.3138
11.7369
11.2707
8.22963
8.61911
9.87091
14.2846
10.2069
9.00073
10.5226
14.0098
14.1214
13.5439
14.5977
11.8086
13.2661
9.96189
12.1644
8.32148
11.5961
14.0683
14.377
13.4745
8.61994
9.71154
14.5985
8.78109
14.713
9.82379
10.2128
6.27879
8.47019
9.9369
11.6954
13.0204
8.2822
12.3844
12.3742
14.8243
5.89597
13.7797
10.183
14.219
13.9543
13.6213
13.7353
9.75095
11.1755
10.2473
11.4631
13.8891
10.8322
14.9226
14.8485
11.637
11.5712
5.69656
10.8209
12.668
12.6708
9.78667
14.4254
13.8296
11.7706
12.7251
6.12132
6.4169
8.78244
8.58518
10.4972
5.87442
10.3399
12.2919
6.61371
9.09027
13.4719
10.8823
14.2739
11.6835
5.96473
13.0912
13.7238
12.8194
10.4461
10.0017
14.618
11.1411
13.2754
14.2221
14.7933
14.2047
12.997
14.8806
10.4974
7.11986
6.30554
14.6465
7.39096
11.3888
14.8644
6.27567
12.2758
13.5472
6.04459
8.75083
7.88104
10.207
14.9638
11.4526
11.2653
11.2671
4.34592
14.6364
7.75137
9.67621
14.5155
5.97281
12.1056
14.3055
6.31146
13.2846
13.9074
8.55444
6.42751
13.754
13.8481
8.89735
9.79488
8.71217
6.23095
13.42
8.5247
9.80739
14.8538
14.4821
9.53765
13.5606
9.71674
11.0844
13.8636
14.3593
12.4978
7.01279
13.5929
11.827
8.26975
12.858
14.1374
13.8105
12.7695
6.7412
5.23565
13.3883
6.85046
13.4158
13.5832
14.4176
12.8335
13.1572
8.09024
13.2701
10.2966
14.1994
9.06306
8.77426
8.04027
14.2455
8.79918
9.80011
11.9507
8.35128
9.01711
10.6218
12.0982
12.024
14.5612
9.3478
10.6943
9.7659
14.108
4.65711
14.0307
12.9038
13.837
11.1105
11.289
10.6655
14.9526
13.634
8.43957
13.9557
10.971
14.7043
14.4145
4.83766
13.9085
9.99733
5.91794
5.4881
10.9602
14.1853
10.6836
11.258
9.62824
9.26731
10.5758
12.3052
13.0779
10.8759
12.0225
12.0514
13.6879
7.16054
13.3731
13.1763
13.6957
8.92694
14.0311
12.2213
11.7954
13.2154
12.24
14.9647
12.7907
14.705
6.30982
8.38558
9.90607
11.4753
12.0905
10.6023
12.8528
10.4417
10.6879
12.1762
10.714
8.47896
9.76452
11.25
9.96335
12.9946
6.64154
10.3616
13.5132
11.315
12.9544
11.3731
9.6761
7.99608
14.7726
13.5664
5.79564
9.07844
10.9047
10.1897
13.6232
13.9022
11.0475
11.2047
6.44309
5.7144
9.50628
14.0644
11.49
14.5289
14.3103
13.6591
12.7517
5.04752
13.453
9.0888
9.56586
13.1417
14.8075
11.6825
7.68403
4.49453
11.8889
6.0198
5.42185
13.1868
13.1927
12.2527
14.8602
14.4181
10.166
7.53958
14.3097
8.88132
11.0003
13.2396
4.87964
10.5966
9.97208
11.7124
14.218
14.6528
10.1168
9.83892
10.99
11.3635
9.00054
12.0428
14.5329
10.1065
5.96137
10.1153
13.1562
13.5303
11.5051
12.2301
10.4792
12.5196
11.1833
12.0002
12.9691
11.6419
13.1064
14.4078
12.8894
13.3177
9.29866
10.7435
6.08787
8.88905
14.3759
13.0502
14.0697
13.592
14.1875
12.6346
11.7983
14.4453
12.4516
10.1964
8.60642
12.5876
12.2507
9.97456
13.3975
14.2987
14.8813
12.9525
7.30322
11.7761
14.092
14.2367
4.96316
4.70049
12.1117
9.32134
12.0878
9.22213
13.2168
13.9586
11.0008
10.4537
6.35016
10.6803
9.88515
9.66194
10.7001
8.68885
13.7364
12.273
14.2945
6.38881
9.41685
12.4496
12.6021
10.1681
9.70663
14.172
11.0803
11.5256
9.33513
12.3316
9.83447
11.2484
13.3797
8.55856
8.85527
10.4236
13.0224
14.6643
10.4671
11.5777
10.8303
10.4374
13.8682
10.8375
10.7845
14.4921
10.2074
11.3836
14.3873
10.9461
9.21048
8.27822
11.8961
13.959
12.3639
11.0719
13.4176
13.7881
14.3233
9.62416
13.8789
12.0351
12.2535
13.7456
12.7355
10.7
13.541
14.1797
12.5743
10.8937
13.8165
8.53158
11.9781
8.32556
8.68238
14.5062
12.0114
8.30552
14.9737
7.26798
11.3697
14.0575
11.3585
9.05936
10.9795
10.1349
11.7904
14.9195
14.1318
13.7934
11.0241
12.0653
9.9353
9.68523
12.2188
12.2334
12.7342
6.47761
13.7013
12.3148
14.9115
10.6357
14.1177
9.38523
8.91809
12.2372
12.7009
14.3593
13.709
14.858
6.07448
10.8232
7.74554
13.1653
5.44404
14.4357
13.7319
13.5467
12.2105
12.2922
9.5915
11.4223
10.8871
9.09317
14.2901
9.64615
10.9662
12.6175
14.3687
14.6546
14.1254
14.2697
5.04662
11.7923
10.432
10.3109
13.541
9.25374
8.70364
12.3315
9.88955
6.21661
11.4709
12.4029
14.5312
9.57585
10.1164
5.52294
12.7763
6.04775
10.7493
8.00837
6.24317
10.789
11.3231
12.9266
9.14532
8.39426
9.10288
11.6079
13.5556
5.32935
8.46507
13.2491
13.9757
9.04681
14.9544
13.8477
13.3556
14.8623
13.5061
10.4671
10.4586
10.8757
12.1845
11.3898
14.2321
9.88885
11.0464
14.2706
14.1469
13.4336
10.5126
12.6054
8.92742
6.20451
14.3125
13.2078
10.7009
13.1072
13.8687
14.6955
11.6073
11.3989
9.68164
9.44624
14.0574
12.839
6.26575
8.66831
7.8459
9.60432
10.752
10.7307
14.0984
12.7593
14.1233
14.5327
13.5896
13.5062
11.4466
11.4914
12.078
14.9123
10.1033
13.3384
13.6697
11.1158
14.6224
8.11532
14.5159
9.03688
5.83254
11.8895
10.8714
12.2194
10.4208
6.01564
10.5791
5.88366
9.84102
10.5399
9.07234
7.02511
11.5423
11.3381
12.5003
14.17
11.4246
8.17338
14.7099
14.7616
5.68431
9.75563
14.2141
14.7465
9.14203
14.446
13.3408
13.1389
9.71085
13.7631
12.1084
13.9147
12.5878
12.0669
6.27262
12.3209
6.02976
11.7316
11.7748
11.544
14.8082
6.09725
8.23133
13.8215
9.59307
12.0926
12.2591
8.65603
14.7455
11.956
14.3351
14.9897
14.8239
10.4294
7.2545
11.5927
12.9233
11.6305
14.3534
9.87434
14.2356
4.98768
5.0081
12.0515
11.9309
14.0701
10.2335
13.1976
12.6594
8.66115
7.33328
14.2117
13.5773
9.95975
9.70217
14.6454
13.7373
13.1263
6.71431
13.0528
12.4377
10.2816
12.9847
7.75082
13.3303
12.7012
11.8711
13.6797
6.53012
10.5867
13.2453
11.4636
10.4787
12.1217
8.51015
14.2011
12.5645
11.1799
10.5195
14.8771
9.62421
11.0627
10.3982
12.1398
14.9094
14.2834
14.7226
5.88281
9.73168
13.4587
8.3527
12.2521
10.2044
6.18084
10.5664
14.5406
14.9162
13.9097
14.6028
6.59648
9.02122
11.7991
13.5932
10.9674
11.1525
8.0716
5.62358
6.04401
8.82319
12.3161
14.9822
13.2151
8.77045
6.01907
13.2674
11.1199
12.479
14.2987
13.4095
11.3241
12.7347
8.43651
5.75534
6.49486
10.6028
12.0717
10.9503
13.172
12.836
11.215
9.93189
10.685
13.4352
12.0944
9.32802
13.751
5.00924
13.9422
12.7649
13.6531
14.0644
9.56565
8.92127
8.6415
9.83908
9.99214
9.78875
13.8261
10.4303
12.218
13.4804
13.9779
13.2887
6.59397
6.06249
10.3201
10.5274
9.56408
6.55762
12.5911
8.36243
13.446
14.7671
5.73514
13.9914
10.8013
13.0289
10.2447
11.5798
13.9807
13.833
14.3161
5.74294
13.4134
11.6406
6.60418
12.9142
14.1238
11.7831
12.642
14.6193
10.7409
14.3027
14.2069
10.0908
12.8678
14.2871
7.16341
10.9272
13.6558
5.77839
12.9994
12.3761
9.24838
8.17292
9.44799
8.78032
9.70891
11.823
14.3778
6.21551
5.35818
10.8774
13.2582
14.3463
12.2
12.1027
13.3514
10.4824
13.9888
13.4729
13.7239
11.8251
14.0455
9.46493
11.8764
13.0675
9.18112
8.1513
6.17286
9.83311
14.9248
14.0738
11.5848
11.9446
4.95133
11.4877
9.94242
12.6353
4.59297
5.98148
9.87843
6.70429
13.1273
12.0747
12.6651
10.157
13.3336
14.1859
13.369
9.46602
11.2484
9.03063
13.3947
14.0632
10.6889
7.08255
12.0879
10.6337
13.4966
12.7752
10.6862
11.6425
12.1029
14.4712
11.8795
11.0275
12.3821
14.9351
12.9555
13.4374
10.7904
14.0407
6.59561
11.4471
9.63471
14.2741
13.3121
12.0268
10.4602
12.4796
10.861
12.9658
14.2986
9.59519
14.6328
14.7256
9.78889
10.5381
10.189
11.2382
8.96523
10.4574
14.4492
9.77614
8.3842
12.3329
12.6658
13.3603
10.3018
12.6657
13.461
8.22896
12.6886
11.1728
13.8489
11.7729
14.7906
10.5309
6.94152
12.6847
10.843
8.83418
10.7109
9.59001
9.42058
8.75476
6.95754
11.5311
10.2138
11.1477
12.2609
11.4463
10.1283
8.28349
12.5845
11.4633
14.807
9.97234
9.75257
11.9053
10.6943
7.71188
10.8046
13.8073
12.6279
12.2354
11.7656
9.99178
14.7798
10.0313
14.4158
11.9092
12.7522
12.2439
6.17148
14.4453
12.4307
11.5869
14.7338
11.2141
14.3079
7.37517
14.331
11.1326
9.9218
13.4055
9.51891
13.6898
14.4815
7.36876
14.7795
6.29301
4.20267
9.4823
10.8696
12.409
13.5196
10.5561
8.56854
8.30141
14.3053
11.5495
14.0752
5.60317
11.7756
9.57308
11.5801
13.1186
5.58394
13.1432
6.35068
9.9368
10.9384
13.6662
12.8713
9.142
10.3258
13.3583
9.7424
8.63475
11.838
14.7746
12.8136
8.58404
10.0011
8.83247
11.1345
6.57814
6.08556
10.3905
14.0189
10.4314
9.37253
13.784
11.5209
10.882
10.7102
13.0152
13.2455
6.47001
14.4907
14.6759
10.3608
12.5716
10.3846
13.652
12.2229
6.2149
5.36012
14.815
10.3445
13.4998
13.3164
9.44259
14.3724
10.3589
9.99172
13.3538
13.8894
9.42828
10.3302
10.3921
9.37847
10.706
9.68931
4.34361
9.59078
10.342
10.6577
14.4184
12.1873
12.5839
14.5062
13.065
12.6805
9.68413
14.2714
11.2152
13.931
8.54423
14.2098
14.8793
10.6008
9.35417
14.171
10.2886
6.01566
5.96236
10.4041
6.10087
10.4124
10.9759
9.41491
14.0879
12.1242
9.81229
9.44637
14.2827
8.50129
12.4709
14.299
10.0538
8.8598
9.50571
9.10745
14.0887
14.0903
14.9979
7.7517
12.8939
12.591
13.117
13.0159
10.6372
11.1406
14.4069
9.73252
12.0402
12.684
9.3219
11.2931
14.0276
10.3736
14.9752
10.0354
13.9798
13.6669
9.90063
9.043
14.6072
6.71255
10.1427
12.898
14.4496
10.4334
14.5414
7.59104
10.361
9.74841
14.081
12.4747
10.2112
13.8374
14.7172
12.4759
8.44763
10.3921
14.6988
13.1066
9.54963
14.4681
14.9838
5.68783
14.4589
12.6936
13.6375
14.9389
10.1792
6.70075
8.20211
13.4426
13.9953
11.1981
12.4714
6.44202
9.23581
13.7877
8.78004
14.1016
8.54891
14.833
9.90416
10.7889
6.32548
13.4146
10.5574
11.6213
14.9666
8.81782
11.5515
12.4004
6.16922
10.8918
8.72173
14.4585
14.3711
10.3358
8.38381
12.3498
11.902
5.06596
6.64096
10.4586
10.1753
6.13611
6.86013
9.09537
13.8073
10.2079
9.82235
13.6003
13.5884
14.8452
13.4066
14.0784
14.7888
11.9455
12.4565
12.7329
14.4618
12.27
13.0529
13.0553
7.96738
8.93218
10.0015
6.07531
10.5961
8.42456
9.9193
14.765
11.7777
12.7258
13.7861
14.1946
14.289
8.71155
11.3021
7.71567
12.4302
14.0393
10.1319
13.1913
10.8551
10.4845
12.6678
9.33775
13.9292
7.79464
10.5113
6.7217
11.65
6.19865
12.8831
13.8071
10.1086
13.98
11.7772
13.2955
11.8539
11.0139
10.0393
11.8752
12.2532
13.7362
9.89185
6.15177
9.78669
10.7216
12.3517
12.0438
11.8884
9.86236
8.94927
9.73006
8.96799
11.227
14.3874
11.2637
8.52091
12.4138
12.3742
14.0877
13.3504
10.7357
11.8594
14.4603
14.4225
11.5825
8.81334
12.628
7.95049
11.1011
11.6154
14.9611
10.1049
14.8625
8.43277
5.61933
13.773
12.9962
13.852
6.12893
8.59531
14.423
5.92608
14.2783
12.6576
13.6132
14.3507
10.6029
11.2868
14.4615
10.0537
10.4357
5.30768
13.9995
6.55796
13.46
14.1528
10.4292
10.4684
8.73046
12.7604
7.52782
11.5651
14.405
11.758
13.466
13.2567
8.9208
13.3777
14.5778
6.83004
14.4514
14.5135
10.3893
9.81564
13.5556
9.83456
12.1567
10.7186
14.348
13.3682
10.3775
9.97074
14.1533
12.3944
14.5052
13.595
14.7246
10.6979
10.2839
5.3234
9.81013
11.1347
14.7054
14.7463
10.2609
13.9492
9.90476
12.4846
8.61979
8.68363
12.5709
6.5703
6.22562
6.12855
14.1945
9.79609
10.8424
6.77452
6.7003
9.10556
10.5205
10.1069
8.65707
10.7522
4.30117
10.4299
6.37714
7.83031
11.5603
6.62202
8.52065
11.6582
10.4153
13.4353
12.3085
10.5641
8.90172
9.22658
13.6467
14.1806
8.21422
6.22971
14.4682
8.16511
14.5633
11.6685
10.2047
12.9881
8.69559
8.18464
8.90226
13.0297
13.6357
14.3622
14.1764
12.1959
11.9968
8.80834
8.46349
8.59599
9.90076
10.8083
10.8133
10.1425
13.2379
10.2982
14.0279
14.8927
9.23337
9.45661
12.0669
8.83333
11.1963
14.4413
12.6285
13.8571
14.4146
6.42892
13.7268
14.7327
9.60602
7.09378
13.3427
11.254
11.9912
10.6707
12.878
8.23041
6.15195
10.3474
13.4455
14.3242
8.48438
8.57783
11.0007
8.72314
6.0823
8.89189
6.32125
9.35487
12.3597
12.4804
6.38553
14.7028
13.5077
6.2205
9.34498
9.22476
5.9445
12.793
10.1913
10.5585
5.5289
13.5012
6.64547
12.6458
11.2258
10.2802
14.3743
10.3049
7.7487
11.9028
13.5278
10.4258
13.8792
9.47183
8.65442
14.5986
6.16576
14.0228
10.6013
11.5321
13.7557
14.268
7.428
4.35084
10.3441
6.12372
10.2006
12.4497
6.99106
7.14005
13.0679
10.556
11.3677
10.2782
14.1262
8.85809
5.74932
12.7314
14.811
10.0178
7.59443
13.8598
8.10013
6.10175
14.5971
5.23231
10.4568
5.68324
11.9415
11.8547
12.1171
13.9935
9.64641
13.0092
12.1144
9.47356
10.5537
7.90652
11.6858
11.5301
12.5356
10.0289
6.18694
8.67691
14.7106
14.4044
12.1201
13.1247
8.73428
14.6742
13.5013
14.1501
8.9037
14.6672
7.00479
10.2355
13.5037
12.3866
14.1769
14.918
13.4864
12.7104
9.79186
11.1368
12.6572
9.82661
11.291
14.0987
12.2104
12.4185
10.3027
8.4867
12.7209
11.3155
12.0256
8.53099
8.58831
12.8045
14.7615
7.00573
10.5059
12.8993
9.92018
11.4569
13.1493
5.11105
14.0977
13.4819
10.4006
7.49788
9.41923
10.8155
13.1823
8.94431
9.53716
14.5889
14.5288
13.0312
14.5294
14.5792
12.7165
13.3505
11.287
14.5459
12.6902
5.42201
6.33727
12.5142
10.4562
14.1565
10.3512
14.2492
14.5108
8.27721
4.8492
11.6025
12.3769
12.9265
10.4577
8.38515
5.16691
12.4232
6.91298
8.7793
10.8213
11.8579
8.70149
12.7767
12.0786
12.796
10.8758
12.3383
14.9281
14.9963
11.2632
10.8904
10.0489
13.9756
14.7755
9.3727
9.31277
10.7173
13.2143
13.9243
9.40871
11.4018
12.1565
11.8
11.905
9.90072
14.9411
9.04048
9.9135
8.78523
11.2459
14.5336
8.67567
12.1745
14.3641
14.7506
13.2254
10.4564
9.92093
14.9674
12.7052
10.931
13.6813
11.2986
13.4715
12.0738
12.7654
12.1316
10.2767
13.2383
10.3812
14.5369
7.4627
6.02057
10.6121
10.4739
14.3173
7.21358
12.3786
4.26571
5.49003
12.8051
14.107
12.1381
10.1824
14.149
14.7424
10.1761
13.6663
11.5487
6.20046
13.7034
10.1692
12.1092
6.10025
6.33382
13.2177
9.54004
13.7606
13.0328
14.5798
14.3597
7.92158
8.61599
10.7129
12.2086
12.4383
14.1597
5.95098
10.397
14.2983
8.59907
12.2872
14.7534
13.8263
8.79438
9.35485
14.4332
11.3771
12.5459
12.397
10.4418
13.8475
14.1141
12.47
9.8054
12.8101
9.77471
11.5153
12.9616
12.4956
9.64292
6.30791
5.23496
7.51128
13.9017
10.2333
9.0205
12.4414
13.4629
13.6927
12.2653
8.62294
9.89604
12.9371
11.2095
9.04209
12.1069
13.4565
7.61203
12.5912
12.6209
11.1328
6.04468
14.302
9.69675
9.05726
5.39169
12.8289
14.3564
12.7657
10.8264
6.71671
9.53212
10.6865
11.0045
13.9759
12.7811
14.1846
12.0088
11.0494
9.93386
4.66381
14.3928
9.8351
14.308
9.88156
13.3208
7.57629
14.1419
6.67358
9.31819
9.23487
14.5559
13.78
14.9882
9.74647
12.6056
12.3165
9.17034
13.3379
13.4921
11.1349
11.9651
6.55078
8.39752
13.1048
4.70511
7.04252
12.8131
4.62377
7.5173
10.0603
13.2322
8.5286
14.6224
13.9874
10.9063
9.3793
10.6855
7.97741
14.7924
13.342
11.6393
13.7823
12.6972
5.60812
10.6223
14.7518
14.4618
7.28454
5.47245
10.0703
7.95646
12.0799
14.0499
12.8155
11.5851
8.45579
10.8196
11.5307
10.1626
13.2747
10.2196
12.9347
10.3605
5.84456
4.78676
12.4413
11.9151
10.3055
9.98645
10.7045
10.8185
11.7413
14.6012
6.45018
8.32805
9.54317
14.0565
14.0743
13.5602
14.5083
12.1124
14.27
12.304
12.2387
10.1039
14.8967
11.7273
8.66025
13.7652
10.7085
9.28105
10.0035
14.8003
14.3321
14.6673
9.97693
12.7416
14.5885
10.8672
12.8618
9.61946
11.2454
13.6352
5.56769
10.2644
12.0972
12.0197
13.1723
10.4542
12.1106
9.35049
14.257
9.90629
11.18
9.9852
14.5224
13.0418
10.017
10.4939
12.3094
11.9702
9.42846
6.46194
9.12408
13.2736
14.1759
14.0301
14.4921
12.8329
6.32188
14.3359
11.9482
11.6925
9.49592
9.1576
12.665
14.8737
13.3517
14.7243
14.3545
9.94349
13.2621
12.4943
9.14686
11.5573
14.0334
12.0511
14.8358
9.73371
12.2429
10.4092
11.2759
11.4641
13.7105
13.4469
12.3572
11.814
5.83332
14.1027
8.58331
13.6517
8.02394
11.0212
10.1156
11.7334
8.12559
14.1281
5.88883
8.22472
6.91194
10.3907
10.4139
11.1333
14.961
14.6061
11.5253
13.019
12.9647
11.7126
11.8132
5.5885
8.16145
13.348
4.54004
11.9462
13.2332
14.4653
12.6962
10.9929
10.7827
12.7645
4.59524
11.1259
11.8867
14.5646
5.38639
13.3288
10.2253
12.0277
14.7542
14.7572
14.9796
9.83268
8.74166
12.0643
12.6846
4.669
8.25458
12.9134
5.11866
10.7835
12.5324
13.4108
13.7421
14.951
10.8172
13.1154
14.4557
12.7167
13.689
8.1223
9.4798
11.5069
10.9463
11.4091
6.47744
10.7739
13.1182
8.21165
14.1046
14.7963
14.9286
13.3391
11.964
12.5256
12.3186
12.5712
10.0215
8.2776
9.37631
9.58486
14.4179
14.1158
11.1432
6.98176
10.6228
6.12095
11.9266
8.59282
12.2711
14.7807
8.50971
13.2519
6.08626
14.4262
5.68075
4.96226
13.9794
10.2013
11.0753
10.6323
14.458
10.4773
10.0433
14.1865
4.87346
13.8113
14.4551
12.3348
14.9155
11.5501
13.932
9.13562
13.979
11.4889
12.2728
4.59542
14.9826
10.3022
10.4493
14.2252
8.59127
8.36527
12.3566
12.8498
11.359
11.8062
12.2357
9.73124
10.0364
12.2387
12.7466
13.756
13.2973
9.50293
11.2634
10.2368
8.39067
8.71612
14.3234
12.1002
13.3379
14.6516
9.78325
13.8355
9.54252
12.7232
12.1501
14.8716
11.9395
13.36
11.8581
11.0436
14.9897
12.5136
8.71064
12.8091
11.8746
14.377
9.81608
10.7232
12.2565
7.86759
12.8371
13.633
7.01136
5.80997
10.8743
10.7787
10.8783
8.61462
14.7665
14.2014
13.7677
13.4947
13.1838
14.7876
14.4539
4.10716
4.87916
12.5932
8.74145
14.5779
5.48128
14.5503
11.7625
8.41403
12.2808
14.2538
12.3884
10.2256
10.5312
13.5438
13.2279
14.5467
14.54
10.1634
14.1639
10.8106
10.6133
12.5057
14.8823
8.21601
11.9929
10.1327
13.0162
9.51414
8.35328
14.0337
14.0211
5.48331
9.19077
13.5878
11.2244
14.0952
9.96664
9.58563
14.5148
10.3144
13.5196
11.1387
12.5558
11.7035
12.3971
13.2904
13.462
11.8711
14.9531
10.8429
10.299
8.68456
14.3997
13.4643
8.90875
12.8434
9.96791
14.3203
10.2165
8.71398
12.5045
13.3893
14.7811
9.48271
7.60147
13.8584
13.0676
14.0403
14.1393
7.51964
9.95197
6.76829
6.29972
14.6131
12.9715
7.51902
12.1016
14.8439
12.8795
11.0099
11.5748
5.77764
12.3276
14.0822
11.7994
8.76078
10.6884
14.1587
6.57749
10.6623
11.9495
9.53876
9.45244
13.4012
14.2579
14.3485
10.0021
8.85629
8.70741
14.1911
14.8598
14.828
8.26001
13.5032
14.4039
9.94204
12.5814
12.0084
7.46424
9.39178
5.97091
14.3672
13.4176
14.6404
14.3849
13.4968
4.49228
12.866
9.87003
13.0614
8.34445
13.0235
12.1838
13.2158
8.97038
10.3258
11.5083
13.8595
14.957
7.07882
9.92395
12.2032
10.1742
12.5578
14.8168
11.7796
9.60844
13.6003
6.04449
9.61811
9.15904
11.5174
13.3231
6.84349
10.2422
8.68238
9.8013
5.85552
10.9657
14.4627
14.8087
14.4784
6.47104
11.2959
11.4938
14.1083
5.84574
14.9595
10.8866
12.528
11.6057
13.322
6.08673
13.2424
13.0798
12.0159
12.8921
11.1865
12.6164
8.93023
12.7213
11.6675
13.7258
9.43955
13.063
12.6875
11.9684
14.4579
14.3731
12.2953
14.1306
11.6044
10.5727
10.3244
6.21172
14.3816
12.3494
10.5356
9.99012
7.43107
13.457
14.5129
9.10384
14.3586
11.7396
9.35829
9.40096
6.44976
11.2208
14.6629
14.6726
14.0847
14.0725
13.6156
13.5011
10.0029
13.6901
7.6451
9.08939
11.3877
10.0272
12.7273
13.4635
11.0853
12.1877
13.6113
11.5576
7.70673
8.43105
9.84483
14.0269
13.326
13.2648
14.4799
12.8813
13.2888
10.1539
14.1826
6.02858
8.65909
14.2198
8.57205
12.3683
12.1897
14.2129
12.51
12.1759
13.8296
8.30433
12.442
14.3924
6.62992
10.7981
12.5063
10.5065
6.42987
10.354
8.5427
11.5414
7.8984
5.98577
10.5662
11.767
8.53863
8.77539
12.1309
10.6523
8.53709
8.53024
9.74069
14.2052
9.86382
6.17
9.64599
12.937
13.5346
6.05528
6.1703
5.69139
12.1466
10.5913
12.063
14.058
11.0603
14.6859
10.8033
14.9584
14.0766
12.7404
12.3599
8.16287
14.1857
13.6763
11.0121
12.4172
9.84097
9.48771
13.0238
9.23308
11.8666
14.8053
12.1945
9.22004
14.422
13.5407
12.0249
12.7257
12.8469
11.853
12.9955
11.4891
4.71989
13.8395
11.3475
12.3153
4.82325
12.8514
11.9846
14.6086
11.7276
11.7094
13.658
10.3229
13.935
14.8571
9.34989
14.808
14.8186
11.8968
10.746
12.3185
14.8203
8.98862
14.0722
12.7723
14.3995
12.7069
9.16128
14.2261
13.139
9.69316
10.2818
10.195
12.7698
13.1873
8.83884
14.9656
6.60176
9.69928
13.9107
10.1322
9.66988
5.12393
11.3408
6.54792
8.71411
12.3538
13.3561
12.9389
9.72272
10.2258
11.0148
14.9097
6.78617
14.4853
14.4584
13.1312
6.98301
9.95187
13.8771
11.1767
10.595
5.58307
14.0021
11.1127
13.7735
12.7704
10.7748
8.21167
13.2549
14.2495
14.4414
14.0566
14.3891
11.7046
14.5629
8.24234
12.2331
5.86556
14.8611
12.6973
5.47351
7.90767
14.1764
14.3375
14.9168
12.2289
8.86951
11.8622
14.5357
10.4871
8.09618
12.2911
8.70176
5.49593
6.37651
6.63451
10.2184
14.4278
8.37284
14.2132
6.24463
14.3551
12.3411
14.1055
13.552
6.27918
6.68661
12.2294
12.412
14.1257
6.92825
11.8116
12.4669
14.8402
12.873
8.64669
10.7272
13.5455
14.7161
13.5126
14.3044
11.003
10.5913
13.5954
13.0979
14.8129
10.5104
14.369
14.5155
9.0583
5.44003
10.7225
6.51477
7.32541
12.5231
11.2545
14.9103
8.62255
4.90102
14.7
6.00931
13.803
8.40025
13.6268
9.77371
13.1171
14.0508
13.1929
13.5013
12.529
14.209
11.9433
14.5762
4.61927
13.2603
13.0212
10.6733
12.045
9.31418
9.52302
14.9999
14.659
11.9814
13.1052
14.3726
6.68552
13.8586
13.3011
13.1346
13.8972
10.5764
10.0118
8.80353
13.5561
8.5236
11.5232
10.875
12.3643
11.096
8.47245
9.75631
9.5677
11.4482
10.5339
7.13225
12.8612
11.653
11.6403
8.35748
10.9586
13.7093
12.7166
13.5698
8.87583
9.03692
12.9414
13.0521
9.93268
6.85491
12.3466
9.72176
11.4635
11.7617
11.8473
9.98577
14.037
10.0392
12.6653
12.5245
9.9812
12.552
13.7602
12.1586
10.4577
14.7662
6.05372
8.53863
13.919
12.6697
13.8995
10.1256
13.9787
9.04061
11.1432
7.57291
9.87714
10.9719
12.2257
11.3329
8.79981
14.2732
8.64536
12.1846
12.1274
10.661
9.03898
9.42523
14.4364
10.406
14.4777
13.6722
11.8469
10.9759
14.6159
12.3087
8.29461
9.64546
12.4776
9.62729
10.1141
5.30566
9.96567
8.88244
12.2867
14.2148
12.2687
10.9938
14.2196
12.5364
11.6017
6.29137
8.55041
11.1304
7.89076
10.8253
13.487
10.9159
7.86719
10.1743
12.3189
14.0673
6.00716
12.6853
14.1501
11.0962
12.0294
11.8697
8.42645
12.1512
12.2933
14.5095
14.3173
12.828
8.45466
13.5693
5.66122
14.5809
10.8517
11.1744
11.4983
14.4132
11.053
10.0217
9.68534
6.41604
9.88291
14.767
6.20515
12.0386
5.98393
14.1332
9.93569
8.58882
8.93956
10.9131
14.3129
11.8126
9.45352
13.1014
14.708
13.9781
12.8695
11.0301
8.81701
13.7877
10.1205
14.4459
14.425
11.521
10.6923
14.1164
8.10512
13.7537
12.5566
8.69406
6.42673
12.9465
14.2059
10.6226
6.13858
10.6092
9.20807
7.16977
13.6689
7.65522
13.8947
14.2335
8.62088
9.8241
12.1262
6.89737
12.1452
10.1655
5.28537
6.25159
5.93017
6.73705
8.78768
12.7347
8.36073
13.5418
14.6003
10.289
12.6836
13.9273
10.9495
10.8921
5.95205
13.2351
14.339
12.3675
13.8197
11.2982
11.8943
8.83631
12.7082
8.08964
11.3622
6.38225
14.7615
12.0904
7.76039
11.1623
5.19309
9.40878
11.0838
11.124
12.4446
12.817
14.0367
14.4873
6.37886
9.97792
12.335
14.4766
11.145
10.7522
10.4298
6.72314
14.367
11.6814
13.3588
14.418
8.58651
11.1605
14.8656
12.5035
11.6012
14.1165
11.7859
10.9754
7.61914
12.4247
11.5768
7.12584
6.42006
8.55913
12.8185
10.2408
14.9582
14.4975
13.2491
10.3426
5.23355
5.39128
11.7373
10.8248
12.615
10.6097
13.6313
8.68593
9.88236
5.97956
9.84903
9.83242
13.6147
5.91558
9.29817
13.6871
12.0387
9.71735
14.2315
14.7223
6.06364
14.4364
13.7315
13.546
12.211
12.2917
9.59065
12.3301
13.5414
8.50986
12.8004
9.96427
9.98345
9.88395
13.6112
8.82504
10.911
8.87682
8.90884
8.14335
13.6035
12.6045
10.1086
14.985
8.63586
6.10704
14.5386
10.5493
10.4609
14.7343
10.1517
11.5078
6.16052
10.1112
10.7626
9.21423
6.35485
14.1893
14.8456
10.0195
14.3386
9.86684
6.332
6.21091
11.9549
9.66306
10.5494
14.1066
8.80845
5.6484
8.97226
9.74997
8.66813
7.78875
11.89
11.4634
9.30351
10.3175
10.5823
7.59902
10.217
7.38745
11.5945
14.758
8.9656
6.37344
11.4781
14.0436
11.4877
13.8025
10.8567
8.44564
14.6395
14.4324
13.5857
11.9231
8.60229
9.54941
13.5965
11.1507
8.14942
5.91335
9.91967
14.7404
14.273
10.2692
12.4179
14.5384
10.3912
6.24122
14.3391
7.06054
10.6956
13.3282
9.36119
14.0738
14.4244
14.4513
11.6791
9.23866
14.7703
13.2398
13.5344
13.3696
11.2225
10.1488
13.6736
14.8067
10.2102
10.3146
13.6824
10.2261
11.2484
9.27496
14.8695
13.9483
8.26208
5.43489
4.98633
6.51672
12.6974
8.34135
14.933
13.9343
14.4315
14.334
10.5678
14.6623
9.57103
10.4435
13.731
11.0072
11.9316
10.3233
11.8195
11.1055
12.5815
12.1409
12.4664
8.6792
12.5368
10.9367
5.66049
12.0894
6.85698
13.56
10.3071
13.3868
9.49119
10.7151
6.45756
8.70796
10.6661
13.6958
8.58659
12.1289
11.6042
9.39406
12.8899
14.6674
7.74375
10.5006
14.2552
7.24891
10.3223
14.5432
4.52692
9.49564
12.7098
12.2623
13.0004
11.0204
14.0859
13.7902
10.0732
9.39418
13.8374
5.68947
10.4049
9.92631
9.89503
8.72708
11.3662
9.69276
12.7231
6.30247
13.4855
13.5805
6.25061
9.86711
5.28768
6.70479
10.1789
11.7792
13.4047
11.3312
13.7066
10.735
7.96162
10.0966
10.3338
13.1875
13.4922
14.1788
9.67159
13.3411
13.2774
13.8998
8.93838
10.8574
7.33541
12.1849
10.9636
9.69884
10.4859
13.1306
12.2054
8.85672
6.03155
10.5747
12.6033
13.8566
6.94364
13.8542
13.3245
12.6175
14.1924
8.39167
12.187
10.9557
14.5329
7.01299
11.3607
8.96333
11.7574
12.0933
10.5439
12.0895
10.1927
13.5569
13.5327
12.3581
8.29666
10.0889
10.7935
5.05362
12.8595
7.35402
6.13249
9.89861
11.2811
8.9045
14.4372
14.3881
9.17186
14.9915
13.6076
14.9853
12.9473
9.20513
5.55865
8.67373
9.2076
8.75551
6.85039
4.98081
9.60684
7.09195
11.0122
14.324
9.30898
11.2491
11.9161
14.0853
6.37071
11.4246
10.4464
12.3591
7.303
12.0178
13.339
14.1968
7.89909
14.7003
8.58186
14.2313
12.4485
10.2127
10.923
14.0993
6.10399
14.376
12.1807
13.1157
13.2976
11.9224
10.3898
10.1785
13.892
9.83253
11.9756
10.9473
14.2479
6.19948
9.9729
12.6541
10.2427
13.2703
14.2382
12.2115
10.5572
14.2873
10.6368
6.56165
12.1437
9.18506
10.3516
12.3098
8.42451
12.8964
14.0285
13.4304
10.0528
5.49736
8.8315
5.26717
10.1249
13.9815
11.4754
14.3992
9.47815
9.74624
8.2404
14.5825
14.5688
14.4272
14.4114
12.7046
13.8497
10.9466
11.1639
10.5554
12.0181
9.36636
9.4053
10.8486
11.0409
14.6536
9.57349
12.4694
8.16573
14.3162
14.3385
11.1425
11.5955
11.1716
8.67273
10.3346
14.3491
8.637
14.8958
7.04946
8.79307
11.9986
10.605
9.74813
11.9143
10.7168
11.3251
12.3574
4.3912
14.1589
9.64983
9.79299
13.5477
11.6514
12.2711
12.1595
10.4084
11.134
13.6652
14.9681
10.1401
14.4491
11.9493
14.7498
14.889
7.7482
12.755
14.5808
9.95998
13.9099
11.6372
12.5077
12.6939
12.3077
9.64331
8.81732
5.9985
8.63309
14.2165
13.6857
6.01472
13.4811
14.4269
14.7568
6.192
10.1427
10.5626
13.686
13.0436
8.41561
5.35459
4.89258
9.48311
9.50804
13.4747
14.193
13.1553
10.0812
13.5231
14.1516
9.97432
12.6157
14.5657
10.0398
10.2004
10.38
6.56871
12.442
11.6973
9.96272
8.1626
12.882
12.224
9.92579
10.0529
8.22465
6.5553
5.76716
13.6067
13.9353
11.0397
13.4383
10.5396
9.8235
6.18282
11.872
12.8618
6.17179
6.23626
6.12698
9.79292
13.1332
6.45923
10.6926
12.6945
12.6131
10.0641
10.1713
12.0459
5.65026
13.8067
8.95809
6.03253
9.63296
13.4945
14.7815
12.1371
10.5489
13.7552
11.2737
14.2514
13.6399
13.2174
8.83459
12.4831
14.1098
12.2301
13.6504
12.7909
6.5872
8.72458
10.4567
9.82175
14.236
14.1723
11.6467
6.95243
13.5206
12.732
10.887
13.4015
11.434
9.93853
11.1809
6.53675
9.27381
12.3933
8.28641
13.513
14.1397
9.62257
13.6102
12.5421
13.4672
5.99395
11.3135
6.21048
11.1612
13.7286
14.6357
10.1741
12.7113
13.2305
5.44937
7.94686
12.1278
14.5922
11.6456
10.3735
10.6568
13.7073
14.4915
7.37174
11.7262
5.79613
11.9947
13.9957
7.66824
13.4637
12.4459
9.49999
14.0234
14.9701
11.0727
7.30447
13.4444
11.9553
14.9386
12.8042
13.2371
9.87947
11.6563
10.4922
14.1785
14.449
12.5535
7.91926
13.2745
11.2417
13.9488
14.881
12.1234
11.6752
13.2305
11.1858
6.08892
9.27685
9.83626
14.9403
11.0927
12.3736
13.1002
10.7543
11.9431
13.169
14.7528
9.09234
8.66464
11.2549
13.4587
10.4018
14.8442
12.4473
10.5216
12.6447
12.217
6.353
14.4946
12.0549
11.099
12.982
13.1016
9.67243
5.99218
14.7806
13.7235
11.6844
13.0929
14.7104
10.1162
13.3349
10.1114
14.3534
8.72463
14.4067
13.1703
9.87415
13.5403
6.27039
10.1597
7.92243
11.5961
7.62796
6.27682
10.9419
13.1932
10.5379
12.8379
10.5798
14.0261
14.8883
12.2759
14.3151
10.5597
11.4645
9.47352
12.2275
13.0332
12.4778
9.61432
12.1698
8.20729
11.7985
7.71826
7.96317
10.6415
11.7377
13.0732
11.4257
10.1083
9.46152
9.76842
9.89679
9.43683
14.616
13.2165
10.9047
14.1204
9.01132
7.34151
6.47433
14.5499
12.6634
11.5336
9.2331
11.1061
13.8655
13.2848
14.9141
14.5873
6.1848
6.16528
10.8425
11.028
10.4294
14.3309
11.9615
13.8512
10.1923
14.5141
14.3445
11.0358
10.0687
10.1318
9.33276
12.0939
9.13502
14.8646
14.4071
8.75746
12.904
14.1328
9.48432
8.55656
14.5209
10.7547
8.54093
9.77855
13.3151
11.1976
12.847
13.2924
10.6827
13.9893
8.71136
14.9857
13.8702
10.3324
4.60649
9.71512
8.34996
12.3251
10.5654
13.0272
8.50408
8.84162
10.0378
14.5205
14.9111
14.6162
9.82217
9.21791
7.73534
7.35148
11.8198
11.3958
12.3143
13.633
14.1361
14.6149
12.2932
6.6781
9.91643
8.08658
11.0889
13.6155
8.7953
10.204
14.4002
14.9557
10.7026
10.0586
12.3017
9.86703
11.7766
14.563
10.4499
8.23153
12.2336
14.2042
13.6178
14.9772
9.47125
14.3632
10.0836
6.07543
9.04389
14.2199
5.98734
11.0752
6.71333
9.36241
13.8511
6.0083
8.98265
4.58444
9.0628
6.07365
11.5292
6.67939
11.9402
9.18445
11.2089
8.47707
12.3163
8.47807
11.7473
6.27841
10.4502
6.22502
11.3376
6.49791
10.6475
14.2455
11.3087
5.99351
8.84943
11.0566
5.93841
14.8746
10.3138
14.346
12.102
5.97236
8.6448
10.7589
7.2746
9.05155
13.8382
14.988
7.21876
14.2421
9.44743
11.948
12.4623
14.1809
10.4715
12.7921
11.8008
13.4337
5.68201
13.3271
8.56153
12.2395
11.2129
11.4676
7.52267
12.5824
4.50851
13.322
9.04325
12.3008
8.69933
10.7256
14.592
12.4146
7.42029
12.7787
12.1008
14.3532
6.14682
10.034
8.59007
10.4681
12.0797
10.5898
11.5021
11.2359
12.5977
6.2263
11.8857
7.59097
13.5042
9.16776
8.07877
9.42109
11.6458
5.24179
8.40091
8.69429
14.557
9.63447
8.70447
8.17153
12.4737
9.43255
8.51087
5.76451
9.82938
10.7199
13.3157
9.95711
8.88925
13.8026
4.2272
10.8087
13.5812
14.3562
10.7441
9.59802
14.233
11.6564
12.1082
14.59
6.43709
8.99718
8.54349
9.17578
10.0688
14.381
14.3397
5.37402
9.87005
12.5149
9.03969
10.287
14.1005
9.91958
5.50422
13.9173
14.5129
12.5736
14.8527
9.69366
12.5187
5.8926
14.4413
11.1889
9.94055
13.1802
13.6972
14.0316
14.8016
13.241
10.3734
9.03942
14.3537
9.13063
11.833
9.47841
11.859
14.4994
14.0564
6.39777
10.9923
8.80038
8.66718
14.3798
9.14665
13.5368
13.7298
14.5539
8.06438
10.6082
13.245
12.6529
9.8318
8.62729
6.17415
10.7079
13.2952
6.14467
4.32606
12.5348
10.4659
13.4605
12.7571
12.4743
14.4128
11.8647
5.80884
9.08046
5.38546
13.499
8.47241
9.767
11.7024
14.0688
9.92333
12.5845
11.0469
14.8018
11.3438
9.60439
10.2299
13.4893
12.2812
9.89231
14.4084
13.7351
12.5424
5.01359
7.61672
6.05252
12.9811
14.835
12.133
10.6677
7.91449
14.8414
14.1952
10.8442
9.76934
12.3084
9.61976
5.84825
10.4339
14.4304
12.0673
12.6269
14.7085
12.9454
12.1397
12.3879
9.67247
13.6403
6.58056
14.5639
12.1379
14.4507
12.7249
11.0138
9.31082
10.4672
11.0269
12.9077
12.8437
14.4372
9.34215
13.4637
13.9834
8.86656
14.7428
13.703
12.3016
5.65532
11.6047
9.43069
12.5522
9.50707
6.14014
8.87251
14.3403
14.5341
11.0455
14.9539
5.86943
14.8321
11.1205
14.8545
7.35153
8.82117
14.7676
12.9107
14.0054
11.0389
12.0945
14.427
11.4239
5.27142
5.29159
8.77057
14.6986
9.22513
9.54285
14.6468
11.2627
8.7532
12.6758
13.4585
9.0399
13.1019
9.72075
12.474
13.6978
10.015
6.27292
14.2084
11.2588
11.499
9.91945
10.0253
14.9834
12.1598
12.059
9.77378
14.0977
12.0935
13.362
9.02812
12.3205
11.2488
6.31214
6.15023
9.98443
14.2359
10.7821
13.9796
10.8418
11.5179
11.126
8.71233
12.2056
8.46899
8.86719
13.5156
13.7899
14.4764
13.9558
6.19756
12.3575
10.7213
8.75374
9.44131
12.6547
6.20917
14.1333
12.6755
12.0041
11.1768
12.8497
14.1176
8.46262
11.7332
14.8289
11.3924
6.47845
11.2301
10.7798
14.8142
11.9353
8.29323
6.0769
10.2017
13.0084
14.1506
14.3148
14.2154
11.7052
9.84745
13.5833
8.71949
11.4292
10.9312
10.7406
6.43517
10.341
6.13376
12.7369
7.46286
9.78468
10.3331
11.733
9.94388
14.97
12.6849
13.5554
14.8901
11.9307
10.5454
10.9849
10.1018
13.5521
5.6536
12.1341
14.114
6.55073
12.2682
8.73131
6.2431
13.5709
14.5012
5.5522
11.9361
12.2162
8.46565
6.11333
7.32325
10.0719
8.64959
12.0093
6.00065
14.4201
11.9865
14.3992
8.86394
13.4065
14.064
13.1887
11.9632
14.9843
10.2615
9.87687
11.3475
10.1228
14.6243
14.9497
9.78217
10.8534
7.21474
10.5496
8.55816
10.1465
9.82368
11.5293
7.09719
6.46174
6.35602
14.1919
12.2761
11.4848
8.21577
13.7169
8.61531
12.6727
11.3213
13.987
10.1995
11.6503
7.26657
14.2999
7.17469
10.1674
9.85986
8.05759
8.23878
6.39229
9.93863
8.68964
10.6688
10.9883
10.5212
6.38669
8.91476
13.9644
10.9744
11.1696
11.2272
12.9986
12.7636
8.37488
5.80743
13.0121
10.7744
14.9671
6.33508
8.46179
5.827
14.819
12.4261
14.5612
10.604
9.01646
10.6462
13.1661
14.7786
14.2418
8.7813
9.95299
11.8802
11.6988
11.5759
14.2477
11.6365
12.985
4.89053
11.2934
14.7627
12.7233
12.6647
13.8965
10.308
14.6583
14.1716
11.9259
12.8168
10.3548
13.9363
13.7172
10.0154
9.72436
12.1703
12.2814
14.9732
6.89015
10.3028
9.8158
7.51405
9.41444
11.5797
6.59404
11.8378
5.86659
13.4374
6.44377
8.08668
10.3916
9.22281
9.36548
14.4421
13.9943
9.80946
13.0986
9.38792
9.3892
10.0676
13.7942
12.6193
9.53999
11.4874
11.6755
10.1902
8.8305
14.8479
11.1858
10.4305
12.6133
12.9994
13.3371
13.708
6.58505
13.9326
11.1309
11.9446
13.1433
12.093
13.5825
13.1991
14.2717
11.6904
14.8788
13.2912
14.6996
14.4325
14.6181
6.04489
13.7746
12.0342
10.5167
13.5834
12.0559
12.1739
10.3729
11.6372
14.0295
8.62207
10.3437
10.3801
12.0095
14.4873
14.8788
14.3952
7.28167
11.5718
14.4854
11.4792
11.3862
14.3021
10.8456
14.9797
10.5923
10.4773
12.7299
6.26061
13.2393
13.1722
6.46448
4.76339
12.7641
9.99727
13.1508
12.3418
7.35423
14.2223
11.9832
11.9596
13.3131
14.2768
7.12979
12.3675
11.6083
11.5707
7.57502
12.8258
14.06
11.8081
11.4881
12.1822
7.26957
9.17228
10.3509
6.72949
11.7166
12.6796
12.2632
13.229
12.1627
10.9418
10.9881
14.0182
12.6929
8.92583
9.31018
10.0374
10.7414
13.7471
5.60872
13.4666
12.2027
11.985
14.2088
10.5064
14.4388
6.22935
13.1098
8.15064
9.44134
8.6857
14.2859
12.026
8.66803
10.1815
12.514
8.14315
10.9452
13.6052
10.8491
12.6493
13.3639
11.9575
9.87494
13.5108
11.6035
8.60921
6.32787
7.19748
12.2885
14.803
11.6339
8.55818
14.9907
13.6226
6.22769
10.0344
9.76408
12.4354
10.5767
10.4298
14.8282
9.28272
12.698
11.2108
14.0782
11.6849
8.88494
6.62453
10.0562
10.4664
14.3355
13.6734
10.4084
12.2062
8.5863
10.8681
8.60884
13.1946
11.3686
8.69569
12.1691
14.2266
10.0336
10.8187
10.0267
11.209
10.3567
14.5603
10.4365
6.22957
11.8956
14.1579
14.487
9.5621
12.5207
10.738
10.1338
13.3998
14.4778
6.90001
9.00289
10.9023
14.6311
10.6105
8.44911
12.7374
14.6504
11.8951
6.34891
9.59643
14.1739
11.9582
14.571
9.57301
13.4211
11.5067
10.5666
11.6904
13.9123
14.1552
11.273
13.3149
5.39953
13.6539
9.68699
9.77249
11.8302
14.0691
8.08603
14.2005
8.96187
9.97642
14.9849
11.2335
10.5167
9.76437
5.28198
12.3251
12.7549
9.00201
14.0122
12.6725
11.1491
10.8752
14.6606
5.41183
14.0158
12.4363
10.5379
8.3476
8.13394
12.8441
14.2545
10.9264
10.8442
13.3611
12.5222
4.53174
11.7726
9.84527
6.76169
14.5732
9.96554
12.7022
12.4967
8.65321
10.3397
13.1785
13.3421
8.76434
9.22711
6.00329
14.0682
10.0512
10.693
11.3946
12.0948
13.2188
13.1027
7.33528
5.39328
9.97844
13.2349
13.9697
13.5368
11.111
9.48319
10.4897
10.8613
10.3947
14.0313
11.5282
13.8285
13.6131
14.3722
6.67648
8.64969
14.3879
10.2507
12.3489
9.7629
12.6751
9.70118
9.85938
10.503
12.7892
7.69169
9.57393
12.4608
10.3739
5.07314
5.9068
13.7282
14.1629
4.67955
14.7562
13.5898
6.16242
9.67477
10.3555
7.86354
11.7956
14.8816
13.874
9.97596
13.1934
14.1689
14.9488
12.2382
11.7713
11.3095
5.99457
14.6521
10.8757
14.1157
8.22077
9.3994
12.5679
12.854
8.87432
12.3
11.6065
14.2646
11.6927
13.4185
10.8873
14.2029
10.5502
13.7033
10.4071
12.6934
9.38514
14.4842
10.4214
12.6334
9.38969
12.1392
9.94542
8.27109
13.9063
7.10831
12.2388
13.7617
13.3165
8.98564
8.13088
9.82597
11.9625
13.6539
13.2421
7.64603
9.65909
14.8015
13.552
8.02298
13.0113
12.0444
8.91383
11.8517
6.52848
10.0583
10.9417
13.4858
9.13746
9.72094
13.3381
8.26653
12.6477
9.55468
11.3462
14.9271
5.88044
12.726
14.8806
11.7561
14.2461
9.1773
8.96929
13.3476
14.2368
13.5694
11.1087
12.5914
12.6801
13.1247
10.2514
6.24789
9.03808
12.7936
11.094
10.4543
12.1499
10.9283
10.6973
8.7728
7.99905
5.92291
14.2067
13.0605
14.5939
11.414
10.2982
11.1011
9.77456
12.0256
8.72357
6.2447
8.51279
12.8433
14.7391
14.9581
12.7276
12.5415
10.0541
12.2743
6.1407
8.21862
10.2297
5.98637
13.8498
8.23851
7.85666
10.6036
8.94412
8.8969
13.3103
10.3368
13.3501
11.7584
7.48225
12.3782
14.2057
11.4275
13.5906
12.2431
10.3432
7.57853
12.5254
12.2989
12.1079
9.19052
10.2622
14.5548
9.14616
12.8437
7.83324
10.0601
8.70377
14.4077
10.7181
8.60849
14.7956
8.76935
14.9324
11.6071
13.4168
9.21118
8.48583
6.22102
14.4992
13.6866
9.13783
13.7863
9.29422
8.40529
5.22199
12.1886
14.1444
10.5551
9.56782
13.479
6.66971
8.4399
9.81427
10.9735
14.2947
12.5901
12.6504
10.1605
7.24848
11.5472
5.88083
5.32153
12.834
10.3493
14.1356
10.2153
14.8623
7.60399
11.9143
13.6642
8.98837
12.5326
11.2099
9.75532
14.198
8.88466
9.97746
10.9479
12.4822
14.1825
11.8445
13.0274
8.38479
7.71371
10.6776
8.47411
14.1082
9.91097
9.02266
13.5851
8.67969
9.12252
12.256
12.83
14.3197
6.16724
10.0696
14.2482
13.4884
8.31334
5.09532
4.99092
14.2677
11.1017
14.9428
13.6083
14.9467
12.7511
10.0174
14.1853
12.214
12.5635
6.07236
14.9586
12.9445
14.3601
11.3735
13.4132
12.4677
10.5966
10.5008
14.1786
14.7617
8.30124
9.95334
12.4266
13.6564
14.3972
8.66751
9.62189
11.5732
11.8935
9.70872
6.36618
12.2202
14.9405
13.716
13.3772
12.802
13.5176
11.0302
11.9518
14.1205
11.8826
8.12673
10.1349
11.8966
10.5045
9.07913
5.51498
6.29676
10.456
5.00429
10.1915
8.29359
10.5027
9.35213
10.2639
14.0843
14.914
12.7215
14.2638
12.5398
9.14487
12.2177
14.1272
12.955
14.9348
5.93234
13.4247
14.1487
9.07757
9.81317
12.8667
9.43057
11.5908
13.068
14.9369
9.09834
8.39635
9.08033
10.4017
12.3431
14.6033
9.97126
12.138
8.53799
8.485
12.492
12.3438
12.9383
14.8617
14.7134
14.4287
9.8205
11.5207
6.49127
14.6413
13.3572
13.9289
14.7315
9.79531
13.8712
14.6583
9.97739
13.0197
8.59965
14.1815
13.5489
11.0144
12.8524
14.2888
12.8793
9.99573
10.6537
13.9673
11.2366
11.54
12.0854
12.6481
5.85066
13.6419
13.4682
11.6759
10.9794
13.6732
14.1306
10.8291
8.98595
6.27333
10.6649
10.5171
10.4275
13.065
6.1006
14.7936
13.0004
4.70133
9.67712
13.4871
11.0856
12.8984
12.3255
11.4571
11.8954
13.5936
8.55784
10.4788
10.1491
9.95363
13.8629
10.0672
8.5982
8.85619
7.85052
6.39716
8.9257
11.6222
12.1181
14.6523
9.83413
7.59124
11.3107
14.8781
5.81789
7.56137
7.88429
13.2025
11.5649
9.41123
10.1736
13.2043
13.5427
9.88144
14.8638
13.2503
6.10473
9.35469
11.3273
8.79163
9.96314
10.4857
10.5249
12.2369
8.63196
9.3845
11.6057
14.2548
13.0109
12.988
10.0448
8.96076
13.9446
12.7564
10.6513
9.00518
8.60944
14.3394
13.6669
12.8489
9.89991
12.8635
13.666
10.6837
6.07635
10.3065
12.5984
13.5146
9.26015
11.5548
9.80254
14.4421
9.78602
10.8785
10.3816
9.62742
10.4177
14.3089
12.7222
9.02974
14.0128
12.3846
12.5737
11.3084
7.86985
11.2791
12.4277
11.7537
8.26679
8.36219
13.2917
10.6665
8.75119
6.06081
9.88018
8.65624
13.5343
5.85837
14.75
14.4143
10.0158
10.2024
11.9228
11.137
4.61472
10.6403
13.7127
12.7056
10.3771
10.3488
14.3965
10.2046
14.2461
14.5578
14.522
14.2792
10.1559
8.693
6.41538
14.7987
12.3608
14.7463
13.1153
6.74934
10.3069
11.6963
14.1093
14.8232
13.5832
11.2939
6.28439
12.1267
14.0343
11.0352
8.78489
14.2167
10.2771
13.5052
14.6703
11.6198
10.5341
10.6508
8.498
10.9589
9.21287
10.8586
14.8884
14.4308
10.5644
8.17642
12.0359
5.61213
13.8423
11.5937
12.2728
9.25376
14.7828
10.7262
11.6091
14.0467
11.1899
14.9303
14.182
13.7421
10.7899
8.67071
13.4793
12.6033
13.6937
14.8636
13.9067
7.91881
10.1603
14.319
8.79974
13.6735
14.3376
14.8208
9.67475
13.0378
14.141
12.6913
12.8593
14.3286
12.9534
10.8171
12.6643
11.7277
14.5336
9.14277
6.33001
12.9557
14.0481
14.782
11.4775
12.3599
10.0158
8.03466
12.4158
12.737
10.7044
13.3095
10.0731
14.2789
12.8577
8.65114
10.2547
12.12
13.121
12.7502
10.421
10.2486
7.78165
12.2507
14.6612
12.8174
13.9125
14.7382
13.185
13.6429
10.2125
5.22119
8.47229
12.1116
8.76545
8.19946
8.70117
10.9753
14.2179
7.07369
5.13073
11.8123
10.5087
12.4949
12.5923
10.6311
13.2097
5.69938
6.43821
10.227
13.3839
9.88554
9.81318
9.79583
9.59009
14.4452
12.8145
10.6819
13.9807
4.45992
10.4649
12.882
9.67526
10.0755
10.5845
6.90348
9.61112
8.47702
9.75335
14.1086
10.478
6.09105
12.2423
14.2479
14.0416
12.6071
11.6064
14.841
13.4965
13.2435
5.58981
10.245
9.20007
10.9191
14.4551
14.8295
10.0874
8.75301
8.58315
6.7781
9.72885
12.2888
11.9961
9.94757
12.8775
13.0604
4.08824
12.1233
7.73573
13.3429
13.4981
7.97876
11.1917
14.1824
13.744
14.7167
10.2365
10.0015
10.165
7.12997
10.6863
9.17109
13.0855
14.6626
13.4788
11.3029
12.6323
9.12456
13.8564
11.8657
12.6673
13.3104
13.0215
9.57634
10.7496
4.58679
6.43166
11.2727
13.502
5.03765
14.0153
7.11282
6.90545
8.72793
10.2389
10.3155
13.3538
9.89201
6.3426
6.70782
6.06011
14.4413
14.3956
11.8922
10.8863
12.4393
12.5216
13.8931
13.9137
13.9509
6.22153
9.14419
9.65512
14.7988
14.6974
7.0978
13.3966
12.6625
12.1646
10.4667
10.6333
12.2133
14.1102
12.3386
12.592
7.42738
10.9213
13.3171
12.9229
12.1274
8.94188
6.90578
9.16573
8.61765
12.1125
10.1434
14.8377
7.79583
8.62167
6.33639
9.89027
14.884
12.5432
10.5139
14.6254
14.2093
10.4027
10.286
7.04577
13.469
13.0081
14.9365
6.06084
12.1923
6.11682
8.32119
10.986
10.1207
14.1004
13.0723
14.7858
11.8323
10.6441
5.35892
9.24792
8.55372
11.732
12.203
10.6088
8.95147
13.6135
14.1107
9.60956
13.5078
14.4154
13.6434
9.24676
8.44938
6.12646
5.46712
9.04519
13.564
5.37701
11.8012
12.8648
9.88341
6.58615
14.8093
13.3633
13.7002
12.1361
9.06549
9.91835
11.6546
13.6492
14.0813
8.63219
9.95199
14.7717
13.1693
14.24
8.71824
13.3356
13.966
8.20423
11.0072
13.0557
11.3692
9.30102
13.7511
10.0759
10.7173
10.6903
9.66014
14.695
6.18007
14.2525
13.3672
13.0464
9.80655
6.03253
14.3339
12.9802
9.46911
3.85509
8.92712
7.07785
6.12218
9.94831
10.2225
7.93239
14.5909
14.271
11.5632
14.1631
14.2891
14.0898
8.8515
12.2659
13.7725
13.1621
8.94304
8.08657
9.92887
12.0688
8.13604
12.2359
8.73364
6.40052
13.4814
14.2381
10.0387
10.9188
14.3078
11.644
13.7964
14.3293
13.6861
9.96795
14.8087
5.94075
10.3094
9.40879
12.5499
8.94063
10.4223
14.9803
13.8168
11.6025
9.69193
9.06088
6.23217
13.882
9.52493
13.2209
14.7445
7.55366
13.3959
6.22007
11.5057
11.5644
8.21844
9.77205
13.9537
8.34356
8.84272
12.8436
13.9495
12.1583
11.8636
11.4096
11.5937
13.6382
8.94909
14.2116
10.1361
12.7516
12.8696
8.61721
10.4174
12.0383
10.8239
14.2551
10.2086
8.98087
14.5849
14.8818
12.4755
9.00532
9.58267
12.4243
12.0095
11.9289
9.51484
10.519
10.1057
14.626
8.63488
12.3349
11.73
12.9688
8.52632
14.191
7.916
10.5411
14.1548
14.5017
10.6517
9.49708
14.1178
10.0367
14.115
12.6089
10.1504
6.03411
9.61472
14.4065
13.9244
12.3262
11.4027
13.1356
14.0302
12.6547
14.2725
10.9251
13.8438
13.1476
7.24404
10.537
5.81042
6.16799
10.2777
6.24945
10.4434
8.76689
14.7847
13.5796
8.89927
9.46364
10.3974
13.1468
13.5148
5.81822
9.83599
9.66454
10.8979
11.987
11.9383
11.8826
10.6634
9.5593
12.8333
8.89718
10.8524
9.77774
5.31031
9.12253
11.6977
9.36692
12.9086
9.64882
8.69131
10.3013
13.8772
14.3167
14.9892
14.1866
12.3084
14.1089
6.3997
7.92507
8.91239
10.7707
12.8373
7.07197
13.2985
9.65259
6.42591
12.2093
8.5178
13.0169
10.985
8.48496
10.587
12.6979
13.5194
12.1796
6.54213
10.8035
11.4282
14.6396
5.49509
12.8262
13.6729
11.2076
8.5749
6.45569
12.9204
5.21843
4.15113
10.7749
13.5196
14.519
6.50451
14.683
12.2046
10.4997
6.28012
10.8128
13.57
9.16926
7.56825
10.3482
13.4189
12.1285
8.38235
13.0394
11.4791
14.8862
11.0141
6.15437
13.9134
7.84207
7.41886
13.6257
14.2433
13.0291
14.3521
6.15699
9.95015
4.94337
11.8701
6.84629
12.9226
10.6833
11.2122
11.9724
10.4739
13.6372
14.0768
14.7931
10.3229
8.8117
14.8788
11.4833
13.3678
9.52395
14.5879
11.0475
12.0327
10.4953
12.3176
11.904
6.04993
11.3781
9.9923
8.7239
13.4798
13.1128
9.50375
10.8748
13.1698
10.298
8.45874
5.03374
4.4898
14.5857
11.935
10.5693
10.8955
10.5371
13.8027
14.918
11.4114
14.7452
5.05268
11.7975
10.0563
8.23462
8.63447
10.4108
8.43639
8.95879
10.1306
9.40447
9.74908
13.1287
8.79559
9.83862
5.88939
11.8286
13.5142
12.6925
13.8426
13.4911
14.031
9.74618
11.5056
5.2363
11.3763
13.091
4.4155
14.1483
11.8436
8.63884
11.7575
12.2646
14.616
12.2069
9.46607
10.4048
13.9592
10.2798
10.9718
14.3807
8.94753
6.10053
9.81943
13.6644
10.2493
8.49193
9.75506
10.5777
12.4687
14.6053
13.6806
13.606
11.8594
11.1168
12.7869
14.0396
6.98925
12.1278
14.9681
14.4682
6.77653
14.4168
13.3727
5.97804
12.2297
11.8849
13.1864
7.76576
10.9514
14.7354
12.513
8.49846
10.9358
7.05479
10.5072
10.8448
7.17206
7.51257
13.8598
6.06769
14.5936
10.6576
9.81937
6.30279
14.8901
8.60163
9.59218
9.72024
5.62085
10.7162
8.23617
11.0347
7.89969
10.76
6.29838
12.8756
7.56112
10.1177
11.0595
12.9659
14.1721
10.0452
11.4559
11.0759
5.92666
13.4292
11.4505
14.0445
10.2585
8.39529
6.17532
9.84609
12.2083
8.54585
8.80909
14.2157
9.82987
14.7381
12.3142
14.3857
11.7216
14.4572
6.30013
14.8387
5.32192
6.11493
4.26019
6.17132
13.6736
9.6117
14.6334
13.0769
10.8918
8.60547
14.2277
10.0668
8.89835
14.1342
11.7467
14.2801
11.5215
9.26684
11.467
11.869
10.3909
13.5204
11.8458
14.0173
10.2976
9.71303
5.81795
14.1687
11.3343
9.23835
11.504
9.17907
8.20357
14.3149
14.6639
12.9753
14.3267
8.58041
14.0676
7.52583
11.4393
13.5663
10.9797
12.6834
13.7386
13.7851
7.16505
9.37755
8.52169
8.88366
14.1739
12.2395
11.6989
12.5253
14.0192
8.88655
13.7806
12.7865
10.1234
13.6861
9.338
10.5613
9.99209
14.5432
13.3584
9.69532
14.9903
9.50756
8.29283
11.0453
12.635
12.0918
8.76148
10.2413
14.6023
14.7055
13.229
14.8095
12.9247
14.483
10.8127
14.9337
9.79128
10.2998
12.9254
8.96234
7.61524
12.9149
13.405
14.4981
11.5965
12.8571
7.45788
6.0089
10.6853
12.0396
13.6536
11.9133
11.7189
11.1022
14.3861
8.59929
13.6223
12.6405
13.1426
14.5939
11.3133
13.2474
11.288
14.5916
13.1567
11.8562
13.3734
8.53285
5.27749
11.739
7.4509
14.7975
14.7914
9.60288
11.8973
9.73892
5.28218
6.33413
12.8292
13.3365
7.59182
9.70055
9.45246
8.73827
14.1778
10.853
11.8807
11.8584
9.61087
9.81244
10.3749
10.1521
6.73496
8.9713
10.0058
11.7669
7.16657
13.9533
5.14784
11.3297
13.0892
13.7513
8.00541
10.5294
14.1426
11.3253
11.0122
12.4265
13.5382
5.86453
13.196
6.77315
14.812
6.2329
14.3282
11.5292
14.2788
11.6156
10.4
10.877
12.5575
9.79442
12.4337
13.2912
12.7024
11.5198
13.5778
8.83143
9.70159
6.29363
14.6647
8.35593
12.5841
14.842
9.73793
6.58877
13.6533
14.0033
6.16072
4.91457
9.37788
10.5286
6.03415
14.1995
10.8322
14.9947
12.9384
8.48225
9.86207
5.45939
14.2728
8.98032
14.9568
12.5772
13.2522
11.6578
14.1469
12.1377
13.4885
13.1519
9.75344
8.72523
9.85281
12.4403
9.27145
12.2355
7.49928
12.3369
11.1364
14.8765
13.1837
14.0323
14.5807
12.5735
14.5072
11.8759
14.4946
6.15132
13.6275
13.5774
12.7416
13.66
10.9067
12.4633
13.4827
13.3712
5.19025
6.00487
11.239
14.0983
12.8799
13.6786
11.3315
10.7009
12.1059
13.7383
10.8286
9.20191
9.83682
8.67985
11.8832
4.64142
6.58803
6.31944
7.98001
12.5846
13.9139
9.50871
10.4118
10.7596
7.29743
10.0141
12.8999
12.4812
14.946
14.2937
11.6089
10.5517
7.92304
5.05554
10.164
13.9257
8.09889
9.72806
8.18143
10.4906
13.0114
11.3992
10.1178
14.594
13.7844
5.84189
14.907
6.90351
11.6568
12.2697
14.4297
12.0046
13.8896
12.1485
12.6266
10.2436
13.5506
13.4771
13.7021
10.1346
