9.18128
12.6821
14.3661
10.7032
12.9128
8.79612
11.9073
10.1831
6.13776
6.72212
9.1559
13.5869
8.57541
10.4168
12.2571
11.0338
8.95524
12.0172
14.7164
10.8091
12.0864
9.85509
5.90568
8.6253
9.89988
12.9092
11.6059
9.44339
9.69277
10.4971
12.0076
9.93703
14.251
11.4242
12.7049
6.77993
13.5145
11.5755
13.2555
12.0165
14.9243
13.5
13.9871
14.4868
11.4878
11.3792
12.1654
13.6058
12.791
14.2804
13.0113
11.837
13.9287
11.3406
4.81948
12.9863
4.41498
10.4651
9.88892
10.8433
11.8813
11.2368
12.3075
14.2396
14.4592
13.9525
11.0907
5.94982
8.63881
12.9904
13.7507
10.1587
4.39555
7.59352
9.45037
11.9179
12.7062
10.675
12.0832
14.4218
9.20619
7.6333
13.8254
14.25
8.61656
14.3884
11.6782
14.0783
11.8662
6.51602
12.037
7.21515
14.4946
5.45513
9.16798
13.7033
14.2131
7.77648
14.4041
14.264
4.63223
8.77146
11.281
11.4857
12.4838
13.9394
11.3184
10.4287
11.9213
12.2625
6.45009
10.7764
14.6794
10.2546
13.9207
5.67091
13.0526
14.892
12.6248
12.1393
11.9452
8.41282
8.55211
8.51868
14.6817
9.62803
12.268
11.8424
14.1363
10.4763
13.6996
7.59055
11.5686
12.0102
7.1993
12.1355
13.0787
8.52561
13.1016
10.8828
11.7609
8.11527
11.6961
12.2336
8.38521
10.2067
12.8492
10.3987
14.7175
11.5233
14.9257
8.44863
13.1939
11.9738
14.3461
7.94734
13.229
12.2459
14.4007
13.3529
14.2477
4.39652
14.1183
13.318
8.75086
12.9878
10.4154
10.9852
14.2163
13.9714
14.9599
13.9154
8.70694
9.86805
13.4825
12.6146
4.11345
11.9842
12.9935
10.7389
13.276
10.78
8.6275
14.8407
8.46436
12.0031
12.3935
12.7192
12.7233
11.6523
11.4217
9.80751
14.9715
14.3926
13.1114
7.01098
5.92606
14.5974
8.91376
8.69692
13.5199
7.49901
11.9097
9.61882
13.972
5.86451
12.8125
12.288
12.1868
11.1152
13.1548
13.2533
13.7135
8.6945
13.8971
9.13131
10.374
12.5186
9.04273
13.0324
11.347
6.96973
9.28724
11.1892
13.3147
13.8448
6.27894
10.1718
11.6749
10.166
13.582
13.3752
13.3117
11.522
13.6383
6.90368
12.7257
14.9955
8.48022
13.4729
14.9754
14.2778
13.4758
14.5288
12.7626
13.0776
11.7634
12.5924
12.3926
12.6072
9.51681
12.504
9.93955
13.4404
8.46533
11.5
11.8481
13.0456
12.2454
10.1717
14.4475
8.46809
13.4491
13.0332
11.1428
12.9007
11.472
14.4998
9.89995
8.6536
10.548
11.0697
6.32152
8.2341
8.06573
14.2276
12.5561
12.4958
10.0205
14.4787
11.8042
13.4117
10.4925
6.1579
5.83435
8.42956
10.4711
14.02
10.6235
13.1228
14.3215
10.7929
13.6268
6.94617
11.9082
9.2503
13.9398
8.68142
14.4074
10.4552
9.46436
12.2845
5.86472
4.48878
11.1022
8.7573
12.5079
7.64286
13.7968
8.90446
9.74417
13.444
12.7355
8.72556
13.524
9.8787
10.2878
9.01083
11.3374
11.1708
14.1994
13.9933
13.5214
11.3865
11.4761
11.4911
13.8784
13.2059
13.4211
14.9817
12.4149
13.771
8.4953
14.9413
6.18406
11.356
13.928
10.5246
9.15758
7.87097
14.6138
7.72883
11.6512
5.1441
14.7463
10.21
9.44953
14.5686
12.5991
10.3593
7.90076
11.5709
13.7372
12.0247
7.82536
9.65002
7.11612
9.30083
11.7233
13.4351
8.44798
13.2342
8.56492
13.0556
11.8399
14.0408
12.6549
14.3025
11.0463
14.7099
9.16474
9.24127
10.4895
8.9209
11.8639
13.3204
10.5845
12.6433
12.4851
9.69286
10.8752
12.8235
13.3087
4.4535
8.83034
10.3189
9.68627
14.9667
14.5837
11.2941
11.793
13.0006
10.1107
11.6669
6.10401
8.13318
14.6447
8.74033
6.93406
7.87466
8.98395
14.1614
10.3556
10.6393
7.96879
4.9393
14.545
12.6869
10.3296
13.8249
5.23735
14.8973
12.8812
14.1998
4.50118
12.3116
9.55222
8.11595
13.4738
10.5656
13.3147
12.5176
11.6114
8.28983
12.2115
11.7832
10.358
10.9999
11.7465
12.3952
13.8586
12.0387
11.9474
11.5724
12.0344
11.1297
11.6845
11.2121
13.2329
14.8188
7.457
12.682
9.13694
13.5414
13.8837
10.9113
11.0198
11.3863
10.5757
5.82981
13.7126
8.85885
11.8588
12.3424
13.6259
12.0313
10.5818
13.8561
8.38968
9.8026
8.70319
13.9407
10.0047
6.45216
14.3046
13.1377
5.95143
7.20993
10.7899
14.3907
9.39086
13.2376
9.58122
8.03512
7.5987
12.3953
11.284
12.9655
12.21
13.4641
10.5884
4.48306
12.2194
11.2755
7.84262
14.8788
12.9426
10.4602
11.0431
13.1889
8.66005
8.68221
5.6842
14.1169
7.1339
11.7558
11.1155
8.6317
12.3038
14.9926
10.9418
12.2243
9.8977
6.02002
8.72559
9.82511
12.9237
12.1617
10.7119
6.68699
9.7924
14.8768
11.7969
12.5724
12.6172
12.2318
9.4606
13.2788
14.938
13.6653
12.5959
14.7089
13.1023
7.72254
8.1495
5.85353
7.39543
12.7249
9.99179
9.29585
14.8807
13.9174
8.2587
12.9613
6.06465
14.0031
11.7354
11.8609
13.1759
8.95042
8.30355
14.1224
7.49858
9.86627
9.2091
14.1301
13.4474
14.3619
14.4974
6.18531
13.1521
14.0807
9.31844
10.8203
8.7394
10.6598
13.6918
7.36855
12.7348
4.69701
13.443
13.8202
8.64748
11.2462
12.0346
11.6327
12.8537
14.4828
14.0859
10.8556
5.22919
13.8059
11.1915
8.97831
12.8016
8.399
12.4022
11.7198
12.176
10.2356
6.38381
11.0881
12.1273
11.2223
12.6436
11.6892
6.10936
12.2568
11.4306
12.5276
6.32793
13.2042
10.665
11.0123
11.2421
14.7579
6.21385
8.36727
11.3148
14.8878
13.3687
9.84421
6.99538
8.78553
11.1604
12.6714
14.2138
11.9579
13.5445
14.2014
14.7138
11.4605
12.7956
11.5293
7.67025
14.8342
10.9344
13.7764
8.97877
10.83
8.87951
12.4355
11.1518
12.2436
10.1997
5.91239
8.62802
9.89409
12.738
6.71622
13.0547
13.6337
9.72308
13.525
6.11899
12.9671
13.1255
8.3012
8.98925
9.4351
8.66189
12.6438
12.7498
10.8375
7.29164
11.1514
4.9349
7.70252
11.2491
12.0192
13.6038
13.1774
12.2668
5.87323
10.3797
14.7469
14.2741
9.95017
14.3082
5.44251
11.5002
11.7545
10.6288
4.38981
9.84603
12.4897
8.57505
14.1094
9.65036
9.66133
14.5207
12.5057
5.92612
11.705
8.83697
9.46845
10.5003
11.9481
9.79326
14.5637
8.45495
10.3221
5.35605
11.1269
10.4214
13.3934
13.7095
11.4012
10.5587
8.93052
10.7422
14.5735
9.59048
8.19813
10.5935
11.4929
11.593
8.31765
12.6231
14.7674
8.17429
10.3452
13.3001
13.6339
11.8381
7.42808
9.80299
10.182
4.82761
14.8594
14.488
9.099
13.1275
6.80571
8.59749
10.4743
9.68264
12.7416
12.2512
8.54645
14.1028
13.2885
14.4327
7.42245
13.1779
10.8277
6.43232
12.1502
10.0774
11.5327
11.3937
11.1942
13.9458
14.2818
14.9901
11.9584
6.24492
13.2306
9.84323
14.9379
13.5481
13.428
11.2558
10.5862
14.4485
12.4833
6.41552
14.7089
10.0952
9.47368
9.08505
12.2977
13.4891
14.2068
11.785
6.57343
13.2566
10.5802
13.3404
7.30432
12.8739
14.6615
14.6769
6.58965
5.96341
7.03326
11.5238
14.9601
8.15388
9.86776
13.9905
13.8704
8.34812
14.5715
14.3181
12.8053
12.4049
12.5351
11.864
14.7097
9.57201
9.98863
11.9585
13.7561
8.98907
12.862
13.317
9.78163
11.4244
7.95539
12.1976
14.3699
12.0314
11.6351
9.00439
5.84249
12.4522
6.56169
4.59905
9.47385
12.582
9.67935
12.7783
14.8779
12.6236
11.3929
14.2341
12.4606
10.8039
12.6444
8.41206
6.27104
9.17719
9.59536
14.7938
13.5689
8.65389
10.8223
14.7725
13.0777
13.2758
10.938
9.69164
11.2969
11.1476
14.2921
5.54136
10.7572
10.1083
13.4665
9.32519
5.49955
12.4937
13.7376
12.6371
11.6736
8.42619
13.8384
14.0682
9.25281
12.4406
8.21269
11.1165
5.82024
12.3274
13.4809
13.7953
12.138
9.51638
14.2617
6.07183
13.9759
9.5195
12.9862
13.7753
10.0881
14.4891
10.291
14.1745
9.72105
13.4735
10.2518
10.0123
10.7794
13.9681
9.22021
5.50139
6.04952
12.9119
14.858
9.83838
11.7723
8.7266
10.5693
14.4178
11.3155
10.1002
13.1882
14.7808
9.05217
5.83531
14.598
10.8161
14.672
13.3364
14.8273
6.23605
13.8641
14.7532
11.0923
12.5813
12.7902
11.741
9.2557
9.76217
9.45934
8.42056
12.6361
7.36333
6.37398
12.6705
11.9818
10.957
9.61792
14.1118
12.9413
13.2995
11.2571
14.5015
6.24742
9.69249
14.3358
12.8889
12.8816
11.1845
13.322
9.77246
10.6403
14.7974
14.6014
13.3552
13.7524
7.34533
11.5513
14.3708
12.799
14.7879
13.7848
10.4531
10.4498
5.65027
14.3115
12.3865
14.6365
5.6293
11.5301
9.20506
7.89935
10.2168
9.24846
10.6423
8.8212
7.2692
4.24455
11.0712
11.0269
14.0322
14.8569
14.3933
14.4145
12.8786
11.9779
9.6704
14.5067
12.9302
9.9709
12.229
6.1348
9.74782
14.183
9.78651
9.80281
8.87706
12.7339
6.53873
13.445
14.705
10.9917
11.1796
14.9613
9.07777
12.6265
6.52179
10.1797
13.977
8.38249
12.9786
7.54473
12.0218
10.24
9.84517
10.3099
10.0523
5.60904
11.3332
11.1081
14.4693
12.9947
10.4388
8.78771
13.5462
12.8317
13.884
10.4032
11.0848
13.7216
14.967
9.43796
10.8288
4.68198
6.7864
14.8183
7.80291
13.9665
13.6885
8.31683
8.68677
14.2999
11.8898
8.79077
12.7243
10.6616
5.10269
10.6523
12.5089
8.908
9.23922
9.26406
10.3361
8.98608
14.2519
14.9035
8.19137
13.0436
13.4762
10.1334
4.73094
10.9029
10.6388
5.8168
14.2119
6.49359
10.3224
11.991
11.3092
9.0615
14.8116
11.5712
5.7031
8.94083
14.1034
13.3708
11.6308
14.1174
14.3035
11.6182
11.0962
12.698
14.5263
12.5194
6.29491
6.6758
13.7421
9.29179
14.3227
8.92615
9.11881
10.1787
10.1387
5.55079
4.78407
7.82682
14.9077
6.81232
8.63323
7.85613
10.7173
8.68224
13.2627
14.7811
12.6543
11.8316
7.16521
5.12609
13.0675
14.6437
10.912
9.33157
13.5603
14.3308
6.11073
14.4812
13.5908
8.2964
12.5366
9.48703
10.0004
12.6729
4.96726
13.9711
9.32219
5.12003
10.7112
14.7271
11.568
7.00709
14.3295
10.7117
10.3136
14.4494
14.6837
13.6138
14.2209
14.6795
11.5021
11.797
8.93104
12.6203
11.8938
13.2575
7.24758
9.66358
11.3766
6.93941
8.929
10.1856
9.13169
14.6777
4.94232
14.4951
9.93773
9.55909
13.4329
7.26001
5.36229
7.34912
5.49154
10.8189
5.69988
5.87486
10.8717
14.1573
5.55833
11.9924
6.76428
4.85358
12.3745
10.3614
13.1221
12.4256
12.0522
14.3129
12.3355
7.00561
9.55351
11.2626
10.1254
14.2582
7.55065
14.4715
13.8543
13.8296
9.79268
13.4054
14.9926
14.3729
11.3607
14.9897
9.18346
7.87486
13.9267
14.3896
9.58113
12.3997
14.1603
11.4873
12.63
9.77901
7.89109
12.8185
10.7224
14.308
12.0995
11.1639
8.46946
11.8548
12.2965
10.5974
10.6546
12.1288
12.8337
12.8802
12.3776
13.9827
6.08744
11.5838
11.9752
8.64256
8.43355
11.6095
11.9489
14.1367
9.31076
11.8375
13.1668
12.0028
14.1685
10.4962
13.0285
5.92092
12.8473
12.0852
8.55534
9.7987
12.2718
11.6693
11.4811
11.7425
13.2331
14.8766
8.41997
11.6308
14.8756
10.2734
8.16461
14.8488
14.1919
6.41863
11.4137
8.78387
10.082
13.2168
14.9139
11.3585
14.1681
14.5225
11.9694
10.2637
9.60777
9.06168
10.4721
10.0087
10.4616
14.9532
14.6047
13.384
10.2482
6.57526
14.1712
12.6568
14.2867
10.6036
14.5332
8.39655
12.7162
14.7768
8.56368
14.9311
10.4795
14.7751
14.0403
13.8523
6.59268
5.19315
12.3427
14.8408
14.4532
5.68432
5.94082
8.36635
11.0382
11.0121
11.6676
12.3656
9.03162
10.4507
9.25315
14.8036
10.1264
10.4275
14.979
10.3815
12.7715
11.0747
9.45829
7.26092
11.531
9.61722
14.9392
12.8938
8.02569
8.05812
6.89868
11.2084
10.969
10.4815
11.3417
12.7234
14.9051
14.1945
14.9346
13.1999
13.618
10.5782
9.36567
5.92389
8.97005
7.87741
13.553
11.6467
9.12977
10.4661
12.8985
13.1282
11.1965
9.53724
5.23004
9.05684
9.69296
14.8166
6.77815
11.0686
12.909
10.6668
5.57328
9.32223
9.00341
11.3276
9.07556
10.3885
10.3006
14.7866
12.7389
10.1227
14.8671
14.6504
8.89603
14.2132
14.7682
14.9574
14.242
8.83469
14.9984
10.158
10.4646
11.9173
13.369
9.47126
9.80898
12.0804
6.97157
9.08713
8.46815
13.3204
11.5755
10.7318
13.7662
10.5977
10.1247
11.5646
12.5305
8.51049
10.7958
10.0462
11.3652
11.5154
6.57324
9.70528
13.2941
12.1529
6.75216
10.383
10.6909
12.9773
9.74796
11.2716
13.5065
6.11897
12.7943
12.0139
14.9929
13.4034
7.59469
13.383
14.4907
12.3283
10.4372
4.62335
10.3471
12.3257
9.52825
10.3296
13.8497
12.6739
13.5323
13.8261
8.13189
13.7965
8.81651
14.8003
11.9459
6.37566
13.8906
9.01784
13.5513
13.1821
12.4278
13.2567
4.39401
9.73726
6.29664
8.46059
13.5837
9.0537
14.3731
9.32428
13.2146
12.1703
14.9675
13.0085
12.2644
14.312
12.733
11.8239
13.5362
12.374
10.4758
7.10393
5.30012
9.5441
8.51941
7.47058
14.1856
6.86779
12.3422
6.51878
11.845
12.5347
14.1768
4.44981
12.7527
5.21262
14.7489
9.06154
13.6268
13.7818
10.1746
14.261
14.6063
12.9663
13.9241
10.1099
8.42754
12.8794
8.5191
12.9166
14.849
9.54923
14.1047
10.6984
11.57
12.7156
9.01514
11.0143
10.4778
14.1295
5.87606
14.0346
14.368
8.37104
14.5426
6.30426
12.4149
14.9569
10.9495
14.7136
14.8411
12.2707
12.8682
14.1186
10.1602
8.48434
8.53397
12.3163
8.39824
7.84297
8.67054
8.70951
5.60353
10.5898
13.8498
14.1861
11.951
10.1239
9.27391
10.8
11.8793
10.1881
13.255
10.8973
8.45695
11.5101
8.41448
13.8442
12.4036
11.6108
14.0648
9.53015
12.4663
11.4999
10.204
7.41938
9.26912
8.09047
11.1743
11.3508
8.75887
12.8215
9.83507
9.79585
12.395
14.7779
14.0118
12.875
14.5659
11.0628
9.99882
6.24575
9.65497
13.2021
8.00212
9.34454
12.1815
12.238
8.78005
12.3397
14.7292
9.60551
13.0697
8.38207
10.1054
12.6397
4.50356
14.701
10.6373
12.4106
9.21347
9.21685
12.2042
12.9217
13.2533
14.321
14.0401
9.45455
7.75596
11.3624
10.9164
4.65136
9.73607
13.561
12.8403
5.73557
14.7215
13.7183
13.8969
10.039
14.6083
14.4046
9.22209
7.39828
8.83029
11.5476
8.73385
11.7574
7.79952
11.3334
12.1514
14.4563
6.25664
9.24152
12.5421
8.94985
12.6038
13.7124
14.5376
6.85266
9.5799
6.43402
11.7581
5.50906
10.753
13.0607
10.4795
11.2649
10.2798
14.2259
8.25603
11.2383
11.9109
9.7783
5.92228
10.0755
8.73396
13.5552
10.4841
11.8004
13.1645
12.2026
14.1324
14.65
9.20626
4.40073
13.5972
10.2457
13.2009
13.9937
11.9517
11.6888
14.0487
14.0291
5.48554
14.3967
13.2631
14.2517
14.5196
12.3761
14.5572
5.355
8.17403
12.5697
13.3704
11.5044
14.9334
11.5406
11.9894
14.0594
14.537
11.417
14.382
12.1819
11.9838
9.81592
7.15521
9.55741
12.8753
14.4947
9.3865
8.66774
8.98468
14.9248
12.9222
10.9026
8.45207
11.6148
14.622
13.9497
8.21269
7.8739
9.67151
11.0546
9.11406
14.3594
12.9098
11.8578
9.89754
5.96024
8.56284
9.90418
10.5151
8.99436
9.8553
11.6886
10.0843
12.5625
9.5259
9.66917
9.79629
13.6336
6.49877
11.9972
10.0576
13.7294
7.81694
6.23713
13.9144
14.7083
12.0497
11.819
10.3957
10.8103
14.4487
12.5371
6.17709
8.76176
10.2708
14.6851
9.68023
14.1354
10.561
5.84598
7.41389
12.4512
9.7688
5.89277
4.40145
12.7656
11.1898
11.0455
9.84046
10.4874
9.55603
13.859
13.922
10.7933
5.67458
12.0817
11.5362
10.5527
6.51721
13.1458
9.32651
9.94077
4.18767
10.9011
14.7051
9.64718
6.16704
9.4701
14.5442
10.4256
9.66763
11.352
13.3679
5.27418
9.11489
10.0269
9.97697
11.7292
5.7511
12.9007
9.44024
13.6016
10.592
7.68982
10.1927
13.8166
14.2891
5.26358
12.0312
8.52912
9.19517
11.8633
10.566
10.3323
12.7118
4.96086
8.98447
13.04
13.2273
5.90236
8.36895
11.7894
11.0405
9.42336
10.4634
6.00425
11.7738
14.3631
13.6241
8.12399
11.345
14.1874
6.12491
8.81229
12.3628
10.3145
13.2865
12.3684
12.3105
9.79369
10.8843
9.08628
11.1346
11.323
14.3851
7.74571
11.8013
11.1221
14.0618
8.19477
11.9771
13.0548
14.5785
7.44629
12.648
10.5879
11.9769
8.71612
12.2255
10.6021
13.0021
8.49812
14.8806
11.3591
13.9593
12.8561
6.3697
9.38764
14.5472
13.6598
8.85641
13.5331
8.83943
7.61551
5.99507
14.149
14.7082
10.0148
12.7956
8.77595
14.7732
8.05622
11.7097
13.3095
6.53633
14.0658
11.0171
12.6156
5.87949
12.6564
13.8641
5.82113
12.1746
12.0483
14.0575
13.0921
10.691
5.90362
10.8669
13.6474
13.4379
14.9731
14.0265
9.81987
9.41134
14.9687
11.1978
10.1213
11.3469
13.3174
6.74174
14.0063
11.9641
10.4693
9.4081
10.99
13.5428
8.78706
13.1776
13.9904
9.77116
8.84517
12.7802
10.3471
7.84988
11.7371
13.5987
13.3933
9.77431
12.5643
9.28584
8.18635
12.348
11.7902
13.8069
12.9297
9.70897
6.17984
4.03531
8.58408
13.0313
10.7603
12.7729
14.7017
10.0387
12.6862
14.6462
14.3352
13.9487
10.7075
8.16212
8.30973
13.9401
12.8506
13.9214
12.9049
11.7278
6.65527
11.9748
6.52585
14.0742
9.19843
9.86619
9.52812
12.2944
13.2329
14.8926
13.5873
13.2507
9.6633
9.47734
8.39616
13.2836
10.9628
12.1241
13.4628
12.481
8.50861
11.3742
10.0708
7.1692
9.44189
12.9676
13.4128
12.0597
13.5932
10.1131
13.9052
9.5562
14.572
13.1683
14.0244
11.538
12.9648
10.2272
12.9702
6.79381
14.0136
10.945
13.3571
13.6729
6.37144
11.0388
11.9448
11.9289
7.89034
11.6873
10.3878
12.08
8.98622
13.7003
11.6766
12.5329
14.7695
14.0365
13.5004
8.8829
13.7853
14.2168
13.0438
13.7601
12.2155
10.8968
6.37833
10.5963
10.3841
12.7343
12.9853
11.8771
8.17994
10.6613
6.42417
14.3672
10.3652
14.1046
6.5076
10.8564
14.9153
11.2886
13.7633
11.3426
7.95959
11.3804
5.92266
14.7944
14.6596
13.039
12.4307
14.3616
10.9341
12.4408
13.6799
11.2181
13.0605
12.3118
9.23549
6.57205
13.2751
8.44056
11.0019
11.3402
11.3774
9.61561
8.35102
13.7019
8.33945
13.0419
11.86
10.7962
8.93816
12.8539
14.7314
13.9474
10.9617
13.3689
12.5472
13.4964
11.6974
10.4691
5.23491
7.02571
14.3161
14.4635
12.8413
14.0521
10.0561
8.47502
10.6522
14.7915
12.4772
4.99536
13.0617
9.24555
14.1666
10.6463
12.8771
6.03268
7.02085
5.45508
10.2753
8.83063
12.2017
13.7887
8.46616
6.48205
13.6587
13.0151
10.207
5.44289
10.6705
9.44233
11.8523
13.131
10.2338
7.71783
6.36597
8.98859
14.9287
6.07116
6.32216
12.7479
14.8349
14.9077
12.0728
14.3748
8.30049
10.557
10.8132
5.56662
11.6212
12.383
14.0446
6.43859
8.65466
12.4439
10.6079
8.93082
11.8406
14.7519
13.8255
13.9837
10.4308
11.1936
14.2642
10.0571
3.86879
6.8923
14.4202
10.4068
13.8339
14.7895
13.9006
5.17115
4.97622
9.93006
5.47575
8.07502
12.0992
10.897
13.0657
8.76989
14.1073
9.94881
6.35866
9.81348
14.0472
14.8559
13.5603
8.57832
4.22593
13.4007
14.2803
12.2421
8.77154
13.9779
8.66816
14.4994
14.8469
14.2748
11.9747
14.0453
12.2453
13.5354
9.04046
9.28005
13.2847
10.0471
10.4893
7.81432
14.8904
6.23833
6.4328
12.5665
8.55437
6.01492
14.2981
10.9197
14.3151
11.9388
14.8817
12.3548
14.4246
14.0995
6.08247
10.8513
10.2337
12.3087
14.9714
10.0901
11.0339
8.88435
10.552
11.5095
6.00902
11.9599
11.7939
14.0635
4.41597
10.1133
5.61536
13.8134
14.68
14.3947
10.3109
9.38103
13.2541
13.6344
14.6765
9.93717
10.4269
10.7265
14.0261
13.1126
14.0265
10.6862
9.8592
9.4618
9.78446
14.352
9.74392
14.3291
11.2564
8.70934
8.17087
12.2422
10.3869
12.8197
11.572
12.0317
12.8029
12.3157
13.2034
10.6906
8.28981
10.089
12.3523
11.3137
10.8242
12.3393
12.4772
14.5016
6.57248
14.9146
5.8042
12.7406
6.46828
6.86353
5.08186
9.07581
7.0155
6.19293
4.51596
6.08278
10.6583
13.9549
13.6061
6.00223
13.7243
13.4801
9.78503
13.8155
12.6147
10.154
10.561
9.83276
11.9262
13.7768
9.97751
8.65335
10.3114
11.8674
12.2433
4.89874
12.3995
14.6296
8.19522
12.2895
9.18301
10.8841
8.51146
5.35235
10.275
10.2039
11.8528
8.57245
10.2475
14.198
10.9528
14.3573
13.8526
9.16282
6.33171
14.1651
9.44589
6.07066
11.7112
8.82631
8.26191
6.48284
14.9799
12.1075
11.2726
5.50409
4.76029
13.828
13.5851
8.64736
14.1572
12.2821
11.8467
10.301
14.4732
14.085
13.0309
10.0387
13.7386
12.2247
12.1817
14.5593
12.9089
9.60559
14.1172
13.2821
12.4599
6.07587
13.52
10.5793
14.5002
13.7183
5.68765
10.5116
9.13163
9.09169
14.4462
14.8936
6.56423
14.4979
14.6826
14.2542
8.85397
14.8262
10.868
11.4398
14.0742
8.27102
9.66023
11.0749
12.8136
12.8913
6.61098
7.84514
8.6599
13.7628
12.7467
5.26797
10.6577
12.6498
12.8928
8.42161
13.9572
12.52
7.20466
14.6045
13.0848
11.7731
14.7916
9.94935
11.3793
13.5515
8.73215
12.4814
13.5106
11.6525
14.1618
13.1074
10.5051
11.0444
5.56716
12.7098
13.2488
8.40044
14.7018
13.4386
13.7925
10.8669
13.8737
4.6822
8.17809
12.1418
5.6946
5.89069
5.98704
13.4553
11.1859
4.55426
11.4539
8.57742
10.0511
12.2659
14.1896
9.82142
5.76345
9.10329
14.6351
6.67006
4.31729
13.8363
13.1745
8.13097
12.0448
8.20295
10.3206
13.2754
11.1495
14.4036
14.3543
10.9531
9.92194
7.87965
9.39989
11.2455
9.26982
6.09505
12.141
11.1202
13.3998
11.3237
11.8574
11.686
11.8356
13.1226
9.07164
12.7115
11.1746
11.1899
14.2849
7.28173
9.90513
10.6652
14.9154
10.8642
12.3916
13.0652
10.3597
13.3524
10.0254
12.7982
11.007
14.7613
14.5809
10.3414
8.23831
8.46819
9.58362
7.88232
5.49929
6.03052
8.99496
13.5941
9.68594
5.75638
8.3785
9.57147
10.8796
12.7392
12.4684
11.023
10.9443
10.0098
14.4953
13.1972
11.6564
14.1127
11.2607
12.7559
14.3688
13.9719
11.208
14.3093
9.04108
12.0345
11.5549
14.7856
13.8895
10.555
11.9931
11.4862
10.2627
9.56094
7.59572
12.248
14.4553
13.6935
13.775
12.9634
12.9558
11.1605
10.2404
14.9907
8.46759
8.38392
14.8697
11.8837
12.9137
12.874
14.4555
13.0771
10.025
9.14644
7.28523
13.8165
14.4377
14.9341
12.897
11.2002
13.629
13.1275
8.45607
12.1777
14.2572
12.6108
10.9713
8.53183
10.2158
11.3902
13.0342
13.2858
9.35162
12.4193
13.2865
12.823
14.8304
8.40463
14.892
9.44631
11.6114
12.9099
8.87787
12.1034
14.9598
10.1137
12.3311
8.31168
8.75652
12.331
12.5559
13.2974
10.8569
10.4236
12.9874
9.67174
12.289
14.0018
9.57663
9.5381
9.2796
14.984
13.6153
14.6827
12.8624
10.7978
11.119
12.8901
13.15
4.46735
12.7002
12.7682
14.5379
6.69362
12.589
5.85197
13.0416
7.97529
7.02441
11.7008
8.45917
10.7661
8.1449
12.6725
11.0668
14.2749
9.90256
10.4376
13.9529
9.65206
11.5368
12.5378
10.904
11.5358
11.8176
10.4392
13.1097
8.49973
12.6115
6.52775
12.0151
6.534
12.953
13.9248
13.2182
13.1305
12.1328
7.12074
12.0397
10.3837
4.63258
10.0589
11.5302
10.017
10.9376
8.3751
13.1817
12.8028
13.5495
11.5198
13.0586
8.4217
8.21836
13.4368
10.3863
14.6886
8.01553
8.29408
12.4631
11.9761
11.8408
11.6376
8.50569
6.63934
13.6225
14.4034
14.7194
11.3272
14.7161
12.0166
10.4585
13.6373
7.98992
10.6736
9.22012
11.9361
11.4275
14.0746
7.53085
10.1178
10.355
9.9288
11.5634
5.81059
4.85398
12.6489
4.61488
6.72173
13.0018
9.557
11.6212
12.7564
14.3944
11.6449
11.2948
10.4588
6.49393
9.62555
9.68851
14.8131
12.0658
9.68514
9.41769
12.2483
14.2022
12.0063
9.04088
6.24634
5.52806
12.3499
13.6316
11.6566
12.4048
10.0351
9.37407
9.75205
11.7299
8.27457
14.5265
14.3066
5.60555
6.83127
9.79339
8.65607
10.16
11.6243
10.4017
9.96805
10.4043
12.4217
14.9859
12.2106
13.1304
8.77287
14.759
10.9992
6.34467
6.26907
8.75737
9.25874
8.74981
6.35149
12.7876
14.8481
12.3741
12.8516
14.7212
8.01803
10.8039
9.52259
5.9316
14.0318
11.4433
6.24371
9.18773
13.0968
12.6277
8.88068
8.1799
13.9868
11.6311
14.6705
11.8247
7.18411
10.2351
11.3281
11.5016
9.56794
14.412
14.4853
9.81191
9.7706
8.45104
4.98201
13.589
8.86644
12.4169
12.0431
11.4259
6.15017
11.4295
9.5472
12.689
12.585
11.1246
7.92366
8.80361
13.8981
10.5619
8.44186
8.4157
12.7323
6.20001
14.6968
14.3799
11.4375
13.0162
11.764
10.5711
4.30932
9.75036
11.4895
11.7476
14.9857
8.15447
6.30257
12.4956
10.3832
6.35451
11.1153
5.55482
14.8099
9.14426
5.65359
13.7159
7.97737
13.2927
11.9846
9.10913
9.47348
5.8923
14.6535
13.6375
11.6934
13.0825
11.7035
12.2946
10.5047
12.0616
8.96123
14.1063
8.87231
10.8662
10.8369
8.93659
12.2094
9.47274
6.69424
9.00457
9.43645
11.6752
11.5985
14.3727
5.90351
8.33537
10.1522
11.8524
10.9908
9.7753
12.3292
13.066
10.7531
9.71273
5.42483
12.3541
14.4041
8.29407
14.5834
5.4404
14.3859
12.3935
10.7466
9.9509
14.9986
10.7141
9.47704
8.30537
6.00015
12.7772
8.53718
8.41572
14.0397
9.79429
9.16071
12.2371
12.7482
13.8546
13.3686
14.6875
10.3878
9.50458
11.8002
9.55219
11.252
9.8745
13.1228
12.2929
13.5913
11.9082
8.46057
13.2138
13.122
10.296
12.9791
11.1624
14.5078
14.9986
12.3399
12.5181
14.5958
12.131
13.1839
14.5779
12.2399
8.96223
6.0222
13.6351
8.69668
14.7605
14.6812
13.2323
13.7227
6.56674
6.88705
12.6405
11.0171
9.27276
14.8111
6.67526
11.1568
8.02524
14.7491
14.761
14.4656
12.8126
11.6501
9.28156
14.4938
10.331
9.20992
13.1511
10.3429
12.2981
8.70209
9.01451
11.2132
12.5498
13.3679
14.6996
10.6101
12.0536
5.81252
7.9728
12.6095
12.7726
9.13421
11.9895
11.2882
13.3383
8.09052
14.7334
14.1413
13.6439
12.5595
8.12629
6.96564
8.83865
13.6514
9.94621
9.72182
14.9213
12.6826
13.1805
14.5335
12.6472
8.3628
9.57804
11.0637
8.83094
14.0923
12.8224
6.87879
13.1192
9.09297
9.11615
12.3228
12.9437
11.7218
12.7525
10.3408
14.1162
9.45003
9.40327
9.86103
10.4924
14.5729
12.3002
14.9916
12.1083
9.79936
10.9784
14.9144
13.2067
14.9306
13.1035
13.5024
10.5987
7.83609
13.9695
9.72038
10.4119
8.37791
8.00652
14.4932
9.38413
9.45089
14.9125
13.678
7.94181
14.3555
6.54738
13.7569
13.2616
8.63583
10.0585
14.965
12.8865
11.6333
9.87002
9.61478
6.64908
12.1516
12.9361
8.87736
13.1386
14.2868
14.3377
12.8674
11.087
11.9333
8.93093
12.3162
12.3676
9.15228
11.3324
11.6301
14.7311
12.8656
14.16
13.2685
10.8739
7.31766
11.1038
10.6153
11.9953
8.85488
10.7542
14.202
11.5573
10.0081
4.22183
14.5395
9.58887
10.254
12.3574
8.44254
11.6731
6.42099
10.6312
11.5468
14.156
12.3183
14.2951
14.4531
11.014
11.7229
11.8886
13.7114
13.123
13.6979
10.2523
14.9154
11.7983
13.3314
10.0145
12.6737
10.3419
11.9271
9.89326
12.3311
6.0509
8.84788
10.2488
8.69072
11.8379
12.4011
12.078
12.797
13.5049
14.188
14.555
6.05812
5.99434
10.2252
12.505
14.1476
13.1948
7.91244
14.1072
7.3922
9.55522
8.84732
8.65609
8.59786
7.22366
6.15529
11.7888
13.2837
13.6716
14.1851
14.6781
11.5973
9.57336
11.9053
13.164
11.5485
12.077
9.98522
12.7243
13.756
9.41576
10.5615
6.20709
12.1653
10.525
9.69859
12.0284
11.2682
11.8374
14.4579
13.2731
11.0481
11.7691
13.4594
13.0166
13.5775
13.3865
9.31929
13.9426
11.674
12.9109
10.1118
10.3713
11.5127
13.8967
5.97772
10.3438
14.3448
6.69357
14.344
8.69075
12.6029
12.318
11.0201
13.0664
12.2289
11.9745
10.6966
12.1904
9.89164
9.34431
7.436
10.9503
11.7217
7.62242
8.62846
13.0621
12.8682
12.7478
14.9631
11.4973
10.9262
11.4592
10.6164
8.46623
4.6579
10.1759
14.3026
14.9678
9.68939
13.2218
12.3877
14.8441
13.4592
10.1176
9.87603
11.147
13.8111
8.55863
6.93178
12.1568
13.2335
9.0818
12.1176
12.3867
11.1422
12.0206
14.8353
12.1994
8.65179
5.98069
10.7002
14.515
8.58669
9.97057
5.19124
12.9017
13.1482
7.95996
5.96649
12.0612
11.5425
8.26806
11.2108
5.84109
10.6492
11.1479
10.4276
8.42822
9.23327
14.9005
14.0388
13.9278
11.6287
13.3697
10.4895
13.0581
9.6816
11.7394
8.76824
12.4219
9.55815
10.2007
14.1075
12.3423
13.6418
6.85927
12.7617
13.9821
8.95873
14.6989
11.048
10.2019
14.0547
11.527
8.52602
5.88805
11.0398
9.56043
8.70814
10.9496
10.6705
9.89152
11.574
5.73317
11.7276
12.1513
5.76924
10.124
8.74714
9.97386
11.0867
13.8895
13.9238
9.75101
14.6006
14.3073
9.52158
12.38
12.3089
12.6332
9.7324
12.8818
13.6777
10.4277
14.2644
14.044
11.7234
13.7822
8.48766
13.1393
8.38486
9.33206
8.95963
10.8403
4.85758
10.7685
11.8101
13.8455
8.45452
11.0472
11.0066
14.2044
12.8681
12.3106
8.20289
9.70171
12.5154
14.4836
14.3435
12.9504
12.1596
14.6157
12.0892
14.4388
14.2362
5.48827
6.28836
14.1207
13.4517
5.35957
10.4008
8.52332
6.3695
14.9449
5.55481
9.89865
11.2682
13.5328
13.4948
14.2055
10.5794
8.79473
5.34717
8.39048
12.3808
14.1269
12.411
14.4913
14.2261
12.7821
9.96964
14.6654
11.7599
9.76092
8.78148
10.1926
12.6705
7.99827
11.3383
14.613
14.9155
12.021
13.1618
13.6552
8.50215
8.18869
5.20891
12.6526
13.1701
10.9175
13.3918
11.3048
10.3034
11.4255
12.5092
10.5691
13.3108
14.4622
8.7664
11.822
13.8641
6.10765
10.8513
13.7697
9.16874
11.2119
9.34031
13.8107
12.7405
9.66255
7.51886
11.5787
10.3795
9.58721
10.3943
12.7762
13.0525
9.90979
14.4661
12.3363
11.472
9.66466
11.1215
13.4154
12.3441
14.8796
11.5872
11.8203
14.2583
12.6314
13.3984
12.421
12.9566
10.1849
12.912
10.7213
10.6675
11.6303
14.2293
13.6773
9.93709
12.8067
8.57028
9.5327
11.8571
9.90496
10.046
8.71638
12.5807
11.8398
14.0175
10.5682
10.8255
6.29731
9.71759
4.48496
8.3407
13.4143
13.9886
12.8103
6.12204
5.00818
14.317
14.2676
6.13367
14.2569
12.6538
10.7237
9.58348
8.35607
6.67699
12.7256
14.1989
13.8643
14.6946
13.2551
6.62836
12.9673
5.46952
9.1055
14.7638
12.2519
12.061
9.53945
12.2872
12.9976
13.7694
10.3131
13.7842
11.6462
14.0347
14.2175
10.4441
4.99516
10.1143
5.45087
12.9858
11.2584
5.56963
4.70044
11.7653
10.4975
10.3326
12.543
9.88756
11.9223
6.00867
12.52
13.9203
9.98338
13.6992
8.1313
8.52783
12.7025
14.882
14.9276
11.5425
9.49799
13.0865
12.6615
10.076
10.8807
14.1081
9.38814
12.0113
7.93377
14.1148
14.0593
14.7147
14.0167
13.5139
8.90502
14.2436
12.5045
11.2273
13.5312
8.76847
8.52893
14.2506
14.8289
9.60678
14.9914
9.8365
8.32035
8.40183
9.68477
14.0987
13.2539
11.953
8.96351
11.1516
9.07722
5.92307
9.2376
12.0874
14.086
11.1108
11.4221
10.2034
11.9198
10.5704
14.7636
11.4683
9.01821
5.60783
14.6019
9.50561
13.5555
12.7108
14.7081
11.6562
14.8191
14.2851
10.9748
14.476
11.1082
10.7321
14.6277
9.19692
14.7301
13.6152
9.02574
13.1966
10.2341
4.46929
9.7429
13.0989
11.3231
14.6189
8.11352
8.07305
5.10203
13.1571
10.1504
8.66467
9.37788
10.9063
14.2423
14.7661
12.7909
11.6741
13.3813
11.1344
12.0721
8.04343
5.66683
6.4961
12.3328
12.3202
9.06886
14.1567
14.0209
10.4642
14.2095
9.67262
11.0808
11.2683
9.29775
6.24282
6.05206
10.0358
14.361
6.32135
14.3985
10.918
13.2927
13.5754
13.6946
13.2394
5.53725
10.6938
9.98926
10.5103
13.1024
13.8941
10.8417
10.8694
14.9647
14.0557
12.648
9.76395
7.25112
11.4244
14.0766
14.1665
13.5901
5.24786
13.9718
6.44148
9.92144
13.1956
9.87498
13.283
13.5815
9.67298
5.99526
12.5672
11.6127
14.5542
10.9591
12.9847
12.3622
13.8243
8.37003
8.30731
9.19285
13.3947
10.7607
10.1033
8.41395
10.6423
13.7155
13.3356
12.3779
8.04551
10.3786
13.2116
14.6695
12.673
9.67476
14.9043
9.44324
10.6628
11.018
12.7844
7.762
10.0074
8.62171
9.82057
9.77074
10.8126
11.5978
13.3405
11.6049
13.1988
13.4085
8.633
14.7079
8.83208
10.1963
14.8177
14.4563
14.2324
11.7399
9.96779
6.0505
13.8529
9.00393
14.9351
11.4302
12.7611
12.9581
12.4997
13.8598
12.059
12.3997
8.53253
4.24565
8.77571
6.44649
8.41541
13.1314
7.12295
6.13827
10.7435
10.4553
14.3815
12.2957
13.8595
11.8315
13.8423
10.9668
14.4786
5.96681
8.66567
14.1885
6.05467
10.9042
11.1901
12.3387
14.8666
12.5822
12.2128
11.3595
10.222
14.7511
11.0402
10.3713
12.0527
9.00089
11.6398
7.48694
14.1814
6.26888
9.89929
6.17175
11.2343
5.09664
10.7893
11.6531
12.0948
11.5069
14.5254
14.3185
6.53572
6.2864
12.5228
9.44304
9.66699
12.9525
14.4904
14.6006
7.40492
13.31
13.3103
13.5084
13.5174
12.9144
14.2075
14.3265
11.119
13.769
9.65891
5.82243
10.3075
12.5242
5.98628
6.56968
10.9335
13.5468
8.51692
13.416
10.4704
9.73589
4.73808
6.54769
10.6282
14.8896
7.06467
14.6375
12.2648
8.07115
12.2128
5.75669
5.44024
14.1655
8.77336
12.7273
10.6687
5.90146
4.79823
13.7719
13.4718
12.129
9.46579
6.32436
14.2639
8.96172
11.7344
14.2023
12.665
14.2964
14.1749
13.7541
5.60805
11.7794
12.8162
10.2288
11.4698
14.2099
12.9415
7.57725
9.03544
10.9133
10.0656
11.6954
10.3049
9.11811
14.3249
14.0836
10.9535
9.98502
8.44929
8.51943
14.7299
13.3789
12.4285
14.1776
12.0207
5.87001
12.985
12.6001
13.9702
5.41209
9.86784
13.6183
13.0754
9.70758
12.3711
7.91445
13.2031
9.62868
11.884
12.8056
4.74561
12.8924
13.6233
4.74192
14.4759
7.75721
13.4058
12.8982
11.8052
8.9002
6.55885
6.08353
10.0251
4.65789
14.6433
8.60673
10.7955
13.9036
8.02499
13.1223
11.7077
8.71241
10.5547
8.7972
12.7511
6.36192
10.9136
9.22164
9.75222
6.15689
9.42128
12.8015
12.419
11.0633
13.8689
11.8849
14.7064
13.0362
9.66963
8.6413
5.94581
12.0051
14.2687
12.0335
7.99884
9.90842
9.93321
6.92991
13.4704
7.57791
8.99523
11.2319
7.13582
13.2428
7.16865
13.8945
5.2066
10.7058
7.14509
6.20882
8.81014
12.649
9.02559
13.8829
5.64058
14.4925
5.23364
4.80683
12.531
13.1629
13.2716
13.1129
9.74266
9.84262
11.8849
12.5195
10.4048
11.5463
14.3413
10.3858
11.7829
10.8181
13.6522
8.33779
12.7918
14.9554
9.02343
13.1157
14.5881
10.5676
11.5944
12.4859
6.02322
12.5486
11.8412
12.3549
12.0729
6.8026
12.6701
7.4525
14.4172
6.6824
11.9511
12.9987
9.68894
12.0186
14.0387
6.16517
9.67731
10.4723
10.8444
12.0498
11.4249
13.857
13.1931
13.5479
8.09529
9.84486
6.19635
8.44789
10.4944
4.75065
8.60715
13.9753
4.7964
9.88327
9.78426
10.2254
13.9141
9.93047
9.82746
10.1112
9.71695
12.7138
8.74062
9.95401
10.436
13.9271
11.1986
13.8966
11.2272
7.51941
6.09521
14.8329
14.6372
5.5003
13.6962
14.209
13.2116
11.3123
10.9268
13.9739
12.7962
14.2875
8.74448
7.19595
14.0159
14.2365
14.1192
9.26969
14.458
14.0853
13.4034
13.052
6.33254
9.798
9.63957
14.5278
13.4515
14.8612
13.1589
11.2928
11.4866
12.6736
6.90305
11.0815
5.25409
8.85334
10.4489
10.1393
13.3683
9.72404
13.9906
11.6813
12.436
10.8506
6.48694
11.6112
13.4178
9.7387
13.9456
14.6934
14.0631
6.59575
9.33342
8.70345
8.39581
14.3309
8.54169
14.6582
14.8194
14.5335
7.71797
4.64279
13.3607
7.43033
12.0373
14.1438
10.4791
10.0879
9.19026
11.0548
13.3892
12.0987
10.7091
14.6896
14.297
12.7357
14.6537
13.7274
13.9035
9.07082
9.81267
8.40079
12.4464
10.1711
8.59068
10.6537
8.02997
13.7934
5.69907
10.6306
10.0407
11.4939
14.1634
12.7665
8.05881
12.9477
9.4121
8.17939
10.541
9.11983
14.1378
13.8427
13.1589
14.7133
8.99536
5.09492
13.7896
11.5115
11.4623
9.33796
10.0895
9.11331
13.9865
11.7886
9.88715
10.8968
13.3761
12.3924
13.1476
14.9848
9.14242
14.1658
8.5674
8.88067
14.2463
8.30734
9.5176
13.3318
12.9387
12.9447
13.8258
10.302
12.5709
9.69314
12.3506
13.721
14.3637
13.2306
13.8614
13.9239
12.6772
13.7107
12.607
13.8799
10.8103
13.4957
12.9759
10.5303
14.7569
13.293
14.6685
9.83827
12.3465
11.6844
9.73319
13.5567
14.7858
11.5554
12.4711
7.05091
13.8641
14.5635
13.5302
6.64391
10.4613
13.1057
12.8758
11.0684
10.8155
12.1358
8.02063
9.60098
8.82895
7.39386
14.3509
13.8916
11.0417
13.0165
11.7821
14.8067
12.1623
14.7902
9.83896
11.6741
10.5758
6.09642
9.55509
10.3811
6.45803
10.1888
10.9579
10.0284
14.1912
11.6041
5.37343
14.3593
11.5069
6.7034
13.161
14.1398
12.4059
14.565
14.0117
9.54517
13.0057
12.8971
14.9607
13.0831
12.3903
8.12902
10.3342
11.8752
14.528
14.2512
9.28694
14.3187
8.86858
11.8664
8.14061
13.0404
9.48841
12.7798
11.2266
5.34254
8.69115
6.05387
12.1637
13.7785
12.9728
11.9834
14.1791
5.29893
9.88638
12.1678
5.81946
12.2959
13.7293
10.8367
8.68143
12.6819
4.56531
9.93139
14.3417
13.7575
10.0199
10.9411
10.8984
14.4312
14.493
14.3521
10.7325
11.4184
8.63111
12.0947
9.56052
13.4688
4.89409
12.0587
12.2156
8.33593
11.41
13.4715
8.4106
8.4356
12.5125
14.1909
8.79088
8.51212
13.5132
10.3877
10.4416
12.2786
13.0902
13.2891
13.4147
9.30178
13.7709
10.5003
10.3542
11.8397
14.1833
7.37564
7.08249
6.30933
12.2589
5.61229
10.363
13.5951
10.0088
12.9204
7.78588
13.9467
7.71718
10.3643
13.468
9.28229
12.4214
9.67131
14.192
10.2225
11.756
8.52885
13.1943
13.8306
10.227
10.9441
12.7884
11.473
14.3515
14.5737
12.5247
13.3004
6.37792
10.1183
12.3661
12.1028
9.99743
6.23181
14.615
13.871
11.7502
12.9331
14.6168
8.38975
12.0068
10.115
10.7793
9.4542
9.5337
9.00636
10.2989
14.3057
12.956
12.6711
9.32946
5.12885
12.2374
9.74883
5.75293
14.8212
5.93694
11.9238
14.7832
12.0357
6.59105
14.658
7.43576
7.55055
12.1036
10.4767
13.8647
10.4542
5.79861
12.0788
13.3608
8.88305
5.70364
11.0665
6.26416
5.84276
13.7901
14.3062
10.5627
8.69252
12.2467
10.0633
11.9363
11.9582
10.4553
12.3933
12.6509
13.8435
12.202
14.933
11.3181
9.73355
6.58452
6.27193
9.50419
12.4206
9.06132
11.0793
11.4234
13.0878
5.5758
11.7237
12.4475
10.8612
5.59814
14.4566
12.1124
14.9611
14.7074
12.9425
13.3024
14.9559
11.9329
10.9016
12.5433
10.6048
8.71493
14.1429
12.3001
13.9317
6.39815
6.80467
10.0995
11.701
11.736
10.1451
9.60949
6.12304
8.37806
14.9596
9.83182
5.15274
8.58532
12.976
14.1332
14.361
13.1434
10.752
8.48558
5.99173
8.54726
12.7367
14.4141
8.61165
10.4874
14.7462
14.4375
5.44414
4.32084
11.9387
12.0629
11.7333
13.0694
9.64581
14.0348
11.2489
9.51901
10.2779
10.1488
10.7136
12.0028
8.63662
7.14425
12.1221
11.6857
13.7575
10.0256
6.39057
13.2069
12.5875
12.1254
9.54245
11.5729
10.952
11.5709
14.9204
10.1847
9.64011
11.6066
10.1393
9.42358
11.2023
6.3011
9.78136
9.6778
14.407
13.409
14.5608
8.72133
9.30913
10.8862
10.462
12.9434
11.4708
6.08181
10.0833
6.89416
13.4106
11.9638
12.6392
5.57575
9.0545
12.9726
11.2016
6.40071
9.58689
9.04628
12.9295
14.2163
13.8053
10.2484
13.2149
7.95334
13.4099
11.387
5.46928
11.7394
7.77431
8.59116
9.80417
6.21731
11.9923
12.4017
14.4408
13.6664
10.563
13.8097
8.51887
6.09477
13.1331
8.91805
12.0018
12.1176
6.68725
10.6077
12.1176
6.2281
10.7855
11.9086
13.537
12.8947
5.13524
12.2939
10.3204
10.1122
8.34941
12.7023
11.2635
14.9322
13.2303
11.5369
8.14262
6.38541
9.27425
12.9881
12.2741
9.44674
6.19481
4.27174
14.8134
14.7392
6.70525
14.6525
11.1023
10.42
10.2378
11.366
8.6242
6.10551
9.52356
8.13669
13.4961
9.06895
9.13565
14.5726
13.1432
6.43385
9.38166
12.6397
13.8312
13.9168
6.39875
14.8705
8.9852
5.59994
9.39497
12.7671
13.5056
10.7949
8.9271
8.53029
9.46119
10.0013
14.8298
14.0486
6.52124
11.3686
13.0723
12.8486
12.4522
13.489
8.57564
8.92914
6.68354
10.8214
8.30802
12.8675
9.81172
6.15049
4.45744
12.3532
13.3518
14.3805
10.018
11.6934
10.0737
13.4198
11.1834
13.9578
10.8701
12.5567
5.47319
12.9782
8.8562
5.26576
9.89429
14.2101
10.8358
14.4118
10.9106
11.3403
11.5699
6.17097
8.38782
13.7278
9.38563
5.23121
9.82059
10.6488
13.8897
13.4438
12.8264
8.82112
14.7929
6.36246
8.09199
11.7397
10.8016
12.996
5.71665
10.5375
10.3549
11.8136
9.83667
10.2824
12.8099
10.9473
14.1977
11.4474
14.3144
10.9592
13.0743
12.1312
13.5998
8.55686
9.85075
10.4902
13.3715
10.3022
12.569
12.0172
9.73846
13.2759
14.1223
13.8514
10.6646
14.893
12.0907
10.2995
9.99729
5.86264
10.2801
14.5979
11.3135
8.67309
10.1416
8.28499
9.4414
11.0953
14.0141
14.3815
10.7066
10.3631
6.12246
10.4945
6.0167
7.67588
6.34909
6.89153
9.45381
5.46269
14.9625
13.1603
10.2931
6.96559
7.67808
5.49646
6.44459
5.62642
14.6063
12.4633
11.475
12.2496
8.81164
14.4825
9.52428
13.6017
9.92341
9.49158
12.7117
6.07365
13.5795
10.0046
13.1911
13.516
8.80628
13.5686
5.7784
12.1788
9.24262
12.5921
13.7233
10.046
10.5181
8.7421
12.8189
7.62372
6.11642
14.5379
14.8043
7.34297
10.0277
9.43697
14.3276
13.9446
13.2318
13.2826
12.2935
5.90083
13.8316
13.4475
10.9652
12.0917
14.4174
10.9727
13.5425
9.95506
14.1785
12.0156
9.64475
12.9735
7.07016
11.6765
10.1496
14.6034
9.6016
12.0312
14.7922
6.11503
10.7666
8.62492
13.1768
8.65245
12.5237
12.0914
10.1363
14.2131
10.7273
9.71464
10.7698
9.24472
14.2618
12.1637
14.191
10.042
13.5596
13.0049
14.7076
11.3732
11.2836
6.25367
4.34949
12.5271
12.0326
9.30741
14.0175
10.4674
6.81388
11.7389
6.61521
14.1289
8.97876
6.42017
14.6574
9.09084
10.1651
5.77978
12.7838
14.7247
14.5753
11.3098
6.84966
13.7709
8.51979
11.1899
8.63895
11.9765
11.9133
10.4016
13.6926
14.2019
12.2522
14.689
12.1471
12.9018
10.5499
9.89476
11.2615
11.3259
13.0652
11.6134
12.5617
11.8602
5.80623
7.12092
10.1862
11.8131
14.6598
14.3001
14.5083
11.4973
11.1095
8.24192
14.9755
14.1671
11.6641
14.3947
14.597
11.7374
8.86411
5.82667
10.1303
11.1237
12.3636
13.861
14.5154
11.6438
12.9255
14.7068
13.3174
10.4998
8.70764
12.5797
6.34459
8.30343
11.6351
10.335
8.33041
10.893
10.7343
11.0584
7.36162
11.0934
13.2327
12.88
12.5771
10.6533
5.72526
13.2359
12.9747
13.6243
6.1029
10.2551
8.44363
12.5973
8.86015
14.2323
11.8409
5.92337
14.0193
8.79202
11.024
7.7208
9.64064
14.4992
11.1468
13.9502
14.0659
6.69822
13.6972
9.00214
12.2193
14.7867
11.4481
14.6702
11.8437
9.12309
14.5359
14.011
6.14993
8.56233
13.6109
13.9543
6.58509
14.176
13.3035
12.5518
8.21279
8.65359
14.6321
10.7598
13.0615
11.7469
10.2483
10.2329
13.7356
8.95789
6.70375
12.7413
14.8042
6.0103
14.9191
4.84445
13.3601
14.0089
10.4963
8.58109
12.0339
14.067
8.90036
13.4359
14.8853
10.9846
5.4892
4.94512
5.54493
14.6582
13.508
14.8569
12.908
7.10697
10.936
8.60926
12.583
9.00212
5.99272
6.84589
10.3595
10.7151
13.8925
14.8214
14.0998
13.5124
13.9466
14.388
14.7969
9.53019
5.78723
8.77727
4.3714
12.6388
11.8999
14.3288
8.99353
8.64823
12.4577
11.8679
5.53622
4.22313
14.9675
10.1887
14.5682
11.0399
12.7805
13.3534
9.13192
10.9406
11.715
7.62943
11.1145
14.3465
12.2772
14.4804
14.3275
8.5803
13.6888
13.8937
14.1676
10.6256
12.5779
8.87999
9.69458
10.6964
11.2138
13.1933
14.2194
14.8541
11.0956
13.3977
10.5873
9.8009
5.34439
13.4097
8.98209
4.5789
9.66739
12.5941
14.7601
7.01409
14.2678
9.71362
5.92719
10.046
9.65282
8.49429
14.3111
8.65662
10.0605
10.6585
12.8768
9.27602
10.3609
14.228
14.9741
14.1459
12.0704
12.8122
6.27187
10.1388
11.0293
14.2114
10.2859
5.83923
13.1322
13.3358
12.8522
14.3985
12.6618
14.5031
9.10181
6.38087
12.6195
9.81996
12.2308
11.7296
13.9646
8.47297
9.22254
9.50518
13.4065
12.2788
12.149
9.55045
11.9105
6.93726
9.99886
9.05033
4.72626
4.66721
9.37263
4.64593
14.9224
10.3344
14.1686
12.893
12.637
13.1061
11.388
14.1864
8.61296
5.81519
8.65217
14.6335
11.0651
4.38994
6.00987
10.5701
13.846
9.78412
8.58168
10.0075
14.8535
10.2999
12.1331
6.14265
14.5434
14.9623
14.7802
10.3752
8.48013
13.4546
11.4064
6.44095
5.41856
13.8952
11.3629
5.94992
13.2064
9.27888
11.3521
14.7879
8.71079
14.3362
10.6702
12.5019
14.6709
11.6286
13.9176
11.3548
8.97547
10.694
4.38103
9.86388
11.536
11.9586
9.39016
7.26916
9.8438
14.4061
14.8965
10.3885
9.87628
11.4552
5.80199
9.29468
8.9042
8.91872
9.39163
8.51654
11.1458
12.8728
14.6116
5.55839
13.1782
5.41046
13.9143
5.91983
14.7032
14.3761
13.5158
14.55
14.2583
11.4103
13.0219
12.056
10.3778
11.2114
14.1425
5.76708
14.6364
13.5343
4.37779
8.88
9.2479
7.1492
5.24943
10.6108
14.7542
9.93876
12.0369
10.1066
14.2765
14.2813
11.433
6.19114
14.3636
9.98783
9.58198
12.5693
13.9089
6.55244
7.53708
13.3318
9.10712
12.8736
13.0389
11.4353
14.2195
12.0466
5.71669
8.92712
9.71878
4.94747
12.7316
14.5129
9.51466
10.397
5.22834
13.1408
10.6741
10.9988
4.40295
5.6748
10.292
6.208
10.5241
14.0039
14.0318
11.0149
8.71305
11.5178
9.69059
9.08621
7.8164
12.1439
5.47667
8.64376
6.23433
14.144
11.3306
13.4517
13.5736
5.99401
8.27536
9.93415
8.84325
8.7549
9.96793
13.7141
9.24621
14.657
5.4461
14.6805
13.0093
14.2799
11.2558
10.2605
12.3996
13.0977
10.2556
12.8018
11.904
11.1134
5.32242
10.6359
11.3709
13.1966
13.3719
5.09191
14.4156
10.3772
6.82548
14.3243
10.3674
11.5454
10.8362
13.4301
8.35969
10.1924
9.82499
8.08995
9.51223
8.70623
8.97168
8.3547
14.7252
9.27376
9.48105
4.91503
10.7485
13.9019
13.8691
13.0068
14.656
11.1007
12.3879
9.75944
6.17074
11.6462
10.8147
13.1273
10.5108
13.6568
14.2451
13.2335
10.7903
10.8305
10.9489
12.9231
14.1735
6.12034
9.32862
13.138
13.0329
8.65752
14.5838
13.0066
12.3091
12.5583
11.1752
14.7809
8.75876
14.4186
14.7468
10.3517
14.1862
13.8183
14.8758
6.63677
8.53572
7.68527
14.7618
6.03746
14.3487
5.29351
4.74138
12.6591
12.4833
10.7335
13.5973
10.0616
12.1929
8.53266
5.05991
10.1567
12.7448
10.8437
9.38843
11.5555
10.0006
10.4115
12.8354
14.5668
14.687
12.4844
9.79166
9.89652
14.8135
11.8858
8.48035
10.2561
10.3984
6.23353
4.09489
10.0637
13.6252
10.2601
12.749
9.33141
14.9073
10.1924
10.2992
10.1717
10.4069
7.82983
14.8969
12.1869
3.83075
5.25327
14.2671
13.6959
13.3362
10.4098
13.4057
10.5968
8.78345
10.1489
12.1164
14.8074
14.4249
6.7634
14.6842
6.76339
8.98445
14.9533
13.4571
8.15073
13.0096
14.5288
11.9267
11.8747
11.3308
13.2651
14.2004
11.8178
13.9702
13.038
8.85356
10.419
10.9126
12.1676
10.9824
14.7625
5.95667
13.5263
11.3047
10.1146
11.1308
9.22174
6.95475
5.85666
5.31386
14.6
11.7461
14.588
14.1123
11.3689
12.6625
9.57106
7.15086
10.4421
13.7732
13.6613
13.2145
14.994
9.53139
13.506
13.6601
9.4153
6.43753
6.91701
13.3322
8.65348
14.7397
12.5418
10.6641
8.72528
11.2257
10.0897
11.3393
9.83718
4.70332
8.5671
12.339
12.2436
12.9201
7.03247
12.2467
9.33954
13.846
6.41057
12.5825
8.03001
12.181
11.6504
9.00928
6.17897
13.7165
6.02122
10.7045
12.8618
7.07619
13.7366
8.83115
12.8891
8.87657
7.38651
5.75878
4.53499
11.4168
13.0869
10.0619
11.3142
13.3091
13.0032
10.1249
12.2264
12.5429
11.2336
12.406
10.6205
11.4876
14.6525
10.062
9.69601
10.3669
10.7916
9.25977
13.4512
4.74544
11.7215
10.4441
13.021
9.38055
10.119
9.99977
13.672
6.02097
13.4281
8.09676
11.5662
14.6266
10.3248
12.5033
6.4517
14.8149
13.0292
5.42747
14.5262
14.6239
13.3756
14.1323
10.5633
12.861
7.30009
11.1849
14.9094
10.5068
6.17125
8.4604
14.1314
10.3055
6.21905
5.63959
11.8966
13.3959
7.69243
10.1953
9.67631
14.3962
12.6179
10.9365
9.1928
12.6682
10.0977
10.5047
10.5711
6.27888
11.7057
8.40036
10.909
11.8768
13.787
13.6111
10.8588
9.24214
12.2509
5.95055
14.7169
10.145
10.5006
12.3581
12.2355
14.5261
14.1863
8.51251
14.2207
14.7688
14.479
7.80611
10.051
6.1797
11.8599
13.4423
9.92594
11.0806
9.64149
13.2644
12.556
6.86325
10.1581
10.1807
10.4368
14.7409
9.14461
10.5476
11.0633
5.10962
11.1846
9.12467
10.5144
12.1831
5.66623
14.8441
12.7036
10.4329
14.5625
13.863
11.798
9.62703
9.69356
12.6838
14.6512
13.1979
12.3389
14.778
8.57166
10.6599
12.4368
8.5823
5.70734
14.2807
11.5367
11.948
12.3031
13.2732
9.24627
11.127
11.234
13.0301
11.021
11.9147
5.26882
4.62164
14.1512
14.6552
4.41071
7.53454
13.6754
12.9696
10.249
12.4761
14.6766
14.0332
6.97511
8.12941
5.28604
12.736
12.6231
14.086
13.1281
11.1149
11.4425
8.62812
9.47198
12.739
11.9157
10.3002
7.41342
8.37851
11.882
10.2581
14.8727
6.13204
13.8207
14.8039
14.0717
8.36508
8.64297
11.6467
11.5465
14.4206
12.3991
12.2009
7.61184
11.6126
14.0769
12.9258
14.7106
11.4342
6.46807
7.40148
10.5841
13.9698
10.8885
10.3149
11.2732
8.73456
8.78768
13.0759
14.9226
12.9346
10.2009
10.619
13.7019
9.69298
6.04542
8.63323
12.4056
6.1977
9.60854
5.63815
5.71923
14.443
11.2578
14.2509
13.2024
5.63426
10.4608
13.8568
14.4352
11.2427
12.3951
13.2247
14.7672
9.90935
9.94513
12.4658
5.76658
12.0309
4.42756
13.9766
7.40489
4.77999
13.345
12.7652
9.62298
11.3304
12.3044
7.99906
8.70856
13.5707
13.49
10.3832
13.2396
12.8619
13.4791
5.55614
9.81833
8.30987
11.4623
11.9163
13.4111
12.0924
12.2221
11.2699
14.431
9.52033
10.276
13.2642
12.4083
13.9733
12.9404
10.7097
11.6333
9.60385
9.46105
11.154
12.0707
14.348
14.7515
9.20341
8.93895
14.3337
14.3381
14.6419
11.8396
10.1572
10.5268
9.71234
6.15569
8.38309
14.3147
8.65994
6.16211
12.91
13.4336
9.9393
7.21077
8.90938
7.55715
14.9944
13.9079
12.0966
13.7016
7.70515
11.4738
8.77831
14.9879
14.0209
11.0058
10.069
11.9068
14.1697
10.7418
11.9678
11.6883
10.4698
5.73646
14.6861
13.4064
14.8032
14.9487
13.1886
12.3306
10
9.73118
6.16268
8.55361
5.28182
8.58323
8.62228
14.6567
9.69811
11.2638
14.3395
13.4945
7.76121
10.8145
12.1826
6.8129
12.1194
12.0642
10.307
13.9972
9.31133
13.0585
7.01083
9.89773
14.2058
13.2186
13.0268
13.2766
11.2843
10.3114
4.26331
14.849
12.5487
10.2446
10.2038
14.3415
14.2658
12.237
13.8044
13.2394
10.699
5.40049
7.26513
5.64429
13.3255
14.388
14.9419
13.5676
14.4784
14.8127
12.8176
13.098
6.23401
10.0298
11.8659
13.7332
10.7409
8.5637
14.1557
12.4944
10.3813
14.0123
12.7029
11.0709
9.8415
7.32786
6.36619
14.8634
14.8425
12.2234
7.20816
8.35696
13.1458
13.4968
10.2814
6.32934
6.83087
12.6647
9.0414
6.81616
12.5967
9.40208
8.79458
5.19892
13.9918
14.9426
9.813
9.99992
14.8637
9.72864
10.3433
11.6449
10.4275
10.6892
11.8077
5.60426
12.1607
13.4201
13.9026
13.1271
11.1054
14.6181
13.068
10.7175
13.0112
10.675
14.2553
10.9555
13.6641
14.9471
13.6579
13.6004
13.1227
10.335
13.8691
10.6366
11.2094
11.9312
6.52773
14.5776
12.3095
5.93527
11.0504
6.13741
14.7112
12.317
9.53712
10.0975
14.152
14.1191
6.67703
10.6141
5.15122
6.26912
10.5824
14.8548
13.8484
10.3593
11.3562
12.9518
12.7325
14.9082
10.3512
8.85582
13.9419
10.2958
10.9224
13.8122
9.27428
12.1647
9.88953
13.7486
7.25305
13.5602
12.9201
14.7063
14.4737
12.1225
11.4016
6.74111
9.34232
10.5766
8.73004
11.6956
10.8885
9.32978
12.6567
14.7499
11.6516
10.3724
14.755
6.04244
11.732
7.86741
14.9977
14.9464
14.7099
14.0926
12.2394
7.61956
8.6981
9.62454
12.2571
7.11317
9.20935
12.8794
13.9559
9.46362
10.0181
10.7991
14.4111
8.59305
12.58
12.4801
14.127
13.9209
14.5741
10.4589
13.1308
11.0458
14.9493
11.974
10.1719
4.64879
8.36426
10.6861
11.0405
12.0249
14.2096
10.5604
7.11678
9.93694
9.16332
13.4845
13.0046
14.1025
9.60233
14.5328
12.5639
11.7863
12.3697
12.5967
9.82655
8.55317
6.24128
11.6699
11.8599
12.2003
12.3948
9.61034
13.4136
10.3551
13.8867
12.1684
14.873
5.42688
9.36184
14.3833
8.41233
12.6502
10.0049
14.1803
5.83309
9.55466
10.6272
14.1056
8.12553
12.2634
12.6318
10.8894
9.1572
13.0254
13.2471
12.0731
6.04166
8.65252
9.81402
10.6022
14.9226
12.6558
7.83431
14.4838
9.89406
4.35225
14.5907
14.2122
6.87835
11.3979
14.5466
11.9674
14.5832
13.1597
8.22359
10.0021
14.8994
10.1002
12.3322
11.184
12.4434
14.448
10.6451
7.1798
10.9525
6.46498
13.7706
13.9203
14.3435
6.25754
10.5261
13.2492
11.8223
12.1514
13.3563
14.4263
8.93282
4.41845
5.26827
12.7897
14.0782
11.5569
6.91781
10.4625
13.4794
11.4858
13.2849
8.39566
14.9179
6.0638
9.99961
13.0099
6.014
11.8612
6.56545
10.158
8.47436
13.59
12.3594
8.42027
10.0868
8.50278
14.1669
6.94857
8.00024
10.9945
10.092
14.1854
14.6788
10.2602
13.9038
13.6705
4.43774
9.73485
12.672
11.811
5.6533
7.25526
10.4492
12.4893
13.8035
10.3334
11.2562
9.69584
11.0527
12.3155
5.08617
13.7118
10.7596
9.53956
7.63344
9.58861
13.7282
11.02
9.76043
12.4406
12.7339
4.33812
11.1184
13.6927
14.9542
12.7367
12.7512
14.0738
6.32303
14.6228
11.6703
12.546
8.52308
11.5246
10.8857
13.1824
10.7538
11.8668
10.1074
13.0669
9.55333
9.50624
10.5781
12.0063
9.58328
11.2214
6.11556
10.698
13.362
14.1804
14.2126
13.9885
12.4927
14.6264
12.4581
12.1376
10.8295
10.6467
12.5581
13.835
11.3212
11.5485
10.8348
13.2095
14.8355
11.4826
14.1192
8.04616
11.1426
5.31206
9.87922
9.24795
12.5926
14.5553
14.8937
13.3167
12.7295
14.2893
8.44065
8.47895
11.2357
11.8139
12.8958
11.7033
11.3395
14.9019
9.41928
10.2552
12.311
14.6215
9.5845
8.39199
11.3206
14.6435
12.0369
14.6824
12.1864
14.1918
10.9411
13.9388
13.155
13.6202
13.5919
10.585
9.99542
12.5875
9.74995
13.6276
14.3508
13.0504
12.0195
10.1349
11.3136
8.70692
12.2513
12.5646
13.8276
12.0207
13.5694
11.6516
6.80644
14.0636
11.4684
13.4452
13.4145
9.54129
11.3315
6.77101
10.7881
14.3987
11.8989
14.0679
14.3242
14.8416
10.6288
13.3584
13.3226
14.9638
11.7862
13.2114
13.202
8.96839
8.35001
8.75402
10.069
9.24154
10.3242
13.3567
14.0919
12.6475
5.88439
13.6081
11.8792
8.5537
14.5365
10.2401
6.65878
10.5201
14.2388
10.4429
11.5318
7.59662
13.0321
13.9556
14.4165
13.5421
14.6298
12.3905
13.5844
9.61102
11.5532
11.2003
11.1674
12.5957
13.1759
14.9462
14.5559
10.2344
12.3164
9.35919
10.6094
5.69646
13.3843
11.952
9.40367
8.16659
14.7426
14.5926
5.23379
12.8152
9.90166
12.5285
11.0975
12.5548
13.171
6.27381
8.13839
9.35143
12.41
14.4678
13.0983
9.17964
8.72088
14.5533
10.235
12.6376
10.2763
13.9681
5.48448
7.14843
13.4651
14.1434
14.3391
13.2572
10.8935
14.6829
14.2247
5.7927
6.87494
12.1123
10.4601
12.1121
12.8673
14.5633
10.9817
7.85333
7.75834
13.3857
10.6901
7.31403
9.37278
5.91188
11.6991
13.3393
8.7282
6.60637
8.90274
12.2193
8.93612
10.2739
14.2262
5.54998
7.0575
9.61846
11.9952
6.51038
11.2256
10.1306
11.8011
14.5899
7.25567
13.7857
13.0853
14.0659
11.8681
14.3697
10.415
12.04
12.7572
12.9646
11.7638
14.1151
8.76905
11.7787
14.8425
13.4499
8.06705
14.3283
6.29441
13.5086
8.55856
11.0544
8.41691
11.3857
13.3811
10.1698
13.6828
6.36734
10.6115
12.8689
13.7651
13.964
6.06515
9.82349
9.17792
11.0295
8.27207
13.375
10.4425
12.1969
9.33131
8.49241
10.3365
11.3349
13.6749
11.498
8.08465
10.8835
8.08292
7.07959
7.47905
10.6311
8.70113
13.8202
10.0222
6.6089
12.3529
10.8622
10.6335
11.9146
11.0887
12.7508
7.74988
5.86325
12.7739
12.0534
6.87512
9.943
5.10801
11.3068
4.52606
6.0412
11.661
11.0014
12.1348
8.24346
12.4871
9.34488
11.8735
14.5966
14.8999
12.3568
14.2745
11.0626
10.8381
14.103
9.03252
14.537
14.0885
5.76109
10.8435
14.2241
11.7859
5.43053
4.44611
14.1104
4.73378
6.99589
13.4003
13.1904
10.3441
12.5264
13.6619
13.4876
14.4191
13.7957
10.3594
14.5117
6.17204
9.92982
13.4439
6.1379
7.91822
9.55133
8.9446
11.8598
11.4938
4.70516
10.4013
7.77871
11.6533
12.8277
4.52036
10.9362
10.0796
12.5762
12.445
11.8741
9.20725
7.47345
14.2598
12.5751
13.6652
13.9412
14.0996
12.8906
6.29067
14.7864
12.5139
9.91341
14.7815
10.6716
14.6225
5.88761
8.73138
14.1396
12.8231
12.5649
6.26958
5.46631
10.0574
11.2066
8.61406
12.9302
10.2505
11.5171
13.0808
9.9122
8.30086
9.62716
14.3753
9.75087
8.65122
9.82294
14.3878
4.64402
12.0087
8.69377
9.85677
9.22518
6.15001
8.48447
12.9142
12.4243
13.7601
13.2045
11.8244
13.2309
10.1243
11.8209
9.73347
12.17
11.3779
8.45592
13.2672
12.3958
14.6947
13.0518
14.9348
8.06217
4.95336
6.76311
13.9366
10.8915
5.70736
12.3266
9.88996
13.6964
9.27446
9.86597
13.7262
7.82909
10.2107
10.1067
8.85948
7.02441
10.9808
9.75818
12.6759
14.5272
6.23215
10.1752
10.8523
14.4499
12.5214
10.5324
14.9397
8.11729
9.53753
10.126
13.4581
9.43589
12.764
9.95832
10.2819
8.29069
14.521
12.1915
9.18425
14.4186
13.5405
10.3923
10.4196
11.3803
13.9116
9.56492
12.4574
14.4415
13.2382
4.35133
10.1108
8.1433
11.2289
10.8298
12.7812
11.9027
5.18809
11.4496
13.4285
12.2046
11.5586
14.2062
14.208
10.4057
14.1659
10.7877
5.97482
9.8726
8.83143
5.81346
7.00671
9.64392
14.1386
9.51361
9.80469
12.8858
14.0571
11.9182
13.0194
10.3857
13.5515
7.8363
10.5259
14.0194
10.4769
10.709
11.3797
10.3584
12.0097
9.09196
7.03905
14.0735
8.0402
6.06022
14.4945
11.502
10.9286
12.4783
8.53888
12.2352
13.343
13.6662
14.8566
9.70302
12.2717
12.3394
12.188
10.5581
8.44946
11.8089
11.0819
12.9626
10.3786
12.0465
13.6937
6.43749
9.8796
8.54258
14.7428
6.0872
11.7072
12.4864
12.045
11.7919
9.42436
9.86448
13.7115
6.23277
13.3438
9.44649
4.93699
9.84837
13.6615
13.8763
8.8316
10.5524
10.8939
6.40914
12.3773
13.3741
7.43127
6.91897
10.6356
14.3234
6.14258
8.69699
6.06673
4.44866
10.2492
14.8349
13.9663
12.645
12.8653
10.3808
13.0286
12.124
11.8874
11.9651
11.4881
14.4056
6.49341
13.9744
5.30329
10.0666
11.3856
13.9902
11.0546
13.2972
14.1612
6.79732
11.3388
11.7486
11.6974
13.9204
11.019
13.7259
11.9387
10.3017
11.9053
6.43177
14.2584
10.0758
10.7168
6.26424
12.4298
9.72737
10.7009
12.0546
9.82036
12.4863
8.72305
10.6211
14.5698
6.15879
13.4648
8.77029
14.7261
14.3026
10.5144
12.2623
12.2296
13.8598
14.5773
10.029
10.6787
11.6379
9.91684
8.75743
11.7871
4.94226
8.91288
8.84552
14.5199
14.4376
7.73368
9.56082
12.52
10.3075
14.1147
12.6702
13.6076
7.65556
12.3155
10.6055
10.3609
9.94322
13.5008
10.4676
8.35411
6.31193
10.0528
5.25942
4.24411
12.6451
12.7048
4.46296
10.8173
13.0134
8.25857
10.4212
9.90965
13.2592
10.9238
13.8491
10.7968
14.1917
11.0403
12.4168
9.06798
13.5751
14.3214
9.56999
13.7146
11.5576
7.73933
10.8695
12.2883
14.8087
14.2654
6.02502
12.3845
8.23145
14.8315
6.07102
10.2961
11.7508
12.4896
10.5101
12.2594
13.7859
5.93202
9.32181
11.4371
12.2603
11.2863
6.12042
12.7
11.4837
10.8988
10.7905
14.6633
14.2848
8.81345
9.94744
14.4808
14.3095
6.23802
8.79215
13.1149
12.1758
13.3932
13.8105
9.63163
14.391
11.7325
10.9144
13.3844
13.9648
8.70613
13.4266
14.4683
13.5145
6.74794
12.3515
8.63234
9.68629
10.4988
12.2312
10.0881
14.4489
4.8999
14.3287
12.2574
10.4106
11.5644
11.6354
9.42428
9.77711
11.0943
11.0139
14.1337
10.793
10.1895
14.912
13.527
14.3789
12.9933
10.2255
10.4153
9.82401
13.8291
9.51718
5.57247
9.71113
12.7029
7.50749
11.0387
7.24711
12.2217
11.9066
10.7025
14.387
6.07715
11.1902
14.5566
9.70983
6.04065
14.1999
8.28103
9.42268
7.54132
9.94465
10.6369
8.85621
4.46668
13.0635
9.18849
11.0664
6.67407
7.40699
10.8861
12.2973
9.78128
12.1953
8.61269
11.2536
14.4838
11.4937
14.1427
14.2107
7.31052
10.2396
11.1761
13.151
7.47235
6.04498
14.1112
12.8535
14.5799
9.05643
11.7756
9.84601
12.5375
13.4503
11.3212
10.6999
9.62219
9.80313
5.51923
9.51721
13.9631
6.1493
9.46027
8.77407
9.93474
14.8874
14.5022
12.4046
10.5278
9.3605
12.6199
13.0691
13.6999
8.3894
14.3287
8.87244
8.45133
13.7301
10.3921
13.0356
9.91272
10.8051
12.9308
10.6087
7.34177
9.22847
9.85281
10.0934
13.0954
14.0523
8.41956
8.19105
10.2
13.2255
14.8087
7.56406
11.2398
14.3283
10.8941
14.5793
9.79508
11.1501
14.3682
12.099
14.1693
8.2772
5.41177
7.69846
9.27956
12.2091
13.5949
10.5713
10.7516
13.4914
10.8419
6.39343
14.1842
10.9629
13.0538
10.6545
9.42743
9.7852
7.914
11.3691
11.9361
12.3836
10.4327
13.4744
12.4058
14.3678
6.15649
10.4021
12.2563
9.11868
12.4873
11.8085
8.9756
3.59705
12.0839
5.8515
11.8814
13.2394
8.86877
4.65687
13.3809
11.851
14.6881
6.90048
14.7233
11.2829
11.0224
11.6129
10.2088
12.1848
12.8786
9.85131
13.9753
14.4625
10.4053
8.43833
10.382
11.5061
11.1975
14.8323
8.00328
6.02552
12.2422
12.7626
13.7674
5.07811
13.215
8.70744
4.72795
14.6384
10.2182
11.8522
12.5368
10.8751
9.84137
13.9153
8.44314
14.6313
12.278
13.5303
8.44086
12.0161
13.6975
11.1372
8.97875
12.9738
9.92616
