12.7613
9.63989
14.878
11.1004
9.09474
13.9136
5.87694
9.0647
8.45659
10.6129
13.9479
12.7505
11.2848
9.27837
12.3179
14.2101
9.5304
6.31321
9.01685
6.89775
13.8794
12.5139
10.8373
14.4578
11.2692
12.6488
14.8785
12.511
13.296
10.3864
12.8308
8.93326
7.83156
7.52798
11.7418
7.07561
10.1357
10.5824
12.5731
8.42716
11.1156
9.09822
4.81677
6.17868
12.2284
14.6157
14.4242
12.3036
11.9415
12.2249
10.5523
13.0479
11.9887
14.0651
10.8756
8.52009
10.0072
12.0081
14.5245
8.75587
14.2522
12.7922
11.4139
14.0522
11.1671
12.1055
11.7591
14.8763
9.73552
8.82241
12.3384
13.2269
14.0726
11.1768
11.2912
7.37911
14.1979
9.60856
10.9216
6.08153
10.5792
12.4832
12.2031
14.5487
13.1326
8.34462
7.47135
12.6913
14.4497
14.8898
14.1356
14.7886
14.1764
7.16283
13.8321
11.3072
14.6668
14.8466
14.9404
13.781
13.8218
11.495
11.7404
12.008
14.3225
14.4543
13.0262
8.96929
13.8621
11.4457
14.2597
10.8055
13.0184
14.1397
14.6474
13.6681
12.0714
12.481
14.0018
11.1787
6.15655
14.5386
12.1801
13.2482
13.8895
12.3559
9.09508
13.9598
13.9875
12.9371
13.9239
12.584
9.20239
8.81936
9.48665
11.473
11.3409
6.58421
7.7372
9.76143
12.1772
9.10817
8.9609
12.3741
5.91018
10.2348
11.2822
7.29539
12.8703
8.14788
13.2781
10.3199
12.7575
13.8985
9.82164
14.9973
13.8697
13.634
8.76004
12.3814
10.1503
9.80522
12.4289
10.0909
14.9511
13.1443
11.6513
13.8172
10.0304
11.1784
14.6442
14.3816
12.4891
13.5786
14.9075
13.9035
8.13428
14.7323
9.32236
14.7001
11.7927
10.3235
10.247
12.876
7.69513
10.5096
12.2322
9.84951
11.4272
14.8069
9.60257
9.33138
13.3508
11.6265
6.55808
9.87252
10.1403
13.483
13.8956
10.3236
12.1759
10.319
14.2408
10.88
12.7849
12.5124
12.9074
12.9501
14.193
11.6381
14.1345
11.5654
10.8291
14.7405
11.3757
12.9634
11.5728
12.2269
14.146
11.6112
11.8403
14.5751
11.6456
13.8989
8.84308
13.7672
12.9064
11.0105
11.4075
12.6114
13.1715
6.49989
9.12997
13.8813
13.8284
11.1492
11.3776
11.8874
13.5524
14.1558
5.39153
9.58909
8.50452
11.1644
6.25201
10.8263
5.94383
5.06458
13.7292
10.2837
10.8174
9.37274
12.7659
10.0764
8.09793
11.3307
5.86545
14.6073
14.2141
13.3986
8.50464
11.4696
14.1474
10.3252
6.68694
12.2827
10.4579
9.25809
12.9204
10.2482
10.4359
11.7983
13.982
14.3985
12.8655
11.5445
9.50573
8.53634
9.38543
5.53208
7.80665
12.6325
7.52691
3.76796
5.92934
5.25837
11.8355
8.31824
14.0148
8.75301
13.9751
14.2486
8.75575
7.27699
11.3743
11.767
12.4923
12.1339
8.63679
14.4104
14.3699
11.897
14.2115
12.3501
10.9496
11.2712
6.13116
13.6972
11.0858
7.68737
12.0691
10.0908
9.13233
8.05113
9.48221
10.8493
9.45726
14.1021
12.1753
14.8619
12.1571
8.13485
6.41211
14.2334
10.528
14.5725
14.199
14.5902
13.1424
14.8853
13.4911
12.4264
10.1298
5.28667
13.7681
8.46554
14.1258
7.8828
10.5242
11.5843
12.7269
5.83553
5.22114
13.5106
14.0158
12.2905
11.9828
13.1538
5.9407
14.1573
11.4362
8.92534
10.2865
13.2425
14.806
13.5491
10.882
11.9038
13.0278
12.1102
10.2154
9.53888
10.2816
6.66717
6.48137
7.68434
14.8195
14.9882
13.7122
9.83661
14.8619
13.0164
12.9472
7.23245
14.7283
6.51567
4.88917
8.33382
14.7711
13.1229
12.9817
10.3979
6.87193
12.9645
11.5832
5.87737
9.42317
10.0342
5.2908
9.48368
11.664
8.85921
14.5605
13.9827
10.6864
10.9997
14.2331
11.2384
14.48
9.93416
12.7551
11.1871
11.7034
13.9935
13.744
5.10394
9.95256
13.1957
14.9505
14.5919
14.9229
7.03025
9.94497
11.7627
12.133
9.0356
7.54758
10.4865
13.2524
13.2959
14.9953
11.5539
13.5605
13.9431
13.709
8.35239
8.32839
13.0572
12.4241
8.91194
7.41332
10.3055
11.1823
12.3646
14.0869
12.431
11.1604
9.09107
8.77473
12.6655
13.5555
11.8102
14.1361
8.95709
13.8592
6.53313
11.1563
10.3903
13.1815
11.6771
8.06152
8.08957
14.8199
9.95191
13.9763
11.6826
11.4451
13.3485
14.1146
10.9765
10.9336
6.44012
13.581
13.3884
9.34849
14.1315
12.2784
12.3531
11.6997
4.91856
13.5904
10.5609
12.8356
11.9896
13.8681
10.4444
7.45407
10.7967
13.5922
12.9587
8.59378
11.1923
14.143
14.0112
14.6643
14.1204
11.3912
11.0118
11.4818
6.04252
9.16813
13.1783
5.97479
11.2982
11.9383
12.9662
8.64801
14.397
10.8373
10.5516
12.3002
9.96052
14.9976
7.71746
11.4357
13.0628
12.5279
14.1824
13.7303
11.2519
11.16
12.046
10.5833
14.8838
8.00057
11.7993
11.2511
11.7634
13.0301
8.2825
8.55832
11.1767
9.17405
8.89543
11.6242
9.10312
5.80782
9.11804
13.3591
12.5123
10.1695
10.9836
7.8736
12.6331
12.8086
13.5195
10.4603
8.4877
14.3378
8.91742
14.503
10.0609
6.79417
11.119
12.4435
5.85554
13.116
13.0676
8.90279
10.5563
8.39895
13.5593
13.0394
12.0571
10.7908
8.37144
14.2388
9.74881
6.40334
10.2393
4.92221
8.68755
12.0482
14.8825
11.9293
11.3667
13.5483
5.61168
12.3028
12.2924
10.6055
14.0733
12.6729
13.5904
12.8446
5.2482
8.65366
11.9921
14.8041
14.6152
9.08461
14.3371
6.88037
8.70053
14.6234
14.3673
14.9699
12.5743
10.3847
8.44084
14.892
14.2061
12.9108
9.43798
6.12221
13.6637
8.99987
13.9899
8.59139
8.79363
10.4572
12.0816
14.5859
12.2357
13.7302
13.4067
9.95835
12.2056
12.3751
11.7085
10.0974
10.4093
13.167
13.8533
9.28521
13.014
8.13363
14.0125
10.413
13.2236
10.2918
13.2873
5.90705
12.3455
9.95421
11.1162
6.20709
11.2106
13.4717
12.2312
11.9881
9.42897
9.59045
13.8934
10.3568
13.8112
12.2074
14.969
14.5235
8.24838
10.9127
5.64652
10.0579
11.4321
12.8208
12.3973
12.4874
14.2761
9.49614
11.1887
13.337
11.9017
13.57
8.51117
8.77644
13.4414
13.781
12.8887
14.5962
13.1414
13.3298
10.7475
13.0183
13.8075
11.9769
14.9884
6.869
14.1524
6.96851
10.6559
13.6866
12.3654
6.23164
11.7404
14.2658
10.3007
14.3295
10.4476
8.48566
13.7221
7.8651
12.4139
11.496
14.4334
11.7376
10.6591
13.1518
10.3486
13.191
6.66364
10.5263
8.16368
12.0981
9.18485
12.8134
10.6179
11.0509
14.858
10.9991
10.9456
10.9834
8.15059
13.0885
9.90252
14.7198
11.6634
10.5307
7.53474
11.3573
12.7481
10.0003
13.9962
14.2557
11.7609
13.7633
13.9305
12.2967
12.0978
5.19329
14.4747
11.7629
12.8003
8.99578
14.3126
13.9195
12.6672
10.012
10.8438
8.1546
14.2417
12.2711
14.0523
13.5336
12.7324
13.9183
6.02344
11.0459
12.0492
14.7729
14.1334
9.844
14.3457
10.5504
9.5271
12.5273
11.8469
13.048
5.65701
8.70577
7.86107
9.50161
13.5457
8.43919
13.7219
10.8236
12.781
3.96063
7.06565
9.95873
11.8691
11.8476
12.6383
11.5337
9.54651
10.5511
13.2549
12.7877
11.0559
10.0475
10.9295
6.37197
14.4208
14.2816
13.7832
14.1991
7.5302
13.9229
13.7289
13.4539
14.7551
11.6052
12.7603
10.7201
10.6527
11.4106
12.3047
8.16313
11.8627
11.246
14.6671
13.85
11.8097
8.17724
13.5269
14.2469
5.79697
10.1215
14.2165
13.6874
6.89196
8.21914
13.9369
8.43552
10.3388
5.82184
13.36
12.4226
12.4509
9.69384
6.01774
12.9766
13.6449
12.2728
9.8036
12.215
8.56459
12.2906
8.81167
9.39696
7.49875
6.79561
7.94852
13.9257
14.766
7.72346
5.81791
11.391
11.8184
13.2257
11.5501
6.24244
6.16338
13.95
13.5546
12.312
9.6252
14.1001
14.8236
11.825
11.321
14.8254
8.01314
10.219
4.13115
8.05668
14.5519
9.96076
12.9033
7.09672
12.4524
7.77862
6.05769
12.163
9.81355
12.8028
9.44197
10.1587
9.88786
13.54
12.1482
10.0467
12.6891
12.8966
10.4137
8.61928
9.13802
11.5182
13.4925
11.3288
14.2916
13.3242
9.00293
8.74713
11.2821
13.0702
11.25
10.0522
7.01048
11.5258
10.2106
13.4348
12.2648
8.72231
9.20325
11.135
12.7599
14.5165
5.63568
4.05542
12.9057
11.9809
13.4304
11.2712
10.1064
11.6488
14.6072
8.77684
14.4327
10.6735
14.2629
9.49179
8.84191
14.3287
8.69154
10.9235
13.3834
7.1441
11.5471
14.415
14.3389
10.0844
13.9753
13.877
13.3478
11.321
13.3844
11.5852
12.8745
7.31651
5.31284
6.39913
14.027
13.2184
9.98092
12.2734
13.006
12.1196
10.4543
13.1001
10.061
11.724
11.1004
13.7912
9.85991
11.8015
9.93724
14.9479
14.3498
12.2113
12.4636
11.4925
14.2752
6.37951
12.7904
7.42175
10.8064
10.3691
11.7845
6.05282
5.89685
14.6495
9.40533
10.3904
11.9244
9.83021
12.8598
6.06926
11.6589
12.7516
8.3745
14.4024
12.1181
14.051
10.2418
13.7269
5.99558
11.9606
10.5664
10.5325
14.9954
13.4967
11.8375
12.3552
9.73193
14.1934
12.7707
6.78331
10.5695
10.47
10.0649
10.8382
5.89456
4.07706
10.8635
8.75105
5.74109
10.5602
14.5574
5.12859
13.4546
9.87371
11.6158
13.5417
9.02635
8.16818
12.7456
6.0223
7.60613
10.7952
14.9842
14.3542
10.9512
6.26383
8.42809
9.78031
8.65686
14.3515
12.2493
6.15133
14.2039
9.78304
8.66724
8.59146
14.1598
13.6183
7.98928
12.9292
6.22731
9.50411
14.144
12.9308
13.1313
11.1987
3.99451
14.0457
12.2591
11.5054
7.26535
4.80604
12.4953
14.1999
7.50862
4.91841
9.75699
5.47031
14.3827
9.07494
4.44596
7.53501
11.4475
13.828
14.0825
13.2862
14.1862
13.4778
8.96221
14.109
14.9688
11.1443
11.3043
11.2623
11.2484
14.6005
8.23336
6.64365
9.99985
12.1093
12.9327
13.1467
14.5153
11.4249
12.8432
10.5259
13.7299
13.4736
5.21523
10.8223
10.7105
14.2288
6.39153
11.0868
12.2553
12.2881
12.5463
13.8497
14.7071
9.80989
14.9667
13.8981
7.97902
8.52362
12.4562
7.92547
12.071
12.3535
4.60972
14.1549
8.4851
10.7131
10.5886
6.88258
13.6298
10.0289
10.9613
14.857
11.2057
13.7175
10.2609
11.5054
13.9667
12.9061
13.4529
14.2325
11.4516
14.7093
13.062
10.9606
13.2566
8.85246
12.1143
13.7725
7.47365
9.11187
14.9062
11.5964
11.5992
14.1054
13.7961
14.5291
11.5102
11.0997
12.4134
13.9881
9.26971
6.56262
10.5723
14.9439
14.6602
10.4034
13.3736
13.0948
12.7365
10.0282
6.09503
8.71768
5.47002
5.98072
11.2654
11.2832
14.8187
4.42903
13.6841
10.8007
11.6431
12.3451
12.709
14.7865
8.27613
5.83265
12.067
14.1763
9.70886
8.31658
11.9017
13.8399
12.3113
11.8963
11.9043
5.0514
13.1816
10.7849
13.747
9.77762
14.6186
8.97258
8.23523
9.50052
8.83579
10.1201
14.1285
9.0588
8.47292
14.4541
7.80719
10.4027
11.9416
13.8175
11.2998
8.33307
10.0125
7.77866
14.9664
14.5318
9.29517
14.1633
13.5276
14.4809
11.8794
12.2251
10.741
12.7068
11.3347
8.97291
14.5904
12.1341
7.90159
8.5412
12.3936
10.295
14.8815
14.8734
13.1506
11.4645
12.3376
6.31772
14.9948
11.2189
12.1895
6.11798
13.6395
11.2973
11.5865
13.1976
10.8939
11.2182
6.92979
6.20306
14.0177
11.9692
11.7389
5.02195
14.6767
12.7513
9.14357
10.6013
7.78617
11.6738
13.8375
12.2064
10.3274
10.2883
13.9742
12.9148
12.3265
13.4278
14.5674
9.14932
14.6423
13.9945
7.01685
7.65336
8.89626
12.5397
8.40262
11.3283
10.6769
11.1843
11.1359
13.9389
14.9728
12.0113
12.6147
13.2331
4.12378
4.83325
8.44411
14.5085
12.2749
12.5044
10.6358
12.5833
9.98176
10.2922
14.3224
13.1588
14.5181
11.834
14.6434
14.4087
9.29056
6.736
5.87208
13.4421
13.8581
12.7576
14.2739
4.88646
11.851
5.7777
7.1823
13.1329
11.1401
12.1232
7.22988
9.50951
9.45043
6.46485
5.85874
11.3756
8.52029
11.3531
11.7349
11.2496
12.0043
12.9843
10.2112
14.5983
14.2395
11.7554
6.99143
13.6044
10.4655
12.2307
12.128
14.9863
11.2158
9.85624
14.5934
8.64317
12.6585
9.18895
12.4113
14.0827
9.662
14.7275
10.8415
14.5105
14.2486
11.7399
10.9003
10.5561
11.4834
8.64165
10.3692
9.65856
13.6163
6.63051
14.071
12.7848
8.15332
9.14959
6.08502
12.5039
12.5255
6.31842
10.7949
12.9631
12.2787
10.7088
14.9127
12.8972
8.83867
14.3276
13.0698
9.16431
14.3928
9.83367
12.4873
8.23988
12.1193
6.39288
8.58731
9.55268
12.4161
14.7964
14.0877
13.5427
5.59943
10.9037
5.44134
13.222
4.19708
11.9461
14.5414
14.6787
7.88749
11.3955
12.7335
4.52474
14.0627
5.67544
9.05958
11.6365
10.9987
13.7714
13.2664
14.8751
8.40329
9.94816
12.8697
12.0762
14.2514
12.0782
10.0017
10.177
4.86468
9.35651
5.70301
14.813
12.445
12.2317
13.9069
12.4878
14.9387
10.7529
14.1892
11.7412
12.9827
7.78446
14.985
10.218
11.4446
9.55549
14.4869
9.7081
8.01283
11.9559
14.0958
5.83068
13.8683
9.72581
14.8176
11.1466
13.9259
12.261
11.8719
6.02635
13.2207
10.8
9.54478
12.4825
8.24323
14.1183
14.0213
12.9888
14.6613
14.6095
12.7964
12.5227
14.4821
7.36229
13.068
5.83448
10.6267
5.90416
10.7357
14.1826
13.851
12.802
14.2336
10.9949
13.4533
13.0837
9.55754
12.8495
6.10227
11.5558
14.7797
11.7483
6.49284
13.3987
11.1368
12.6851
14.6132
14.4468
12.3359
14.8526
13.5714
11.8391
8.32067
13.4081
10.3781
5.44075
10.5373
5.30511
8.31348
13.1255
10.6621
10.5873
8.28414
10.4029
12.4933
14.0958
13.2861
13.2643
7.42631
6.06091
12.4354
13.0985
9.43115
9.82102
10.9049
8.78971
10.5056
12.2791
8.56323
6.53133
11.2207
7.06767
9.12658
4.86319
8.39877
14.1317
8.65426
12.8269
10.3506
14.0232
9.09074
13.8706
10.1675
14.3461
13.4221
10.5509
9.63565
14.7246
14.7311
12.1824
13.813
9.08916
9.7212
7.42348
13.959
9.17806
12.7178
13.8569
12.5349
14.5009
11.0827
11.7933
8.35577
9.45078
9.63864
7.2212
8.07513
5.20982
8.7856
13.0567
14.3203
12.9893
9.40371
9.25935
12.1479
10.0501
7.37308
13.7137
14.3278
12.3678
8.58183
11.818
7.61172
14.5434
9.23947
13.2575
12.5429
10.8012
14.4645
14.755
12.6748
7.5952
8.62079
9.65177
12.5061
12.8366
12.5399
9.44119
13.6716
12.7048
9.72979
8.17767
8.52695
14.7158
7.84191
7.59511
9.09491
14.9685
12.3127
14.2652
11.6259
12.4875
13.5056
11.8039
9.63632
12.5707
5.14227
10.9865
14.6363
14.1323
10.4646
7.62526
11.7954
10.4672
12.7727
9.77806
11.9181
5.76446
13.2423
9.81903
13.2361
12.2841
8.56279
8.6937
13.1339
13.5074
5.86222
5.4752
8.74549
13.3655
8.99494
5.54334
10.6145
13.363
8.81369
13.0981
12.8502
4.28466
6.86708
14.5248
10.3962
10.8369
11.3818
10.5622
9.52166
14.9404
10.6637
13.1686
10.0548
13.1364
13.2417
11.839
14.9394
7.95153
5.97207
8.95377
8.53286
13.7904
9.58818
9.79755
14.4301
12.5459
9.25624
12.5975
8.19932
5.94915
13.5101
13.9435
12.695
13.2349
13.1711
13.9395
13.7082
11.1164
14.2239
10.5559
12.3885
13.1701
10.3435
12.3219
10.3658
12.8687
12.8286
14.2762
5.65233
12.2185
11.7937
14.0298
12.868
9.20621
9.28217
6.17718
13.603
9.65024
13.4118
13.3522
10.8397
12.657
13.0761
10.9325
11.2582
12.9119
10.7375
13.0406
9.58399
14.9737
14.1182
11.0226
9.75151
13.0955
9.74755
8.91021
14.081
7.24248
9.70229
12.3536
13.644
11.4538
12.2843
5.12569
12.0944
13.1852
6.08498
8.39594
9.19137
12.7612
13.111
9.17089
11.3312
14.5517
13.1065
11.6271
12.8892
9.03337
5.25211
13.5606
13.8503
12.4848
10.4935
8.76001
12.2602
12.4798
14.4601
12.5677
13.0142
13.3422
11.9212
11.4557
12.7204
6.01564
6.01016
11.2758
11.9692
10.3354
12.2588
12.8818
9.24606
9.221
12.5421
11.7671
14.7527
12.3289
9.57984
13.4971
12.1131
7.10922
7.78219
13.7464
10.2215
10.9164
8.56296
14.3724
12.7252
13.1612
11.5127
14.2249
14.9307
11.6071
12.3091
13.5413
13.3286
12.0017
10.3329
14.7958
6.63689
11.236
8.4226
8.74685
6.22457
14.6482
9.87084
8.89314
10.841
13.0362
9.92454
8.17029
8.10088
9.33398
10.6546
11.3927
12.25
13.9279
12.4179
8.73347
11.2714
13.3847
13.1223
14.8937
10.693
13.1115
13.0261
14.1543
5.61265
14.9632
11.8211
10.9512
10.3527
13.4373
11.4387
14.4801
10.8041
10.4817
12.5685
14.6017
8.84037
14.0737
11.2682
14.0503
14.7844
13.7105
10.2493
9.9249
12.6553
6.29405
14.9123
12.7279
13.9811
14.3529
12.639
9.0459
12.4738
14.7132
10.9187
13.832
12.507
13.212
14.3847
8.06225
7.89656
3.82988
14.5445
14.323
12.2499
12.7613
10.7678
13.3029
13.4312
8.8216
8.35661
8.30999
11.8718
14.8166
10.5539
14.9611
8.95979
6.39735
13.247
12.0563
11.5504
10.2829
7.96628
14.9537
11.34
6.51452
8.98658
12.1926
6.65483
13.1018
12.1635
5.8057
14.4315
14.0729
11.6103
4.85129
14.1599
13.3216
11.4202
11.9696
12.9336
9.18885
14.0037
13.2595
13.5992
10.7428
14.3102
10.0128
9.36855
11.8976
13.283
7.01961
6.4283
8.78871
12.4695
7.9151
14.0842
11.4274
14.5023
11.8305
13.8023
12.6698
12.9554
14.3603
14.31
5.9599
6.23821
14.4264
9.84174
12.952
13.7471
13.557
14.4718
6.18844
8.42504
14.4761
11.2067
12.6326
11.5108
14.0073
8.93822
14.5987
10.5845
11.6292
13.0564
10.9341
12.3856
13.1074
11.9596
5.92524
11.3575
12.6333
8.84628
13.2474
9.92846
11.7601
12.5602
13.1242
14.3782
8.27692
11.4898
13.1922
11.5005
13.4768
13.8697
10.5505
13.2924
10.396
14.1677
14.6648
12.2415
8.98172
10.1229
8.0037
11.8418
13.7611
14.9705
14.4454
10.3346
9.66706
6.21706
11.3322
13.7211
7.52291
10.1198
14.5914
11.8568
6.08404
10.4457
5.89119
14.5483
13.0551
12.9395
9.46216
9.82255
12.9554
5.52375
14.6139
11.4279
13.7888
14.9693
11.2913
14.4708
12.5743
12.9901
14.0909
14.2728
14.2031
10.7122
9.0752
9.93776
14.5558
14.3508
12.1653
6.42682
10.9357
9.47478
9.27885
10.8497
8.27229
9.60484
11.0414
5.57457
14.0649
12.494
8.95668
13.0645
11.9652
10.6194
8.55998
13.2791
8.74103
12.8783
11.8909
7.13573
6.98565
11.7591
7.30933
8.07016
14.3398
12.3341
13.3537
13.5917
12.9761
12.6179
11.3311
9.927
14.3506
11.0164
9.52425
11.0076
10.5043
8.71523
14.7628
14.5978
11.6973
12.1769
12.0898
10.1661
13.9586
6.71984
8.26169
7.75185
5.56926
9.41721
12.8384
11.9352
7.87929
11.2145
8.49292
10.7866
10.7408
5.73261
4.36871
7.61837
10.7698
13.9002
12.6283
14.0288
14.4807
13.9573
14.0523
9.86302
9.85678
9.57454
5.72075
9.40331
7.89612
5.55196
4.82595
8.70276
14.2459
8.49619
8.57916
13.2321
10.69
6.47149
10.7208
11.3697
10.3704
12.9859
14.2248
12.0064
13.1883
13.9427
14.6183
8.93026
12.161
12.3691
12.5269
11.7811
13.6193
12.5506
7.68936
7.80301
6.82045
12.6476
13.3325
12.378
13.5963
11.6104
13.0675
13.6267
13.0184
8.48663
9.63893
13.3989
13.6444
12.196
12.1221
14.556
14.041
14.0724
13.1296
13.8749
12.6609
9.81948
13.0359
9.0961
9.92822
10.3181
9.79006
10.3609
5.88221
8.60454
5.1895
8.75759
14.7867
13.6666
12.9368
14.3
12.5327
11.8444
9.17114
8.58289
8.21844
8.81703
14.072
13.7938
12.5933
12.3202
10.8904
14.328
12.2843
13.9089
11.8122
12.266
9.71517
6.5117
8.96855
9.6721
12.1517
12.6278
12.2791
12.4127
12.6152
14.7434
9.38708
10.4948
8.72089
13.257
6.77124
12.7151
12.9213
7.98753
9.78572
6.18264
12.3111
12.1897
13.9791
8.73293
9.8477
9.4128
8.35204
12.9158
13.5961
9.39905
9.07102
12.8863
14.542
12.0401
8.30805
14.0984
11.5424
9.71542
8.96545
8.42759
11.9818
13.9502
14.8481
10.2313
13.7164
10.7907
8.77757
11.4505
14.9837
10.7226
9.13325
12.0601
14.3584
12.5525
11.0629
14.7601
13.0414
8.61379
13.6939
13.7325
6.45605
13.1075
5.84378
8.92767
14.6545
13.406
8.92556
14.2178
12.2222
8.63205
11.8944
9.72171
5.1785
8.01359
7.20875
9.34981
10.5221
13.6761
11.9104
9.01698
13.9809
14.008
8.83727
5.35691
11.9366
14.8995
5.92459
9.43472
12.7973
10.2863
13.9962
13.1769
5.61541
12.0369
6.62206
8.46764
12.0828
14.4626
9.90394
13.9897
14.0825
5.97993
12.3738
10.478
9.58402
13.5969
14.8432
9.40517
10.2954
6.31386
7.66595
14.9761
11.3733
12.8759
6.09263
8.8217
13.6184
11.3858
11.3078
7.37365
14.1827
9.60862
6.53313
11.9979
11.637
13.2235
12.356
7.75839
12.1144
11.8864
7.46548
14.0414
13.6821
10.9783
11.7705
13.1077
12.9787
7.35486
9.03481
7.20317
12.0022
12.8536
9.47097
11.4076
11.6476
8.41931
13.0085
10.4952
5.09754
4.38984
10.4616
14.0471
9.92257
8.32486
13.4869
12.8491
14.2334
12.1315
12.7669
10.6654
12.9176
8.03767
12.8183
12.442
8.86225
6.21059
11.9877
13.5062
9.96946
9.0423
8.57455
6.69387
12.1187
14.4342
13.0881
11.7231
12.2115
5.88778
14.8916
12.3571
14.3115
11.9932
5.81917
13.8679
6.77727
14.7012
12.7762
8.51124
8.91729
11.9213
11.1989
13.8346
11.6012
5.37406
12.8028
9.04383
14.6672
12.4033
11.9079
13.6432
9.17311
13.9735
12.2041
12.6803
14.8267
9.84014
10.7191
13.8043
14.4833
9.23351
14.9107
13.2258
11.2709
13.3848
13.2463
11.9368
5.7911
14.8749
12.4839
13.5886
11.2264
10.4741
14.6241
11.9634
12.3147
14.8838
7.12146
9.96569
14.6144
12.246
14.4614
9.17301
10.6529
8.53318
11.4622
9.17558
9.05989
11.0079
11.9998
14.6808
8.91351
4.15143
9.77641
13.8624
11.8661
11.8602
11.3027
10.557
10.748
10.2501
13.0963
7.27242
10.8731
10.9124
11.4589
9.95225
8.46724
11.4022
10.9264
12.4345
11.6869
12.2652
8.43383
14.8781
14.1484
14.101
13.5305
9.94421
14.41
6.16282
12.4049
11.2246
8.22687
9.41086
11.1296
9.47189
12.4384
8.71816
14.8488
8.23568
12.2374
11.93
14.1269
10.3638
14.348
13.2221
11.0756
10.6219
13.59
14.0305
9.64388
14.2161
14.1813
14.661
13.0279
10.0987
14.3796
5.90759
13.5738
13.7163
13.0366
14.5032
13.6888
10.9199
13.9277
8.92916
10.156
14.8379
14.5458
10.4321
12.1908
13.5785
11.1969
11.6409
11.0619
8.93201
10.3186
11.154
14.2051
11.3587
9.96296
14.1052
10.1519
14.5723
10.6679
11.4
8.35528
10.5321
5.82664
7.26805
4.44378
12.6682
12.1165
14.3799
9.37249
10.1853
13.6306
14.056
13.0755
9.73273
14.0884
10.8871
13.017
5.78341
6.56529
13.2287
12.1554
9.42742
13.1462
11.9118
8.58578
12.9974
6.90081
9.55928
11.8471
11.2834
11.9685
9.07601
13.4375
12.2554
9.99644
9.96023
9.01903
13.6657
5.48541
10.2158
12.6614
10.2264
9.01913
11.9278
14.7709
12.5542
13.1611
12.7608
13.8843
6.1101
11.8063
7.07701
5.8169
9.56704
12.0157
14.6737
13.9283
14.0471
14.4222
13.8259
11.6001
12.5065
11.6487
9.11583
14.1873
6.47379
14.8948
13.0902
12.4409
8.9077
13.0317
12.5031
14.3875
13.071
8.02309
11.7304
11.6537
6.01567
9.13352
13.1516
13.5413
12.2377
8.27759
14.3625
8.16681
14.0264
12.8167
12.4544
13.5425
13.1475
13.0991
12.9978
13.9673
13.5354
10.0106
8.98176
14.7013
10.5485
10.9525
14.9904
14.0135
12.25
11.108
7.82177
14.2292
13.2621
12.6733
7.10406
8.78833
9.91237
13.3
9.16465
10.9207
9.54526
13.7044
8.94807
14.5103
6.18518
12.9487
14.6633
12.8509
10.4512
11.7307
12.992
14.3555
9.07248
12.0368
7.35642
13.8263
13.171
5.70734
11.3772
11.652
14.4611
8.66979
14.2091
9.86229
13.1388
14.5613
13.2599
7.71277
14.2248
11.356
14.4777
10.0922
12.3089
8.93356
9.32194
8.97526
4.27686
8.7005
9.28941
8.49769
11.9402
14.1736
11.3702
14.9517
9.57036
14.1487
10.0755
13.7449
8.67427
9.67024
12.229
11.9733
14.9708
14.3016
13.9892
13.7528
14.4337
9.3422
14.9688
14.7137
8.53914
8.88827
7.44597
9.25945
9.87532
14.7155
14.1189
13.5822
13.2146
14.0633
8.57223
5.46995
14.1547
11.724
12.3006
14.6202
11.1983
6.34928
9.30886
10.5348
9.20552
11.1344
8.91271
13.7612
9.08837
12.8973
14.4097
8.72119
9.07213
13.2315
10.8178
11.9752
6.41177
12.1333
13.2578
14.9485
14.6724
8.05862
13.0743
14.9704
11.9544
11.781
11.1758
13.1334
12.1923
11.5945
6.13498
10.6027
11.5015
9.62275
9.67414
14.8865
9.75267
11.3191
14.2684
12.9595
8.54606
12.9112
11.8892
11.6044
6.73704
9.15953
8.36055
8.33332
14.9506
9.81408
8.47741
11.433
8.88377
7.08535
8.49727
10.7139
4.44158
14.6929
11.6686
14.4654
11.4222
7.69488
10.1528
9.91735
9.5074
5.82646
10.9702
13.6554
12.7725
13.4116
11.2335
12.2266
12.7436
14.3594
9.72879
12.4731
10.2424
9.14227
13.8603
10.8939
8.2324
7.02107
13.8178
10.5237
12.6349
13.9548
12.1054
13.7351
8.32836
8.14819
11.9556
11.9228
9.84569
14.0024
12.5888
12.4568
9.74104
11.784
14.7358
13.3956
8.01069
6.05707
11.6554
11.1711
12.7119
10.2625
13.0358
13.3686
8.84427
9.59108
9.03734
9.25177
13.0999
12.7635
12.5068
12.2541
9.63721
12.9667
12.5829
11.5919
9.05325
8.07554
11.013
14.8521
14.3862
8.70263
14.1573
11.3449
14.1752
8.52449
5.91242
8.78506
14.587
9.7856
5.77469
10.7354
5.3877
5.90371
6.39983
7.40072
12.7277
11.8821
12.8602
10.4266
8.25328
10.8973
5.9795
13.0518
9.39874
8.38325
14.8594
9.12422
9.4988
5.39866
6.19938
10.2629
13.2707
13.7008
8.67331
14.3767
13.0812
9.31855
14.6491
10.9645
12.843
10.1005
12.3118
11.715
9.04655
10.5111
8.4555
7.62857
13.9156
13.9774
12.0311
5.21379
9.18953
11.6691
7.97381
13.7734
11.9208
14.2994
9.64056
14.8507
11.2753
14.9389
9.55715
14.2734
9.22144
10.0782
8.6121
14.1283
9.45643
14.7898
10.1566
9.32795
14.1762
9.46628
14.9421
12.4898
8.24803
5.86133
6.01839
12.8538
13.7615
7.48806
13.6892
12.001
9.74584
11.5532
10.9554
11.1756
6.26096
14.7618
11.3261
13.0686
5.64724
9.47183
8.04254
13.5256
12.9537
14.1825
11.9448
6.06982
13.3631
14.7975
14.2573
11.9665
12.9917
12.5198
13.804
6.5827
8.1834
10.039
14.0165
11.6271
11.3384
12.732
14.0804
10.0272
13.0718
10.6945
12.6956
13.576
13.3241
11.0455
9.91722
11.7966
8.39284
6.19561
13.8122
9.9343
9.4433
14.0361
7.62657
8.1837
14.795
12.0249
6.99897
9.32618
14.4993
14.5519
7.73254
9.38741
8.2499
7.3346
14.636
14.7922
6.67876
12.6766
10.2568
12.7144
12.0027
12.735
11.7084
14.7764
9.47636
12.0039
11.6672
14.9101
13.4756
12.6278
14.7214
9.67827
14.6749
14.8437
11.6746
13.9499
12.0601
12.5969
14.1446
8.72264
14.3013
9.8441
9.91832
12.1989
10.1465
11.8192
5.84213
9.95612
14.7188
14.5789
5.38979
5.35453
13.1356
13.9311
11.7852
14.591
8.96596
11.9346
12.4547
14.7604
11.7502
12.0547
7.4561
10.2381
12.8186
9.31413
8.33906
14.9132
5.62574
10.9796
10.3638
10.8592
11.6223
13.1538
12.274
13.4088
12.3931
10.1277
10.7468
8.99182
12.0949
13.0992
8.19384
6.11288
14.7777
12.3404
14.0094
11.1646
10.0495
11.4286
9.64082
12.2005
10.7223
13.1562
10.5168
11.8461
14.4006
12.8105
10.1398
8.33228
13.3347
12.6216
11.267
7.03627
9.3203
8.44854
8.7406
6.71181
12.0327
8.23008
14.2236
12.5864
13.9996
12.4729
14.2198
10.4066
9.6552
9.56283
6.20967
13.2463
9.34597
13.6454
12.2255
5.78657
9.72571
5.29425
7.36294
9.00875
9.28625
8.30029
11.825
9.35398
6.07791
5.4336
13.3608
10.4532
11.2662
13.9481
10.4814
14.2762
13.6923
11.6512
12.5962
10.8069
8.45625
10.3301
14.5943
6.08916
13.336
11.5419
11.4565
8.93938
12.4459
11.9426
11.7982
11.6996
12.1245
5.64552
14.054
7.364
7.71807
7.20132
7.76585
11.6389
11.5367
14.0143
5.7587
10.9214
10.712
9.10375
12.7219
10.5938
11.4885
10.327
14.2694
9.4141
9.90319
7.96976
10.9992
10.2067
5.33043
9.95612
6.27391
9.28487
14.6468
9.41956
9.63053
14.8821
14.5432
13.0511
13.3157
12.522
14.0999
9.98242
10.6046
7.31503
10.649
9.79499
10.9287
14.266
11.9995
13.2173
10.2742
12.6908
5.91168
14.3829
13.3739
13.2907
14.6015
12.7479
11.9298
7.7419
11.3652
14.4036
10.2009
14.4696
12.6087
13.2565
10.2078
11.6618
12.7204
14.0182
9.37093
11.1842
13.9356
5.52991
5.61093
11.8759
8.7926
8.4672
10.2109
14.846
14.5382
8.36152
9.17538
11.5594
14.4552
14.665
12.2015
13.712
13.2639
13.0477
14.5927
13.8158
14.2352
11.9317
14.3651
13.4079
9.12505
12.4799
11.1494
13.1161
10.9289
11.8509
10.7078
8.70838
11.2043
9.04578
6.51438
6.73513
8.99503
11.8395
6.6173
12.9044
5.85049
10.4769
14.026
12.4634
9.84786
10.1668
9.43958
14.3884
13.1612
11.9308
10.2489
12.0157
5.36961
13.9741
10.2908
11.9949
10.1824
9.23809
13.5822
12.0753
13.9447
14.6627
10.571
13.6806
14.5337
10.6045
14.0991
13.1316
9.83114
12.2441
11.9015
12.9983
13.3833
12.3846
13.5095
13.5608
9.79408
14.6317
13.2997
11.3756
10.5169
9.3265
9.32724
10.6478
11.4801
10.8056
11.8398
11.8954
12.9372
9.75277
11.5163
11.1553
13.7668
11.914
10.1591
11.1327
12.7101
14.6138
9.95026
12.3793
12.987
12.1987
12.5674
10.5956
14.2754
7.21639
12.2801
12.365
11.2385
9.70276
14.5502
14.0719
12.8835
12.1655
4.0034
9.92824
9.73328
13.6391
8.96869
13.9736
9.43917
9.61431
13.1534
6.59343
11.6016
8.01851
13.1894
4.9665
4.46231
8.01245
10.407
10.7238
13.3856
6.04364
9.90025
12.0399
10.9869
14.6261
8.62681
12.9987
12.9495
12.0214
11.6225
10.1333
5.69775
9.35408
12.2945
12.6122
12.8707
14.246
8.19371
12.2335
12.5254
11.3724
10.6443
10.3317
6.04317
9.03154
11.6206
11.568
14.0927
11.3388
8.16555
4.76342
11.5121
10.2436
13.6715
10.1089
14.4346
12.7941
6.21259
12.9924
14.1021
11.233
9.57629
13.9223
11.9332
12.1885
11.5504
8.59831
14.7338
7.495
7.53565
9.35014
8.82444
12.0784
9.28406
14.8701
9.94353
8.57389
14.0066
14.5546
11.7512
14.1122
11.7733
8.38502
12.4906
10.1825
5.67548
14.6006
9.58957
9.7616
7.96955
14.1817
12.8965
11.4937
13.7323
8.69263
11.1306
10.3446
6.52717
11.2375
14.3793
10.207
11.0528
7.92099
13.4812
14.6235
9.09946
10.1709
8.43358
11.9235
13.4713
11.6492
9.0352
10.0042
7.98481
11.0897
11.1882
13.6678
8.55002
14.8803
13.8916
13.1665
8.59527
7.01844
11.2277
14.2518
8.4741
5.62288
6.52237
6.09671
5.86309
8.4218
7.73193
12.9139
13.2025
10.4506
6.68031
8.54374
13.2868
13.6616
10.5632
11.4656
7.27474
14.5952
11.5973
14.4231
12.0852
9.27125
12.1048
12.5208
14.2418
9.09149
12.2625
9.96224
10.294
11.4564
9.09187
14.8918
12.8433
8.79682
9.43933
14.3006
8.43885
11.0947
9.39001
13.4274
13.5012
14.1223
11.3933
9.09509
9.27222
4.65589
14.6099
12.2532
13.9649
12.5157
6.21012
12.0205
14.8488
9.10433
9.26904
6.96849
10.0963
8.45086
14.1879
14.3387
11.1062
14.603
14.9302
12.0313
9.42793
13.8391
10.6942
6.11978
11.8619
9.8631
14.2688
10.8314
12.9309
11.8389
14.1451
9.55617
14.0262
10.6277
11.6994
14.1133
14.2592
14.6751
13.842
7.03349
12.7108
14.3602
9.81114
14.3415
9.07997
13.9643
13.8647
14.4329
14.0754
13.7885
5.86015
6.1156
5.96126
13.0791
11.3465
8.06535
10.9136
10.7363
14.4809
14.5771
13.1684
9.50742
13.2011
12.7602
8.64343
13.5569
14.1605
10.762
9.92063
13.2316
11.1256
14.5432
8.10867
13.784
12.9861
12.8557
12.581
12.4563
8.51768
11.7606
14.2247
9.15837
11.1654
10.6706
10.0982
9.73715
14.1569
6.90662
13.3626
14.9818
8.38058
9.65435
13.0183
8.77153
14.5247
14.0847
7.59596
4.94152
8.16353
6.88911
5.6937
8.74685
5.76557
9.53595
14.3346
13.3459
9.80718
13.9797
14.6021
12.216
6.24879
13.9605
12.8109
12.9776
9.65904
14.1198
12.1442
10.8811
10.6838
6.0017
13.4018
14.8028
12.2723
10.4904
14.5005
9.98789
14.4549
14.971
9.63169
13.6455
10.8236
7.15742
14.7695
10.9944
12.1441
12.3238
12.5415
14.2923
9.68095
11.2202
13.6904
9.64344
11.3543
7.69784
11.2024
14.2773
12.1893
12.7141
12.0226
13.9472
14.6254
14.7044
12.7699
12.2359
8.70653
14.586
13.9253
8.64862
11.8414
7.34861
10.2091
8.04422
14.4533
10.3778
13.4413
9.50132
13.1923
5.60511
5.48534
5.08765
11.8356
11.9774
4.98235
7.01806
12.496
13.8427
9.21869
12.4098
13.2267
6.14843
10.9165
8.8157
11.4103
8.58873
10.6405
10.4889
9.00098
14.2277
5.8269
11.7972
13.7177
9.87882
8.41194
14.4934
8.7683
10.1957
11.9444
5.57601
10.6037
14.7646
14.5845
6.14688
14.1603
12.2902
14.7578
10.3016
12.2541
11.4278
9.2415
10.6962
14.1789
13.9853
11.8645
9.03702
14.1213
12.7192
9.81278
11.7159
11.2526
8.60355
12.6879
10.0788
10.4647
5.55327
13.2342
14.8256
14.475
11.1919
8.3794
14.4026
12.5254
9.92951
14.6464
11.4115
14.0973
14.9828
14.2635
10.8955
14.0426
13.0128
12.9835
13.7799
6.25873
5.37349
14.2899
12.5782
13.0309
7.35833
4.78239
9.03654
7.59552
14.1827
5.6149
11.8936
6.00795
12.4649
10.3322
9.74465
9.57386
13.6652
14.8411
10.084
14.4654
10.2539
10.5693
8.82889
10.7626
13.4806
9.46257
13.8292
14.7203
10.9951
9.17102
10.603
12.3624
9.59591
9.54415
14.6475
12.6115
8.7096
12.8837
7.97022
12.6978
12.7478
6.83503
13.74
8.56884
12.7423
10.2962
9.28899
12.7172
6.34559
14.114
14.2924
13.0019
14.2452
13.9947
12.9809
8.35484
13.247
9.31205
11.5182
13.2731
13.7172
13.0528
11.1129
7.01833
14.4048
13.7622
11.4271
11.3515
14.8795
4.43976
13.1342
9.25696
14.4407
14.2925
12.1022
10.0482
11.2901
12.6837
9.09028
12.3016
14.4125
11.2289
13.9899
10.7041
5.49168
10.1017
12.7864
13.6295
8.73382
10.9827
14.1817
12.819
13.8932
14.6473
14.9869
14.1258
11.3935
8.00702
13.1792
6.12632
10.2294
14.2989
12.1706
14.6021
14.4994
6.68352
6.19452
13.178
10.5768
6.36167
10.377
12.799
12.6604
9.07375
6.27208
14.6417
13.3615
10.9863
12.6232
10.9434
11.9728
9.75678
13.7543
10.3281
11.7369
14.7668
10.7851
13.4198
14.0853
14.9946
13.0175
5.84414
9.75944
10.2983
10.7176
11.3489
14.6364
14.0845
10.6043
13.4647
14.3465
8.82622
14.6785
6.72691
11.5257
8.16913
9.12234
12.1917
8.86992
5.6274
14.4104
6.84326
11.6625
11.8092
13.0923
12.3859
10.6602
9.8362
14.217
7.94574
9.20223
11.5703
4.78215
4.85697
13.5383
12.9799
5.60158
9.09636
12.5742
10.7417
13.1698
9.68576
11.0201
5.85522
9.09154
6.93105
8.1626
5.53771
12.1844
9.96691
12.3062
12.172
8.76966
9.96014
9.05739
10.3353
6.1812
9.80253
10.0496
10.9587
10.3743
12.9084
12.4936
13.6654
13.9026
12.9514
13.8033
11.1422
12.6806
12.7562
8.2039
9.47141
13.8448
9.77935
12.1806
13.6301
9.29988
11.4969
12.0369
14.0852
11.5905
8.80221
11.3347
8.26086
13.7765
13.5938
9.7482
13.3891
12.5954
9.22572
6.55774
13.5322
9.73912
10.6184
12.5378
12.5017
10.5354
10.6926
14.4446
14.0526
14.0333
10.7318
6.69099
13.3293
14.6725
14.1253
11.0496
13.7561
11.8469
14.5513
13.5166
11.1009
9.79536
12.0801
13.8281
11.4001
12.1063
9.797
12.616
6.46913
7.63386
7.26349
11.9922
12.0062
11.4351
13.5978
9.53399
11.2792
14.817
10.8967
8.97078
10.8068
14.3975
8.492
12.0557
10.4593
10.078
12.0442
9.10706
11.2005
10.9372
11.0902
11.7409
13.344
10.3926
14.7367
7.69451
13.9298
13.7188
12.4443
14.4211
10.0713
6.39524
11.9122
10.0784
5.29985
10.5804
9.33603
13.9724
10.0704
12.9336
9.80794
14.4313
13.0794
13.0609
10.8799
11.527
14.4539
12.8758
14.2731
14.9954
9.75092
14.2756
13.2074
8.58748
14.5301
13.6417
7.89927
11.3066
14.2107
14.7491
8.64268
9.74613
12.7282
13.0239
14.3017
12.4635
14.4568
12.756
10.3556
13.9722
14.3847
13.5885
10.3021
14.2067
14.3593
9.61656
12.6502
14.1353
13.3938
11.5353
14.9116
11.0826
13.7356
6.92376
7.77311
14.5657
11.5546
11.9793
10.1613
13.0122
9.82061
13.96
13.5767
14
8.5026
12.918
10.1291
14.3994
6.59459
14.2301
6.23387
12.2713
14.6432
12.0193
11.3386
14.0958
12.3819
13.9857
13.0392
8.51623
4.90241
7.44737
11.4946
11.8452
14.7754
6.33959
13.2144
14.3244
11.4976
13.0679
13.0952
13.8071
11.0564
13.573
9.8706
6.78982
14.4483
14.8745
11.1353
14.2722
12.4703
12.5905
7.21529
12.4744
12.4256
14.0274
14.0803
9.22683
5.78251
11.1445
10.7984
11.6298
14.299
12.5393
6.19911
14.5265
8.92051
12.5506
9.17523
14.423
13.7709
9.52714
12.4569
13.2752
7.94703
13.8377
14.5493
12.802
12.4925
6.36403
5.46093
12.5487
6.07925
14.4784
13.2603
14.6633
9.09272
13.0887
8.86036
8.15247
10.8597
11.9039
12.533
5.37559
13.9515
6.32201
14.8984
12.8878
9.24157
9.67246
7.23693
14.3795
14.3491
13.6511
12.4223
5.05406
7.89094
4.46188
12.5435
10.9907
11.471
11.2483
14.0345
11.1195
12.3361
9.52529
11.9823
12.11
13.8818
13.8168
13.0724
12.6523
11.5549
9.35118
6.4191
10.6209
13.844
13.5987
8.87557
14.3572
9.89484
14.6491
8.66915
10.2503
13.201
10.3168
8.19147
14.0173
10.7779
8.61984
8.76113
10.0316
14.2178
5.64407
12.768
13.8751
11.5146
11.333
9.88175
10.9985
14.1207
14.9276
11.9256
13.4254
14.0132
9.60728
7.50288
14.5594
4.866
14.3768
11.0779
7.47047
14.3805
13.9962
14.3274
14.2358
6.04499
14.8931
11.7871
12.4615
11.1079
6.48493
13.9151
9.52575
13.2549
7.6537
13.3394
12.036
10.1153
13.9162
9.96187
10.8458
14.6258
8.63399
8.51796
12.515
12.1354
13.5664
14.4179
12.4791
6.39354
14.0101
12.2056
11.803
9.75975
14.6349
8.86377
11.1966
7.40963
14.0994
12.6644
6.02598
12.4828
11.9185
14.1341
6.94501
9.02645
12.5361
12.4058
9.75638
13.8722
7.21518
12.0185
12.5304
7.5159
13.6611
12.8165
5.99412
14.3452
12.6873
13.7516
7.32154
11.7242
9.30747
10.5576
13.3875
12.6463
12.768
10.3045
9.55359
12.3797
7.92753
14.3375
12.7064
14.2311
8.31135
14.8718
10.2774
10.076
9.8095
12.1398
12.7174
10.9693
9.6511
12.1133
14.5093
12.4032
8.21147
11.8433
14.97
5.53305
12.3425
9.40212
9.51278
10.9573
13.6111
12.2185
10.7456
13.2879
12.6499
13.0761
12.1692
11.1721
8.74807
12.0923
10.9533
11.7549
11.6991
9.82304
14.7828
14.5907
7.53767
13.3507
12.6336
6.78496
10.6498
10.4663
10.0089
10.8759
14.2169
4.18136
13.1252
10.6902
9.54751
13.9816
10.6719
9.76296
12.6732
10.5775
6.87984
14.2317
13.1582
14.0881
12.283
9.88203
6.79073
13.0138
9.21312
13.9114
8.46787
14.566
12.2029
10.1761
6.80432
9.8593
12.2412
8.86412
8.55725
14.6158
14.18
11.785
14.9623
12.3309
12.7434
12.683
12.0872
13.8872
11.5875
12.0525
9.85929
10.7509
10.102
14.489
5.4878
12.019
13.3953
14.7217
14.3033
14.7223
13.2876
13.9122
14.0166
9.40149
14.3929
9.57524
12.1966
10.6633
14.556
14.7677
10.2337
11.9332
11.6214
9.73127
13.4143
7.83452
14.8767
5.93531
14.3965
8.89486
13.6348
14.5884
14.724
10.0317
10.7365
13.4763
11.8953
14.9179
8.64207
8.60898
12.5451
11.2351
11.9335
9.82354
14.0059
11.2929
12.9734
6.68785
14.6287
13.7452
12.8842
10.2095
13.1923
9.70913
9.63506
6.27021
12.3625
9.52543
8.60558
10.0239
14.2241
9.69574
14.699
9.68418
9.53753
8.13177
5.64243
13.9736
10.223
13.9954
6.24922
12.208
14.3586
11.0485
14.1276
13.7521
10.342
14.2641
7.80087
13.3675
10.2726
10.1529
9.64575
12.4096
14.5562
9.17142
12.5011
13.8655
14.2716
12.2021
14.5379
9.14511
12.6123
13.4035
11.6291
9.0426
13.4005
9.01172
5.45231
7.66338
9.67743
5.37567
10.2519
11.9433
14.6721
14.2449
10.5643
11.495
13.4909
9.75642
10.9945
10.1311
9.09502
11.7444
13.7339
12.1542
12.7979
11.5738
11.1521
11.3288
14.5884
14.8597
5.71076
10.5761
10.9739
14.4929
13.2331
11.4564
5.53338
13.0349
9.75125
14.3985
14.5287
12.3577
13.8396
11.4831
12.7304
9.40374
9.98034
14.9159
8.73649
14.2427
13.743
6.06445
14.7688
9.16585
12.153
13.3696
13.2297
9.33749
11.623
12.7468
6.9158
9.65067
14.7268
10.3496
11.3468
11.9006
13.4941
13.1832
14.4947
14.5603
4.47369
5.84946
10.4055
8.90823
12.619
5.01696
13.0731
10.6362
12.7225
9.18494
14.6276
13.0781
5.26827
14.8175
12.5502
13.8575
12.6174
8.61842
6.23315
9.74403
11.1765
11.4888
11.6646
9.29582
14.9901
13.7332
10.9721
10.9133
12.7183
13.423
11.838
14.1594
13.8302
11.4805
9.81133
13.2336
12.7626
12.9988
10.4102
14.898
13.9497
14.8022
12.2283
4.56485
14.5954
13.882
6.59686
13.4758
9.20524
13.1057
13.1452
10.6231
12.2704
10.2705
12.5522
7.28211
9.13481
12.9525
10.9428
14.5656
9.81716
6.91358
10.2568
14.677
12.4702
14.697
12.5139
13.0636
9.41789
11.0849
11.5137
9.17636
12.9343
9.39214
10.7724
14.0586
6.04237
10.2412
5.175
9.7674
14.5613
10.8479
12.508
12.6248
8.60632
10.6738
14.1832
10.531
5.8444
9.73621
9.22033
6.50813
13.8507
7.97701
13.0557
6.56978
14.5186
12.2323
12.9712
13.7841
10.9632
13.1276
10.0949
10.6823
9.99564
6.73681
11.6046
10.7973
10.9778
6.04172
4.8538
9.41969
10.7035
8.51615
14.7886
13.3919
13.5194
14.6832
12.4298
9.42967
14.5394
11.4646
12.4871
10.3075
8.78136
14.6506
14.4747
14.2528
6.22434
14.6854
14.3421
14.7942
13.819
9.0703
12.988
8.68102
10.1039
12.3498
12.097
12.0215
13.099
8.73364
13.7631
11.4658
10.452
12.5551
11.5052
13.1845
5.80954
7.53135
12.1308
7.70036
13.4891
9.84266
9.30767
10.245
11.9953
5.38484
11.7379
10.8375
7.28394
14.5822
11.9176
10.6969
10.1415
14.1791
14.9098
14.0853
8.57717
14.7447
12.2174
9.32085
14.1506
10.8894
13.0839
11.8882
11.5558
10.2398
9.59344
9.94046
14.4705
14.491
8.94338
12.8937
4.41895
13.5241
12.0127
8.78521
14.0711
9.07868
10.3888
13.0181
14.933
13.3905
13.1309
14.1432
6.95906
10.3576
10.5731
8.48024
9.61788
14.6305
14.1457
6.44163
6.19676
5.51953
6.28827
7.6699
13.3666
8.22059
11.4024
10.7116
13.3363
10.7403
5.86898
11.24
11.8263
13.566
12.2346
14.7883
10.1551
9.5745
13.3015
5.09804
13.286
12.7068
11.9775
9.81924
10.7534
6.28936
6.58849
8.62999
9.91543
6.37462
9.97543
14.0976
10.5813
11.1756
9.02951
14.3746
14.1054
13.1955
10.0948
14.9309
14.771
13.2599
9.14614
9.72034
11.7849
11.7154
14.3054
10.4205
10.2387
6.42072
11.4526
7.76777
14.2196
10.5925
11.7469
11.6485
12.5229
11.5069
12.286
8.45122
9.86467
10.4979
8.17452
14.2512
11.6729
8.2354
14.3125
14.5659
9.37763
14.1742
12.1235
11.1597
14.032
11.3211
11.6684
12.6746
13.9372
13.1868
10.5895
13.5236
10.7011
11.6899
12.8991
12.6626
9.30147
5.49092
8.85814
8.34809
11.9842
14.4423
5.91311
11.238
13.0093
14.8661
13.3455
6.33263
9.64693
14.63
14.2641
10.5502
11.4338
11.761
10.3177
9.9507
11.3571
11.8234
11.9124
7.33757
9.97335
14.3333
12.2598
13.9543
13.8981
8.69538
10.9457
8.32838
11.5571
12.4964
9.47229
14.3339
10.8982
12.8177
10.6404
8.80426
14.7684
9.50357
13.6449
6.47846
9.73383
11.4492
12.1462
12.8275
10.434
14.818
11.8539
10.9167
5.98066
5.90989
13.9937
14.3191
8.06525
14.6359
6.50428
13.8562
11.7538
11.5525
10.5715
13.1819
9.12828
13.0492
8.64422
10.6253
9.82154
12.4342
10.6403
12.8943
8.53385
4.62515
11.9723
14.213
10.1709
13.0604
11.4559
9.92951
14.6692
8.32244
10.4943
11.7904
12.2853
12.4856
11.1872
8.71252
13.9342
8.59846
8.30907
14.1852
8.07506
7.31616
13.9854
11.7874
12.9741
9.38481
12.5688
9.30011
9.6868
10.9011
10.9257
11.9125
11.1458
12.4178
14.9844
13.3131
10.7273
10.2691
9.7027
10.0716
10.5199
12.3922
11.1758
11.9754
14.7782
10.0648
13.1948
10.491
13.2927
10.4587
8.75
13.973
12.4537
13.1541
9.92117
11.0865
9.01379
6.05242
5.98877
12.3068
6.13582
8.49676
8.52115
14.9208
12.9807
8.56936
14.3186
13.8633
14.3573
7.41125
12.7779
11.1808
12.7861
8.71579
9.34741
10.6158
6.32279
12.6787
12.9355
12.0656
9.99636
10.6017
14.628
5.32904
11.4111
11.7356
13.6821
12.7283
14.6965
14.2715
9.34313
14.4493
10.7535
11.3011
6.8569
10.4252
9.58887
11.029
9.4888
8.43696
9.47004
12.9668
12.14
13.9501
10.6365
5.44489
9.05804
6.17677
9.2236
12.7775
13.8777
6.25549
13.2384
4.58254
7.23091
11.4061
12.1817
6.2545
7.81872
12.2801
10.8542
14.3793
14.9841
10.449
8.55973
13.1374
9.57477
14.8823
14.8618
13.0135
9.67021
13.5139
8.9165
5.86036
10.7796
14.491
9.88721
11.9351
10.6029
12.3629
9.5961
9.54418
13.2293
6.65919
10.5175
14.3009
14.8599
12.2683
13.212
12.9463
10.5006
14.0976
10.0692
13.1852
12.79
10.6109
14.2184
13.2158
8.19113
14.8205
14.4883
11.9345
14.8739
14.8748
6.45457
9.95968
11.4274
8.69219
6.17425
8.67239
9.86261
14.5863
8.83852
14.0454
14.1205
10.6598
7.44158
5.73284
11.317
14.3098
11.2968
13.6509
13.916
7.8243
10.8723
12.8637
10.2843
7.51733
12.6257
10.8817
8.66424
14.3983
14.9655
12.1948
10.1485
7.58209
14.4833
7.00433
9.18287
14.9382
12.0664
13.4684
9.5068
8.4178
6.27172
9.39223
9.21506
10.5174
14.6117
14.4115
8.95424
11.7392
9.13375
6.21248
9.91971
12.3342
8.63989
12.1314
11.0772
11.5875
13.5855
10.3819
6.31631
14.1947
14.8951
8.7471
14.8102
7.19354
10.8938
12.5164
13.2771
5.73461
14.1141
7.34835
14.7295
11.294
14.1683
6.57492
10.6703
9.80576
6.06203
9.71288
11.5882
9.39333
5.09927
5.24234
10.704
10.4603
14.8711
9.44733
12.8878
13.0618
13.2578
11.5879
7.14276
12.9904
9.78249
12.3335
13.9463
11.6003
9.4047
7.0518
6.68191
11.059
14.0829
14.1925
11.9056
11.7953
12.5973
12.4106
6.90231
10.1037
11.5352
12.7473
10.2929
7.12584
13.9263
11.3365
14.4433
8.60747
6.47888
10.4932
14.4049
6.15993
7.9271
11.5856
5.65055
10.111
14.6856
11.2236
10.0009
7.76213
13.8859
11.0676
13.4663
14.1665
6.39962
9.75727
13.4141
14.7469
11.8428
8.66442
13.8024
6.89544
10.2051
5.9026
9.857
6.01879
7.80661
13.64
12.3029
14.6035
8.60734
14.0488
13.6995
12.0651
10.6724
12.1512
8.40924
10.9982
13.4498
8.92209
5.97955
10.6925
12.6141
13.1763
12.4796
10.0522
4.81816
11.2668
11.2708
13.763
13.1366
11.1168
13.3911
11.1923
7.44177
14.0725
9.66207
11.7593
11.254
9.69765
10.6612
11.8444
14.201
13.3533
13.5433
13.3986
14.2579
11.9836
13.6835
13.2839
12.9243
12.8109
10.1258
10.7027
8.83726
11.1606
9.81555
12.3269
10.0081
10.1269
14.7729
13.3507
12.952
14.9381
14.2028
13.5064
12.9239
11.3228
9.29604
12.0708
12.5899
12.151
10.8532
5.24145
12.8458
10.5476
14.4379
14.8285
9.62994
14.538
14.1162
13.7688
10.143
8.39748
11.6532
11.4701
10.1033
9.68901
12.07
11.5323
14.5226
6.66535
13.2726
14.5399
13.6436
4.99925
5.29748
6.15132
13.7784
4.10315
8.43946
14.663
6.30006
11.4554
7.15936
12.3386
13.4986
11.6025
10.4156
11.5061
11.3557
14.4601
9.74898
14.9138
7.62299
14.3269
9.27192
14.2904
10.6008
8.7524
12.6706
10.7255
14.1196
12.5821
10.5224
13.8179
12.6631
14.6149
9.65669
8.94534
9.29845
12.7078
12.0608
5.64942
8.20426
10.7002
14.6011
10.8827
13.9869
9.55155
8.74544
14.0456
11.9761
9.40453
13.3698
14.8205
12.1135
11.6247
8.15676
14.993
8.50133
10.9206
14.3609
13.0069
10.9473
9.02829
13.0962
14.658
9.84956
13.4022
12.6966
6.42984
5.7231
11.4547
11.0823
14.136
10.6269
10.8844
9.60758
9.68053
14.4439
10.9223
12.6884
14.641
14.3075
9.0964
10.1964
14.2009
14.7328
6.94223
12.2772
12.4067
9.95449
13.7999
13.1673
13.6188
10.5149
9.76791
14.8873
4.52987
11.5271
12.0835
13.3103
11.8418
10.8722
11.9878
11.8641
9.23698
8.182
8.55549
14.4124
12.9464
12.7008
11.2105
14.0463
7.99951
12.5752
9.34679
7.29259
4.60321
14.4338
11.1316
8.91725
9.99159
13.6293
14.5519
8.20787
13.0225
9.19235
11.1008
12.4582
12.776
10.9543
8.52745
14.8048
13.6365
13.4528
6.31264
5.72625
14.1253
6.47147
13.7127
13.3699
11.6546
10.4379
10.9637
14.5086
9.59178
9.82197
12.9365
13.7879
14.9577
14.7559
12.1232
9.96151
9.42929
14.9559
7.91624
14.0896
14.0242
8.05315
9.78588
12.7335
9.719
10.5332
10.3291
11.995
10.4413
12.321
9.47517
9.92708
7.05381
10.6869
10.7195
9.78703
12.4116
8.59685
10.8986
11.0912
9.79588
10.5007
12.0071
11.9871
11.475
12.4822
14.1208
13.0072
14.5088
12.1894
13.9921
12.4341
9.54947
9.16923
10.921
12.0358
9.55563
14.1716
12.7463
8.82983
8.12103
8.82569
11.8354
9.82129
9.15145
14.4799
12.96
12.7615
14.8636
5.71557
14.2894
12.8764
12.9822
13.9642
12.584
8.74192
12.3208
11.3598
7.16112
11.0364
11.1496
8.79563
11.0265
6.29558
11.3555
10.1467
12.6752
9.13955
12.718
12.1585
9.75085
13.1282
13.5361
9.22969
10.0615
12.9743
8.39286
12.9932
5.87168
14.5047
10.0518
9.19574
12.5879
12.8681
10.2954
9.51084
14.6769
14.2015
13.4233
8.60366
6.03885
12.4304
9.43203
12.2657
10.0545
5.34121
13.0854
9.32779
5.85244
5.92703
5.5974
5.38996
13.6623
5.75248
12.4561
13.4779
5.52464
13.614
7.20022
13.0287
9.58493
12.1812
9.05722
10.4087
8.73797
14.0753
10.4379
14.6685
10.647
13.7208
12.278
10.9523
10.8991
11.2736
11.9962
7.23025
13.6163
13.2341
13.0581
14.4135
11.5031
14.1949
10.3439
13.7081
13.2493
13.625
13.6706
11.6703
5.9199
8.38469
12.0248
14.9905
8.9897
14.3994
5.68173
9.01234
8.7979
14.931
14.7988
12.5158
11.4733
11.7317
10.4794
8.81111
10.8179
14.1824
11.3499
10.1226
4.45478
5.61256
8.58974
14.6313
13.3184
11.6366
8.31446
8.01063
9.29824
6.6175
10.7564
11.5733
14.4986
4.84221
8.8713
14.5194
13.2712
12.8569
10.6224
11.0593
11.7728
13.9872
14.9205
13.236
13.9199
7.84311
13.6408
12.6502
11.6239
9.46634
10.1346
11.0792
14.4031
6.29702
11.0883
12.1107
10.3618
8.7381
13.0507
12.6702
14.3301
5.91314
10.3976
12.3634
13.9107
12.0627
7.99087
6.75298
4.94804
8.69796
14.4577
13.4105
10.1741
13.8372
14.2173
13.2551
14.8627
12.1947
11.5716
10.3003
12.0605
6.75914
9.41117
7.15686
7.14951
13.2579
13.5659
12.1283
12.6824
14.2325
14.4371
14.1752
8.37408
11.8029
6.03386
8.82224
11.9777
14.3834
11.672
14.7661
13.6918
8.26051
10.1557
13.8501
12.7932
14.8471
13.8169
10.1323
11.5194
14.5014
8.62301
11.1526
11.9789
6.96196
6.33123
6.82759
6.62038
11.8896
5.76716
13.8864
9.8471
6.63654
11.3099
9.6524
12.4524
14.2572
12.1114
14.0612
9.97239
13.3508
14.1001
13.9432
12.5051
12.8133
11.7212
11.2725
8.48855
5.37876
14.3223
13.7799
10.28
9.86915
6.2904
7.62013
14.5778
10.8758
8.1545
9.47644
11.5109
14.1924
14.4366
10.6015
11.0764
8.81629
13.0722
14.4604
4.89762
8.1365
12.6127
9.7261
9.94464
12.4171
6.81051
8.71136
10.5659
13.3522
14.5595
10.6484
8.62726
10.0779
10.5577
14.4497
7.77511
13.7642
13.2259
14.2396
5.53813
8.58641
11.6917
8.73542
8.92013
7.81147
13.618
13.4072
14.4829
14.6072
11.0195
9.82292
9.91799
9.57215
12.3915
8.6967
6.05826
8.85435
11.4447
13.017
14.6066
7.06389
13.0663
9.68636
14.1028
13.2365
5.44812
14.7925
12.8558
10.74
14.5535
13.4157
9.54545
14.0671
14.6131
13.0392
12.6354
8.00758
13.5954
12.0021
8.52908
14.8813
9.51769
12.9827
14.0676
12.8373
10.0346
12.1601
11.3232
12.186
13.3345
11.0628
14.522
12.3473
13.4941
14.5518
13.8115
11.2448
12.1703
10.7719
11.1419
14.9744
11.8601
11.6042
12.7977
8.83225
6.6738
6.63246
12.7472
9.51112
14.0353
14.0976
6.33028
10.5679
11.7841
13.9183
14.9576
5.83402
6.0642
9.83406
10.4853
9.63125
6.41375
14.8122
10.989
12.4669
14.4742
10.7349
11.4252
12.2906
10.0778
12.0468
14.8451
8.59008
10.6921
12.069
12.802
8.42
13.8715
9.44544
5.76152
8.39517
13.0863
9.82023
11.4979
13.6583
10.5365
9.54483
9.9108
11.8337
13.4536
14.8028
14.9361
11.9889
10.9439
10.2202
11.5677
10.9618
8.6436
9.99804
14.7715
13.5214
14.7173
12.0386
6.46675
9.92353
14.8194
9.05514
6.08601
13.2438
10.6007
9.74727
11.2312
7.18221
12.8407
12.483
8.21127
13.0099
7.24976
12.9917
9.0723
10.7167
14.9722
12.3929
13.5004
9.65119
13.7747
6.74749
7.96557
10.8672
10.0791
10.2085
10.0143
10.1084
10.3846
10.3045
14.8457
12.2558
11.7267
12.4403
9.84172
10.057
11.0223
13.5439
13.2317
10.2546
6.23452
6.11985
8.09325
12.3818
12.246
9.79952
8.48155
6.36472
12.8221
14.6919
13.2047
11.5231
14.9057
13.7003
13.8995
6.46363
10.251
11.6399
13.7461
10.6638
13.808
14.5195
11.9068
10.1603
14.2893
10.4263
11.1588
11.5781
10.8324
9.38457
14.6396
5.89174
14.6183
11.6723
12.0551
8.0694
11.288
13.4826
13.4559
12.1922
13.0463
11.6939
12.8972
8.40179
14.9683
5.55025
9.32663
13.5376
12.2601
12.1827
9.6245
12.6641
14.7313
8.65283
5.92961
10.3975
12.6821
10.2616
13.5263
10.5629
11.8302
11.4901
12.5416
14.1261
10.0912
10.7515
7.57171
14.0976
11.7198
9.60491
12.6045
11.0522
14.7451
7.19938
13.0543
8.26394
11.2721
6.67883
12.7432
14.6758
6.08783
11.5653
14.1468
13.0787
11.1659
10.5353
14.8821
8.21025
13.8892
10.4908
13.4158
6.86734
13.2541
8.4144
13.3343
9.08089
14.3729
10.8931
13.0887
7.5021
13.8091
12.1862
9.4564
13.0328
12.0367
13.0668
6.09958
11.1729
9.16538
9.62764
9.70675
14.5822
13.7146
12.4239
13.6464
10.3032
12.4792
13.3271
9.51001
12.2307
13.7167
14.765
10.5892
8.57859
13.0743
8.44986
6.09216
13.0324
13.1249
10.7562
11.8446
10.8416
8.41022
11.2098
14.988
12.2774
13.4076
14.2831
5.05071
13.9179
9.84123
10.0455
10.7397
14.7601
14.1023
11.8054
10.6982
9.82638
9.68795
10.7619
14.3714
9.46216
14.2111
9.7585
10.3956
6.86338
9.55275
11.6014
14.6348
11.2511
10.0681
12.7014
14.6887
12.9538
10.3448
13.0961
11.4676
12.8285
7.67009
6.65033
11.8673
13.8095
11.0137
9.23988
10.4658
13.6256
12.0647
12.5355
12.0285
11.8395
9.06263
11.3787
7.18803
10.9794
14.6498
11.1992
5.95304
13.2489
10.4233
6.29489
9.30856
11.196
9.07776
11.164
13.4745
11.7415
6.65666
10.8393
14.3886
14.2311
14.8944
12.9632
14.4799
9.87471
7.67921
5.71696
13.6247
5.17662
8.86472
8.55391
12.4427
11.5648
9.18895
11.3546
13.4064
12.3188
7.33506
12.3532
6.95179
12.2087
8.46554
11.293
12.0995
13.7145
9.75448
10.4688
5.95073
9.70726
12.8471
8.40057
9.53158
14.0695
10.1903
10.4053
8.06079
9.85719
7.90598
10.607
10.6074
6.06335
14.8307
13.5334
11.9011
11.1703
10.1819
12.1781
12.1937
12.0464
6.19094
14.3566
13.0765
14.3266
13.8768
10.0954
11.2425
9.11225
13.2975
14.1413
6.70901
11.0485
14.9501
10.248
13.0881
14.6762
13.8537
6.41649
14.1138
11.3546
11.9762
8.58775
12.5594
12.7148
12.0091
14.1967
14.2167
13.6889
11.4495
10.0815
11.7043
7.29576
13.941
11.312
9.45105
14.1111
10.6073
11.4862
12.454
5.20776
11.8078
12.5137
11.9393
14.1912
11.479
10.2415
6.95418
14.6969
4.35727
13.6535
13.6641
12.3847
11.5638
11.2219
12.8274
4.65148
12.3065
11.2046
4.83613
9.77623
12.6536
10.1636
14.7881
8.9644
12.9315
13.3747
11.4494
12.7225
14.1765
12.5663
14.3291
12.168
12.4607
12.0992
8.96083
8.20764
13.8988
10.2354
10.8964
14.3731
5.05098
14.0231
9.60485
10.5037
13.4135
12.8532
9.75079
14.7024
12.0588
11.7128
13.9169
9.0886
12.157
12.0491
9.86391
10.8603
10.4324
13.7025
8.46591
9.54435
13.7881
12.4303
9.46336
12.2404
7.71953
5.55733
10.2541
8.25428
13.8066
12.6609
11.4763
7.469
12.0511
14.2022
10.6678
10.3424
13.2591
10.8842
5.63423
14.5418
6.0581
13.4884
9.16618
11.2812
12.3312
11.1086
8.4324
14.3588
13.1674
10.262
12.8161
13.9111
8.07488
7.26944
12.2033
9.85999
8.3027
12.5015
9.58528
14.6111
10.3023
12.2558
11.0455
7.5769
6.41217
5.36076
5.36915
12.9884
10.3715
10.8837
11.7928
11.6578
13.8385
9.90191
12.6957
14.346
10.8265
13.5855
12.5545
9.70766
12.3215
14.7588
14.567
10.5482
13.6769
7.6876
13.2176
13.7256
14.2364
11.7686
8.56416
9.93932
12.4341
13.5146
14.0329
14.2496
13.4602
13.1041
14.1718
13.5951
14.1412
13.9876
9.78625
11.5997
10.315
5.68692
7.98817
12.4338
12.9667
10.8291
12.5458
9.18862
12.5099
9.84181
14.5721
9.69501
13.4282
13.7891
14.1252
11.5858
13.6003
13.085
9.71667
14.0771
8.94411
10.7386
10.0757
10.1039
8.11347
14.3345
10.8586
14.2687
12.7408
12.8132
11.0673
12.885
12.661
10.9245
14.9091
10.3388
14.9983
12.2463
13.0565
14.1609
13.886
12.7671
11.8928
14.5547
8.18076
9.81869
14.624
9.54971
10.2343
14.3936
8.60905
13.4389
11.6205
6.85212
13.4448
8.48717
9.96173
14.7886
12.3708
8.54261
9.03099
10.4962
12.7295
13.2257
14.8527
10.0723
8.80496
14.8721
11.1332
14.6156
12.9013
12.9011
14.8189
12.9578
14.1669
8.21338
8.0058
14.7468
13.894
11.9749
13.0356
11.1095
14.7976
14.0182
14.6647
7.22629
6.4689
12.4845
14.2037
13.6834
8.52624
9.83757
14.6572
6.32368
11.3235
12.9838
8.54115
11.6593
11.8244
13.6764
11.3218
5.49498
12.411
9.54463
9.6857
14.4137
13.3393
12.3551
11.3445
13.8574
10.0489
11.5921
11.2399
9.65961
9.08559
10.6482
14.8521
12.7347
6.34859
13.4666
13.5962
5.80525
10.1216
14.7794
14.1967
9.96833
12.9278
11.0914
6.61955
11.482
13.754
14.8929
12.6629
12.5948
13.2736
10.6911
8.96105
6.13364
14.1324
10.8939
11.2144
13.2524
14.5799
13.8644
5.86748
11.882
10.05
12.5746
8.43545
10.4569
8.63533
12.9322
10.5805
11.1788
5.43264
6.16824
13.63
7.73111
7.90083
10.2008
12.0015
10.0313
9.64535
12.0734
8.1241
11.0353
13.1019
10.8711
13.2157
12.7925
8.91757
9.40974
11.8517
9.50112
12.1548
11.4422
6.00965
4.76936
9.99462
12.6321
6.63245
11.8125
10.6452
10.2487
6.08686
10.236
4.93374
6.11473
12.8186
7.15861
14.7042
10.2457
13.3014
14.298
14.2933
11.7975
6.20615
12.108
13.7384
14.669
9.19407
13.4492
14.2055
10.0205
9.85731
6.39405
12.9942
8.13383
12.5117
6.39558
12.5979
12.3623
13.3053
8.19281
11.4691
12.4912
14.5034
13.3942
7.97221
10.0715
8.80435
14.3667
8.5567
14.2039
14.6758
12.7054
9.30505
14.0895
7.74822
9.93308
13.6538
9.78774
6.00403
8.49364
12.8852
7.1118
13.6513
12.288
14.7465
9.99954
14.0038
13.1435
11.9906
10.0418
8.90526
8.06923
10.1357
12.7327
14.1219
7.83662
7.57272
10.7141
14.3771
9.54768
11.7025
13.4859
10.0367
14.1035
9.71984
13.6006
11.9453
11.8877
9.302
9.05845
13.0011
14.141
13.0171
14.2323
11.474
14.1942
10.0108
9.04002
9.96191
9.05473
14.3108
14.4909
12.1097
7.6174
6.20353
6.11966
12.0665
8.62082
12.6034
13.6272
12.7851
8.58315
5.96581
13.0303
10.1975
14.1217
14.4989
12.6381
6.15338
12.1726
9.86166
10.2992
8.53702
10.3716
9.24051
5.76071
12.1635
14.1184
12.0438
6.24131
12.2769
14.4208
9.54172
14.1515
10.9261
10.6271
11.6074
14.9116
14.8436
12.337
12.9666
10.3176
12.9998
11.6802
14.7985
11.1004
11.1806
5.76403
8.76073
9.17098
5.09639
13.5185
13.532
10.8655
12.4676
10.6769
5.43106
7.67203
13.9706
13.4273
10.8696
12.0031
13.9465
10.4437
12.3505
10.5551
13.46
9.98431
11.3989
5.29971
10.8444
13.4814
12.3373
12.2453
14.2709
9.16617
14.2987
11.3845
13.6408
14.8897
10.365
9.60407
11.1734
9.89025
9.58527
11.8756
14.9176
14.708
10.4562
9.96105
9.89932
10.5327
10.6262
11.7366
14.3564
8.33391
9.02706
12.7399
10.8922
5.62388
12.7016
8.52646
10.2569
14.9387
7.15629
6.33332
12.5605
8.31431
10.3167
10.7717
6.27373
11.1055
10.3522
12.1861
8.35382
12.0966
11.9715
8.49296
6.68325
14.0143
9.67701
12.5238
5.49209
9.88298
12.4629
10.6884
14.0184
13.0088
10.6216
14.8369
4.47924
7.62964
13.5502
8.50096
10.4424
10.2501
12.129
9.97325
14.5712
9.75534
14.5108
13.3355
14.5987
13.3146
13.501
6.12634
10.4559
8.84876
12.2424
14.2475
12.6798
13.4371
9.19282
13.5891
10.9656
12.7379
9.80966
12.0816
11.6384
10.2218
10.3702
14.5019
14.0365
7.89333
11.5063
14.7462
7.35547
9.45529
14.3174
10.3156
11.347
8.87296
8.92257
13.3487
6.2218
10.2367
8.83504
10.7232
12.0661
6.06118
14.7027
13.8573
14.8665
