13.9977
13.4457
14.6877
11.3402
9.61415
14.833
11.4739
8.85417
9.74991
9.58112
10.3275
13.2166
14.9038
13.9333
6.99817
7.82168
3.72539
12.7571
12.0329
14.6941
8.85897
9.04062
11.4771
9.61928
12.6953
12.066
6.90413
12.2381
12.2253
13.722
12.0644
8.79939
9.85814
5.46118
11.4351
11.2053
9.35153
9.4976
4.68368
5.83967
7.91365
14.8625
9.4927
9.06301
12.5899
5.89331
13.2627
10.1135
14.445
14.7931
11.7601
12.0361
11.4181
11.4581
12.6087
13.4117
13.7043
11.6019
7.14473
11.3576
13.9782
11.0457
12.857
13.4102
10.5746
8.41579
11.3678
9.87594
8.25193
7.81372
12.301
7.58391
11.049
9.70914
11.4763
14.6682
12.7473
5.8082
10.6913
12.155
11.9206
14.6244
11.5023
10.115
4.29626
12.4255
14.9116
13.385
14.16
9.05216
14.9505
14.7431
10.2364
14.0928
6.11996
10.3661
14.4099
12.8926
11.346
9.64328
10.3499
14.4654
5.95571
12.7686
13.0374
14.7534
12.5719
11.7601
8.5073
12.9278
6.01176
13.9771
12.3805
14.249
5.83938
12.1005
6.88123
14.481
8.25626
13.4133
12.2584
12.456
5.83005
12.4453
14.7867
14.7383
4.67595
14.6213
14.7368
12.3995
10.3198
14.078
10.7592
12.84
9.37593
12.2582
14.8713
10.3193
8.03425
10.9954
9.19847
6.462
10.3232
14.5227
13.4986
14.3919
11.1314
9.51299
14.7209
12.9227
9.91365
14.7155
6.42263
10.5777
13.684
14.8919
12.4008
9.65977
12.1758
14.1186
12.6753
10.3438
14.0999
11.266
9.70278
8.76258
11.7252
8.58307
14.2749
5.8549
10.1761
10.0856
11.73
9.90433
14.6081
9.55196
11.6784
7.48185
13.2991
12.904
10.86
11.8693
12.1272
11.4022
12.6498
10.8322
14.1102
5.56125
11.1317
8.03605
7.63067
10.0639
14.212
14.348
14.9791
11.1651
12.6495
13.8123
12.5687
6.74769
12.6736
13.3437
14.4919
10.0842
6.34063
4.52465
14.4516
14.8076
11.2063
14.2729
13.8941
10.9838
12.7372
12.8352
14.1019
12.6165
13.5456
11.8616
11.0369
6.34503
9.98826
9.1402
14.5632
13.451
14.9491
8.11973
11.5374
11.4194
10.805
4.62001
14.2589
13.2378
13.6215
10.4598
8.94407
12.2335
10.4491
10.6291
13.0061
13.7358
8.72882
11.9887
9.43516
12.1883
12.5376
8.60434
14.9373
11.1734
14.9098
11.8946
13.0015
3.96244
14.8171
11.0656
14.2141
13.0226
7.81349
14.5496
12.9357
3.65554
13.9318
12.4821
8.38236
12.5937
13.4735
10.7406
8.56492
13.3129
13.1669
8.53159
13.8909
11.1226
12.3691
14.198
13.3962
12.5251
7.86083
10.5401
11.8668
13.388
6.99184
13.6674
7.93339
9.12742
14.2584
12.3557
4.37019
6.122
11.9419
14.9342
13.6827
7.58027
6.38196
8.66677
7.39235
13.181
14.8113
8.64995
12.9511
13.2808
11.8286
10.5418
7.09038
13.7711
14.9699
9.57213
13.9795
13.5173
13.7908
13.8819
11.3122
14.7505
9.10178
12.7413
10.6572
12.6628
7.41086
13.8604
12.4888
13.92
11.5373
5.9629
6.98521
4.26573
11.6963
10.831
5.51643
11.0743
13.5295
14.3692
14.77
5.75566
6.47587
14.3281
13.8633
13.7152
10.5262
5.36026
7.75297
5.45972
13.0599
10.8981
13.1784
8.41241
9.42707
11.8114
12.9575
12.6596
13.1285
14.1459
10.6457
13.0865
13.5558
8.80631
13.0012
12.3061
13.7817
9.77486
5.93396
13.2275
8.85933
5.31344
9.29973
6.68854
9.10427
13.1129
4.07267
14.9967
14.6451
13.6594
13.6852
13.9221
14.0197
12.3496
6.45455
6.07442
6.29982
9.23351
12.7439
11.3737
12.6207
6.50045
13.4551
10.3406
10.7041
13.8882
14.5727
11.5413
11.1967
11.8519
5.41333
12.6822
10.4709
14.6895
12.3618
10.4932
14.6635
10.5856
12.8961
4.79602
13.9817
13.2505
4.90274
9.66178
11.1104
8.86931
12.0692
10.8456
10.3949
12.806
12.7741
9.19765
14.8491
8.33422
9.09845
8.00106
14.4393
12.1335
13.5102
5.39884
14.6768
8.29009
4.64452
9.02878
14.6486
12.8655
11.3999
9.92211
13.1809
14.5466
10.6095
12.8496
12.9151
11.0362
10.9788
11.3596
12.3767
12.8283
14.3949
4.23837
11.9623
10.7657
8.16
4.61525
10.328
13.1852
13.1779
14.7911
14.6275
12.4012
14.0222
14.8816
11.8094
8.30267
9.06364
13.8813
5.70877
11.1998
9.71708
5.15425
14.887
14.6016
14.2708
14.326
12.4293
11.9183
9.46631
8.14583
13.5882
8.55268
9.40327
13.5016
14.6683
8.27697
13.4298
14.3065
5.17636
14.005
10.7073
13.9711
13.1098
14.7396
10.5171
12.6743
14.1218
12.2531
14.7506
9.74523
5.79472
11.8389
6.20524
4.53166
14.0993
3.86106
8.21366
10.4603
8.01055
13.4867
5.65327
12.67
8.0431
6.76366
12.0619
10.4567
13.0467
13.7324
13.8613
12.7802
8.60457
9.14332
8.57052
9.80983
9.11599
13.1477
11.0347
11.2328
10.9349
10.9218
11.2255
6.41703
8.20239
7.39453
14.946
11.6799
11.0369
14.3451
9.88447
8.80012
9.03202
10.8881
14.7743
11.1516
7.71426
6.89805
12.1035
10.922
11.1396
13.8478
14.7024
13.9894
6.41236
8.28354
14.3277
12.8565
12.5435
8.67259
6.53383
7.08614
14.4755
12.8204
12.1182
11.0571
13.7942
10.7614
6.3768
11.8517
11.0419
6.39047
4.25874
6.11225
8.80491
8.16732
12.6775
13.9585
10.0432
7.6323
5.66572
7.0313
10.3119
11.6007
13.9097
9.4815
6.52718
11.0887
13.9256
13.9775
11.5931
12.0296
12.4036
6.32325
14.5053
11.385
5.41691
13.9145
6.18631
8.29945
10.9241
5.2197
13.8902
11.2701
12.1582
11.5992
12.1265
14.7587
4.84228
10.5337
10.2407
12.4791
11.0813
11.6363
4.84901
11.7333
9.66624
14.4401
12.404
13.1013
14.8307
14.4729
11.6704
8.31733
13.3066
12.5045
14.3292
8.40295
4.83216
11.9621
9.61479
12.1866
14.3497
4.90021
8.38814
11.6821
10.942
9.91084
11.8413
14.8745
8.53695
4.78315
9.52741
14.8219
11.992
9.51809
14.2983
11.1927
8.63887
5.01588
8.49269
9.98568
12.0714
14.1562
13.2376
8.46428
4.73653
11.8924
9.52353
12.1559
14.271
11.1117
12.6534
10.5185
13.6133
9.54607
13.4154
11.7682
12.7869
4.97174
8.55962
11.81
10.9543
11.9774
8.38948
4.79433
9.48195
14.0833
9.54261
11.1905
6.32002
8.45044
11.0727
4.74853
13.5611
10.1512
8.34279
10.7552
9.22618
12.7522
7.35411
11.9943
9.8492
10.716
12.5833
9.22896
14.3479
12.8789
10.2958
13.1871
10.1063
10.8487
11.9188
10.525
14.9047
10.4679
7.15559
14.8903
8.59789
14.9426
13.4894
11.1137
6.07501
13.1209
7.23079
12.0005
13.961
14.3726
10.9239
11.9394
14.061
9.80685
4.11648
9.26079
6.31169
13.0478
11.8881
14.607
7.41673
6.43713
13.6287
13.8624
12.6339
6.42028
10.734
9.8228
14.5062
5.16422
13.9463
12.7453
10.9136
12.3016
13.057
9.57951
12.3645
12.449
13.0617
10.6274
8.18533
8.96459
14.0674
9.65334
11.2146
14.8857
14.5558
8.39207
12.5371
8.38646
5.21212
14.0405
13.7648
12.8293
12.6663
13.2045
10.5361
7.45201
13.6356
13.3688
9.5964
13.9237
13.2223
11.8611
13.8991
12.6979
7.33888
13.477
10.2943
13.7838
14.9233
13.7516
7.10566
11.9627
6.22898
12.2282
14.1215
9.70475
13.8305
9.17042
14.0865
13.8435
7.05559
4.70468
13.2455
12.4361
7.30082
6.11767
14.555
7.46457
4.4974
10.0514
7.77958
11.7207
11.7779
12.1208
9.73924
13.0116
7.04269
4.06184
12.87
12.0401
10.4765
6.24965
10.0355
14.4329
10.9146
8.87572
10.6163
9.77067
10.1873
14.8029
5.34489
13.0321
9.85285
8.76096
14.0109
13.5965
13.6144
4.45715
13.498
13.3154
11.1053
9.57952
14.8382
14.7361
9.80198
11.8918
13.1296
7.94749
11.8486
9.07442
8.08129
9.80151
11.7666
14.2099
14.7718
13.115
13.1087
6.76296
4.41067
8.91985
14.7137
6.09463
13.4155
12.9161
14.9785
9.91391
13.7546
8.88287
9.06626
13.3319
14.92
13.8137
11.594
11.7024
8.97086
6.55705
12.7289
11.1596
9.6458
7.82049
13.784
14.8282
6.76417
5.19748
10.4373
9.26286
11.5366
10.6855
11.1643
11.1572
12.1522
9.75397
14.9437
14.6228
11.4361
12.6186
10.2273
8.67068
13.4607
12.3853
12.2926
13.6724
9.59735
6.80921
11.9752
11.2628
14.4726
14.0086
9.36164
10.2862
11.709
14.0549
9.99998
11.3034
12.2581
11.8965
10.7353
12.7518
11.475
6.80656
14.6283
11.7214
12.2127
6.96953
14.4732
10.9709
14.6299
11.3336
10.6804
8.09347
14.558
8.48454
12.8809
13.4826
14.2667
12.4181
14.5645
10.763
8.07189
10.3734
12.7848
12.4123
9.73455
13.2382
10.3023
7.71313
11.8965
14.6394
7.46286
6.12317
13.5157
5.78443
13.2709
11.6502
10.6954
11.6753
14.0567
10.2974
8.83517
12.6962
11.3594
7.41603
14.3842
12.3177
14.3082
14.8118
11.3545
11.3014
14.0128
8.61637
11.697
12.3497
10.7253
6.18217
10.9907
12.7344
9.53219
11.3546
10.0804
8.64463
12.0089
9.50618
13.7358
12.7779
13.9519
8.71335
13.7268
6.74687
8.39057
9.99669
13.5268
11.9904
12.8791
13.194
11.6292
13.4238
9.76261
12.9945
10.3535
12.744
14.1551
11.1923
14.8294
7.62678
12.4178
13.0684
10.142
6.72591
12.0777
3.84354
12.0228
9.1882
10.3083
11.0377
10.6752
7.01378
12.7419
14.644
8.05958
14.4067
12.9812
13.9369
7.53405
4.98265
8.73024
6.05841
6.63175
10.5263
8.49444
14.4526
13.2926
13.1283
8.18679
11.9692
10.4049
10.4079
8.63975
12.2795
13.8304
8.211
10.9481
14.8015
10.8
13.9695
5.87229
12.1895
11.4905
7.95639
5.68488
13.8264
11.9963
14.8009
13.8201
10.14
10.9284
13.0183
14.0762
14.0258
12.059
13.7108
13.655
6.73378
10.4243
11.4565
14.3611
10.7464
14.1937
13.812
7.17367
7.60534
10.1779
6.03689
12.7801
11.886
8.07193
8.56099
11.2059
12.1212
10.736
11.0983
12.5466
10.5351
13.4109
10.7963
9.05008
10.7077
13.5141
12.0816
12.8051
9.31251
12.8394
14.9415
13.3552
13.1185
12.1596
9.4972
10.0375
14.9459
9.89893
14.8891
7.03745
11.1464
9.89166
6.94711
13.4946
13.4214
14.8131
13.7086
10.2225
14.9973
11.373
11.3504
13.5729
11.5019
6.4442
13.6254
6.73357
10.7836
12.43
4.79897
14.8753
12.7896
12.7019
8.62633
14.9395
8.55252
9.91774
13.5643
12.8518
9.22247
10.5604
6.61687
12.3709
14.6387
14.266
13.9872
5.72811
10.1544
11.7577
12.9536
9.50103
13.4051
6.0215
13.4836
12.2107
9.68412
11.0522
14.4779
13.9977
12.5727
8.81507
11.0252
12.3945
6.91941
11.5542
12.6948
10.0567
5.59437
14.017
10.9393
11.9998
13.5829
10.2436
6.56715
5.0422
12.91
11.8301
11.786
14.5981
12.6923
7.33917
9.54129
12.0662
12.9849
14.8656
12.8066
14.8635
11.145
6.10814
11.2903
13.4308
12.6391
14.7663
9.05297
9.65456
13.2401
10.8517
6.79376
12.8321
10.3253
11.1787
9.69988
7.9677
11.2368
11.126
14.3394
12.883
11.5445
13.7057
12.0083
13.6976
5.72262
10.7474
12.1443
13.6473
10.3288
10.8151
11.3774
12.9645
8.63864
14.5995
6.49492
8.8386
8.72001
6.43418
10.604
5.21335
10.5216
10.249
9.71124
4.40567
14.8269
9.61653
7.95679
14.7761
13.2246
12.1699
10.5159
13.8879
14.0945
14.3818
8.7872
10.7714
14.3034
11.1523
4.96557
4.97206
6.58936
9.73162
13.944
12.4731
12.29
6.39206
14.4241
12.8289
13.4473
4.36557
13.3231
13.9658
13.0782
8.72455
10.9295
7.43244
9.08723
14.1582
6.09668
12.1608
13.786
12.9174
12.6522
8.12509
8.5018
14.7216
10.3538
8.03924
5.01648
10.8181
14.4184
14.3294
11.5205
5.81949
11.6331
14.5748
8.73692
12.2791
12.7822
14.7149
11.6165
13.4351
12.156
13.3008
12.8046
13.874
14.1948
13.8046
9.89148
14.5667
4.29552
12.1945
9.49125
10.9557
14.015
13.2887
7.00155
6.90907
10.5507
11.6186
9.34745
11.7187
11.0274
13.5632
7.53948
13.098
9.94402
14.3928
13.906
14.799
12.5002
12.1854
14.2229
11.0286
13.1794
11.5878
14.8642
14.3771
13.7076
13.4855
9.49759
10.8942
7.27963
10.1167
10.5502
14.925
10.2284
14.5205
11.6148
14.3147
13.9574
10.887
14.1031
6.34159
5.7233
5.22617
14.6505
11.6557
10.4806
5.84507
7.069
6.86582
5.96493
6.60508
12.0164
11.4184
10.2504
9.1866
8.47289
11.859
14.4543
8.69716
9.82539
5.33912
4.00895
13.316
12.5643
4.04093
13.9444
14.9071
9.95365
11.1584
8.70547
8.02991
13.3254
10.2193
11.0172
11.5675
14.4763
14.6938
11.2109
12.4448
11.8123
8.8323
13.9543
14.9644
12.1274
8.07427
14.7171
10.1997
12.0565
13.5495
7.70168
14.3441
8.72986
12.6651
13.0498
13.1767
12.5141
14.8047
11.1952
12.0971
8.59832
11.857
11.237
12.2479
11.7584
5.61364
14.8614
14.5948
7.48379
9.33427
12.8598
10.4945
13.0306
11.3455
12.617
13.5539
7.10445
14.2162
13.1879
12.7075
11.5122
13.2363
5.83403
6.83652
11.8202
13.0425
6.26299
9.74086
13.5192
14.8478
10.4956
14.0941
10.9225
10.4948
10.3761
14.2306
9.79585
14.603
11.5617
10.8256
12.9272
14.6561
11.9116
12.666
8.8091
8.68747
8.76051
12.8579
14.7213
14.2079
8.91865
14.6849
9.87453
8.6727
6.07271
14.5512
9.59099
14.9894
13.5248
9.20899
13.5154
6.85882
4.14863
10.3075
4.18146
8.78552
11.9562
10.1761
4.98126
12.5509
13.3395
11.3995
14.5378
9.49125
11.7548
12.6197
12.0511
14.2269
14.0217
11.2838
5.78323
11.1739
8.05553
14.7237
9.87746
14.74
14.0183
10.7338
8.8953
10.591
5.35727
12.3013
12.5805
13.3154
11.0384
9.36635
6.21577
13.3607
11.2671
8.28083
8.54417
14.3363
8.83566
12.9495
9.82269
5.41522
12.6851
4.97969
8.50767
14.3615
10.0382
11.6203
8.59971
9.88827
13.1146
12.5962
7.79598
10.231
7.3929
11.3241
9.08434
12.0462
10.3608
9.41683
9.86514
11.6432
10.2381
12.623
11.1644
11.6983
11.6735
14.7064
13.5761
12.0133
14.8008
10.9253
14.7612
11.4955
14.1469
13.0965
12.9901
5.39269
8.97703
10.8828
6.60456
9.10078
14.9406
14.4979
8.81804
14.8545
8.20017
14.0355
14.6852
13.2302
13.9878
14.9368
13.0973
5.61042
10.7641
6.42699
14.293
12.4762
9.38
5.3955
8.13809
13.9714
13.9011
10.8013
8.13191
14.043
14.0473
14.3335
6.03949
11.8487
13.9156
13.6244
13.6255
8.84205
12.7621
13.944
10.2557
8.31753
10.5779
11.2351
11.2747
10.3669
6.7661
5.80765
11.3714
10.0278
9.17619
14.6027
11.2431
13.0068
14.0053
10.0483
10.4778
14.3555
12.6592
12.4172
8.97335
11.438
9.80849
13.6681
10.4737
13.4168
13.0781
11.4969
8.16484
5.22179
8.70758
11.2154
13.1986
12.8808
10.1134
10.4885
12.0789
11.4776
13.1376
8.52217
13.6634
13.1556
13.8044
13.9282
14.0969
13.3088
11.1247
14.8489
13.6117
12.3548
10.7945
12.1236
10.1248
8.36788
13.0708
13.093
12.3773
7.1452
11.8838
10.1396
11.8367
9.75703
12.2857
11.1492
14.372
13.2794
14.2525
14.3493
13.4982
10.9198
10.2676
11.0856
12.4769
12.5882
14.2799
14.2027
14.0714
12.3728
11.1186
14.4943
10.176
9.09605
13.0892
14.5918
9.50283
12.45
11.3032
11.4116
10.3915
10.6865
14.6267
13.3877
12.4542
8.55129
14.7635
13.6629
8.84534
10.2406
13.2546
12.1828
12.3747
13.5253
14.2524
10.5771
11.8381
13.4819
12.08
14.5866
13.956
13.4357
12.1623
9.86051
7.2289
13.8723
14.6367
6.37852
14.2087
14.2571
12.0263
12.5774
14.4862
13.1053
5.18445
9.15122
11.5736
13.3948
11.5156
13.0588
11.6356
11.8971
9.48059
12.0765
13.5151
7.85654
14.7183
14.7149
10.8796
9.55789
11.8525
12.2009
14.2254
11.4812
11.6925
7.12709
7.96503
12.0503
6.10678
14.799
9.41807
12.2137
5.54443
9.41556
10.2265
5.58036
10.7463
8.07293
12.1718
9.38753
13.3152
11.686
9.71322
9.9069
9.7972
9.46494
14.1226
13.2232
14.4398
13.0722
13.5079
9.31528
14.255
6.38648
12.1847
12.6793
11.6581
9.44918
13.487
8.558
9.69013
12.2908
6.82986
10.7397
12.0446
14.5347
9.60914
12.4202
12.1829
10.8432
5.36308
12.1966
8.16113
13.9908
12.1137
10.5735
10.6003
14.4676
12.1182
13.6187
13.7181
11.6921
8.92921
11.8526
14.6658
14.293
11.6726
8.14376
8.30757
10.32
14.8954
13.6986
12.4512
13.8636
13.6948
10.0775
14.1254
14.0789
11.0243
10.8354
14.63
4.61781
12.8821
5.30708
11.7826
8.46661
10.2402
14.5069
10.0341
13.4351
8.18303
10.4405
11.1808
10.3147
13.7281
12.3236
13.1801
11.5013
12.2724
9.28171
7.6953
11.617
11.652
13.8186
8.24387
8.78405
11.7886
10.7312
8.56152
11.917
7.94122
11.0599
12.1625
14.584
11.1632
6.55342
8.74645
8.94966
11.7534
14.958
8.44151
9.59137
11.5554
13.1801
13.974
13.7374
13.6416
7.68158
13.8738
7.3809
7.98155
9.56078
10.5811
14.827
9.43083
14.4789
11.0298
13.0985
5.48248
10.8956
12.0794
13.1573
11.3876
14.4153
8.82689
13.5869
8.70037
11.479
14.7532
14.5965
11.2338
14.1132
10.4916
14.0365
12.4832
10.55
9.24031
8.96777
9.02699
12.6944
6.48338
4.665
11.222
11.9023
14.1275
9.46515
13.3772
13.0691
14.7162
6.20776
14.544
6.74977
7.94324
14.7396
13.68
10.621
8.77557
13.1714
14.1194
9.35489
6.59156
4.52953
13.7807
12.3579
8.79499
14.5181
14.4065
12.7554
9.23893
10.0871
10.9971
12.4255
8.63312
4.92542
13.0837
11.826
12.4936
13.5597
14.7845
11.9391
9.01991
9.58761
12.144
11.8676
14.4183
14.8
14.6202
13.5729
12.7713
11.7575
13.8992
10.4649
11.3004
12.8582
14.0582
9.93447
8.77453
11.8685
14.243
10.0629
13.4813
13.0698
13.8064
9.84207
5.79766
13.4507
13.3999
13.6027
10.0215
11.4615
11.8581
9.35538
11.1
14.8667
14.3012
12.3887
8.40904
14.2501
11.5423
12.4432
12.1725
14.3814
10.8401
13.3902
5.94077
14.1202
9.94546
10.2196
14.5768
5.21814
6.69801
14.9576
12.068
10.4607
5.36898
9.21832
11.9183
9.85897
14.8476
14.4718
14.1623
10.6921
12.1164
8.5193
6.17882
7.52275
10.6165
8.70127
13.8737
14.4858
9.52262
9.7663
13.2048
12.6698
14.4202
11.9538
10.8285
14.5538
13.1478
11.7542
14.7015
11.735
10.7238
9.69999
8.44132
14.1169
9.96861
10.1459
11.4118
11.9496
11.1692
8.17383
14.4846
11.2067
10.8411
8.51291
13.0512
7.86631
13.2592
11.2683
13.3801
14.5714
12.3242
13.4154
14.5838
13.3278
13.1744
5.37248
6.54072
13.6955
5.68363
10.2047
12.2727
10.0007
8.11515
10.2347
11.6082
6.11074
6.97943
10.9372
8.1875
12.626
9.23903
11.8354
14.6871
12.2213
14.4841
11.1689
14.8136
14.4857
8.87688
5.16011
14.1428
11.0817
13.4414
11.6867
14.692
11.6107
8.32803
13.5076
11.4858
8.76467
11.0422
8.72586
12.0762
10.5481
14.3643
14.5284
8.89453
11.554
6.76903
9.92069
12.2201
9.35954
12.7813
9.90385
7.56921
10.7398
13.0862
12.5389
12.1051
14.1978
11.2967
5.6113
12.2117
13.596
9.64933
7.25429
6.47239
12.007
14.9818
14.997
5.52695
13.0007
6.24421
14.7514
7.98058
13.3374
9.1363
11.1264
13.3972
14.8587
13.5767
12.5369
14.0968
14.3422
11.2148
10.9971
12.3717
8.03654
14.0386
13.353
14.7833
13.4648
12.2433
12.2763
11.9718
10.7632
5.95187
9.89346
14.3019
14.8948
10.0649
14.4993
11.9932
14.0585
13.6967
10.1551
10.8194
12.3377
6.20767
8.55283
9.05718
4.27192
11.0724
4.95264
14.5426
11.4322
6.40712
12.2223
13.5514
12.5035
14.8382
14.1611
13.5806
10.0393
14.1526
12.2592
12.8165
9.67431
11.531
7.66564
14.5886
10.4024
9.75369
13.9574
8.698
14.5714
14.0635
10.6293
11.5214
14.0602
13.2068
13.5417
8.97208
14.0635
8.88587
13.4785
10.4779
9.56815
10.3732
14.1036
14.239
13.6338
12.1268
11.0127
9.82593
14.5522
3.80212
13.9703
10.5884
11.8224
11.0062
11.8789
14.3519
9.80002
11.1102
13.5438
12.5444
14.7333
11.9662
12.6419
10.7685
7.93628
14.174
6.96049
12.2498
10.6779
14.5098
13.8244
8.12499
9.73807
11.6393
10.5955
13.6285
10.711
11.2189
13.9141
13.5527
9.32834
11.0843
10.0366
14.8051
11.5718
6.30901
4.1115
6.05804
9.01711
10.4654
8.62248
10.1724
10.6114
9.19875
7.74312
10.4001
9.29407
6.19517
10.4502
6.77913
5.78476
4.33735
14.2935
13.2061
4.35797
6.09987
14.7965
11.6896
10.1674
12.9856
10.8887
14.4954
4.82963
4.29377
11.6937
10.035
13.6701
11.9624
12.7201
9.28327
9.39861
12.361
13.9602
9.0933
12.9022
14.3374
6.14125
11.9704
11.4345
13.4629
14.792
12.7972
14.1136
8.54465
13.4834
10.1225
14.4211
10.8369
8.5507
12.4683
8.50844
4.62388
13.2923
9.929
11.3505
9.20503
8.74942
10.3829
13.1908
12.7231
9.77409
6.95786
6.1565
9.70008
14.1786
8.7735
9.35362
12.3633
10.142
10.0762
11.7012
9.79978
12.9105
9.85668
14.7528
14.5321
14.5949
7.97722
13.3563
9.58368
14.9308
13.5784
11.853
9.88372
6.55872
13.7684
10.6858
11.0239
11.8732
4.22973
10.6117
14.7491
10.5597
14.5532
5.78183
12.7956
5.75134
4.20552
12.2604
7.99306
10.6286
13.5193
10.7139
10.8816
14.5979
6.34089
14.3061
8.33161
8.74602
9.6568
14.3185
6.55063
14.3412
14.6665
12.6095
13.167
10.5948
9.78862
14.0274
13.5341
10.5424
10.4813
12.0973
11.9686
11.0393
12.0319
14.5605
12.0147
13.0606
8.73793
10.2075
14.8298
10.223
11.8447
13.0989
12.4057
4.87043
13.0672
13.3328
11.5331
9.00228
11.1306
14.7246
14.2147
11.8271
9.70622
14.1882
11.4505
14.9895
13.6656
14.2088
6.02342
11.487
13.2075
9.21351
14.0364
4.91468
8.77916
13.4778
12.5544
12.5834
12.8361
13.4486
13.9584
13.2053
12.5862
9.27586
10.6063
13.0332
5.95647
11.9736
10.3539
10.6468
13.9714
13.1436
11.6723
8.16605
5.11344
9.01525
11.0422
11.2639
12.1291
8.4906
6.99301
4.13307
4.34025
8.93337
12.3267
9.77704
13.7846
13.2844
9.69281
10.0033
12.6484
9.63074
9.61295
13.9809
5.77816
13.1014
14.9623
5.86147
8.67041
13.8095
4.614
9.55938
13.6025
11.0341
11.817
10.088
10.6259
13.9979
13.4249
9.73053
13.5233
10.7426
14.7674
11.1819
13.7075
14.3529
13.5711
6.42231
13.4985
11.9873
11.7629
10.5775
9.06838
14.5779
10.8313
14.822
9.4521
12.7656
6.99569
11.4798
13.7211
11.2985
13.4971
8.15779
5.89968
13.3217
14.6177
11.0788
14.4364
13.9115
5.72537
13.4573
10.5423
4.32446
6.78491
13.6106
11.7294
8.68842
11.5607
14.5128
13.9302
10.0251
10.0579
14.039
10.3936
12.5703
4.2542
10.7559
14.6916
10.5513
8.62226
14.4607
13.2038
7.52193
13.8521
9.49853
13.1784
9.67966
14.2021
7.01191
6.25709
8.20564
14.5904
12.2104
9.67358
9.68546
13.4019
11.6403
14.0253
12.6329
8.10168
8.97077
14.5274
8.19594
14.3998
13.2436
9.66019
13.3924
10.7384
7.46455
7.00503
11.8983
10.1463
12.2004
11.7835
14.7845
13.8356
13.6003
12.8255
12.4662
12.485
13.1021
13.3594
8.72987
14.4751
10.6601
14.0425
4.98423
10.4932
14.3595
12.2942
9.00085
9.59373
6.90854
11.3305
10.3827
8.75582
11.8002
11.6697
14.1061
12.348
12.4807
12.1609
13.4391
13.0822
13.4194
10.6505
10.4003
13.0114
12.9829
8.87556
14.7756
5.28459
10.1948
14.6574
6.27117
8.78644
9.40691
10.0219
11.6862
13.0781
9.36249
11.5882
13.1812
14.9293
6.32051
11.2617
12.5061
6.2319
14.3127
9.06634
11.6731
14.6208
8.3977
11.9082
11.8987
13.1821
10.3592
5.38743
8.41401
11.9745
14.7376
3.96259
14.9044
14.4654
9.92573
9.31949
9.38366
14.1176
14.0121
8.35632
14.5898
10.3972
10.9737
10.8219
11.9998
13.9579
8.36938
11.5484
14.5994
12.8608
7.36468
13.8694
13.1528
4.19374
11.4766
11.5768
7.45019
13.2643
13.3019
14.7202
6.47043
14.2761
12.8561
10.6623
14.1936
14.8901
14.9248
12.2826
11.5561
13.0691
11.4907
4.23993
11.5725
12.8496
7.13594
11.667
7.8455
11.4173
10.2105
11.6535
14.7562
13.4009
6.07968
14.2815
5.83385
12.9761
11.9244
13.2357
13.0537
9.46354
13.5624
11.1409
14.3936
10.7279
13.658
13.9907
14.4543
9.52667
11.4203
7.72047
5.07387
6.09734
11.6586
6.1878
8.50451
12.4097
8.15135
5.81456
8.54306
11.8381
9.42128
14.6704
11.1582
14.7353
6.12768
10.4923
14.2166
10.6056
12.461
11.2385
10.2876
12.5029
12.4983
9.87732
12.1092
5.56367
12.7926
11.0553
7.26242
13.5387
12.739
13.2725
7.37086
6.34752
12.207
14.2739
12.4486
7.90923
14.532
12.083
5.79461
11.9383
5.65908
6.34137
11.0959
5.70175
14.2192
10.2855
12.7217
12.9478
7.84301
13.2296
11.0129
14.1907
13.0325
10.3729
13.9109
13.382
13.345
9.81267
6.79924
14.9138
11.8395
11.263
12.9495
6.80126
11.2805
6.3062
10.8395
13.3295
12.752
8.37357
9.48859
12.6075
12.8678
6.12745
8.58732
11.4585
10.9222
9.91055
10.9455
12.1222
11.0477
14.2506
14.6988
9.40748
9.3564
14.4317
10.637
13.4596
12.7513
11.7854
10.9207
10.3602
12.1841
6.11905
10.5169
12.5136
6.05407
13.0452
7.4371
5.87936
10.3231
11.6732
13.0678
9.96756
14.3121
14.4231
14.0588
12.5416
10.3557
8.68802
10.355
10.6471
12.3992
13.6646
14.8851
13.9634
14.4841
13.9483
14.8765
13.415
11.8909
4.41565
11.4662
14.851
4.63947
9.92532
4.4759
10.0801
13.8588
8.51781
11.1642
13.6028
7.13032
4.07971
11.671
11.1889
13.4582
13.0527
14.8864
8.1742
6.12624
8.52911
8.62523
14.3378
11.4316
9.77978
14.0505
14.8717
12.3387
5.54268
10.6864
13.6235
11.038
10.4661
6.72793
12.1934
14.3227
14.0046
12.4365
7.67154
4.13556
9.7276
11.1757
11.9994
14.2833
14.7789
12.2124
12.5609
12.5307
12.8433
5.70682
11.4373
7.23205
10.9905
9.30709
9.46329
14.1411
9.31595
12.8372
11.0962
12.6576
14.3332
12.151
14.9224
14.7567
14.4562
11.8058
14.5233
13.0279
14.217
13.3137
13.5386
8.44569
11.0427
13.7065
9.60519
8.67827
12.472
14.9245
8.153
9.44575
14.3567
13.5327
14.4518
13.8403
8.10793
14.6054
11.8031
11.9312
11.8839
6.8117
13.7124
12.2518
7.84291
13.5003
9.40545
11.5934
13.2368
11.1643
11.1772
10.5393
4.82677
12.3758
12.0476
14.0919
8.29508
13.5013
10.7223
6.72046
9.32915
10.3535
8.96496
14.5986
14.0624
13.1293
14.5932
14.4971
9.38529
11.0223
4.73968
5.52173
12.76
10.1563
8.82909
11.8365
13.3699
10.0917
12.0962
10.6114
10.0185
12.5412
11.6111
14.1366
8.37062
13.8228
7.21568
10.8624
11.4788
8.81149
8.99661
5.74431
4.37597
11.9703
11.0764
12.4177
13.2727
12.4745
14.7926
13.0043
14.5061
14.5054
11.8889
13.1342
14.449
10.4554
13.9471
10.5309
14.3129
11.9109
10.8008
9.37846
5.19801
8.62878
5.8714
8.48359
12.8099
12.3536
14.5799
7.37613
12.0994
10.1403
9.75225
13.2908
12.8271
13.6788
11.2578
13.7134
11.6817
13.6373
7.04524
12.5727
14.1988
11.4545
10.5044
9.14289
14.2183
14.4444
13.2132
13.918
9.74446
5.8227
13.8902
10.3588
11.7301
14.0559
14.6412
10.9668
13.7047
13.818
14.915
11.3929
10.7418
9.19039
11.972
9.8263
11.7865
14.3959
6.6882
10.9703
9.02194
13.802
9.23646
5.5503
7.27924
11.9285
13.3804
9.45432
8.7201
11.2139
10.7279
12.8158
12.2281
4.32806
12.8769
12.6996
6.31508
7.56925
4.40271
8.6886
11.497
12.1561
12.9495
14.7909
5.50967
5.98166
11.5172
14.4107
9.10796
14.9246
10.2699
11.8116
9.58514
6.16537
14.7716
9.87142
13.5254
11.1119
11.8187
11.9007
12.81
9.70615
14.2083
10.5573
9.60621
7.90127
4.57245
14.1034
10.4016
6.13606
10.3693
11.8634
10.7266
10.1446
12.0211
12.5157
14.9609
11.7401
10.3408
12.4277
12.8246
10.7999
14.2458
13.9988
10.3665
10.9767
13.176
14.7175
14.932
12.4071
10.1889
6.94906
11.6092
9.88006
8.74423
12.0557
12.2917
14.4057
14.0334
14.827
13.9253
5.78422
14.83
9.06909
10.1718
5.91878
11.9546
14.0339
13.074
9.49832
8.9288
12.1032
12.2033
14.1669
12.9215
14.3386
5.94448
14.545
13.4271
13.4694
12.3644
8.86374
10.525
12.2693
14.5782
14.8265
11.156
8.96234
9.88041
10.9191
9.27258
13.1901
8.53243
13.4635
14.883
12.9364
13.7514
14.7735
8.74513
13.7829
13.1179
8.8803
13.3786
8.85993
6.33842
13.2589
12.2389
12.8209
13.7832
8.68687
13.2872
10.9577
10.768
11.349
10.6855
13.1646
12.7357
7.68335
14.4852
12.7634
13.7879
9.40763
8.58936
9.42597
12.9116
6.37286
7.65874
12.0345
12.2856
5.9263
14.803
10.7567
12.5532
10.004
6.35822
12.1342
7.46172
13.734
14.9028
13.3595
14.872
13.2584
10.4284
10.6636
14.2076
6.75306
10.27
14.0854
4.75323
13.1008
6.40333
8.94316
10.1575
14.0309
5.83551
13.4506
9.18636
10.8474
4.34465
13.5728
14.6066
11.3592
14.519
11.4214
8.87418
14.0336
13.6435
8.7079
13.7339
9.01998
11.6837
12.0022
5.76412
9.47002
8.95465
10.7021
10.7596
14.2041
13.1807
14.5598
5.674
4.32017
12.2005
12.6454
9.39018
12.6258
9.17345
8.29895
4.06654
14.9092
14.2547
14.3758
10.3419
6.49152
7.61787
13.4361
12.9927
13.0922
13.6603
13.4825
13.2842
12.841
14.8752
13.5326
14.1982
10.6928
9.41356
7.87454
12.239
12.5493
12.31
8.79084
14.2463
14.6525
11.4927
14.7457
11.6285
13.8855
12.7025
5.65978
14.4364
14.7571
13.4098
13.7436
13.3674
6.80583
12.656
12.3363
14.4477
5.86993
9.58505
14.0475
5.76699
14.1896
12.2672
9.7707
9.65851
6.7522
14.5659
14.6686
13.6792
10.242
14.2879
6.94033
11.6461
13.312
12.3773
12.7054
14.361
7.75754
9.66871
13.2054
9.22623
11.8056
9.26356
11.8976
13.9226
13.0239
12.2177
4.33958
12.2631
12.9649
14.4491
13.5591
11.8049
11.9754
12.9766
11.4612
9.81558
14.0183
8.79453
12.5626
11.864
12.2712
12.7321
14.6395
13.5077
8.55197
12.9994
13.4168
5.43834
12.9792
12.7738
14.623
12.57
6.58418
9.88924
13.1221
4.24563
10.9562
11.5163
13.1729
13.7781
10.1092
12.3266
11.8812
5.55095
12.8768
6.76439
6.3221
13.7119
14.06
8.27476
9.31245
12.9302
11.6195
9.48878
12.3881
6.30401
5.92556
9.51098
9.27015
13.019
11.0694
14.4968
9.32047
14.5391
11.9808
12.8238
13.116
14.9855
8.83939
9.34846
9.99795
12.836
10.8707
12.0403
12.4192
11.4457
9.85668
14.1996
12.706
5.61743
8.76159
9.10715
13.9719
8.45275
5.39526
6.3095
14.2166
11.6225
11.7031
12.0496
5.61705
9.42518
14.0998
8.39402
13.9836
12.7478
11.9534
10.3854
14.0871
14.9062
13.0911
9.75197
9.70501
9.07119
10.2619
12.1032
10.6956
13.6678
11.8874
14.9388
5.88514
13.3292
4.23224
10.806
13.3864
9.00492
13.428
14.8517
14.0187
14.0415
14.2259
12.6463
10.9193
12.2826
9.77645
8.81116
10.1268
8.40482
13.3382
14.1604
10.9808
10.8609
14.2284
13.9658
14.3467
11.9209
11.1379
14.7479
14.8778
12.3027
10.8429
14.7811
13.2664
11.872
12.9582
6.51892
12.9946
12.587
14.6989
13.2663
14.5725
14.16
14.7402
7.19699
13.7626
10.0793
14.6387
12.0435
13.8074
13.7544
6.50909
13.4113
13.8893
13.1905
9.5279
14.8171
12.506
11.0675
13.5293
11.5172
9.25773
12.4708
11.3452
10.2001
11.8679
7.13041
10.6868
14.9344
7.25075
13.9537
7.48326
9.36206
6.04163
8.8471
12.9208
4.28743
9.3154
13.1296
13.1763
7.38948
8.87137
13.9933
14.303
10.79
11.4974
5.9432
13.1735
11.1352
6.70839
9.92234
8.05496
8.43013
8.49111
8.3328
12.2507
12.9422
12.5421
9.01982
5.36441
8.7543
5.26942
5.2731
13.3388
12.8954
14.0533
14.4709
12.2516
10.8216
13.446
14.9908
6.47093
10.7816
14.4084
12.9206
14.2934
14.4859
12.1652
13.4631
10.0905
11.9704
14.234
7.5915
13.9598
6.26158
9.95521
5.51824
5.69899
14.7461
11.9437
10.9195
9.46063
13.4711
13.1995
10.7816
14.6691
11.1902
14.618
8.24187
12.8626
14.0665
10.9625
13.2708
10.3788
10.3051
13.6633
13.6408
13.7479
12.4923
10.1593
10.9504
9.64603
12.7292
5.69137
9.56585
13.3304
9.86862
10.6905
11.8709
14.5839
7.25944
14.5137
11.4395
6.44952
11.9109
14.229
13.0636
10.4982
11.8064
11.4969
9.86572
13.1267
9.0677
10.25
12.8575
10.6507
8.60261
12.7859
11.335
14.7491
8.13549
11.929
5.97619
9.97635
9.91853
14.0087
11.5905
14.2667
12.1399
4.00908
14.1289
12.5477
7.0815
13.084
13.7959
11.4617
8.88109
8.18895
9.95447
14.3368
14.4906
14.3208
12.0044
8.12457
14.5193
11.0391
10.6938
9.11537
8.79924
9.01096
12.5448
13.5247
13.9025
13.4612
14.6527
12.8369
13.2877
7.39716
5.55707
6.546
7.49622
4.58506
6.22102
9.05311
4.91669
8.73682
11.6928
13.9534
11.8777
11.6018
9.93517
8.99516
13.7486
5.28919
12.2984
13.4155
14.7863
11.5798
4.11669
4.75217
13.3643
14.029
7.89349
14.6676
13.3924
10.654
9.18605
11.56
9.88689
12.9502
13.2581
11.591
12.6918
10.8462
14.2562
6.08824
8.23993
9.15248
8.81393
8.33597
11.1444
6.19467
10.0617
8.55722
8.13369
8.14889
14.4311
14.204
13.0509
6.0776
10.137
11.2027
8.09605
14.7367
10.1174
10.1673
5.64089
11.1265
9.29587
11.4774
11.8784
14.143
9.07642
6.08621
13.1798
8.88964
13.1301
11.954
8.84125
10.3659
4.11239
8.63082
8.78548
14.2523
6.92616
12.186
10.0797
8.31745
13.3944
14.5106
12.6722
5.7159
6.12397
9.16732
13.6415
13.7246
12.0072
13.9405
9.71132
12.4349
5.33615
5.17205
13.9467
10.4821
10.1249
11.0537
12.5529
6.96293
9.74215
14.0664
8.46463
14.9661
7.79296
14.6796
12.7477
5.89658
13.8264
13.0135
12.5658
10.6794
14.6756
8.48459
10.2502
14.3261
12.5566
13.7944
7.67359
12.5701
7.98553
6.70177
8.27409
13.9375
12.9626
13.6232
10.4139
13.6128
13.0358
14.6139
13.8547
4.4573
12.0215
9.3967
14.1416
12.9658
14.8362
11.6311
11.8458
12.2309
13.5806
11.6613
13.111
13.5433
8.47812
6.22493
11.7955
13.5719
14.4466
13.8681
10.1789
10.4003
11.9483
5.32971
11.1377
10.4562
12.5856
13.7865
9.76821
8.47552
14.2595
10.4396
5.2103
10.9022
6.34865
10.8756
13.5154
4.62779
14.8508
9.37185
12.6425
13.037
11.395
8.33258
6.44795
14.7765
11.7514
10.6461
13.181
12.8965
14.0803
11.0432
5.67838
12.5536
10.0018
14.7432
10.404
8.84068
13.8277
9.14693
12.3122
14.5651
8.44995
13.2931
8.28994
9.41092
13.8839
11.99
13.4388
11.712
10.7157
11.6692
12.8587
13.9379
13.7382
11.8723
8.70092
7.54159
12.5319
9.59619
12.4537
13.5114
8.56836
8.71568
11.689
10.7697
14.8802
8.38526
14.6901
10.5608
9.99836
12.9236
12.1731
12.7347
13.954
9.52405
7.31551
13.0485
12.5203
12.1035
8.98791
14.1045
11.0646
10.8974
13.3442
13.8509
14.8824
10.3545
4.18765
14.497
13.9837
10.9268
11.3029
10.2684
14.4599
11.2566
8.50248
6.96549
14.909
11.9154
14.0787
8.542
12.7806
13.3196
12.8597
11.4122
8.5956
10.4315
9.38359
9.59087
13.0988
9.49146
14.1496
12.6734
10.7143
14.4671
6.45014
14.2592
13.7016
14.7123
13.6365
11.2641
13.1318
9.39543
13.8357
14.7676
8.68753
14.1874
5.63803
10.0465
13.6072
6.35625
12.3851
11.5951
12.9659
5.58055
13.826
9.85096
13.499
10.8503
10.7918
5.79808
9.96362
11.4703
6.57675
13.809
13.6956
14.933
13.622
12.242
10.2912
8.21621
10.5707
13.6382
12.5976
12.0951
10.7828
13.4209
8.93703
11.0078
11.8945
12.587
8.89908
6.30426
10.8562
13.5979
13.6686
7.39462
7.46412
11.9528
13.8699
8.18924
7.48433
11.1841
11.9112
13.1118
13.8043
12.0174
11.2976
14.8642
11.9971
14.5103
14.8945
13.3903
10.9496
13.3189
14.4626
8.17325
14.2749
9.23542
9.78545
13.6582
7.87783
14.21
14.4058
9.96503
13.8072
9.83766
11.7967
11.9691
14.6563
11.8035
14.5331
11.6602
11.3875
11.8506
12.4166
3.72607
12.9148
9.88159
10.357
10.143
10.6177
11.5562
8.92795
11.6581
11.7361
12.9517
13.0069
9.74269
12.5914
14.8255
13.6846
14.0135
9.81274
14.4762
13.5856
5.68407
8.04099
12.7937
14.7489
11.5881
12.4459
12.4526
13.0376
13.1178
13.7069
8.02132
11.0012
12.3847
13.3096
14.4544
13.9362
9.49105
6.70833
8.97951
14.0873
13.1902
11.5922
10.9157
14.8767
11.6185
13.2106
13.383
12.1091
13.8886
9.13803
6.33304
8.60668
13.7483
12.8792
11.9926
13.7763
14.4376
10.5778
11.9859
5.81056
10.2493
13.6296
8.86984
12.0132
9.52762
13.8817
14.9158
13.4107
13.2647
13.8494
7.16193
12.9823
9.26132
14.5347
12.548
12.8621
12.9934
4.01081
7.77636
14.073
13.1385
8.93613
10.6916
12.7713
14.0331
8.03144
12.3964
5.58539
10.1685
13.0947
8.12139
8.71173
9.25164
13.6559
13.4838
12.443
12.3267
5.87854
14.5085
14.0981
8.22375
10.4814
11.851
13.5158
11.4769
5.76983
8.49689
9.68663
11.7946
13.0833
9.6165
12.0265
9.48458
13.2838
12.9355
10.2328
11.1617
8.21407
6.06064
11.4992
9.7666
9.36005
12.6393
13.699
9.86757
8.42568
12.0619
10.8846
10.4904
12.0195
11.5341
10.0108
14.8174
11.231
12.3614
7.22606
9.88365
14.6919
8.16268
9.59458
11.9263
14.1848
11.5494
4.67537
14.2333
10.7206
13.4533
14.5552
11.337
14.597
9.56292
12.0679
6.17817
10.7216
10.243
13.3405
13.037
4.15859
14.3409
11.0893
11.8592
14.8293
11.5805
11.8238
11.2377
6.94728
13.7556
7.7599
9.93358
10.3633
6.77709
12.3689
13.8411
8.53289
13.6214
12.7857
13.4708
9.20686
12.3156
12.8637
12.5518
12.4685
14.5306
10.5212
9.27904
11.511
12.2342
13.2474
14.5679
11.7034
9.59436
14.0746
11.999
6.36988
5.11755
10.7976
12.559
11.1517
5.88564
11.7124
14.1404
8.52667
10.7307
14.7837
13.6452
8.70314
12.0394
6.83799
12.6113
13.6151
10.1907
5.11269
10.0648
5.71334
4.80701
8.55825
14.2402
12.1096
13.3367
13.9639
14.8671
12.5229
12.9911
10.6145
8.76126
14.3093
13.0538
11.4323
10.0246
14.5159
14.9115
12.3539
13.8291
14.376
14.9624
12.6693
9.83232
12.944
13.9795
9.47676
10.4359
13.994
12.7883
6.31377
10.4028
5.70494
6.25749
13.0384
13.6505
6.84203
4.5268
8.91366
11.7503
4.30563
9.0346
14.2186
12.328
9.3237
14.5803
9.9511
11.0322
14.0987
13.4029
12.2468
12.4201
9.98511
11.1935
8.45431
11.3634
12.1427
10.2271
9.35177
5.18683
14.7417
11.857
14.0744
11.0861
14.4396
14.3504
12.3286
9.91291
10.5304
8.19194
5.40535
8.76075
5.91115
4.20862
12.4862
10.8905
6.5604
8.34453
14.7288
5.59469
5.29609
9.62447
8.86492
13.8233
12.766
11.8996
12.1753
9.6796
5.07815
9.97
12.4528
8.59699
10.4736
13.575
13.0232
6.15668
10.8904
10.3832
10.0235
5.55393
10.1614
12.9964
11.4278
6.40434
4.30207
12.9096
5.13045
9.13344
13.0968
14.7771
13.592
7.94847
12.321
14.721
13.5735
8.64278
5.9929
10.5454
12.7893
14.7179
12.1387
14.4277
10.6001
9.75894
13.7584
13.882
10.3257
8.35745
11.3534
7.37329
12.6382
10.337
5.44175
12.6174
14.7971
10.407
13.8996
12.6307
9.04544
10.9628
9.46152
11.3633
11.4507
10.1515
14.0715
13.8335
13.1724
10.8964
11.9126
9.94193
7.11101
13.6157
14.9736
8.76301
13.1526
5.86371
13.9607
14.8734
4.98101
10.0264
12.0832
13.6213
12.9032
13.3236
12.0889
12.7285
7.72078
5.80408
11.7337
14.8401
9.04314
10.0033
12.7785
13.2041
13.3105
7.60795
13.2083
11.6584
14.3569
13.2814
5.89615
9.5546
14.8672
9.30035
13.5575
14.6855
5.17311
9.12761
14.5172
10.4947
7.75496
12.265
10.7841
9.81494
10.8295
14.3703
14.0093
10.0118
9.47514
12.9622
10.4491
13.2512
7.6839
7.6882
11.3284
4.09488
6.43937
7.99729
10.4293
11.3559
10.5179
8.43507
11.3367
13.7783
14.0616
12.6336
12.1574
14.9453
8.80768
10.7565
13.7097
12.3791
11.9072
8.43874
8.23915
5.30097
5.04002
7.87919
6.64915
14.7656
12.6796
14.4702
9.32642
14.1654
10.4029
14.7874
13.9516
13.2974
11.2612
14.6968
6.29118
9.2585
7.87305
13.977
13.4061
6.52598
4.43324
11.9719
8.63424
9.18081
13.157
5.51726
8.77827
13.7264
13.6665
10.0533
9.64323
14.6662
5.58532
11.5207
10.6024
12.6653
11.9149
6.32935
12.449
13.2483
10.6327
13.6655
14.6014
9.11297
11.8175
12.5922
14.2322
12.6718
14.4106
12.5144
11.508
14.6501
10.477
11.2761
13.3033
11.659
9.42857
10.563
10.5601
13.5189
12.6595
8.94027
12.5132
14.2664
13.6487
10.6157
11.3859
5.41039
9.3151
6.96306
4.14861
12.2528
10.3635
5.74905
13.5369
14.7281
10.8695
14.7576
11.9046
7.78869
9.62478
8.78232
13.4184
14.9068
13.5651
8.12844
8.13533
8.52781
13.8123
11.4608
12.3343
12.9689
13.5535
12.2863
14.1327
3.76759
10.3402
11.3036
14.2425
9.98971
10.0649
8.84541
12.86
8.49137
11.6693
6.02506
14.3643
13.1221
9.50066
14.8729
13.7446
6.00284
7.01856
14.3316
14.4939
11.12
13.3432
12.9752
10.0612
7.11347
13.0845
9.65473
12.7105
3.95129
12.5571
11.1604
8.61988
14.6333
13.496
13.9262
14.6248
6.23608
9.34913
12.7456
6.75452
9.9668
13.1517
7.21257
12.836
14.6816
12.2092
4.34685
6.05084
6.19389
10.0064
10.3033
10.3798
12.9621
13.3009
12.4232
10.8336
7.0644
13.8495
13.688
5.55831
8.61531
10.5923
14.0041
9.1794
11.4464
12.8978
13.5644
12.7695
13.2888
14.8207
14.3773
9.31305
7.50203
10.8157
11.2756
14.6722
11.8787
13.1541
12.9058
8.7084
13.0088
12.3348
13.1748
12.076
14.7024
8.7957
13.9037
14.6822
12.1888
11.9777
6.38466
6.08247
12.5261
8.26093
7.27125
9.8894
10.3161
11.813
13.5112
6.42574
13.5905
12.2741
14.1637
13.5107
5.80022
6.11624
10.9313
13.537
13.0831
13.443
13.801
8.32988
9.09651
11.9976
12.5313
14.1256
8.98573
7.92797
13.7826
12.0848
14.4198
10.0376
11.0469
14.7836
14.2257
11.4129
7.00583
6.67653
4.50434
12.5672
11.5214
13.9782
13.1409
4.81448
9.8892
5.54916
11.5108
11.771
9.31755
14.1439
14.7622
10.0865
8.78493
14.17
8.96327
6.4454
8.46001
10.9879
8.03215
4.19193
8.48586
10.9787
9.44018
12.286
12.7563
12.8558
9.97581
10.5724
11.7566
10.2249
12.1442
9.55701
12.2019
13.8151
14.7432
10.7508
13.5745
11.9832
10.3036
11.1521
11.9881
12.0729
14.4416
11.7564
12.3706
10.1153
7.7308
12.9345
13.8782
11.3827
14.3952
8.8864
9.76669
9.97851
9.36203
11.9387
14.1983
10.4463
6.1074
9.25192
11.3295
10.3931
6.71818
5.15924
10.4312
13.1319
9.9804
13.7238
12.7564
8.97734
14.242
9.92733
13.4217
8.86545
10.7755
6.98572
13.1146
13.4035
9.43343
9.41522
11.3199
11.8102
6.251
13.1648
12.7976
8.14176
14.4902
8.02953
10.9681
6.90212
9.89317
14.2994
13.2536
8.2358
5.02959
11.3408
14.7961
8.63953
12.9641
6.42114
13.0252
14.9325
12.8856
6.58079
13.035
12.0696
14.9779
4.86318
9.043
13.4722
12.2605
10.7682
10.1441
9.13218
10.0879
5.34291
7.29348
8.81237
7.73119
11.5028
12.9488
14.0937
14.4447
11.4566
10.5218
9.70566
13.3321
4.16048
11.0797
9.15449
12.9074
5.29722
5.55488
13.3814
14.9927
10.3474
12.2824
10.7331
12.7447
13.8123
10.0491
5.22936
11.6799
9.42366
10.7193
13.3041
5.68297
14.0007
14.3098
9.76898
12.7121
5.27122
8.1158
13.3631
8.87511
7.3703
14.4516
11.4769
10.9966
9.73774
11.9704
10.2574
7.02879
9.33702
14.1911
10.444
6.91519
10.9851
9.63146
6.53884
4.31349
11.2715
10.226
12.3947
14.102
14.3545
14.1366
12.2227
9.03091
13.8615
11.6193
13.4112
12.9532
14.307
9.52465
14.5023
5.87624
14.3279
10.1585
9.2164
13.5466
14.3639
9.16632
6.24102
4.61166
14.9365
8.25419
12.4668
13.8144
12.6788
14.0905
13.8117
9.99458
11.7903
13.3243
13.3311
13.6074
13.2354
10.9559
14.2182
7.58319
12.5181
8.25151
8.93316
14.874
14.7717
11.8365
14.9186
13.18
9.53107
7.18143
12.5141
14.4478
6.72895
9.70768
12.8495
6.11312
13.25
13.0031
9.30798
14.0467
14.3337
7.19005
9.35241
10.1583
6.64907
12.7009
12.0681
11.152
8.92491
10.2604
13.7355
13.0688
4.44779
9.64846
13.1349
12.0253
10.4548
10.2768
8.88792
9.57902
5.89914
11.2542
5.88646
12.5951
10.153
10.007
12.3951
13.5449
5.67669
6.29091
8.09994
14.9476
12.6479
13.0253
11.1894
13.7915
7.25082
12.6492
8.16413
9.19638
11.8702
11.9398
4.55212
10.3741
13.3784
9.95538
10.5132
14.2873
8.45704
11.5131
9.92727
14.8492
12.057
10.9582
13.7448
13.5298
12.1305
6.37202
4.64976
9.51308
9.29221
10.5355
14.833
4.81779
9.69997
14.749
10.7018
14.997
7.73836
4.962
13.5161
9.99397
9.60145
13.6239
14.1217
10.8634
12.709
12.4764
10.9038
13.2285
8.63594
10.2547
9.09819
14.8795
14.1465
4.6755
13.5138
4.45339
14.0487
14.1026
9.95762
5.85267
12.4369
13.8763
10.2506
12.4273
9.9034
14.5735
14.9032
9.88957
6.16821
10.8965
12.0904
13.7804
13.8204
12.0236
10.4317
11.5949
9.47349
12.7544
12.0315
13.2951
11.362
14.4233
10.2395
11.3022
12.7811
6.67068
7.47166
11.6939
13.5545
8.7958
13.299
14.4517
9.40564
11.6884
10.0928
8.29771
9.98161
9.75297
8.42519
7.30211
10.7838
8.46182
9.65528
5.38918
12.4164
11.578
10.408
13.4308
8.4492
10.3356
14.742
13.6976
13.6094
12.9077
12.0014
6.57759
4.97869
6.49888
8.71261
7.99611
13.7416
8.44895
14.014
10.6777
14.6398
12.7084
14.1681
14.3942
14.9553
14.7427
14.2861
13.4773
10.1949
14.6095
14.9941
10.1752
11.0041
8.21389
9.86486
12.434
10.3373
12.976
14.8225
12.6714
9.22059
9.73072
6.23652
11.5902
13.6535
12.7897
9.27551
10.9448
12.3968
9.28296
13.1316
13.4277
11.5887
5.66014
10.638
10.978
10.289
13.2688
14.8649
9.36133
14.5154
8.26662
9.94803
4.37563
13.4273
7.62788
14.3603
9.86037
11.6273
8.337
12.3496
14.666
10.1069
10.9733
12.0845
11.5307
9.1193
10.2359
13.8337
11.1565
8.7924
8.68054
10.7792
12.099
3.9343
14.6646
13.7957
10.4176
10.4973
10.7578
12.1896
12.9812
11.7567
6.64809
7.36512
12.2145
11.6304
13.0882
8.95574
10.6984
14.4829
4.46912
5.53465
9.92193
13.0549
14.2464
9.47352
6.24392
14.7484
11.8154
11.8011
10.5937
5.36239
11.9066
13.5366
5.714
11.4326
10.3414
10.5417
14.7378
11.8977
10.8207
11.2657
12.0918
9.32999
11.8517
10.3857
14.1497
13.0874
12.369
13.0348
13.9088
11.3557
13.6508
10.1303
7.32985
10.2285
13.3439
13.7153
8.54618
14.1506
14.4729
10.0083
6.63282
10.2649
12.2808
9.82167
8.77136
9.2403
14.5563
14.7627
13.3209
8.70211
10.6221
10.8005
10.3316
12.8312
11.9445
14.1458
11.0587
10.8651
9.71239
13.3421
10.5346
9.42944
9.2947
13.491
13.8458
6.81849
12.0977
5.28716
14.8668
8.15574
10.9416
9.91934
12.3407
12.3578
13.8657
12.0434
12.8279
12.4221
12.9875
13.73
9.5027
9.7153
14.5422
4.65536
10.3151
13.1018
13.5322
10.8324
13.2868
10.0527
8.95306
13.1232
5.73561
14.6465
13.3847
14.1836
12.6729
14.8508
13.1338
5.79134
8.35192
11.5721
8.27246
14.7448
13.7418
12.5702
4.49683
9.86881
12.5694
11.3015
12.9143
9.90551
8.14335
7.06392
14.7347
13.9198
12.0993
10.6944
12.6956
6.32896
9.86787
12.7795
6.31042
10.3995
6.59674
10.2841
14.4247
11.767
14.9809
14.6865
12.0282
7.29558
10.3372
9.13556
13.2406
11.3375
6.30273
14.2707
10.9331
11.2119
7.55539
13.5404
7.70999
12.3516
14.14
11.0401
8.32382
13.0859
9.24821
14.1539
11.2983
13.6228
13.3895
10.1086
6.03539
4.80924
14.7451
4.7143
12.0113
14.2416
11.5456
10.4955
8.06863
4.05748
14.7815
10.4842
9.97394
11.8165
4.78896
13.9603
8.2411
6.27307
12.1751
5.23618
13.884
8.46049
12.205
7.68106
10.2229
11.0999
13.1074
9.65999
10.0722
5.78213
5.4386
5.79443
10.4624
10.6535
14.2104
10.6502
14.0011
9.67764
8.18876
14.2112
9.51762
11.3724
11.8757
14.7447
8.12447
11.07
8.85551
14.3261
9.15971
14.6142
10.5238
14.7482
7.3742
14.8271
4.27369
11.4282
14.504
10.5884
10.3881
4.89604
7.0887
8.9251
6.11076
8.18621
13.4603
10.5524
14.3901
14.0201
12.8385
13.8766
10.0151
12.6163
13.3698
11.4962
13.2455
9.44758
6.82033
11.5378
11.2654
6.44017
14.5698
12.6747
9.24531
10.9852
5.77631
11.017
6.87473
11.3035
8.00292
12.4172
8.83723
14.8561
14.4168
14.122
11.3649
10.0121
13.6188
13.6294
5.45221
14.5523
9.30935
13.1331
9.70837
9.21847
5.20999
10.9158
14.4883
12.1672
13.9563
13.9991
14.0061
14.3873
13.3216
5.40615
9.40312
10.6578
14.8645
6.89792
12.8883
13.4136
10.2176
11.6299
9.97235
10.5892
9.15585
11.3101
12.9395
13.8127
12.0661
14.8001
9.55091
6.76373
12.332
13.1504
11.9826
14.3723
10.295
4.27031
14.1808
14.3544
13.5077
5.57013
12.8525
6.60585
6.50536
12.6018
12.145
10.1383
12.5527
11.5274
13.2468
12.8223
13.6734
10.0759
13.5028
13.6515
12.5726
13.2923
13.5852
13.9524
13.6272
12.9758
13.2743
13.4805
13.3634
6.49955
14.6913
12.7891
6.88951
13.7054
5.44491
6.68938
11.309
10.9063
12.9748
13.4736
9.87564
11.9685
8.82947
13.0455
14.7065
10.8011
13.2698
12.835
14.1894
14.3093
7.13846
8.4288
8.43675
9.37156
12.8128
8.81454
5.61127
14.0422
12.1558
6.28444
10.0192
9.18455
11.5132
14.0312
13.454
9.96212
13.6403
12.0159
11.7702
14.5216
6.71751
14.8589
13.5623
11.9358
10.7875
12.3955
14.9296
10.8916
14.1809
11.4052
8.12862
10.5581
8.97795
5.74115
10.256
13.6631
13.829
6.34034
12.863
12.8566
6.89497
10.2471
5.6705
9.62807
8.66396
14.6365
5.52295
14.1646
14.1796
10.0862
14.1532
12.8084
14.4795
14.3548
13.1929
12.9187
12.4065
11.3652
13.2319
8.77394
13.8699
8.31278
6.52048
13.0076
12.561
14.2739
13.5202
12.3212
6.60568
10.0454
13.0963
13.0108
13.6124
11.8869
10.0068
12.3626
8.57037
11.1838
10.1028
10.4272
13.0976
12.4656
13.8965
6.41911
12.8921
13.3422
11.0071
10.0667
9.98146
9.26852
14.0217
14.9831
9.8613
13.5514
10.7788
11.7814
11.6516
13.9552
9.47733
13.8077
3.97836
11.4922
14.8115
14.5139
11.1066
12.123
10.8499
13.0066
13.0047
10.8099
6.40665
9.10896
13.1481
14.4005
14.3246
7.09471
14.4834
12.6292
13.1063
13.6881
11.5695
11.2085
10.3666
12.7486
13.5705
12.5812
7.95798
14.9594
13.4668
5.54717
7.8064
10.287
12.3898
12.7444
14.2047
13.4346
8.1579
8.24025
13.9103
10.3045
8.37111
14.9055
14.3952
14.6219
13.3255
5.69851
13.6619
8.28047
6.65013
10.9364
12.5844
8.80157
9.48069
7.14599
14.7247
9.87627
14.675
13.0319
6.08662
14.4711
12.6096
12.1443
14.6202
14.7181
14.4357
10.5978
14.6388
14.9696
7.4533
12.7697
12.7116
12.9982
10.1708
14.8958
5.37537
11.5785
5.38723
14.149
14.2634
14.7685
7.25591
10.8537
13.6211
4.44127
8.75435
14.0682
9.7656
9.22092
14.803
12.3498
14.2965
8.72589
6.52742
6.20575
11.077
13.8865
9.38155
11.9617
5.63181
14.276
6.92181
12.6371
4.04833
14.5264
12.4114
13.6975
10.6706
10.6696
8.00068
14.3424
14.3342
8.69882
9.96463
14.6261
6.23137
11.409
14.8025
10.4369
11.2376
13.8907
12.6146
5.83157
14.2661
11.5588
11.6079
12.6933
11.4571
10.5787
13.2634
4.18831
9.58088
8.62234
11.2305
11.7398
14.4877
9.57451
12.573
10.7553
7.49889
4.64145
6.47277
8.91206
13.6113
8.52526
14.8442
7.56388
4.69853
10.7769
8.52498
13.1777
11.3173
14.1654
6.79643
12.2199
14.5208
11.1489
14.2019
10.027
11.0068
14.8103
6.7416
13.7018
12.8765
11.2122
11.6843
5.53177
14.2961
14.8349
11.5175
10.094
8.54564
12.0256
11.9875
11.9649
9.89669
9.86682
6.94411
14.8391
9.88046
8.432
12.3519
14.2827
13.2683
4.07207
6.38274
10.0237
8.72735
14.5311
8.67878
11.4537
14.5535
11.6647
13.296
11.8977
10.1698
4.48881
13.5159
12.2351
11.4368
14.1225
6.90141
8.83783
14.4788
8.91513
13.2862
13.4133
8.82669
9.77766
14.1834
13.3723
6.48608
13.6234
8.88477
14.9404
12.3447
12.2149
10.3937
9.93635
14.6003
12.5758
8.86723
9.0118
10.2973
5.86859
8.13004
9.44075
8.53973
12.7764
12.9271
9.22077
8.66058
12.6646
6.49671
10.9198
8.60473
11.2158
11.8121
14.1311
13.8365
13.7099
14.6031
13.4448
8.46131
14.4863
10.0106
14.9259
12.1691
13.5076
13.7295
7.84465
9.9409
9.63032
14.2621
8.24352
9.4476
14.8074
5.63953
12.4543
6.18785
8.74109
10.3677
14.2204
10.3676
12.424
8.77692
10.4496
12.501
6.33436
9.82657
10.8018
9.35593
14.1684
12.454
14.2682
11.9911
10.562
12.9522
13.6707
14.373
10.5054
5.93435
8.47818
9.62926
9.52098
9.41662
11.8108
13.1272
12.4028
6.83004
11.8818
8.20008
6.07517
10.2822
14.6434
14.7502
7.65399
13.3636
9.34873
14.4457
11.4209
9.1413
5.12646
11.2966
11.9954
11.0264
8.43632
13.8948
14.6606
7.42655
8.9433
13.162
9.70289
13.2702
11.9601
12.7486
7.4795
5.61585
12.4076
7.42067
11.0796
10.1168
12.9495
8.30796
12.1583
10.8886
9.3343
5.50196
8.65686
13.0679
14.8721
13.5426
13.2071
11.1097
14.7648
9.96901
11.137
11.6015
14.0022
13.532
12.3145
9.72062
12.951
10.3584
8.39314
14.4774
11.6342
12.694
8.354
13.5077
13.7762
7.67891
13.7106
14.5375
12.0391
12.0989
14.6147
14.4721
9.12383
12.3218
13.4799
10.2142
14.8457
13.8344
9.46231
14.788
12.4999
13.1018
12.9862
8.45679
12.9623
9.63677
10.0362
12.9368
5.45429
14.2523
5.20274
10.2194
12.0532
5.90366
5.45203
11.1025
14.3458
12.3116
7.19466
11.1691
5.4786
12.6415
12.7473
13.9204
8.2683
13.3923
12.8548
11.5997
13.4261
10.0324
10.2134
10.3861
11.1585
14.2287
14.4545
6.68466
8.6168
13.0858
14.9155
13.9463
12.22
12.0859
9.49818
12.8315
5.89737
9.85491
7.47606
5.75383
9.31881
9.41557
12.8089
11.8049
12.8266
9.71715
8.70261
11.5809
12.0454
7.08621
7.66584
4.14311
13.6704
5.90365
13.7644
11.5078
8.68143
10.9616
8.19577
14.932
13.5751
13.2686
10.7796
11.3206
12.1015
12.8367
14.4573
6.71519
12.4735
12.8726
8.65885
11.9626
9.30625
5.28808
10.3141
12.6561
6.39335
10.384
10.8149
12.6022
13.8254
5.13914
9.289
10.9716
12.3783
13.9721
13.1376
14.3102
11.9532
11.2976
8.21841
10.1048
13.0294
14.2812
10.4817
14.693
14.1925
13.4202
12.7942
14.2422
9.08643
11.5192
12.273
13.688
10.9703
13.9726
6.31876
13.5608
10.5784
12.1511
10.9701
14.1291
14.9217
5.8423
14.2472
8.95586
13.1202
13.1906
11.5749
10.9197
13.3273
14.9173
10.1682
13.8294
12.6414
9.59239
11.4739
10.5085
8.47693
10.3917
13.5061
12.5272
10.6489
5.73759
7.62451
9.7195
14.3257
11.9166
6.45135
9.73493
10.9639
12.9317
14.1286
10.0533
10.7049
9.82666
11.957
5.78449
5.50758
8.50523
13.6776
12.3271
8.62941
13.7141
6.65845
14.136
13.3512
8.37227
8.58138
7.29733
6.91656
9.38778
12.3567
4.78518
12.6519
13.9297
9.45921
11.9303
6.79332
14.2112
8.63823
5.2915
5.786
6.14632
14.1113
9.03746
14.8371
11.8005
12.6871
11.4856
8.46523
14.1253
13.0198
13.471
9.83509
9.67354
8.05905
12.4787
8.68658
12.4045
13.142
6.59448
13.1452
9.85442
14.983
11.6783
11.3033
12.6902
9.69147
9.90466
11.3274
8.35
12.7308
10.9561
11.6774
13.1647
6.37701
13.2098
8.7501
12.67
14.2208
10.0979
12.2093
11.0876
12.0667
13.833
14.6388
13.3755
11.1075
14.4186
5.62913
14.3199
12.8841
11.6273
12.4997
6.14343
9.97568
10.1458
13.2626
14.3107
4.92978
14.536
14.3485
14.6067
13.101
14.827
12.3271
6.97062
14.055
12.0362
7.76347
12.0651
12.0678
14.9392
10.2772
7.38848
6.1729
13.8122
14.5632
9.68503
12.4086
8.85343
10.0623
5.88139
10.0936
5.90258
14.3273
12.5748
7.52312
5.95305
7.02553
8.66236
9.4534
7.0146
6.22528
13.0233
8.45176
8.88591
5.36801
11.7732
12.2911
12.7446
14.1004
8.51826
10.4347
10.2485
13.8056
10.5831
13.5474
10.9773
13.8529
11.967
10.6425
14.2244
14.5221
10.7709
14.7812
9.84934
14.9918
14.416
10.8496
6.31536
9.60403
5.91464
11.4503
6.29145
11.8406
14.7769
12.2097
9.40223
13.56
6.22273
10.7767
13.3745
12.4219
5.67327
7.70691
14.16
14.7172
12.4308
8.31108
13.9861
12.3138
8.49009
9.13961
13.9171
11.9221
12.8286
8.521
9.23306
12.9725
5.34883
4.08522
8.46943
9.47034
14.2247
9.98705
13.8971
10.7939
8.68104
10.0209
9.50033
14.6024
11.0156
7.16911
10.1087
10.2829
14.525
10.233
13.8478
6.7353
11.1809
11.4018
11.5681
14.3782
13.6641
11.9076
9.13438
13.7095
10.018
12.0035
10.0635
5.11171
11.9842
6.91543
6.77804
12.8473
14.4072
12.0839
13.0835
7.27954
11.4036
11.9989
4.52461
11.8169
13.093
13.6236
14.8879
9.95582
10.9907
5.92283
6.77717
8.77254
5.40955
14.044
14.2097
13.6175
14.8656
13.4736
12.0543
14.1753
12.7711
10.2557
9.36856
13.4802
14.3211
10.3447
14.3002
13.2672
13.3479
9.93346
13.8626
14.5152
7.40083
14.3004
8.7946
14.8056
13.4329
10.4363
4.31868
9.14699
8.70623
14.8212
13.2802
9.55455
14.2894
10.0385
12.4655
13.7292
9.93962
13.2907
13.6972
12.2124
6.17546
9.56797
5.1896
12.5633
14.9895
14.5568
12.5291
9.99467
12.6795
7.63312
7.76255
10.9839
6.38265
8.52494
7.68052
12.2554
14.6425
9.07738
14.5362
10.3688
9.04482
6.50959
14.4608
14.0815
4.15403
13.9268
11.8642
12.5291
10.6877
6.13428
11.618
13.296
13.1959
5.59381
10.9339
9.91413
14.2473
8.2082
13.3942
14.1756
14.8385
11.92
7.23867
10.5016
14.3787
12.1898
11.7391
5.78862
12.1074
14.631
14.8195
11.4213
11.3191
10.0115
10.4747
14.9951
12.9702
13.0879
5.98022
12.4124
9.04913
14.6881
12.6016
13.7138
9.04009
6.80191
10.3044
10.0065
5.69764
4.04472
8.76531
8.18376
14.8378
11.2288
13.2684
13.3921
10.0476
14.5838
14.1362
7.95138
9.70528
9.76547
10.245
12.3339
10.7367
12.3532
13.946
14.226
12.4117
8.54376
12.2663
12.1234
8.76997
10.8816
11.535
12.9508
9.91849
9.42738
12.3424
14.2322
13.0639
6.03719
9.6614
10.3445
10.9413
9.96813
4.33335
8.50084
5.79104
14.0984
13.9414
10.4305
9.69657
14.3658
10.0552
13.8456
9.78376
9.72068
14.3162
10.6852
9.25594
12.208
14.8967
10.051
6.92637
10.8336
13.4492
9.31224
10.3807
13.1166
13.0795
8.79875
8.77734
9.12411
11.5007
9.35489
4.72388
8.75197
4.09717
7.62195
9.51105
13.3032
12.1367
14.9397
13.684
13.5145
11.6353
13.8493
5.41026
9.68046
5.12725
10.5763
5.65625
13.6601
11.8307
14.5255
7.72361
11.2061
13.9844
8.72589
14.3527
12.9515
14.6871
12.772
14.9204
11.8921
11.0647
14.5292
12.1437
12.9083
11.308
10.6789
14.8989
11.2317
14.3321
14.3746
6.10884
4.89495
13.7024
11.2123
14.9498
9.58029
4.11838
13.8154
12.958
11.676
14.8112
12.7343
9.74711
9.10464
14.8204
11.9409
12.6557
10.2917
11.9418
12.1654
11.1658
9.88679
10.1976
11.1426
13.2243
14.326
13.8112
10.3309
13.7415
10.8182
7.55823
4.64639
14.2198
11.2278
9.00379
13.3245
10.2586
9.97007
6.90302
10.0798
8.66979
11.6205
14.3027
6.30571
13.9263
9.45884
6.23964
12.2346
8.76382
9.95712
9.33812
10.2135
13.0626
13.4046
9.36764
9.32838
12.3
11.6695
10.0238
12.7063
9.01488
10.1657
9.51803
13.9474
10.1985
13.3593
14.0718
11.9932
11.126
10.873
8.88383
14.9522
14.6627
14.8087
14.367
5.81463
6.61221
5.89563
9.6111
6.96647
5.40631
9.16288
5.84204
3.9124
10.2442
14.2915
9.83786
12.6912
14.8694
7.23623
6.11575
11.7638
11.5449
4.20665
8.45166
11.8109
13.0918
14.0371
7.99034
5.07607
12.7991
13.6492
12.1995
14.3982
11.8021
14.1743
8.71391
11.0542
12.2564
12.5454
11.0335
6.80454
10.6382
5.48297
10.2535
9.39549
5.14098
12.8935
14.4646
10.1615
13.4235
11.0864
6.37216
12.0681
13.7334
9.74277
4.3453
12.8708
13.4837
12.8526
6.28609
9.90614
6.09878
6.85722
7.55759
13.0093
14.8739
9.61919
10.0131
10.5459
10.2889
11.5783
10.7555
14.6041
7.07576
13.7159
14.5034
12.4408
5.76803
5.32664
12.5902
14.3084
12.6547
14.3229
11.5027
11.724
6.3773
11.2465
14.0194
11.3981
8.80563
14.5175
8.83487
10.0643
13.6426
11.0255
10.5688
8.45808
5.63609
13.3974
10.5795
14.9285
10.8772
13.6843
13.3416
8.60986
10.4612
12.0083
7.17816
13.2582
4.12888
13.9728
9.87788
10.7937
14.7548
5.41411
14.1416
14.6576
10.0616
8.83859
9.26114
8.36829
10.546
13.4361
9.0405
12.9485
6.65446
5.87966
10.7617
12.9722
9.41895
11.1972
3.95314
9.36484
7.92913
9.72147
7.42835
10.6318
12.0916
10.8045
13.5817
12.1061
11.3551
14.8908
9.32974
13.5191
9.77822
5.43935
10.1207
12.2394
6.68893
7.93092
13.2946
14.9068
11.5568
14.2739
6.86193
8.6111
9.65335
12.7672
8.48911
8.04135
14.9836
12.2643
12.4491
12.6497
13.4013
14.4931
9.00131
5.74592
12.4626
8.73783
9.07401
6.4469
11.463
8.63158
13.0691
12.2683
8.599
12.4336
14.6548
13.0221
14.7838
5.1549
9.33445
14.0213
12.3489
11.8208
12.9717
10.4276
4.3766
11.6823
7.90384
7.3562
13.0604
12.0872
11.5534
5.98498
11.6281
13.6219
11.9064
14.1777
8.41002
11.5724
14.2315
12.2559
14.1616
12.2522
8.69645
12.928
9.62717
11.5636
10.5477
4.25243
14.377
11.2388
14.5371
9.62363
13.9293
5.378
12.5362
12.1289
14.1702
13.8584
13.3066
9.41993
5.78263
14.3335
5.90791
12.1684
9.56764
12.6845
10.9948
10.1438
9.60361
13.2942
9.77315
12.9826
7.33188
7.94374
14.5491
8.248
13.0157
9.63321
12.8497
8.82376
10.6664
13.3871
13.7978
13.5543
9.2373
8.54586
14.7902
12.2816
14.7504
13.4533
12.4067
10.413
10.1687
11.745
13.9792
13.8806
12.6534
6.65785
8.4085
14.692
14.2436
11.8883
12.1642
13.0363
11.2956
14.6151
8.74251
11.7877
12.2737
14.724
12.4076
8.42604
11.6513
14.8289
12.018
11.5682
13.6981
8.58516
13.1014
12.0102
10.4249
13.2095
9.86209
6.26292
9.53332
12.6552
13.7616
10.0659
12.827
10.9769
9.71193
10.4621
4.95928
4.45043
14.2816
10.5815
10.9458
13.0902
12.8984
14.5091
4.24112
9.39306
11.0717
12.6667
12.6799
9.16901
14.938
10.2844
8.54759
11.7737
5.30864
11.4651
9.37838
14.0884
12.1315
10.9045
9.08313
13.6107
13.6196
14.1067
14.3573
14.232
9.3666
8.73201
12.4374
14.1628
5.26736
6.9554
13.3779
9.53096
14.7318
12.3683
6.57344
10.9223
14.4137
12.6444
4.42364
14.5188
11.6661
8.07686
12.7919
14.898
8.04693
4.62176
8.75856
13.6173
13.4595
9.33357
10.4376
13.4992
5.39912
5.50199
10.3867
8.63858
7.59912
11.5246
9.74868
10.3143
13.4349
14.5888
13.5016
11.2945
9.08185
13.6434
9.89296
14.9453
12.6873
14.4818
14.5895
12.4592
11.8296
10.742
11.8021
11.8472
14.2706
7.64378
6.47034
14.37
13.7512
9.90258
12.2539
14.5307
13.0161
14.1923
12.5046
14.9218
11.7004
11.312
13.7262
13.2598
6.99222
10.1436
9.24026
8.33812
14.7654
12.2293
9.714
11.0963
12.4271
14.6246
12.5411
10.5124
9.94936
10.2427
14.6717
7.22867
12.6326
13.6127
8.93486
12.4505
7.0117
4.8688
12.1575
5.92974
13.2965
9.16021
10.4637
10.6596
13.9362
12.4497
9.33148
14.3601
11.9936
10.979
12.9726
11.6769
13.6714
10.2081
12.316
12.3929
14.7492
11.4433
11.6956
14.3978
9.00437
4.37609
12.6601
12.4094
4.34745
4.3829
14.1261
12.5143
4.57783
13.2574
13.3741
12.936
12.2147
14.3967
13.4091
4.37152
9.29668
9.93342
12.0973
9.51102
5.14976
5.35006
7.26271
12.3795
14.93
5.02276
14.5947
10.5579
13.8872
14.1432
5.60404
13.4393
12.2445
9.57589
13.9288
12.6795
12.9032
12.4997
9.1915
10.8465
9.30199
10.1055
14.2295
9.31098
6.00918
12.8549
10.4577
5.88326
5.82167
14.6405
10.0565
6.49754
14.0576
13.0647
14.5536
14.4566
10.7188
4.15436
8.76952
14.5534
11.9236
12.0679
10.8884
12.99
14.4194
6.77982
13.7787
10.8179
11.9384
8.68824
14.3463
11.7991
12.3356
14.9738
11.5828
14.9925
14.1182
11.973
9.86621
9.77093
11.0947
11.7437
11.3465
11.5215
13.8609
14.3006
14.2483
14.4052
12.7252
13.2592
10.6075
14.0541
9.50995
7.21706
14.1351
14.5708
12.9039
5.29407
11.8601
6.69788
11.0733
7.13433
6.19441
10.5385
13.0424
10.0454
8.79189
9.75874
14.8593
12.1915
12.4311
11.5393
13.4631
12.2491
10.5026
10.0109
9.00381
14.5585
7.14574
10.6891
11.7525
10.8667
12.8227
7.8887
13.7636
14.2681
9.02669
11.4631
11.5087
14.5763
11.0806
6.46791
14.2459
8.90921
12.7996
13.3727
9.17458
10.7794
9.90227
5.98708
7.42725
10.7482
11.1533
14.0108
14.7141
14.6482
11.9247
12.7483
11.8729
11.8238
11.9046
8.93548
7.80708
11.6364
13.1305
9.97375
6.84664
4.54426
8.85879
13.1533
9.91131
10.7435
6.29054
10.233
13.9127
14.1476
9.65718
10.5882
13.5996
9.49551
10.5122
10.5836
6.16497
12.9813
9.81831
8.7959
8.60192
5.41987
13.8559
9.53907
14.4867
12.1835
12.648
8.27888
10.1907
9.14159
9.61334
13.5214
11.8386
10.9469
12.1023
12.2096
13.4451
8.71543
14.4329
8.99706
14.8154
12.3872
12.8374
8.90246
13.5265
11.2877
14.5748
9.63067
13.1164
14.7999
12.276
13.1478
10.3251
9.27645
9.76176
10.733
7.47197
10.9631
14.2317
10.3121
13.7466
14.2712
9.11404
11.3508
14.2281
14.7345
12.6932
14.3997
14.0253
12.684
9.15718
11.8319
12.3541
10.1669
14.1938
13.1998
13.2999
8.39025
9.96597
12.7216
4.95021
14.3769
12.2354
13.7306
8.61776
13.1082
11.9115
11.1349
13.6114
10.9896
13.6212
5.47603
9.16724
5.00795
14.9823
12.3445
14.1267
9.91947
11.2
10.7441
13.1828
14.1876
13.6249
6.77013
14.0787
8.94058
11.3661
7.97682
12.0996
13.5814
9.29729
10.2032
11.7523
13.7265
9.79912
11.223
6.13489
9.595
11.8112
9.11917
12.9681
11.8839
11.9507
14.5374
6.75444
6.43636
14.8353
9.69355
13.5218
14.4704
10.5674
9.11968
12.0163
5.24861
8.11647
10.2742
11.028
12.1812
9.70985
11.2322
13.7481
14.3315
14.4613
14.9595
11.1355
4.513
8.71374
9.06253
14.261
13.0046
14.2864
14.083
9.32881
10.5817
14.4212
14.4997
14.0314
12.8084
7.95217
13.3978
5.82168
12.6474
13.1936
12.4059
13.5204
9.13442
8.20128
14.8721
8.46219
12.9938
11.8375
6.72102
8.75771
10.2689
11.2952
13.1696
5.72957
7.04235
11.3147
4.93402
14.0526
8.57527
11.9212
6.4855
7.7133
11.2673
10.13
13.6936
13.0248
14.2814
5.76577
12.716
9.47622
9.2793
14.6106
8.43261
14.4187
9.84135
8.7898
11.0119
9.76175
13.6889
8.88774
11.8328
9.09809
11.2199
13.1754
12.5765
9.93034
6.05742
13.4085
9.76352
10.2872
8.19394
10.9219
6.19865
12.9387
11.9265
11.7706
6.21856
10.1227
9.55537
13.9534
6.33331
14.6329
14.1734
14.266
11.9041
14.887
13.375
13.2955
11.2063
14.2196
13.1593
12.5029
10.302
14.4602
9.55149
13.0737
10.6484
10.3351
14.4148
9.71131
5.97252
13.1485
14.8859
6.04107
13.6552
12.367
14.244
6.07384
13.5043
12.902
9.61699
11.7342
6.10662
13.102
13.1719
9.50991
11.697
6.28952
14.8024
13.7431
11.0063
11.9752
8.24329
5.87243
14.531
9.75406
14.0899
9.18847
12.2511
10.3526
10.8749
13.6247
9.90998
12.3029
4.02557
9.84694
14.2838
13.4992
9.31587
6.53945
8.90555
14.2298
12.9245
6.33395
10.8696
6.37294
11.0837
7.63236
10.6322
4.59253
13.2376
13.943
4.19213
10.9087
12.3706
14.2854
12.7403
11.0809
13.7316
5.59706
8.78103
5.8896
12.2295
10.7085
14.1568
5.94158
13.1054
9.94519
9.72288
11.732
9.26105
13.5235
11.5585
9.41436
10.2227
10.7878
6.45691
9.2151
10.0834
8.68956
13.2747
13.3768
8.99305
10.4299
11.1861
14.8594
8.44326
9.78942
13.4812
13.6069
11.637
5.7644
4.48998
11.5238
14.377
8.4293
11.6002
12.531
12.495
14.3362
10.9753
14.9001
13.3742
8.65872
8.55846
13.644
8.79812
11.8923
9.9303
14.5184
9.04471
11.7783
12.7801
10.7744
12.2171
12.5132
8.41404
6.04613
14.4671
14.3385
10.7926
6.29404
14.0903
11.7932
12.2064
13.5987
13.9591
10.7244
13.2223
9.97529
12.1204
14.0858
9.09612
5.44866
4.21903
13.8941
13.8437
11.7161
14.6823
5.53043
5.96704
14.0255
14.8122
13.2658
10.9699
13.1964
14.7523
14.049
12.3588
8.99103
12.2421
5.63782
11.1392
11.9481
13.4199
9.11247
13.8388
10.4752
12.9334
9.81545
12.4009
14.1175
10.6561
10.8434
12.1821
7.36176
12.2475
11.2904
9.93038
8.42212
11.4611
14.5543
7.21226
11.3324
8.93832
13.8896
12.2747
8.36788
4.88466
5.34874
11.4496
12.5232
11.1337
10.6434
11.2492
12.1487
13.7698
12.47
13.3197
10.4785
13.0329
14.4737
12.5369
8.4912
10.7602
12.9784
8.21266
4.58403
12.7073
8.41015
5.82593
10.6224
10.7923
12.8611
9.8801
14.1659
9.73641
9.29252
12.0109
12.6998
8.49553
11.3479
12.1736
11.9522
13.7188
11.8961
10.3697
14.3588
12.6838
12.7971
10.5494
8.57002
10.1419
13.3352
13.4264
4.42449
9.61267
14.6474
12.8026
14.643
12.7527
12.1276
13.9211
6.19343
5.42315
11.4058
14.3219
13.6573
7.99266
14.4734
14.7177
14.5809
13.77
6.6526
8.72117
13.2703
14.8972
10.7988
10.3145
8.37575
9.61956
14.217
6.97943
9.75766
10.4702
7.21874
11.5759
14.5258
4.26776
8.84661
8.87091
10.6469
10.9247
13.7528
9.46962
14.3191
6.23692
12.4925
8.80955
5.21433
6.57971
13.0659
14.2111
10.9652
10.7198
14.5018
10.2463
13.2232
6.52926
14.1797
13.6722
12.7134
11.9014
10.8703
13.5526
13.5636
14.714
10.3157
8.6875
10.2285
10.4086
9.69113
14.1161
14.6146
7.91074
11.3277
7.73464
13.8958
10.2607
8.68689
10.0381
7.9187
10.1171
12.4437
8.37233
6.29238
9.62799
13.1644
7.26051
14.3588
11.6734
10.7193
5.43487
14.6361
6.1521
12.1134
12.3168
6.17759
8.55031
14.5956
12.4816
11.2443
9.22804
14.9242
11.7716
5.76751
7.20087
11.0791
14.6812
10.8468
13.8302
13.7735
14.7706
11.5428
12.4928
9.72088
9.66746
13.1063
12.559
13.4305
11.7942
11.4931
11.3571
12.1431
9.76012
11.9242
13.2736
9.97232
9.3181
8.80105
14.0378
11.44
4.93887
12.2194
5.47129
8.24243
10.843
9.40126
5.34767
10.1161
13.5479
10.4713
5.47991
6.15166
9.68163
11.9079
12.422
9.80577
14.1881
12.6494
11.4276
10.2453
13.5438
10.39
11.5364
13.0433
4.15579
11.7697
14.9906
8.34023
14.3928
14.369
13.0945
13.8998
14.058
13.5782
13.8904
5.37789
12.4943
8.36165
8.097
13.1806
10.0872
13.2502
6.68958
11.7405
11.5546
10.2778
9.83881
13.459
11.7464
14.5808
6.27173
10.701
13.3625
12.0869
13.711
12.2706
10.9566
9.34393
10.9176
14.0332
11.4384
11.906
9.58025
11.0994
13.7255
14.1566
13.6612
8.13879
13.4345
6.8779
8.55171
4.26808
14.9698
9.09254
13.6025
13.6415
9.86047
11.9712
9.60325
5.38017
12.9244
13.2005
10.9153
14.264
12.8068
9.8811
10.7208
9.94381
14.2595
7.38348
7.92414
8.3412
11.9558
10.2976
12.2788
8.57792
10.1827
10.2826
10.6923
5.89913
13.0466
12.9475
9.61083
12.7669
8.52287
14.2136
14.2568
5.18793
13.5428
14.0511
14.7798
9.11204
11.1031
4.24611
14.4471
13.3724
8.4086
14.1194
12.6993
13.0364
9.69942
8.85626
13.4051
6.88199
11.6446
12.8917
5.97701
10.8731
13.9943
7.20806
12.3829
8.65487
13.8776
10.8195
12.0259
12.8817
7.30181
13.9572
5.44815
13.2259
9.31595
11.8779
13.5978
12.0017
9.43397
12.0264
10.4476
4.34243
8.75024
11.8514
10.0785
14.6386
8.91672
5.2214
11.3458
10.5296
13.4846
13.7929
5.0046
8.73946
8.06192
10.0045
12.0107
14.2295
12.5926
13.8651
9.92583
13.8497
12.355
11.1766
11.2816
10.2293
8.9121
12.4073
12.5973
14.2184
10.3236
14.1238
12.4006
12.6313
11.5363
14.5337
9.08942
13.9991
8.36473
9.93584
12.1129
14.6559
13.81
11.5918
8.48656
14.3599
9.92477
14.5917
8.43851
9.10678
10.3012
8.48082
14.9179
13.658
11.5703
13.6816
11.1815
14.7662
13.2597
10.5971
13.3655
9.44477
14.9707
13.5282
14.5614
11.8457
10.9289
12.798
10.0769
8.60746
9.45246
9.68528
11.848
14.9593
10.7807
7.9263
12.0637
12.4672
13.3727
14.7756
10.2968
4.46622
8.30433
12.1087
14.5587
13.6245
12.5143
13.995
11.0432
13.6956
10.8177
9.0525
12.1594
12.8581
9.76785
13.9725
14.5467
7.87446
14.0302
10.9959
14.8628
8.82104
10.8761
12.0748
9.5918
14.7229
12.518
14.6395
10.7709
14.6741
10.237
14.969
13.9931
12.5762
14.5361
14.6489
9.1794
12.9075
12.3819
13.813
13.6819
11.8718
12.127
10.4084
10.9854
10.4893
7.14346
13.2543
10.0159
12.8878
13.8954
5.3856
12.9735
11.2813
5.54779
5.95048
9.92636
13.1933
10.0732
14.094
8.49106
12.2373
7.80343
6.57793
14.901
13.8809
9.53429
12.0016
4.06621
9.33841
12.2556
13.1029
10.4727
8.55169
13.2966
11.6493
10.8118
14.1197
14.494
5.55431
10.1164
9.213
7.90875
9.18211
10.6865
14.0608
8.65378
4.4646
6.60427
7.18849
7.21061
11.7753
7.5681
13.6877
13.7145
14.203
12.9685
13.2743
10.3472
8.00653
5.1195
8.23097
14.5206
13.255
13.4559
10.498
11.6948
11.4832
6.04285
10.7775
13.4277
9.23414
14.6827
7.85176
12.6569
9.04833
14.1918
12.3715
11.6625
8.62077
12.2857
10.2437
12.132
12.3378
12.1272
10.5868
13.5065
13.3689
14.5845
4.977
11.4094
14.9219
6.62568
13.1634
13.7268
8.12957
5.0993
12.5283
14.7799
13.8748
9.53201
8.24848
12.013
12.8644
13.7503
6.92902
9.81452
13.7021
11.5854
11.8877
10.0455
12.234
13.5568
7.97639
8.48426
9.84487
14.4821
12.2334
13.581
12.6355
11.639
9.70174
6.549
14.7172
11.9562
10.0177
5.43764
14.0631
5.04708
9.01169
9.03347
7.79784
12.2641
8.69931
10.6649
13.8866
11.9162
9.22693
13.8392
13.2536
10.2875
11.4471
11.7924
13.0657
12.8255
13.2683
13.3791
6.71908
10.6967
9.92833
14.2024
10.4281
5.64755
13.0519
14.8151
14.3564
8.59984
9.78131
11.5394
9.0284
6.21088
9.89375
13.94
10.5202
9.87416
9.21628
5.73445
5.35961
10.9767
13.6738
12.7744
10.1296
6.50272
6.88359
5.9486
4.68975
7.48342
11.7612
14.8299
10.3769
8.76424
11.9478
9.94784
11.9017
14.2468
7.55238
9.16541
14.3452
9.66717
6.83675
14.0181
11.9532
14.3161
12.1349
8.60825
9.59879
12.9363
12.2789
9.94318
8.5527
9.44351
14.8773
13.3838
11.5309
12.9536
11.7629
14.771
13.0226
14.9416
13.0539
11.653
13.0375
8.60725
12.1964
11.2823
9.65637
9.00952
11.1866
13.7105
12.542
14.2604
10.2676
14.3087
9.57686
10.5634
8.1366
12.4924
10.0266
5.12681
12.2184
12.684
14.428
14.3708
13.14
13.526
8.23252
14.1751
11.112
12.2915
4.35684
10.9383
13.2291
8.67398
7.4145
14.0757
11.2387
14.7771
11.189
13.0756
13.8825
13.1302
12.3722
10.5591
11.4885
14.789
13.7271
12.008
9.99124
9.56954
14.5308
6.63014
9.61837
14.9919
8.7318
14.0929
8.35977
11.0839
7.97338
5.07835
12.605
13.2858
14.9774
10.3808
12.7394
13.4472
10.8397
13.7384
14.6596
6.84748
14.6356
11.1965
12.4924
12.2794
12.3913
10.3406
14.9958
10.5956
10.8875
8.18582
10.673
11.5466
13.3997
8.18061
11.496
10.5653
14.4448
13.3627
9.9549
9.07709
10.5638
5.61661
12.2049
12.2199
14.877
14.7074
9.50203
11.8041
14.4288
9.97212
9.85294
12.403
10.7552
14.6855
8.74461
12.9361
12.4213
11.3835
10.0242
14.367
8.82277
5.22216
13.4789
12.8043
11.948
11.5929
12.0249
12.5701
9.64218
13.521
14.5759
5.22822
11.9834
9.09527
13.6765
12.6575
12.3588
12.3746
12.4217
9.34843
11.2465
5.86147
5.7713
14.8557
12.2573
13.5963
4.51903
13.1591
13.8639
14.4371
14.5037
11.8592
10.0528
12.7173
10.8847
13.1071
12.4096
13.7104
12.9009
11.6996
12.6339
4.386
13.1925
6.36202
11.0717
12.3857
12.0012
14.3253
11.6006
13.1489
12.7431
9.43155
11.1613
8.71263
10.8845
12.92
11.9494
14.5077
13.8517
11.8398
13.8482
9.10242
6.2583
9.82104
5.96071
9.86134
6.26373
11.4867
10.5297
8.81529
6.00753
10.4157
14.2937
10.4607
11.8536
12.3921
13.0052
11.4409
12.0607
6.8809
8.61656
14.6775
14.6364
10.8108
13.674
14.0692
9.90433
13.4943
10.716
13.2982
14.7094
12.831
8.904
10.545
11.9008
8.4235
7.22052
10.6813
11.1921
13.5619
10.7058
11.7624
9.01605
5.5178
12.7747
11.8071
6.28558
13.3054
8.92562
14.0789
12.5336
10.1641
12.0437
14.5983
11.4968
10.1071
13.2822
11.7258
11.9419
12.6226
13.8715
4.14552
8.85856
13.684
13.5358
12.4988
14.6044
13.6337
12.1177
6.51037
10.742
14.1526
9.7702
11.8708
9.05661
8.99564
9.51522
9.05814
12.4203
9.30506
4.9101
14.4898
12.667
13.9125
14.829
14.9934
10.0128
6.44745
14.8419
12.3996
8.38699
8.92661
14.4365
14.5966
10.5861
11.28
14.9153
8.59544
13.055
9.02361
11.8685
6.10419
8.70623
11.3213
11.9634
13.431
12.9021
12.3187
11.6948
11.3593
14.4697
13.0264
12.951
12.8597
10.874
14.1602
12.5961
13.9506
10.248
14.0474
14.4138
12.5007
12.0539
13.5846
11.1579
14.6373
13.9178
14.4805
14.1119
9.51091
11.1406
13.2644
6.19367
12.1169
5.79896
10.0952
14.3436
14.4774
11.2437
8.5968
11.3029
10.1244
14.252
10.2867
14.5477
14.9142
12.7264
10.483
11.4005
12.8419
13.133
4.61594
6.72037
8.05934
9.6404
11.7783
11.69
12.744
12.7381
13.1891
13.5572
13.6934
8.51614
11.0818
13.3809
4.23622
8.55301
14.9856
13.9498
14.4977
8.77631
14.5632
10.1115
11.6039
13.5765
8.79572
11.564
14.4284
9.84815
14.9781
12.8386
8.49219
10.812
4.20283
5.7611
14.7803
14.9899
12.6062
6.24071
14.0112
14.8434
13.7934
12.1066
14.7162
13.4482
14.7639
14.5269
13.1724
11.8461
12.8513
11.3906
12.6568
9.38242
7.72088
4.98065
12.5599
10.8572
9.63591
10.5916
11.6909
8.56301
10.2326
9.76283
6.08274
10.8228
8.8775
10.3053
6.46843
7.64205
13.9933
4.37801
8.64843
11.2968
10.7539
14.7672
12.5123
11.6893
8.18703
14.0575
14.7425
12.9838
10.6756
8.04732
13.9217
14.6293
13.4601
11.0141
8.36327
12.924
14.417
14.1209
9.95769
11.2353
10.4575
11.9341
14.6063
12.5699
11.1683
6.74716
10.6758
9.03109
14.8921
8.8789
9.60077
12.5734
6.00196
9.19809
11.9963
6.42628
6.23506
13.6054
12.9431
7.00364
4.28298
12.6465
8.23322
12.4061
13.9617
11.0182
12.6027
12.0417
13.4138
13.1918
6.18639
11.1032
8.80533
13.4047
13.2214
12.5802
12.529
12.4888
11.2974
8.4235
12.7264
9.75304
13.1609
10.0798
8.78226
9.71857
12.3089
14.4296
14.3902
9.55532
9.74118
6.16923
8.95062
9.99503
13.9872
9.93151
12.3205
9.5266
12.1164
11.66
10.5239
14.0233
7.72153
4.37288
14.8495
11.1966
8.07178
12.9454
10.5879
11.4331
10.9478
11.4173
14.6456
14.0905
12.9019
8.77609
11.1718
10.9932
13.1296
12.6772
14.4136
14.0809
8.31127
12.6715
8.56289
6.17581
14.1736
12.8798
12.6696
10.6139
11.6544
14.4083
10.0842
10.8315
11.3127
11.3209
11.3664
13.8192
12.5466
11.0494
14.3696
11.4612
13.0819
12.3436
9.92214
10.9199
14.7736
10.0919
10.327
6.56427
14.5766
10.7997
14.3291
14.8325
11.0281
14.3069
10.5746
12.1108
13.8011
13.7724
11.6567
6.18324
10.9384
13.8968
12.0063
8.18862
14.8742
5.59922
6.2437
14.6736
11.0076
14.9134
11.5114
10.3237
12.9337
8.82669
13.8842
13.0496
8.82846
14.0193
13.0891
13.0813
14.4271
14.8299
8.84662
9.5974
11.1631
11.1663
8.561
14.4593
6.1302
12.4989
8.4852
14.386
6.49856
10.5397
10.4886
11.0945
13.1842
11.384
11.9226
14.361
13.0068
13.3928
11.2451
11.9019
14.001
11.1035
7.06227
14.3619
12.377
12.2616
12.7635
13.227
9.81682
11.4147
8.41598
12.9608
9.84707
11.7172
14.3636
10.4272
10.0136
8.35822
14.204
13.9746
9.25672
14.0727
14.4412
14.6249
10.0928
6.30261
8.9095
9.85784
13.5762
7.90419
13.3183
12.5745
14.5335
14.715
11.5783
12.1412
4.40477
11.4197
13.3206
11.6871
10.1217
10.2629
8.73235
5.77092
11.5866
11.7093
11.3058
8.45696
10.6893
10.8221
8.76089
8.69519
13.6251
11.7321
14.4759
13.2315
12.5014
6.31378
9.67223
10.7166
6.94437
9.11971
9.23517
6.58513
10.5707
12.9218
11.654
6.25242
14.9049
14.5783
14.3552
11.5583
12.8605
14.8494
10.5191
8.20035
10.3401
7.3131
12.9307
11.4045
12.6947
10.3817
10.6591
6.7445
8.93575
10.1817
8.77927
9.59
10.9767
11.6313
11.4966
11.1224
9.01288
9.24142
8.42422
13.8303
5.48533
14.0121
14.3688
10.6476
12.7349
12.36
9.39295
12.1622
8.91085
10.6386
12.7377
10.4696
12.2295
12.737
10.4491
6.23514
12.9191
6.2897
14.3668
10.6503
10.3617
8.27581
14.9952
11.5091
14.5353
7.17395
7.53552
14.9253
7.55931
8.93595
7.99393
6.94965
8.77214
12.457
13.4862
11.2615
14.3478
13.861
11.6682
14.494
10.2458
13.6251
11.2639
9.9231
8.62007
10.9928
9.42923
14.221
5.78921
14.105
10.1747
9.83787
14.2758
10.9221
10.6235
14.4352
14.9473
8.68543
14.5722
14.0079
12.8555
14.4144
14.9283
14.2054
5.49323
7.75976
11.177
9.93622
14.7125
9.2155
14.1673
11.5158
11.4082
14.1163
6.18365
10.46
14.4269
4.12021
11.4768
9.66497
12.9613
10.1091
13.5945
12.0061
7.59289
10.4468
14.3573
9.91417
13.579
14.9472
13.3206
14.9742
14.4753
11.4839
13.1148
11.6075
11.1226
14.2354
11.8671
11.2022
11.8383
12.2417
12.8504
8.02896
10.7132
13.692
14.9636
12.7571
8.80451
10.1104
11.7764
8.13461
7.07856
12.1909
6.46341
13.8573
14.9502
14.1299
6.11
12.4526
14.9383
10.1756
9.3385
14.8471
10.4699
7.16088
13.9664
9.07367
13.9167
7.13416
9.63618
8.51551
12.2095
14.1606
11.8203
10.9352
13.6481
13.441
13.6263
13.5318
14.2429
8.72424
14.5116
14.1099
11.6522
12.1871
13.5583
5.6457
11.6932
9.89246
12.5403
8.7979
13.9471
14.8759
14.2659
8.68773
7.04214
13.2927
7.49689
4.18998
6.18647
6.72847
11.4168
13.5408
12.6767
13.9515
9.29962
13.1751
14.1499
12.6044
10.3171
11.2266
12.3061
11.2768
9.38364
8.707
5.22276
11.8855
14.1959
12.3853
13.2539
6.39144
12.7935
14.5199
14.7252
5.56604
6.86257
10.3106
13.4683
12.5335
8.39568
10.4249
11.3533
12.5905
13.1044
13.6281
5.33189
6.53667
10.4843
12.211
10.4063
10.565
3.74272
8.43463
14.1184
13.5193
6.15259
10.0216
10.2935
8.19726
11.8014
14.8142
13.9442
14.3301
13.9523
8.4371
9.20277
3.8395
8.61989
14.5292
12.837
13.9934
9.93251
6.01063
10.8291
9.86709
9.10154
14.6399
6.20197
12.6952
5.475
14.8708
12.4872
14.2678
10.8688
14.9742
7.31305
14.6176
10.2882
9.59808
13.1841
9.82133
14.4341
13.7308
14.3413
12.1198
9.53877
11.5098
8.29777
11.5812
12.58
14.249
10.4433
12.5398
12.62
8.84479
13.8238
11.9397
12.3934
10.6783
14.9419
13.2129
14.7385
13.2976
10.0172
10.1006
7.96063
14.5495
13.6975
12.5974
6.19049
8.03619
13.402
11.9565
11.0721
6.73532
12.442
10.4763
11.6946
12.8289
14.9657
9.87779
12.6057
8.52626
11.2326
8.97004
9.82704
14.8314
14.0525
9.29724
5.72997
10.9346
13.6036
5.20913
9.75093
9.98351
13.4022
13.6644
10.4233
12.1143
8.55328
9.35471
14.2832
13.3132
12.4307
13.2246
14.4329
12.8677
12.3243
10.3919
13.8932
8.75767
6.87151
6.2333
14.4747
11.8115
13.4131
11.0644
11.865
8.75263
13.8763
6.51307
6.04899
6.86887
13.0943
10.07
14.5284
5.76083
4.90434
11.5923
10.2289
9.45256
10.7676
9.59846
13.1229
10.0154
10.2348
12.3473
14.4967
13.252
6.83944
11.7676
12.8899
6.33436
12.537
9.87669
13.507
11.6049
12.3576
13.9811
12.9385
14.064
14.212
4.50656
7.22318
8.42949
5.85211
8.65517
8.21632
9.54009
10.7295
10.5798
14.3425
9.85415
13.0331
10.2408
10.0186
12.3162
9.02422
10.1102
14.2983
14.1507
12.8886
5.97128
3.76035
10.8222
13.9284
12.733
14.1234
13.3284
10.068
13.3538
13.8784
13.829
4.54637
12.7745
12.7476
13.5438
10.467
9.57687
14.69
13.354
13.8351
11.6932
8.89224
13.3633
10.3442
6.8213
6.41568
10.4077
10.4156
13.1737
14.1724
9.09146
5.67871
13.4617
9.21971
14.4315
10.3125
10.9819
5.87679
8.61395
9.88982
12.5229
11.775
9.41514
10.6335
11.9486
13.849
14.1985
14.5637
14.2316
11.5692
14.9743
12.7659
5.92303
14.376
12.1969
11.8953
7.56393
9.91991
11.0039
10.6973
7.5733
12.0912
13.3147
12.8224
6.75841
7.62144
14.327
11.7433
13.4343
11.1963
13.0932
13.6078
13.5003
5.77072
5.93986
4.73347
4.92107
9.32791
13.7278
9.46391
13.5696
6.42735
8.93754
9.92817
4.07818
4.93754
7.7609
10.0897
11.8678
5.44897
12.3971
14.4845
5.20171
12.4665
13.4178
10.03
12.7316
11.4563
9.73169
14.2835
11.5469
4.31404
11.997
8.041
13.3476
14.6346
13.1041
6.72681
5.70252
3.89987
8.33372
12.1371
14.5824
12.407
14.5206
11.7604
13.2399
10.8028
11.3367
13.5343
11.0395
14.3009
13.0025
13.6872
13.7272
13.2121
14.0419
8.69408
9.58864
6.6491
9.47953
12.3088
12.4967
13.1111
5.75482
7.99005
14.8541
8.38403
13.042
13.9754
13.2413
12.8144
12.0673
10.9731
8.78276
13.778
12.9451
14.614
5.42159
10.2685
13.9038
6.71646
11.4855
13.9631
10.771
14.1721
11.113
12.092
11.2481
12.5089
10.0403
14.1876
10.1487
13.1878
8.56694
5.97889
10.1203
10.0548
8.43373
8.06533
12.3614
12.8644
9.97189
14.124
8.49759
8.35657
7.03709
6.15597
10.1323
12.9818
10.5628
10.3275
8.40669
8.72589
10.769
13.6469
6.78858
14.0041
11.3251
9.46082
8.58528
9.76174
11.0829
14.855
12.2147
8.9448
12.74
5.72376
11.6301
8.32249
10.9872
10.5931
10.9869
14.3129
13.974
8.80538
10.1259
11.9419
13.9274
10.0968
5.58994
13.8551
9.59183
12.8551
4.22467
12.4537
13.453
11.7116
10.4253
12.8357
5.54756
11.7808
12.3017
14.2723
9.62633
8.53722
10.5178
14.9036
6.43806
13.6125
13.0172
13.9505
5.09586
10.1205
13.9084
11.9765
8.77338
9.90429
13.2524
12.2468
14.905
14.3096
8.9861
13.9707
9.55076
10.9161
14.875
13.645
11.6524
5.58815
13.9172
10.8703
10.0904
10.8711
12.2606
10.0533
11.4204
8.81076
10.1974
8.03201
10.7343
7.32019
8.71514
10.6859
8.4496
13.7478
13.4516
12.3525
7.12286
11.0188
11.7967
12.0466
13.304
14.7596
13.6536
9.25317
12.5266
9.01414
13.8399
10.6377
14.1725
9.89501
9.01953
13.238
7.18745
12.4274
13.4555
12.3799
12.8072
12.7653
13.2297
8.75445
14.3912
10.7671
9.9722
10.7461
14.018
14.7477
14.1469
6.63287
12.4905
7.40987
8.09414
13.6674
10.2756
9.37138
9.46375
14.1156
10.3387
6.23552
4.91466
13.1637
8.91861
12.0872
8.31873
13.3805
10.5573
11.9216
13.7197
13.4464
14.9343
9.33876
10.9202
11.3206
9.694
10.8924
12.4641
9.86655
14.9863
5.20823
9.96176
14.878
8.55028
10.2224
13.1266
10.0191
14.0542
13.3091
10.3336
10.8944
13.4087
10.1533
10.5785
10.1804
10.9831
13.3714
14.0978
14.5824
9.01873
6.16173
13.3897
11.0615
8.4335
14.3979
10.9906
13.9007
11.462
11.7503
6.3865
8.03181
10.0346
14.4298
11.3652
6.63625
4.24489
8.48194
14.2791
5.55778
7.74775
12.9342
12.3418
13.3874
14.3394
14.4515
6.05591
11.976
6.02945
8.28274
10.2363
10.3867
10.644
10.2701
9.60531
7.38644
8.32362
10.4518
10.229
9.33233
5.18226
3.94028
8.59664
10.5002
9.16953
14.8911
13.0312
8.28043
12.0187
13.8222
4.44985
12.0562
13.1238
9.66868
13.6109
14.1115
14.8242
11.0286
12.7541
13.453
8.52814
10.2499
13.2994
6.14657
10.7155
7.92607
13.6307
11.1747
8.93717
14.8048
14.8241
8.38334
11.7086
13.5336
14.0392
12.3687
13.0212
10.3946
12.0163
13.2223
14.3009
4.1035
10.4677
12.8916
10.5099
13.5182
11.219
6.51056
9.66763
10.7145
12.2443
13.037
14.0737
11.8439
12.0729
12.9537
13.9065
13.1121
13.7646
14.3567
13.2041
12.037
14.1252
12.9129
14.456
10.7024
14.4348
11.9518
9.80362
9.72915
12.6746
10.4548
10.4463
6.80293
8.66553
11.7554
12.2373
11.9091
13.3177
11.2913
13.1793
5.9721
12.2214
11.3767
5.79073
10.9066
14.4545
13.5732
13.9539
10.7179
9.74447
10.1134
13.0404
10.4901
12.6528
10.7449
11.252
13.0771
14.0095
10.477
13.9635
13.5764
6.89779
10.592
8.59256
6.06689
14.3839
8.60525
11.9108
14.5539
14.6118
12.6814
7.55583
13.978
13.7459
6.58763
11.5185
9.96524
12.0855
8.68563
10.5436
5.6506
8.31517
12.128
14.7722
9.37917
10.5023
5.38789
9.81441
9.431
6.27849
13.288
12.6707
11.4281
12.6171
14.5836
9.92227
10.1859
13.1816
14.9013
11.993
14.5181
10.8486
13.8393
8.86639
10.6354
11.8314
12.1156
9.877
13.0383
10.6125
14.5187
7.86397
11.7079
10.2597
8.41295
10.1731
14.1179
11.2825
12.9884
6.05744
13.3191
11.9768
11.3629
9.49547
10.572
10.8497
14.1155
11.4196
11.5611
9.86106
12.4218
9.02229
10.8781
8.60013
14.4135
6.34823
7.28628
8.74896
8.70955
12.6794
14.2973
11.3884
10.3242
11.9575
11.8476
9.30736
14.6061
14.6146
9.86545
10.4322
11.9731
13.3736
7.10215
11.2935
7.9143
14.1995
10.1531
13.8546
13.9739
10.9352
12.6079
13.8677
10.1479
13.1044
14.1746
6.07429
13.167
14.4088
8.67074
10.9441
14.416
8.6006
11.6467
13.0662
8.84741
5.93222
13.7405
5.4036
12.778
10.8313
8.69475
12.8219
9.85842
9.39771
8.27315
5.3023
14.1086
13.7331
11.0323
11.2934
14.08
13.9264
11.9008
5.70752
12.6903
10.0674
12.937
10.4314
6.73291
10.2351
13.5354
10.5376
11.3293
9.33304
8.37388
9.75808
6.74433
14.5
14.1635
10.6562
6.43943
9.44314
9.62279
13.4371
14.0144
14.5307
9.97887
13.2855
14.4103
13.4906
11.2074
13.131
13.8415
10.8935
11.7918
10.5239
13.1369
13.9422
13.3256
10.3808
14.7666
14.2332
14.983
13.6874
9.79676
6.43344
13.462
6.17157
13.3715
10.4871
10.934
6.40146
11.9061
14.8798
14.7455
14.1679
9.52687
14.4364
14.4139
14.39
9.87591
10.4658
9.96378
14.9981
11.8185
9.66342
14.3088
13.8671
9.28484
14.0988
10.2247
14.4094
8.21081
12.6603
12.3514
6.14049
4.78496
6.17165
10.7314
9.01627
10.1268
13.9503
10.5993
11.671
14.6883
14.0596
7.4428
9.81032
10.4609
7.04522
14.2599
12.4563
7.27125
13.701
9.48617
12.8365
13.2469
12.9612
13.1677
12.7277
10.1072
13.2467
4.42836
7.05101
14.1307
10.0635
13.3128
13.772
13.6942
12.5917
11.6533
12.6291
13.9935
12.5062
11.246
10.9713
6.14554
6.382
14.1271
10.1999
13.8121
10.3538
10.8883
13.3763
14.6984
11.8774
8.45716
12.3253
13.6856
12.0732
13.132
14.7854
14.2354
7.91404
10.3253
9.10891
10.0836
8.90402
9.96199
10.4658
6.58607
9.63488
7.13484
13.9635
12.1633
14.5742
9.88861
13.1553
9.472
6.09837
14.9432
8.67859
5.95617
12.1522
9.56114
11.1022
5.55123
7.27245
9.88683
13.0124
13.6014
4.39024
13.4304
12.8107
10.4247
12.1802
10.1001
12.8375
14.9976
11.3944
8.80034
13.7242
14.397
5.36269
13.9245
11.1642
14.3985
10.5806
11.0155
9.98096
13.2125
9.85068
14.1415
8.309
11.9495
9.37478
14.4961
12.5451
14.0605
14.9969
8.23749
13.8406
12.2428
9.03469
9.72889
11.2411
11.9323
10.8599
5.41496
9.71597
8.62952
8.06707
10.2314
10.3762
14.7463
10.9848
14.5948
10.7083
14.7934
5.8409
12.1241
10.6063
12.6691
14.3527
13.6998
13.3346
14.0558
14.7048
12.2862
9.8807
14.3097
14.9384
11.1274
5.92986
11.3747
5.99243
10.6822
13.819
9.84564
10.7683
14.6635
5.62113
11.667
12.3508
14.5084
13.2594
11.6383
12.3504
10.1882
11.1742
9.77042
10.5122
12.3456
13.1868
10.2784
6.39776
13.6484
8.27679
6.62513
13.7906
4.71304
8.05683
13.2018
8.81703
8.69865
7.75952
14.4784
11.6155
8.20153
11.7644
14.2201
11.0843
12.422
7.32278
12.3925
10.5256
14.6591
12.348
10.7336
12.3763
8.59188
11.719
10.0254
13.5028
5.50287
14.6562
10.5044
14.3412
12.1107
11.0265
12.3211
12.3411
11.9956
12.2734
14.0668
13.8174
9.17064
12.4223
9.47069
13.5318
8.39877
14.1018
13.9785
13.1016
9.10927
7.23084
9.32431
10.8903
7.49303
13.1312
13.9494
9.87865
8.6475
10.6798
10.3902
8.19166
12.4195
6.79817
14.8008
10.5675
5.44661
11.3246
12.7241
11.0267
14.1345
6.55323
14.5597
9.77477
13.4578
14.5437
14.4062
10.9995
13.957
12.2319
14.777
5.06798
11.7224
13.0153
7.09351
12.6084
14.4299
13.6064
11.1587
14.7499
14.2934
14.1839
11.2934
5.32638
11.0605
5.2517
12.3689
9.62934
6.31044
13.9494
10.5248
12.33
11.5587
8.48117
13.0754
9.9725
8.27676
7.26523
12.8951
14.9844
10.1149
4.26512
8.74752
13.6948
14.1907
8.43396
14.9189
11.9642
11.4667
12.1248
6.07541
4.59907
13.5028
13.9985
12.5316
11.4014
13.4741
9.01423
5.33376
5.79556
13.4566
8.57609
6.3177
10.0398
10.3967
7.08068
13.4665
6.5935
9.13192
12.3864
10.3984
10.779
14.9098
14.4165
9.74593
13.1518
13.0906
9.48664
11.8193
10.0735
14.8652
10.3395
14.2378
12.3509
10.4285
11.2389
13.4917
11.6714
13.2743
11.6167
11.9537
12.2865
12.4577
10.4592
13.3809
10.5545
6.84385
9.04413
6.17102
6.78285
8.70513
13.0137
13.1229
12.3912
12.3974
12.203
10.8244
12.2826
9.12298
14.8935
10.9416
10.3559
12.5781
11.8442
14.5995
13.817
10.3452
11.0369
10.5714
7.77239
10.4209
13.3669
5.31146
10.8641
9.00545
13.6953
7.68631
14.8315
12.4334
11.9932
11.9523
9.21888
11.7866
5.4456
8.49006
13.9279
10.3432
13.1902
9.52284
12.9945
14.1666
8.53655
11.287
13.3258
12.2481
6.38881
9.94778
6.31906
9.21684
13.2075
11.7375
10.7793
13.9597
5.7728
5.87185
11.7856
14.5324
13.8266
10.8515
10.7801
6.51015
12.3496
6.01773
10.0893
14.2151
13.1694
11.1037
11.7423
13.4027
10.621
10.5733
13.998
13.3656
10.8508
13.0838
12.3482
5.67919
9.37189
12.022
13.2727
8.60529
7.54286
10.1161
11.2253
14.6248
14.3175
14.0369
13.807
14.7906
5.95586
12.8671
11.9326
13.539
11.0045
12.556
14.5439
11.0071
6.21126
9.35285
8.2233
14.1079
12.5468
14.4299
10.9119
12.4339
9.01043
6.10268
14.452
10.3539
8.2176
8.86213
14.9023
10.5045
8.54615
10.1779
12.9294
11.2851
14.2403
13.8983
8.85851
14.9683
5.64665
12.0449
9.66048
13.8758
12.3907
14.3304
9.00352
11.9118
14.7426
5.63032
8.42896
12.5918
10.6746
9.66912
7.80914
12.2602
8.90629
13.014
12.7765
10.7581
9.61007
14.2754
7.16672
12.6407
9.71475
12.8167
5.7152
9.88567
10.6833
10.6943
4.20557
5.45264
14.3327
7.89525
14.2203
10.3423
13.9064
12.9056
14.7486
13.2789
10.0071
11.1544
10.3238
6.3655
9.55357
8.83109
14.0362
11.7248
11.3284
11.7579
12.5723
12.0455
14.523
11.0222
14.9189
14.1924
10.9937
12.5389
14.1069
13.3502
9.68495
9.67496
10.4235
12.0167
12.9942
10.9426
11.3747
11.7072
6.73375
7.57781
13.9811
9.04528
13.7365
14.0704
13.5747
13.76
14.2509
12.9808
8.24774
10.5985
11.7618
9.95827
12.0903
9.98943
10.3052
13.779
14.2333
13.3854
8.73145
6.79525
9.67208
9.06188
14.6381
11.1383
11.9909
9.00936
11.8735
11.9483
8.36819
5.26521
8.45554
11.1429
12.891
13.4064
9.80361
14.2531
13.4257
12.3216
10.1931
8.3997
11.0046
11.7884
4.60129
6.23002
14.3326
6.36675
5.20064
12.2457
14.9258
13.2476
10.1622
6.01266
4.38487
12.2226
10.3709
5.35065
10.3515
8.35361
13.6931
6.29908
8.84637
12.9209
14.5983
13.2824
12.1089
10.5897
14.7079
14.6269
12.0439
11.7728
9.98473
13.8963
5.15712
14.1439
14.5606
8.97598
12.6947
12.4701
13.8355
8.10805
10.2916
9.57007
13.592
10.4202
9.34962
12.3359
14.1141
14.8458
8.9896
9.39957
13.5014
14.0023
13.6423
9.26966
12.6578
14.5537
11.7242
9.31686
9.99326
7.72854
14.083
12.5205
12.1122
8.43978
12.7186
13.3825
12.7342
9.46817
11.1284
10.9516
13.9739
13.756
13.8834
11.0047
11.2501
9.88436
11.2969
13.0176
14.5274
14.3963
14.4721
14.4995
13.3029
14.5704
13.8059
14.2804
11.1703
14.9371
14.1374
11.5433
9.36105
9.0973
13.403
11.9076
12.2949
7.42118
13.3912
13.0533
8.43643
9.75977
14.3981
12.8153
12.8542
12.4997
12.7694
14.5656
11.2833
6.74908
14.3859
11.9845
12.0916
12.2338
13.99
14.603
13.7435
6.03328
10.8821
8.47766
11.6169
13.0479
14.0067
9.73959
7.79185
9.00985
4.53353
14.5159
11.8668
11.0226
9.00507
9.49377
4.43651
13.8394
14.1096
8.60595
10.4034
13.8558
14.0121
12.9361
9.59535
12.4685
11.4175
10.5224
5.00384
6.57667
10.327
11.0304
6.07178
9.34525
12.6932
14.5822
11.8305
8.56941
11.81
7.23605
14.9819
12.1146
10.1294
9.64869
14.6385
12.4207
14.0763
10.8446
11.7015
12.1673
13.7134
9.34215
10.1256
13.0114
11.4471
6.38773
5.04599
13.6141
14.7084
14.0411
13.3935
12.4822
13.0315
6.44513
5.16274
14.5764
11.1189
13.37
13.5645
6.41585
6.97462
13.0197
12.5062
8.288
13.3903
14.5732
8.05112
13.2998
6.122
14.4092
11.3803
14.4506
9.92646
10.8524
6.83905
14.8869
9.70042
8.60635
7.03078
8.51435
14.5348
11.7332
6.61168
10.3601
11.1901
6.42439
9.08225
13.3476
5.97638
14.2621
13.0955
11.493
12.083
9.526
13.7852
9.85502
9.16547
5.69219
10.7877
7.69942
11.3067
11.9066
8.46986
11.2618
11.3529
11.4021
10.3529
14.6923
10.2167
14.433
13.0438
14.429
13.8703
13.0685
12.1317
12.5286
8.2458
10.3575
14.8045
9.88536
10.4462
13.8989
12.3494
6.60302
10.8471
4.7474
8.4923
11.7655
10.4211
10.2046
10.3214
9.97051
10.1846
6.16166
11.1847
9.14779
13.8239
5.83004
8.53461
10.9112
7.04298
12.0244
13.9088
13.709
10.1779
14.6978
14.8626
8.9993
14.3535
14.2312
12.1822
14.2151
11.1562
12.2914
11.9013
11.7008
11.8107
12.8521
14.1775
10.6799
5.96054
14.5778
12.7394
14.8631
12.2281
13.0229
9.11186
8.57534
12.2397
14.7229
10.5628
11.5635
9.94389
12.7394
12.4888
11.8087
14.9529
8.43822
7.17848
10.2952
7.83119
8.42592
8.56718
13.7275
5.2255
5.63399
7.7052
10.7502
12.0747
12.3255
12.7843
13.5543
10.4107
9.37786
10.1446
13.6204
11.108
9.34303
13.5249
14.761
10.204
13.1657
14.2564
8.2532
4.72697
14.1507
12.0801
8.73117
12.4338
13.2656
11.88
14.2583
13.7606
14.545
12.7736
9.21995
12.989
8.87677
12.6725
11.2114
14.6737
12.7518
14.6086
9.72841
10.3546
12.9193
10.3869
12.9957
13.807
12.1561
9.7883
11.1351
7.77537
14.5725
12.9528
14.6668
11.523
10.9982
8.46755
5.27981
12.8575
6.59541
4.56355
10.1243
5.42637
5.1225
8.91093
13.1473
11.5562
12.1387
10.0028
8.28656
10.5274
13.7263
13.8213
9.72157
9.59258
12.143
13.1041
10.7687
8.77874
11.3567
11.6252
12.3453
8.95761
13.67
12.3392
14.3642
11.075
11.1855
12.2934
6.08882
10.0757
12.7353
13.0886
13.7015
7.4469
13.6433
12.9567
6.48752
13.378
5.25951
11.3084
10.3126
13.3699
10.3936
10.5273
12.04
13.1232
13.8931
10.5318
12.3421
11.5188
8.40439
13.6994
13.5079
6.17656
10.8202
6.26158
13.4242
6.00221
8.80801
6.57013
11.2695
11.1155
8.67185
14.7317
11.0129
12.067
13.0614
10.6949
4.75888
9.65476
13.4268
11.505
10.5541
11.7725
13.717
10.8091
6.2434
11.3353
13.4571
6.07727
14.2398
10.2979
8.46348
12.9091
12.211
6.13128
13.45
12.77
13.6874
14.1666
14.9594
10.1503
7.74866
12.5813
9.1263
11.2822
13.3095
9.81783
13.0164
10.2563
10.3291
9.94296
10.6627
13.6571
13.7012
11.9848
14.0198
12.4333
11.831
14.2214
13.9044
9.04752
10.3015
6.36607
12.0561
12.9867
11.3165
11.0855
14.1341
14.1772
13.4629
9.5673
10.3232
8.04538
13.8348
11.9021
6.15915
13.9167
9.02376
8.51886
8.25085
13.0972
14.8883
13.7975
11.3719
14.9184
14.0113
12.3999
8.37967
5.41425
5.74475
8.92362
8.78757
10.3933
14.9671
14.4609
6.80089
14.3451
13.9407
13.2842
8.21146
11.5688
14.6924
7.57664
14.631
14.6399
11.1061
4.85456
13.7713
13.2422
14.3488
8.34921
11.1838
9.033
6.07285
10.2429
14.1855
12.9153
10.603
10.4706
6.09941
4.41759
8.74355
11.8888
8.57873
13.156
10.4193
13.1468
9.96584
14.2965
13.4225
5.28239
9.7866
10.5003
13.3579
10.8819
13.4215
14.7123
14.2488
6.20707
13.1183
12.2336
14.0724
8.29259
8.49907
14.8983
14.0949
14.2931
13.4135
6.28442
12.6166
14.6758
10.9152
12.7349
10.9555
6.0902
9.71731
6.13306
11.8672
9.75197
11.2993
12.8772
12.1429
12.8381
5.56072
13.7554
4.2618
9.34824
11.6099
9.6157
14.2404
11.7081
13.1102
10.1588
13.3417
12.2109
6.80079
10.5193
11.7953
14.0013
10.8299
11.639
10.9638
7.70697
5.31362
8.91443
14.8015
8.24459
4.15553
14.9056
10.8158
13.083
12.8745
12.8633
6.44195
9.27205
11.8501
11.0095
14.5062
13.1005
13.1829
8.73671
9.57861
7.17512
5.45631
14.9963
13.3865
14.8844
14.3842
12.5662
14.2871
11.2484
12.7407
14.913
4.15945
10.475
10.2564
10.3749
10.5708
10.4832
10.2415
10.3766
10.6162
10.46
10.2498
10.3707
10.5343
10.4703
10.2352
10.3659
10.5619
10.4241
10.2164
10.3947
10.6246
10.4005
10.2216
10.3863
10.5676
10.4525
10.2071
10.38
10.6245
10.4892
10.2635
10.3497
10.5615
10.4416
10.2373
10.3818
10.581
10.4395
10.2281
10.3774
10.5846
10.4733
10.2476
10.3523
10.5402
10.3569
10.3132
10.3356
10.3456
8.16721
12.9788
9.97913
13.954
9.11864
14.7952
9.9213
9.18238
10.5335
8.50485
9.15892
13.1134
9.95372
14.4821
12.4564
13.6705
8.90978
14.7826
13.9735
14.0814
13.1929
13.9081
14.4645
11.6832
7.97344
9.91249
11.4484
12.6447
13.4271
10.085
12.6111
5.81376
12.5684
9.67959
13.4337
8.74906
13.4444
8.81347
14.9801
13.9448
11.2272
12.4534
13.4909
14.2699
14.5823
7.27128
14.0275
10.9631
14.0563
8.25944
10.3491
14.1295
14.5914
13.2905
7.23644
8.07611
14.9641
9.80824
10.6103
10.8348
12.3141
13.0999
14.4923
14.0964
13.128
4.51479
8.38918
5.26645
8.71896
12.0018
9.62119
11.4399
13.4424
8.22698
13.735
12.216
14.7694
6.71092
4.97642
14.1397
10.9476
14.3326
13.2518
12.4223
8.65014
12.8354
9.19027
8.13158
13.556
13.6248
10.2723
5.0114
11.0194
5.63248
14.8555
10.4195
8.46333
11.9852
12.4854
7.38488
12.503
13.6648
6.63083
10.9264
9.63941
14.9156
14.6135
12.4602
9.23709
7.48389
13.6598
13.6258
6.47088
13.5733
10.7521
6.15951
14.1676
6.20761
9.91332
13.0474
14.8979
11.685
12.5046
12.5691
13.5216
13.5709
9.97915
10.7581
14.4442
11.9372
12.5391
14.5002
13.6095
10.4111
12.7161
12.5585
12.9048
12.9724
12.7645
7.0779
14.6599
8.40594
10.3888
12.8266
14.584
9.08733
6.75529
14.1589
12.7714
8.51536
6.85418
14.7178
12.8012
14.7275
9.35487
11.4701
10.8344
13.5859
12.0289
5.98754
4.89899
12.3161
8.63833
13.8384
4.12508
14.5125
9.47356
14.8798
8.80164
13.2567
11.9918
10.2436
14.8727
14.778
12.3662
13.1109
6.39542
11.8909
13.9123
14.4954
7.6727
12.8407
11.6096
8.97621
8.5435
12.2108
12.3102
13.9575
5.74171
8.9616
11.8977
9.65205
13.316
13.1891
10.4402
10.7381
13.7633
5.94079
10.1735
13.6301
5.27623
13.155
13.5206
8.77609
14.3888
13.1947
5.2223
11.8488
10.8084
14.182
11.4364
14.1072
14.5143
10.9168
8.54691
13.899
8.785
12.5949
14.6396
5.91231
6.52585
11.1427
14.8963
4.40916
10.6856
12.6361
10.9472
9.41263
9.60424
10.1282
10.7715
6.13463
8.62149
9.00538
11.7472
14.4125
13.772
11.5576
9.06617
10.6863
12.7963
8.47607
13.358
9.68865
10.7522
11.5196
10.2803
9.61102
13.8624
11.1777
14.6405
6.83633
10.8889
7.63078
4.974
11.3966
14.444
13.339
13.3067
12.6468
14.7157
12.8063
7.71236
14.2711
10.0164
14.4616
12.863
8.39161
13.2926
12.221
12.5514
6.35091
13.8762
5.88989
12.0335
6.14783
12.0622
5.92326
11.7081
5.80252
12.0404
14.5869
12.2764
13.5346
11.1247
13.5673
12.0756
10.4869
13.1125
11.4335
14.2598
6.05851
12.377
11.7916
9.1743
14.9031
9.45734
9.73271
10.5322
14.5139
13.5097
10.6362
8.26154
10.1632
12.8445
14.8972
13.9646
11.5677
13.3922
14.9996
13.031
9.6444
13.2416
13.8116
14.5719
12.2562
13.0771
8.08937
11.6716
8.48041
9.58709
7.46423
10.5649
12.9618
12.2467
12.9421
10.6804
8.97049
14.0517
10.5543
9.34259
11.9525
9.91991
14.9582
12.0467
12.6334
11.3328
9.66652
13.3524
11.8732
13.6317
7.35013
10.4632
14.1776
10.4748
12.2439
13.2908
6.31492
5.27944
13.915
4.28073
6.59093
14.0533
10.747
14.0776
4.46878
12.9843
11.3174
14.8674
7.88045
11.7399
13.05
13.2163
7.69995
9.71955
10.2087
13.1388
14.4151
8.95904
11.2769
11.0249
10.5301
14.5561
6.00428
12.4555
14.5574
13.1592
11.2578
11.3668
14.5999
12.097
12.9544
14.585
9.9733
14.4213
10.5533
13.1832
10.0763
8.72861
12.6074
12.998
10.0148
7.93974
7.14662
13.8677
8.11804
8.11598
9.17351
11.5234
9.92308
12.8759
12.0789
7.02468
14.7796
11.8797
6.75075
4.56242
8.7505
8.71394
12.8384
14.6898
11.5661
12.398
14.3465
6.57917
11.3813
10.5674
14.7208
14.9605
8.82526
9.42797
3.90685
13.4627
10.8191
13.2498
12.4357
12.0291
13.4346
11.7513
14.5866
6.28641
11.7209
10.1501
9.13608
9.2189
12.5272
12.3231
8.5373
