11.0873
9.64554
11.607
6.06183
14.6709
10.8588
11.2519
10.1586
6.61291
10.8596
9.63604
9.81938
14.3542
13.7384
5.79531
10.5711
7.93982
10.6508
12.5322
13.1735
11.7698
12.1336
12.46
8.77363
13.572
5.88159
12.8887
13.1141
13.5794
8.55178
14.8267
14.8208
9.48368
9.36601
10.1093
10.131
14.6355
8.84468
11.2686
11.3056
10.6797
12.349
13.3308
13.7167
11.1477
13.1349
13.0478
13.4219
5.32883
10.0237
12.29
9.86265
8.87653
10.7701
13.1413
13.9767
12.2018
8.34697
11.362
5.96975
6.19643
6.00611
12.0078
6.95856
12.4758
13.1869
14.1814
13.7895
14.7168
9.36346
9.05865
9.95408
12.3858
10.2573
6.4863
8.4697
10.1502
11.9391
10.3031
8.93859
10.5633
10.5348
8.46634
10.555
11.7983
5.82612
9.69735
9.8359
14.4994
9.80392
12.0795
10.5057
9.95712
7.6646
13.5778
8.79672
8.83562
11.6191
12.8364
13.8061
8.56357
8.00133
6.37555
11.4791
7.84709
14.9283
13.6404
14.6314
11.0673
13.1614
12.4721
12.5275
11.3211
14.8687
6.05313
14.1262
14.6387
8.96046
14.5104
12.6269
14.9767
14.2996
14.8341
10.6324
6.53518
8.76178
12.6129
6.31181
9.57893
13.1546
5.92969
11.9928
12.9701
10.67
14.645
12.029
10.1953
10.7361
9.67938
5.82086
14.1794
13.9554
10.8001
10.0653
9.95922
12.0425
10.2699
12.5956
11.9234
10.7692
14.2544
13.0835
10.8451
6.21497
13.7478
13.492
14.343
10.8104
10.2679
11.9935
10.3121
11.9292
11.042
13.5038
14.5873
14.6576
9.90775
12.2037
13.8527
5.15145
14.4105
10.3085
13.2371
14.0501
10.6944
9.88225
11.7459
6.15544
13.0198
11.5688
10.287
9.966
11.6838
13.7038
14.1271
14.2435
12.0037
11.3921
13.1962
8.07608
12.9252
14.5384
11.4455
14.9576
9.77186
11.6178
14.3223
12.9772
10.6684
7.94918
13.7653
7.38955
10.2429
13.7
8.53829
9.56126
9.09701
13.1785
9.85417
8.36572
13.8624
11.8871
13.8003
8.06299
10.5672
13.9014
12.6844
8.24957
11.824
6.06231
11.0831
8.24902
10.4733
13.5005
8.17346
11.6006
10.6323
14.4785
8.83801
12.5008
4.88827
9.23262
11.3247
11.1573
14.9067
14.5737
11.6323
12.1572
11.038
13.814
9.99444
9.31312
12.2187
13.3984
8.64466
6.05496
13.9338
14.4382
10.4117
14.9461
12.1948
11.2485
13.3753
9.6236
8.77581
9.11985
13.9923
5.02922
9.07378
5.7955
14.3753
9.01324
10.7587
11.1724
10.0992
14.4674
10.8442
13.2875
10.5338
7.69987
13.1073
10.9768
5.41304
13.62
14.1193
10.0397
6.26157
11.543
9.47527
8.55471
8.42665
12.8304
10.0802
12.9164
12.6962
11.5214
10.9958
9.59709
5.11626
13.5411
6.57631
3.63045
11.5511
11.7074
10.9386
12.1811
12.7586
7.03938
14.5202
11.6497
13.6973
14.6862
8.47613
7.2526
14.3337
11.6539
11.2381
7.69867
10.0796
11.1745
13.1767
13.5389
12.7193
10.9143
14.338
12.298
8.47589
10.5663
14.8427
10.7702
10.5255
13.3722
12.0161
8.6729
12.3883
11.5083
7.81585
9.59606
13.8973
14.1731
9.70148
12.9676
14.1928
14.5504
13.3008
13.3434
11.7374
12.0894
11.6363
9.7417
14.3779
8.24447
11.8477
13.5714
12.4366
11.6873
11.316
10.1471
10.7019
6.35519
9.31337
12.1609
5.34261
13.667
6.87052
11.78
14.7534
14.4858
7.91161
14.2469
5.58014
10.8028
7.06984
9.7321
12.3962
14.0668
8.46756
11.0259
12.4301
11.4452
11.5563
10.4947
8.57591
14.4374
12.1238
12.2653
13.1096
13.0879
11.3726
12.418
12.5059
10.4413
10.7292
5.70509
14.0974
14.4539
11.6705
10.5414
11.913
12.7053
10.3521
13.016
10.2656
14.6119
14.7252
13.1385
12.8481
7.73723
13.5972
8.19233
10.2207
10.8973
6.52123
12.3632
8.16256
10.1867
14.7074
13.1339
8.73099
10.8939
12.3739
8.56639
10.9631
14.5606
6.14787
14.3852
9.16601
10.1299
5.06481
13.5106
11.0911
12.6808
9.69138
12.9958
8.80852
11.8838
8.68859
13.2005
13.5824
8.81543
10.9133
11.0591
14.0635
10.839
14.9935
11.8425
9.75274
12.4245
6.14029
12.4469
11.7395
8.08062
14.6112
12.2042
13.9813
12.0164
8.53644
8.99251
12.8173
14.5844
14.0549
11.3556
10.8231
13.0956
11.8103
11.839
14.1208
8.26752
8.15133
12.5581
11.2755
5.43586
10.6449
12.375
5.30504
7.63145
8.94583
13.5983
11.862
9.4294
12.8241
7.26239
8.46982
10.6053
11.8227
6.14443
13.8531
13.5829
14.3382
8.01047
13.9923
12.1259
10.2271
13.8706
13.3571
9.94876
12.876
5.33203
6.55091
10.0821
8.54363
11.4832
10.1928
12.211
6.53941
9.13042
14.4783
10.7331
14.5724
11.9991
10.2115
6.25802
10.3727
12.8882
9.21597
13.0812
13.3587
11.7514
12.045
12.6456
6.46044
10.2342
12.1339
14.7383
13.8326
12.0521
6.43097
7.04922
12.6672
14.6254
9.48386
9.73506
10.6227
9.05148
9.21231
10.2483
9.75854
13.8482
14.6012
11.0714
12.921
8.92331
8.89198
8.67835
6.06007
10.4738
13.7787
13.5961
12.719
5.77752
10.5788
13.7604
14.222
5.32918
6.47394
7.98602
11.0501
14.8407
11.0518
12.3299
9.15412
10.6655
14.796
8.32066
6.49244
10.7722
14.6641
12.8377
13.8552
10.9708
11.3104
14.2521
6.24061
5.69988
5.61705
13.6192
6.90096
10.6701
14.3157
13.4578
13.0213
7.31474
10.2695
13.2914
8.53918
13.8983
13.4126
10.2634
12.0422
13.9756
9.53257
5.64587
8.68292
11.9334
6.42229
8.91848
10.652
12.1106
14.6112
11.6999
13.9665
14.2458
12.9454
14.0821
12.4981
5.64044
9.44136
9.49851
9.05885
14.8626
11.8624
12.8263
9.69189
8.58037
12.7252
13.7766
11.456
11.9433
14.3436
8.45067
7.22635
9.9105
14.9609
8.66841
13.6945
9.76733
12.9277
13.4502
11.6068
11.9864
13.6964
14.5659
9.92641
14.7339
10.0879
12.0026
12.6021
10.6582
10.8791
6.82141
10.3937
10.4141
10.7136
14.989
12.7661
13.226
8.88105
11.2123
14.866
14.405
13.3457
9.94036
11.7395
8.34198
12.266
8.31281
14.027
14.4362
14.5493
6.14459
9.99729
13.6132
5.72206
8.793
13.4235
13.9176
11.6689
14.5103
13.5947
7.55654
6.78823
8.65477
10.029
14.3499
13.4283
11.6968
13.9049
11.7203
12.8932
13.9923
10.1756
8.47995
9.73368
12.3823
14.2835
10.8385
11.2925
13.9633
9.0237
11.4318
9.99316
9.55394
14.93
14.8546
11.1762
10.0852
14.6604
14.7086
9.19733
14.9083
13.5799
14.1145
11.5555
10.2343
11.8117
12.1003
12.042
11.0473
11.8389
13.8672
10.1083
12.258
13.4677
8.4459
14.5792
10.9296
12.7099
14.3172
13.8617
13.1483
8.40206
11.6265
10.2264
5.31862
10.9038
4.84215
14.9783
14.672
10.4965
5.55248
6.39524
6.01058
13.4798
13.256
6.1242
11.9709
6.40982
14.0678
9.09612
13.2028
14.4356
14.8874
13.3428
14.3613
9.52879
14.3201
12.9581
14.6493
12.2407
8.60885
8.54435
8.61757
9.52704
5.893
9.49058
8.91319
14.5546
13.4493
9.77538
13.2901
9.47424
8.52758
9.40262
14.44
9.65817
10.3801
11.9818
12.385
12.2331
13.7394
9.07841
8.0223
12.202
8.07684
9.3053
9.44045
13.8284
9.42128
6.29523
12.6765
10.8612
9.14382
14.6838
9.09819
14.941
9.73343
9.72843
6.08621
7.74934
10.5787
7.50466
13.2384
13.605
9.33074
13.0542
13.2565
8.86169
12.49
10.2905
8.52686
11.3279
10.3934
14.5234
10.1744
10.8754
5.85058
8.92912
13.8602
6.3469
9.62948
13.1046
11.9911
10.447
13.5254
12.3701
10.2176
10.194
8.75231
13.3314
8.42508
13.5809
10.6023
14.8522
9.82293
12.47
14.4087
12.4756
10.8115
12.1493
13.928
13.6326
13.1059
8.9465
12.8443
12.4163
13.0655
13.5188
6.24548
14.9239
12.7183
11.1736
14.0438
9.88392
13.3927
11.6538
4.84053
6.85182
14.1085
7.11172
12.0337
10.1106
13.0989
6.82146
10.4503
14.6385
8.97587
6.03426
6.51705
14.1098
14.4608
5.60635
14.2947
10.2069
12.8417
14.1246
9.75384
9.40686
13.3454
13.9599
14.2586
13.6112
8.59055
9.94584
14.7004
14.8941
12.5577
11.7426
13.8685
11.7036
12.0202
13.1079
13.1905
11.4515
6.98071
8.50328
9.18634
14.412
8.60365
8.56649
8.49665
8.23862
6.63596
11.4972
5.22013
5.86475
10.1767
14.3891
7.82473
9.66866
14.5388
13.8377
13.9517
6.593
8.87888
9.52151
5.2278
13.7128
11.4867
8.77067
10.5218
10.718
12.9365
10.0426
14.0464
12.1119
13.3368
13.9743
9.22611
14.9344
6.12505
13.0356
12.1479
10.9839
14.5705
11.8065
6.42478
12.869
13.2904
11.0744
11.4028
6.31641
14.0289
9.74813
8.72138
12.7784
14.5614
8.96839
14.5716
10.5868
11.1594
11.3702
11.3132
9.1911
13.6931
13.5974
10.0893
13.4176
10.6815
13.2541
8.38087
9.16243
14.5642
8.59501
8.81953
12.6115
10.2224
14.4439
11.3293
11.1341
9.55636
10.785
9.19785
10.6956
5.73448
12.2859
11.0778
12.0921
10.2886
13.6093
13.5311
12.8689
14.1339
10.5424
8.4342
7.36534
13.2204
12.6511
14.2736
10.6489
8.48419
7.34741
9.31889
11.2552
11.5657
12.2457
8.53871
12.5311
13.2832
9.80388
10.1565
9.40691
8.38787
14.1992
12.0378
10.9342
11.1152
8.75609
5.58917
12.7272
13.5502
10.6458
8.76185
13.591
10.3158
10.0583
9.4311
13.7792
14.8396
12.4277
13.9373
13.9196
8.22782
13.464
9.67757
14.152
12.4385
12.8728
14.3886
10.828
14.5136
14.8738
13.835
10.4662
11.0883
13.3865
13.7946
8.96054
8.95414
11.0965
13.9315
10.5967
12.3693
11.8317
11.9586
14.5448
11.3097
13.3358
9.29398
10.0971
6.99708
13.4964
11.22
13.3541
8.21251
5.23107
10.5238
12.6765
14.5941
9.63626
12.8862
10.7033
14.0808
9.31538
11.5826
14.597
6.25029
11.2994
13.0817
5.73325
12.8513
10.4685
10.4142
12.4807
14.9429
7.88352
11.9373
11.9861
14.8627
9.5569
10.6761
6.71568
10.9887
10.6793
12.0233
12.8075
12.7153
14.8961
14.2014
7.64904
9.73011
9.75341
14.1857
12.6296
11.5445
9.62668
5.04248
8.02884
11.8678
9.86012
12.0186
13.7674
10.1408
11.3464
8.44081
13.8949
12.6993
10.5488
14.0463
8.57423
14.565
12.7872
11.6727
14.3824
13.3452
13.244
13.7863
8.28167
14.7715
5.85125
11.6835
12.5154
10.0778
8.54616
8.38182
9.68611
9.34286
14.1829
12.4404
11.2571
11.3949
9.54848
13.9022
13.7303
12.0157
10.7794
12.8798
10.4646
5.69965
13.5124
8.59541
14.589
9.9038
10.9613
12.5933
9.46295
13.2369
13.3578
13.9313
11.611
5.86129
6.31159
14.022
5.79873
9.49626
10.1366
12.5948
13.1341
14.8677
9.96484
11.7946
13.0562
11.9845
9.23453
14.2756
11.0486
10.2496
8.75708
11.9974
14.5814
12.9465
13.1501
11.1497
12.1157
13.7599
10.9046
14.3106
12.3175
14.4443
14.8314
14.9375
9.89201
11.6868
6.55101
8.73033
10.2848
11.2289
10.3894
13.0295
9.08107
9.91763
12.9502
6.31614
12.7203
7.43133
9.23672
8.57569
14.36
10.0692
9.49539
9.61882
10.1614
12.236
9.5908
9.02725
8.60024
6.58592
11.5064
14.6425
14.3719
12.5768
9.27227
12.1417
10.5829
9.69595
10.3309
12.3683
13.975
13.9873
7.04136
9.00599
11.7343
12.9641
9.08654
14.4737
12.9228
9.49772
12.0894
12.2045
6.4464
11.9911
12.6137
13.4312
11.3701
8.4386
12.6687
14.5885
14.0898
11.757
10.3171
12.8172
8.64824
13.4222
11.0669
12.3859
14.2376
12.4096
11.5545
11.7399
14.0616
13.8932
9.13667
13.0765
13.1786
9.2243
6.51601
14.6821
9.57364
13.6085
7.85139
14.2968
13.8842
10.655
8.94482
12.1251
11.0276
10.234
13.1675
13.0468
14.0758
8.47542
14.0213
12.4667
8.76622
13.7136
8.55749
10.4469
12.6851
9.89017
10.5545
8.50282
12.4862
13.7827
13.4798
6.72802
10.6631
14.3488
11.7355
14.502
9.58275
12.1554
8.47914
11.6662
11.1432
13.3846
9.02062
11.8522
6.27494
13.7083
12.3689
13.3486
12.0306
8.47945
5.72019
12.4704
6.75494
10.3659
11.7143
5.83097
8.72871
10.0074
11.1705
7.18227
14.2701
14.5065
12.9153
13.4262
9.82022
10.2885
14.7707
13.4239
12.8454
14.0418
10.0069
10.4032
5.84771
13.8924
11.6002
14.1751
7.56383
11.5262
13.8079
14.3585
13.0591
7.68694
13.6388
13.7048
13.527
8.52786
11.2561
12.3464
13.978
6.46394
13.8568
7.7319
12.677
13.453
5.29485
11.2308
11.5416
14.9853
14.7818
13.322
13.8898
12.7402
10.2393
12.4204
12.199
8.09442
10.3864
13.6299
14.2008
12.6456
14.8741
5.66746
8.57744
12.7787
7.59085
6.56663
10.6759
7.4866
10.304
14.4124
9.32548
14.0316
13.9649
14.9843
8.62958
13.9706
10.4239
14.1888
14.9186
13.575
10.339
10.7968
13.0048
10.6058
9.81686
10.785
11.7314
13.3001
9.31295
14.226
11.8085
12.1273
9.74835
12.9838
6.42364
10.1755
14.8844
14.3324
14.0339
11.4511
9.07143
14.3688
5.76391
12.5966
8.49425
12.5554
14.8907
9.0066
14.1262
11.5803
13.5197
14.7688
11.2188
13.6562
14.9936
8.67907
13.7455
11.7858
10.8233
12.8796
12.6062
8.91258
8.33065
10.1395
14.2551
14.1588
12.9309
10.8426
11.3583
12.9408
14.7782
10.6819
14.7107
11.7799
8.55426
5.14799
9.95306
14.8093
11.4111
8.27936
9.1697
10.3283
6.81258
11.2309
10.438
14.4724
11.8948
13.5658
10.6651
8.89805
8.60568
14.81
8.9029
10.6566
9.01791
11.0915
10.0819
5.70739
13.5142
11.8353
8.67114
12.518
10.9162
14.6328
7.87341
10.724
9.9965
11.4688
11.1884
5.70387
9.41051
7.83457
14.323
14.7943
13.1344
12.8948
9.34647
10.0636
12.1958
13.7437
12.1939
8.41457
10.0514
11.8091
12.9633
14.9528
4.36784
3.74377
9.98595
11.0107
12.0794
8.80007
11.3851
5.3264
9.04805
7.5596
14.818
8.71756
7.72353
14.0099
10.4697
11.2356
10.285
9.23393
14.3375
7.9102
8.04239
14.693
11.2935
11.2334
5.17069
13.8547
9.67255
13.256
8.9097
11.811
6.3043
13.0693
13.7999
11.4228
9.11311
12.3987
6.42518
13.4421
9.49121
14.9924
14.1093
11.4267
12.8122
14.6021
7.51112
11.7084
10.0462
13.8375
7.87202
13.641
9.63199
9.61486
14.6478
5.13617
12.5672
14.8371
8.19167
12.2566
8.09465
11.2558
12.4588
6.19118
9.52602
9.84187
12.7318
10.3835
11.4705
14.7117
9.99225
14.6436
5.68321
11.6802
9.20914
13.6773
14.7693
10.5326
6.31702
14.2759
8.16933
9.24065
11.2418
5.24882
11.5765
8.13748
14.4731
6.24179
11.2595
9.60996
11.5092
9.63811
4.96818
6.46218
10.1673
11.8971
13.9874
9.39336
12.9959
13.1407
9.18258
13.9385
14.0667
12.7294
14.1538
14.0314
11.7261
10.5214
7.61066
13.1751
13.9383
8.14343
11.6714
12.4983
5.46626
8.83852
9.42165
11.1238
6.21345
14.9461
9.30078
6.08763
9.13435
8.5274
12.2243
13.1883
11.7837
13.1857
12.3309
10.0417
11.3134
13.0225
13.6464
11.7647
13.1291
12.657
9.72493
9.73129
9.06391
14.2954
12.9513
7.38048
9.18429
6.63848
4.85358
14.0025
8.12496
4.15194
13.0937
12.6557
10.9163
11.4189
12.2363
10.7143
11.0964
14.0752
9.31148
11.607
10.7417
10.8437
11.345
13.6298
13.9459
8.92206
14.8074
12.9346
9.25752
11.9697
8.61119
14.3374
14.4296
13.7818
7.04376
9.47951
8.57433
12.3423
8.42053
5.78077
9.19418
13.829
11.8204
7.14541
6.2381
7.06915
12.2688
11.1212
12.6785
13.4489
11.8437
12.4258
11.434
5.41425
11.9257
7.94664
13.2111
12.7791
9.86403
12.1382
6.12823
11.2663
14.0294
9.34116
14.6351
10.0074
11.0591
6.2297
10.6698
14.4946
12.5485
12.5789
7.34
14.2231
14.6591
13.8005
14.0764
11.3674
5.2506
14.8548
11.6324
7.8529
11.2723
14.0737
13.7701
11.3758
9.66818
9.56269
12.4954
11.0725
10.543
9.81782
12.6866
14.9535
12.7328
14.9482
13.9738
11.6011
11.1282
13.3831
10.4575
13.6169
14.8676
4.53214
9.95598
13.4181
11.1765
12.1789
14.7097
8.55437
10.5012
14.3899
12.8594
14.6333
10.037
8.90263
11.9081
5.66456
12.6121
13.8763
7.41038
10.3836
11.3644
6.58056
8.78507
11.0699
14.1023
13.8914
8.8798
11.3827
14.5146
10.3484
6.03336
13.6887
14.2867
10.4079
10.7735
14.3418
9.18628
14.1814
12.8262
5.13706
12.9978
12.2337
10.9235
14.489
14.3892
8.63429
10.5169
9.1085
12.518
10.6726
12.1277
8.28927
11.2161
10.5637
12.0979
5.4938
6.14553
14.5638
12.2394
11.7296
10.7603
11.4051
9.16455
11.1808
12.9702
12.018
12.4334
11.5415
13.236
13.0206
8.1716
5.25091
12.8468
6.77487
10.3154
7.97382
11.5924
12.2739
10.657
12.8918
12.7515
4.8639
10.395
12.8756
10.4551
12.8642
6.44118
14.792
10.6827
10.6526
10.708
8.63599
10.945
12.268
6.1563
10.1893
10.3549
9.88507
13.9143
10.8486
14.509
14.1862
9.71533
14.8566
14.6061
13.0558
13.9143
13.5639
13.3047
10.1485
6.4177
13.1429
10.1564
9.38305
11.0684
10.5049
13.9393
14.2095
10.5361
11.5347
13.1047
13.8924
7.01255
13.2987
13.431
4.90227
13.4141
11.4144
11.8835
8.71386
11.5605
12.6462
9.88704
9.29338
9.31105
13.1587
7.28663
8.63045
5.74807
4.52393
6.17337
10.4034
14.0928
10.3127
8.63558
12.7575
5.70169
11.5441
10.3473
14.5204
13.8829
8.00871
8.70436
10.99
14.5227
14.5733
8.54306
14.6508
13.706
8.90941
12.5003
13.3173
9.62432
6.09679
6.68933
9.07398
14.6395
12.5218
12.4474
12.989
14.6065
13.5533
8.79062
10.9168
6.03112
12.5433
7.37323
10.6648
9.43666
11.8666
6.20192
10.6203
5.24162
11.7118
6.07791
11.3779
14.991
11.308
13.437
13.7543
8.25409
11.4753
13.8964
11.7803
6.99771
12.8938
12.9002
13.5665
9.68068
12.1704
9.01887
4.37433
6.03431
10.702
13.0244
12.195
10.8329
12.5166
10.5664
13.5017
6.25209
13.8474
13.1968
14.8841
9.28924
14.5375
7.77056
6.60599
9.89389
13.9508
14.3987
11.3058
8.49181
12.9719
5.64475
6.75452
13.53
14.3917
11.868
7.55791
12.3966
13.845
11.1648
12.5927
11.0306
12.1281
9.35365
14.997
13.6401
9.04389
14.2484
10.2272
13.202
14.9598
7.0111
14.6389
8.20063
8.51469
12.7709
5.4355
7.62632
14.917
10.4992
10.958
13.3797
13.5009
11.3326
9.71721
7.47366
13.7037
10.3986
9.71919
12.4802
11.9374
10.7392
5.24934
10.5116
9.39763
8.7023
9.30264
9.34986
6.26882
10.2822
10.2834
8.78154
14.173
14.2347
5.63641
13.4784
11.4289
13.5068
9.3131
14.7052
14.6083
14.4219
14.895
10.7124
11.862
7.22348
10.9323
7.21028
10.5656
8.86161
14.7051
14.8726
11.083
14.6798
9.44319
10.0863
12.6861
11.6282
14.6911
9.96308
10.8186
8.41267
11.0896
9.24986
13.5198
11.6234
11.1788
9.1121
9.56643
14.9326
6.07097
10.5982
7.17404
6.38931
8.30014
9.10564
10.2622
6.6573
9.17836
10.1116
7.32182
14.2657
11.8801
5.83141
14.2434
7.77212
9.29918
13.125
11.6531
10.2075
10.0845
12.3083
13.3054
9.42106
12.8543
12.2983
13.6021
10.3251
12.6815
8.56906
8.85851
8.45554
10.1767
14.3106
12.407
12.2733
14.9731
10.2686
10.1278
14.3545
6.77211
9.23179
14.7801
9.49233
13.1923
6.33612
12.5364
10.7473
14.8496
12.7268
11.8258
10.1266
13.2989
4.9369
14.7173
14.0286
10.6488
14.1485
11.643
9.32963
13.1428
13.6917
9.18745
10.0296
12.2233
11.2174
12.1248
13.6198
12.3692
14.4629
14.1757
9.41355
9.73282
13.6605
13.6968
7.91659
11.6324
13.3333
14.8583
14
5.94893
11.8163
14.0408
10.7589
12.4554
10.8383
6.52747
9.20198
14.697
10.0026
9.96776
14.4541
6.06637
10.8373
7.72011
14.6276
14.7963
12.1412
9.79809
13.7388
8.98963
12.9661
10.1151
8.47544
14.192
12.1268
11.1054
11.5759
14.4789
12.861
8.52609
13.6911
6.78936
11.4428
12.1035
13.8847
11.0138
12.6372
5.52759
13.6003
14.8885
12.8661
14.7257
12.2931
9.99247
6.68992
11.35
11.0717
10.4525
12.0316
13.2732
14.055
13.0433
11.1341
13.797
5.93548
6.90922
12.3136
11.3317
9.24537
14.1206
13.7797
14.9654
11.2981
14.9539
13.4736
14.3396
10.7541
9.27527
14.4591
8.79618
10.3485
12.6956
14.7721
6.48268
13.6516
9.38452
8.5015
12.2547
10.9271
10.4688
12.2716
14.8169
8.35877
13.4058
12.3558
9.18505
9.82323
5.24988
6.89164
12.1841
9.47422
13.2562
14.94
9.81021
12.7986
11.2161
10.6161
10.3995
12.2214
9.71392
12.8981
12.6773
9.66093
6.98372
12.979
7.81405
8.80555
6.0917
9.19933
6.1808
14.5518
5.91655
10.0266
13.6811
11.5287
10.2471
9.01572
13.4799
14.1559
10.8586
14.9317
12.7179
14.4823
12.3004
14.0583
13.8124
11.6933
12.1034
14.4436
11.3735
12.061
14.1465
14.651
9.87082
12.6922
11.3144
11.32
11.5573
9.28619
6.88943
12.1773
6.14143
9.92282
9.55845
14.8523
12.131
8.5655
13.8823
14.9847
13.4693
12.1892
9.5868
13.0982
13.7401
12.5421
9.77703
7.53685
10.6428
12.3601
12.2203
10.5938
12.5192
10.1535
10.1548
13.4283
5.83257
10.8754
10.5019
13.3858
14.0721
10.3324
13.6396
8.32085
13.1907
7.88577
14.3774
13.156
14.3964
12.7594
12.8666
13.701
9.27464
14.8725
14.9162
11.9691
11.1294
14.4266
10.2135
10.0879
13.2624
9.49527
10.7877
14.7835
11.534
9.26075
9.29106
14.2741
12.2606
14.4495
14.2806
10.7899
4.85555
12.7584
14.5334
9.37437
11.0195
12.8409
13.1713
6.95645
8.74751
14.5177
13.817
13.6542
12.9772
11.3371
13.0606
13.8981
14.1789
10.8674
11.6332
13.3717
13.6371
13.681
5.61637
14.5395
13.1572
13.8376
11.7525
14.0424
9.53645
8.6191
14.7498
13.6987
10.8793
13.916
14.8828
13.1023
13.6443
8.17171
14.5143
11.185
12.0738
14.445
13.0647
10.7285
8.79087
14.2651
12.0977
7.28582
10.4715
8.23063
14.0311
11.7092
13.4851
8.53288
14.5678
14.0921
7.73061
11.7757
12.4598
10.3823
6.7115
11.8015
13.9651
11.6712
12.3697
11.0542
10.3963
8.84564
5.92482
5.77757
12.6326
8.51135
10.2527
10.2329
13.9686
13.8106
14.7516
11.9967
8.85615
13.7657
10.9732
13.9003
11.1442
12.7126
13.0213
8.46685
13.9057
6.72508
11.8417
12.2246
6.10879
13.1584
14.5937
8.15164
9.75911
8.4723
11.1131
12.9399
11.3845
6.01619
9.79425
13.4041
12.2216
12.794
10.3645
13.8426
9.13113
13.15
10.8491
13.7828
14.2642
5.18523
10.2757
4.35005
8.97715
12.1472
12.8124
8.80485
14.2383
11.8137
10.3785
12.1877
11.7788
13.5347
13.4075
14.3641
13.3962
14.7015
10.0674
13.0392
13.9934
11.4204
13.1703
14.1785
11.0582
10.5327
11.2793
13.2604
6.26951
7.5314
8.75591
10.1354
13.9075
10.6009
12.5871
10.8123
13.5649
6.77936
12.4182
9.9242
12.3394
13.3972
11.0625
6.20066
10.3203
11.7898
14.8468
7.90881
9.06961
14.8888
9.89877
9.08419
14.9738
13.1948
10.6989
11.3566
8.62477
13.958
6.7955
10.9806
5.81892
14.5125
11.5187
10.997
8.7077
9.39098
11.8138
14.1608
11.7072
13.2074
10.1885
6.18548
6.77442
12.545
9.63639
8.05428
13.4248
14.2502
10.7174
7.12218
14.2369
10.6445
11.553
8.61914
5.50984
11.3969
9.93554
13.7523
14.8936
14.19
8.76308
8.52618
9.02851
9.3046
6.40104
12.3338
14.7976
6.82856
10.5853
9.33209
6.90604
10.3153
10.3621
14.1836
10.6826
13.8447
6.31917
11.537
13.1547
10.2031
11.5977
6.58984
9.71222
9.65598
12.515
11.9691
5.45139
13.9213
10.3654
13.2979
11.8177
13.5443
10.5987
11.5804
10.6693
11.0173
10.2532
8.00724
10.6201
13.4907
14.9309
7.61293
13.6495
7.35917
10.3977
13.6002
13.9814
11.4489
12.4959
11.132
14.5578
12.1583
8.77706
10.2257
14.9589
14.5218
13.3593
8.15145
10.6262
9.38876
7.81982
11.5664
9.54782
9.41945
6.90409
8.87411
11.3176
10.974
13.5852
5.47215
14.4525
9.93263
14.2598
11.3351
12.7069
14.0706
14.4157
6.74687
13.9948
13.0754
13.5921
6.71205
12.7818
12.4934
10.2672
13.5572
14.2545
12.5015
14.6299
9.62304
14.8609
8.53163
12.096
9.943
11.9925
12.6523
13.5751
13.3131
6.47855
12.4515
13.9324
13.4653
11.1405
9.83055
10.6578
6.41842
6.94552
8.87719
10.2372
14.1572
10.6673
11.6652
11.6403
12.9948
8.25162
12.8736
14.9494
12.2014
7.0634
6.95733
10.0853
9.34535
13.1579
11.5224
9.06988
8.26595
9.76321
14.8934
7.95422
11.2228
14.1141
13.9254
10.3145
6.34379
6.13697
8.87361
13.6403
12.7478
12.5437
14.5003
14.4962
11.8097
13.9071
9.94786
10.8768
8.32795
14.8011
12.9014
9.88279
8.44446
9.94839
9.47541
8.43502
10.6561
12.0252
11.6064
11.5609
5.98706
14.2789
8.64265
4.47446
13.0184
13.5739
14.0907
12.5752
5.63637
9.99893
10.0419
7.35136
8.23332
10.1875
14.3577
10.6701
8.46901
13.8995
14.2987
10.6156
11.2267
8.43051
13.6117
8.79743
10.7979
13.8216
11.92
12.6392
11.6919
14.0973
10.7153
9.62912
6.18799
12.6379
13.1601
10.2299
12.3609
13.6549
13.8638
12.9973
7.24368
11.7486
5.44482
8.66425
14.2258
13.1408
14.1715
8.28387
11.7144
10.8077
10.9137
11.9709
13.1467
13.5337
10.5954
13.6036
6.01178
8.91186
12.2614
11.5889
13.1112
4.61154
12.0288
9.94263
11.9137
12.9441
9.26347
10.4122
14.2553
11.1294
12.5234
11.0923
10.3667
13.696
10.0579
10.1289
12.786
12.9439
9.20217
10.929
10.7535
13.6689
6.27551
12.1817
11.4144
9.74645
10.6709
11.7829
11.4053
12.5944
10.487
11.0072
10.6459
11.6792
11.1908
11.0989
11.822
11.3389
9.24345
11.0635
11.0893
14.3515
14.7984
8.34021
6.65833
12.5967
13.2392
14.978
10.282
12.6896
12.5415
6.30136
14.591
13.5395
5.63131
11.2414
13.0794
11.0482
12.6909
12.1689
12.1265
8.34743
12.7403
12.8844
13.0548
11.3658
13.8884
9.17542
13.8914
4.98036
10.2706
11.4402
13.3096
11.2661
14.1476
12.9454
11.707
6.25079
10.6582
12.1362
5.44543
9.06792
8.54434
8.6229
10.3071
7.89327
12.1155
14.7719
14.4509
6.15546
12.2447
9.73741
12.4055
14.8893
11.7736
10.7966
9.7945
10.7681
12.2552
14.6302
8.50323
6.70382
8.9132
12.5382
9.46518
12.0751
5.76893
12.1712
13.9365
13.85
12.6051
8.54804
8.72109
13.2596
11.043
10.7531
9.39513
14.3502
13.7998
13.4825
9.3882
12.2499
5.34296
14.6172
13.8353
13.1633
11.0392
12.3973
14.1302
12.6927
13.1569
14.4514
6.28845
11.4311
8.94692
8.69702
10.5376
10.2679
12.4671
12.2904
11.442
11.4983
9.64238
10.5685
7.80704
9.34918
8.88066
14.9219
8.34249
10.6175
5.52263
6.373
9.51115
7.71153
7.65996
11.4122
11.4881
11.3161
13.8048
14.447
12.5943
11.0317
13.1541
11.6164
10.8304
9.30922
8.50615
6.31127
11.1128
11.7999
10.1341
9.51659
11.0133
13.0739
12.9628
10.3813
14.4387
8.58679
10.0365
11.2571
7.90266
13.7421
14.9762
7.02679
7.80384
14.5265
14.2606
8.82822
10.4798
11.7338
9.47588
9.8842
6.20352
7.78738
9.62968
10.576
5.21926
12.7507
11.3385
14.1949
14.9592
10.9728
10.3472
12.5259
13.9474
9.67342
10.3759
11.5191
13.1393
10.706
11.7852
12.8542
9.55245
12.1952
10.9327
10.8372
13.2531
13.4478
11.1427
8.44243
11.819
8.89659
8.90007
11.062
10.454
9.19496
12.2561
12.0407
9.80051
14.0376
10.964
14.2202
14.2401
13.5234
12.9729
11.9199
9.14006
9.29296
12.3061
10.8175
13.375
14.7436
12.7298
7.44407
10.9252
13.0233
12.8383
14.0572
13.2859
14.6238
13.8625
13.2591
14.3207
9.80341
9.21257
11.9987
12.1628
13.1623
14.6552
14.9674
14.879
14.9762
10.745
12.7426
12.9133
9.86339
11.0981
7.12781
11.3338
9.27627
12.2167
14.0997
11.1481
8.79563
9.39961
12.7146
5.93884
11.6629
14.253
13.2084
5.01451
13.6843
9.46782
10.9315
14.3271
8.97917
14.0051
10.0577
10.0476
8.44465
13.4796
12.7927
5.90933
11.4799
6.06381
8.88094
10.1104
13.8034
11.6956
8.90509
11.6759
9.69326
10.0886
9.3222
10.4021
14.6193
13.403
12.0945
13.6904
14.3444
13.7658
12.101
11.2291
12.258
13.4471
9.29327
6.7586
8.40331
10.6687
6.03385
6.16865
14.7876
8.63166
14.1345
10.1505
8.5776
9.71198
12.2108
10.5151
4.3773
8.54528
12.6287
14.8735
13.6681
14.7433
12.6478
13.2124
13.613
6.04779
10.7053
12.2385
10.1353
9.55443
13.4142
11.7549
14.4561
8.39754
14.1872
8.28971
12.4228
14.2173
12.4678
10.1
5.80818
14.3094
11.7179
11.0765
14.9913
9.66362
9.48386
9.75068
14.433
13.6391
12.5892
11.7871
9.56365
13.8748
8.62532
11.2727
11.1549
12.8502
14.6102
13.2554
7.66182
14.6543
9.00322
12.1379
13.2733
14.7087
6.482
12.4385
8.92533
6.588
11.245
13.3257
8.42165
8.68242
11.9779
10.4588
8.95555
12.9822
8.82076
11.7837
12.7029
10.5396
9.57148
10.2195
6.86713
14.001
14.7289
12.8925
14.0141
11.3837
14.3706
11.934
13.086
10.64
13.9077
10.1174
6.14693
10.747
6.64823
10.3257
14.9064
6.38553
11.2078
9.03639
9.02724
10.1198
7.54451
13.6841
9.70814
10.1798
13.6272
9.90171
8.14744
6.43348
10.7544
13.4667
11.763
6.17447
11.0871
12.5568
8.20464
13.701
5.89922
12.1656
10.5827
11.2622
10.9985
13.7397
14.0853
7.88095
12.7931
10.3045
12.2934
12.6333
13.4798
9.583
13.8554
14.122
8.99718
13.153
9.60496
11.8284
12.3512
9.53775
9.75578
13.3066
11.1399
13.172
9.87243
10.6664
4.66551
5.8473
13.4353
13.5163
14.2188
7.47055
6.72615
11.6507
9.64182
13.0964
13.6113
11.3297
13.4413
12.5651
10.3893
14.6377
11.1344
12.939
11.5549
13.8481
8.35289
7.21323
14.2679
11.5786
11.5552
13.0116
12.5389
13.6301
14.6072
9.51677
12.6243
12.7732
7.91857
9.20931
9.31457
12.0725
10.5198
12.8713
11.1517
9.63449
5.7685
11.4709
14.0346
10.312
12.5759
10.2814
13.045
14.3718
11.5843
10.5115
11.7101
8.3356
12.05
13.7918
10.9004
14.7036
4.81113
10.6656
13.7786
14.4698
12.2821
8.77493
14.0674
11.4503
7.44368
6.14316
6.95709
12.5204
12.6937
11.6156
13.746
10.9138
9.91954
14.9497
11.5129
11.8971
14.5902
9.9665
13.8833
14.6147
13.6029
12.414
10.2869
12.7735
5.36328
14.209
14.1366
12.8757
10.661
6.23246
8.42105
9.06461
10.6609
12.2593
10.4591
11.9546
12.1882
11.7155
7.54354
14.2957
8.17072
5.96124
9.605
8.90794
12.8777
12.1349
12.41
10.9021
10.1552
13.5692
12.2591
11.0975
12.3193
11.5396
11.753
12.7228
12.8632
14.6458
11.3296
13.9006
13.8569
12.3635
12.5109
10.159
11.6048
13.63
8.368
14.8176
12.0143
8.28708
11.4118
12.9948
6.38555
9.8399
10.8548
14.9847
9.35783
12.904
12.7991
14.1368
10.2045
14.1293
8.94763
5.35935
8.78348
14.1265
14.5136
10.9263
7.63864
14.4114
9.67963
5.89533
13.7126
13.8647
9.64593
14.6287
13.7615
12.0475
13.4281
8.67247
6.24652
9.79802
10.2096
14.3015
12.1158
14.2671
10.6187
11.7592
10.7173
13.886
8.26278
9.69096
10.2595
8.54905
11.4643
13.013
14.4672
12.157
13.0104
10.8839
13.822
12.3624
11.2495
11.2659
13.7645
5.61504
5.28112
14.4546
13.7839
7.26901
5.64324
5.41202
9.36414
14.3467
9.45463
6.17624
13.897
13.7468
10.0604
8.85337
11.75
11.5727
11.5203
10.6229
13.5607
14.2095
11.3851
14.2244
8.15195
9.41106
13.8073
9.69721
8.49479
9.76541
14.5937
13.7119
11.9279
11.1858
13.6417
14.0729
9.86793
12.1256
11.0118
13.5327
12.5964
14.1187
10.1681
10.3858
14.3847
11.7798
12.5089
11.7526
14.0571
8.17177
6.17209
10.9283
13.2962
11.8152
14.1279
7.29004
8.5873
6.12796
10.8613
13.8346
9.57874
14.4189
11.6718
9.05351
4.9644
10.9981
13.02
9.43541
13.2136
8.19703
14.6671
14.5363
11.8772
9.68854
9.99778
8.98616
13.2644
9.73397
12.2525
6.30238
8.28723
13.3258
13.2509
13.3445
14.9344
14.0832
10.9567
8.57388
5.92102
6.23087
10.8462
12.5216
13.3362
10.2027
14.4921
13.4101
11.2615
13.3788
13.3573
12.8747
10.2249
6.80593
10.1528
8.12475
5.44862
12.8725
10.1084
10.4636
14.2813
9.61079
11.0374
5.42037
12.9802
5.97731
13.3131
13.2382
11.3621
8.68445
6.51641
10.7825
13.0306
12.2298
12.5374
9.16983
13.5991
10.4469
9.38029
10.7424
12.1908
8.73416
11.7882
11.2742
13.3552
13.8906
10.8078
11.9917
9.38468
12.3377
13.8448
14.671
8.62194
10.5997
14.9942
11.0097
5.44902
14.7291
12.8244
12.6501
10.6405
13.5078
10.4162
13.7834
10.2948
11.0431
10.1325
9.52255
14.2499
9.95628
13.7744
9.25886
5.99657
11.3752
14.174
12.3149
14.2114
12.8704
13.3179
9.97209
8.62235
14.7322
14.9462
13.4554
14.6013
14.0164
11.8533
14.9478
11.4361
8.83073
11.499
13.6
9.12167
5.14084
10.1593
11.1273
12.6703
13.6366
10.9853
11.4198
6.2352
13.7848
11.5856
10.7098
14.3253
12.179
10.2685
6.98769
8.40227
13.9884
12.0929
13.2607
12.3793
6.10201
10.5392
5.96699
12.9859
4.60951
10.4435
11.0501
11.872
11.6793
13.0484
13.2801
14.885
14.6704
9.36235
13.7669
10.5297
14.4047
11.1721
12.7612
9.7209
12.6795
5.8064
10.4435
13.7371
14.1671
5.65035
12.0673
13.3049
13.7859
8.16873
10.4659
8.16909
14.0353
7.11366
13.53
13.3945
8.93017
9.66014
14.4755
10.2121
7.66895
13.5333
8.3659
5.89166
14.6349
8.65919
13.8547
12.5401
14.3604
11.5762
6.27373
12.0497
10.9123
9.72786
6.33532
13.4876
13.2559
9.0569
11.8816
9.14698
12.4005
5.71998
8.01251
14.9799
8.83729
10.7006
6.29075
12.2231
11.6254
11.7287
13.5197
14.301
10.6017
6.61853
10.8006
13.2499
12.0596
14.8157
14.7575
10.9295
8.69638
12.9218
11.7065
10.2373
6.91952
11.4924
12.9979
12.8386
8.77063
13.4433
11.4693
10.8447
12.9773
10.6879
12.3069
14.3583
8.70845
11.8756
8.48979
12.7652
13.2988
14.0879
14.3376
10.6332
10.5471
9.43203
10.9924
10.0063
10.4842
13.5396
10.6297
10.3169
10.8402
12.2087
11.6336
10.3278
9.81118
14.2496
14.9584
10.8065
11.9959
11.4006
12.681
7.76013
13.2988
12.302
5.28547
6.43955
14.6906
11.3156
11.6332
5.83678
9.94042
12.0163
8.47651
7.11544
12.7761
14.6831
14.4485
13.5865
8.84025
11.0732
14.345
7.27384
8.57819
11.7414
10.6774
12.2161
11.0355
10.3601
9.45429
5.82194
8.01782
6.7917
9.89616
12.335
10.4433
14.1444
10.9921
13.5875
14.3388
12.7304
11.5973
5.47711
6.17798
12.9057
12.4713
10.9244
13.8596
14.9604
14.6321
11.318
10.8206
14.9563
14.552
8.70568
6.11433
13.4727
14.8481
11.3323
12.7126
10.4126
12.3807
10.9893
9.28491
13.4517
13.2057
10.1666
9.37634
12.1069
12.3597
6.50418
13.8787
11.946
12.166
11.7021
13.3703
9.44395
14.8509
13.4556
10.8185
10.4649
14.6301
10.7488
8.7429
14.6293
11.4025
14.4667
7.34228
13.296
12.7696
9.73007
9.39326
14.3841
13.5623
14.9234
14.685
9.82372
10.1512
10.2669
11.6716
6.33598
12.2668
6.56041
14.9239
8.56018
11.5741
10.4001
11.7071
7.21178
7.28233
12.76
13.0003
12.3673
11.6599
7.4871
13.9293
12.5343
13.1507
8.54374
8.77968
10.5586
11.7614
13.9091
14.6477
13.1133
12.6615
9.21329
5.19588
13.2886
11.7414
10.6626
6.71654
12.6954
9.80576
12.6478
9.27007
13.2735
10.3451
6.00357
6.17959
8.67747
9.05858
11.4129
10.3521
9.46862
14.3858
14.2598
6.28557
10.6812
14.9393
6.58667
13.2661
14.7855
11.7711
9.09918
14.5997
9.68603
11.7899
9.00207
9.91999
14.7307
7.04967
9.50299
9.69997
10.22
12.1806
8.95252
8.58691
13.7227
8.80222
13.0183
5.58815
13.6358
11.9114
7.85803
13.576
13.7399
13.7973
5.07412
10.4689
14.3882
10.3511
13.3685
14.7208
13.4308
12.6559
11.23
6.75324
10.1152
10.7587
6.54115
6.81933
7.66973
10.3748
8.59362
5.93025
10.4288
10.4669
14.4035
11.9973
6.13948
14.2816
10.1271
11.0686
11.0528
13.6489
10.6431
11.325
10.5647
14.1493
9.47241
14.1933
10.184
12.1745
13.2976
14.4048
13.9682
14.4221
13.8446
13.0658
12.5576
12.8532
9.0697
14.6052
10.749
14.2695
13.7662
13.025
12.1153
5.63651
11.5606
14.3893
9.77639
6.72453
11.6384
8.69986
13.9765
14.5679
14.1987
12.2557
9.03721
14.1644
9.25007
12.2335
7.61775
6.29891
14.2927
14.7327
11.493
12.6348
14.7682
9.03059
13.4228
14.9354
13.7697
10.4023
9.17701
10.3594
11.7679
5.64503
8.37966
11.5612
13.759
11.5516
10.0971
9.981
10.1639
13.3747
5.27598
6.24568
10.6324
5.75559
6.40451
11.5784
9.51198
13.1825
9.43288
12.2485
13.0504
14.5197
14.7297
6.0673
14.8163
6.57012
13.9394
4.85454
9.75377
12.0215
12.9772
11.0412
9.16618
14.8196
9.91568
14.4823
9.72638
12.2223
11.0906
13.3299
12.4653
10.7376
11.0298
10.8443
10.7424
13.3876
10.4275
14.7523
13.5647
9.74655
6.25544
14.0179
11.8039
9.44786
13.2358
11.4181
5.95939
7.32818
13.1767
14.0023
10.7077
12.201
12.7003
14.0211
14.8392
5.5938
5.97836
12.1978
12.0853
13.9253
13.0221
10.6352
8.56386
6.42923
8.52515
14.7548
14.5439
6.63153
12.1906
7.14446
4.86486
5.87606
10.9476
14.0426
10.0449
13.2198
7.50815
10.0066
14.948
9.3082
13.5821
9.66215
11.7147
5.8686
9.94695
14.8683
7.93356
13.1351
14.0974
13.2359
14.3187
13.3197
11.8743
6.18647
13.0468
13.4776
9.86586
11.8729
7.78508
11.9929
13.5699
10.0692
10.1888
14.2978
13.5913
14.2268
12.3439
14.0638
9.19058
10.0226
12.6121
5.92626
5.03229
8.69729
11.1392
11.6732
8.41299
13.3557
11.4557
13.5065
11.7683
11.9016
13.3423
13.1544
5.0752
12.9113
11.0682
13.0943
10.1273
12.1516
6.54492
9.13201
11.2508
12.5015
11.4585
14.646
11.5082
9.50447
12.3764
9.95321
9.13413
8.604
13.6658
14.406
5.91745
11.8206
10.4042
9.42067
10.7061
13.4217
12.9751
10.8251
10.4558
11.0467
12.8152
14.6573
11.6875
13.9965
11.8446
14.447
14.4274
8.771
8.6587
10.6109
9.40637
11.7425
11.1684
13.1504
14.3782
11.5366
5.1933
11.783
14.2284
8.91059
13.0139
10.4435
11.1583
10.441
11.756
10.794
7.65062
11.4473
12.412
12.7167
14.4271
13.7228
11.8362
13.7879
8.43375
8.37897
14.3675
10.6404
11.7134
9.63233
11.1281
12.3365
13.0551
8.69695
10.8972
13.1986
10.6079
13.052
14.0144
13.5519
10.9303
13.2919
8.9128
12.0022
5.81308
7.37555
13.6068
10.4918
12.081
14.4954
14.9222
11.563
8.11735
11.5396
12.836
10.4158
11.8805
12.884
13.9662
13.4908
12.9565
11.4368
10.1969
12.9956
8.11638
9.3747
9.57007
10.2031
14.8783
6.95074
10.7963
10.8435
6.85713
14.1563
8.97314
12.1165
13.7069
12.6841
14.1176
12.9038
10.9426
10.0866
5.90764
13.9221
9.83654
13.7669
11.9925
14.312
8.39877
11.3078
13.3341
12.0117
8.61645
9.65277
10.726
12.356
14.0513
12.2981
12.0937
13.1736
12.7919
13.5555
12.3438
12.0743
14.4113
7.39866
12.6032
7.75064
12.7562
14.581
13.8103
10.8332
13.3135
4.99889
13.0442
5.9757
9.24404
10.7148
9.9349
11.8198
12.6283
13.6141
9.97451
9.6009
12.5168
13.9846
10.3885
5.77617
8.19285
14.4551
8.50037
14.2346
6.26602
11.6332
8.33272
14.1149
8.69318
7.70972
9.84931
13.8984
8.58064
8.32135
11.0023
14.0247
14.7672
12.0878
6.05258
10.3307
12.1879
11.7911
14.8762
8.43231
14.1669
6.90515
11.6943
5.96726
6.50554
11.8231
13.9642
13.4993
13.0869
9.22132
8.78442
8.68952
9.00486
12.0134
14.3246
13.6416
9.6666
12.2548
14.4234
14.5832
14.2963
13.3007
13.8731
13.1171
12.0487
12.0416
8.75993
8.6246
12.3827
8.40892
8.72851
9.98921
14.5904
8.07541
14.8824
11.9407
10.1722
9.96411
10.5592
13.512
9.79608
11.1546
12.0537
14.9945
6.53914
12.985
14.7131
13.0726
14.682
13.6378
6.55678
11.9163
8.34978
9.22881
9.63839
8.7592
9.80883
10.6196
14.971
14.2041
11.7638
11.6506
11.4622
11.182
14.1199
12.0218
11.1622
6.09674
14.8321
13.5846
11.5818
13.5594
9.98207
12.3906
13.0182
7.49238
14.7474
12.6519
11.5938
14.1053
13.7548
14.4593
8.88466
8.5869
10.6796
12.412
13.7388
13.4166
11.7626
12.9756
13.5852
14.5934
9.50571
9.77678
13.9903
12.0652
12.0725
14.4477
13.5652
11.3371
9.67952
13.8409
6.12842
11.3217
11.4148
10.9005
8.89196
11.3191
14.6402
11.005
10.7038
14.2839
14.6966
10.619
10.7147
11.3582
13.4972
11.9065
13.7142
12.6761
13.2806
4.90946
11.3249
14.7209
14.967
5.48526
10.5731
11.3619
7.65819
13.5737
10.9123
14.1814
13.6915
12.7951
13.0409
6.55605
11.9093
11.809
13.0543
13.4058
8.2206
10.8676
12.7676
8.70999
12.9247
11.5604
14.7026
10.6641
12.9606
14.1253
12.1832
11.5552
14.4874
10.6828
14.194
9.75661
10.567
10.5486
6.47582
6.24559
13.0038
14.6627
11.2032
9.10699
10.3999
9.22272
12.4835
8.67327
12.0698
14.696
14.6353
12.3676
6.52413
8.89729
8.76468
6.20573
9.82231
8.87756
12.5066
13.4593
14.2885
11.615
6.43551
13.6204
13.3206
6.58849
13.5548
8.94666
6.94934
6.44312
6.17635
9.28127
9.8814
11.5842
12.6536
12.7922
11.6119
12.1862
13.527
6.36453
11.8632
12.2532
11.7905
11.937
13.8049
12.6344
14.6083
14.1479
10.3351
14.2818
12.1897
13.714
12.66
11.3851
14.5733
8.79832
14.5509
11.3152
5.65821
14.5951
12.7536
10.9341
13.9872
12.6381
10.2637
11.5728
14.67
13.5471
14.6511
9.05848
7.07741
13.7031
11.642
13.3035
12.489
12.9348
12.2699
14.6142
11.7004
5.37696
13.2361
8.47114
11.3728
14.7463
11.9617
9.90065
8.82462
12.3279
9.8906
14.9696
10.9708
12.8402
10.0726
9.98005
13.8417
8.00988
13.0227
9.29779
13.3508
13.0397
8.76041
12.4041
7.43881
6.53796
14.1403
14.1687
11.1614
8.2254
10.9119
11.787
5.8631
10.0025
13.2908
14.7573
14.3164
10.4191
12.4066
10.8603
14.9094
9.80148
12.5371
8.0755
10.7937
8.23781
12.7922
12.5614
12.5229
11.0863
5.28903
11.704
8.98039
14.0333
12.8272
14.4203
11.8698
10.074
7.41053
12.549
12.1022
9.29219
10.1765
11.6291
12.4939
11.2074
5.88271
12.1551
11.3721
13.8098
12.444
11.4493
5.71608
9.73991
13.6206
9.26146
13.8114
8.04361
6.02337
10.2765
12.0212
5.93402
13.9988
14.5436
13.7686
9.21177
11.1693
9.99554
13.4893
9.90787
13.6905
12.7065
11.9013
13.4924
14.6129
6.26595
13.5489
9.94242
6.4254
6.10267
6.60883
13.1928
13.6559
10.0602
14.3825
5.64652
14.9562
9.6725
5.54652
11.5886
13.0042
14.3676
14.1705
10.9882
7.71635
10.5093
9.43242
9.97314
10.0258
11.0261
9.79545
9.25506
12.8524
10.3378
11.1518
10.729
6.48545
13.101
13.3407
11.5027
12.417
6.07212
12.5938
10.3849
9.03029
9.08623
9.66105
5.84342
14.3949
8.66068
10.7677
6.41702
6.589
10.0013
9.20482
13.8757
13.9571
8.93622
13.3593
7.90436
13.7374
6.28156
11.7164
9.17456
11.331
13.9459
8.8326
4.3086
5.822
6.13077
11.8343
11.2395
13.071
10.8278
12.6913
14.372
12.4787
13.2812
10.6905
13.047
13.9068
10.0775
10.4561
5.64179
13.3377
10.8912
11.7836
10.4339
6.78712
8.75535
14.2884
8.86663
10.3275
11.9275
14.9887
14.5609
14.2979
11.9911
10.4743
14.4906
14.0198
5.65567
10.1574
6.51257
10.0749
5.97852
6.04076
10.8643
13.5783
11.3645
9.07691
13.1989
11.3215
6.13165
10.5196
10.5615
8.5841
10.9033
12.644
11.5757
11.2669
10.34
8.31511
14.2779
12.8367
11.4245
10.0293
10.7168
14.1765
7.34701
13.6551
12.908
10.0036
11.8869
8.96404
7.35872
8.66923
11.4107
13.0745
10.5156
12.521
14.2408
12.8131
14.2866
14.5622
12.6109
13.784
5.63152
14.4666
14.9307
11.9655
14.6653
10.2336
10.9531
11.2321
12.01
12.3065
13.0791
14.8543
10.6751
14.0054
9.41927
13.0887
8.29676
13.5794
14.0719
14.7462
13.8018
11.29
6.61356
11.7234
8.65251
13.3351
8.95977
9.91
5.92339
9.97274
13.2538
14.7666
10.275
12.1047
10.7312
13.6246
5.31065
12.5701
13.7042
12.7095
11.4177
11.1601
10.1799
9.38391
13.3733
13.0392
7.05731
9.87796
10.1435
14.2397
8.54846
14.0018
11.3128
13.7778
12.8564
9.62134
8.30226
9.64103
11.3279
5.44231
14.0179
13.5479
4.5393
8.15725
10.5694
12.1603
8.63035
9.88891
11.2323
12.8672
12.9104
13.3923
8.19715
6.36853
8.25768
12.4161
14.9987
13.1187
12.32
8.5212
6.51191
9.07499
8.45053
11.6046
8.73357
11.0977
14.3906
8.90235
9.268
10.3111
12.8384
8.37407
14.7124
10.7505
13.6666
8.45784
14.5376
4.56578
11.7274
10.3677
4.36132
13.1236
14.1953
11.2136
11.3043
9.92102
13.2868
9.35409
8.44421
13.4531
10.0005
14.3767
8.55297
5.90334
8.5879
11.6152
11.2408
5.31316
8.69677
11.8276
6.2335
12.6529
6.19793
5.96973
8.63649
9.10476
9.10667
5.33197
6.13423
11.9005
10.4485
13.7891
12.0692
13.1868
8.56553
14.7425
13.6504
14.2947
8.51487
12.184
12.7824
14.4309
13.6622
12.748
8.62616
13.939
10.8862
6.9468
5.68384
10.7183
11.8636
14.3158
11.5553
14.8776
12.3012
13.6977
14.2742
6.21507
8.9246
14.1129
12.7401
13.1446
12.1981
12.4293
9.39889
12.2989
10.2309
14.995
13.5786
8.3717
12.0618
14.16
9.60418
13.0325
11.5295
9.01022
12.6719
12.7509
6.06532
10.732
6.46945
10.0385
6.40464
10.422
10.3567
8.96414
14.6572
13.4025
12.4328
8.47873
8.59384
14.4773
13.7962
5.54839
8.95796
8.14959
10.9287
6.19171
14.707
11.9093
10.7688
7.32007
13.2666
14.4499
12.4945
5.48558
13.2235
7.3921
9.94289
9.01108
12.5999
9.96615
8.40592
9.5823
6.59456
13.7309
11.556
13.8871
12.8053
13.3884
9.26097
11.0922
12.5803
5.36299
12.6464
7.86566
10.5252
11.3548
13.544
12.3959
14.5273
13.7157
12.514
14.7788
10.8113
11.5243
12.6475
12.4796
8.9222
9.63038
6.83359
9.33042
9.02649
9.53734
13.5816
7.21546
5.72772
9.54835
14.1249
8.03298
9.00855
14.1759
13.54
14.3561
12.1551
8.70652
13.822
13.0952
5.74661
14.7049
9.89104
10.5281
14.8469
14.4696
14.6974
9.51365
6.0778
9.21028
10.7133
11.5759
13.2233
14.2889
6.08151
6.30208
9.60454
9.19552
10.0255
8.11266
10.3343
7.29309
12.4959
10.7374
10.3068
10.1553
12.3193
9.47834
6.4831
7.19934
6.06728
12.7526
4.67374
13.9886
12.3963
10.3467
10.1311
6.69086
10.1771
14.831
9.26267
14.4075
14.3725
13.1296
8.37187
13.3832
10.246
14.4598
13.6607
12.1538
7.40115
9.7099
14.7551
5.53488
6.58641
12.1098
12.8344
9.2641
11.4283
13.3985
14.1259
9.80615
11.3153
10.6376
13.3146
12.48
9.19587
6.39716
10.1376
9.35473
9.48242
11.0487
11.5312
13.5533
11.2736
9.15704
13.1375
8.91149
12.1056
13.9462
13.94
6.03918
14.6236
8.35785
7.33203
8.64473
9.85089
8.27454
9.83551
11.6722
11.7159
10.5173
5.60283
12.5735
13.8022
12.2456
10.9098
14.5186
13.2694
11.094
8.24458
14.572
5.3972
13.5328
13.1143
10.7909
12.5826
11.7681
11.8565
14.4558
8.76
9.91648
7.31225
13.0525
10.2729
11.0162
13.9941
12.0968
14.9357
8.82978
13.4935
14.1916
10.7977
13.341
10.3505
13.9941
5.7888
12.9027
10.1839
9.43941
10.852
13.7628
10.6639
7.51324
14.471
8.41458
12.5433
14.1961
14.8609
14.9902
13.1741
12.7841
13.4719
8.67454
12.1393
12.9286
13.7973
13.1516
8.78077
6.66621
11.9462
12.9233
9.18154
11.3348
14.4359
9.52012
10.3657
8.20004
6.25347
11.3735
14.9779
12.6785
13.7891
6.17304
13.8442
6.06242
8.26
6.40645
11.191
11.2399
6.27906
13.1767
12.0589
11.8272
11.0959
12.1648
6.45321
10.8429
13.6989
9.94858
13.9882
13.4079
14.5846
14.6461
9.70949
5.25984
11.4914
10.7994
11.2887
12.0428
5.87695
12.9663
11.3105
5.97412
12.868
9.93584
14.0687
9.65136
10.2546
10.9213
13.337
8.02293
9.55833
10.1644
14.4986
9.94931
11.895
10.9626
13.1285
12.9498
10.6256
10.3247
14.9389
12.7966
10.3039
10.376
12.1929
5.544
6.14332
12.8623
14.3091
13.7144
14.1512
11.3209
6.47464
8.82931
14.5731
9.79071
11.3054
13.719
13.6001
14.4007
10.5901
14.375
7.57647
5.46199
11.6164
9.30189
7.06726
14.7954
7.44455
10.5915
6.29775
12.2233
9.91055
9.3132
10.2377
14.2156
12.9083
11.2298
11.8114
11.8292
9.52285
10.0805
7.64241
12.7407
11.2512
12.6375
11.9756
14.3357
14.854
13.0927
13.345
14.6077
8.19208
14.4929
8.49077
14.1081
5.69394
6.22037
14.9033
13.494
11.9145
8.0644
13.2084
10.1103
14.0073
14.87
14.2265
13.9396
9.64125
13.3465
10.897
6.25795
7.30335
6.11913
12.3514
10.1634
11.912
14.0509
8.27987
5.65637
9.6938
10.0357
9.65619
10.856
14.5396
14.3957
13.2596
9.42918
9.92941
13.0708
11.8559
14.3468
12.5137
13.3064
8.49983
14.3559
9.73862
7.07329
11.1923
5.5959
6.56139
14.2698
10.8672
14.2087
14.8564
12.5805
9.69479
9.73695
8.82917
13.5879
12.2386
13.5666
6.82361
9.26121
10.5684
10.076
12.0992
12.2395
10.4138
6.13254
9.56068
14.2736
13.6754
11.9722
9.23292
13.3922
13.9548
5.54553
4.28624
9.574
9.94675
13.4211
9.91807
8.03807
9.96316
12.9405
11.361
14.907
13.9234
11.708
9.91031
5.85557
12.0704
9.92952
8.44379
11.9868
14.5985
10.2003
10.2953
14.9796
13.5131
14.5623
14.2517
6.54244
14.2235
14.3822
12.2827
13.138
11.5955
11.6038
8.90279
7.18663
12.4035
10.5861
13.048
12.388
4.49325
6.92036
10.4501
14.1898
6.07975
13.6604
9.32514
12.9996
8.454
9.45571
5.93573
13.0765
10.7184
9.73713
9.75145
10.736
12.8741
11.3512
9.33798
12.2804
7.54485
14.6268
13.4689
10.2112
8.08757
10.3746
14.9887
10.5651
5.727
6.7267
14.3876
14.7908
9.81882
14.1269
13.3426
13.1811
9.24341
11.0879
11.969
14.3775
6.87155
9.45103
12.5329
12.4966
11.1505
12.7163
9.43635
8.45534
13.2009
13.9236
9.38037
14.1854
9.2821
9.96801
9.86449
8.00014
8.53594
9.56337
5.95072
11.6728
9.97431
14.6637
9.37468
10.6166
5.74184
11.4239
14.6919
14.7331
14.5439
14.6249
14.6699
12.0037
13.4588
12.5233
8.83957
9.17654
9.95917
10.5054
10.3346
10.6546
10.7847
10.5611
10.3561
9.37828
12.72
14.5205
5.75942
11.0462
8.02176
9.18824
11.8724
8.63273
8.08732
8.89465
10.3071
13.0886
6.4535
8.50203
9.01297
9.84078
10.283
12.3666
11.9822
12.7154
13.7284
11.2613
7.85894
6.5495
7.22395
11.4454
14.2267
14.3003
5.62244
13.9793
13.0447
10.5703
12.1634
9.24007
14.965
14.193
10.8461
14.2699
10.2563
11.0258
5.55233
12.8876
9.19552
14.9458
10.1463
14.8746
10.5697
10.0728
14.1234
13.7777
13.5404
8.78746
13.2637
9.30375
5.8009
10.2207
14.2114
11.8393
13.7486
8.63936
11.6692
12.7545
10.0861
12.5542
12.9
14.1559
13.5939
11.5044
13.2803
8.90043
11.7339
6.10686
12.562
13.1766
10.2316
12.9174
13.9529
13.4501
11.4664
9.25081
12.0246
6.36295
8.13649
11.1964
11.1887
8.19938
10.6945
12.4185
10.9161
10.9884
12.8155
12.9932
10.3923
5.42357
11.7704
9.89597
14.8082
14.4411
14.9677
13.611
13.2128
11.0023
8.54124
12.2344
12.5819
11.5497
8.21135
11.0859
6.03138
14.5282
9.59977
6.00449
14.1662
12.3854
5.5627
12.1869
6.15998
9.07982
13.7195
12.6369
10.9876
5.89947
12.2312
12.3493
13.8985
14.1914
8.21545
9.17198
12.7806
11.0788
5.7626
11.4242
12.3816
4.88119
7.37875
13.6136
9.8412
12.2537
13.4781
13.4775
12.1272
11.9409
10.5384
11.4665
10.0674
14.2669
10.2215
9.00247
14.1515
13.0997
12.5775
8.69904
10.5224
6.43525
12.2414
10.9218
12.9716
14.6169
13.4844
14.2512
12.8521
5.26404
13.4029
14.7277
14.5221
10.9174
12.2022
9.93098
14.7949
8.8504
13.5487
13.9117
13.8433
12.7
13.5572
7.75194
13.9456
13.6031
9.95322
9.81667
5.24307
14.7075
9.78387
10.4592
6.09154
12.1967
9.69682
5.64503
8.50485
10.4679
10.7239
11.6636
7.92824
11.8058
12.9503
12.6609
10.0396
7.35816
10.434
13.2269
13.7999
10.3647
12.1011
14.3624
12.483
13.1668
13.2664
11.7669
14.6233
14.4341
14.4587
13.9344
13.0601
14.1741
10.2317
10.8763
14.3097
13.9383
10.9279
5.79737
13.8751
14.17
14.6366
5.57984
12.723
10.7525
14.658
8.68635
6.50657
13.732
5.44712
13.0538
13.642
10.7545
13.2399
8.61499
9.17305
12.3038
12.571
8.92736
10.0956
13.3325
14.3286
8.7349
12.1916
12.2602
11.7973
8.32175
11.4397
6.06231
10.267
10.6345
12.4509
6.67278
11.998
8.85708
8.65923
14.0327
11.4768
12.9867
12.4002
14.0864
9.20649
14.6308
14.3624
12.2883
14.0753
8.65622
11.6517
12.3743
10.5477
10.3516
12.1067
14.6858
6.85331
10.0759
9.59221
13.8403
11.4353
11.0839
12.8229
14.7048
6.97203
10.3064
14.7607
14.7089
9.18193
9.02482
12.2708
10.4658
10.7895
9.7564
14.1636
10.2459
11.0617
12.1067
5.39102
6.14105
12.9861
13.098
8.66411
14.5276
8.66319
14.5514
8.69348
14.5668
8.65834
14.5264
8.65741
14.5372
8.65634
14.5407
8.66295
14.5356
8.67332
14.5875
8.66435
14.5314
8.66383
14.5186
8.6856
14.5815
8.68838
14.2068
8.47763
7.41349
9.12783
10.9222
11.8119
11.1675
5.90966
14.8483
10.077
10.9435
10.2427
8.84627
10.5817
13.0125
11.139
12.2559
12.1566
14.8995
13.6419
11.4204
14.7671
11.8902
13.6785
13.6011
12.6927
8.84866
12.6537
7.46895
10.5741
10.9928
9.41989
13.6932
5.75994
9.82885
6.50379
10.82
12.4922
14.3511
12.8998
10.3797
6.16627
7.72776
9.73394
9.71336
13.3815
13.4713
14.5226
7.69396
9.00764
10.7983
6.46687
9.33072
10.8116
13.2132
10.3786
10.4521
13.5902
9.68879
13.964
7.09524
13.4994
12.0963
10.7573
13.5021
10.2978
7.9214
10.0153
10.77
10.5888
13.3005
11.4542
12.8953
7.61358
11.3528
12.4947
8.84273
7.13198
9.02034
11.7751
14.9296
10.1626
14.2
10.0336
6.48632
6.19844
6.10678
9.795
13.8452
14.1893
13.5042
13.6093
8.58388
5.68667
9.63356
9.73915
10.8807
13.1994
12.8239
12.5668
10.6678
13.3998
14.7717
11.9331
12.0485
12.2421
9.18137
5.61674
9.31506
8.57574
12.1513
11.2491
9.68223
7.62971
14.7452
8.15382
8.78599
7.76821
13.4036
9.83854
9.97441
6.54706
12.6887
10.5198
11.1633
13.2569
10.2696
7.12925
12.7345
7.94423
6.46129
13.1827
12.1035
14.2623
11.5389
9.86669
9.72392
5.87184
12.0402
6.38916
12.0571
14.3929
11.6634
9.861
13.7989
9.5871
6.55405
13.8745
13.9742
14.6639
13.5894
11.0708
10.2877
12.3457
10.0383
5.58344
13.503
14.9809
14.1637
8.7937
9.80539
14.2477
13.2112
6.92571
10.1359
11.643
14.3826
13.6546
12.5022
13.0444
10.2669
12.2626
8.13352
10.1405
10.3653
8.53388
6.23444
13.4473
12.672
8.75007
11.0574
14.4669
8.45859
9.91998
13.8557
13.4875
12.7621
12.2512
13.5745
12.459
14.6419
12.3435
14.614
10.1631
12.9998
13.5847
12.8436
12.0095
14.6149
14.72
14.8907
14.9243
5.64008
7.82844
10.2951
10.645
5.96718
10.4154
9.73532
14.004
6.11241
8.56023
6.08225
8.92958
5.95213
14.3339
12.2311
11.4779
10.9748
8.56118
12.1856
9.26112
14.852
13.388
13.7631
12.7138
9.48096
9.78694
10.5589
5.07836
11.5238
11.9885
13.7577
5.41203
6.2275
7.36827
10.4733
14.2099
7.50755
5.48072
10.8047
14.4608
6.20698
10.435
11.0756
13.3453
11.4504
10.1167
9.86926
11.65
13.6843
9.82302
14.4956
13.7508
8.32069
7.54132
12.1761
14.2883
9.03391
5.67732
13.4447
14.832
11.0483
13.6621
9.60619
10.7709
10.7423
11.4092
5.89668
7.84503
13.1089
9.44214
10.9621
13.1432
11.7151
