10.2994
11.8568
6.09323
10.1192
9.16419
6.41498
14.7119
11.5921
14.0485
11.9976
10.9839
11.0309
14.442
9.15773
7.82611
14.5163
9.57766
10.8829
9.26667
13.0408
14.1778
11.1176
14.0147
14.773
8.30787
11.5802
11.3158
9.96014
8.98984
9.05496
11.03
13.0037
5.11886
14.5112
10.1271
11.0016
13.4718
13.1366
12.2888
12.0014
14.3889
10.1336
6.81112
13.6418
5.81424
14.9283
11.8955
9.31123
7.17003
13.8022
14.2259
12.3526
9.86707
9.03035
13.1322
12.1481
13.9631
9.72738
10.5111
9.56703
5.61094
12.3862
14.5919
5.61759
14.9722
10.6375
12.6875
5.97467
14.5818
10.0683
12.795
8.29599
8.20595
12.3472
13.2699
4.44408
6.98393
6.13624
13.3076
14.1671
12.5594
14.5932
13.568
10.6095
10.6636
9.66131
10.8806
5.60045
9.76886
5.95095
14.4408
8.6757
14.4682
9.53203
10.2793
14.0274
14.6483
9.42543
10.2442
14.3708
13.7625
6.84325
12.9786
11.0172
11.5292
13.4882
11.3696
9.99257
14.1613
12.7599
6.37108
12.2855
5.8371
11.6387
6.04651
11.0518
13.815
8.15771
12.6596
12.182
12.8413
12.8087
12.0112
11.9553
10.3348
10.2309
11.4437
14.0733
11.9067
9.96682
13.1411
11.0375
12.2422
12.6764
9.53813
14.2324
6.40722
9.83697
10.783
12.4127
10.5401
11.7559
12.6665
9.4552
12.09
13.4268
12.461
5.30429
5.47706
9.44929
7.35744
11.8024
12.429
13.4427
12.3279
10.8854
13.3753
8.45844
11.9718
13.2772
13.9472
14.1957
12.4591
7.53197
10.1071
10.6197
14.3132
14.7372
4.91019
12.637
8.00168
9.37612
6.63877
5.57938
6.14444
12.7986
10.8774
11.4912
14.9449
5.61332
7.70754
10.5114
10.027
6.53462
13.0267
10.9329
5.91457
12.6016
13.6512
5.40739
9.26153
12.7065
10.8954
12.307
4.65473
14.919
14.1367
13.2273
14.0812
10.2909
12.4195
11.3961
14.0449
10.8594
5.43769
10.8549
7.40671
11.5322
8.84032
14.2945
9.97443
13.6643
13.1203
12.9055
7.86352
7.61331
10.4612
7.15534
8.58103
11.7768
14.3666
14.3887
14.2976
14.881
11.6986
14.9444
5.80271
14.8163
14.3206
10.4542
13.3405
13.406
5.68874
14.8829
12.6924
9.99947
5.21278
11.9225
13.9584
6.30634
7.58081
9.8661
5.38949
14.3083
7.59697
9.73733
10.7324
12.567
13.2994
13.3305
13.5404
14.8739
9.29535
7.93926
11.573
14.9082
11.0473
9.29541
7.61282
12.754
13.0129
13.0654
12.0365
9.19559
11.1269
14.4024
9.45364
14.5603
10.673
14.7437
6.03809
7.37478
13.8724
10.0315
8.10207
9.87638
10.9355
14.2394
14.5448
10.6783
14.9358
10.0323
10.7976
13.7779
8.09916
9.73464
14.0781
14.3564
9.85106
12.0821
13.774
10.9971
9.72543
13.7921
12.3152
8.96878
13.7191
14.4765
6.20837
13.399
9.44411
9.55306
12.8163
8.91883
10.707
10.8804
5.90804
10.1188
14.1218
12.0589
9.72905
11.9738
6.41246
9.56985
9.02566
14.7293
5.08389
10.3783
5.30306
10.69
10.7662
10.2348
7.28404
10.8041
9.43576
11.5556
7.52854
4.2376
8.40118
14.319
11.4877
9.42742
7.45706
6.00466
12.3174
8.65875
5.88338
14.2614
14.472
14.7125
9.49237
8.45861
13.0762
7.32536
7.28251
14.7203
6.13637
10.0998
12.2842
12.3096
9.09062
11.0582
14.0392
13.6917
13.5303
11.0024
13.7379
9.98849
14.0262
10.9294
12.2427
8.88751
4.1772
7.52526
8.77883
14.9574
7.92542
13.0073
8.20121
10.5205
10.3384
10.3615
12.5927
14.3493
3.61642
5.30148
13.8606
13.9908
10.5539
12.7641
8.9503
14.2698
5.27645
13.688
5.81954
13.9573
5.2724
14.5523
9.15607
8.52621
11.846
9.71245
13.7843
13.6803
6.1062
10.8246
8.93968
6.50577
8.76681
12.3234
8.94024
11.9473
11.2925
9.80643
10.7976
11.3118
9.26046
7.76453
9.54489
11.7341
8.32905
11.595
7.90227
11.3113
14.5911
14.399
11.1629
14.8639
9.63673
10.451
12.6213
13.8119
14.3665
14.2476
12.3595
14.8037
5.19579
9.99193
8.51963
11.2972
12.9341
12.3607
9.60701
13.3213
14.5687
5.4796
6.10928
9.5653
13.4761
12.4005
5.98754
14.4747
6.3328
9.14584
12.7371
6.13592
11.3148
13.3096
14.1408
13.198
14.6774
6.78011
13.7246
13.8249
5.93239
8.85926
14.8389
13.7574
11.8901
6.12322
13.2138
5.12069
12.1199
14.5695
8.27314
10.3819
7.45046
10.7985
11.247
11.4192
11.5805
14.3793
12.8912
10.6756
11.0071
4.87517
14.2714
12.401
9.34047
9.71704
8.10924
12.7017
12.8784
12.8042
14.1444
6.42205
10.6898
13.7921
12.5978
13.059
13.6029
10.6541
11.0761
13.2673
10.8644
10.7486
10.0205
12.0666
8.40482
14.2996
10.2633
4.3308
8.75712
12.9851
10.6138
11.8974
13.0432
14.0345
13.4226
12.9553
4.84938
12.9539
9.94655
11.5925
13.8245
11.7533
10.777
13.8038
5.56202
7.3546
12.5106
13.281
6.48957
9.00798
13.6293
13.4288
7.42606
11.9633
9.62481
14.1942
14.2374
12.83
13.0409
10.2053
11.5528
9.48962
13.5389
9.39833
13.8506
13.0078
12.2477
10.8277
10.8227
5.63074
5.46498
11.0219
13.3526
12.8133
8.50176
10.5411
5.73798
11.5501
13.742
14.5016
13.9726
14.181
13.0212
9.25368
8.94017
5.47686
7.82417
9.31033
12.2417
10.6363
5.85452
8.55739
10.8884
5.80509
14.3155
10.4459
9.15079
10.7257
10.9338
13.7108
12.0244
12.9483
10.7361
12.9793
10.5445
10.3809
14.468
12.3748
9.00662
9.28841
10.4309
12.7423
13.0175
13.4585
12.6567
8.66408
10.714
7.70393
13.7713
12.6574
5.63741
5.2002
12.8096
7.81052
10.0597
12.2675
8.44047
13.0594
10.8216
11.7423
12.4361
8.58185
8.08514
12.1419
12.2727
11.3139
8.89271
7.26042
14.1317
6.28817
8.80466
14.1527
11.7951
9.94446
8.6791
12.0585
11.6292
10.8774
12.0542
5.85555
11.5295
12.0416
6.95197
10.5201
14.9293
9.09578
8.57761
14.5501
12.223
12.1922
11.8793
11.896
11.8061
9.57085
4.35723
11.6782
14.0921
8.67487
13.4599
12.98
13.5226
8.53151
8.94314
7.91935
10.0177
12.7445
13.2549
13.5625
6.62333
5.43085
12.6242
12.5252
13.5399
13.4346
7.04127
13.7801
9.94526
10.5051
9.88869
11.3666
13.2203
10.5221
13.6764
14.4408
12.8029
13.6286
10.3714
11.6287
13.3699
10.1549
8.28258
9.15346
11.3883
9.63435
10.573
11.8329
11.0064
11.9953
6.09833
8.39489
13.8148
14.9845
8.79728
12.087
8.76741
10.3558
12.7332
9.90569
9.30256
13.4262
6.67351
11.6058
8.58939
14.5061
9.56036
14.82
5.19818
10.6454
14.7111
8.31929
13.5301
9.28146
12.1316
12.8908
8.68794
8.77513
14.6016
8.11235
9.93754
13.2308
12.3778
8.46173
5.16188
14.4676
6.38378
9.83952
10.574
12.5681
11.8493
13.8475
14.9512
11.1045
10.5491
14.0301
5.86938
11.6267
11.314
14.7367
9.31548
10.7497
9.73697
6.40097
10.9283
9.61218
11.5377
9.66456
9.81829
9.42889
9.27974
10.982
11.8798
8.14977
10.9472
14.7501
12.5459
13.9754
9.45642
11.5374
12.1275
9.88179
12.331
10.0125
13.7504
8.6496
14.5756
7.65385
10.2453
12.4182
8.55394
12.1886
14.02
9.58284
10.2143
13.283
14.6195
5.87015
11.0551
11.8461
14.5669
10.5374
7.11662
13.4623
11.6368
6.64021
14.5536
6.20302
12.5843
14.1934
10.9024
10.4436
8.76757
9.94907
13.7202
8.72133
13.6039
10.2883
11.5271
7.04188
14.5106
11.8163
6.64666
11.4394
13.8065
7.97676
9.0468
14.2347
9.45619
7.04723
9.94225
9.15532
12.0888
13.9561
13.8941
10.6498
13.3029
13.4192
8.51063
13.9261
10.7574
9.63441
8.67344
10.534
11.2143
14.6008
12.5979
12.4857
12.4356
10.8699
9.47083
8.19934
9.03986
9.34013
14.4241
9.93668
12.4501
12.3536
12.1616
13.8773
9.47204
13.158
11.4688
8.9965
11.606
12.4699
7.62769
11.3977
5.75304
4.9942
7.26005
9.79364
13.2324
9.6527
9.57992
13.1162
14.6941
10.0718
11.3131
12.3896
10.0943
8.49336
10.7345
12.9084
11.7791
6.91676
10.5077
13.4814
13.8613
11.0289
11.4431
10.2351
12.8506
11.8489
8.08602
6.88338
9.10637
12.015
13.6007
7.06601
12.3906
14.5878
10.14
12.605
10.1103
11.1313
9.9453
9.43184
9.59507
12.3534
14.8301
6.38988
14.2414
9.38478
11.7892
13.002
12.6909
10.0416
12.7362
8.5666
10.7648
10.9187
12.3692
6.34749
6.57106
14.2199
8.9748
12.0227
10.4277
12.4779
13.0931
11.9398
6.13485
6.10954
8.13076
6.69296
11.6742
12.536
8.3366
11.2533
5.643
5.68316
9.24687
10.3112
6.73296
10.3311
13.6899
14.6915
11.3451
5.08858
11.4322
11.2191
14.077
12.0702
9.046
11.3613
6.64836
11.7535
9.87692
12.8078
13.1064
12.2824
11.611
10.6772
12.3884
12.3092
11.513
4.88298
7.4768
8.70247
13.6518
10.8292
5.66471
5.94966
13.2305
13.3807
13.3615
14.3233
14.2401
14.2492
10.9693
10.2525
13.8234
5.49719
10.426
11.8389
11.0311
12.2775
10.3145
13.2079
9.86387
13.8014
8.28789
11.6312
8.97913
13.9357
14.524
12.2316
12.297
6.25197
14.556
6.53567
3.95394
13.7262
12.9021
10.76
12.0151
10.0528
12.9724
14.4535
13.3917
12.5116
10.7603
14.5547
13.8629
14.6067
10.8988
9.47886
13.33
14.715
14.2238
14.2718
12.6838
10.4014
10.9539
13.2962
9.69847
12.72
11.9524
10.1281
10.5514
11.1506
7.14062
10.5708
14.1501
5.57409
10.8794
14.3037
9.23336
11.7331
14.6296
8.68602
14.6908
12.4354
10.0675
12.3309
6.35916
10.1933
6.62577
9.89937
11.1633
4.52737
14.1999
14.3646
13.5775
14.8701
12.679
5.50507
11.2635
13.0426
9.27933
11.0153
5.8088
10.0449
5.62417
13.2568
8.3337
8.74931
12.1005
13.2276
9.36759
14.9855
11.0234
10.6589
12.6048
13.5446
11.0303
8.49456
6.21159
11.179
10.5845
12.5571
9.91923
8.89306
11.7372
9.2577
10.4534
9.53824
14.8462
9.78517
9.25057
9.33559
13.1478
12.9428
10.847
14.7173
14.4745
13.6422
13.2241
14.7988
13.414
8.61773
11.9329
9.91994
13.6534
13.9225
9.9666
7.42829
11.5965
11.5358
13.4095
11.3949
10.4375
11.3631
10.8749
11.2543
7.56759
9.94474
13.0994
10.7875
6.33219
8.6108
11.1611
11.4625
11.4164
5.46874
13.4565
6.58369
13.9571
13.4462
12.4374
5.44261
13.3118
12.9291
10.1098
13.0904
9.88159
11.2392
11.194
12.6084
11.9071
14.0773
13.6089
10.572
14.6372
13.7374
11.4413
9.71691
9.97022
9.39088
9.1121
9.5989
10.3599
12.2641
13.7402
9.65184
6.48653
11.9704
14.5329
11.1217
11.9401
8.80965
14.8089
12.139
13.9526
11.414
9.408
6.45807
13.266
11.3062
10.8275
13.8725
10.0012
6.50276
9.5069
11.2195
8.00466
11.5889
9.86827
7.52964
14.9875
14.7321
12.9333
13.2383
13.9843
12.9773
11.6286
13.3406
6.06121
8.55978
10.8033
12.0752
6.91903
14.1625
14.8835
8.62109
6.97126
12.4958
12.5637
6.28919
9.62855
10.9529
7.86476
12.5776
10.5267
14.0316
5.33271
14.899
10.6435
12.0955
13.1185
9.52061
6.7104
9.7669
9.78299
8.90633
14.5778
11.9598
11.874
11.503
10.9721
11.0168
8.52731
10.0244
13.2737
10.5756
6.76792
9.63223
14.0808
9.78151
14.7484
14.1436
5.68362
6.94643
13.4105
9.89899
10.2039
14.7149
9.92949
11.0732
8.3694
14.4036
10.3447
14.9578
13.9163
9.78225
13.3099
13.2736
10.4031
5.588
8.23993
11.5874
9.8727
13.0077
11.3673
14.7481
14.4551
11.6539
4.28323
10.7637
11.3977
5.16068
13.7651
11.4908
14.9076
10.4052
12.6267
11.2611
11.4748
11.307
8.00288
6.49394
6.52125
8.97661
9.23684
11.6413
5.55994
8.96015
8.64736
11.9066
9.71767
9.90633
13.349
14.4273
11.7144
10.4905
10.6624
4.90878
7.08501
14.7341
13.5562
9.59321
5.28492
10.4516
14.1898
13.8125
10.8503
11.8914
14.2951
5.73112
7.97116
12.1335
14.3739
12.9365
11.122
6.3418
14.5015
12.5637
11.2052
14.588
9.99641
11.8233
13.2205
5.421
11.4624
13.7811
14.4961
14.5366
10.1902
11.9852
5.50919
14.8683
9.78462
13.1765
9.89355
11.8541
12.9822
11.1958
13.3945
5.16219
10.7401
10.4115
6.7001
9.83062
10.4797
11.3755
9.33976
7.93321
12.4945
13.5682
9.21746
6.6124
13.6579
5.6203
6.48955
10.8429
5.67016
6.72203
14.0222
14.9878
13.4278
6.75953
11.3408
5.24394
6.02996
10.2394
9.40654
12.7324
12.6324
5.38374
12.2164
9.31701
10.0423
10.2622
12.09
5.94712
14.9157
12.2571
12.9199
10.6966
13.0643
13.0632
12.8753
12.8075
9.99583
12.6377
11.7352
14.5423
5.70055
10.1749
12.0164
5.58602
9.076
13.0343
10.033
11.159
10.5746
14.8239
5.59617
10.2568
12.2887
5.60054
8.89828
13.1224
13.3923
9.85541
6.71711
11.9688
10.9443
13.737
12.3177
13.1335
11.6246
14.7113
6.00245
13.7525
10.7432
12.4436
13.7314
11.7825
13.3384
12.0395
4.90821
12.2746
6.60081
11.1309
10.16
13.9274
12.473
10.7405
6.64586
12.2949
11.2291
7.13848
5.75545
11.6319
14.3607
10.1069
14.3336
12.3532
14.9948
9.40626
14.54
14.1772
13.1484
6.33352
14.7776
12.0963
9.92631
12.7135
12.9298
7.84355
9.93751
10.8908
5.47663
13.7528
9.69145
12.1515
6.52667
9.08499
11.105
14.3978
14.9767
14.5739
13.09
7.44005
4.70475
13.5153
10.0585
4.5052
12.1415
12.5663
9.94842
13.5907
13.9477
14.1688
14.3381
13.6265
11.733
11.2136
7.2339
9.59364
6.18266
6.00687
11.4265
14.2765
9.01463
8.89739
12.8248
5.4149
8.23337
14.5208
9.78008
5.35743
5.65561
13.429
14.8492
10.1456
9.57517
9.71834
6.06948
9.62961
9.89632
10.7686
14.8309
11.7954
12.5732
11.3757
9.16874
10.8092
13.3608
10.4732
4.69246
6.12541
10.5415
12.1322
13.0892
7.48627
4.50221
9.25203
11.7433
7.34649
13.7171
6.2905
8.35884
13.56
13.5572
8.33951
9.66215
13.2821
8.75035
11.4212
9.87243
4.90343
13.2534
12.967
10.7559
12.3667
13.4269
10.3448
13.3443
13.6057
7.75686
6.06814
14.5194
14.2594
12.7023
8.63446
9.29095
12.1143
8.93179
9.58742
12.4936
13.5744
13.5635
9.66852
4.29616
11.1028
8.11266
14.2444
11.0764
11.5387
8.95131
12.4818
6.27507
11.103
13.5529
8.75378
12.9933
9.68199
6.0739
13.5701
8.24674
9.19558
7.40229
9.87996
10.5662
12.7514
14.9613
6.71744
13.1888
13.6919
12.8166
14.4688
10.2878
6.42473
10.5286
13.3012
11.5547
6.99591
4.81695
10.7868
10.8568
10.5979
8.05344
9.60491
8.00746
12.3356
10.2455
13.2297
10.313
8.89113
8.53893
5.65072
9.93858
14.6693
13.4525
13.3033
14.7366
10.1759
8.95636
14.2101
10.8421
12.774
10.3751
9.64497
6.77341
14.2166
10.6678
6.28537
10.6704
10.5376
10.6613
12.8043
13.0583
6.52137
9.83274
11.8552
14.3832
12.5038
12.8596
9.40005
5.65233
6.76748
11.5046
13.2579
10.8029
9.31597
7.20907
13.0841
13.7991
14.1611
13.9701
13.5859
14.6195
10.8256
9.5832
12.7366
4.29664
14.461
11.7105
9.81042
12.1963
8.44012
10.0701
11.2578
5.6829
13.7192
12.5129
10.4074
12.3021
10.4747
7.63108
8.66142
12.2473
13.0649
9.01142
10.3493
9.6252
7.43896
8.56181
9.74395
14.9386
13.3008
14.0684
14.8757
11.5804
12.6543
11.0541
9.2479
14.2286
7.60466
14.9056
9.67059
13.7309
6.29787
12.8759
12.3215
11.3842
7.12273
12.5349
12.6324
5.28232
11.9172
12.5208
10.9658
13.0346
11.6728
6.18557
6.32624
14.1678
8.47857
5.48941
6.16661
9.91685
12.9094
12.956
13.122
9.99122
5.51226
9.57163
9.1916
11.732
11.8963
10.7438
9.224
13.5483
10.2866
14.6216
12.7395
12.2009
10.0298
12.4714
10.2065
9.34374
10.5116
8.19879
9.62249
5.59088
8.04367
10.4013
10.3312
12.8092
14.7107
8.89091
12.4265
12.8646
9.61045
12.6741
13.1515
9.57424
11.036
10.8315
13.7202
12.0616
11.4071
6.80015
8.92006
12.1487
13.3934
10.3757
11.1051
12.8065
11.6767
13.2124
13.1506
14.7235
8.25061
12.7555
7.1631
12.705
12.263
12.4051
11.7466
6.01683
13.1753
12.9798
10.0687
10.4116
9.10238
6.8218
13.8749
11.0975
9.93672
11.4226
4.33631
14.6968
11.165
10.3196
10.8154
10.9829
13.4142
8.86176
12.5855
8.44206
11.7358
14.3005
8.23675
6.34791
8.22141
8.19795
13.5843
7.19866
9.80207
14.862
10.3928
6.8196
10.2402
11.6237
14.4129
9.8816
13.9858
9.99978
10.6816
14.944
8.07954
5.32856
13.0227
11.3043
13.1837
8.26562
11.9368
12.4607
6.30401
9.93033
11.436
8.8342
6.07579
5.48714
9.15843
13.5533
13.2064
10.9883
8.35501
14.818
6.23714
12.9787
8.0299
12.7056
14.6377
10.2719
6.03881
7.72099
13.3275
11.2268
11.148
6.77411
13.0526
9.81467
14.6657
8.20623
11.2316
10.4718
13.7089
7.24733
13.8056
7.57605
10.8772
12.3331
12.4187
11.0531
11.8783
8.14084
6.3984
9.37802
10.172
14.1804
9.87085
14.4866
13.2436
6.31651
14.703
9.51496
10.2925
6.39398
6.88343
9.73607
9.95416
10.9745
14.1179
11.6824
4.49082
12.3588
8.67313
8.84321
10.8165
13.736
9.73528
14.9778
12.1546
12.8871
4.873
7.0194
8.98635
8.61436
10.1825
6.44126
5.24569
12.6548
13.8249
12.0279
12.5402
8.30968
9.89296
6.8935
10.8493
8.12653
14.0776
10.7739
12.1709
12.2367
12.3056
5.90509
5.53065
8.68395
13.9867
12.2188
14.4999
14.6605
10.7063
14.8303
13.9254
9.68057
13.699
14.163
9.74266
14.3477
13.3346
8.87064
6.39566
10.6071
11.0721
12.7989
12.1861
10.1901
6.41943
10.8407
14.5496
12.7737
14.4957
9.34141
14.3431
8.24311
7.27251
5.7326
11.6355
4.7047
10.6868
8.16043
14.744
12.5487
12.6876
14.018
5.16125
9.55314
11.7347
9.86346
14.4879
11.2526
10.3538
12.9906
11.3879
8.80541
11.4837
12.4458
10.5209
14.0128
6.20152
14.8515
14.7
10.8586
10.1882
5.54004
11.3957
11.4465
10.383
9.53376
11.4495
10.7912
11.8928
13.9532
8.46538
8.80225
10.8858
5.92052
12.5751
6.91638
9.42067
6.16346
14.612
12.2915
11.0493
14.8213
11.8573
7.72164
11.3682
6.88734
9.38567
13.3146
10.0483
13.0663
10.285
13.4439
12.4526
10.5594
9.61794
14.7077
14.1387
14.6705
14.7062
6.00704
14.6139
11.0503
10.2638
11.7733
10.1757
6.12281
14.7019
6.28204
10.4343
14.7282
11.0768
10.0259
13.9241
11.6644
8.99311
9.86289
12.3028
10.5671
11.3514
12.2709
14.0201
10.7465
14.1088
13.5156
13.7662
10.6256
5.96805
5.86483
10.2107
13.0524
13.5485
9.75401
4.44162
8.32972
9.43521
10.5003
14.8064
6.32527
9.51797
11.4752
11.1154
11.7817
10.133
11.0653
7.99251
14.4604
7.99824
11.9248
11.9434
7.50543
9.20058
13.3477
5.42626
11.0388
12.7093
11.4345
11.6006
4.97549
8.47868
10.6085
11.5691
10.0265
13.1854
7.96272
9.13112
11.8966
12.6912
4.65455
5.78324
10.8724
13.9499
13.9876
10.0384
5.68168
6.39685
13.5891
11.9421
12.9894
14.1154
10.9173
11.5168
10.7694
7.00048
9.63352
13.4727
10.6118
10.854
9.28376
11.856
13.7286
12.9459
10.7616
7.23091
10.5042
10.2535
14.7464
9.47885
14.9316
10.2323
10.8282
11.0434
6.3788
13.8846
12.3058
6.63368
11.2725
10.5924
12.0809
14.0847
9.66797
10.1303
7.68758
9.32606
8.74499
8.86394
9.85263
11.4694
8.88807
6.85211
9.2099
13.5336
10.9028
14.9279
13.8444
5.94445
10.2058
9.91634
10.9722
10.3699
12.0954
13.6968
14.06
11.7143
13.0382
12.7412
14.3049
13.7893
9.09603
9.59182
10.9828
11.5385
9.24472
9.58127
5.33917
12.8023
10.3303
7.41617
12.3992
13.5128
13.9507
9.18019
7.36695
8.85346
14.2848
6.15241
12.3582
9.97621
12.9838
5.83919
9.78467
6.0985
9.66676
10.2589
6.04527
4.98737
9.41541
12.0758
12.3946
13.1307
14.3982
11.4902
13.4514
13.4904
10.4723
12.5253
14.8828
9.69781
10.2795
11.4131
8.06241
13.491
13.041
10.5022
11.4969
12.1742
11.5531
11.8229
10.1685
13.6588
14.1657
10.1311
11.4385
14.0169
8.59786
11.6989
11.2193
13.4796
14.3437
12.0689
10.3056
5.84552
8.40051
14.813
10.7011
14.0086
13.9692
11.5608
9.06156
12.1818
9.95582
13.4807
8.57205
10.3504
13.5954
12.3918
11.5319
12.5436
11.1416
14.1222
12.7003
13.7604
9.02064
14.123
14.3356
11.3281
7.83118
11.771
6.60434
9.75956
13.9307
4.64595
5.54943
12.4835
8.69532
10.7811
10.0941
4.02962
12.9809
7.72188
14.2566
12.3912
13.8181
13.7291
11.6951
12.1508
10.9344
8.52689
5.34318
5.80988
11.0792
6.52278
12.8719
9.88827
14.5765
10.2853
13.0176
13.532
6.18897
5.31051
13.8821
12.5251
13.9924
9.11146
14.8536
11.9053
5.89938
13.5025
11.1622
13.3498
10.2448
6.7089
9.2557
5.27669
10.7331
5.11142
10.0272
11.923
13.3689
10.0385
7.25339
8.59891
9.24281
10.7633
14.7515
6.03788
13.6378
6.22515
14.2295
13.3267
13.023
12.8001
8.01719
9.85283
8.4866
4.77527
11.8909
12.9237
11.4688
14.7123
9.61399
6.57783
12.35
11.2702
12.4775
6.74758
13.5799
6.09802
14.1024
8.63498
10.1605
14.316
11.8336
14.984
10.586
14.4633
12.7346
13.587
10.0374
11.1224
12.7171
14.6584
13.8071
11.5792
10.7768
13.3877
6.86127
9.88898
11.9033
9.06801
6.36436
13.6968
13.4457
13.5666
11.554
14.246
14.7492
12.883
5.68337
7.67233
9.83142
13.5037
10.0925
10.5399
7.17023
4.87007
14.2661
10.267
9.839
10.7094
8.64025
5.09719
13.3209
13.1759
11.7764
8.65919
14.0066
8.6684
12.2803
10.4541
12.9995
7.52095
6.51842
8.71959
14.1403
13.9848
11.5043
8.73091
12.6751
14.4165
14.4634
13.9229
14.7904
13.4672
10.2229
10.8259
11.5862
8.97749
12.2272
8.618
12.0254
9.52779
9.90108
12.2959
13.1889
14.4883
14.2158
12.6293
13.9796
12.6574
10.7953
8.36743
9.54952
11.9245
11.5043
14.0765
12.6388
11.4844
10.681
13.1526
13.3161
6.96443
11.1618
12.3242
6.00144
14.7203
10.827
14.1429
10.3028
12.4608
13.2739
10.1781
13.2868
14.4104
13.4394
9.53089
9.04476
10.0003
12.6934
10.3979
12.2345
14.5365
13.0463
14.2023
14.6323
10.5538
6.89466
9.63262
5.5536
5.57664
14.53
13.1978
7.04084
10.9107
5.35568
14.4341
12.2956
11.7425
13.5457
13.4825
14.1182
11.0656
5.55939
5.80129
9.82804
10.8514
12.2292
14.6074
7.71885
11.7444
10.3777
6.8607
8.86761
7.05519
8.21725
13.2643
4.25475
11.7308
14.5337
8.32483
11.5606
5.71223
11.4475
13.9955
9.07976
13.1231
10.7445
14.6679
13.6619
8.47666
12.5803
10.9221
8.30083
10.4475
13.1037
12.4332
8.55529
5.83988
13.6426
12.0968
14.3684
14.6331
12.5147
13.8896
13.7593
12.6554
5.56895
9.51024
14.22
13.0314
12.7075
10.7626
11.1083
7.32793
6.57052
7.01724
6.51402
12.439
12.0462
9.5044
9.9085
5.21464
6.69136
12.1871
10.476
13.4869
10.4725
10.295
14.7774
11.097
14.3672
13.3543
10.1508
8.02674
9.79265
14.4544
11.527
12.924
9.94842
6.8203
6.49619
11.6745
9.29742
11.4784
10.3243
9.34547
6.44609
8.72204
6.12542
11.0594
12.1978
5.26326
4.42723
13.2678
10.9652
14.1176
14.0768
8.28548
10.5039
8.18357
6.88402
11.0401
12.5966
14.0775
13.2833
12.7025
10.1083
13.3551
6.8639
12.5164
13.8279
12.8259
14.9548
7.77054
5.79726
8.46345
6.65511
14.8495
9.54095
10.4362
14.7279
10.3612
6.34017
10.9397
12.8407
12.3254
10.2883
10.0146
8.7976
12.6517
10.1231
10.4428
10.8242
5.70933
6.18181
10.3277
7.64471
9.09668
9.78629
9.63421
10.1624
4.26634
14.5193
12.6512
12.5703
9.79192
9.40014
8.06626
11.376
14.5734
13.2485
10.7
7.04313
12.7294
4.86202
13.1414
11.6016
11.1538
11.6889
9.42398
13.5946
14.2508
11.9576
10.6828
14.2348
14.8362
13.9874
9.37511
6.20871
14.4576
9.98682
13.0306
10.8278
6.85919
8.59588
11.3295
4.21223
8.62667
9.1789
6.17076
14.7336
13.4313
11.1752
9.29098
9.80497
9.34367
13.1884
13.9094
14.6521
4.70221
5.99971
12.1144
10.7924
6.78564
8.93038
11.7704
8.27753
10.96
8.34834
14.0777
12.817
10.9207
11.6556
14.0981
10.0075
12.444
12.6337
12.9081
13.9056
11.3805
10.2162
4.66114
11.6735
5.93383
14.8037
14.5918
9.11998
12.5814
12.0959
13.2989
12.7118
12.3837
12.2777
10.8194
11.3406
9.83266
6.01833
9.79788
10.696
12.3578
10.4013
14.6734
11.5129
12.6416
9.16716
12.4832
7.66309
6.2563
4.99894
13.951
9.78969
10.5185
11.2912
9.5697
13.5653
9.41117
10.5101
5.20998
12.3354
11.6104
6.89894
9.70152
14.2707
13.7177
11.7981
6.12217
13.7828
10.6897
10.7061
14.8615
12.6236
11.1177
14.6676
14.0362
5.92846
8.71909
5.05806
11.0301
13.8392
10.622
5.74768
12.1581
5.76298
5.08814
11.942
10.176
10.7911
14.821
14.5417
13.9767
10.7376
7.82864
13.725
13.7764
5.59469
8.9712
12.1192
10.6044
11.3249
6.87856
9.89466
7.3312
4.83888
10.9929
12.2025
8.51981
10.1354
5.90686
10.894
11.5365
6.34491
8.6249
11.8051
13.1406
9.17859
11.8309
10.3453
8.53652
14.3436
10.8688
12.5491
11.9313
10.2376
12.0505
12.5658
11.38
12.09
14.2113
14.5628
10.2361
13.1966
12.9992
7.28828
14.752
12.2427
9.30325
9.14835
7.81028
11.1478
5.14017
14.2734
11.0187
13.0441
12.1319
13.4029
10.1398
6.26088
4.19717
10.9251
8.84188
13.0131
14.9064
5.26148
10.3027
4.59905
7.66782
10.7671
13.6298
12.1105
14.7513
9.82951
8.52185
13.2862
12.4305
9.62278
9.9624
9.07903
13.1566
11.4428
14.9713
13.826
10.6368
11.477
8.09539
13.948
13.8386
13.4722
12.6336
9.5808
13.1442
10.6379
7.66723
11.5505
8.35253
6.82318
8.88507
14.6434
11.2428
7.79663
7.42445
11.3604
11.514
11.2734
12.6621
11.5076
6.68798
10.0557
12.0443
12.049
12.7578
9.91026
6.79595
11.2021
11.5423
9.92572
13.5851
13.1092
12.3865
14.8666
11.8069
7.37675
9.73363
12.8316
14.0667
11.2037
14.111
7.94198
8.9527
4.27186
9.9523
13.4473
12.3689
12.5357
9.58899
5.16361
10.5871
10.6024
14.0309
4.27347
10.3398
12.1868
12.7725
10.4064
8.48421
6.54798
11.1869
6.07442
9.61802
10.0555
10.8868
9.02073
13.0596
11.7398
14.3002
7.47081
5.09703
11.5062
13.7517
10.0735
5.60557
11.9607
14.8718
8.11538
11.8754
10.7165
5.95914
6.01959
10.2182
13.7048
5.5453
10.4938
8.30964
10.9955
11.6555
12.3191
7.08026
13.2539
10.368
10.521
9.81851
10.2716
10.5958
6.03635
10.1409
6.03214
10.3431
11.4211
9.68106
8.76088
9.82251
6.88746
11.8325
9.87633
6.08975
13.0632
14.9283
14.3938
14.0081
8.99767
10.7543
10.8296
11.9274
11.6834
10.7635
7.75114
13.9189
13.217
10.3737
8.54854
11.5084
8.43988
8.63192
6.43736
14.1325
5.37901
10.8773
14.8844
11.2005
10.3503
5.76098
9.61017
8.35496
6.02429
12.3019
12.6692
11.4397
14.5494
4.37362
9.84712
9.80012
10.8398
4.96724
10.2461
11.8108
10.1357
10.9687
6.05378
13.9698
6.94125
6.14287
8.9506
14.2437
13.8071
10.7241
13.3899
12.5637
13.6744
10.9597
7.13024
5.11544
5.63358
10.8232
8.93184
11.5161
10.2174
6.55994
10.0137
11.6582
10.1478
10.9618
10.7818
13.8847
10.2144
14.6964
13.0537
14.2957
12.0165
14.9787
8.78278
9.42197
12.3041
8.94641
6.9479
12.6701
12.9347
10.1818
8.58086
13.35
6.57598
10.3001
13.4452
9.21569
12.6788
14.0251
9.33114
8.78669
13.183
14.3531
7.96619
12.2736
13.2846
12.4642
13.0758
10.5729
6.68585
9.6913
5.60867
9.44739
11.8334
11.8595
12.8819
13.4259
13.0875
12.1889
14.3336
13.5634
13.4912
14.1837
12.9398
8.14575
10.1762
12.8914
9.4319
14.9226
14.9344
12.0945
6.57037
4.38899
9.27129
13.6149
11.139
10.0508
13.0628
9.60201
9.71792
12.7191
10.6398
11.1385
9.84301
6.54107
14.5185
10.2231
10.2396
13.4959
11.7134
11.0058
9.84217
12.9095
13.8248
8.50649
13.5646
10.8617
5.00343
11.0029
13.2292
10.3724
9.11235
12.8989
14.759
10.8612
9.35567
14.7582
8.04285
12.5235
9.54567
12.465
9.33306
10.1496
9.43116
5.53861
12.231
9.8728
12.0276
11.2631
8.46289
7.84179
5.92582
12.1773
13.2982
8.99723
9.18892
12.0914
13.3611
10.0982
8.17615
14.1634
7.98136
6.23238
8.59239
7.25188
14.203
10.045
10.8046
6.00473
12.1672
7.71484
10.8183
11.5317
10.2064
10.7004
10.1011
11.7447
9.52746
8.59462
10.3608
14.0327
10.4419
11.6965
14.5538
11.82
13.3946
10.0045
11.3753
12.0372
14.693
5.75328
9.17589
8.4368
5.9581
11.2918
5.03303
5.70799
9.2742
5.67844
6.08146
8.37974
12.8477
6.4632
7.2373
8.76763
12.3318
14.1988
10.0872
12.5938
10.3223
11.2282
10.3897
12.7676
7.99313
5.54665
10.2537
14.0178
14.7797
13.2699
11.8564
10.1997
11.9852
5.41995
13.8698
13.838
11.384
8.94
9.71386
13.0172
12.5972
5.93522
5.02215
10.1821
5.6531
4.20623
12.6181
12.7876
14.3372
14.0779
12.0438
10.4458
14.8257
14.896
11.753
9.51329
10.269
9.4329
9.3651
11.2814
11.1241
11.9893
8.39703
12.9785
12.374
10.5247
13.3709
4.73066
13.76
7.83433
11.1932
6.92198
6.46814
10.8684
10.8068
11.6204
5.0792
5.78108
4.28251
13.7616
13.2935
14.5592
12.3226
12.9054
12.8799
12.9692
12.015
13.4259
9.89723
12.3647
6.22372
11.0477
10.3932
6.29833
10.8463
13.2323
14.5216
10.7502
9.38711
12.6024
14.8517
8.40084
10.7346
14.8426
10.2935
13.9773
10.5536
8.49811
11.6486
9.94418
11.0208
9.73652
12.2678
12.8328
13.7145
5.20715
9.66616
14.9498
12.4141
11.8292
12.1782
8.93022
11.3456
14.4123
12.1964
12.0549
13.661
5.74528
8.98582
10.0502
6.33692
10.4098
8.42537
9.68715
10.6216
10.0738
13.1708
9.82803
7.05115
13.1862
11.2357
4.86601
12.0477
13.7947
14.3256
14.5323
11.3619
11.1454
11.2845
12.0991
12.0682
13.0155
11.4572
13.6829
12.6863
13.6881
12.2158
11.7993
13.6831
9.78053
9.94974
9.68397
11.086
8.41242
5.7776
7.0202
13.4908
11.1251
9.892
12.6341
6.52204
10.2201
13.8707
11.0262
8.75714
8.05135
7.44038
10.2772
6.56627
13.5582
12.9772
6.13776
14.4523
12.3422
6.35373
11.5302
13.9896
8.21052
13.7857
6.70096
14.4246
10.9557
10.7983
12.8747
11.5392
13.124
9.8358
9.46258
9.89007
10.0246
9.56768
7.10707
5.03116
8.33693
10.2041
6.71947
9.69323
8.53843
9.91067
11.0363
7.45059
12.5197
9.48444
11.5085
11.0308
8.65509
6.32835
12.5993
8.57299
11.8235
13.0385
12.4914
14.6482
13.575
10.5669
10.5994
13.0305
11.5786
11.8301
9.99047
5.94886
8.95086
10.4379
8.84739
13.5578
14.1179
9.78991
14.7741
12.7648
7.71839
10.8108
10.5024
13.1737
14.6151
12.9483
12.6487
5.94216
13.2382
8.77111
8.50798
11.2535
10.904
9.54835
13.5648
9.68857
13.1007
7.21075
10.1372
10.447
12.4605
10.1814
11.0766
13.8817
6.0829
10.7591
5.35608
10.2135
12.4068
14.2878
9.66365
13.2091
13.1769
14.7202
9.54114
14.0265
14.2314
11.9458
9.3963
9.092
11.8332
14.2878
9.97205
14.5099
10.8104
6.35503
13.3449
13.6587
10.1898
10.3882
10.9925
13.2104
14.808
12.0369
14.0557
11.6346
9.37387
9.6097
5.60957
5.35141
13.5633
13.9397
14.9619
13.5953
13.8294
11.2905
14.5754
9.22715
11.6321
11.2181
11.8475
9.25958
12.0317
7.24021
8.37874
8.50376
9.68874
13.15
5.46778
12.3193
6.50956
10.7703
6.0548
10.3612
12.8686
6.18254
6.73077
14.0462
11.1904
13.8593
10.042
13.9407
10.1826
9.85236
6.60058
13.3838
4.11213
8.25663
14.9975
7.5806
14.0465
13.0984
14.6359
8.69794
6.15515
11.9837
11.6376
6.53988
11.6126
9.89608
10.7024
8.4522
14.2853
7.94666
9.62108
5.22723
10.3749
5.52162
11.9577
13.2293
11.6915
10.9899
10.4256
11.1164
14.6462
13.7956
14.6869
13.3872
12.177
13.322
14.8037
6.94218
10.5002
10.1758
11.6206
10.41
10.377
5.64953
14.3558
11.4466
11.0886
10.6232
9.0687
11.7832
12.9578
12.1996
13.2145
10.8035
7.75273
11.8088
13.942
6.12623
14.9435
14.0359
13.6118
12.8873
5.54713
11.3748
10.9617
11.0157
6.62002
13.4142
9.36471
10.8386
13.8557
10.2775
10.2816
12.5031
13.8682
9.87157
13.6992
12.0099
10.7808
13.5358
10.4
14.8659
11.942
10.4162
9.61623
10.524
13.189
9.98499
12.9238
6.18551
8.4706
10.1582
10.8989
10.1537
9.69473
8.50532
14.8433
14.5305
8.85427
7.52953
14.0239
10.8138
12.8209
9.10936
13.4073
13.0036
12.6152
8.58248
11.97
9.6706
14.9504
9.69112
9.5097
8.77781
14.5631
12.163
10.0599
11.5235
10.5363
9.34938
12.35
7.49924
6.74843
13.1419
9.96856
6.34325
11.0097
9.89549
13.0844
12.4606
9.78029
14.6554
13.077
8.99525
9.71352
5.3913
11.1393
10.0777
14.5635
13.3297
7.2595
11.1627
13.4005
10.9658
8.82897
9.42277
13.8257
13.6247
14.5931
14.987
8.7524
10.5902
10.1825
8.42351
6.77161
6.39794
8.53326
11.9562
13.1502
11.0415
12.8675
14.1203
13.5141
13.4829
13.0808
4.87773
13.0392
9.57938
9.73588
11.8025
6.47766
13.5506
12.5369
10.4324
9.67227
11.1829
12.6375
10.4238
10.2479
12.4555
11.9317
11.5835
9.82192
7.99585
13.4634
13.5123
13.2901
10.9555
12.3316
6.57113
14.82
8.55288
9.52117
12.2413
11.2657
8.18416
10.035
6.37029
6.69223
14.866
13.6137
10.4814
9.80192
7.19529
9.43658
8.93035
6.33346
13.1326
9.34852
6.5067
13.0961
13.7111
13.4853
11.9588
10.7549
11.0309
5.28622
8.59029
8.71656
14.2913
6.64713
13.0386
14.1131
7.15392
7.98895
9.94329
5.32222
14.8501
10.6723
14.3111
9.93682
9.74916
9.5744
14.7704
12.6319
8.2272
7.12239
10.1067
14.6263
8.0518
10.403
4.61656
12.269
12.6744
10.0414
12.1378
10.2158
13.3652
6.90635
8.33955
14.3709
14.1047
8.46022
14.0958
8.13098
9.78315
14.609
10.8189
11.6493
12.6733
8.16659
12.4591
10.7656
11.6985
10.3563
9.50545
13.3363
9.64807
10.3072
5.95364
9.34028
14.5762
10.0506
10.0112
12.2679
12.6113
11.9153
10.6791
7.69106
8.58027
6.73591
11.5269
8.97273
14.3007
10.4627
11.6976
13.4972
10.4684
7.02049
10.7449
14.6805
13.2154
14.0395
13.465
12.3028
12.297
8.8001
13.5825
13.2999
12.0668
13.8363
11.2804
11.8813
13.8658
10.8501
13.7695
11.548
10.2723
12.4279
8.61988
11.4034
8.00567
13.8036
14.8728
5.01289
8.08357
7.79334
11.202
13.717
9.525
9.2361
5.90494
8.12891
10.8972
11.2868
9.93449
14.2756
8.67955
5.65026
13.1225
12.4173
13.8931
11.7026
8.58268
9.57104
6.75299
13.684
13.6285
10.8014
10.027
6.6449
7.80804
8.07741
10.6342
9.56961
11.1605
6.85945
14.7608
14.8426
13.0853
10.5785
9.49401
11.2833
11.7063
11.5825
14.4365
14.2414
11.6102
12.8598
6.25065
13.0607
9.63668
6.35954
8.68991
12.7312
5.90098
6.81884
9.94077
11.1169
14.9464
14.3137
9.86482
8.30716
8.6196
14.0737
11.5644
6.82989
14.8475
12.7323
14.2266
9.87786
12.6561
12.9518
14.9829
12.6509
10.3199
13.6712
8.58003
9.36374
7.84926
10.3129
13.6352
12.8345
14.665
12.8327
12.8945
10.9784
12.5933
9.16248
8.47638
13.0338
11.261
10.3885
12.9555
12.9315
9.9047
5.22243
5.73889
10.226
14.3022
11.2291
10.1687
12.4251
8.97625
8.95811
14.297
11.2252
12.3332
4.12321
11.6421
12.3898
6.8327
13.0811
11.6811
14.9282
5.35247
14.3187
8.36678
9.4234
11.5906
6.13531
11.2387
13.0511
8.89844
12.4733
11.4398
5.66353
6.35234
11.0986
6.15308
5.29711
11.5462
7.69626
6.87109
9.8828
9.40819
13.2907
11.3605
10.3163
11.8388
6.13712
8.63694
5.29558
5.72147
6.20797
5.13963
6.25774
12.4798
6.89687
5.19759
6.36252
14.1854
14.2834
12.108
5.54712
5.76414
10.7256
13.5537
9.73793
9.78387
12.7525
11.8685
8.06252
12.3857
11.4387
14.1971
5.82426
10.8002
8.55127
14.42
7.53996
10.0495
4.25294
8.78497
11.9642
13.7941
7.49977
5.95522
13.257
11.6446
10.3659
9.58942
14.0265
8.18458
12.2602
8.26718
12.5593
14.9145
14.2084
13.5334
10.3809
7.72911
12.8887
6.91313
6.00609
5.41638
11.1169
12.2882
11.0766
9.62253
5.93353
8.78054
5.52879
7.10757
6.42522
13.3624
14.3769
14.5824
10.6656
11.6025
9.39739
14.4641
12.6681
14.7237
10.506
11.0153
12.0152
9.68938
10.5811
12.1211
4.75073
9.60786
13.5391
10.8382
6.37279
5.56639
13.1086
13.1716
12.0497
13.7053
9.41368
11.2454
9.79398
14.3187
10.8182
13.6512
14.5418
13.6611
10.7945
10.3647
12.029
6.45488
10.5567
9.25291
10.7119
8.7483
4.9816
11.8263
13.8822
6.76995
8.16351
13.3636
9.46308
10.8368
12.3722
6.2302
10.1692
8.79041
14.1044
10.4252
6.37352
10.7759
8.2353
9.5969
12.1171
11.3522
5.92243
10.1832
13.8849
11.9383
10.3708
14.1509
10.0226
9.08596
5.47014
12.4385
11.3274
14.6292
14.5453
6.68232
12.4566
9.69707
7.31001
11.6307
6.37834
9.93881
12.2745
9.63923
13.5943
13.8999
14.3097
9.53276
6.08544
5.24156
10.648
13.6084
11.6496
10.6504
14.1987
13.629
9.75288
13.4225
13.0544
9.0266
9.0799
12.0072
10.943
10.3155
7.84667
11.6007
7.93581
5.09692
14.9363
13.6516
11.3649
10.182
14.5909
14.2428
11.9151
14.5854
14.84
10.3416
5.58901
12.6871
10.7765
14.4943
4.87111
6.68525
10.2845
9.68434
11.9606
8.71923
10.7658
13.9986
10.7497
12.4637
11.6025
12.276
7.32772
11.9448
9.08131
9.06798
10.3397
7.20613
14.3381
8.83606
13.3937
8.60421
10.9153
10.6417
11.5729
11.5862
13.014
12.8314
10.1615
11.8815
10.6254
13.0405
13.7467
13.5528
13.1617
11.3044
8.75466
11.2112
9.10029
6.2383
13.2029
13.735
6.3365
9.93622
12.4997
12.8172
13.107
14.2754
8.62639
12.0194
8.26065
12.3304
8.42205
8.78723
8.80175
7.15171
11.1411
13.9022
9.76492
6.40382
12.6493
8.08185
12.6244
10.5287
13.569
9.52553
13.0693
10.0021
12.5111
13.3969
5.18047
14.2007
12.1635
13.1413
12.2983
12.1205
7.52703
11.2998
14.6169
10.973
10.1092
10.2914
10.6555
7.06428
9.86748
14.6092
9.00814
10.9418
10.5471
14.4663
12.5828
9.37472
6.43229
12.4186
11.1441
8.71291
13.7658
11.8528
14.2432
6.92029
6.50044
12.1143
9.299
8.45731
13.2459
9.86402
13.1351
14.1136
14.2389
13.4078
13.4518
12.767
13.4276
11.4075
8.13245
5.39132
11.315
12.1104
13.0157
12.8181
8.03805
9.08917
8.38054
5.94409
11.3458
6.41997
11.0403
8.23769
8.58667
9.33693
10.6533
12.0206
13.7055
9.45318
10.4419
7.99599
11.1948
6.18867
14.6399
12.897
11.078
9.5755
14.1822
8.63219
8.63372
14.2133
13.5301
10.5325
9.21745
7.7742
6.36886
10.7615
9.73759
13.5351
13.0002
12.9069
5.27491
7.52992
14.0758
14.3491
11.0984
4.2692
10.6793
10.8326
14.6066
12.5507
10.2805
11.9603
11.5031
4.40737
12.6438
13.3685
12.8205
14.4341
9.88706
12.4602
11.8249
11.1596
10.0867
10.9004
8.56478
14.8076
14.7368
11.2144
13.9076
12.789
13.394
9.50201
14.2557
11.2201
13.6852
10.3803
12.3464
13.7295
7.28466
11.6665
14.226
10.3723
8.08057
8.16426
12.8582
14.1858
9.49071
13.0282
8.97339
9.67983
10.5824
5.28112
14.1542
4.41026
11.7275
9.50132
9.95925
9.74145
9.38725
13.6166
12.4552
12.5409
11.8665
4.07501
12.2646
11.7422
6.16646
11.0509
5.4015
9.051
13.9827
14.1863
5.89958
5.30729
9.39431
13.7335
10.4355
10.4482
6.80785
9.86062
8.64645
12.4865
10.59
10.7192
13.1685
10.6152
5.9459
5.1262
11.2248
11.9462
14.9457
11.017
10.3795
8.00662
13.9413
10.7069
12.8258
14.6039
14.0316
8.58844
6.71145
7.29026
14.7949
14.8838
14.7865
11.9616
11.7835
11.1
9.30961
12.6225
9.13979
11.6778
8.73664
10.3568
13.7905
14.1026
9.5366
9.34507
14.1043
10.6508
7.92317
14.1803
5.51433
10.0052
5.43735
9.79987
11.9389
12.6554
9.68221
12.3641
13.0228
14.6735
11.5926
12.6146
12.0474
12.8023
13.0413
13.9151
10.6877
14.5213
13.2577
8.5196
11
9.52347
10.6674
14.807
14.6705
6.05273
9.09133
9.69943
11.6429
13.8832
10.55
10.8494
7.87309
14.2897
13.2658
8.93042
13.3761
8.86759
10.9913
6.80957
12.7622
8.49065
11.6362
12.6897
12.4616
5.48966
5.76621
9.34884
13.4569
13.3984
7.56766
10.1364
10.4513
10.1346
13.2971
8.73396
9.14835
9.79033
13.8743
13.5243
14.1292
14.7495
12.8563
12.398
6.04043
13.0387
9.15107
9.37806
14.8554
5.45396
11.4365
11.8428
9.19621
14.54
12.6883
14.7123
12.2181
6.32461
11.2799
12.1167
13.3347
14.107
14.3338
14.0531
8.95248
14.449
10.1229
10.1872
10.9029
5.43988
13.3933
14.8929
14.13
10.4382
8.41297
14.9052
12.8344
12.2358
12.0679
11.0677
14.575
14.2978
10.757
14.8273
14.5629
14.5994
10.4949
10.5551
9.58072
14.9306
12.3005
8.32882
9.01316
8.5825
6.9173
12.7624
10.5158
10.1971
13.6948
14.4164
12.9813
14.223
9.46877
10.9693
11.4428
3.90942
12.3193
10.8994
5.04507
8.3658
9.69973
11.9151
12.3485
10.667
10.6927
6.6305
7.32684
6.89188
8.91051
12.3098
11.6773
6.33544
5.44086
13.011
7.30437
5.99912
7.76984
14.3592
11.0999
11.9625
8.52882
5.53598
10.6734
10.7399
13.8849
10.3128
5.78944
9.6864
11.0476
7.41103
10.5545
13.7109
12.2426
13.2769
10.4554
5.27022
12.8262
5.65244
11.1883
14.8745
10.697
10.852
14.286
11.1014
10.9606
4.37626
8.54063
11.78
10.0683
8.61693
5.75601
12.3074
14.2338
11.1884
8.2706
14.2641
11.8174
9.29045
11.4908
8.24997
14.5696
5.93825
11.3762
10.8483
7.00259
10.9245
14.5854
5.48282
13.8878
14.5105
14.3629
11.4214
10.4773
11.4242
8.36379
9.76338
10.6747
6.24307
11.7511
14.049
8.76896
11.537
12.6882
13.5465
9.22847
12.7965
8.09421
8.37132
9.88752
11.4306
12.2862
13.2729
8.23172
11.4474
11.4853
9.48883
7.99125
12.3935
9.7623
7.85194
13.1881
9.7801
11.1891
5.31469
5.6119
7.69391
11.6727
10.4504
10.8498
12.532
8.3739
13.5072
13.1852
11.3512
11.392
5.03226
13.2627
10.6706
8.54247
7.52934
10.5805
10.3503
14.7942
11.288
14.2489
12.2672
12.207
12.3787
12.015
12.036
12.86
8.81615
11.5452
14.9394
6.42234
7.90986
13.3121
14.7693
5.7643
9.96752
10.3069
6.5835
9.89812
13.3069
10.0875
10.3351
6.41508
9.74828
13.9943
13.2081
10.8588
6.08097
8.89682
12.2103
12.5482
14.4507
5.06685
11.7017
12.5706
14.595
13.1424
13.9392
9.76642
6.15912
6.91927
6.60635
9.6278
7.39667
7.88973
12.2269
13.1879
12.4091
6.59138
7.08563
4.21722
11.3191
8.43304
10.2835
11.2699
12.9526
13.2278
9.80615
10.034
5.70288
10.0072
6.03089
5.7576
14.9356
5.77692
14.5729
13.4432
12.1558
14.3572
9.48409
10.9906
9.54553
10.0664
7.75916
10.4262
9.87027
8.88405
13.4497
14.344
11.4061
6.98186
7.75593
10.7846
12.2577
4.93985
6.08995
12.7642
11.2336
9.74776
11.1275
11.1744
9.84019
5.40219
11.9488
12.7468
10.8403
11.2288
5.59095
6.5566
9.96419
14.7726
14.2077
13.1374
9.89419
12.1343
10.2458
14.7091
6.98486
13.2698
10.7328
7.70507
13.6713
11.0259
12.6558
10.144
13.8814
9.27008
7.30059
13.3896
7.71754
10.4318
5.23048
8.77675
9.05489
8.93768
11.8677
14.366
14.2751
9.64484
12.6836
10.6337
10.2747
12.2103
7.30075
13.5805
12.9303
14.2571
7.30232
14.0064
10.0524
10.092
13.6418
5.61538
11.15
11.3689
8.39536
9.04118
14.5954
12.1151
13.6142
13.0367
9.72141
6.47627
12.52
9.65474
11.5151
9.20904
10.4918
9.71497
12.1162
10.6197
13.9836
12.9106
14.1819
10.6139
9.94328
11.4998
5.5923
12.7801
13.5931
8.39536
6.05093
12.6726
6.35339
13.9185
10.0854
14.5581
11.9665
13.2774
11.7512
12.1679
10.0411
12.2005
5.92716
12.7321
13.9429
10.4058
7.39895
6.19011
14.9883
12.244
13.0452
13.387
10.4125
12.0182
10.2969
12.6531
13.4581
10.0338
5.8349
9.20951
8.06437
11.1766
12.9546
10.9485
14.7822
11.6312
10.163
10.538
7.77218
5.8248
9.56813
14.2708
4.6701
10.3957
14.2003
4.80292
12.4671
12.0339
12.5834
10.5488
12.4183
6.04545
6.71977
6.42014
7.02675
8.50342
10.2692
11.4344
12.2522
12.9713
10.0287
14.767
10.6364
8.66326
13.3184
9.8603
10.5017
5.50963
14.0502
11.5966
11.9974
14.9582
12.2178
14.6368
9.3162
13.5792
12.9195
10.4359
11.791
14.4534
5.55431
6.89478
11.5025
13.6886
8.69859
9.34218
14.1053
6.69392
12.7385
6.54649
11.9163
8.81309
9.7789
11.7368
11.7538
14.4592
11.0747
12.0203
5.71372
10.537
11.9422
4.8081
13.2873
9.85939
6.65719
12.8666
5.55112
7.98678
11.9681
12.5179
14.7787
13.3404
13.9941
9.70193
12.6249
9.5899
13.8696
8.43265
14.7792
9.96283
6.29553
14.2468
12.2744
9.5413
9.41841
11.3282
9.32597
11.526
9.34198
11.4414
13.3933
7.76564
13.5391
14.2173
12.3538
14.5069
8.47109
5.97772
11.6135
6.33395
14.2245
9.44983
10.491
11.2271
11.2404
6.46236
11.0439
14.2139
10.3759
11.4503
12.0863
11.5357
11.7139
9.24308
7.40514
9.31684
5.93705
6.49246
10.3968
9.98808
14.7792
13.0779
10.3713
11.5141
12.7039
14.0073
14.6602
10.7569
6.93583
14.9261
5.85721
7.7921
9.76175
8.23517
7.85316
8.78197
13.8393
9.71042
10.9114
6.2413
10.4687
9.13886
12.5565
12.4088
14.3548
12.3853
9.77968
8.5051
5.04287
8.98705
8.62564
14.3419
12.6397
13.3147
13.0952
10.3655
14.8028
11.9829
9.94756
12.5561
12.2969
12.0004
14.9449
8.9414
10.1619
13.5684
9.07562
13.3116
13.0866
9.43177
12.396
13.4081
6.79637
4.40575
9.73357
9.07555
12.3184
13.9187
11.4345
14.6367
7.77184
14.9822
5.9429
10.8303
10.5357
12.987
6.53422
14.0271
10.8535
12.7296
5.02753
9.74861
6.23994
9.1012
12.3712
13.3865
11.481
12.695
13.0731
14.6678
9.7201
12.7946
9.68206
7.91055
10.3842
12.9188
11.2092
6.03145
12.1004
9.47204
9.21747
7.4859
9.98776
10.0697
12.7379
14.1367
13.2131
14.5734
12.9109
9.7161
9.45381
5.79288
9.06944
13.2386
9.62091
11.0248
10.7008
9.31848
12.3245
4.70621
13.7044
11.8568
10.2213
9.25325
9.22582
8.22794
4.87583
11.099
10.788
10.1209
6.49243
6.00775
8.29595
12.4807
9.14254
9.22505
6.39071
10.0355
10.2574
13.6697
10.1187
11.3076
8.42797
14.1239
10.1859
13.0397
13.8236
11.6679
6.33471
6.74132
6.74506
12.909
9.7121
6.32325
12.3668
14.9333
11.7171
12.667
11.2661
7.56086
6.068
13.0255
4.80527
11.7356
6.09455
10.2906
13.9304
11.0844
9.64941
12.1018
10.437
13.8919
13.1507
13.7321
10.3004
5.5222
12.7858
6.95107
10.9312
11.9314
14.521
14.717
8.99108
7.7223
10.0708
13.3293
11.6092
9.9741
9.31553
11.6362
11.9769
11.3258
12.3667
5.89157
8.90409
12.5368
12.5337
7.12536
8.68472
13.8307
13.5941
9.13976
10.0221
10.6227
4.17832
5.43816
14.9049
6.27984
13.973
14.443
8.02569
12.4628
11.3141
10.4808
12.1796
8.99625
14.5822
14.3271
9.85409
13.4173
14.3761
14.4828
13.0318
10.6426
10.1591
5.47592
10.1271
7.07056
14.6484
10.4547
13.2556
6.77557
10.2683
10.9339
13.6289
14.2301
12.5013
6.14188
11.1146
11.1223
8.44267
11.5707
10.1091
13.9673
11.109
11.2622
9.40189
14.363
10.5078
9.98761
13.1761
10.4906
13.2658
12.0171
13.8223
11.4491
12.4902
8.21582
6.03461
12.9423
12.1269
10.2556
5.24402
14.6149
13.131
14.4678
9.75499
13.1933
5.99871
11.524
6.07173
14.0399
12.0215
6.87881
10.7584
11.5071
13.3174
13.4447
8.61259
12.3768
11.4253
12.8319
8.44688
14.0187
11.0876
11.1219
13.313
11.5919
14.9489
14.3837
10.9313
11.1864
11.3644
10.2081
6.57841
5.94379
6.91563
10.9514
14.6204
13.495
13.8094
14.6451
8.66793
10.8746
12.7422
14.1814
11.6161
13.0417
10.4406
10.9517
5.47603
4.22105
12.0064
8.95856
7.73819
9.62003
13.3776
9.25238
8.17935
9.18174
7.62382
11.3329
11.2684
12.8441
13.0727
12.3639
8.47453
7.52671
11.2922
11.09
12.5319
12.7804
11.9891
8.42906
8.56124
5.91923
12.5801
10.3441
7.89985
11.7665
12.455
10.4469
10.4782
13.1022
11.8612
13.7618
11.6859
9.10009
10.2882
7.22302
9.1116
14.3066
8.50909
9.47093
12.4014
12.6527
14.6521
14.6038
13.1019
11.0527
5.94827
11.0351
7.42252
10.1635
8.56835
10.7408
11.7803
14.8398
12.0105
5.82225
10.0784
7.12674
9.72475
12.0419
10.3083
12.9765
9.94428
9.97147
9.63466
13.3776
11.131
13.4924
13.9922
14.7998
13.4617
10.0364
10.4388
6.83947
10.7734
10.2251
9.73097
8.765
13.5896
12.8867
13.033
10.5567
10.0837
13.8033
13.9884
12.9992
13.4185
13.9038
5.80124
11.2388
14.7325
9.69775
9.87295
8.59676
14.9916
14.8862
6.42524
13.3595
12.7079
13.0462
13.1098
8.09486
14.4422
5.05833
13.7068
9.00057
9.51258
10.574
12.096
12.335
7.97435
12.4165
13.3792
11.9334
14.4619
9.79776
13.8391
11.3381
12.364
5.06263
14.6213
11.3398
14.2107
10.1027
7.63624
8.95402
12.705
9.30312
14.5109
11.3054
8.26112
10.3594
14.9881
12.2567
11.5013
13.3085
12.8654
11.109
11.4779
11.9179
14.2491
13.6659
10.7192
5.90536
12.4004
5.86737
11.2027
12.1875
12.1329
8.61975
14.9409
5.34118
13.6571
14.9407
14.698
9.51089
11.021
9.83022
14.6385
14.3285
5.58812
6.16405
13.1129
11.0053
13.0445
10.8767
9.91926
12.5064
14.3309
14.3903
11.6975
10.1407
12.8554
9.10871
13.5055
5.53375
13.9194
5.56523
11.6523
9.44131
9.69605
11.7376
11.3658
12.0575
6.3433
6.72097
13.4283
13.038
14.6177
9.56157
11.367
4.35744
12.3957
9.10028
12.2638
10.2782
13.22
10.4601
11.8545
9.41971
12.2696
11.4723
8.02623
13.9262
11.9625
11.6087
12.3277
14.884
5.63978
6.41895
12.3353
5.45089
12.4773
6.31801
9.502
13.9887
9.86834
11.6495
10.5284
8.67061
13.9943
9.44311
7.05514
4.36618
12.394
5.68372
7.48583
11.6577
12.4306
9.93382
7.47441
8.15945
9.64045
14.323
14.4133
9.59123
9.40829
7.11314
12.3256
11.0208
13.8485
11.2516
14.5499
8.41481
10.1028
13.7217
6.83735
9.92266
10.9508
12.0776
14.922
12.9416
11.8897
10.1037
10.5097
13.3139
13.799
14.1026
6.50553
8.51091
13.5155
8.96021
14.4037
13.0447
8.53552
6.20908
11.7142
13.6824
9.10618
11.8716
14.9872
10.1679
13.844
13.2714
9.72277
9.67914
10.1956
5.43807
9.05665
9.75618
14.5847
11.9053
8.50224
8.99495
9.71972
12.0947
11.7952
13.7987
8.98281
8.82999
11.2554
13.7759
13.0195
11.9507
11.1057
10.4174
8.8914
9.73402
5.78035
6.24138
14.0123
8.08414
10.1513
14.5883
6.66802
6.53313
9.23009
9.81455
11.3591
10.4485
12.0522
8.5924
5.31665
10.4137
13.1099
13.4433
11.72
6.45952
8.66853
7.53112
9.91826
8.7294
12.0523
8.91989
8.05341
8.07332
9.20852
10.4259
12.2041
12.4407
13.185
11.5076
13.348
5.08557
10.758
11.7506
12.0728
9.61016
11.9317
14.0948
14.6686
9.32928
10.4598
9.97051
5.97629
10.8359
14.5861
5.76819
10.845
13.9726
14.8614
13.6583
8.82275
5.40037
11.1473
12.4596
10.3467
9.65122
5.61414
10.3619
13.7488
14.0777
12.2619
12.7741
9.83122
10.0181
7.28491
14.7657
14.673
13.313
12.6063
12.9402
12.6214
9.74524
7.57136
12.9301
11.1422
14.3174
10.4965
7.67288
12.2358
12.6538
13.8675
8.4901
10.8838
6.71318
12.7392
7.42219
8.56631
13.9031
10.8897
14.1174
14.0571
10.2475
9.22765
9.16421
4.79191
12.2237
12.018
11.2097
10.0004
12.6717
10.4375
7.82303
11.3739
12.8136
13.1144
7.39459
13.2329
10.519
11.7486
8.36678
7.26687
10.2123
13.3566
14.0399
11.0905
13.7455
9.39065
13.6554
11.019
14.7713
12.7122
10.7726
7.04951
10.8316
9.96323
14.3767
14.1344
10.1518
8.29419
4.39933
6.035
9.14289
14.1604
9.0709
14.1405
8.31432
13.0046
14.5133
7.38431
14.3447
11.5348
11.3002
13.9082
10.9372
12.2748
10.7435
10.0992
9.88733
12.5266
9.90066
14.8166
10.8402
4.4551
9.75331
11.5901
14.4088
12.7191
6.71008
14.6458
10.4803
14.9801
5.69529
13.0429
12.4664
14.276
8.84851
12.0143
12.3666
7.64314
14.0632
12.0782
12.3806
13.7224
12.8711
11.8168
10.9475
12.345
12.0605
13.5181
8.46394
13.9139
10.2519
13.9886
9.36776
13.6365
12.1758
13.8039
5.10748
7.58901
12.2555
10.6602
10.6993
13.614
9.88279
13.2758
10.0485
11.1111
9.0413
7.7517
9.87399
14.9529
12.2557
8.66836
7.86277
10.1757
9.19216
10.0935
14.878
13.9564
10.4069
13.677
8.2651
11.0405
13.4204
13.0614
14.6986
14.804
12.4569
14.1367
6.04173
9.61924
10.5014
7.5806
14.9844
9.8624
12.426
9.87495
4.34385
8.48677
12.6203
10.1809
11.7799
14.2132
12.2196
12.399
11.07
14.8097
9.32933
13.4431
8.62773
9.94075
14.3766
10.6852
9.39984
13.4662
12.0968
5.0603
9.74123
13.1006
12.0733
9.49228
10.1677
13.5333
13.9354
7.66758
9.31461
14.86
13.8787
13.2226
5.81668
6.24382
10.353
11.4789
10.5774
8.48514
14.888
10.6251
13.888
13.0677
10.5147
14.346
14.9527
10.2467
6.05266
10.6745
11.926
12.1378
6.7875
6.74
12.0223
14.6089
12.2841
9.86161
11.1509
9.54819
12.16
11.0667
11.8813
5.70709
13.9901
12.263
8.27912
5.89843
12.9714
12.2572
14.413
13.7201
8.24752
13.7007
5.57948
14.2074
9.84906
12.527
5.40248
13.5473
7.33754
8.66896
10.8204
11.8638
7.51127
11.2252
6.81001
9.10058
12.6888
10.3893
9.17971
12.9447
11.6146
9.20571
10.2511
13.0347
9.15589
12.0647
6.69731
14.3606
14.1308
10.608
6.56743
11.4194
13.5368
14.7996
11.1734
13.901
5.74128
9.15316
7.97528
11.8402
7.71112
12.0296
9.3272
8.05327
10.8999
8.97464
11.4421
9.33186
13.7641
5.86351
4.12037
8.95439
12.9889
8.65942
11.1279
12.1597
11.7563
8.12616
10.5897
13.0217
9.72077
10.3121
9.93209
11.1082
5.44651
6.15533
13.0194
14.819
14.0931
9.78181
11.0253
12.2565
12.9366
13.2198
5.41299
9.04678
10.0481
12.1538
10.4361
14.1121
10.3651
13.5799
10.0394
9.82583
13.1453
12.5385
11.8811
7.64624
10.3856
14.8912
14.5785
7.33583
11.4376
8.82446
11.4092
12.7135
5.30353
12.1603
10.6996
12.0405
12.4948
14.7077
12.7547
6.80164
9.42228
13.6843
7.70514
14.6826
7.32318
13.7439
13.1303
5.49379
12.814
10.1619
12.8221
11.1029
5.66494
7.70533
14.4862
7.96608
11.1744
14.6816
10.5147
13.0856
7.09908
14.8619
12.4248
10.9235
11.7194
14.4293
12.1042
11.6775
10.1395
13.7602
7.73954
12.0279
12.4296
12.6336
9.77026
10.202
11.6212
12.6882
13.1182
12.2146
11.0588
14.2747
13.8639
9.14288
14.7524
8.92065
11.3013
12.3862
11.1421
8.39736
14.347
13.3869
7.35277
7.02838
8.76211
13.4035
9.89508
12.0492
8.7666
10.9023
10.1291
13.7279
6.63052
9.07626
9.99172
6.68976
10.6296
11.7322
11.3031
12.4838
10.214
9.95348
14.18
9.20638
7.77105
11.3961
14.7374
14.2185
14.0034
8.64946
12.6265
6.45196
6.27003
9.75738
5.15944
12.5678
5.92542
10.4499
12.1407
12.4312
11.8484
10.4937
12.6367
13.6065
12.301
4.7853
14.6213
8.45189
11.1593
13.0571
9.07561
6.00861
10.661
9.80622
9.3236
12.0099
13.6955
11.8923
11.6039
14.3422
11.8557
9.95767
10.3972
4.97423
10.6949
12.324
12.7578
9.30586
6.34625
11.9964
9.25083
14.6905
12.4421
9.8054
6.39072
9.93829
10.5144
14.1733
13.7663
8.45476
5.7828
9.79022
10.3622
13.8018
12.8717
5.97981
5.61448
10.2196
14.2007
12.5647
12.1601
11.9658
10.7105
14.0231
13.2112
9.71101
14.8911
6.29741
9.81273
9.48788
10.2438
13.7223
11.4356
6.25317
14.2397
14.8855
13.6401
11.7097
14.2523
13.4583
12.0561
12.4214
5.99939
13.6988
12.0856
8.32389
14.6716
11.7098
10.7393
6.18214
14.811
4.5842
12.4196
10.087
12.1437
5.44786
6.20366
11.8849
13.1957
10.7686
13.1537
13.6741
7.19788
8.82631
9.57763
10.9869
8.54508
13.6915
13.6396
13.1761
11.6324
11.8189
13.0736
11.4916
10.85
11.7388
12.7338
13.3763
13.2446
6.4009
9.30234
11.3216
10.097
7.36925
12.4785
10.2359
5.65726
10.9154
14.2101
11.5325
8.68377
12.5428
14.0774
8.38564
12.2446
6.88545
14.9884
13.861
10.4054
7.0735
9.8315
6.94103
7.82761
9.1262
14.1195
12.798
14.4483
12.2111
10.9953
14.6784
14.09
10.2056
9.10205
7.50381
12.791
10.9206
11.2191
6.87841
11.6072
14.2376
13.791
14.7502
12.125
10.6005
13.5993
14.2431
11.5542
10.4186
13.8935
9.80806
13.502
14.1188
9.57533
11.7744
13.0488
6.15911
14.7843
10.4577
11.7157
13.3758
8.35276
10.0505
9.65755
12.6554
6.83782
12.9265
12.7294
9.8415
11.7423
9.81823
9.92714
11.4943
12.405
12.3329
9.76323
9.05807
11.375
13.9699
7.54486
11.2227
9.9696
13.6664
11.7898
6.69923
4.56356
9.25343
12.9954
11.7224
11.349
9.67386
11.0448
9.66549
9.22332
10.268
8.61176
11.7175
12.5511
11.0902
11.2611
10.024
9.68032
14.0298
11.1723
13.9605
12.4763
10.7777
9.84931
10.4347
11.7476
12.3079
11.28
14.9391
14.8905
12.9236
13.1618
10.0097
10.6915
11.6294
8.76383
6.02066
9.72073
10.9528
8.91821
11.0937
13.4052
12.5012
14.0887
6.70199
13.3843
14.1001
14.7072
11.9223
12.342
12.2038
11.7309
8.87613
14.9497
8.72511
8.36985
6.23897
10.1827
14.7772
11.7183
12.1614
8.91218
9.37235
9.90876
12.7072
5.61227
9.79311
11.7966
8.93719
13.981
13.962
10.2296
9.8007
10.5278
10.7354
10.7231
8.03644
6.15505
9.14556
8.0543
5.62563
11.2526
8.66343
13.3361
10.9646
11.2381
11.667
14.3722
11.448
13.3069
7.81092
12.414
12.44
10.0247
9.28205
13.9894
9.24298
12.4111
7.06427
6.70059
11.2127
9.42933
13.457
12.8959
7.00969
13.5754
13.004
7.21427
4.49231
13.5094
11.9812
8.95125
12.8056
6.58111
10.6283
9.96234
8.93748
11.0297
14.1321
8.71612
10.1716
10.4785
6.2359
12.2134
10.1459
10.7328
12.5349
6.19506
11.793
12.3575
12.1323
10.2725
11.2301
12.2518
6.26891
14.1659
12.0768
9.21699
13.2752
6.22818
13.9033
6.12848
11.733
9.89299
11.7862
8.24253
4.61757
6.53489
10.2339
10.8173
13.5049
13.6946
10.7689
11.0956
13.3133
8.65865
14.2459
14.1183
10.2606
12.6276
10.2842
8.2378
7.79393
14.2873
12.8675
11.8632
12.2474
6.5743
13.152
4.41397
13.718
14.4198
14.9388
7.93822
14.7216
14.2783
12.7963
10.1591
14.6389
10.0972
13.1656
13.8535
10.2966
10.2965
4.98751
13.2943
14.6662
14.4642
10.0412
13.4041
13.5247
9.99736
10.1943
14.9744
14.0879
9.37161
11.0393
14.3017
13.3888
9.35261
14.2953
14.3069
9.60218
6.56709
14.9953
7.96109
10.3362
7.04651
11.0185
13.0351
13.6792
13.4272
11.8775
11.2167
10.6778
11.2253
13.415
10.5347
14.1999
7.29152
10.9606
8.9095
13.3736
11.891
10.7385
14.6545
9.10213
5.67882
11.8151
7.3441
12.3464
10.7052
6.73785
9.86958
14.0474
14.9482
9.71316
9.86043
6.13838
12.4305
9.229
11.4328
11.1558
10.8995
14.7301
14.8373
4.41106
9.44145
12.392
10.3898
9.55663
10.5501
6.12551
13.704
12.9463
8.70657
12.2108
7.81587
12.5774
8.74842
14.8994
10.2856
13.9135
5.91612
9.20121
7.61173
14.6921
11.6757
13.486
11.3188
13.2423
13.4573
10.3419
10.4478
14.6328
13.3239
10.9603
5.64728
12.9629
9.58588
11.6932
5.84488
11.4684
14.2313
11.3039
6.376
9.86615
14.7284
14.366
14.2752
11.442
11.2552
14.1427
12.0796
12.8532
7.98203
5.04154
13.3574
11.264
14.5939
6.5996
10.0634
7.39989
6.59269
13.0536
8.47098
8.47276
6.48311
10.0212
6.18895
13.748
6.31411
11.8
14.2649
10.7914
9.96317
13.9474
13.441
12.1479
9.93686
11.7048
14.6864
11.343
14.2183
10.7576
7.98189
14.8994
12.914
13.5119
14.0475
12.3411
6.62232
10.8291
12.1126
11.4446
12.0133
9.75071
12.0232
11.3906
11.9705
10.5838
8.01392
12.2042
12.0326
14.6459
13.5358
11.5236
5.991
14.841
14.4617
13.7993
12.0176
13.8621
13.0444
9.55442
12.5764
8.5764
11.0283
8.72648
6.36231
11.5693
5.52871
12.7025
14.8591
13.9883
8.59876
5.88754
9.09684
11.5107
8.94879
11.0337
11.7473
10.1649
12.4688
14.7752
13.5573
13.922
13.71
6.57453
13.0922
8.83596
10.967
11.8917
10.5449
12.2104
5.3366
9.2795
14.4184
14.1264
10.4898
8.58667
14.3735
13.0567
13.3012
8.47875
6.90306
8.93734
11.3302
5.95156
5.30998
13.6551
11.3443
14.9128
5.48029
10.3039
13.8851
12.2384
10.2776
8.70274
11.2608
12.8875
8.928
13.3771
13.6703
13.9903
14.309
7.56627
12.8564
9.69869
10.9198
10.3112
8.35666
5.59655
5.16539
14.1559
13.1245
11.9175
14.9275
13.9738
7.36627
10.5834
8.37611
10.6997
12.6455
14.3529
4.98158
10.6906
14.5747
10.6648
14.0598
12.3381
12.2233
13.5569
10.8955
12.5085
9.25681
8.9979
13.3745
14.2572
8.72751
10.1318
14.1693
10.4821
6.4225
7.67301
14.06
10.8984
5.7649
4.28706
8.42501
9.31711
9.37791
4.61405
6.56979
14.5624
13.146
14.8195
8.64319
5.08214
7.37519
9.25504
12.6021
14.8133
12.9308
13.7603
14.1535
8.10368
14.7349
14.7061
11.7388
11.2451
14.4338
10.2482
10.0207
9.98583
9.79882
7.22677
12.2024
14.8983
14.8815
13.6612
8.3899
9.12807
6.35473
10.1414
12.1343
13.8564
5.46465
14.2359
11.6481
14.7101
11.9564
9.99663
11.8717
8.22928
7.4075
14.3323
14.8925
9.0303
7.59974
13.7167
12.8758
8.08671
4.95952
5.18063
6.02671
5.04214
5.97197
12.7251
8.08702
5.48796
7.27724
14.1716
9.42859
11.6613
9.31705
8.65514
8.25977
8.49537
7.50082
6.52094
10.6425
5.69097
12.7671
10.782
12.6805
10.1326
10.8744
11.1728
10.1714
13.7709
14.4778
10.9928
9.46758
10.0028
7.94181
13.4154
11.9643
7.95187
12.2897
12.7601
11.1439
14.5458
10.0228
13.9961
9.92247
8.67941
13.7051
13.5967
9.29926
6.45681
9.44145
7.89177
11.0015
12.9014
6.5805
10.4596
13.3227
12.7801
8.38631
11.519
11.3617
13.966
14.7996
10.5642
6.77929
5.30828
5.10628
8.47646
10.2531
13.4327
9.90493
13.5422
9.45519
12.1404
14.9861
12.6659
10.2606
8.40488
5.51786
9.30747
14.8351
14.9354
13.3952
11.4644
13.5487
10.2252
5.28832
7.95605
14.0575
10.9947
9.69319
6.0385
12.0636
12.2009
6.18744
8.48128
12.4829
7.21449
6.26139
11.4011
6.14182
14.5841
8.18125
14.3343
11.9851
13.3128
10.8118
14.1491
14.0594
10.4345
8.85883
5.71777
5.88758
4.64218
6.19927
8.84487
5.36441
10.2304
5.52759
8.82881
11.7456
11.2511
14.5693
14.9268
11.3083
5.18945
6.74604
8.92505
13.2358
11.3263
10.8548
13.1256
14.6023
12.4614
12.6611
14.6981
10.5353
13.7445
6.07957
9.36512
10.8636
14.9484
8.52325
9.68757
12.471
12.1147
10.8012
10.6261
6.94252
12.3417
12.2504
11.3517
14.9843
5.36079
8.5867
10.3925
13.6879
11.7146
10.3842
9.79713
11.2518
11.7602
10.6636
13.6289
7.21359
7.66241
8.5878
11.156
9.76717
14.4639
13.7175
12.2119
12.0885
14.8173
12.0037
9.35579
6.81457
8.97294
6.44953
14.9982
8.66255
13.821
12.6218
11.7904
13.6139
12.5874
11.8244
12.5597
8.44736
9.73817
11.5634
14.8846
14.0718
10.3381
14.3913
5.58501
7.92196
7.26453
9.85687
7.35555
11.6504
14.8401
11.6505
10.5859
13.1499
14.6496
8.24965
12.2026
14.2376
14.9948
11.0194
13.2631
11.2157
11.4776
13.1371
13.1309
10.0461
13.7392
5.56295
9.6882
10.4369
6.71353
8.53343
11.8422
6.36931
13.8829
6.30722
13.3839
11.8736
3.91979
6.7948
8.46539
13.0615
13.6603
8.919
14.3701
10.2161
13.6969
11.1446
8.82258
11.8709
11.8484
8.0612
10.3023
8.63568
12.233
14.5082
6.38106
14.7408
9.21768
12.4182
14.5108
8.1914
14.6684
10.4801
9.07118
9.5008
5.51649
5.32746
14.3945
10.8583
10.0445
7.46424
12.8029
7.47433
9.99924
10.1954
14.8944
8.69199
13.7939
8.60391
10.7932
12.4163
9.31019
10.7086
11.0791
10.8664
10.1895
7.15345
7.59834
5.13642
7.0382
7.52043
11.3449
13.5056
10.249
14.8437
13.5073
9.01092
6.70219
11.4323
7.06975
14.2114
10.2239
6.16973
12.212
10.756
14.1123
13.6785
5.54388
11.4287
11.1739
6.21344
11.4092
9.26238
8.48721
13.9897
11.7763
11.5478
13.8385
12.695
12.6207
9.03085
9.22026
14.65
13.358
13.7541
9.99124
12.0454
9.24119
9.84368
9.927
13.4219
12.6398
11.759
14.4383
12.002
12.3451
11.4748
9.5468
9.21429
9.63364
8.97126
12.9372
11.1487
11.7745
14.2056
12.0621
9.6763
11.8939
10.3477
10.6163
12.4802
8.45179
12.6515
11.2137
9.20097
14.2221
8.40771
6.5927
14.458
13.0404
13.3858
6.54773
13.9654
11.762
11.709
14.2651
8.91228
14.5862
12.9122
10.6361
10.2233
11.3262
10.7544
11.549
13.4619
8.98954
9.77215
11.9999
9.18022
6.01756
6.33796
7.82298
6.30753
11.5769
12.8876
8.04891
14.3454
5.71834
12.0849
12.0521
9.04902
6.75867
12.6973
10.2614
6.30047
8.44377
14.7566
14.1075
12.4965
14.451
9.38557
14.4157
14.9972
5.91646
10.6678
9.26115
12.4666
13.8772
14.9598
14.7235
12.4811
8.65848
7.50761
12.7097
5.62346
10.2675
13.6062
7.96829
5.9654
10.0998
10.102
11.4355
10.384
9.78258
8.06938
11.0618
10.8325
9.70219
14.3361
12.6287
10.2125
10.8887
10.7456
14.6628
9.14335
12.3552
13.0435
10.7339
8.28879
13.4827
14.2533
10.2829
7.67906
5.43568
7.85007
12.7588
12.3364
10.9926
11.3598
13.2769
7.04762
7.44268
5.50019
10.6231
13.1468
8.87269
4.63219
11.3218
10.3655
10.7392
13.6928
12.2485
12.4416
14.2215
14.751
9.80255
9.71131
11.9945
9.52561
12.4183
11.806
14.4893
8.33057
5.80103
9.90856
10.0605
13.9331
11.5925
10.7464
10.8378
11.9982
11.6146
6.33781
6.5823
8.81122
10.7692
9.68991
8.98377
12.3761
11.6936
10.9686
14.1184
13.2457
13.1885
10.2155
11.8627
9.67624
9.88
11.9976
10.6017
10.9588
11.8994
13.1972
12.7351
11.937
14.7746
14.0829
10.3432
11.7267
6.00844
8.37933
13.4642
5.97729
6.83977
10.8078
11.5154
10.426
14.7643
11.254
12.7173
9.30922
7.2446
10.8294
11.0825
11.5883
14.2787
5.43812
7.36016
11.025
14.9392
6.03787
13.1495
10.429
10.8596
7.1756
14.8418
12.8892
10.8877
12.4136
10.5593
10.0033
7.0354
9.00139
6.79955
11.175
8.00251
9.3858
11.5214
13.9855
13.8623
11.6253
14.4897
12.5568
7.92189
9.30753
10.8203
10.9321
9.46002
10.0347
9.0915
14.4672
10.0243
8.18906
12.1036
13.6354
6.20896
14.2034
14.2056
12.1741
14.8384
6.53184
13.5472
8.99582
14.7716
12.6533
12.1932
14.4534
10.2001
12.8723
14.2887
14.5373
14.2929
12.6922
14.7306
6.78674
14.5055
11.9542
13.6622
12.0842
11.8825
10.0332
13.8669
11.3057
9.52431
14.7418
13.9062
5.34277
13.4117
11.0011
8.74873
10.2121
14.0183
11.075
6.34343
12.5024
12.2707
13.4643
10.0668
8.66636
7.54734
10.4043
12.0445
11.2918
14.4185
12.9118
12.1725
11.9632
13.0799
10.4012
13.0323
13.4604
6.67235
11.3411
14.3883
12.1295
13.3459
6.16
8.04443
12.0342
9.73137
6.85303
14.9498
12.065
7.22146
12.3209
11.9959
13.4049
13.7519
14.7891
11.1241
6.40863
13.0927
11.556
6.60539
6.54625
9.56326
14.7397
9.61331
10.7704
12.2213
13.9471
13.2682
13.9999
6.16267
14.3637
10.4752
9.18133
13.0969
13.2462
9.19886
11.4217
11.7424
14.7657
11.0368
14.1944
10.6247
12.6397
14.0088
10.9838
11.1115
9.92371
12.2173
7.20523
9.69617
8.69022
14.4219
14.7632
8.83749
14.0953
12.4963
12.7906
9.27131
10.6024
14.1778
9.48683
8.99828
12.0364
10.4628
8.31351
7.52003
10.2794
4.69028
7.9971
14.2304
11.0507
9.22617
10.3768
12.5214
11.0715
9.19528
11.4593
14.5209
14.7671
9.15243
12.3386
10.1644
5.36166
10.8184
10.2732
12.6591
7.15012
5.28934
13.9183
6.27716
13.869
11.177
7.55162
13.0714
14.697
9.68076
13.2681
7.76792
12.3497
14.5643
13.1715
14.4754
11.6674
11.4053
6.01477
10.3285
10.0939
8.26772
11.8742
14.8535
12.9057
14.7978
5.41494
11.3531
13.3317
7.21771
10.9431
12.1312
11.7936
14.4163
7.82254
11.5547
13.961
10.9166
12.218
14.571
12.8648
10.4433
10.1508
11.3758
11.7831
14.6119
12.4414
12.7362
13.7883
12.7323
10.5246
11.4333
14.976
8.54077
13.2622
10.6586
5.72088
10.1682
8.69226
13.1744
11.9839
12.4495
8.99948
8.37454
9.0151
10.0878
12.8194
9.92009
8.89384
13.671
9.51288
8.85644
12.4605
9.46497
12.522
13.405
10.0936
9.85576
10.5344
14.7871
10.8408
12.6231
12.5825
10.584
10.9052
11.2462
12.9393
13.6197
7.26386
10.7903
5.46464
12.8555
5.8324
6.50819
9.76397
11.7456
9.80718
9.44726
10.2679
6.15482
10.386
11.2948
14.3009
13.8525
14.8855
11.0298
14.4382
11.3176
14.2004
8.54127
14.1476
11.3087
7.3367
5.76441
10.8669
12.1506
12.688
5.69679
8.55829
14.2563
14.472
8.57529
6.18579
11.6712
13.4198
4.18285
8.76388
6.07351
12.3855
11.4077
5.90707
10.2528
8.61601
12.5408
13.0877
12.2666
11.7692
12.3209
9.17738
12.5017
9.06084
6.14824
7.28419
5.79693
9.51791
11.4035
10.3404
14.1156
14.7487
7.21643
8.47151
13.9228
8.74904
11.3229
14.6138
8.93216
8.93921
14.509
10.6898
8.35842
10.5777
6.75385
13.7066
5.01501
6.70048
9.39246
13.8903
14.6854
13.1107
12.6916
11.8454
9.30988
10.1358
13.3068
8.95314
12.3405
6.26728
12.0409
8.22155
9.69341
10.082
11.1935
11.6885
12.0853
13.8259
12.5576
13.3242
13.308
13.4737
8.81281
12.5059
6.60847
11.3479
8.7013
10.2344
5.78885
10.5819
12.3301
11.0228
9.80267
9.16707
14.8912
14.939
11.4119
9.93758
12.8541
14.9193
14.5498
14.3248
14.5349
12.9992
10.583
10.5862
9.38401
10.219
14.5307
10.9851
5.57929
4.87895
8.99019
11.0964
14.4046
12.3824
11.8839
9.05937
14.8145
14.4556
14.6139
11.9431
9.82429
11.9933
5.71877
6.29953
10.2206
12.0462
14.6426
13.6784
9.74049
9.44896
6.33745
12.1455
13.6282
9.63304
11.6307
13.1141
12.2453
11.7636
11.5886
12.0383
14.3455
10.5988
6.10249
13.9709
9.79866
12.6836
9.80688
10.9264
9.81111
10.4541
5.26907
7.39219
11.754
13.1221
13.0251
11.6963
14.6832
11.7274
10.5168
10.7238
14.3935
12.0113
5.37162
12.7674
12.7117
5.26878
14.0785
5.27626
8.59941
12.7327
10.8339
12.89
13.6546
9.05566
6.30621
14.8176
10.6851
13.2231
14.5263
10.2579
9.21395
10.7412
10.9907
6.54971
8.86085
10.1106
10.5462
9.00607
14.3517
6.45112
9.78427
14.0461
7.81147
9.14818
9.0703
12.8971
9.63995
10.6544
14.2444
10.0825
8.56455
10.0883
10.8555
11.7418
13.7842
13.315
13.3702
9.12802
10.2135
8.79868
9.7004
10.7042
12.3807
13.7363
12.5667
12.4
11.5299
14.95
13.817
9.37334
9.85534
13.4555
5.42561
10.3106
9.75634
7.72882
14.1932
12.262
10.9923
11.3981
8.03861
11.1863
13.7096
13.9353
10.2955
14.1041
10.1744
10.7713
9.69538
14.0114
12.5199
14.1037
8.52701
13.2918
8.94742
6.79605
10.1023
9.44485
11.9452
12.654
14.7272
12.6843
8.57443
9.81295
12.4077
10.9722
13.8414
8.60663
10.8506
12.4299
13.5867
8.80559
11.6264
8.29635
10.6672
12.9709
11.6872
10.5129
9.39779
5.74611
7.91743
6.86204
8.73824
9.02223
8.28142
6.6918
8.44319
11.0586
7.3735
13.5349
14.2643
13.1718
10.2605
11.0787
11.0519
12.9801
12.285
10.6318
14.3021
11.5354
9.65508
5.51202
12.9828
13.9834
6.9042
6.70315
12.49
13.6992
14.4247
9.0179
9.00736
12.8916
13.0427
12.3999
14.5392
8.43276
11.6373
11.4018
10.3405
13.0205
14.5052
10.4078
10.1044
7.44623
4.07384
14.3329
14.3289
14.5406
11.92
13.9968
14.2649
11.5981
11.8961
9.18213
14.8781
10.5699
5.87237
4.73556
7.63698
9.88829
8.28427
7.94064
14.6813
11.2367
14.5781
12.1239
8.77465
12.7855
10.1535
7.62839
13.9281
11.1388
10.3321
14.9191
13.8356
6.13125
11.4739
14.3814
13.8226
9.14756
12.3662
9.13058
5.52292
8.65443
10.0123
6.45146
9.91365
10.8917
14.926
7.31793
7.99063
7.96489
10.6843
13.129
7.36436
11.3852
5.48283
10.1354
14.86
13.4852
12.9137
14.5605
9.22716
10.9341
8.61629
10.1982
12.6005
12.9762
13.996
13.3479
5.71194
6.01069
14.1794
10.6107
12.6205
13.1753
10.1861
7.40622
9.93456
14.7894
14.023
10.874
14.4027
13.7168
11.6353
14.9324
13.7411
9.60523
10.2869
10.7536
8.95765
10.8435
9.01558
12.8973
11.0059
6.2383
10.2472
14.7125
9.78757
11.883
7.7657
14.0821
14.6405
9.59916
6.35399
10.2524
8.67499
13.7365
13.2796
10.5598
10.7751
14.8643
12.439
5.74828
10.0892
6.49964
14.5001
9.69859
12.8613
11.6948
6.78688
12.3633
6.35975
9.67708
12.1574
8.49044
7.74101
9.68156
10.77
11.9931
9.03319
8.52545
5.15248
6.76582
6.51061
6.11691
14.1282
14.0712
14.8848
9.39607
9.86486
8.78516
7.55793
11.0775
12.4796
7.41801
6.30945
5.53015
14.7725
10.7796
9.46384
12.3404
8.84709
14.143
14.7767
6.69993
4.60473
12.0387
10.4646
9.72062
7.35074
9.40232
5.5383
4.72609
13.2321
13.8668
12.5891
10.433
11.3515
14.7614
6.97946
14.2521
9.94229
8.40717
11.0291
4.37956
12.9064
8.30291
7.98346
9.81252
13.306
12.7245
6.15437
9.73549
12.122
12.153
13.6088
7.37782
9.80312
10.5656
9.89088
11.6356
13.4232
8.06049
5.3088
9.8226
14.3871
11.4217
12.8604
9.35337
10.3827
10.2649
14.8123
13.7333
5.93193
6.50644
14.6406
12.943
14.2017
6.1308
8.60156
5.5225
5.53812
14.8666
14.7727
11.7016
9.4781
6.08386
5.85972
9.37567
6.39729
14.0011
12.6632
12.1711
10.4513
13.1572
10.0277
10.628
4.62044
12.4782
9.28575
4.9321
14.3456
12.8568
8.55962
8.48335
12.0076
6.73175
10.2446
13.3316
11.5988
10.3073
11.337
8.47909
13.9134
10.3347
5.51292
13.5521
5.76898
11.4107
8.18378
14.8734
12.036
13.9037
6.89
12.3919
12.8083
11.6458
10.8956
11.1064
6.23691
9.1996
9.13944
6.0791
8.59008
12.4659
12.0623
10.9063
11.649
9.52473
12.3608
10.4403
11.6046
10.2019
12.6975
8.51404
13.5173
10.5612
6.16255
11.9385
14.8542
10.2485
10.5455
10.6221
12.3632
9.43719
12.7338
8.36522
14.7484
10.9208
5.34562
13.5525
9.00974
9.83462
12.8619
10.4647
13.4907
7.55111
14.1789
12.7244
14.9901
11.2982
11.4988
13.0308
13.8169
13.3585
13.7598
8.69149
5.91
9.72011
8.11746
12.7179
12.9749
4.07157
8.24284
11.5716
9.75066
10.275
10.6807
6.89966
11.3052
9.49442
10.2202
9.06234
14.3389
14.9823
6.09581
8.7787
11.667
14.0217
5.29401
13.8165
5.60223
9.85565
8.99149
13.3389
14.0177
10.7192
12.9641
8.83462
10.9866
10.6712
12.5047
6.09143
12.8341
12.952
9.41205
7.70946
5.65181
7.5007
13.7126
12.8145
10.0502
10.2234
11.3976
13.0848
9.47657
11.7669
9.8531
9.18336
13.6761
7.37399
12.1941
9.25415
6.37159
13.3885
11.2077
8.87208
9.95793
10.2998
13.3014
13.9591
10.3609
10.8012
10.4508
8.92979
14.8401
14.7729
6.33113
6.81477
10.3488
9.68292
10.1214
9.74358
10.2624
12.7292
8.29444
9.63219
11.4204
6.58397
7.5301
10.3194
11.3204
12.1289
11.8727
10.0926
12.8864
14.9782
12.3618
13.5842
10.1
12.6319
10.554
11.1532
9.43173
10.9323
10.5727
14.5519
10.3663
10.8184
11.8318
6.07462
9.8287
13.3302
14.5486
14.5194
9.19368
13.2222
7.60346
11.6922
9.27861
10.9361
13.5516
10.3909
11.0794
9.84765
10.381
8.81911
6.29609
6.29207
12.6266
14.5347
13.3811
8.3118
10.7329
10.8369
6.23434
9.23508
13.7574
9.76164
7.18974
13.2164
10.2883
14.2974
11.4859
11.5821
14.3609
14.5297
11.5766
8.71496
14.9385
14.8292
9.47953
10.6929
13.5516
10.5831
11.3807
14.8887
12.4187
10.5009
12.3545
6.07656
6.95977
11.7031
8.37492
13.9979
13.7816
10.5174
6.10942
10.7714
11.2164
5.61314
10.8814
6.12662
11.4587
10.5351
14.0668
13.3415
7.31699
9.00677
13.5991
12.8052
12.2936
12.7265
7.519
5.84303
8.83084
10.3949
11.9706
11.0731
10.4267
14.9697
11.3627
13.8019
10.3771
12.7117
9.97396
10.4103
14.6992
10.5099
10.7339
9.77627
11.2804
14.8014
12.0736
5.57705
4.92101
9.20598
10.4326
13.0061
12.5359
7.4079
10.3588
10.3718
13.0256
14.0017
6.7957
10.7316
4.55767
8.74989
10.0165
7.20193
12.7346
13.7505
12.7906
14.053
13.2754
14.6423
10.2013
8.59237
12.6887
14.3244
8.6195
10.049
14.6645
8.41468
14.4594
13.7096
6.26198
12.7905
11.1817
6.15395
11.5844
14.3182
11.1494
14.9068
13.2343
12.0447
9.81899
14.7949
8.56062
11.505
10.7613
13.285
5.56201
10.6273
9.86116
8.21569
13.3212
13.1896
11.5265
4.73714
10.0438
9.07714
5.89097
10.9654
12.6391
12.1143
4.39461
13.7408
11.8799
10.6324
9.291
12.6475
14.9951
5.72648
14.952
13.8417
8.07055
6.23779
10.7502
11.8893
13.8489
10.1716
10.8417
10.4986
13.3221
11.9527
11.804
13.9596
12.1988
12.493
9.82219
13.6222
7.10389
11.9472
13.9583
8.42137
8.54539
5.71664
11.1816
12.5343
12.3393
11.5523
14.7653
13.7693
10.5056
14.524
6.16629
13.5941
10.907
11.532
13.2994
9.92369
10.4722
7.10473
13.6349
9.61669
5.19426
14.9857
13.8236
12.3074
10.2065
10.2921
14.0214
11.0934
12.0708
9.3734
11.5709
10.7618
8.61506
10.2071
12.3046
10.9415
7.35735
10.0222
9.91423
13.1009
7.7223
10.5661
13.8478
12.1143
9.79305
13.0802
11.958
10.9965
10.0627
13.3058
13.8322
10.3861
9.76488
9.09545
7.63828
13.5758
11.3449
10.1258
5.6887
6.06755
8.57387
12.339
9.28447
12.6591
8.50553
13.3566
12.2453
8.7148
9.6147
12.3203
14.7459
6.6741
12.664
11.4981
9.12369
10.1339
11.6691
12.2883
12.9687
10.7462
11.6704
8.35276
9.06056
9.20609
6.334
10.928
3.81113
6.47215
9.96004
13.2327
12.2134
10.6656
13.4791
13.9706
11.4539
5.46734
14.8262
13.6147
7.94512
8.84446
9.81291
14.2479
14.703
10.3411
12.3048
8.46845
11.7514
12.3156
5.39896
11.6102
10.0153
10.3736
14.6477
9.10213
10.5377
14.7197
9.56992
10.1406
8.63999
14.5935
11.5315
10.9778
14.1926
9.9601
6.04205
14.1563
11.8318
11.3895
10.9328
8.49391
13.0592
10.5938
6.45229
14.2395
10.6379
9.97724
10.3549
5.17273
7.1738
6.25238
10.2011
8.70927
5.93762
8.7422
8.83193
10.7646
7.91367
13.1121
11.9025
10.924
10.5455
10.6895
11.6757
8.10052
12.9995
6.57643
10.3295
11.0169
10.2969
6.25584
10.0346
11.4697
12.7308
12.5194
14.1268
10.614
11.1985
13.3871
14.4317
9.16584
14.303
13.1005
9.89758
8.54374
7.06275
14.9823
11.9668
11.1605
11.9444
12.6423
11.1868
12.1472
12.3993
6.19455
9.03998
5.25883
5.73944
11.4548
13.3038
10.0414
13.1942
13.3898
13.9534
12.737
14.4888
8.81157
11.2828
12.638
7.59421
13.4966
10.4611
11.1005
10.9254
14.3742
12.847
14.3056
10.3473
14.1209
14.9103
9.92497
12.5606
12.1999
11.2483
11.2592
6.2508
10.0986
14.8299
10.9003
6.97048
10.906
8.60725
9.74259
13.7705
11.2777
9.8075
10.4011
14.0382
10.7753
10.9826
6.31343
10.1149
10.9459
11.7806
10.8334
13.7647
14.8439
8.31082
13.2117
7.94146
11.5568
12.5651
14.4642
9.9545
14.4275
10.7363
6.11038
12.1659
14.1665
10.6806
14.3088
8.55145
13.7882
11.608
12.083
6.51344
10.6937
12.6387
14.9511
14.7333
14.7408
7.13258
13.0906
7.92798
11.6249
14.1738
10.4649
6.13615
8.30787
14.086
7.81643
14.0181
14.6482
14.4818
13.0289
9.1873
12.5197
13.5206
8.07791
9.08973
11.2308
14.3049
13.7716
12.7417
14.5417
6.34765
14.8961
12.9187
10.1649
11.5196
10.8102
12.4507
14.2091
14.2439
13.4444
5.48048
9.2997
12.531
14.2072
13.9607
5.98818
10.3516
9.82961
5.59982
11.573
13.0659
11.6263
5.6491
13.2817
5.26724
4.56181
11.4637
12.5471
7.68764
10.5568
14.9414
11.4908
6.42675
7.70632
8.3789
5.12792
9.89177
12.8582
10.3936
13.704
12.6265
13.327
7.10062
7.38652
12.3342
13.6511
9.79818
11.739
11.3476
13.284
10.7621
6.27546
10.6155
8.30238
4.98299
9.2779
11.716
8.06833
8.5517
10.1537
9.2293
14.2186
12.8544
13.7725
12.2298
13.8698
6.49916
9.1709
13.9556
14.6468
6.20204
7.06344
12.4568
10.9389
14.182
14.851
13.9799
10.7066
8.41707
9.77539
5.79793
11.666
9.12405
9.95926
14.6708
4.66637
6.29933
14.4318
5.73685
5.98192
11.6742
14.9464
14.3613
9.79054
8.95362
10.2362
6.31643
12.2345
9.06932
11.5791
12.9564
14.6656
12.7238
10.0695
9.87263
10.2434
6.23629
11.5279
9.25007
11.2928
9.50657
5.30255
10.8124
12.9829
8.06329
13.6507
13.0843
6.50844
10.4429
13.5978
13.6921
10.2854
14.6151
12.7035
10.2978
8.84742
11.9066
10.9823
14.7477
14.8299
10.2431
11.9294
12.5309
11.7811
10.9858
14.449
13.8044
10.8058
11.735
13.9261
11.4236
13.9905
14.2126
4.30339
13.6258
14.2696
12.243
13.0312
11.9433
11.8101
11.4753
12.7336
9.509
8.83521
14.9996
13.7616
13.0817
9.71393
6.26758
11.581
7.41131
11.143
5.81924
11.2676
10.3066
12.0943
8.31851
9.82057
9.89638
5.20779
5.4094
6.67107
12.8265
14.0449
9.96329
10.2529
13.4205
13.45
9.10745
13.0672
10.0708
9.74616
5.76249
4.72986
10.2901
14.546
12.9609
7.66611
10.3661
7.2236
11.1027
12.1825
6.80508
11.9847
9.79263
5.58345
5.85748
10.1881
13.8779
11.1545
12.3404
6.58263
12.2081
6.15716
5.7214
10.5721
10.3307
13.1721
10.8143
14.6988
8.94631
14.0067
5.80416
13.1374
11.5911
10.4883
10.9824
9.58627
8.99646
7.21056
14.7675
12.6695
8.69561
11.6768
11.8548
8.39468
14.4995
14.7057
11.1537
9.87142
7.88273
9.92465
11.1865
10.5845
8.72629
12.6859
12.3542
9.7774
5.26417
10.9075
8.18989
5.70477
5.03535
8.9791
12.2403
14.3836
4.76453
9.95869
9.59682
12.18
13.8842
6.22681
14.9813
10.1649
12.8036
10.1844
11.2273
9.10704
10.7058
8.08416
9.86513
13.6612
11.5043
10.4596
9.1323
8.7798
5.95784
11.8495
