9.80315
11.9388
11.6487
13.6237
13.1175
14.7112
8.62478
11.1222
10.6477
6.16842
13.4395
9.17627
11.3484
9.6159
7.89374
6.22822
14.1291
8.48858
9.56884
11.0935
14.8054
10.2333
12.7659
11.45
14.2447
10.0085
8.28135
10.177
11.0716
13.8566
10.3322
14.2
10.1654
12.7115
7.11299
14.6079
10.3242
11.7949
9.07726
10.3423
11.0665
7.395
12.5394
4.76827
10.675
12.0075
4.73398
10.8647
10.466
12.9396
13.3505
11.946
11.7635
11.3286
14.8312
14.7619
6.39327
5.49068
12.7665
4.30043
9.56986
6.30913
14.7748
13.9439
13.9599
11.2532
12.1294
6.9123
13.7092
12.9202
13.7909
14.1579
6.98387
13.4856
14.2559
11.078
10.9661
12.4166
14.5667
12.6829
6.34319
10.819
10.5159
8.82789
13.8892
5.71519
4.75057
12.5592
14.7671
10.9065
13.6631
9.91415
10.0666
14.0271
7.07302
10.4387
9.55645
6.495
9.80843
14.9118
11.3925
11.3404
7.69907
7.4104
12.1139
10.7649
13.1611
12.8815
9.00909
6.38451
9.08412
9.42551
9.76037
8.66705
14.4052
13.5631
11.4572
10.188
13.6403
10.2274
12.1577
11.3078
10.4986
13.4068
9.4686
6.07333
12.3266
11.75
13.7275
11.5788
14.195
9.23185
12.5557
7.00225
12.7808
14.8047
12.9917
9.9324
7.50669
12.5789
12.3167
13.0141
10.0419
6.88336
14.9911
13.1825
14.0182
13.969
14.7503
6.30418
7.08426
10.7901
10.4181
11.7396
12.1866
9.34719
9.58105
10.0899
13.3399
10.3364
12.1764
14.9207
11.5593
9.67246
10.9829
8.77065
10.7547
12.2239
10.6948
11.6977
9.44685
14.4306
12.9155
12.7544
10.9065
13.9306
6.45985
9.73663
9.44003
9.21482
14.1776
14.2051
10.4352
13.1645
13.5484
12.5207
13.5118
11.3336
9.95156
11.741
10.2973
14.9296
5.95659
10.2799
10.4083
6.16116
10.7555
10.5132
6.15598
10.4311
10.3564
6.18957
10.3708
10.2095
6.07012
10.5077
10.7438
6.22888
10.6289
12.0651
10.1029
6.57987
5.83639
6.19358
5.76119
12.0192
9.65469
11.9711
5.91324
10.3001
9.57319
12.6516
7.26955
5.73772
12.5703
11.4315
10.2432
10.4812
10.8795
13.4086
9.64132
7.80764
12.7661
14.0709
14.247
11.0913
7.28943
13.866
10.9161
13.2816
5.47162
8.88318
11.23
13.1292
14.8269
14.6774
6.45988
13.0405
11.6927
4.4659
12.8926
10.6385
11.1508
11.386
10.5407
7.10547
8.73811
6.41193
11.1483
11.274
10.727
9.9775
9.33326
12.3981
5.3451
11.866
13.7066
7.20481
7.44164
10.9758
12.7207
11.7045
9.99351
13.548
6.63924
14.4634
5.72448
14.7539
14.5812
10.0457
9.61784
12.771
13.447
8.50846
11.8412
10.0295
13.4199
14.7585
11.4183
13.6768
13.7775
12.8793
12.3368
10.5774
13.0684
14.8333
8.77298
13.2323
13.8077
12.8668
5.63288
13.3678
11.3001
14.7645
6.38306
14.5375
13.5665
10.5484
13.7913
13.0617
6.76283
5.71019
10.0841
13.9421
10.5721
12.9054
12.6389
9.45018
14.8688
14.095
10.2225
9.20145
10.6973
6.50114
9.80662
14.1568
10.9699
11.4861
14.6602
12.898
11.4913
14.3892
14.567
13.9914
13.0351
12.4711
10.8287
14.6381
14.2729
5.57486
5.32534
10.131
10.2303
10.435
11.5414
13.9118
12.7905
9.05375
5.72306
11.1641
8.82759
4.1012
9.85826
6.69329
6.78985
9.92967
11.9235
13.8066
9.03613
10.2859
9.43346
10.3241
9.05932
5.8183
5.18516
10.8473
12.9982
13.4944
12.3304
9.25037
10.8456
11.416
9.61144
9.2008
9.32112
10.7538
14.392
14.1823
10.4305
14.8633
6.12721
10.6351
5.48935
12.1305
9.08918
10.1038
11.0509
10.709
11.7872
12.2996
10.6491
12.9947
7.16008
7.48812
9.42959
11.6354
10.2642
8.7564
13.0643
11.1752
12.1787
13.357
10.0492
11.9789
11.1348
8.28583
9.83677
11.1158
10.4517
8.48775
10.7524
11.6666
14.0115
6.22763
13.0875
11.3858
12.0138
10.8311
14.3628
12.0289
8.24909
11.5127
5.09634
10.1986
14.3884
7.56094
4.96345
11.8157
14.5291
9.58264
13.9131
8.93226
11.2886
10.6406
10.2443
10.8196
6.81408
14.4096
14.3352
13.9594
6.8954
9.07137
13.5575
6.57328
6.96073
12.5077
12.7443
11.8388
11.309
11.5502
11.5854
10.1647
9.4326
5.96268
12.3711
13.2159
9.86774
14.8336
13.9505
5.43029
11.4031
10.4498
9.76891
9.44792
7.60104
10.6331
7.72608
11.0895
11.193
6.74875
10.6471
10.4124
10.1886
9.73502
12.4261
9.53614
9.77982
10.0029
14.9839
4.2598
12.0997
14.0551
12.9392
10.2942
5.98794
14.6375
11.466
8.90117
12.3024
9.1161
10.95
10.8798
6.36802
10.0072
13.0214
11.2406
14.4047
10.3687
10.6973
11.1968
5.37052
14.9572
10.7509
12.6638
4.41389
8.95387
8.83765
7.68929
9.6197
13.4202
13.1175
13.2569
9.82806
11.3309
12.805
9.84443
6.28381
11.3585
14.7463
12.7229
12.4264
10.0935
10.3076
10.5248
10.5384
14.3031
12.3377
12.9794
13.9068
10.7908
11.3836
10.6873
9.64622
10.8449
9.41447
10.4642
7.77423
14.9653
10.8125
12.063
11.1171
5.99955
10.8529
11.7415
12.2347
8.2967
10.924
12.7148
10.7919
9.87197
14.5623
11.5177
8.39087
7.74347
14.4645
9.98966
13.921
9.64848
9.74987
12.3166
11.1922
8.34467
13.843
6.30156
12.8966
10.7731
10.8468
10.6932
14.3698
14.6822
12.8585
5.86502
10.9341
11.1802
9.51336
14.438
10.0731
13.193
12.4597
13.6274
10.951
9.66023
11.2654
13.6973
11.8227
12.4042
14.2239
5.98706
11.1816
11.5967
10.726
10.3858
3.48038
12.1168
11.4765
12.5415
13.9706
12.2063
12.2845
6.66918
9.74385
10.6977
12.2738
14.1297
9.87209
10.8418
10.8828
9.48703
14.6961
10.5399
12.4186
13.9507
13.5119
6.18012
12.0027
10.3064
9.78105
9.0708
5.67864
8.75046
5.66798
13.9201
12.2928
9.16173
10.6267
9.84502
13.0665
12.3794
14.3499
12.2271
12.5509
12.0059
5.86507
9.98193
9.63
13.3934
12.9607
9.63585
6.76026
5.09667
14.7274
9.82177
13.8485
11.6004
13.0118
14.4228
13.369
14.6745
13.5451
10.3798
13.8533
13.6377
10.8393
12.3025
14.7062
8.18655
10.9808
12.1137
14.5824
5.97935
9.9774
13.8836
6.76658
14.2085
14.3626
13.4135
13.6926
6.81226
14.7607
14.1864
14.0187
14.3705
6.39455
12.8501
6.79778
12.9412
10.78
12.8323
14.819
4.56079
14.9753
12.1764
13.8239
11.9286
9.91215
9.97247
14.2247
12.2571
8.43192
13.9722
10.7647
6.27075
11.3355
13.2423
12.1196
9.63591
12.8863
11.3596
6.05512
14.1817
13.3573
10.1514
9.09386
8.66224
12.1957
14.803
6.09541
14.0282
12.6504
9.63183
8.59373
11.2445
9.59771
14.4357
13.236
7.66688
11.6743
9.34971
11.8375
5.13275
13.5749
10.975
13.7917
12.6931
11.1636
9.71787
10.9756
11.4258
10.9708
7.14421
13.457
12.3808
13.2431
7.13647
5.15145
11.6127
8.79955
11.6572
9.54188
10.1895
13.7765
11.2062
9.0102
12.2659
11.1977
10.6677
11.0595
10.9533
13.8629
14.1653
7.94046
12.0056
11.6664
9.76942
12.1489
5.42528
4.52614
10.0589
9.76968
14.3377
10.5707
7.46334
4.88364
14.1981
6.25293
11.5221
10.5111
12.2848
8.75353
13.569
14.5064
10.3532
11.8966
8.21551
8.07492
11.6842
13.4636
12.1379
6.48268
11.2725
10.6838
9.52989
6.3023
11.203
9.7763
12.9617
9.43339
10.8566
11.0487
14.3085
14.3915
13.4017
11.391
11.4906
11.9755
9.79957
12.8848
14.7343
14.4232
14.2386
8.0789
10.455
11.0151
13.1089
14.061
9.59908
10.7679
10.4655
9.29888
12.7313
9.13587
5.85113
11.8627
6.84857
11.8601
12.3363
13.0859
8.6088
13.8294
13.5723
8.74398
12.5262
13.2447
12.6112
10.762
10.3305
10.9292
12.0269
13.7762
5.65758
13.9275
10.3179
12.6185
14.5242
13.7351
12.6153
6.50011
11.7856
11.9007
11.3056
10.4387
5.53627
9.03002
8.44182
9.53494
10.7607
13.6712
6.64519
5.59349
9.75846
13.9739
12.1368
9.77563
12.4746
14.787
8.37721
11.0471
9.07822
8.07252
14.4366
10.8635
14.3524
9.61052
7.52483
9.92272
6.99621
5.47633
10.1651
14.3106
8.47481
13.2964
13.58
6.23235
12.3845
8.29796
8.75975
11.8346
6.14266
9.00889
5.72232
7.64641
11.7508
9.75694
14.5475
12.609
12.9806
11.2081
14.4613
14.9224
10.8487
10.6106
10.3179
6.74942
5.7093
9.98302
6.02728
12.0708
13.5306
13.1532
5.91436
5.65581
6.39333
10.3449
6.36831
10.8736
9.90598
8.37239
9.86438
9.95023
13.2816
8.30034
9.38697
7.27629
14.4862
7.63984
12.2752
10.6455
7.35208
9.98578
14.8464
13.6989
11.3304
9.21341
13.764
12.3035
14.9002
11.2059
12.0573
5.44916
12.1884
10.5846
12.1023
11.726
10.4382
7.32646
6.04268
11.4128
10.8807
8.62251
9.87756
10.586
12.3297
9.34988
8.04623
14.1838
14.1255
11.626
10.9875
9.64869
12.4989
5.95519
6.18301
8.81674
8.66723
14.6807
14.7153
12.1585
8.42328
9.43613
10.3357
14.1001
6.31173
12.2333
6.14992
10.815
10.5264
6.20499
8.25393
11.3823
5.7284
10.1789
12.1264
14.6496
9.97479
11.5189
10.3421
12.1595
13.8906
7.75516
11.1503
14.3674
12.0025
11.9076
11.2438
11.3992
13.231
13.5151
14.9694
14.4668
12.0023
14.03
12.2576
9.25076
12.7415
14.6177
9.5767
9.49631
14.9103
10.166
6.07298
9.60154
12.6835
14.6807
11.5719
14.0063
6.88115
11.2202
9.43758
9.54259
14.081
13.7996
6.05961
14.7687
8.54901
5.99637
12.7491
9.32559
13.4919
14.8837
10.3229
14.537
5.3267
14.5203
11.039
14.8749
14.0272
12.7599
11.1003
12.6139
8.93347
13.8322
10.7209
10.1986
14.0414
14.9862
8.75875
6.36432
10.8569
6.64709
6.9927
12.9775
9.14135
8.78132
7.26607
13.7636
10.9841
9.53855
10.3672
5.52561
5.02278
11.9655
13.3893
11.9265
9.63949
14.7959
10.1186
13.2885
8.8876
13.5589
14.2193
10.4616
9.40282
10.5426
9.87175
14.1557
14.6872
9.77358
11.5788
9.78334
6.50608
11.1585
10.3831
12.4828
5.98868
14.6108
11.5229
8.04762
11.8585
8.14103
12.9381
13.1004
10.4403
11.0539
8.84993
5.63734
10.4784
6.5451
9.9237
11.532
12.152
11.7555
5.71424
10.995
13.3407
14.2673
9.86029
7.24994
7.15403
5.97536
14.2443
11.2537
10.2196
13.1672
13.8502
12.373
13.6136
11.8179
8.58969
13.1838
14.8417
12.4288
10.043
14.8313
8.73927
6.1753
9.79889
11.1773
8.22045
10.0044
12.5748
12.2056
8.8249
8.64028
14.3694
10.6173
10.5161
10.8672
12.0925
12.9833
14.0887
10.522
11.2865
13.8035
14.9047
14.4073
12.637
14.9471
7.32007
12.0389
12.2154
12.9453
10.0679
12.3062
11.6676
8.39618
11.4651
9.91263
8.87547
5.98845
9.58399
7.09988
11.2716
6.1698
11.6867
14.3319
14.8525
10.2747
8.54417
10.6278
7.0739
11.6104
6.2564
7.11483
12.3257
12.0635
6.60528
13.1795
14.6861
11.9037
9.56919
11.328
8.95285
14.7459
12.7015
9.65684
10.8513
12.5051
6.18419
8.38094
13.2626
14.735
12.8547
13.0721
12.1387
14.7139
14.7322
12.2024
6.70556
11.8569
12.0054
10.9246
10.5535
12.0401
11.2089
11.4853
14.4018
5.64628
5.39772
8.94849
11.7613
14.2693
8.66835
6.01096
5.31077
13.3231
14.5161
14.4949
8.62774
13.2075
9.8368
8.85432
12.0787
14.7308
