8.69793
14.0327
11.9955
10.8753
10.6286
14.1532
7.89281
14.3738
9.75253
9.76778
8.64982
12.4497
11.0629
11.6152
11.1104
12.7591
11.1008
12.443
6.28683
9.12983
13.1628
9.87908
11.1364
11.3685
6.64208
6.08157
5.5886
10.2128
11.5813
12.2285
10.818
8.19669
7.26959
5.35235
11.9304
10.9825
14.5741
10.4558
9.72844
10.9073
14.8322
9.87888
13.3452
6.00975
10.9185
13.9888
12.2505
5.76122
13.1217
5.66655
12.0222
13.4116
14.9152
13.69
12.7916
14.6445
11.0522
12.1096
5.7333
11.4874
12.593
14.6019
12.5943
9.84763
6.25327
7.04415
13.1882
10.8795
5.44273
9.42606
14.8784
10.0914
8.72893
10.5251
13.6288
11.4479
10.9125
12.9231
9.31417
9.77648
10.3708
10.7228
8.85826
7.26849
11.8529
14.4796
13.9495
10.5101
13.65
12.1221
9.39855
13.9383
5.01953
11.5716
6.81515
14.1207
10.4572
5.55948
13.8851
14.7206
8.78783
13.6387
9.5095
6.60759
13.198
7.68791
12.6316
13.1902
13.8711
14.0118
12.9659
14.614
12.2656
11.1925
11.513
14.525
7.01906
11.9639
14.5302
9.25111
14.8083
12.0084
10.2031
13.5228
10.3219
11.6797
6.3157
12.7344
7.16807
11.62
11.3498
11.5954
11.0208
9.2821
9.5951
11.7988
8.75502
5.09152
14.2471
4.38734
13.5223
11.8592
11.9784
12.3845
14.8664
13.2769
13.2852
14.1175
8.73716
11.2491
11.879
13.2014
8.63659
10.8763
14.1835
11.7704
13.6633
14.4517
14.8103
9.35964
9.7596
12.9869
8.50706
12.618
8.87662
13.2191
8.16578
13.4507
13.7394
10.1432
10.849
14.3668
11.3097
8.90044
11.9307
10.9254
12.0373
9.4159
12.8063
9.77379
14.8354
11.9178
4.46096
10.7956
11.8446
10.2434
9.4738
10.9423
10.0689
12.6313
14.6627
8.7256
13.5678
9.91996
8.61425
9.91587
6.6132
4.65257
8.18223
11.2224
12.0373
14.9348
8.92264
14.2572
10.8242
12.8658
9.47176
5.80585
8.28046
12.0622
11.3491
10.7287
11.9871
11.35
6.46482
7.83441
11.2362
14.9326
11.7668
9.71146
10.319
9.61613
12.2305
11.4113
8.71308
7.75225
11.0839
13.8869
14.4603
13.5447
9.6369
11.5365
12.503
9.69754
11.6781
11.5224
13.9762
9.40634
14.3226
14.5493
11.037
10.2461
11.2084
10.2537
10.8242
10.0605
14.996
12.141
5.65047
12.04
13.5388
14.0564
9.03361
12.5664
14.7653
8.23996
11.8242
8.75922
9.45398
12.2685
10.5086
10.6334
14.8674
5.82301
11.3954
12.4279
5.32129
7.07885
7.26985
10.6774
10.8523
11.0795
9.78584
11.2136
14.6982
9.0935
11.0259
14.1044
14.536
13.8859
11.1033
12.127
7.16667
9.01162
11.0155
10.172
13.3663
5.52551
10.5063
14.9135
9.9839
12.2702
12.7808
10.2677
14.0407
14.599
10.754
13.8204
8.50875
13.2635
11.49
13.9424
14.3431
13.7575
6.91083
9.31626
9.51898
14.4889
12.0917
10.4151
12.1218
8.24414
8.84838
14.9445
11.1476
11.9706
7.37701
14.7654
12.6223
10.3875
10.7357
10.8229
12.2124
13.3946
9.82604
10.4529
5.73195
4.46937
9.44012
11.002
12.3902
13.7201
10.8188
10.6459
12.0149
13.6043
10.4582
11.882
5.92163
4.58477
11.2401
12.5984
6.34399
10.7594
10.857
13.8586
12.4162
11.0102
10.2866
10.662
7.91361
12.3286
13.0174
12.3703
13.1411
14.7282
11.5822
12.8808
7.60272
11.4316
11.3581
5.584
11.5227
10.9313
10.329
7.45719
10.2305
9.33609
7.53486
11.8359
8.78337
12.5269
12.8571
11.0569
8.46734
11.8291
11.7913
10.4561
7.30057
5.459
10.0472
13.6947
12.52
14.7874
13.3742
9.43627
13.7925
10.4563
14.7775
14.4404
13.9587
9.49183
9.98922
14.0775
13.4186
10.6002
12.4322
11.9671
7.63963
14.6532
8.67984
14.3574
9.99559
8.23289
11.2282
9.46617
9.60043
9.28545
8.70963
7.13283
13.8766
8.12166
9.56891
9.04364
12.2559
9.85612
10.3145
10.823
13.0137
5.60176
5.69602
9.69298
5.0815
6.12556
10.2228
12.3809
14.9082
13.2408
13.9527
13.9566
4.45384
8.83198
8.57154
5.5007
6.10741
9.77593
10.276
11.1055
10.3187
13.5396
9.22928
10.623
10.4393
4.23193
10.1525
10.4777
14.4417
10.3381
6.01748
13.0997
10.3265
8.12605
8.02187
10.5958
10.373
11.7457
12.6205
9.75267
11.7793
9.87069
9.06843
11.9244
5.56075
8.42797
11.4515
13.6782
14.3417
11.03
13.0846
14.548
14.5572
9.19186
8.95698
11.5552
9.93072
12.816
10.2853
7.09356
14.4641
8.48267
5.36613
10.4956
9.59178
10.3987
8.63828
11.0464
13.6627
13.575
9.88181
14.6605
12.7511
9.6527
12.0593
10.0722
14.2702
11.1979
12.3546
13.5033
12.9788
6.37872
10.8263
13.4107
6.38193
10.1652
11.2304
11.1812
14.4669
12.4814
13.618
11.9058
14.9671
13.3738
12.8386
10.4573
14.6698
10.8408
12.2533
14.1956
5.45378
6.49122
14.3881
9.60563
13.3784
13.9233
11.4511
7.64449
10.6906
12.2355
14.0205
5.41589
6.50337
13.4633
5.58156
13.7233
12.9327
13.7785
7.03473
10.91
13.9152
5.40005
11.8871
8.86483
9.83382
13.4121
13.3567
13.5253
10.5892
13.3427
14.3918
11.0711
8.28222
13.6561
13.2169
10.1288
10.9536
9.93217
13.5591
13.3829
9.03732
8.69277
11.0703
13.9513
10.8574
4.38072
6.3334
8.99736
9.79883
9.55653
12.2557
5.89216
11.173
9.54681
12.857
14.3447
5.63647
14.086
12.3056
10.3286
13.9267
9.90458
12.6237
10.917
6.07502
10.203
10.3563
13.8636
9.53115
6.35364
10.1816
12.8241
6.84022
6.49976
12.5235
9.99972
8.7008
12.9994
12.4551
6.2995
10.2119
12.0684
8.47639
12.2726
14.1057
13.7797
11.15
10.3351
8.83922
10.5875
11.803
11.7089
12.0038
3.77846
7.34127
14.3337
13.339
13.6977
13.7243
5.58094
8.61496
9.06842
6.86043
9.91155
10.3005
12.7335
13.0242
14.4945
13.0456
10.7669
13.3306
9.28335
13.7008
9.03291
12.0009
11.8689
9.55517
13.7403
13.8566
10.6278
10.6282
9.86662
9.61243
14.6965
9.71747
9.65009
14.2272
14.5736
10.0854
5.55672
13.0197
11.0796
9.7626
13.9038
14.5116
14.6142
6.74319
10.6282
10.0443
5.3803
11.2356
6.97256
12.0011
11.9665
10.6077
5.90684
11.8226
10.4543
4.4994
12.1988
7.05933
11.7854
5.50669
14.4712
14.2196
11.465
8.94401
13.3508
13.7197
11.2074
11.3325
8.41705
13.7094
10.5625
12.2608
8.57319
10.2791
10.0691
12.7501
12.28
14.8691
6.99639
13.1325
8.31734
11.5578
14.0434
11.692
10.0136
9.2838
12.0074
10.5589
10.3856
9.47598
9.43237
14.137
13.8681
4.85402
5.75943
5.38943
11.8766
10.6804
13.646
11.9306
4.98561
9.80459
11.9996
10.0207
13.7855
11.6
5.90624
11.8619
9.07628
6.01056
12.0687
13.243
11.877
14.5934
7.55571
8.625
12.6481
8.31374
7.48268
11.4325
9.00057
8.58656
13.4901
14.314
14.2299
14.3757
11.8913
13.4738
7.282
7.0309
13.0942
8.2342
9.96012
13.8021
12.7912
13.7768
8.71732
10.2232
11.4143
10.4313
12.0253
9.09839
10.9934
6.31023
11.3891
13.1312
5.17911
13.6482
5.17427
7.95364
11.8116
8.271
7.07435
13.8422
11.3764
9.79195
13.5945
10.6178
14.8513
6.41007
10.092
11.1245
8.73609
9.64218
10.9858
14.3427
11.9851
7.14456
12.0861
9.85052
10.2643
12.2018
10.8781
12.7906
14.1873
9.62886
13.2494
9.66123
4.91466
12.422
12.8475
9.41354
8.34982
8.53857
6.70774
12.4445
12.8323
7.67993
8.3287
6.51344
14.6032
14.6391
12.5015
12.8918
9.63978
9.91951
14.9316
14.6987
12.8041
13.1373
9.75094
9.82442
11.9133
8.13905
10.9084
14.9844
9.39542
11.5671
9.70303
6.87555
14.8913
6.0641
8.9014
8.92496
11.4862
9.19391
11.2404
11.7523
12.3762
14.132
7.19655
14.3153
10.2441
6.65944
10.8406
9.35283
13.4596
11.3565
13.4599
10.8543
12.5261
11.2683
11.4691
12.8786
12.0729
14.7665
14.0062
11.8037
12.5551
11.0713
8.49662
10.5796
9.07374
14.8368
9.61619
9.53589
12.4041
7.45033
13.6306
12.4061
14.7586
8.95397
8.50731
10.5097
11.7698
8.10432
13.616
12.3593
9.94413
4.22453
9.14594
11.4473
14.5047
12.8648
9.68231
8.71126
12.1095
4.93442
9.75863
10.0879
9.49891
13.9017
10.3445
9.84935
10.6543
9.34752
12.6997
13.8668
10.8261
6.05179
5.97684
10.0934
12.031
14.2761
13.4086
8.65174
13.7453
10.9851
12.5756
13.4776
7.43241
10.3341
12.2006
13.8539
12.3137
14.2124
14.9145
7.61436
5.91679
10.0741
10.2764
10.5912
10.115
8.12652
14.9963
10.3409
13.9771
9.20092
10.8277
12.6014
6.64742
5.09758
13.9096
13.6059
11.588
5.45688
12.3137
6.95165
6.34782
5.65828
7.16358
8.26564
9.84862
13.6931
14.0257
9.5807
13.4216
12.6307
8.41592
5.52528
9.29633
12.709
12.9096
12.8442
12.0598
5.88629
12.8226
12.0453
8.71903
10.4781
12.9719
10.0278
10.4028
13.7084
10.8236
9.75724
3.56598
8.26513
12.0122
7.05152
12.7143
7.12521
8.47192
11.3771
11.9357
10.3517
6.51217
9.53286
10.3197
11.3127
8.9256
13.2181
11.6659
14.6869
13.6345
14.4738
12.3211
8.50604
11.4878
11.0137
10.0805
4.28297
13.5507
8.83493
10.442
13.368
6.20667
9.20426
10.6294
14.5014
10.9138
6.71638
8.58115
13.0543
10.0499
14.3395
4.85117
5.85784
10.1716
10.6849
13.249
8.03663
10.295
10.731
11.2364
13.0899
11.1399
8.76321
4.80639
9.58369
12.3141
11.5385
9.99358
13.1797
10.2609
10.9419
13.2339
9.32831
5.6067
5.0989
4.714
6.01474
8.72375
8.68557
9.4001
11.7343
10.6067
9.41857
7.84052
10.5739
9.73488
10.3255
10.0896
10.3192
12.0951
9.70399
11.0236
14.0904
11.7075
9.70439
14.1941
8.66132
9.37364
13.8936
9.40237
8.42286
12.6485
13.2151
11.7669
5.20652
14.3754
9.80897
12.3719
13.6875
14.8146
11.5195
10.7529
12.2535
14.2423
5.57953
6.55766
14.49
9.96595
13.6325
13.9325
11.3552
7.57325
10.5786
12.1003
14.0082
5.3814
6.57812
10.6042
12.0064
11.7301
8.58913
5.69734
13.4728
4.22725
14.6524
12.0168
5.79803
5.34463
14.3666
13.091
11.9802
9.07333
10.5159
10.6823
14.3565
13.1365
10.2476
10.1109
10.7986
10.7954
7.22127
9.81457
9.76448
12.443
9.21322
12.5056
9.10809
9.17264
7.16035
7.21133
5.67016
11.8035
10.6507
13.7073
13.3621
5.71805
4.60709
11.0882
8.23525
12.4984
6.54073
6.50446
11.5328
6.20171
9.63952
9.82376
6.32179
13.3692
4.49972
9.60113
12.0169
6.17369
10.2889
8.50656
12.2373
9.73069
14.8312
5.40357
11.5961
14.1918
9.48605
14.2372
13.0558
13.0793
11.5985
10.8732
11.3333
9.66803
6.01844
12.0275
8.75902
9.21699
8.0594
9.20078
13.2746
7.90725
10.916
12.1192
6.71663
10.3976
7.1618
13.383
10.9026
6.0826
12.8261
9.29282
11.4797
10.2177
11.3165
13.1075
12.4064
10.1371
9.01691
13.1139
8.89066
10.5232
10.3434
13.8284
12.5692
9.89982
12.7488
14.7515
12.4864
14.6196
12.2541
12.2975
10.3109
9.97414
12.6325
9.97541
10.6983
11.7357
13.473
13.9768
6.89465
5.81219
13.8155
12.0676
5.75534
9.08165
9.90329
13.2266
11.6759
5.51438
9.04378
10.2849
12.4175
9.43471
13.0098
12.2775
8.52279
14.4559
13.7831
10.2023
11.1663
14.8981
14.2402
8.7061
12.8261
8.63818
9.0494
6.57446
8.42164
7.56853
5.8188
9.9031
10.6589
12.5538
14.0384
5.60483
14.9831
14.5923
7.1822
9.87069
6.75783
14.6686
8.9264
8.74719
12.1745
13.5112
12.8818
9.18854
8.98048
10.6591
8.13311
12.047
11.5117
14.5427
3.9943
12.8639
12.6063
12.1125
5.70907
8.60719
8.54903
10.1834
10.5417
9.02007
12.5875
7.90743
14.0911
14.0509
9.68479
5.95923
5.3395
8.64408
5.18428
6.39236
8.76713
13.1262
9.31748
9.90943
5.81816
12.0465
12.5782
10.6422
6.46528
5.40977
10.3505
8.84848
9.24425
12.2262
13.4323
11.938
9.35282
10.1191
13.9769
11.5821
12.4628
11.5511
4.07435
8.97182
10.373
14.9135
14.9132
12.5683
13.6502
11.0793
9.75623
10.3808
11.3519
14.7147
12.7274
9.64183
10.7881
7.35704
10.2038
14.2618
14.4095
13.8673
12.1692
5.78933
11.6202
9.7807
5.98924
4.90723
4.24445
6.18983
9.0065
4.70014
9.33146
12.0595
10.0327
13.278
9.37083
10.0145
6.2965
4.40805
5.80298
10.5405
14.5454
14.3987
12.3078
9.72416
12.9649
13.8407
14.3158
11.438
10.0162
13.4846
12.7917
12.9257
12.2888
11.4782
8.78369
14.2734
13.5317
12.5789
10.6654
13.8036
10.0999
14.8534
9.72994
9.21691
11.3682
5.99346
8.33939
12.4429
5.89006
10.9174
10.5142
14.4419
14.8878
10.2237
9.8859
12.3145
11.2098
10.2712
14.2939
14.7741
13.959
11.9263
6.02039
10.762
8.07555
12.004
11.5188
13.4153
12.5515
10.8961
13.5657
13.9901
14.5234
5.73171
8.51056
11.0062
13.8773
13.4937
10.9233
13.1582
13.6559
14.4661
12.0321
10.0338
10.3238
4.16349
11.1463
9.69906
13.4697
13.2492
10.5888
9.72975
7.85697
14.7554
10.3934
6.44429
8.8011
14.2092
12.1267
5.17477
8.28435
11.9444
8.78495
8.10096
13.3751
9.9437
12.949
13.4891
9.77325
12.5037
9.33804
6.08883
14.1021
9.34125
12.7005
14.2493
7.00869
7.86637
12.3738
10.813
11.3876
10.1297
7.90963
9.30087
11.8537
10.8433
11.1149
13.147
12.1439
9.95632
10.0022
13.52
10.0227
11.6292
13.9573
14.3258
13.8551
14.784
13.808
8.64011
8.43672
9.35181
13.1737
10.934
10.9533
12.5622
13.1417
8.58612
9.71244
13.4414
4.9828
9.25997
5.48532
10.6265
9.83792
9.7403
12.9831
11.673
13.6432
13.6618
9.25334
9.44461
14.1648
13.4263
5.98678
13.6745
13.7086
14.5829
9.43772
12.0152
9.18991
10.5179
11.5848
14.3488
9.37979
12.6018
10.2613
5.14591
9.02609
11.926
11.1184
12.8489
8.63252
9.0241
6.88192
5.64929
11.0175
13.1878
11.0992
8.32735
10.7971
13.0331
6.14578
5.11135
11.4355
14.1441
10.1744
4.15154
11.7128
11.3221
8.59753
9.45138
10.9896
9.04796
12.0703
14.5431
8.92742
9.87198
7.93449
7.13675
14.9478
9.99509
9.80949
10.7101
8.36303
13.9615
8.28504
12.3439
13.6546
8.27073
14.5833
7.81474
10.5342
5.75619
5.93034
13.1187
5.81559
14.6488
10.2036
6.57651
4.68709
6.17259
13.7569
11.0781
10.2217
12.347
10.0521
12.0723
5.70091
11.2241
6.64459
10.1709
13.2867
14.6897
11.8708
14.093
13.0624
13.565
5.75067
10.6243
9.99984
8.67079
10.2085
13.4758
14.6092
6.01011
14.2222
10.8352
10.0412
13.5936
11.7212
9.74968
8.85513
13.3353
8.70816
10.7297
7.29282
9.59534
6.79006
5.09202
10.3017
11.8404
12.554
14.1573
13.4225
10.6511
6.78159
5.03525
10.3023
10.6358
11.2234
11.7448
10.8193
10.3496
14.2852
14.759
10.9923
10.8486
9.3011
13.699
13.4518
13.7168
5.04826
10.3146
10.9494
6.00727
5.14391
14.6557
14.0814
11.3293
9.34915
14.6767
11.1064
12.6061
10.2552
5.92179
13.5054
9.18758
14.959
10.8739
14.0173
8.3457
13.6095
9.34897
10.0435
13.9469
11.4286
5.32178
10.1434
12.6691
14.114
7.08837
10.0727
14.5862
11.588
12.6119
7.51796
13.9654
9.70111
5.67228
13.3987
13.3022
9.79189
6.00791
13.0413
5.2142
6.17672
9.59172
11.5517
7.98417
12.4412
8.5117
13.32
14.5862
11.7257
8.76
14.9748
11.6882
4.5221
11.2029
10.3466
11.9001
9.84308
6.16742
5.47657
9.13009
4.78663
5.50698
7.93654
9.66694
6.00424
5.42073
5.09455
6.31666
8.75996
13.9004
12.1063
14.198
6.11124
10.8022
7.42532
11.1281
10.7475
8.14428
12.2886
5.39877
7.5211
6.09379
14.9222
12.6051
6.2587
5.61073
6.18178
5.65046
5.85601
12.197
9.90178
9.56245
14.7348
13.9415
13.5432
4.18171
5.6046
14.8119
13.3333
9.79657
11.7425
12.0618
14.8869
10.6932
5.7146
14.2943
11.278
12.3236
13.1497
9.85004
10.1934
6.29487
10.4075
7.2162
13.6815
14.6082
10.2249
11.8271
9.20825
13.8336
12.6992
10.1359
12.7496
10.0273
8.54755
13.8069
11.8043
12.5181
9.87335
9.50615
13.7839
13.0677
6.71847
10.1145
10.8849
10.9073
12.2067
8.46657
13.7941
6.0268
9.19963
14.4137
10.639
8.62393
13.7399
11.7196
9.43626
9.63748
12.1316
11.6859
10.027
10.6177
10.2156
12.798
4.41909
12.7231
13.6184
14.1365
14.0428
13.2694
6.27624
12.0145
11.6922
10.9289
8.61019
9.82125
7.56786
10.0408
13.9826
9.73981
7.75809
9.61239
12.7222
14.2151
14.5343
12.8313
8.6986
14.6069
13.2384
14.1968
14.8925
5.77494
10.3035
11.3626
14.1847
8.54213
14.3458
12.7926
12.7095
9.88385
5.74622
10.3813
13.479
10.9601
10.9749
13.3716
6.90808
13.978
5.42283
6.65435
5.60699
14.6524
8.76726
11.5981
11.9514
13.0379
11.9907
6.27961
8.45442
11.5323
12.567
12.9825
9.27714
12.7523
12.1201
13.669
9.65135
9.85769
9.39782
14.3745
13.0625
14.4998
14.3591
11.1591
4.93713
14.952
14.4498
10.1396
12.4372
7.95791
11.4188
10.5384
12.3911
12.9019
6.2993
9.7306
10.3085
12.6567
11.6007
14.9363
13.3215
7.17553
14.3597
13.5639
9.69508
9.71415
8.83673
10.7965
7.86439
8.24478
12.5079
9.60239
5.9469
5.00269
14.5361
14.0953
5.48634
6.06838
8.6037
9.46455
13.8089
9.98419
6.55897
5.30476
10.7381
5.31489
5.27653
7.7151
7.33755
13.1938
12.5229
9.39732
6.11355
7.09796
12.6018
10.1743
5.18769
10.1971
8.5639
7.86123
6.47837
11.416
10.7594
10.2708
9.37886
13.3327
10.2837
12.1491
13.0276
9.94348
6.13914
12.7824
11.0568
8.28384
10.7874
11.9395
14.6574
5.16073
13.43
4.93368
10.3969
12.8332
11.0992
12.3423
14.9966
13.5515
11.1174
4.50827
10.8102
9.24569
12.5384
6.04879
13.5857
14.863
12.5116
14.143
13.9752
8.16591
13.5347
11.3066
11.0938
14.9291
14.3133
5.90254
6.18271
12.1217
13.1096
12.3024
13.1008
9.81709
12.1145
10.827
11.573
12.562
8.78003
14.8758
6.60413
14.2841
9.20759
12.918
13.0621
13.5794
10.73
9.98551
12.5646
4.7214
9.14604
12.1258
9.31302
10.2172
14.5182
11.3448
14.2475
7.41278
13.2419
9.71369
11.9031
13.7574
5.26435
9.10199
5.43189
14.3044
11.121
8.65743
13.808
12.6375
13.6671
6.69512
14.1033
11.458
10.728
10.2391
14.6124
12.301
14.5942
12.1844
5.74952
14.8408
12.6081
12.9042
10.4255
13.6119
12.2153
9.56158
9.35826
14.0244
6.82757
5.89461
10.4432
9.43708
9.91233
14.2344
8.55807
13.3266
4.95328
10.5645
12.4944
12.8942
8.9423
9.40212
5.33798
11.6422
10.0249
10.2506
8.30545
8.23671
8.8323
12.6345
14.4704
13.5053
11.643
14.348
9.36795
5.7527
11.4502
6.85038
13.6547
8.63034
5.98468
9.51825
14.7204
14.6028
13.7019
13.439
10.6939
11.5923
11.7257
8.13209
11.1348
13.1492
14.3003
14.7417
11.5936
6.01157
12.8791
5.34525
10.8625
14.8646
11.7203
14.7484
13.0385
14.7169
14.7035
13.7044
5.51591
6.85398
9.36028
14.5018
13.5637
12.462
14.4199
6.87376
13.4424
8.43803
12.828
8.83125
8.34261
12.8312
12.0795
8.85228
12.1643
9.81754
10.419
10.5914
14.7326
14.2407
10.8367
7.50277
5.4211
9.00258
7.76627
8.53171
8.16569
10.0246
11.501
13.5912
12.4163
13.7167
14.5143
9.30129
10.5638
11.916
11.0289
10.5827
5.76895
11.284
12.087
11.8407
11.8802
4.37767
9.97429
6.10067
10.2277
7.79826
10.9937
12.7547
14.4286
12.5934
10.723
12.0844
14.6816
6.15182
14.8877
14.2901
7.5533
8.5021
12.2462
10.1304
12.4178
7.58997
10.4462
5.51348
8.92546
13.5842
13.5286
11.7295
6.3368
10.7552
14.753
13.0067
10.6029
6.21839
11.0724
6.22887
10.9283
10.5969
9.97662
10.247
14.8073
6.04673
4.45898
10.5168
11.81
12.2282
5.37736
12.3143
10.7365
11.5871
6.3452
11.6186
14.1734
9.93324
13.3185
12.1546
11.9487
9.86904
13.5798
5.88222
6.75334
9.40229
14.1171
14.3192
14.0973
11.5559
9.86435
7.73467
7.38486
10.6933
5.09398
12.6735
14.7174
10.5059
11.9968
9.08915
14.0694
9.70827
9.6385
9.45263
11.5416
14.4525
13.3302
13.4246
11.4222
10.9741
11.737
10.0058
9.70617
7.20483
10.6148
11.5215
11.6318
9.32973
14.1572
9.26621
14.4692
10.4234
6.72655
9.75963
13.7139
11.4621
10.9641
8.12705
10.9783
10.5295
8.57716
14.4069
11.1014
10.0168
9.6065
13.1101
10.6205
11.8686
5.06097
14.2396
13.8754
10.1222
8.72074
13.5043
11.7425
10.089
9.48729
12.3858
14.7683
11.9006
11.2854
9.11178
10.0066
5.36528
4.2833
9.14183
10.527
14.7279
13.2043
6.49835
12.2711
12.8113
8.19981
14.6154
11.3618
13.2845
9.24766
10.2193
6.03658
11.6139
14.9655
11.4076
11.6121
9.52302
7.89957
8.3103
12.5775
13.0514
12.3598
14.5117
10.0642
12.2486
8.71809
12.319
9.48192
6.12614
10.4197
13.3913
6.85791
14.8296
10.9509
11.6604
4.61726
13.3776
7.86104
9.46819
5.70408
12.2966
14.5926
6.65732
8.95041
9.41109
14.5129
8.12867
13.5685
13.1782
8.3906
12.1807
9.38264
10.869
5.55931
14.6783
11.2932
5.85692
11.5259
11.1162
10.312
14.7235
7.01825
8.75272
11.5658
12.7965
14.952
10.7409
5.78091
6.98121
10.5833
11.9718
9.8607
9.14825
5.83115
10.4333
8.84411
14.3027
9.02418
10.9021
7.40451
13.9584
11.4509
6.39479
13.9951
8.13267
14.4092
13.8123
14.6213
9.13163
12.3293
13.1404
9.22068
13.3749
6.11633
11.8213
12.9214
11.8639
14.2705
5.15007
10.5859
14.2402
8.07214
11.0819
11.9612
11.9257
6.48193
7.85001
11.6484
14.9786
7.64616
13.4963
14.6123
14.4692
9.84818
14.1476
10.2134
14.1533
12.7795
9.47928
13.9201
4.84056
9.95084
10.4461
8.19709
8.97705
14.602
13.9417
14.2165
10.6848
12.5207
9.46237
9.8487
12.5063
9.18657
13.5356
12.879
4.32083
11.4462
10.9219
9.24612
13.2977
14.9981
13.0449
13.6525
11.1299
8.95624
13.7929
7.46991
5.29095
13.0723
11.2616
5.74426
12.5961
9.88884
13.6012
13.1754
13.1263
12.3837
9.67092
12.5091
12.2901
10.7774
7.23341
14.2456
13.5461
12.6173
5.23998
4.97283
10.127
12.7858
9.85515
12.9185
12.3972
11.8715
14.7579
11.8972
6.23886
10.1417
12.0245
13.7431
6.24604
7.67652
11.5731
6.72396
9.02315
13.5883
14.9731
13.2846
5.76679
12.2429
5.17948
6.16322
6.43004
13.1286
8.98206
12.1192
12.8359
7.85455
8.89331
7.06963
12.1572
7.77034
10.9692
13.894
6.13815
14.2078
8.22731
7.58525
11.0533
8.88576
8.23991
13.9838
14.0534
6.28407
8.67353
11.8018
12.1318
13.1554
11.5312
13.9509
5.70955
9.47517
6.59827
10.7079
12.2544
10.3359
10.7517
9.83961
14.0762
14.2043
10.6747
8.85209
14.3032
13.6593
7.9782
10.5901
13.0819
13.0436
5.12021
12.0242
10.0873
12.4388
10.5451
10.1991
8.19755
11.647
14.6064
14.0541
5.1841
5.60441
9.4789
9.48701
10.4747
6.25641
13.9783
12.2419
12.3551
14.2105
13.453
12.2425
7.23203
11.1524
6.03915
5.32099
9.57511
5.93099
9.74805
12.1691
14.2788
11.789
8.01471
9.45891
11.711
11.3449
12.1866
14.477
12.7041
6.2223
14.4581
6.01219
12.8602
13.3686
7.40854
9.40134
13.019
9.51466
11.0621
10.1608
9.50877
5.78089
5.15821
3.9736
5.47416
8.322
10.4147
11.925
14.4547
7.21909
9.96152
14.3453
9.61564
9.17525
12.6351
13.2163
13.9285
10.8947
5.51863
10.2152
5.65864
10.2309
6.49446
10.0494
7.37526
5.89397
10.634
13.1705
14.9106
11.2704
10.2301
9.95233
6.21888
10.8864
12.467
9.74579
13.464
10.6416
14.078
5.29081
11.2117
12.0726
13.0276
13.5064
6.80189
12.5012
12.141
11.3935
10.538
10.9447
11.9543
10.8046
11.2521
9.97003
10.1359
7.5574
7.1749
11.6556
10.2618
13.0792
13.7825
14.0736
5.72417
14.3534
12.573
13.4096
12.0197
12.3738
12.8496
11.2846
11.7045
12.5914
12.0475
9.46837
6.0615
10.3311
12.8533
9.83847
8.63146
8.55675
6.35173
10.3339
10.554
5.74138
4.78052
13.0789
11.1082
12.0814
14.4733
9.89771
14.7003
5.21164
12.5759
8.97156
14.4398
9.22627
13.1122
12.1595
12.1369
11.2009
12.9545
14.8116
12.3267
13.6537
5.76254
9.63253
5.35313
10.5299
14.2768
14.1468
6.20469
12.2109
13.2401
9.69621
13.0728
9.64447
14.025
11.2938
10.4383
10.4191
13.2143
13.4547
14.6828
8.34056
11.3276
13.543
9.24727
12.7857
12.4618
5.21782
13.2674
12.833
11.0464
4.49896
5.41419
9.4061
8.31636
9.28033
8.11223
6.43689
12.2187
12.5195
5.51367
5.45738
10.4123
10.87
9.61915
9.89072
13.9344
5.33851
10.5581
7.0068
12.9758
11.3863
8.88445
7.34113
7.10981
10.2472
10.0421
12.6487
12.2028
5.62981
9.99803
14.9672
12.8501
11.7323
14.6324
7.12972
14.7858
13.7027
11.8299
14.1781
5.17548
9.69708
10.5004
4.38165
11.1227
10.0815
14.3913
11.8947
7.00422
5.99671
9.99683
11.0124
9.19832
6.72967
11.2224
12.0467
7.65956
5.7159
6.28823
12.1521
13.2458
10.332
10.4502
12.2041
14.0724
13.8691
5.70714
4.51381
11.9453
12.932
10.9906
10.5461
12.6138
14.0869
11.4612
12.6965
5.30865
4.36874
14.0196
5.53465
9.78181
11.6417
8.50532
8.5627
12.7076
5.36428
7.3647
11.8635
7.12178
8.01833
12.5827
7.66237
14.3328
10.9809
11.1672
5.12391
10.6375
9.2487
14.7143
8.01717
7.53768
13.5144
10.9871
9.97957
12.9492
14.5009
10.9484
11.5109
4.96213
10.1773
7.84012
13.483
5.50914
10.7176
14.2445
13.0624
5.78554
13.4125
6.88919
9.92009
11.13
12.1264
12.8348
10.6238
11.7161
14.7314
9.79017
10.3278
13.6103
12.8728
13.3337
12.3861
11.3545
9.89999
14.1622
5.29392
14.6863
14.9201
12.6588
7.54201
13.6681
12.4145
14.672
6.59221
9.62796
6.15317
12.3771
5.37915
11.0327
13.6042
10.7781
13.5669
11.394
5.96302
6.87834
11.5493
14.2804
13.7641
12.4396
13.8559
5.15641
5.55602
13.0161
7.27473
12.2669
8.69833
14.725
6.11845
11.6694
5.35329
13.7476
10.4854
14.1434
10.5267
12.1887
11.943
10.9214
11.7303
10.7513
6.74572
9.21624
11.6516
12.4859
9.53104
12.373
14.4721
11.3146
9.69889
14.0099
13.9226
7.7761
8.92051
12.2833
12.7437
6.10803
14.783
10.0187
9.01618
6.42566
9.39322
12.1843
13.8992
10.1895
11.5645
9.74153
7.94366
12.0572
13.4134
9.45714
13.5698
14.877
10.4509
8.41065
13.8973
8.43993
8.01132
13.0229
10.4179
12.7566
11.486
13.1371
10.4836
6.7365
12.8401
14.8647
10.8846
10.0146
10.9879
14.4822
10.9158
13.1392
5.62414
11.3186
13.5126
7.03218
11.8544
10.8795
14.5966
11.4249
7.50656
10.681
13.9751
11.2994
12.9687
14.4417
5.39682
5.88461
11.1684
10.2969
12.1385
13.7037
12.255
9.02949
13.3015
12.6702
10.88
7.45571
6.62636
10.976
13.8266
6.48652
6.74258
12.869
12.6159
13.3145
11.2873
6.27195
10.0379
5.27816
10.7666
14.6318
9.71598
4.28317
11.4942
9.85503
8.43598
14.7765
8.53232
5.53135
6.5326
13.8525
11.0576
11.3809
14.7151
5.42676
10.5678
7.20489
11.0406
5.13717
14.1332
14.0734
10.4919
14.816
10.4841
7.86557
10.7563
11.9805
9.31356
11.3999
5.74879
7.04843
14.4422
4.91753
12.2107
9.85132
14.2302
13.7675
5.75616
14.8526
6.05877
5.3968
5.65692
5.3393
14.9606
13.6361
9.69638
12.8181
10.6481
10.4957
13.7582
11.0582
11.8174
9.72461
12.4351
11.3024
12.9001
9.65972
10.6454
9.54021
14.0538
5.19328
9.60121
4.60629
12.655
13.146
10.0941
13.4826
11.6419
14.7014
14.9038
13.2982
14.1816
11.1299
9.89046
13.8914
10.7722
11.1126
5.60691
11.8444
8.89335
10.4682
9.66705
7.61853
12.1437
9.9509
10.0791
14.4568
11.4569
13.4942
8.7353
11.6776
13.8152
14.6891
9.51625
11.0938
10.6956
12.2303
14.4219
10.5388
9.9873
10.3715
14.5807
14.6137
5.51126
12.0099
12.4463
11.387
10.7239
11.1857
10.4594
8.09544
7.61331
14.4167
13.8676
9.20602
14.3334
8.65906
12.8638
4.04003
4.04993
8.6821
10.4535
11.1365
10.7955
12.0301
8.85215
10.8844
6.16702
11.4239
13.0563
5.18633
13.5594
14.5895
4.65958
14.041
11.874
10.7734
12.4405
9.46817
12.5632
13.2599
14.9107
13.2676
13.5467
8.40047
11.7407
10.4322
14.2983
10.8015
11.5359
13.3483
11.0159
11.8303
12.5033
8.38751
13.7334
10.2949
9.43665
13.2026
8.53086
9.96856
6.24934
9.23331
8.88786
5.42112
6.80463
13.5848
13.4168
5.51582
6.42198
6.62392
9.67099
6.10916
12.4261
12.636
8.03094
14.6587
11.3757
8.43109
14.8297
12.5823
11.5381
11.7036
14.7699
11.5415
8.35851
14.232
9.68085
12.2731
8.91915
13.5631
10.0449
14.4051
14.5775
12.2478
12.9044
6.29428
5.57904
10.2276
13.8067
13.2827
4.27126
14.15
14.9348
13.5182
13.7123
14.2108
14.231
13.2776
14.1142
8.15355
11.405
12.3255
10.1671
14.2949
14.7024
5.39538
9.54751
14.2071
9.66261
10.3848
12.9663
14.4094
10.2645
9.83572
12.7257
14.9975
7.10537
6.27241
13.3723
9.50293
13.7005
12.1975
9.59565
13.4053
6.93057
14.8793
13.6211
11.2731
11.0451
13.8221
10.0664
9.79802
9.41429
9.12861
11.5019
9.08975
11.9477
6.69292
8.74768
12.9802
9.41935
7.1797
12.551
8.83964
11.925
11.9628
8.60773
12.7676
8.82416
6.53064
10.007
6.12594
6.96923
13.5756
13.2013
6.78132
11.4958
14.9793
11.8394
12.5138
12.16
13.9329
6.69142
14.8241
6.45158
12.2996
8.94216
14.3292
14.8436
14.569
13.836
8.93067
14.5397
11.4943
12.9692
13.9701
11.5863
14.2106
9.77243
11.548
12.2953
9.57519
14.6372
14.9912
12.6526
9.73776
13.8866
8.70768
13.7381
12.9546
6.04219
14.0717
8.88633
10.648
14.4371
12.7921
12.212
10.625
10.0291
14.5475
12.4801
8.68204
5.73096
11.9451
8.17848
10.3259
14.433
14.16
9.5002
6.34787
5.28001
12.483
14.2158
6.55855
12.3047
13.3931
10.722
9.31707
12.5004
12.3199
9.93815
7.80925
11.6129
5.0987
10.2701
12.3496
12.1999
14.5537
8.02297
9.62894
9.9873
11.0097
10.6724
10.3835
12.0031
13.7298
7.31661
6.06543
5.62598
11.7532
12.476
11.656
12.8617
14.1588
4.8484
5.99542
6.55056
8.18054
13.791
10.3291
11.1107
13.3525
8.67982
12.4489
11.7561
5.74863
9.05371
4.52337
11.0696
7.5828
9.80634
9.33704
7.40565
8.81936
4.16165
10.3596
9.75343
12.1156
12.2277
9.70444
9.62422
13.6728
9.62074
4.52074
12.4222
6.10452
14.5586
10.0031
8.42233
4.24013
10.3263
9.0532
7.5917
5.22321
8.46146
11.2052
12.9439
12.3234
14.7737
8.44248
9.28415
13.4745
13.3611
7.67121
14.3897
13.8651
11.1539
9.60974
13.6779
12.4562
10.1589
10.2394
14.8102
13.3804
9.85711
14.6279
6.95737
8.53472
11.3136
9.42253
4.33812
11.2202
14.2889
6.20885
9.89497
4.23169
10.9486
11.6469
10.9936
10.7371
14.0922
12.9272
13.7772
11.1039
7.35422
9.89352
10.9199
9.01013
11.4683
8.7786
13.8525
12.0776
14.9325
14.5102
12.5955
9.03097
7.41831
11.1416
10.4487
13.1624
12.1055
13.9618
8.14954
6.37957
6.99988
13.7601
14.471
13.7414
14.1411
12.4488
7.70262
8.83939
6.70657
13.4284
9.89756
8.53582
12.9347
10.7274
4.9907
10.6728
14.0298
11.3239
14.3035
13.7608
11.9392
8.18683
5.95082
12.446
10.4091
7.43153
8.22103
7.14667
5.05824
7.75318
12.5673
7.93709
5.90366
10.7806
9.72752
7.40849
13.6316
7.36053
5.52126
13.2519
5.54041
5.95587
13.3434
5.76872
10.1117
10.4758
7.61143
8.6432
13.6628
12.9698
12.5725
11.3487
6.18477
12.7823
11.8981
10.9747
14.5534
10.4395
8.64625
9.8972
10.2053
12.2854
11.615
9.11396
10.2471
13.0009
12.4964
4.70959
10.1815
4.64517
9.12042
7.01633
10.4053
12.3052
8.798
14.7256
13.0774
10.519
5.66759
14.0423
10.8258
13.4627
14.213
13.5833
13.1355
13.0621
8.29049
11.9712
12.0842
9.21379
12.9949
11.4719
10.4775
6.32739
9.93156
8.84894
12.9844
10.3803
14.0098
12.0743
10.5103
6.27357
7.75546
10.4406
10.0048
11.2347
9.7126
11.0336
9.90127
9.93545
12.3454
6.07843
5.82065
8.4007
6.23143
5.96035
10.3731
8.5221
13.962
11.7107
5.77906
9.9966
8.8742
13.1197
10.699
4.83583
5.95289
10.7624
11.9215
9.75988
10.4177
8.61153
13.3056
12.0118
8.82353
13.3159
8.47887
9.9021
8.23887
12.3425
8.79091
12.6358
10.7132
13.5482
14.9246
11.9767
11.3246
6.80654
11.7848
10.2719
11.5352
10.5871
11.9204
10.3935
5.99958
14.2737
7.75344
6.52464
5.551
12.0448
10.8892
7.00724
12.135
11.1491
14.7401
12.1836
4.71829
10.3001
10.9982
11.0008
10.2384
13.7601
10.6573
14.3986
10.3483
6.09077
8.13959
13.376
6.67234
13.4502
10.3694
11.2375
7.87289
12.636
14.6973
12.7858
13.3232
9.92237
10.3015
10.2207
9.38278
11.8374
5.38514
7.73081
14.6365
6.43692
13.9456
11.2188
14.9179
9.53569
9.32953
11.2656
14.3661
11.7433
12.1078
10.4325
7.42853
8.84847
13.6113
12.9684
13.1569
11.183
7.28931
4.70075
10.4376
10.4191
13.2144
13.4551
10.568
13.3856
14.3346
14.9027
11.2546
11.0493
13.6723
11.1086
6.50937
14.7509
10.2675
13.3406
14.8901
13.6787
14.0509
6.51503
10.5442
12.6079
13.782
10.4849
8.83048
13.416
10.3455
14.005
13.1475
9.00456
6.90344
9.54682
12.7583
12.9545
13.8014
14.3495
13.4035
12.4768
12.3681
9.90391
12.3653
13.3999
5.26353
7.22426
11.5169
9.7975
14.0111
11.0809
13.9278
10.0452
12.4873
11.7992
12.9067
14.7011
12.2634
6.43205
10.208
5.06116
13.7622
4.93459
10.8199
11.3616
12.2756
8.82052
10.688
12.1937
11.7131
13.0912
13.119
9.18231
13.1182
9.89656
12.056
13.6624
11.2687
11.6181
12.8526
13.9859
14.2001
14.7443
8.25665
12.4859
14.109
10.8957
13.9479
13.2276
11.6731
13.1297
7.83333
10.6204
10.8827
7.03657
9.57801
13.5667
10.4756
8.81821
10.6255
10.6218
12.3472
5.60596
5.33462
11.1224
6.41403
12.0957
13.0137
9.44921
6.06856
14.0905
5.49875
13.3899
10.2801
12.2731
13.4039
11.6091
14.9521
13.9848
7.4974
14.6535
11.8118
14.4502
9.21546
13.1935
11.9834
13.0478
6.20917
13.8795
14.2531
13.1523
13.4676
12.0519
8.61738
10.1087
10.2393
9.3346
9.40152
7.58244
11.7457
14.9608
10.0521
12.0914
5.63142
11.5337
9.37341
5.20415
3.99216
9.19371
14.5748
9.49766
14.7261
11.8432
9.70871
9.97381
14.8719
14.9567
12.6276
10.9989
8.37358
8.21933
11.4944
4.63559
12.1845
13.5925
14.4164
12.0763
12.745
5.56506
10.1151
9.15351
8.84074
8.77609
14.8353
11.5629
14.9275
14.8466
5.68148
12.598
6.74713
12.8315
8.29958
12.5538
12.6878
12.8713
7.1565
8.78773
14.4318
12.4382
9.47229
12.66
10.7684
12.0238
5.9346
14.0201
11.8337
12.0672
6.57769
4.63729
12.7751
9.44484
9.49697
14.2182
13.249
7.01312
11.908
7.61458
8.27187
13.9643
6.92721
10.1902
8.56845
12.8006
5.75539
12.1764
11.4449
10.8532
14.9379
14.6406
10.1815
9.25323
9.17261
14.7515
13.295
10.9632
12.8319
14.5175
5.81935
7.36883
10.2998
12.2224
8.86536
13.4073
14.1172
7.16906
11.5835
10.0139
13.1015
4.46877
6.17004
14.5791
8.89776
10.9862
7.34975
14.6005
14.1938
11.2385
6.25343
14.2138
8.7689
7.46047
11.6427
11.7321
13.3877
10.8794
8.3111
12.8503
5.31201
11.5675
9.04548
12.7205
11.6538
13.8039
8.69402
5.15348
14.6293
11.2831
9.82633
11.4143
9.77848
6.12101
8.17178
11.6881
10.6803
9.04091
11.994
12.5665
13.7999
9.56469
11.8164
10.9163
12.9975
12.2298
7.5324
11.9561
13.5783
8.95375
7.02501
5.8474
11.3296
10.0088
10.4242
13.7356
13.4214
13.1717
4.77631
11.9521
12.2865
11.0657
8.93382
14.8217
11.9694
8.65262
14.3429
12.491
11.002
7.30233
11.9795
5.28969
5.52549
12.3423
6.70433
14.5887
14.0899
7.72173
6.29222
12.2479
8.38703
12.9076
10.4412
14.3963
11.5024
14.8513
12.0293
13.6137
11.6093
12.8942
13.1391
13.6158
9.75278
14.3315
11.9675
10.7433
14.6492
10.9932
9.96026
12.1084
10.2517
5.56217
10.7201
12.3286
9.65112
10.4263
12.371
10.935
12.2523
11.7253
6.15214
11.225
12.7029
14.589
8.3577
13.9546
10.8151
6.30987
13.9707
11.2252
12.7421
14.2201
10.7258
14.5991
9.73421
12.4017
13.2416
9.82141
10.2478
10.5935
5.38091
13.3895
11.2628
12.6363
13.4497
9.44662
10.2127
9.30639
11.5517
10.7617
14.662
6.43278
10.0857
8.62067
14.3157
11.726
9.61205
11.7352
12.1796
10.8942
13.5992
9.04654
5.77135
12.7833
9.13522
13.4359
14.7733
14.9301
12.0457
8.66799
9.54736
6.33593
8.70438
8.57951
6.09553
13.5716
11.8114
14.7457
10.2085
14.1947
12.179
5.36007
12.1083
11.4218
14.4625
14.9333
6.80984
10.977
10.3267
11.8918
12.6309
7.75496
7.01342
10.3125
9.62373
11.3372
10.3536
14.59
10.3826
5.97455
14.973
10.4393
9.56497
9.47171
7.0551
5.71837
11.7087
13.9964
9.77646
12.7286
10.9937
6.69492
11.4108
13.2183
12.2905
10.7108
7.10643
14.2472
13.3673
6.25821
11.7341
13.2304
8.34968
11.6717
14.684
6.26801
14.5709
13.9758
11.4906
13.2195
12.8615
9.08624
12.9519
12.7085
8.66728
14.2734
9.93577
9.88646
12.1672
9.92549
11.7892
13.8723
13.8923
7.55021
9.97363
10.6972
9.30836
14.4364
6.77336
8.49421
6.45223
12.1431
12.1118
12.6758
10.9089
14.9773
6.05796
10.6832
14.5593
10.285
10.8292
9.95295
9.04677
14.7661
8.99949
10.0019
8.41467
14.1348
14.6659
9.26126
7.85788
9.66009
13.0171
14.2865
9.31457
7.51448
6.2337
10.7984
11.3758
14.8913
13.2941
10.0963
9.76912
9.57875
14.6797
13.652
5.32825
14.1915
12.0554
5.48738
12.8437
9.57107
12.2051
14.0438
11.0376
10.7149
5.36793
9.96798
5.01722
7.30062
6.18068
10.9069
5.27883
14.1214
7.25515
14.8334
7.90065
5.66781
10.0419
11.7111
6.08525
12.0106
14.4654
7.68812
12.1703
14.0066
14.812
14.2246
13.868
12.2233
12.393
13.9571
14.0635
9.3644
11.0954
12.3169
10.5052
11.8956
5.86749
12.4143
14.7787
10.7763
5.63864
10.7869
13.03
12.7707
12.1613
8.93966
14.0098
9.6927
11.69
12.2764
13.1926
9.59617
5.93199
8.47181
6.07039
13.968
9.97206
13.5181
11.9592
10.649
5.94187
10.3838
13.8857
8.63154
6.10783
8.60354
10.2779
13.3254
8.9171
12.6403
8.55958
9.79286
7.23961
6.98896
10.3241
8.93603
5.81203
14.8591
12.4725
10.3139
11.7332
9.26402
10.5421
8.77752
10.8076
7.02864
13.4332
10.5909
10.3862
10.8025
13.6492
5.37166
4.31412
11.4493
10.8679
11.3209
9.65307
12.2285
13.3626
11.2966
13.2458
5.35863
6.18456
4.55132
10.0235
10.7458
13.3346
14.2502
13.8199
12.0067
9.38354
8.73064
12.8464
11.0841
11.4038
10.5285
14.7939
11.5273
10.8903
13.1871
11.2123
10.0321
8.8482
12.9557
14.2122
14.3825
5.99796
9.40857
5.5723
11.8561
12.912
8.82465
10.2039
10.3433
10.6106
11.0375
11.1076
13.9095
7.70299
8.2324
11.0543
10.482
13.5536
14.0286
14.4001
9.54469
12.7626
14.325
10.3457
10.5081
14.5017
10.8947
11.5434
12.0105
11.2688
9.03239
10.0152
8.70479
11.4439
13.6644
6.5864
5.80426
12.6042
9.91883
11.6915
14.3923
11.8633
7.69709
14.5572
10.2135
7.8473
9.77893
12.001
10.5123
13.6288
10.6824
10.706
4.79323
12.5277
14.8096
10.5519
6.89741
12.0614
9.60846
12.9131
10.8145
13.5421
11.0841
10.2771
6.01555
10.347
7.52725
13.7775
13.6734
14.9087
8.68097
9.96302
11.7918
12.5087
12.1907
13.7135
11.1493
14.6115
9.40891
12.514
13.6724
14.9361
10.6382
12.2788
9.54543
6.92661
7.80429
7.23001
6.7637
13.6643
13.0387
14.9441
12.8648
10.7392
11.5958
9.50877
12.1719
13.0168
9.77444
10.2944
13.2627
9.84886
12.4819
13.8189
9.54923
5.9524
10.2924
6.03085
10.4431
8.35636
4.47867
14.5307
14.728
7.54855
12.533
5.95394
11.6555
12.2489
13.3855
13.5083
7.31891
11.8493
10.8293
12.5244
8.35197
12.856
12.3023
8.19273
11.9417
9.16472
9.0712
14.5723
14.0206
10.2156
11.8682
5.34796
4.22297
14.5184
14.9275
6.30146
14.2481
7.08227
11.9608
14.5105
10.7298
8.97697
11.7728
10.379
14.1181
11.0338
14.1421
11.3963
9.61321
14.2506
13.9682
10.2298
14.6018
13.4758
12.2041
14.6919
14.8769
7.27328
11.4699
14.0023
10.9503
13.657
11.9869
9.9514
13.5966
5.25167
14.0216
11.0112
9.14351
5.4076
9.65443
14.3032
11.9553
13.9452
4.52752
10.9585
12.2235
11.2521
11.2537
14.4963
9.94326
11.6477
10.0795
5.5656
9.16857
12.1547
13.4798
13.7695
10.3458
12.8887
13.2874
11.1592
14.2804
13.4709
10.3581
14.3164
13.3214
6.29429
13.9651
10.9633
9.98927
12.4016
13.8765
13.485
13.456
10.8185
9.67771
12.5473
12.877
13.4776
10.4746
9.23488
7.55917
10.3743
14.3428
9.87276
9.0587
9.96971
14.7962
14.2994
12.7991
7.09526
10.0974
10.5943
5.55829
12.7142
14.6634
8.36334
10.1017
14.0096
13.0846
13.044
14.966
10.7362
14.7772
12.3679
12.2124
5.57139
10.5894
13.6781
8.33767
9.88749
10.5916
13.9272
9.68869
10.0339
7.3126
11.1731
9.96646
10.421
11.0069
8.09419
6.05296
9.42218
11.7533
9.81602
11.2723
11.6308
13.6838
8.41319
12.5594
9.23494
11.9303
14.4484
8.73702
8.20936
10.824
10.2807
13.6957
11.635
12.1596
6.2141
14.6336
7.93194
10.0544
10.8518
6.75763
12.5871
9.75081
10.6757
13.489
14.8089
6.09846
11.5843
10.4238
5.78649
13.1011
14.0336
13.8283
6.31122
9.11495
10.8526
7.15419
9.69732
8.97448
14.5809
6.16011
14.4632
9.22589
11.6926
10.8246
10.9229
12.8061
3.97623
8.62723
14.7982
6.00453
14.147
5.39507
13.9898
6.67792
5.86393
10.1724
6.60632
10.5438
8.07641
6.22847
6.16907
9.12532
8.30522
13.9336
12.4318
10.2887
9.78843
8.59046
11.613
13.5702
11.1572
9.81205
12.3144
9.82625
6.11454
13.3272
10.5528
13.8881
10.2492
14.3367
9.75221
10.0362
10.7538
7.00467
13.3372
8.9805
10.5157
11.6981
11.7298
14.1071
9.46984
8.49691
14.1838
11.3824
8.84235
6.40075
12.2174
10.7908
13.7884
10.4334
10.0355
9.03745
11.4817
12.6461
10.0963
12.5606
11.1379
11.5305
10.4037
14.8152
11.4484
10.9665
12.122
10.1674
14.1146
9.51433
13.2096
10.7397
14.5653
11.3848
12.0967
14.582
12.533
10.2581
14.9799
14.29
6.3588
14.2251
10.2588
12.5182
12.8303
14.8452
13.9242
9.74328
13.755
13.3992
7.48413
7.37438
9.84423
6.34022
8.69599
8.9325
13.5649
12.2681
9.71795
11.9383
11.7642
8.08479
5.46405
10.1403
13.9233
11.557
10.632
14.6071
13.5105
5.96597
7.04294
10.2327
14.3333
13.2187
13.171
13.944
12.2536
10.509
14.9073
5.98486
5.84234
6.28485
12.4686
10.743
5.55192
11.557
5.44929
7.79614
12.0427
10.0713
11.8213
14.7766
12.9941
9.44063
11.0705
7.09364
12.7376
11.0635
14.7067
13.3924
10.2871
9.16117
11.9042
14.5013
8.75809
8.51115
4.84744
11.7573
14.9769
10.5704
8.89114
8.44788
10.9479
7.79431
9.53278
13.1749
5.24396
9.24822
13.4865
6.80202
7.49615
11.0157
13.3162
11.552
10.6948
13.1199
12.722
10.354
13.9317
5.5394
13.889
13.5444
14.0501
8.58008
7.83151
10.7605
14.5192
11.4191
11.5618
6.12569
12.8774
12.943
9.88731
9.63758
13.753
11.3077
10.9095
5.46134
11.7144
13.334
9.04687
12.3431
8.51733
12.2686
8.66703
14.7818
8.63723
10.6548
9.22658
7.54351
5.77561
14.5906
12.2097
12.446
11.776
6.24817
12.7979
13.9317
4.55221
14.6624
12.0788
6.72488
11.9618
11.6442
11.8959
12.9053
8.64324
5.91389
13.005
12.9375
8.88513
12.6538
13.3856
8.61284
12.0746
10.6164
8.15355
9.71601
4.61239
14.6317
6.20081
6.92785
14.1794
5.48424
14.9313
9.47086
10.8461
8.47087
10.1494
11.2904
11.1658
8.8653
5.67366
9.67439
5.43577
8.0021
11.5624
13.8184
6.19918
4.13812
6.59339
14.3889
5.70969
10.7873
13.3235
14.6843
5.72451
11.8625
9.02666
9.22469
13.1947
13.445
10.4712
5.60651
8.87697
13.7682
12.2111
5.41388
11.8998
9.751
9.33669
10.2295
14.1271
11.9388
14.0074
11.1955
8.99009
10.6461
14.9071
7.03968
10.6162
12.1241
7.55702
8.32571
7.94287
11.0296
13.5901
14.2176
14.966
14.6039
9.98654
7.8711
9.86582
9.89427
12.8124
12.1487
6.45658
9.5989
6.78461
4.48221
6.55357
11.9779
12.4737
6.22268
7.42867
12.2312
13.21
7.80998
9.18563
13.03
10.8089
12.7824
12.9088
13.1909
7.55656
10.3996
9.0084
10.0839
11.2712
12.7789
10.567
14.6048
10.4011
6.0527
9.83831
13.7455
6.04663
8.61832
8.68653
8.40366
6.49023
10.3342
12.282
9.81051
12.4869
10.525
11.79
14.6755
10.3206
10.5919
12.3164
8.55639
12.9344
12.0063
6.83705
10.8861
9.94269
12.8007
9.98427
14.3961
10.2224
12.7923
14.8174
12.4589
9.88019
10.7866
13.9174
12.9437
14.1374
9.56908
6.34147
6.6601
5.57525
11.6053
13.4421
12.988
11.4963
9.88005
12.3908
10.2927
6.68483
11.1412
13.2215
13.0345
9.61866
6.59135
7.64352
14.4658
14.7448
