0.05
0.15
0.25
0.35
0.45
0.55
0.65
0.75
0.85
0.95
1.05
1.15
1.25
1.35
1.45
1.55
1.65
1.75
1.85
1.95
2.05
2.15
2.25
2.35
2.45
2.55
2.65
2.75
2.85
2.95
3.05
3.15
3.25
3.35
3.45
3.55
3.65
3.75
3.85
3.95
4.05
4.15
4.25
4.35
4.45
4.55
4.65
4.75
4.85
4.95
5.05
5.15
5.25
5.35
5.45
5.55
5.65
5.75
5.85
5.95
6.05
6.15
6.25
6.35
6.45
6.55
6.65
6.75
6.85
6.95
7.05
7.15
7.25
7.35
7.45
7.55
7.65
7.75
7.85
7.95
8.05
8.15
8.25
8.35
8.45
8.55
8.65
8.75
8.85
8.95
9.05
9.15
9.25
9.35
9.45
9.55
9.65
9.75
9.85
9.95
10.05
10.15
10.25
10.35
10.45
10.55
10.65
10.75
10.85
10.95
11.05
11.15
11.25
11.35
11.45
11.55
11.65
11.75
11.85
11.95
12.05
12.15
12.25
12.35
12.45
12.55
12.65
12.75
12.85
12.95
13.05
13.15
13.25
13.35
13.45
13.55
13.65
13.75
13.85
13.95
14.05
14.15
14.25
14.35
14.45
14.55
14.65
14.75
14.85
14.95
