5.31511
10.3438
5.93059
6.99987
12.4243
12.4556
11.1009
9.31027
11.2465
4.3035
8.39978
13.6325
9.27185
12.3991
10.0226
9.29779
7.5163
11.1393
9.59785
11.1152
11.5617
12.317
14.4001
11.3083
14.983
8.37237
11.6608
5.64538
10.0504
14.4257
7.54868
12.7638
9.13431
12.9282
12.4534
12.7951
5.28389
14.0673
12.6335
13.8858
12.4282
12.7803
9.15716
10.9458
8.33951
13.7917
12.9034
9.97774
12.4926
13.5431
10.3945
9.70735
11.8352
10.4532
8.80622
8.70675
9.12245
8.08861
12.2224
14.3468
13.7782
5.71978
6.67989
11.4778
6.35026
12.4636
11.3579
12.7033
5.90095
12.3022
12.7084
10.0955
5.31443
11.7688
13.1777
11.1249
11.4035
8.64433
10.9469
12.0011
10.4052
11.4012
14.8297
10.6914
14.9638
5.45919
10.5994
11.0829
13.9389
10.8491
6.72728
6.04236
5.48791
14.1025
13.2561
8.98399
9.34533
12.5552
5.67656
14.2575
10.5302
6.34002
11.2796
8.72681
12.1794
12.4239
11.8117
13.954
13.1458
12.927
14.2709
8.19931
12.7545
14.6209
10.5893
9.60954
12.5922
14.198
7.67737
13.6676
9.48147
6.84905
13.7792
12.5064
14.5553
10.6979
12.4805
13.4635
13.4456
13.4079
14.6683
14.0897
6.83382
9.03334
11.7959
12.4578
6.26186
11.8435
11.3659
14.956
10.9558
11.013
14.0223
7.71341
5.72194
8.16502
4.4535
14.8327
8.94297
12.7711
12.8357
12.7697
5.17512
14.4865
7.27841
12.7984
7.26352
14.7465
14.5027
13.2595
10.3682
8.40072
5.51658
10.1329
10.6631
11.2363
12.6306
5.43813
14.8257
9.64534
8.60713
11.0561
10.3151
12.2738
11.1472
13.7447
6.81674
5.25344
13.8174
12.9326
11.5437
14.0899
9.71387
11.3276
13.7003
13.4615
7.25781
5.51865
6.08847
11.1671
13.4283
13.4376
6.07781
13.292
11.0513
13.4258
10.6345
12.5199
13.669
10.1973
7.35908
13.9784
13.2573
8.5935
14.5953
14.486
13.772
12.1471
11.2914
11.5008
12.3606
11.7004
11.0157
14.5822
14.4719
12.6628
13.9188
12.5016
8.51669
9.20807
11.9924
9.0752
12.7061
9.5954
11.8465
13.7666
14.9939
13.2869
12.869
10.8175
10.4085
13.1043
12.9274
10.4167
7.93095
9.65203
11.5563
11.6905
10.4759
5.3432
10.7663
14.1636
13.8425
11.3184
4.77752
8.7241
12.8631
11.7401
14.4065
10.1672
10.2973
12.1544
13.0936
9.50252
12.8445
14.4565
11.9603
7.51316
9.03512
9.91187
11.893
8.77361
9.07039
8.3157
13.1462
7.60745
11.5919
13.3169
12.9559
7.43759
13.4102
5.33027
11.7746
4.33267
14.6402
12.9506
13.0047
14.2821
11.6196
14.8952
14.0977
7.83886
9.19136
10.709
13.2655
6.81336
13.0373
11.1921
11.7632
14.0731
11.4759
6.33761
13.3524
10.6348
11.5111
8.87661
6.92429
8.49997
8.98384
13.4882
13.736
14.7189
14.9875
12.2903
9.95858
10.8773
12.7343
8.90786
8.28871
10.8951
13.3771
11.6097
14.3361
8.72117
9.27011
11.6031
9.82417
7.88585
10.9562
5.30945
8.44958
7.77261
6.9463
13.8939
11.6205
11.7582
13.7246
14.3407
9.76735
13.8208
7.1652
9.84517
10.8251
5.42674
10.7581
11.4901
6.52534
13.4465
11.7456
13.6939
9.95588
12.2734
11.7569
13.7883
14.1929
10.3343
10.1846
10.2001
10.4018
10.9593
6.11222
10.7492
14.1192
6.08984
6.85531
11.6532
7.7686
12.6686
10.3054
10.1586
12.3689
10.4656
9.99404
9.4394
9.50592
9.74269
7.65441
10.671
10.5587
10.1095
9.83311
9.89105
5.7764
12.1409
10.3201
14.7052
6.08443
7.1794
13.955
13.1557
14.0359
13.7142
5.81417
12.86
10.6204
6.3703
12.6547
12.7963
14.7479
14.7287
10.0749
13.0667
6.01007
5.46288
6.59569
11.0478
11.922
13.7396
5.63302
6.22153
9.27799
10.3081
5.6746
10.7546
14.8975
12.4476
12.8018
5.55975
5.8037
5.95636
11.0625
10.1927
10.9865
10.5598
13.4749
14.6795
11.9284
11.9095
10.007
11.545
5.57978
8.36207
10.3323
9.48621
9.77447
12.7315
12.2124
9.64103
6.70502
12.7805
6.71575
9.80239
11.9683
14.6941
11.3989
6.06584
10.9434
10.3857
6.18695
8.42117
12.384
11.8165
7.88547
11.9373
9.83766
8.73177
5.32234
14.9878
11.1345
10.6109
9.82422
12.7245
13.2318
13.5097
9.98379
13.9394
4.86766
10.2798
9.49822
14.8346
6.8005
7.98443
14.5839
10.8067
13.0468
14.101
13.1777
10.14
9.78866
10.4177
13.9853
9.71866
10.2171
4.73022
8.10066
11.8293
12.5484
7.99123
7.93101
9.37784
10.6629
8.56106
12.4877
14.8771
9.88332
14.7742
14.662
11.0968
13.251
8.78296
10.853
10.6413
13.8626
12.5274
11.6133
14.694
14.3336
10.8707
9.83998
13.4541
6.05315
14.8754
12.9681
9.48233
10.5533
8.63047
10.7264
8.94379
9.98322
12.7122
12.2764
11.8201
4.56304
12.1337
8.3583
12.4037
13.0511
4.7235
10.2374
11.8835
10.9073
8.54035
10.1306
12.0935
9.06093
10.2735
14.0885
10.2779
5.35459
7.59716
13.2038
11.3668
12.3362
9.03941
11.5516
13.0853
12.9765
11.97
10.7428
10.0149
7.77092
11.5871
12.5618
11.5263
10.5102
13.1353
10.2164
6.54794
12.7559
10.1182
7.25771
5.8341
12.1616
12.1348
6.22234
8.32622
11.0999
12.3583
13.6616
9.26621
9.64632
5.08598
5.60219
8.61266
11.6295
13.6557
14.1166
12.4054
8.21734
13.5714
10.4152
14.3709
9.44145
8.3645
10.4509
13.1426
8.43867
10.8459
12.9825
10.1394
10.3772
12.9592
6.34692
5.24815
10.8954
14.5089
6.67689
8.83899
10.1266
13.2437
14.9801
5.36071
10.0039
9.88299
12.2941
10.6187
11.7375
9.96159
10.1461
13.4895
7.50644
9.55343
13.8929
14.7783
13.3423
12.9944
14.6552
9.72803
11.1088
14.0437
11.1773
13.3457
10.1197
10.5172
13.0059
6.38052
5.34219
6.73974
8.91505
10.295
5.38057
10.0605
10.0716
9.8369
10.2282
13.2075
8.38214
14.5303
6.93174
12.5436
5.97748
12.0579
6.08628
10.378
11.0294
14.0097
12.4927
10.3394
13.4912
9.9373
4.44097
9.15767
7.67368
10.7257
14.0985
5.61364
8.8545
8.77976
14.0852
5.69047
8.45251
11.5509
8.91937
12.1328
13.5483
13.6165
10.3619
12.5624
12.7644
9.11309
12.3898
11.8864
5.19464
5.91741
12.3572
11.8671
12.5171
14.9182
11.2269
14.9416
10.4577
12.2227
9.54035
11.3579
9.66131
9.37279
10.2578
11.5508
11.2804
8.82651
13.1043
13.1637
12.2071
12.0183
12.2471
12.4101
4.81369
12.4179
12.067
12.4625
12.1593
6.90348
10.0271
13.0217
12.4647
9.83204
8.57672
7.72209
10.84
11.274
9.97879
14.893
6.10725
4.53004
9.81328
13.3556
6.51746
4.76683
12.6681
9.87497
14.0148
13.2534
11.8239
11.6862
13.4892
10.0028
6.75232
6.92362
10.7796
9.50141
8.88915
9.61331
11.4313
8.26002
12.4439
14.79
10.4859
10.0458
4.35125
6.20421
13.6543
7.82548
14.9069
14.3335
11.6494
13.7963
8.81323
10.7724
13.3881
10.8408
13.2009
8.185
11.7235
8.27912
14.0321
9.50482
5.80991
6.01955
8.60876
7.69448
12.2985
10.824
10.4354
11.1197
4.52519
14.0872
6.52186
7.72824
9.8724
7.76468
9.55719
13.0556
6.24986
10.4145
13.7272
13.3133
7.80266
10.9965
5.24426
11.0478
12.8657
11.519
12.1129
8.96533
13.1413
14.4125
10.1419
12.1738
12.8716
13.5417
13.4006
4.93931
8.5104
5.2398
8.31265
13.7731
13.5974
12.6763
8.39351
8.29266
13.362
13.5593
9.06229
9.55129
14.9773
11.7053
14.6772
10.0292
12.5542
13.0782
8.54218
14.8376
11.3735
10.1744
9.74659
7.94233
13.7997
4.36524
12.5879
10.9822
11.8152
6.37956
10.4946
9.45512
6.30482
10.1039
11.5685
8.5269
9.29321
12.3863
9.92423
8.48912
6.2353
12.1443
14.6122
12.2261
13.1305
12.4908
12.7476
9.68175
14.8296
9.72103
10.0177
14.2296
9.96441
7.7589
9.58304
7.07739
14.9144
9.76854
8.15632
5.09361
13.3921
10.464
10.7852
14.8357
7.74712
6.59689
9.17668
12.1456
8.28281
5.44578
12.3458
5.22518
9.2326
13.6271
10.4101
14.6259
12.8972
5.20448
12.0225
12.7418
13.446
13.5771
9.32047
4.32469
14.4255
14.3151
6.5305
10.0849
12.226
7.76893
11.5546
5.46841
6.70746
12.8685
12.151
9.26278
13.6677
12.6762
14.6255
12.8465
13.4446
12.9371
9.53173
14.1488
11.2304
13.9579
13.593
8.79939
9.64122
13.3182
8.61026
13.8925
14.7732
6.14572
10.6043
9.65734
11.9439
9.8652
5.935
12.4784
6.0422
10.2641
13.942
11.3399
13.3888
13.2083
9.38536
14.7535
5.70311
7.9526
6.1472
8.17241
7.8003
9.75874
6.12039
12.4296
5.75548
9.35837
12.196
6.0427
9.69506
6.36238
9.29845
6.20788
4.32558
7.52378
10.1151
10.6604
11.7342
9.283
7.49562
14.5385
10.0748
14.3308
14.3046
13.8122
13.1885
13.4911
10.457
10.6734
11.8572
11.3338
7.63244
6.32189
12.5425
11.3362
8.2897
8.51091
8.23485
6.13367
13.8338
8.60873
14.3683
7.53142
9.87241
13.8546
9.23717
8.25972
9.45656
13.6013
12.9187
5.78841
9.11945
12.671
8.36337
12.6069
14.4875
10.2777
12.8989
12.5367
7.42064
10.5839
9.9651
14.5273
10.3505
11.527
10.8805
9.10926
5.993
8.93694
5.54525
13.6225
6.36972
13.3235
14.9115
7.57925
12.7757
5.62244
6.05687
11.3557
11.8062
9.2201
14.6002
10.2586
12.7903
14.6714
9.5199
14.6961
6.16568
13.2043
11.2853
12.6214
13.7247
14.9647
13.2301
9.25286
12.0363
9.70324
9.83905
12.1947
12.6021
12.5073
14.733
4.17041
9.46799
12.5231
11.7807
13.8914
13.1562
13.2003
10.9031
11.8081
13.6683
7.36344
11.0996
11.0587
5.86049
10.7413
11.153
14.9986
12.3165
13.7199
13.1519
12.6062
8.83062
7.41072
12.8605
14.8158
12.009
6.16264
13.2109
10.7552
14.9616
13.9609
5.4556
13.3552
8.49154
9.22002
13.555
10.9867
8.29348
11.9739
7.57226
8.81915
5.26234
12.2776
10.1253
12.1075
8.80262
11.591
10.1212
8.33782
14.1085
6.05325
11.6613
13.3302
14.3592
12.155
13.6992
6.75141
10.5725
14.0501
8.20908
10.8133
12.8941
14.8355
14.7875
6.75029
9.57915
13.1279
10.1965
12.216
8.81876
11.8337
9.83038
8.15569
11.3558
10.269
9.71643
10.6856
13.1431
6.01455
14.3686
6.00569
5.82635
10.7838
13.3361
10.3974
10.2771
8.59089
10.9789
14.2552
12.6935
8.33452
10.7283
8.59191
11.2091
7.15056
6.13733
9.99734
14.9724
12.9998
8.85764
13.0382
5.10179
14.0848
6.87147
8.54823
8.13833
9.21767
10.0989
6.31131
13.7505
9.01078
9.94488
8.14933
11.6619
4.23058
13.1107
11.8903
11.7033
5.23362
14.1636
13.6162
10.7243
6.36739
11.932
4.76409
14.9212
10.1041
11.6694
5.60696
9.40269
14.1382
11.3078
11.2338
12.8069
5.11577
7.52277
6.80413
13.6879
11.8533
11.8885
11.6055
10.5544
10.613
12.912
9.88357
10.6048
13.1595
10.5303
13.522
8.40292
13.9956
9.99387
8.7689
5.90021
8.06606
12.3164
10.185
6.25316
12.5485
14.7593
12.8073
10.2126
6.12474
5.23497
14.7157
11.3394
6.87376
14.2864
11.2051
12.6752
10.8847
9.82498
5.06555
13.7739
7.56193
12.9901
8.72552
12.0486
13.4064
11.4568
11.8907
13.4489
11.1394
13.9617
6.71884
11.1716
10.3645
14.2321
14.6727
10.4212
13.9703
9.22811
12.4026
9.45373
9.71233
8.71671
8.06565
9.85573
10.2025
12.8208
6.25545
5.21354
11.0753
14.8715
6.74458
8.83227
10.1955
13.2084
14.8654
5.47396
10.0493
10.0409
12.497
10.593
11.6064
9.94422
10.2754
13.4869
7.46054
9.55315
13.7779
14.8248
13.2167
13.0291
14.7631
9.61537
11.2711
14.0893
11.3744
13.3953
9.87056
10.2043
12.751
6.19623
5.21367
6.73579
8.91266
10.1212
5.28544
10.014
9.82356
9.93908
10.0809
8.49039
14.8131
10.0084
14.5176
13.6067
12.8769
9.66062
8.76207
11.3192
5.84448
14.1112
10.7854
12.023
11.2677
13.0587
6.19092
9.99861
12.2918
13.7311
14.4263
4.34941
8.96119
11.8816
11.2708
11.9713
6.52903
8.74271
9.69467
11.0707
10.5155
10.9752
14.6172
12.3489
5.70154
9.53736
13.236
5.74949
12.304
11.848
11.3353
14.6818
5.64788
14.6043
11.9163
8.24604
12.3453
13.7937
6.0437
8.74758
10.7586
9.91519
10.4264
10.7559
9.05149
12.1964
11.6969
7.72252
13.0002
13.826
8.14838
5.49471
13.7152
4.82514
5.13613
12.8953
10.457
12.8741
14.1995
13.0184
5.91204
7.4686
11.3725
14.5533
12.1789
7.51852
6.77356
13.8215
13.1242
7.54964
12.9603
8.92583
12.4416
12.6746
8.238
11.8259
14.6284
11.537
13.5828
10.1203
11.4407
10.2564
5.81207
12.9387
8.97886
13.4117
12.391
8.96979
13.735
12.1026
5.90853
12.0379
10.827
8.29234
11.9171
7.2865
13.9419
10.1355
10.5448
4.55042
12.4234
14.609
12.2827
5.31771
12.7906
13.3586
10.558
14.2808
11.5851
14.6812
14.1343
12.9887
13.1714
7.48259
8.55951
5.98108
14.3829
11.1447
7.05657
5.51591
12.7938
9.55855
9.13419
6.59906
12.2674
10.1459
9.65936
14.5663
14.6037
12.0052
8.88048
13.2923
10.553
9.77989
14.8313
5.69918
7.32218
13.1742
12.7519
14.2691
10.1199
13.111
13.1026
5.6452
14.609
8.74175
11.309
14.5812
14.6209
14.8703
5.85511
8.73334
5.57088
11.4097
14.0558
12.148
14.6918
9.94409
13.3716
9.58725
10.9876
14.7891
7.05649
9.86961
13.6078
8.23932
9.97049
10.105
11.363
7.90785
8.81223
11.0114
8.83751
10.0974
6.2929
12.435
10.1285
5.81646
7.79349
9.63869
14.0647
14.9515
11.8713
5.03639
12.643
5.99245
7.95731
6.75285
12.3127
11.2869
11.3927
13.3615
7.06929
5.55322
6.46033
12.3037
8.31948
12.643
12.3668
5.9271
6.72271
5.67943
8.8608
13.8993
14.3895
11.1511
14.6874
9.43736
11.747
13.7354
14.5555
10.6631
11.5331
5.08209
14.0928
7.42478
12.5092
5.1431
12.0575
9.27352
8.26692
6.245
12.4373
11.7429
6.59196
7.09135
9.51952
13.6383
12.2315
14.3571
14.1303
10.3636
8.56682
12.1957
14.3957
4.67846
5.97043
7.67298
13.7242
10.0061
9.93503
10.9722
14.3035
10.6061
7.85774
11.8437
14.7245
6.94533
10.8374
9.66297
12.2855
14.516
14.1135
13.921
5.13818
6.13131
14.8547
11.2702
9.28451
14.8797
8.02188
12.2222
13.684
7.07161
5.43546
9.03351
6.09714
10.4192
12.3636
5.72555
10.7406
8.69529
14.3088
10.3545
11.4825
13.7911
13.9403
12.5298
10.1019
12.2155
8.50545
11.7565
14.5213
5.39241
12.6778
8.53942
13.8998
11.8614
10.4769
14.8905
13.4347
11.0681
10.3661
13.1669
14.0468
8.39942
12.1802
14.7611
11.6801
12.1952
13.6872
13.1541
8.97898
5.67547
6.61719
4.93606
10.4583
8.28716
10.7551
9.23659
9.45018
13.9125
8.53504
14.519
13.0035
8.94714
7.04373
8.68494
5.38898
8.92705
9.05358
5.16448
10.4612
11.4058
14.6971
6.08643
5.92068
13.6855
6.77444
7.06748
10.6027
6.18245
9.9557
9.32398
14.3035
14.9667
9.77676
11.7307
13.293
13.0431
11.0124
9.86624
7.96186
11.156
9.78836
9.31416
9.31029
13.7702
9.70847
8.88065
12.8526
6.54962
9.63242
10.286
8.01784
12.0518
12.2392
5.57816
5.12887
9.00697
13.7116
11.3972
11.175
9.08808
10.1407
14.7657
12.0151
10.5543
4.34905
14.3518
13.5145
6.68336
10.8471
14.4993
13.8141
14.0269
13.9171
5.92845
13.7038
11.5625
11.2602
10.768
12.3978
8.33482
13.6825
13.837
13.7317
5.90666
5.89688
10.7845
6.27927
5.08943
11.1659
6.65646
8.17756
12.6857
8.22753
10.7823
10.8411
11.1842
11.4422
13.0952
11.0909
7.25991
6.43969
8.81044
14.4031
12.7335
12.8757
5.43868
14.3316
9.87209
11.3719
8.98216
13.277
14.2954
10.6625
7.90009
12.9958
12.228
8.87375
6.90985
6.04755
14.0564
8.61217
12.2466
12.9844
6.25434
11.7465
14.6355
8.86139
12.0859
13.6092
12.2527
13.4406
14.7913
10.0972
14.8614
9.19711
14.1112
12.7335
9.19949
10.6204
10.0519
14.8711
8.86417
6.84365
11.1713
13.0006
14.3538
12.754
5.9988
9.36032
9.34515
12.9133
13.539
8.34665
7.63151
8.47845
14.0404
12.6596
10.2982
4.38676
7.88395
11.2667
9.73357
13.2404
12.1259
11.1293
14.5855
12.0956
8.14538
9.11562
11.7966
12.0025
13.0308
13.7453
12.3766
5.8714
8.58999
8.47033
9.97965
12.9757
9.02203
10.9206
14.8121
14.9198
13.7124
10.0521
8.02021
12.6658
11.5658
12.2383
11.8478
11.3122
9.79577
14.3053
14.5031
14.849
12.1703
7.10888
7.3372
13.4805
13.6532
9.19732
12.5212
13.7128
8.79932
12.7913
7.705
13.8744
10.7861
12.6294
9.92606
14.0885
12.9269
13.2663
14.4291
9.7506
14.5592
9.55687
11.1044
13.5637
12.0042
14.4628
14.3587
13.5628
13.9714
11.0162
14.5329
13.4274
13.5906
6.65974
14.4435
11.5095
10.8777
14.0848
10.8313
11.1062
13.2679
12.3145
10.6141
11.9885
14.6469
14.8021
11.5589
6.07639
9.82071
10.4372
10.6146
5.89175
12.4714
7.81579
5.69976
6.61669
11.6583
8.33404
9.22621
8.88535
10.3078
13.8055
5.17491
13.0957
13.8562
11.1115
11.1707
8.29526
13.051
9.37433
14.8314
12.3291
13.9105
6.52012
7.03092
7.45348
13.7719
10.32
6.79909
12.4178
12.18
9.72269
12.56
11.3569
12.9847
12.3541
13.1271
13.4081
11.2433
14.7259
10.4323
6.07112
9.97778
5.4758
9.96607
9.89525
6.58337
11.727
10.1499
10.9213
9.86404
11.8707
11.559
9.24123
14.6539
6.02736
9.24518
13.0996
12.7056
12.1387
12.5171
7.96964
9.59348
8.54087
5.07673
3.60871
13.3548
9.50742
12.9859
11.7807
12.9502
14.538
14.5358
8.55969
13.7243
11.8733
14.637
14.5449
13.4916
8.4925
14.9587
12.1178
11.9711
10.6521
14.4612
10.2448
9.3632
8.59702
14.959
14.0431
10.5366
11.151
13.558
11.2922
3.93878
7.75211
11.7834
9.89998
10.6132
6.02632
8.38405
11.1361
10.6746
10.9459
9.73761
11.0603
7.33846
13.918
10.7195
13.3588
10.0817
12.0687
7.98457
12.224
7.10169
9.63961
7.40477
13.093
13.8102
13.3227
14.8499
6.11339
10.6265
10.6534
11.2789
11.699
10.3405
11.6847
10.0139
14.3809
14.7065
14.2055
10.2542
9.88836
12.0282
13.9111
11.4693
10.9565
9.73428
7.024
12.627
13.7264
5.46468
8.94188
7.50558
12.582
5.4911
12.6296
13.7489
9.58104
13.5273
13.5099
7.30542
13.5515
12.8235
5.70004
10.8462
10.7325
12.2663
6.82835
12.5779
9.62305
12.7186
10.4204
9.99596
14.6035
6.5775
14.8499
11.7435
12.0548
13.082
7.89945
12.9948
10.8203
11.6039
14.737
5.18317
14.1434
9.90921
5.30398
11.3853
6.54831
8.58776
11.3552
5.82221
9.82058
14.9652
4.63386
9.79016
14.2042
5.20695
12.8558
12.7497
9.59678
11.3525
7.27198
12.1652
14.2575
11.9433
13.7754
9.14255
10.4565
14.4244
8.97186
9.18718
8.99047
6.51231
10.261
8.77129
9.97417
13.8138
12.5396
14.78
12.2567
12.9413
14.9114
14.1977
5.86058
7.16853
9.29496
13.1151
6.1507
13.4304
11.7089
9.50981
8.65749
14.7144
10.8461
14.4608
7.67097
4.3148
12.427
10.953
7.89703
10.0361
11.3579
11.9997
11.7878
13.3675
9.03745
11.5276
13.8162
13.1219
14.4562
10.0242
11.1479
14.0186
14.539
12.7479
12.1003
14.2374
13.1166
14.0731
5.80023
9.51287
4.96353
7.32627
10.4218
6.01421
7.16648
10.056
10.6819
6.4909
14.6262
14.0698
10.8719
12.176
10.1788
7.95825
14.8667
13.2769
8.92528
13.5014
8.60536
14.0132
10.6005
12.4918
6.03008
12.4127
11.9452
13.2757
8.79366
9.57366
14.1294
11.997
8.66165
11.995
14.5588
5.68703
12.9069
12.9687
5.15542
14.0015
14.9732
5.97524
13.6402
11.8237
14.3924
14.5265
14.1739
8.52976
6.99304
12.7673
9.68125
9.25568
8.48639
12.5195
12.8888
13.9421
11.2604
9.53078
12.9583
11.306
12.9734
14.4024
8.8316
5.63778
14.8765
5.63278
14.2636
5.05576
5.50822
12.0909
9.85365
13.4261
6.12707
8.908
6.4918
8.03719
13.6302
8.5729
5.21881
13.2482
10.5511
13.071
9.67426
11.7728
9.80355
6.21858
14.2523
13.4375
11.881
9.30687
9.72471
10.1344
11.2512
12.3875
14.3755
14.3385
13.5521
10.5407
13.9385
8.07481
6.72277
8.40845
11.1208
14.779
10.2965
12.0374
12.6591
8.56528
9.08315
10.789
13.2539
12.4277
10.3526
8.00067
13.4697
11.6114
11.0725
6.80175
10.7019
13.2038
11.4562
9.3198
13.555
14.6936
6.53463
14.0136
13.7815
10.166
6.14772
14.6363
11.1222
12.7511
12.3847
6.7147
9.6256
13.9405
13.1104
13.3847
12.1064
6.25199
8.14422
9.89651
13.141
10.1454
14.0136
9.98735
13.0861
5.52091
11.8822
9.21236
7.1807
12.1065
13.4222
11.5347
14.6878
9.31804
14.8083
5.38544
6.83527
12.4675
10.1381
9.51169
5.96875
4.49339
6.64476
8.76611
14.6946
14.8937
13.73
9.85138
12.6827
13.1888
13.2927
4.17118
13.1149
8.50602
10.1132
12.5734
13.9071
11.1477
12.9104
6.60136
8.48028
12.0638
11.2052
14.014
10.4839
11.4275
7.94255
13.9346
8.48772
10.3745
8.39833
14.3364
5.88993
4.68342
5.26234
12.2049
10.0537
14.424
6.28504
11.2733
10.7682
13.7179
6.2117
12.7127
13.7632
10.1946
7.08909
10.0209
11.2287
11.5245
5.53822
10.4839
11.5905
14.5667
5.9073
12.6672
14.0828
4.96623
5.26086
9.50502
13.8432
8.94102
6.55273
5.49797
14.1308
10.2868
12.455
10.0048
6.66109
10.2914
9.88967
8.4999
12.2914
12.1759
10.3943
9.70494
13.9782
5.56338
5.66274
9.88299
9.17844
11.9517
10.2893
5.99886
11.5388
9.94081
10.8597
12.9743
12.2388
11.8731
5.66165
6.35947
13.0531
13.1362
13.5683
13.8408
5.89155
9.17376
5.73613
5.84917
11.8957
6.86934
12.4035
8.42604
10.3387
13.9712
14.3145
14.7436
9.50664
12.7333
5.29628
12.4493
14.7151
13.3528
10.7381
12.877
11.5562
5.94305
9.50689
8.82744
7.57981
11.0864
9.69327
12.7216
14.5583
11.1549
13.0112
14.0678
13.1733
12.9727
13.9434
13.7817
14.5269
12.519
14.0367
14.1377
12.6241
6.47778
8.58658
8.84234
14.0025
14.3468
12.2944
7.6891
9.86117
6.08002
5.78437
8.88845
8.42285
14.8715
12.3495
13.5505
5.93576
4.17012
6.25437
9.34399
9.13984
13.7791
13.9751
6.46279
6.10002
11.4968
9.94586
9.64127
13.6806
14.8172
5.49735
5.02377
11.8086
9.61017
10.001
14.3227
14.0691
4.3157
6.14307
12.7684
9.62345
9.2735
13.8875
14.0556
9.04375
5.71371
4.9947
9.59372
10.6067
12.7569
6.95281
4.77099
6.40075
10.0011
9.11472
12.5328
6.23319
4.78927
10.3213
5.66249
5.24049
9.0401
4.72711
8.31076
10.9014
9.94268
5.82473
12.6284
9.9707
14.3869
12.2794
11.1852
11.8169
10.6349
14.1408
14.0147
12.761
13.2219
11.3863
10.1799
12.9537
14.823
13.5229
14.1656
10.9936
14.9581
5.77913
10.1943
13.6633
10.7226
14.6432
13.1199
12.8381
7.89657
12.4786
9.34153
14.8084
9.37449
8.645
11.6743
13.0431
14.4842
12.6332
13.3714
6.45666
9.87874
9.13263
12.1859
8.77102
11.5392
12.7369
10.1394
10.4477
14.9684
9.15934
7.08534
8.86938
14.219
9.14636
11.4121
13.4213
9.04342
11.3831
8.52211
12.2677
7.77621
11.6966
8.34577
10.5692
8.78151
9.38873
10.1508
11.634
6.02164
13.3061
5.30761
8.13001
6.10516
9.69212
13.848
6.975
13.981
12.2778
7.79052
14.1432
11.6971
11.8435
11.7927
11.9653
13.3686
9.32125
10.238
12.524
13.1944
11.7219
5.99626
8.60513
9.53009
11.2699
5.9967
12.7663
10.6634
9.72598
14.6368
11.0945
10.4333
14.999
10.4581
12.8319
9.49244
11.3834
4.7289
6.17201
13.7495
14.3314
12.3132
6.05317
9.79307
6.039
6.81132
9.00055
13.1473
9.4411
13.1305
10.405
9.51645
13.5094
14.1158
14.8707
9.20306
12.6946
12.5836
7.9274
11.031
11.2198
12.6283
10.0857
10.824
14.7758
9.53082
13.7638
11.7095
10.1351
14.111
13.1991
14.9347
10.8425
11.3482
9.99438
14.5383
14.0885
10.7391
13.7259
10.3324
9.47832
9.51791
10.4232
11.3196
6.11281
12.9818
12.1613
12.7204
11.7629
13.3081
13.4337
13.3063
14.427
11.7985
13.8991
14.4308
14.074
8.27638
10.0683
11.7025
9.4229
14.0628
12.4706
9.79573
11.9869
11.1216
14.755
9.87941
6.44466
6.06818
8.81292
14.2819
14.3288
13.3163
9.34454
11.7785
11.7668
13.1982
5.67345
14.4865
11.2254
12.8237
12.0568
11.3953
14.15
12.1314
12.6281
12.6276
12.0099
14.559
13.5618
12.9082
6.89085
12.3282
10.342
9.87951
12.8497
9.93577
10.8617
12.9841
11.1281
14.9291
13.0875
13.4041
9.68601
11.8728
10.9925
7.35552
10.9326
9.49313
11.6652
14.8981
7.79737
11.4332
6.17692
8.33015
11.0067
14.9331
11.4616
14.623
11.0751
9.51698
7.7925
14.7116
11.455
11.4764
12.6395
13.146
10.5379
7.29142
14.6163
13.4872
9.62363
13.177
10.8383
9.4685
7.00859
13.6881
14.6537
13.1717
12.1799
14.5455
5.14009
9.61537
11.9411
6.19287
14.5945
12.6504
13.2611
13.4769
10.4289
10.5247
14.1889
9.83761
5.61358
8.95177
13.0695
14.1477
11.3713
8.32577
14.9055
7.53297
10.4679
12.1269
14.6682
4.44275
9.9161
13.3154
13.8499
10.5034
12.368
8.58903
5.89316
13.5071
12.8719
12.867
4.76809
5.85931
10.0952
12.1589
13.6357
6.36249
14.7369
10.1134
10.1565
6.92236
8.86084
8.7859
10.7987
12.3116
12.492
6.31486
5.68681
14.9542
14.9042
14.459
13.9559
4.47907
13.6101
10.8578
5.29328
8.17437
14.6844
14.5102
10.6138
12.1123
12.8933
8.66835
13.0928
6.56703
13.7573
11.0339
13.1262
5.89154
9.89831
10.6641
10.4121
11.1833
10.6836
11.9555
12.97
12.1793
8.93255
8.51129
5.52261
6.79238
6.19417
12.4355
12.5299
12.4991
13.9416
9.57737
13.7132
10.6935
13.6683
7.7047
9.33644
13.2486
14.4545
9.77134
13.0796
13.9284
4.74284
12.5617
10.0698
8.10438
13.7786
14.6537
10.4676
11.013
7.46737
14.1433
5.73592
4.9232
7.55166
9.78004
11.2767
12.9458
11.2412
12.1875
13.4331
14.1662
9.37097
12.9201
12.1079
9.70903
6.02566
14.1193
5.01617
13.4344
6.2723
10.4585
10.4353
6.08055
8.35133
13.0009
13.4944
13.5785
9.27113
8.11654
12.6601
13.8598
14.4852
5.63155
6.01262
13.3858
13.9747
10.1084
14.3915
10.837
13.8367
12.2733
9.78153
10.7094
13.5475
5.81134
9.24447
14.2062
5.68831
12.1193
11.7246
8.14519
11.1767
11.7104
13.607
11.7837
13.7402
12.7061
10.3032
13.9565
9.44948
12.374
11.3692
6.26946
10.3426
9.27384
13.812
6.05837
10.7774
12.3636
14.1516
5.18386
10.0372
12.9211
14.9943
6.19531
13.0151
10.7953
7.643
12.1547
11.2271
11.4978
9.5102
10.5911
12.589
11.1414
5.55688
5.25519
12.6471
13.9221
10.4656
10.8552
10.7915
4.86674
5.59801
10.4743
13.9342
9.71689
13.8664
7.99368
5.02754
6.16991
14.7216
9.64304
8.49308
14.2631
14.5577
14.9509
9.65361
13.9973
13.5919
12.0973
14.239
14.7761
14.1037
4.83315
14.4938
7.17623
9.53192
8.8577
5.75741
5.28745
9.36356
12.4607
4.3726
11.1624
14.6665
10.8445
6.34754
8.15618
9.59027
12.4885
12.5628
10.422
12.9167
6.5491
12.795
10.0777
10.0829
14.1113
8.58707
6.43678
9.09951
13.4325
12.3015
14.6918
10.3471
8.79765
9.19702
13.1514
13.5751
14.5761
12.2424
14.2436
10.5953
10.0685
11.6937
9.39436
13.7243
8.4726
14.0588
13.1334
13.8895
9.70212
14.6632
14.1331
11.2667
9.53335
14.2976
7.53488
10.2323
9.73344
10.2081
11.6504
13.0621
11.649
13.9382
8.37538
11.5932
12.7361
12.9235
6.00993
11.2098
7.84287
11.5763
4.716
10.6428
8.88159
11.0458
7.24052
13.8075
6.19415
14.5935
9.01563
13.2981
10.1577
5.42565
5.75159
14.3732
11.4668
12.1722
6.45659
14.0768
9.46717
14.1188
6.74552
8.56699
9.80347
6.54038
14.4287
14.4381
9.2723
11.175
14.6702
12.1371
14.6637
12.5736
9.11776
12.5379
11.6466
12.3884
8.91185
14.1752
11.0457
9.98579
14.7694
13.3868
13.0548
11.3421
8.41631
8.5688
6.75306
12.0477
9.80658
9.85748
6.01437
14.6346
14.4295
10.3346
12.4694
6.01068
7.77295
7.35206
12.5076
12.3896
5.83922
11.9462
10.7556
13.5903
14.3403
12.5917
13.2279
14.6864
9.96702
9.34223
6.34765
12.6297
12.489
14.2594
13.6492
12.914
13.2297
12.2049
9.51217
11.5267
9.65463
12.4355
14.6296
13.968
10.1027
13.4859
11.6227
14.1795
12.0498
6.09874
11.3894
12.6775
12.6526
5.65922
8.25236
10.0799
12.7003
5.88422
11.3187
8.52399
9.42826
9.75851
10.0319
10.7503
10.2497
14.3146
14.0236
10.7977
10.0404
10.0713
10.0938
14.6244
13.2949
5.52857
13.0456
8.67055
9.97549
14.5423
14.518
12.5346
8.43723
14.2367
5.13569
12.4766
11.2375
10.6112
11.1018
4.42796
12.0653
13.9133
9.26074
7.31478
5.61106
9.64772
9.30744
7.84352
5.18386
12.9227
9.20592
11.7094
9.27776
11.3022
7.33279
12.2849
11.568
10.5647
12.2629
11.161
8.65049
11.2482
14.1545
13.4118
14.5581
14.8542
9.28278
11.9083
11.764
12.1697
11.1125
14.9913
14.7674
13.8588
8.35629
6.20513
8.14905
14.7627
14.9843
5.48878
11.5513
11.115
10.633
12.009
5.49767
13.495
13.0348
9.97686
5.63396
12.9023
5.59745
11.7008
14.4592
14.919
12.874
8.93388
5.51145
13.4247
14.6687
12.1387
10.3926
13.4551
14.6685
10.7244
10.0023
14.8895
9.50638
11.0573
13.1294
12.8724
9.65564
12.4054
9.61704
11.4757
13.763
9.72098
9.41661
9.66392
10.903
11.1011
6.17908
14.7661
9.79009
8.33622
14.2847
11.2848
12.8022
9.39785
8.21237
10.4382
7.24426
5.7171
10.7881
14.0643
13.7192
9.48957
10.7925
11.7099
8.35762
10.9668
13.1204
10.4762
6.00572
10.0361
6.36563
10.3356
5.40232
11.5441
11.2672
8.24142
10.3473
14.6267
5.49784
10.4461
5.04055
11.9371
13.7043
9.96484
11.4187
5.7766
4.63923
10.5029
8.38748
10.8185
14.5223
6.3999
6.26932
12.8332
8.97782
10.7334
13.7991
10.5229
14.918
6.63942
12.2312
14.0732
11.045
12.3944
10.8287
5.9185
13.4282
5.22971
7.12383
14.3863
12.9421
14.1579
11.3861
4.37899
12.184
11.8113
9.69215
9.90033
8.62637
14.2813
14.4474
12.7549
12.8624
12.0428
5.27652
12.5721
10.6576
12.0366
10.8764
12.3468
12.8747
12.7996
5.79327
10.3661
13.1262
7.27472
13.389
12.5844
12.3586
8.54632
6.53286
11.9295
12.8188
10.1341
9.45277
9.58713
10.3633
11.1771
10.8017
14.476
11.3182
13.2747
9.50517
8.72993
10.0864
7.74401
10.8412
13.0819
9.29659
12.34
12.7064
13.5164
8.90295
9.23315
7.08858
11.8388
9.90998
9.8198
11.8579
6.8713
11.5595
10.124
9.98636
12.2097
9.77873
6.68513
5.77919
14.5651
10.4792
12.3602
14.4798
14.3476
9.0166
8.68251
8.646
13.9897
9.27665
12.2721
9.8932
11.9145
9.41678
10.2534
13.1937
6.34421
4.70585
10.4781
5.67044
6.4698
13.5741
9.75209
11.8009
7.85503
11.1161
14.6597
11.3414
12.3575
14.2905
13.2343
14.4574
10.1381
6.54627
5.67955
10.8562
7.74216
11.7542
10.389
8.4948
12.1225
10.0612
13.6297
10.1281
14.4566
14.6459
12.2872
10.0617
7.4242
13.5187
5.4005
13.8215
14.7178
10.1167
11.3703
11.4465
14.1439
10.728
9.24759
6.45237
9.90938
10.6409
14.8485
11.9674
14.9474
13.5577
13.0469
14.204
5.42282
5.10287
12.384
11.8316
5.49087
12.602
10.4298
14.6869
6.32521
10.269
6.29245
13.2523
5.51273
6.47028
11.6238
6.95359
13.1851
9.068
9.87714
11.4564
13.0322
7.77293
14.0341
7.55153
13.779
11.6519
5.40694
14.2497
13.5794
6.72119
12.109
10.5198
12.6687
13.9366
5.49022
10.875
6.80794
10.4002
14.8361
12.6143
8.54218
11.9632
14.6235
8.72625
12.9568
12.1142
12.0046
8.60104
14.7868
13.9155
8.83962
9.98524
12.5955
14.4655
9.35499
14.9302
8.72082
14.1297
9.70188
10.8202
10.2354
11.8824
9.91347
5.50338
5.12107
13.3386
10.7243
13.9284
11.1858
13.6725
12.0222
14.2881
10.8089
10.7868
7.10046
7.10494
7.31324
10.1002
6.10103
6.46673
9.6846
14.0652
12.5205
10.3408
11.8719
9.29987
13.982
10.1873
6.2651
7.12884
13.4112
11.6512
9.84024
12.0573
6.41402
11.0289
9.90065
13.0887
9.50564
8.12232
12.1589
13.8656
11.8302
12.9337
8.21253
13.171
13.0365
6.74761
10.1831
14.002
9.16926
6.87188
14.7154
14.367
13.9585
14.385
12.1467
6.54058
13.3053
5.66023
5.94769
8.66348
12.1112
9.10164
11.4716
14.4482
13.2593
13.1338
12.0951
13.6555
10.5844
11.5631
6.86705
9.08041
13.8696
5.76478
12.9112
12.2363
14.3687
9.58633
13.3222
14.1123
14.9326
9.93677
11.7186
8.86656
5.26328
12.5352
5.38618
9.05586
13.569
10.3172
14.2803
12.9744
5.28753
10.3374
7.52555
13.5887
14.3389
10.4326
14.1745
5.99301
5.57692
5.23946
10.238
13.3921
14.5437
5.28251
14.715
10.8426
14.3234
8.64136
11.898
11.9641
12.0728
9.41637
8.81931
12.0911
11.4543
9.16524
9.98748
13.8978
11.4009
10.318
13.6742
12.8562
10.6915
12.1519
5.10527
14.3437
10.5674
13.3038
7.78557
8.86025
13.6239
6.93365
13.9421
9.33049
14.0674
8.4312
13.9217
14.426
14.6129
6.0303
10.7205
13.5473
11.6356
5.47825
14.3876
14.9437
11.7233
9.35812
12.8376
14.8069
11.9137
12.8332
14.0375
14.593
11.1851
13.3854
10.6062
4.26906
10.5233
12.4793
11.4229
5.05978
5.9373
9.47539
12.1315
12.6222
13.2469
12.4765
11.3536
12.9893
13.9612
12.0896
11.8905
5.96495
14.8544
13.3047
11.0251
9.56198
10.4072
7.29324
14.7118
13.7783
10.7728
10.4306
12.1817
13.2016
13.7073
14.2704
12.6752
6.51377
5.97954
6.04731
10.3807
6.64285
14.8928
9.45643
14.9541
11.4638
10.8401
9.8589
14.366
13.1414
8.69
10.4179
14.633
10.9102
12.8532
10.6219
12.835
9.16352
7.0151
12.9939
14.6952
9.44255
11.2186
10.1138
14.586
8.91266
10.7287
12.9153
12.4606
7.44553
14.4889
13.6837
12.5646
12.9078
9.63708
10.9758
6.84641
9.69506
8.55255
7.69611
10.8295
11.5952
10.3065
12.6379
5.03377
13.357
13.6684
10.283
8.05664
11.7045
12.4998
6.23638
13.626
13.341
7.47958
8.50474
8.38792
13.6242
13.9376
10.2383
12.3141
12.8164
13.6826
10.7637
9.26811
8.99756
7.34218
14.0656
11.228
8.77475
11.7263
13.341
10.1211
13.0678
12.0682
8.7385
6.19469
12.177
12.0737
10.3491
8.83502
8.60922
7.82094
10.5776
9.00844
9.77745
6.24004
14.9187
11.3407
7.18812
9.1677
13.1633
12.9105
14.5817
6.17007
14.6855
13.0722
5.58207
10.7772
14.2163
12.0806
7.67568
10.0212
8.65751
14.9646
10.1918
11.1951
9.6325
6.52252
10.0021
11.6486
13.1139
12.736
14.3277
13.5266
13.8033
13.8744
6.03395
12.3983
13.0091
12.2618
13.1738
7.76151
14.8544
7.83186
14.875
14.1045
13.0868
13.9026
14.8027
6.35237
14.4183
14.4503
13.8969
11.4374
12.1708
13.2421
5.02599
14.2383
11.7877
12.7489
7.34305
5.28916
14.6008
4.97108
13.7985
8.70365
9.94254
9.0163
9.72328
8.89141
7.3277
9.53406
5.81549
9.41577
10.5104
6.3832
11.8558
7.88572
12.3063
9.93202
9.45049
14.9922
7.58577
10.0223
10.9033
14.9137
9.73291
12.7956
10.2465
14.1373
10.7688
6.53398
14.1453
14.7269
13.5716
14.2586
8.91037
13.0051
14.9759
12.5794
10.5375
12.6883
14.6447
10.4794
11.8029
8.12817
10.2745
5.651
13.0805
8.60293
11.1666
14.5933
13.2262
5.63607
11.8851
10.09
6.58781
12.694
5.39661
6.54003
10.5379
7.30555
11.755
14.2248
11.2089
7.61195
7.59526
13.9615
13.282
12.1799
8.48809
5.15034
10.962
6.91372
12.2473
13.3452
14.0058
14.05
9.25231
12.4214
14.1768
6.16725
8.04077
10.8192
10.5929
10.6546
8.71439
13.9651
14.3447
13.5296
5.97138
9.0889
14.3219
13.5645
10.9889
11.5764
8.92436
6.84251
14.4989
12.9837
11.2
11.0753
11.9858
11.6515
14.3398
10.8954
7.5729
5.58653
12.2943
12.5066
14.7772
10.479
10.1265
14.3774
13.0383
13.7292
11.6224
6.73009
9.33296
8.51408
11.9439
9.86607
10.9865
6.95307
10.0991
10.8953
11.9024
11.5396
14.2296
13.0364
11.7609
9.47896
9.04402
12.8018
12.8426
10.5932
13.1589
9.72262
7.06902
11.773
5.71049
6.81484
7.5626
13.6296
4.63524
8.28514
11.195
14.2081
7.71124
9.75058
10.0089
14.8905
7.4204
6.90476
11.0663
13.6685
9.55282
12.8238
9.04283
9.28577
11.3587
11.7914
9.4973
9.08215
9.21591
10.4714
4.93461
10.0992
6.02689
14.9256
11.3095
12.8765
14.8373
4.71363
8.2706
8.76546
14.9509
9.21891
13.7061
10.383
10.1551
6.06036
14.3969
13.5339
13.4702
10.3255
7.95486
4.5913
12.5074
11.981
14.3423
12.2383
14.905
11.0117
8.9601
13.5727
9.78789
6.67754
12.7649
11.669
14.0051
14.6022
11.9058
14.9192
13.7111
14.0603
11.0848
14.8415
13.1595
10.8503
12.017
14.6769
11.8509
12.9924
14.6564
10.6725
12.0689
11.9336
13.1066
13.082
14.1915
13.9131
13.9591
13.9371
12.683
8.6913
10.3854
10.1377
11.7798
11.3378
12.3096
11.1009
9.43907
9.74732
13.1553
14.6621
9.23381
10.9589
13.0929
12.0032
14.0341
5.82863
8.12526
11.4041
12.9274
12.7333
13.1436
13.1843
13.6833
13.2805
8.55572
11.7643
12.2299
12.6392
11.9227
8.99319
6.87374
6.96307
12.376
9.98329
9.59832
11.4074
13.4155
8.93288
11.665
6.01449
14.6697
12.0737
11.261
5.23358
14.5908
9.75991
11.2035
13.416
13.7315
11.4397
11.854
12.6393
12.1472
4.61775
13.141
8.92907
14.1907
11.0635
6.66468
8.94196
8.17363
10.9079
12.4779
8.44396
13.8898
5.89006
8.5836
10.4767
5.29098
5.72197
12.3474
11.791
14.1859
4.80608
11.2045
8.77202
9.58404
7.20272
9.91509
11.6803
13.8919
8.86052
8.98712
14.2121
14.7092
12.2971
13.4458
10.6856
11.027
10.5649
6.29308
9.69422
9.42821
11.3405
14.2837
14.9033
13.1493
10.6814
10.5238
9.76873
12.3789
11.8459
9.84102
9.35905
9.9234
14.2537
9.32882
11.1803
14.5874
9.39018
5.65429
12.9935
10.5038
14.2554
12.9412
6.76832
7.76672
13.5137
10.1822
14.3427
9.47474
13.2829
8.8509
13.8052
14.9485
9.80553
10.088
13.3425
9.78723
13.9023
13.1634
10.255
6.11926
9.68158
12.1757
10.8975
14.7039
14.6363
10.0791
11.891
12.3474
10.3134
6.68163
13.0166
13.5805
10.5086
12.2809
11.8935
9.34807
13.6553
6.36713
13.7743
7.74785
4.51815
11.0576
7.49503
11.0235
10.119
12.0343
14.4257
9.52553
14.884
10.6085
5.25753
14.4612
12.7949
7.32974
6.59219
11.4219
12.0566
9.95027
13.5746
9.1643
14.2866
5.82899
14.4974
13.1883
8.97559
14.15
11.8426
10.8275
12.2163
14.0996
10.56
9.72406
13.5188
12.0097
5.31049
11.7361
12.1805
14.8445
14.5928
9.01602
13.2981
10.1573
13.4892
8.17898
8.42872
10.7989
4.33305
11.9651
8.27366
13.1419
10.9396
6.04459
12.1687
5.99211
14.068
8.83589
10.2558
10.5534
14.3345
13.275
12.986
14.6922
10.5734
5.79205
9.13406
12.4133
9.31015
9.02189
14.0874
13.2965
8.11358
8.24119
9.71643
11.7713
13.6764
10.1955
9.83697
10.9477
14.5587
14.9445
9.19345
12.7495
9.13888
5.57499
12.6337
8.89031
9.5291
13.2847
14.9295
14.5794
12.2578
13.9979
12.6742
13.7531
14.4451
14.0825
10.4598
7.45904
12.6993
6.22455
12.4524
14.8344
13.4755
11.8418
14.8473
14.5279
13.7232
14.2975
14.0032
9.74716
7.46831
14.5846
13.241
13.928
5.24547
7.20019
14.8755
13.61
9.80647
12.878
6.25259
12.9947
9.8056
6.87415
12.1248
11.5818
13.7072
7.28021
12.6256
9.92035
9.79249
13.9215
10.7294
13.8223
7.97792
11.0061
8.57318
12.8754
8.12676
13.0966
13.2751
7.18321
8.94952
12.4367
13.7867
9.49443
10.0539
9.85835
13.3069
12.0438
9.74607
10.1879
10.5098
12.7978
13.8282
14.1312
14.9476
14.0342
13.4106
9.82443
13.9995
13.5795
8.36073
4.69243
14.5804
14.0749
9.86024
10.2084
14.9833
13.0833
12.8625
6.42554
10.048
10.6982
14.5519
13.5036
10.6206
13.4247
12.0084
6.40759
8.75912
10.0105
9.83572
10.0423
10.0032
12.5542
10.7259
8.84509
10.2078
11.1044
8.20949
11.3225
13.8983
14.6722
12.5106
9.09603
11.5141
9.77575
14.842
10.0935
9.91886
13.1713
14.5412
14.442
14.1646
14.6598
8.77192
7.84327
11.8305
8.00062
12.4166
5.42729
12.1489
13.2586
14.9982
12.0593
9.49797
13.999
8.99735
9.96182
13.4997
14.9807
14.6036
10.9903
11.8145
11.2189
14.5682
10.078
5.45345
9.82061
13.216
9.87964
9.65907
5.89931
5.60689
9.1958
8.46543
13.4505
11.9162
13.5141
5.85739
4.00418
5.78092
9.19455
8.68458
14.0756
13.085
13.55
5.78151
5.56113
10.2059
9.32231
8.88959
12.7441
14.7254
5.56391
4.71729
10.2984
9.08186
9.76265
13.7067
13.9695
4.86834
6.28343
11.9607
9.57446
9.63223
14.0349
14.5979
8.26095
5.40807
4.76918
9.22623
11.0395
12.3433
5.77606
4.48788
6.08705
9.34229
9.43742
12.0649
6.33335
5.44895
9.87561
5.43215
5.8169
8.31493
4.64248
8.82426
10.3362
9.1367
5.14761
12.329
13.9912
7.07807
12.9423
12.4431
5.66031
9.83712
13.3193
10.6153
8.5537
6.21928
11.3897
9.79221
10.2096
14.5763
11.5933
8.43092
9.87825
11.82
14.5639
10.3317
12.2429
10.6988
11.9035
5.98368
13.0109
12.8853
10.1048
9.87515
7.05441
6.15673
11.2655
14.1748
14.9139
11.6333
11.3014
13.0456
11.7937
9.55382
9.68208
13.9513
12.6853
11.1428
13.3225
9.16731
12.9363
9.33328
13.5938
13.6049
11.5386
8.80838
13.9455
11.8221
13.487
6.4223
12.6929
12.4003
9.73097
9.72251
9.30007
13.7975
13.6255
12.9442
11.6025
8.6316
11.1369
14.432
10.5694
13.6401
13.4469
8.79028
7.84111
5.54057
14.9071
9.59591
13.8258
7.43419
6.63247
11.1242
12.3518
9.65891
8.11391
8.64138
11.3203
10.22
6.32781
4.41737
9.70595
10.0344
5.09208
7.89797
8.94864
13.5367
12.7269
11.1581
13.0318
12.2548
8.76546
10.2907
11.7376
8.45604
12.2875
9.09593
10.3194
9.33273
10.6941
6.18186
10.6495
11.6723
12.4891
12.6987
11.3646
11.148
12.6779
5.03122
4.91058
13.2954
13.6946
10.2476
11.7327
9.47602
13.0601
12.0335
8.62412
14.3118
6.33231
13.8907
14.1356
11.6507
9.86424
8.57368
9.63908
11.6007
10.5411
9.93309
8.78833
7.19358
9.75313
6.87538
6.30234
8.36219
12.6919
9.74668
8.44839
12.1617
13.5487
14.8903
11.3198
11.7983
13.9363
14.5674
13.6746
10.0939
13.5136
8.47228
12.1361
5.41853
5.4196
10.3464
14.1277
5.17036
6.25305
14.7472
14.8782
11.4683
9.1123
11.4915
5.49727
10.0348
13.9452
8.23673
11.7401
10.1582
14.6746
8.72648
14.8813
14.5204
10.6541
10.3211
13.9336
6.26788
13.8431
8.41491
5.98538
10.1104
9.73559
6.68319
10.4605
10.6466
8.32325
10.0869
11.5033
7.38668
8.53127
11.5239
11.7804
13.929
13.8542
7.18811
13.3193
13.3607
12.4459
7.83512
8.94291
9.1447
11.8028
14.9288
13.9944
12.7912
13.2252
10.3621
14.3884
10.7512
13.7859
8.71821
12.5779
7.12384
9.98637
9.39046
13.8991
12.2498
8.49759
7.33001
12.4832
9.07584
6.08533
10.1933
4.07403
14.4842
10.2504
13.3506
14.1942
8.08742
5.3236
14.9608
10.6276
9.2519
5.98245
8.40578
8.74039
11.3836
13.8121
14.3175
11.0104
9.23438
13.715
12.769
9.87477
10.5797
13.9512
10.2246
9.60332
8.93438
11.1044
7.54226
11.3848
12.9862
12.7378
9.54417
13.8691
14.5613
12.399
13.9493
13.9082
9.92367
12.4036
14.5866
11.2291
4.6082
13.302
12.4398
13.1233
10.9003
6.35007
5.91738
8.37022
12.3053
9.33834
13.1794
11.7933
7.79679
9.81592
5.5852
12.2925
11.4842
12.4316
5.83833
14.3978
7.11475
13.8195
10.6522
13.7178
11.4275
14.539
6.80461
8.24841
11.7702
12.246
13.5471
7.2345
10.1037
10.7883
10.4416
12.0901
11.3843
11.6495
8.50161
5.82578
12.5743
13.4169
4.2944
4.51502
9.61654
5.72659
9.80876
11.5121
11.2663
14.7406
12.3188
13.9752
6.47013
8.85348
12.3533
9.79772
10.5745
10.6814
14.6876
12.6826
9.01099
13.4601
11.888
12.6337
11.0093
10.2416
8.2902
9.74683
13.4609
6.24918
11.2786
10.3731
14.041
14.5346
6.44413
9.37078
14.1795
12.0431
14.106
13.0287
5.04477
9.88396
12.7602
5.40231
12.5218
7.95643
7.04742
9.52096
6.053
13.8673
12.9619
10.5601
4.36052
14.4468
12.0451
13.6984
14.3151
8.47278
5.87915
10.3595
11.6705
8.81941
6.2756
14.4054
13.9055
8.39781
13.0143
14.514
9.80726
8.6995
6.16204
12.0559
10.3855
5.05422
13.4924
13.9163
8.04264
12.9923
10.562
13.8298
13.6165
11.9851
7.95574
13.6449
10.9597
11.2177
14.8453
11.2892
12.3558
9.21306
5.12239
9.64129
8.58572
14.2593
12.4367
13.9499
14.2436
12.9476
11.6845
9.55509
13.5741
12.5733
13.7238
8.65205
11.6812
10.1131
7.28623
7.15256
10.3078
10.8381
11.6132
5.95509
6.32527
10.4786
5.79003
13.0547
10.733
9.52727
10.3638
12.9695
6.33742
12.5782
10.2604
6.43519
14.7616
11.8597
14.7273
9.07476
9.8717
8.26855
11.5146
11.9658
9.96392
13.1788
8.17444
10.547
5.51299
13.2191
11.9143
9.53896
5.19106
11.75
8.05112
5.63588
6.36816
9.25372
9.07772
8.55018
10.5813
7.87039
10.3145
7.00267
10.0163
12.1855
14.1317
8.41858
11.6287
11.6775
12.498
7.80742
14.7525
10.5064
14.763
13.9961
10.704
11.329
12.6535
5.90532
12.7721
8.39501
9.15877
13.4465
5.35869
8.19894
9.94827
13.6775
14.1649
10.9375
12.0294
11.2177
13.9406
8.71214
7.2457
7.69623
14.3436
12.1652
12.6744
8.6494
12.182
7.92059
13.5903
6.15583
10.2339
10.8249
13.0366
14.3821
12.8089
11.5007
14.1176
13.7409
12.3406
12.9086
9.87107
13.5176
7.59134
9.83907
14.016
6.03309
9.03291
14.0965
10.32
12.0062
10.6132
9.87907
11.0994
13.5191
9.67872
10.7494
14.4658
7.21769
9.126
12.6337
10.4337
14.1195
8.72835
10.806
14.1226
10.8388
6.54395
10.1475
9.76602
14.226
12.0386
6.09029
10.0418
14.395
11.0423
10.1252
11.971
14.8282
11.8041
5.00877
7.16765
10.7267
14.5868
11.3374
11.0852
11.6659
14.8893
14.3671
11.8787
6.30738
10.2869
14.7485
12.8657
10.4017
14.094
13.0513
13.0561
14.1915
10.7982
11.7538
5.61884
5.54921
14.5443
13.0859
10.1519
9.94266
6.68441
10.2698
8.93104
11.9989
14.892
12.7905
9.56144
9.12527
14.5351
8.38924
12.1123
4.87595
12.3052
9.48764
12.2716
12.9999
13.2231
9.8721
12.772
5.92141
4.34773
9.4302
13.3525
7.61835
10.7067
8.45441
13.8426
11.482
14.531
12.6751
13.4831
12.4345
5.3242
6.26542
12.3993
11.4997
12.2006
12.1801
6.60637
6.44531
8.91336
12.5138
11.4129
12.3665
12.655
12.3885
13.4717
12.2866
7.98862
9.57997
8.78042
14.9474
9.52093
13.6333
12.0738
9.69178
10.1328
12.5794
10.1595
10.1971
13.6904
14.5418
12.5698
12.2991
9.66244
6.72472
8.53044
13.3472
12.525
12.485
7.16592
9.74049
13.3181
5.15429
13.3494
14.9316
13.3547
13.4985
4.71674
11.2034
13.8752
5.20094
5.48408
9.37045
13.1367
13.7438
11.2147
13.5033
10.6789
8.33325
8.58807
6.47191
14.624
9.96966
13.7797
11.357
12.4362
9.45844
14.0531
14.5417
10.6827
8.27733
10.9137
14.8751
10.3256
5.47381
8.68197
5.3826
12.7009
10.0505
13.9926
11.3158
11.3349
9.42326
12.8004
14.2662
10.259
12.5999
10.1281
9.46212
13.0856
10.3475
12.4122
12.7151
10.629
12.3016
5.77575
11.898
14.3054
14.6642
11.4535
13.0885
13.7139
14.999
13.1952
10.9916
8.28439
8.05191
11.9723
10.2169
12.9952
11.7794
9.13639
9.27263
12.6577
8.24849
6.36962
12.9421
12.1482
12.0654
10.8009
13.4174
14.0232
11.6816
10.7916
6.48407
14.5496
8.50396
14.394
14.3739
6.74555
14.9946
8.74452
9.05213
12.3718
7.45805
9.83797
10.6663
14.5096
10.5967
9.80406
10.274
5.80327
13.8246
6.50286
8.46755
9.88734
11.4077
10.6374
7.905
10.0082
14.3693
10.6299
6.42193
8.84007
4.29583
10.7563
4.97257
9.93315
9.8752
10.3164
11.0075
13.2362
9.21003
5.26574
10.1516
5.24092
12.786
12.6662
13.287
14.0108
5.51123
12.6505
6.12558
12.8714
12.2353
12.7062
11.6434
11.6674
5.01955
9.29032
14.985
14.9427
6.48559
14.0187
14.6001
14.8912
8.02974
12.45
11.1414
8.30028
10.4551
8.07563
10.358
13.4442
9.33021
12.8903
14.9486
5.7515
8.88202
11.5126
14.1965
14.8981
10.0408
8.68184
12.9415
12.0249
7.31217
6.98689
6.53898
9.54616
11.7033
12.6674
10.0727
5.99525
6.97234
8.95812
11.5226
11.1721
6.63949
11.9113
8.93941
9.54634
7.61221
5.84375
13.5142
14.8609
8.17917
12.4552
7.80585
13.9059
9.97077
9.16876
12.2933
14.4043
14.2042
7.99276
6.31902
14.351
11.4745
13.3971
8.27128
10.708
13.6875
11.3318
13.4831
11.0488
14.0033
9.82051
12.2841
9.5473
8.84674
14.9027
6.43337
10.317
14.9062
13.2238
8.6776
13.4972
12.6437
13.648
8.67459
10.3017
8.08804
7.40034
11.5017
11.5364
14.7721
14.1558
11.4082
9.14239
13.8176
12.8485
8.39944
6.86708
9.06356
4.99627
14.8655
13.369
10.5338
14.1274
9.09578
9.02184
13.1539
7.13419
14.967
14.3262
13.0919
13.1401
9.42271
5.97181
13.9662
9.84784
5.13846
11.2435
11.0561
4.88599
7.99292
9.32829
6.25876
8.67468
6.54609
10.2547
12.4011
14.2046
5.99651
9.67356
10.0318
5.8605
8.03142
14.5081
11.0579
13.8548
11.7076
13.1561
10.453
11.1996
8.54813
12.9747
9.03334
12.9632
12.2551
14.4456
11.4742
5.60961
13.8286
5.51433
8.45111
12.7417
14.4098
13.9946
8.25185
12.8801
8.31612
14.408
11.4835
8.62939
8.7874
6.14599
9.9393
14.9947
14.0843
6.34278
5.84777
5.90498
10.7767
14.5804
10.0744
5.97691
8.36695
14.0285
5.92344
13.8273
8.43331
10.3492
10.1377
11.5704
8.12422
14.9538
8.91423
12.9981
6.05496
7.49939
9.73366
10.5594
14.2348
12.9491
13.2914
13.2195
10.7496
6.43357
11.2259
9.21525
11.9566
9.44907
12.7432
9.99695
13.5586
10.4225
12.7183
8.64545
14.6998
10.5879
12.3677
10.3217
5.37495
14.2735
10.5143
5.43051
7.58071
12.4959
14.0169
10.7743
14.0692
10.3353
14.9705
12.6659
9.22157
13.9134
12.2027
11.9379
8.95118
12.374
10.3081
14.2856
13.5965
11.6841
11.3697
6.05913
10.3217
10.002
11.6393
14.9725
14.3106
14.0713
12.8681
12.2873
11.7702
13.6957
9.66506
4.45496
6.16351
9.70753
9.46546
13.61
5.23906
9.5326
9.77152
12.8341
3.98344
14.9702
5.83406
14.4304
7.83031
12.5738
12.5136
7.66039
14.9192
12.3936
14.8576
11.8291
13.5917
8.98813
12.4991
7.03018
8.4788
10.1771
10.8624
13.4698
13.3693
12.0408
9.89064
10.7778
12.1737
14.0143
9.80101
12.7038
12.6013
8.78683
9.47387
12.1179
9.34623
11.5419
6.35301
12.3762
10.3741
10.3786
8.34041
12.5238
13.1253
9.417
14.1425
9.62694
14.7446
8.3439
13.1752
11.9746
10.1384
13.3385
7.48534
12.4255
13.1411
14.8288
12.4439
13.7587
7.0186
9.98779
9.21097
7.59109
12.8664
5.50283
8.24418
8.325
10.1267
8.76056
10.3568
7.66521
12.3157
7.41141
11.6943
12.3497
5.89285
8.7092
12.1941
12.5333
10.8821
11.5362
11.8902
5.02009
12.8094
14.5124
11.6448
9.71181
12.3939
11.6142
14.3419
6.38339
9.1032
12.7802
11.7013
7.41071
14.2077
6.29256
12.5051
14.3041
6.11946
8.89565
6.14837
14.757
13.4284
12.831
4.40206
6.86718
10.3946
10.4331
10.4281
9.86007
14.2058
10.7621
13.5479
14.8064
9.89026
12.2584
14.2052
14.0176
10.8404
14.0781
12.6405
4.71431
14.5535
6.053
11.2004
12.6136
10.0007
13.9017
14.8579
14.7799
12.4534
4.31203
11.5467
11.8332
10.1748
9.49234
10.42
5.96168
10.5453
12.7826
13.2502
11.9143
7.90255
5.92115
12.4982
8.98755
4.82625
8.63141
7.85906
8.64687
9.54682
10.2437
8.51956
10.4612
13.9114
7.03832
7.69999
9.67157
7.55056
10.825
6.12814
10.313
13.1737
5.09405
8.55209
11.1534
13.2268
14.8213
4.60587
7.75252
9.2768
10.7536
7.07338
9.99892
13.4526
9.89502
8.98635
12.1913
8.67722
13.428
14.9683
11.6686
9.08618
9.86756
8.54131
5.55376
7.42946
9.90333
6.12539
6.24858
7.6077
9.89286
10.4012
10.6585
11.1076
8.32858
9.86212
10.3699
7.90761
14.9181
14.6079
11.4598
10.4813
8.16735
8.62787
11.8473
6.58393
11.1789
5.48564
14.3503
8.13269
10.6685
6.3076
8.61604
8.9874
12.1372
13.3379
7.01151
8.17519
8.87761
14.5737
11.047
13.3699
13.2289
9.08493
12.8628
11.7651
6.86667
11.6779
10.6817
13.9203
14.4169
14.9494
9.40675
6.94741
12.5008
12.8558
11.5511
12.4071
14.7379
7.14607
5.63671
12.0985
5.0826
12.9718
10.4783
5.87235
